# Avida tasks data
# Wed Apr 12 21:55:22 2023
# First column gives the current update, next columns give the number
# of organisms that have the particular task as a component of their merit
#  1: Update
#  2: Not
#  3: Nand
#  4: And
#  5: OrNot
#  6: Or
#  7: AndNot
#  8: Nor
#  9: Xor
# 10: Equals

0 0 0 0 0 0 0 0 0 0 
100 0 0 0 0 0 0 0 0 0 
200 0 0 0 0 0 0 0 0 0 
300 0 0 0 0 0 0 0 0 0 
400 0 0 0 0 0 0 0 0 0 
500 0 0 0 0 0 0 0 0 0 
600 0 0 0 0 0 0 0 0 0 
700 0 0 0 0 0 0 0 0 0 
800 12 0 0 28 0 0 0 0 0 
900 448 52 0 426 324 2 0 0 0 
1000 2400 74 0 2364 2293 1925 4 0 0 
1100 3793 111 0 3765 3709 3383 36 0 0 
1200 4968 368 0 4921 4757 4196 289 0 0 
1300 6188 710 0 6125 5894 4873 689 0 0 
1400 7496 1131 0 7306 7064 5434 1212 0 0 
1500 9090 1827 2 8829 8470 6211 1778 0 0 
1600 10811 2725 2 10472 10049 7149 2366 0 0 
1700 11778 3493 2 11334 10933 7295 3007 0 0 
1800 12402 4212 0 11989 11506 7217 3725 0 0 
1900 12519 4794 3 12030 11629 6501 4406 0 0 
2000 12500 5529 0 12080 11618 5871 5147 0 0 
2100 12512 5036 4 12062 11751 6262 6202 0 0 
2200 12577 3985 5 11987 11769 7724 7299 0 0 
2300 12479 3451 8 11916 11736 8563 8128 0 0 
2400 12641 3024 1 11999 11844 9371 8807 0 0 
2500 12615 2773 12 11954 11744 10001 9134 0 0 
2600 12586 2414 9 11979 11817 10539 9583 0 0 
2700 12510 2120 6 11886 11760 11157 9829 0 0 
2800 12655 1813 7 12000 11892 11513 10208 0 0 
2900 12717 1484 3 12033 11844 11903 10477 0 0 
3000 12656 1157 13 11974 11726 12300 10641 0 0 
3100 12727 891 23 11993 11827 12738 10822 0 0 
3200 12635 728 13 11884 11714 13133 10973 0 0 
3300 12656 722 21 12100 11800 13347 11131 0 0 
3400 12695 842 7 11927 11678 13363 11021 0 0 
3500 12591 1179 18 11981 11740 13444 11105 0 0 
3600 12638 1433 13 11993 11695 13411 11074 0 2 
3700 12666 1695 11 12105 11823 13434 11310 0 0 
3800 12657 2351 17 12006 11732 13438 11063 0 0 
3900 12605 2855 14 11945 11768 13379 11091 0 0 
4000 12566 3544 10 12030 11729 13428 11143 0 0 
4100 12641 4070 33 11984 11776 13447 11126 0 0 
4200 12609 4539 346 11934 11777 13389 11162 0 0 
4300 12663 5044 879 12043 11834 13347 11212 0 0 
4400 12673 5322 1582 12012 11826 13411 11254 0 0 
4500 12666 5108 2519 12011 11814 13482 11185 0 0 
4600 12810 5219 3561 11972 11883 13474 11232 0 0 
4700 12819 5521 4479 11904 11778 13475 11112 0 0 
4800 12760 5812 5351 11945 11778 13456 11206 0 0 
4900 12698 5982 6262 12037 11718 13386 11135 0 0 
5000 12709 6102 7122 11943 11673 13411 11075 0 0 
5100 12900 6264 7819 12038 11811 13451 11176 0 0 
5200 12912 6408 8663 12075 11862 13458 11255 0 0 
5300 12920 6516 9469 12061 11881 13508 11329 0 0 
5400 13029 6771 10143 12058 11878 13554 11223 0 0 
5500 13029 7186 10605 12158 11937 13469 11395 0 0 
5600 12992 7743 10995 12074 11839 13463 11264 0 0 
5700 13041 8044 11314 12204 11984 13418 11339 0 0 
5800 13073 8614 11409 12205 11889 13484 11355 0 206 
5900 13113 9167 10362 12205 11845 13468 11269 0 1173 
6000 13117 9579 10023 12189 11810 13459 11283 0 2050 
6100 13115 9950 10900 12267 11844 13474 11271 0 2807 
6200 13032 10145 11239 12240 11770 13385 11228 0 3543 
6300 13135 10459 11679 12347 11897 13505 11394 0 4384 
6400 13182 10704 12040 12375 11822 13433 11373 1 5146 
6500 13192 11162 12192 12460 11855 13436 11398 0 6136 
6600 13103 11390 12357 12475 11791 13399 11382 0 6975 
6700 13159 11503 12382 12610 11827 13345 11497 0 7632 
6800 13132 11627 12469 12615 11910 13327 11440 0 8114 
6900 13165 11853 12566 12641 11922 13375 11535 0 8686 
7000 13155 11921 12661 12713 11935 13384 11453 0 8906 
7100 13091 12114 12723 12774 11975 13409 11608 2 9456 
7200 13159 12224 12782 12782 11959 13381 11599 2 9684 
7300 13229 12160 12691 12811 11979 13373 11685 0 9738 
7400 13103 12202 12757 12689 11872 13392 11500 0 9690 
7500 13053 12172 12729 12736 11802 13355 11463 1 9671 
7600 13082 12188 12774 12731 11922 13327 11608 0 9744 
7700 13137 12179 12815 12826 11977 13341 11631 0 9820 
7800 13126 12220 12802 12776 11999 13437 11623 0 9866 
7900 13119 12141 12762 12742 11937 13328 11454 2 9614 
8000 13045 12118 12729 12692 11868 13319 11522 0 9691 
8100 13136 12059 12720 12819 12017 13319 11597 0 9825 
8200 13031 12059 12660 12659 11838 13272 11432 0 9618 
8300 13098 12231 12807 12869 12086 13425 11623 0 9828 
8400 13076 12150 12688 12705 11893 13346 11530 1 9721 
8500 13121 12151 12768 12750 11994 13460 11532 0 9788 
8600 13100 12105 12694 12712 11989 13313 11551 0 9658 
8700 13067 12134 12798 12758 11943 13358 11521 1 9773 
8800 13046 11970 12645 12751 11979 13314 11568 5 9740 
8900 13088 12211 12841 12740 11978 13403 11647 2 9838 
9000 13049 12189 12693 12690 11857 13285 11519 0 9766 
9100 13130 12233 12755 12831 11955 13298 11557 0 9795 
9200 13105 12190 12738 12751 11925 13289 11586 3 9785 
9300 13091 12146 12756 12756 11988 13307 11595 0 9875 
9400 13140 12207 12740 12835 12009 13306 11592 0 9861 
9500 13106 12166 12732 12859 12022 13295 11607 1 9834 
9600 13166 12127 12693 12783 12005 13288 11545 1 9721 
9700 13095 12147 12744 12739 11906 13325 11568 0 9788 
9800 13149 12088 12665 12804 11984 13282 11667 2 9909 
9900 13105 12022 12669 12739 11955 13337 11577 2 9764 
10000 13090 12029 12649 12729 11972 13268 11543 2 9742 
