# Avida tasks data
# Wed Apr 12 22:41:17 2023
# First column gives the current update, next columns give the number
# of organisms that have the particular task as a component of their merit
#  1: Update
#  2: Not
#  3: Nand
#  4: And
#  5: OrNot
#  6: Or
#  7: AndNot
#  8: Nor
#  9: Xor
# 10: Equals

0 0 0 0 0 0 0 0 0 0 
100 0 0 0 0 0 0 0 0 0 
200 0 0 0 0 0 0 0 0 0 
300 0 0 0 0 0 0 0 0 0 
400 6 0 0 0 0 0 0 0 0 
500 33 0 0 0 0 0 0 0 0 
600 84 0 0 0 0 0 0 0 0 
700 206 9 0 0 0 0 0 0 0 
800 373 145 0 0 0 0 0 0 0 
900 957 601 0 101 0 0 0 0 0 
1000 1577 1498 2 1198 12 0 0 0 0 
1100 2029 962 0 2396 1704 0 0 0 0 
1200 2660 1117 0 3936 3510 0 0 0 0 
1300 3211 1457 0 4969 4639 0 0 0 0 
1400 3294 1570 1 5919 5551 575 0 0 0 
1500 3012 1194 19 6527 6212 2136 4 0 0 
1600 2810 858 9 6936 6633 3815 4 0 0 
1700 2865 628 14 7643 7315 5407 9 0 0 
1800 3023 555 36 8440 8100 6882 1 0 0 
1900 3573 522 51 9444 9094 8220 3 0 0 
2000 4023 586 38 10240 9862 9344 2 0 0 
2100 4465 633 65 10695 10385 10154 7 0 0 
2200 5027 792 56 11019 10689 10838 4 0 0 
2300 5392 1086 43 11295 11044 11341 9 0 0 
2400 5936 1476 95 11541 11292 11784 4 0 0 
2500 6533 1918 58 11897 11689 12185 7 0 0 
2600 7424 2500 42 12103 11824 12420 7 0 0 
2700 8129 3245 56 12264 11966 12545 23 0 0 
2800 8867 4208 69 12372 11996 12688 51 0 0 
2900 9517 5268 58 12445 12118 12724 80 0 0 
3000 10105 6470 66 12601 12244 12711 168 0 0 
3100 10828 7408 89 12659 12348 12695 263 0 0 
3200 11220 8370 96 12752 12361 12708 332 0 0 
3300 11706 9297 95 12845 12417 12685 368 0 0 
3400 12104 10090 94 12883 12457 12688 422 0 0 
3500 12410 10678 80 12954 12473 12724 437 0 0 
3600 12546 11050 92 12938 12493 12462 568 0 0 
3700 12636 11483 130 12921 12482 12528 575 0 0 
3800 12695 11828 162 12944 12502 12385 639 0 0 
3900 12621 11971 187 12842 12483 12220 758 0 0 
4000 12831 11966 171 12739 12514 12255 970 0 0 
4100 12871 11747 232 12561 12499 12137 1180 0 0 
4200 12723 11524 261 12314 12468 12045 1434 0 0 
4300 12855 11229 391 12103 12476 11971 1735 0 0 
4400 12842 11235 290 11905 12380 11953 3494 0 0 
4500 12937 11260 122 11680 12283 12104 5160 0 0 
4600 12967 11315 109 11592 12146 12213 6534 0 0 
4700 13011 11540 96 11674 12183 12395 7690 0 0 
4800 12990 11790 88 11716 12081 12550 8842 0 0 
4900 13081 12058 96 11878 12107 12687 9799 0 0 
5000 13095 12309 80 12039 12009 12783 10495 0 0 
5100 13179 12627 83 12235 12025 12888 11002 0 0 
5200 13187 12912 90 12307 11964 13020 11269 0 0 
5300 13246 13150 114 12524 11941 13104 11484 0 0 
5400 13264 13226 131 12644 12060 13044 11826 0 0 
5500 13347 13271 72 12706 12028 13036 11921 0 0 
5600 13349 13244 83 12658 12053 13074 12007 0 0 
5700 13294 13280 101 12745 12062 13053 12057 0 0 
5800 13336 13270 94 12602 11979 13030 11984 0 0 
5900 13316 13292 82 12627 12038 13098 12014 0 0 
6000 13364 13361 80 12669 12058 13128 12033 0 0 
6100 13365 13346 83 12644 11988 13162 11997 0 0 
6200 13298 13369 84 12639 11959 13147 11955 0 2 
6300 13398 13341 81 12853 12226 13120 12180 0 0 
6400 13405 13366 67 12748 12088 13159 12139 0 0 
6500 13333 13338 77 12697 12026 13072 12052 0 0 
6600 13411 13172 72 12761 12093 13069 12051 0 0 
6700 13433 13292 80 12721 12155 12999 12119 0 0 
6800 13435 13303 81 12737 12073 13191 12067 0 0 
6900 13451 13349 76 12761 12059 13144 12133 0 0 
7000 13523 13340 73 12878 12214 13123 12207 0 0 
7100 13471 13299 92 12853 12210 13094 12212 0 0 
7200 13486 13313 85 12851 12211 13111 12165 0 0 
7300 13493 13261 89 12781 12137 13048 12133 0 0 
7400 13515 13296 53 12802 12243 13082 12242 0 0 
7500 13542 13346 78 12935 12316 13122 12263 0 0 
7600 13480 13337 63 12834 12172 13149 12240 0 0 
7700 13486 13367 88 12889 12189 13103 12210 0 0 
7800 13501 13328 108 12848 12221 13124 12186 0 0 
7900 13498 13342 79 12863 12194 13130 12231 0 0 
8000 13518 13408 80 12784 12118 13212 12149 0 0 
8100 13551 13378 92 12869 12224 13142 12214 0 0 
8200 13497 13399 111 12932 12298 13094 12311 0 0 
8300 13525 13416 66 12939 12246 13142 12264 0 0 
8400 13555 13438 60 12938 12260 13171 12274 0 0 
8500 13572 13403 58 12943 12272 13146 12294 0 0 
8600 13549 13395 70 12922 12299 13198 12261 0 0 
8700 13558 13378 66 12967 12282 13163 12301 0 0 
8800 13627 13406 50 13046 12409 13191 12433 0 0 
8900 13597 13371 58 12968 12324 13197 12356 0 0 
9000 13512 13441 52 12974 12334 13286 12320 0 0 
9100 13539 13331 80 12955 12311 13210 12269 0 0 
9200 13573 13477 67 13049 12482 13293 12459 0 0 
9300 13610 13339 67 13027 12393 13205 12388 0 0 
9400 13573 13428 54 12999 12409 13262 12402 0 0 
9500 13572 13400 45 13067 12413 13250 12443 0 0 
9600 13558 13345 69 12971 12391 13215 12396 0 0 
9700 13551 13349 70 12976 12407 13226 12383 0 0 
9800 13605 13338 59 13049 12391 13197 12436 0 0 
9900 13594 13413 43 13064 12378 13212 12446 0 0 
10000 13562 13389 52 12998 12379 13153 12376 0 0 
