# Avida tasks data
# Wed Apr 12 23:58:54 2023
# First column gives the current update, next columns give the number
# of organisms that have the particular task as a component of their merit
#  1: Update
#  2: Not
#  3: Nand
#  4: And
#  5: OrNot
#  6: Or
#  7: AndNot
#  8: Nor
#  9: Xor
# 10: Equals

0 0 0 0 0 0 0 0 0 0 
100 0 0 0 0 0 0 0 0 0 
200 0 0 0 0 0 0 0 0 0 
300 0 0 0 0 0 0 0 0 0 
400 0 0 0 0 0 0 0 0 0 
500 0 1 0 0 0 0 0 0 0 
600 0 21 0 0 0 0 0 0 0 
700 2 45 0 0 0 0 0 0 0 
800 18 142 0 0 0 0 0 0 0 
900 76 243 0 2 0 0 0 0 0 
1000 175 520 0 544 0 20 0 0 0 
1100 240 1827 0 2029 0 65 0 0 0 
1200 349 2938 3 3352 325 119 0 0 0 
1300 599 3677 0 4480 1800 113 0 0 0 
1400 902 3337 14 5698 3380 1550 224 0 0 
1500 1136 2351 10 6343 4468 2410 1323 0 0 
1600 2534 1830 13 7117 5558 2412 2572 0 0 
1700 3647 1572 31 8122 6617 2311 3682 0 0 
1800 4913 1330 28 9040 7735 2185 5044 0 0 
1900 6277 1466 13 9767 8501 2117 5956 0 0 
2000 7577 1808 24 10500 9472 1947 6968 0 0 
2100 8749 2299 19 10975 10319 1754 7898 0 0 
2200 9834 2930 21 11415 10863 1507 8743 0 0 
2300 10505 3666 16 11783 11280 1287 9444 0 0 
2400 11189 4429 23 11998 11614 926 10090 0 0 
2500 11723 4952 18 12209 11929 725 10482 0 0 
2600 12207 5803 29 12401 12100 532 10832 0 0 
2700 12345 6582 24 12490 12246 416 11101 0 0 
2800 12383 7289 14 12632 12346 446 11192 0 0 
2900 12144 7657 40 12649 12347 981 11179 0 0 
3000 11795 7782 36 12722 12366 2442 11254 0 0 
3100 11479 7922 63 12708 12358 4063 11300 0 0 
3200 11021 8252 79 12645 12285 5493 11222 0 0 
3300 10707 9035 138 12762 12437 6994 11253 0 0 
3400 10516 9454 401 12687 12407 8447 11323 0 0 
3500 10825 10002 949 12738 12413 9501 11207 0 0 
3600 11420 10352 1711 12680 12399 10132 11211 757 757 
3700 11969 10656 2677 12638 12410 10203 11225 2057 2077 
3800 12335 10958 3496 12616 12333 10228 11161 3006 3006 
3900 12602 11189 4232 12588 12363 10433 11208 3806 3781 
4000 12866 11521 5080 12631 12454 10656 11261 4660 4674 
4100 12936 11764 5879 12560 12293 10863 11147 5307 5261 
4200 13095 12064 6527 12562 12349 11027 11094 6024 5964 
4300 13060 12264 7180 12564 12327 11307 11166 6530 6499 
4400 13201 12471 7690 12503 12301 11509 11190 7087 7082 
4500 13177 12627 8112 12513 12386 11659 11208 7561 7527 
4600 13237 12775 8669 12610 12321 11873 11037 8104 8024 
4700 13177 12922 9172 12558 12400 12157 11204 8536 8513 
4800 13172 12981 9440 12605 12460 12210 11158 8783 8740 
4900 13206 13100 9693 12581 12393 12245 11251 9029 9024 
5000 13222 13259 9937 12551 12319 12235 11123 9229 9173 
5100 13235 13303 10072 12482 12331 12153 11026 9334 9302 
5200 13171 13327 10296 12514 12298 12199 11113 9514 9457 
5300 13212 13369 10412 12487 12278 12190 11110 9682 9609 
5400 13285 13439 10638 12603 12337 12202 11136 9826 9760 
5500 13258 13577 10723 12602 12381 12263 11214 9889 9889 
5600 13215 13540 10828 12543 12308 12201 11195 9912 9904 
5700 13223 13480 10773 12597 12359 12169 11137 10090 10016 
5800 13212 13477 10866 12553 12281 12189 11131 9995 9938 
5900 13282 13519 10887 12562 12332 12162 11167 9971 9873 
6000 13354 13472 10928 12727 12478 12201 11288 10109 10102 
6100 13282 13559 10888 12652 12430 12187 11215 10118 10091 
6200 13272 13573 10847 12612 12346 12251 11252 10009 9995 
6300 13283 13481 10855 12622 12336 12174 11155 10004 10007 
6400 13232 13474 10856 12639 12359 12178 11211 10078 10030 
6500 13299 13478 10893 12597 12345 12173 11213 9960 9944 
6600 13244 13431 10890 12541 12260 12142 11143 9893 9868 
6700 13221 13401 10852 12571 12359 12084 11122 9896 9896 
6800 13222 13486 10969 12693 12401 12258 11251 10162 10124 
6900 13256 13529 10890 12652 12427 12162 11223 10060 10010 
7000 13248 13574 10912 12719 12462 12219 11215 10147 10155 
7100 13235 13532 10916 12566 12348 12220 11218 10002 10026 
7200 13237 13493 10827 12633 12344 12179 11087 9948 9882 
7300 13217 13510 10889 12645 12417 12180 11211 10087 10042 
7400 13222 13493 10894 12624 12390 12242 11217 10142 10096 
7500 13180 13535 10696 12577 12348 12067 11055 9941 9908 
7600 13196 13485 10749 12611 12285 12111 11066 9871 9849 
7700 13191 13488 10812 12534 12293 12103 11099 9977 9925 
7800 13234 13560 10783 12581 12328 12111 11062 9916 9903 
7900 13181 13572 10826 12522 12361 12147 11256 10037 10053 
8000 13223 13592 10813 12517 12354 12183 11162 9989 9975 
8100 13235 13621 10997 12554 12360 12160 11193 10073 10021 
8200 13226 13602 10940 12541 12375 12182 11254 9978 9961 
8300 13190 13517 10833 12507 12236 12042 11052 9929 9855 
8400 13209 13567 10921 12634 12447 12253 11317 10138 10131 
8500 13244 13550 10908 12583 12383 12164 11178 10025 9972 
8600 13260 13580 10803 12612 12401 12032 11113 10054 10001 
8700 13210 13556 10863 12531 12281 12175 11182 10026 9948 
8800 13194 13620 10935 12578 12434 12212 11260 10141 10106 
8900 13250 13591 10915 12598 12448 12238 11281 10105 10099 
9000 13212 13574 11015 12640 12502 12307 11356 10200 10146 
9100 13285 13581 10883 12678 12416 12181 11164 10034 10020 
9200 13215 13609 10889 12578 12327 12159 11146 9962 10022 
9300 13167 13614 10883 12512 12339 12136 11196 9992 9969 
9400 13216 13613 10861 12526 12356 12160 11180 9874 9872 
9500 13120 13631 10894 12498 12306 12148 11169 9952 9927 
9600 13227 13646 10872 12597 12371 12160 11144 10039 10027 
9700 13223 13634 10856 12460 12269 12150 11155 9907 9920 
9800 13254 13621 10849 12454 12352 12103 11262 9887 9950 
9900 13261 13594 10877 12455 12294 12090 11206 10046 10047 
10000 13207 13591 10797 12533 12408 12095 11199 10148 10171 
