# Avida tasks data
# Wed Apr 12 23:12:10 2023
# First column gives the current update, next columns give the number
# of organisms that have the particular task as a component of their merit
#  1: Update
#  2: Not
#  3: Nand
#  4: And
#  5: OrNot
#  6: Or
#  7: AndNot
#  8: Nor
#  9: Xor
# 10: Equals

0 0 0 0 0 0 0 0 0 0 
100 0 0 0 0 0 0 0 0 0 
200 0 0 0 0 0 0 0 0 0 
300 0 0 0 0 0 0 0 0 0 
400 0 0 0 0 0 0 0 0 0 
500 7 0 0 21 0 0 0 0 0 
600 133 105 0 210 164 0 0 0 0 
700 894 151 0 1157 1573 37 0 0 0 
800 1207 266 3 2914 3208 378 463 0 0 
900 1880 305 12 3764 6411 595 2878 0 0 
1000 2932 364 27 5147 8438 1393 4393 0 0 
1100 3333 368 47 5787 9092 2219 5206 0 0 
1200 3790 377 58 5982 9440 2884 5969 0 0 
1300 4458 358 41 6001 9775 3358 6806 0 0 
1400 5082 321 56 6239 10296 3830 7681 0 0 
1500 5561 386 64 6243 10662 4449 8369 0 0 
1600 6250 522 48 6300 11124 4965 9125 0 0 
1700 6736 743 72 6264 11491 5364 9748 0 0 
1800 7357 953 75 6192 11795 5724 10282 0 0 
1900 7829 1236 70 6103 12009 6021 10705 0 0 
2000 8198 1640 94 5873 12149 6313 11038 0 0 
2100 8672 2393 84 5868 12270 6449 11354 0 0 
2200 9327 3070 94 6039 12296 6631 11418 0 0 
2300 9814 3239 89 6516 12316 6958 11473 0 0 
2400 10260 3104 124 7111 12255 7531 11408 0 0 
2500 10688 2857 92 7627 12283 8108 11419 0 0 
2600 10985 2483 114 8284 12384 8765 11522 0 0 
2700 11388 2174 131 8988 12409 9284 11485 0 0 
2800 11767 1841 140 9906 12421 9813 11603 0 0 
2900 12080 1586 154 10643 12419 10176 11566 0 0 
3000 12178 1378 155 11363 12371 10594 11472 0 0 
3100 12270 1086 157 11991 12417 10957 11442 0 0 
3200 12457 826 147 12373 12375 11345 11489 0 0 
3300 12627 633 165 12753 12476 11616 11565 0 0 
3400 12727 570 197 12933 12461 11713 11517 0 0 
3500 12712 523 194 13082 12496 11726 11419 0 0 
3600 12788 489 167 13189 12488 11877 11460 0 0 
3700 12958 514 167 13224 12529 11908 11559 0 0 
3800 13064 538 158 13137 12508 11950 11563 0 0 
3900 13022 572 140 13155 12520 11944 11547 0 0 
4000 13030 688 179 13223 12439 11845 11475 0 0 
4100 13030 1001 185 13124 12496 11902 11538 0 0 
4200 13012 1263 150 13193 12566 11974 11608 0 0 
4300 13035 1604 150 13272 12488 11923 11548 0 0 
4400 13051 2100 179 13283 12539 12051 11661 0 0 
4500 13072 2416 160 13339 12527 11984 11601 0 0 
4600 13136 2882 162 13354 12671 12047 11642 0 0 
4700 13203 3525 151 13295 12566 12023 11594 0 0 
4800 13151 4173 170 13450 12439 11922 11514 0 0 
4900 13123 4783 164 13451 12513 12058 11640 0 0 
5000 13102 5561 159 13520 12501 11942 11559 0 0 
5100 13099 6232 158 13491 12548 11952 11501 0 0 
5200 13132 6838 176 13579 12553 11960 11572 0 0 
5300 13111 7696 160 13600 12590 12024 11639 0 0 
5400 13038 8399 196 13539 12515 11943 11532 0 0 
5500 13182 9076 222 13645 12521 11927 11535 0 0 
5600 12997 9941 315 13695 12492 12038 11643 0 0 
5700 12939 10697 494 13705 12514 12011 11642 0 0 
5800 12854 11452 678 13723 12556 12030 11621 0 0 
5900 12920 11924 1041 13676 12493 11886 11478 0 0 
6000 13047 12305 1558 13715 12507 11997 11612 0 0 
6100 13133 12545 2374 13736 12613 12066 11668 0 0 
6200 13198 12672 3107 13738 12522 11961 11492 0 0 
6300 13163 12900 4071 13727 12421 11838 11412 0 0 
6400 13156 12983 4917 13744 12478 11904 11517 0 0 
6500 13171 13030 5981 13699 12489 11951 11587 0 0 
6600 13181 13020 6998 13682 12519 11967 11621 0 0 
6700 13140 13065 7969 13707 12536 11983 11607 0 0 
6800 13178 13072 8720 13616 12537 11928 11579 0 0 
6900 13122 13135 9471 13691 12446 11911 11563 0 0 
7000 13216 13189 10097 13685 12452 11916 11552 0 0 
7100 13235 13325 10739 13726 12525 11944 11633 0 0 
7200 13188 13387 10847 13715 12452 12020 11675 0 0 
7300 13201 13350 11207 13652 12465 11955 11608 0 0 
7400 13213 13398 11540 13648 12381 11917 11525 0 0 
7500 13303 13315 11918 13566 12510 11975 11601 0 0 
7600 13274 13369 12035 13700 12542 11982 11707 0 0 
7700 13300 13418 12166 13686 12652 12094 11762 0 0 
7800 13210 13358 12193 13694 12534 12007 11644 0 0 
7900 13287 13337 12268 13644 12612 12095 11673 0 0 
8000 13241 13355 12141 13596 12539 11940 11571 0 0 
8100 13280 13526 12269 13669 12602 12077 11745 0 0 
8200 13326 13266 12266 13635 12632 12019 11664 0 0 
8300 13328 13345 12285 13693 12515 11946 11535 0 0 
8400 13270 13373 12326 13663 12572 11948 11606 0 0 
8500 13285 13405 12354 13703 12571 12074 11752 0 0 
8600 13326 13389 12324 13709 12550 12050 11671 0 0 
8700 13274 13457 12328 13683 12487 12029 11691 0 0 
8800 13316 13391 12254 13673 12593 12112 11709 0 0 
8900 13316 13387 12358 13694 12510 12032 11683 0 0 
9000 13312 13404 12404 13685 12625 12267 11902 0 0 
9100 13367 13495 12295 13706 12553 12147 11769 0 0 
9200 13376 13455 12328 13650 12650 12147 11812 0 0 
9300 13270 13394 12420 13707 12599 12072 11744 0 0 
9400 13407 13449 12421 13704 12670 12230 11919 0 0 
9500 13297 13348 12342 13716 12526 12060 11694 0 0 
9600 13437 13319 12418 13720 12669 12222 11875 0 0 
9700 13347 13379 12395 13740 12688 12134 11840 0 0 
9800 13376 13392 12377 13632 12619 12095 11722 0 0 
9900 13359 13406 12410 13710 12710 12203 11908 0 0 
10000 13384 13427 12358 13697 12595 12129 11800 0 0 
