# Avida tasks data
# Thu Apr 13 10:51:48 2023
# First column gives the current update, next columns give the number
# of organisms that have the particular task as a component of their merit
#  1: Update
#  2: Not
#  3: Nand
#  4: And
#  5: OrNot
#  6: Or
#  7: AndNot
#  8: Nor
#  9: Xor
# 10: Equals

0 0 0 0 0 0 0 0 0 0 
100 0 0 0 0 0 0 0 0 0 
200 0 0 0 0 0 0 0 0 0 
300 0 0 0 0 0 0 0 0 0 
400 0 0 0 0 0 0 0 0 0 
500 0 0 0 0 0 0 0 0 0 
600 3 0 0 0 0 0 0 0 0 
700 61 21 0 0 0 0 0 0 0 
800 248 30 0 0 0 0 0 0 0 
900 655 99 0 4 0 0 0 0 0 
1000 968 228 8 183 23 0 0 0 0 
1100 1714 667 7 1176 965 5 0 0 0 
1200 3486 1498 3 2978 2722 16 0 0 0 
1300 5239 2671 42 4022 4458 27 755 0 0 
1400 6506 2900 174 4296 5601 62 1669 0 0 
1500 7456 2930 340 4265 6566 80 2597 0 0 
1600 8178 2800 479 3934 7066 194 3476 0 0 
1700 9041 2632 566 3561 7698 626 4567 0 0 
1800 9831 2546 621 3358 8394 1209 5373 0 0 
1900 10389 2895 586 3564 9062 1966 5773 0 0 
2000 10881 3625 788 3533 9455 2265 6381 0 0 
2100 11199 4309 1267 3948 9729 2447 6865 0 0 
2200 11450 5016 1847 4302 10012 3015 7306 0 0 
2300 11725 4726 2045 4585 10202 4445 7960 0 0 
2400 11820 4989 2148 5014 10154 5910 8357 0 0 
2500 12028 5681 2125 5687 10474 7035 9029 0 0 
2600 12248 6362 2079 6125 10635 7763 9484 0 0 
2700 12465 7016 1999 6732 10765 8545 9895 0 0 
2800 12516 7692 1846 7620 10894 9364 10079 0 0 
2900 12641 8364 1729 8269 10836 10090 10166 0 0 
3000 12771 8945 1452 8908 11001 10805 10415 0 0 
3100 12805 9323 1194 9503 11077 11260 10521 0 0 
3200 12861 9793 977 9950 11088 11682 10645 0 1 
3300 12842 10118 719 10396 11097 11882 10760 0 0 
3400 12806 10310 522 10609 11065 12143 10789 0 0 
3500 12858 10661 375 10849 11027 12359 10721 0 0 
3600 12964 10890 239 10953 11086 12587 10756 0 0 
3700 12989 11121 143 11218 11086 12765 10788 0 0 
3800 13017 11063 88 11249 11041 12741 10725 0 0 
3900 13075 11323 66 11426 11153 12755 10847 0 0 
4000 13032 11486 48 11501 11060 12795 10704 0 0 
4100 13048 11584 62 11610 11046 12830 10787 0 0 
4200 13101 11715 145 11715 11251 12875 10961 0 0 
4300 13141 11646 245 11683 11199 12931 10895 0 0 
4400 13143 11539 531 11693 11283 12840 10970 0 0 
4500 13087 11453 794 11719 11237 12900 10891 0 0 
4600 13127 11446 1167 11700 11230 12819 10887 0 0 
4700 13163 11434 1651 11808 11210 12955 10948 0 0 
4800 13162 11529 2166 11841 11222 12876 10976 0 0 
4900 13120 11537 2877 11791 11078 12889 10775 0 0 
5000 13107 11870 3587 11941 11296 12846 10986 0 0 
5100 13156 11853 4526 11955 11209 12989 10862 0 0 
5200 13187 11877 5304 11948 11180 12934 10717 0 0 
5300 13288 11939 6307 12184 11285 12877 10857 0 0 
5400 13316 12026 7345 12323 11398 12882 11001 0 0 
5500 13349 11918 8283 12260 11399 12847 10970 0 0 
5600 13238 12014 9043 12385 11503 12861 11069 0 0 
5700 13289 11910 9827 12257 11342 13020 10911 0 0 
5800 13256 12134 10210 12436 11449 13008 11032 0 0 
5900 13362 12146 10608 12285 11312 12951 10898 0 0 
6000 13405 12211 11057 12279 11333 13016 10937 0 0 
6100 13378 12342 11401 12354 11469 12952 11078 0 0 
6200 13334 12382 11764 12351 11444 13017 11062 0 0 
6300 13450 12409 11808 12376 11518 12960 11068 0 0 
6400 13430 12500 12007 12364 11532 12984 11088 0 0 
6500 13420 12539 12109 12418 11586 13023 11201 0 0 
6600 13435 12453 12001 12327 11496 13026 11101 0 0 
6700 13303 12461 12007 12162 11396 13007 10988 0 1 
6800 13459 12622 12144 12278 11546 13087 11130 0 0 
6900 13344 12651 12237 12287 11575 13083 11129 0 0 
7000 13495 12779 12137 12274 11629 13064 11159 0 0 
7100 13477 12778 12218 12239 11643 13117 11231 0 0 
7200 13410 12748 12231 12173 11460 13045 11011 0 0 
7300 13456 12754 12225 12093 11443 13169 11014 0 0 
7400 13395 12819 12192 12125 11464 13047 11065 0 0 
7500 13441 12717 12168 12192 11640 13021 11233 0 0 
7600 13439 12852 12115 12184 11630 13075 11177 0 0 
7700 13384 12840 12255 12140 11577 13106 11239 0 0 
7800 13452 12951 12255 12158 11633 13083 11239 0 1 
7900 13515 12939 12341 12115 11629 13186 11258 0 0 
8000 13427 12894 12280 12047 11584 13068 11178 0 0 
8100 13424 12981 12263 12103 11590 13180 11123 0 1 
8200 13422 12978 12340 12174 11660 13051 11230 0 0 
8300 13468 13011 12309 12019 11549 13161 11137 0 0 
8400 13495 13084 12321 12103 11646 13133 11251 0 1 
8500 13426 13173 12203 11828 11395 13071 11010 0 0 
8600 13436 13192 12277 12063 11666 13095 11280 0 0 
8700 13438 13112 12398 12064 11698 13081 11315 0 0 
8800 13468 13208 12378 12039 11681 13092 11258 0 0 
8900 13406 13312 12491 12006 11671 13173 11257 0 0 
9000 13499 13255 12385 11963 11610 13202 11207 0 0 
9100 13474 13277 12382 12041 11767 13126 11379 0 0 
9200 13470 13246 12345 12000 11701 13126 11306 0 0 
9300 13499 13278 12406 12029 11752 13179 11349 0 0 
9400 13501 13279 12401 12057 11730 13123 11422 0 0 
9500 13474 13356 12470 11997 11655 13195 11295 0 0 
9600 13484 13216 12408 12057 11760 13193 11387 0 0 
9700 13461 13267 12364 11893 11534 13197 11173 0 0 
9800 13480 13232 12299 11998 11687 13186 11283 0 0 
9900 13470 13244 12401 11936 11621 13197 11244 0 0 
10000 13484 13325 12317 12045 11784 13156 11387 0 0 
