# Avida tasks data
# Wed Apr 12 22:26:14 2023
# First column gives the current update, next columns give the number
# of organisms that have the particular task as a component of their merit
#  1: Update
#  2: Not
#  3: Nand
#  4: And
#  5: OrNot
#  6: Or
#  7: AndNot
#  8: Nor
#  9: Xor
# 10: Equals

0 0 0 0 0 0 0 0 0 0 
100 0 0 0 0 0 0 0 0 0 
200 0 0 0 0 0 0 0 0 0 
300 0 0 0 0 0 0 0 0 0 
400 0 0 0 0 0 0 0 0 0 
500 0 0 0 0 0 0 0 0 0 
600 0 0 0 0 0 0 0 0 0 
700 13 0 0 0 0 0 0 0 0 
800 33 6 0 0 0 0 0 0 0 
900 90 22 0 0 0 0 0 0 0 
1000 264 17 0 0 0 0 0 0 0 
1100 663 30 0 0 0 0 0 0 0 
1200 1049 99 0 0 0 0 0 0 0 
1300 1550 252 0 227 0 0 0 0 0 
1400 2385 482 0 740 128 0 0 0 0 
1500 3612 651 0 1834 735 0 0 0 0 
1600 4682 1411 0 4073 1964 965 0 0 0 
1700 5247 2536 2 5280 2624 2073 525 0 0 
1800 5831 3071 0 5231 3153 2707 1769 0 0 
1900 6289 3296 6 5300 3616 3053 2748 0 0 
2000 6868 3404 3 6454 4422 3133 3790 0 0 
2100 7543 3063 6 7260 5418 2775 4826 0 0 
2200 8253 2709 1 7777 6286 2403 5743 0 0 
2300 9072 2260 3 8660 7291 1943 6680 0 0 
2400 9802 1798 2 9248 8180 1397 7601 0 0 
2500 10432 1335 0 9940 9094 979 8612 0 0 
2600 10991 938 0 10301 9841 602 9232 0 0 
2700 11635 694 2 10790 10394 353 9813 0 0 
2800 11936 565 3 11087 10790 166 10294 0 0 
2900 12144 575 2 11191 11052 107 10478 0 0 
3000 12416 743 4 11502 11257 81 10798 0 0 
3100 12381 959 10 11686 11492 71 10923 0 2 
3200 12339 1293 6 11569 11368 98 10846 0 0 
3300 12374 1692 12 11598 11368 84 10847 0 0 
3400 12500 1943 11 11584 11327 83 10854 0 0 
3500 12398 2240 18 11548 11410 80 10870 0 2 
3600 12485 2610 26 11582 11415 64 10947 0 0 
3700 12439 3026 25 11661 11493 67 10989 0 0 
3800 12391 3551 28 11537 11324 72 10775 0 1 
3900 12478 4005 33 11639 11423 58 10972 0 0 
4000 12565 4503 31 11530 11328 60 10876 0 0 
4100 12558 5145 20 11638 11491 71 10954 0 0 
4200 12498 5608 36 11580 11363 73 10911 0 0 
4300 12570 6150 55 11680 11493 55 11016 0 0 
4400 12597 6662 52 11695 11498 71 10969 0 0 
4500 12603 7245 39 11620 11524 81 10955 0 0 
4600 12518 7878 59 11627 11346 76 10854 0 0 
4700 12547 8660 65 11632 11407 88 10836 0 0 
4800 12516 9352 69 11679 11441 94 10981 0 0 
4900 12579 9823 66 11652 11452 98 10994 0 0 
5000 12672 10190 74 11587 11388 1232 10873 0 0 
5100 12686 10396 70 11559 11428 2873 10834 0 0 
5200 12684 10684 63 11611 11394 4361 10822 0 0 
5300 12576 10962 64 11470 11264 5909 10686 0 0 
5400 12552 11328 44 11414 11208 7376 10571 0 0 
5500 12648 11759 54 11505 11332 8730 10645 0 0 
5600 12601 12070 55 11519 11263 9867 10644 0 0 
5700 12672 12458 79 11540 11304 10907 10723 0 0 
5800 12672 12686 71 11439 11256 11546 10586 0 0 
5900 12688 12936 46 11530 11311 12063 10645 0 0 
6000 12666 13131 68 11575 11366 12472 10657 0 0 
6100 12644 13280 70 11493 11252 12764 10540 0 0 
6200 12625 13463 56 11543 11391 13144 10732 0 0 
6300 12697 13607 56 11488 11293 13248 10606 0 0 
6400 12720 13647 72 11547 11366 13227 10623 0 0 
6500 12765 13631 80 11565 11409 13268 10632 0 0 
6600 12729 13594 80 11505 11278 13264 10555 0 0 
6700 12676 13654 56 11574 11378 13279 10674 0 0 
6800 12742 13677 57 11593 11394 13311 10744 0 0 
6900 12723 13601 86 11601 11374 13288 10653 0 0 
7000 12728 13647 68 11579 11369 13305 10660 0 0 
7100 12758 13669 62 11608 11423 13320 10716 0 0 
7200 12762 13656 61 11697 11468 13373 10728 0 0 
7300 12748 13721 59 11616 11461 13404 10766 0 0 
7400 12771 13660 67 11645 11449 13262 10716 0 0 
7500 12823 13671 55 11669 11369 13347 10687 0 1 
7600 12720 13696 60 11525 11319 13310 10645 0 0 
7700 12774 13720 73 11668 11447 13349 10760 0 0 
7800 12803 13656 69 11619 11431 13335 10783 0 0 
7900 12726 13709 56 11694 11396 13333 10752 0 0 
8000 12838 13686 59 11657 11391 13356 10681 0 0 
8100 12815 13606 58 11655 11434 13313 10730 0 0 
8200 12754 13708 59 11677 11445 13417 10803 0 0 
8300 12796 13701 57 11745 11483 13342 10803 0 0 
8400 12757 13684 60 11709 11537 13331 10778 0 2 
8500 12849 13659 56 11697 11470 13338 10768 0 0 
8600 12760 13674 82 11666 11474 13377 10836 0 0 
8700 12835 13661 70 11706 11478 13391 10804 0 0 
8800 12831 13742 56 11769 11540 13460 10919 0 0 
8900 12779 13708 57 11750 11555 13427 10942 0 0 
9000 12897 13716 54 11715 11549 13377 10871 0 0 
9100 12929 13681 49 11804 11527 13414 10897 0 0 
9200 12802 13659 61 11705 11521 13337 10820 0 0 
9300 12865 13719 59 11835 11584 13421 10967 0 0 
9400 12845 13707 68 11837 11608 13335 10953 0 0 
9500 12794 13741 69 11780 11646 13440 10920 0 0 
9600 12791 13708 57 11816 11630 13378 11014 0 0 
9700 12921 13744 53 11851 11658 13515 10958 0 0 
9800 12817 13743 62 11884 11601 13402 10990 0 0 
9900 12860 13714 70 11823 11595 13456 10988 0 0 
10000 12775 13721 58 11793 11561 13463 10919 0 0 
