# Avida tasks data
# Wed Apr 12 21:35:09 2023
# First column gives the current update, next columns give the number
# of organisms that have the particular task as a component of their merit
#  1: Update
#  2: Not
#  3: Nand
#  4: And
#  5: OrNot
#  6: Or
#  7: AndNot
#  8: Nor
#  9: Xor
# 10: Equals

0 0 0 0 0 0 0 0 0 0 
100 0 0 0 0 0 0 0 0 0 
200 0 0 0 0 0 0 0 0 0 
300 0 0 0 0 0 0 0 0 0 
400 0 0 0 0 0 0 0 0 0 
500 0 0 0 0 0 0 0 0 0 
600 0 0 0 0 0 0 0 0 0 
700 9 0 0 0 0 0 0 0 0 
800 66 96 0 0 0 0 0 0 0 
900 481 349 0 369 0 0 0 0 0 
1000 856 678 0 1435 0 0 0 0 0 
1100 1219 1729 0 2810 0 428 9 0 0 
1200 1127 3164 102 3480 869 1565 2561 0 0 
1300 1379 4512 1845 4500 932 2746 3811 0 0 
1400 2321 5789 3442 5657 684 4073 4983 0 0 
1500 3225 6919 4657 6748 542 5304 5938 0 0 
1600 4311 8067 5827 7869 445 6455 6993 0 1 
1700 5134 9045 6728 8756 386 7292 7759 0 0 
1800 5750 9902 7672 9649 399 8170 8591 0 0 
1900 6150 10770 8476 10532 1028 8985 9419 0 0 
2000 5953 11856 9473 11649 2116 9886 10316 0 0 
2100 5476 12321 9949 12098 3190 10313 10651 0 0 
2200 5007 12570 10131 12296 4205 10475 10859 0 0 
2300 4649 12749 10369 12523 5268 10633 11073 0 0 
2400 4493 12938 10647 12711 6311 10864 11274 0 0 
2500 4390 13144 10809 12873 7090 10880 11362 0 0 
2600 4266 13256 10883 13040 7947 11045 11493 0 0 
2700 4387 13393 11038 13140 8671 11088 11613 0 0 
2800 4495 13396 11055 13159 9169 11130 11644 0 0 
2900 4871 13390 11062 13172 9627 11156 11653 0 1 
3000 5068 13409 10890 13203 9763 11065 11559 0 0 
3100 5333 13449 11068 13141 10179 11173 11713 0 0 
3200 5772 13431 11096 13146 10432 11103 11745 0 0 
3300 6242 13485 11147 13168 10681 11153 11642 0 0 
3400 6964 13442 11113 13148 10734 11156 11676 0 0 
3500 7537 13497 11208 13202 10843 11223 11784 0 0 
3600 8044 13480 11217 13240 10898 11281 11762 0 0 
3700 8465 13476 11124 13096 10774 11142 11652 0 0 
3800 9203 13494 11083 13190 10773 11153 11814 0 0 
3900 9801 13404 11092 13131 10766 11089 11623 0 0 
4000 10325 13528 11241 13209 10905 11276 11821 2 0 
4100 10766 13505 11208 13168 10877 11227 11859 0 0 
4200 11010 13548 11233 13124 10877 11272 11806 0 0 
4300 11363 13505 11217 13204 10850 11250 11809 0 0 
4400 11579 13484 11110 13174 10812 11178 11645 0 0 
4500 11716 13538 11185 13178 10798 11260 11775 0 0 
4600 11989 13464 11198 13124 10843 11153 11746 0 0 
4700 12066 13469 11226 13083 10807 11208 11810 0 0 
4800 12059 13455 11177 13039 10754 11147 11732 0 0 
4900 12285 13500 11359 13206 10979 11350 11799 0 0 
5000 12315 13540 11324 13194 10965 11290 11909 0 2 
5100 12472 13574 11248 13188 10881 11311 11838 0 0 
5200 12520 13505 11120 13133 10764 11122 11686 0 0 
5300 12554 13532 11164 13137 10813 11259 11729 0 0 
5400 12750 13506 11101 13105 10717 11182 11674 0 0 
5500 12672 13530 11188 13136 10846 11259 11745 0 0 
5600 12732 13577 11179 13135 10826 11240 11762 0 0 
5700 12621 13583 11230 13154 10873 11238 11829 0 0 
5800 12679 13530 11261 13155 10867 11281 11799 0 0 
5900 12753 13553 11115 13135 10763 11202 11771 0 0 
6000 12696 13526 11083 13140 10744 11137 11714 0 1 
6100 12739 13464 11071 13122 10748 11184 11665 0 0 
6200 12744 13549 11185 13165 10852 11124 11850 2 0 
6300 12812 13478 11292 13220 10974 11366 11867 0 0 
6400 12776 13508 11204 13158 10904 11252 11782 0 0 
6500 12776 13574 11279 13142 10852 11282 11875 0 0 
6600 12753 13467 11116 13122 10771 11215 11718 0 1 
6700 12737 13471 11312 13152 10921 11351 11756 0 0 
6800 12665 13417 11179 13091 10835 11301 11735 0 0 
6900 12776 13489 11109 13096 10815 11232 11694 0 0 
7000 12683 13508 11175 13100 10848 11265 11798 0 0 
7100 12745 13560 11189 13054 10856 11285 11763 0 2 
7200 12780 13524 11206 13038 10875 11262 11810 0 1 
7300 12849 13521 11298 13080 10973 11451 11903 0 0 
7400 12854 13496 11328 13146 11024 11360 11947 0 1 
7500 12865 13613 11299 13164 10995 11390 11948 0 0 
7600 12951 13517 11324 13156 10969 11459 11911 0 1 
7700 12848 13493 11346 13162 10988 11461 11897 0 0 
7800 12977 13504 11389 13137 11043 11522 11907 0 0 
7900 12921 13571 11334 13172 10972 11473 11955 0 0 
8000 12778 13549 11308 13186 10996 11514 11935 0 0 
8100 12720 13519 11313 13083 10984 11377 11840 0 0 
8200 12859 13558 11361 13147 11053 11489 11917 0 0 
8300 12920 13465 11414 13142 11130 11422 11960 0 0 
8400 12993 13552 11279 13062 10955 11435 11906 0 0 
8500 12908 13483 11329 13131 11091 11504 11908 2 0 
8600 12902 13522 11442 13228 11132 11538 12096 0 0 
8700 12893 13556 11363 13070 11129 11373 11927 0 1 
8800 12845 13511 11424 13143 11133 11574 11993 1 0 
8900 12809 13602 11561 13226 11257 11580 12063 0 0 
9000 12929 13593 11591 13203 11249 11651 12072 0 0 
9100 12831 13646 11461 13207 11149 11520 12127 0 0 
9200 12876 13547 11406 13101 11098 11445 12021 1 0 
9300 12931 13613 11559 13183 11258 11568 12199 0 0 
9400 12820 13670 11540 13241 11277 11611 12111 0 0 
9500 12864 13561 11360 13146 11048 11548 11961 0 0 
9600 12818 13599 11480 13111 11193 11568 12094 0 0 
9700 12829 13598 11480 13153 11186 11645 12042 0 0 
9800 12829 13624 11493 13179 11184 11596 12052 3 1 
9900 12792 13645 11506 13108 11193 11512 12063 0 0 
10000 12824 13580 11439 13214 11167 11542 12073 1 1 
