# Avida tasks data
# Thu Apr 13 00:30:30 2023
# First column gives the current update, next columns give the number
# of organisms that have the particular task as a component of their merit
#  1: Update
#  2: Not
#  3: Nand
#  4: And
#  5: OrNot
#  6: Or
#  7: AndNot
#  8: Nor
#  9: Xor
# 10: Equals

0 0 0 0 0 0 0 0 0 0 
100 0 0 0 0 0 0 0 0 0 
200 0 0 0 0 0 0 0 0 0 
300 0 0 0 0 0 0 0 0 0 
400 0 0 0 0 0 0 0 0 0 
500 7 3 0 0 0 0 0 0 0 
600 7 13 0 0 0 0 0 0 0 
700 5 38 0 0 0 0 0 0 0 
800 32 134 0 4 0 0 0 0 0 
900 172 260 0 16 0 0 0 0 0 
1000 434 351 0 325 0 0 0 0 0 
1100 966 1168 27 1555 0 17 0 0 0 
1200 1810 687 14 1927 1332 564 785 0 0 
1300 4205 561 17 3737 3791 264 3036 0 0 
1400 6096 446 10 5710 5627 239 4865 0 0 
1500 7242 520 45 7069 6982 1209 6191 0 0 
1600 7849 714 62 8142 7962 2768 7172 0 0 
1700 8035 1433 77 8587 8455 3803 7693 0 0 
1800 8239 2136 81 8983 8930 4749 8184 0 0 
1900 8584 3184 76 9237 9273 5630 8501 0 0 
2000 8760 4091 116 9493 9537 6447 8802 0 0 
2100 8994 4995 86 9876 9942 7312 9267 0 0 
2200 9243 5635 97 10176 10195 7967 9507 0 0 
2300 9639 6494 97 10531 10626 8693 9981 0 0 
2400 9838 7228 175 10845 10958 9289 10314 0 0 
2500 10023 7865 446 11014 11198 9784 10556 0 0 
2600 10305 8606 954 11285 11431 10301 10846 2 0 
2700 10745 9213 1537 11486 11688 10618 11182 0 0 
2800 11027 9699 2234 11708 11857 10878 11301 0 0 
2900 11234 10130 2808 11818 11940 11107 11402 2 0 
3000 11364 10689 3664 11985 12095 11373 11607 2 0 
3100 11312 11038 4272 12163 12150 11591 11679 3 0 
3200 11306 11251 5030 12256 12256 11768 11862 1 0 
3300 11503 11493 5703 12346 12164 11894 11821 1 0 
3400 11583 11773 6319 12385 12249 12029 11982 1 0 
3500 11617 12018 6921 12433 12222 12124 12028 0 0 
3600 11559 12232 7709 12581 12263 12296 12058 2 0 
3700 11707 12391 8208 12480 12210 12194 12026 1 0 
3800 11650 12628 9003 12611 12277 12332 12109 2 0 
3900 11617 12790 9528 12587 12214 12240 12019 0 0 
4000 11582 12843 10025 12656 12267 12363 12084 0 0 
4100 11757 13041 10489 12697 12230 12399 12028 0 0 
4200 11819 13122 10900 12725 12295 12391 12081 1 0 
4300 11803 13202 11158 12665 12285 12311 12067 2 0 
4400 11917 13411 11536 12788 12257 12455 12042 2 0 
4500 11984 13439 11710 12799 12287 12489 12103 0 0 
4600 12040 13406 11693 12655 12266 12347 12074 1 0 
4700 12184 13402 11922 12752 12244 12485 12084 1 0 
4800 12068 13455 11978 12808 12312 12485 12094 0 0 
4900 12031 13489 11944 12747 12337 12425 12093 0 0 
5000 12085 13383 11911 12699 12276 12428 12078 0 0 
5100 12106 13423 11879 12649 12253 12333 12010 0 1 
5200 12225 13384 11962 12611 12277 12366 12130 37 0 
5300 12089 13326 11791 12583 12216 12280 12009 51 0 
5400 12190 13499 12032 12798 12090 12488 12084 207 0 
5500 12180 13468 11972 12719 11859 12396 12049 387 0 
5600 12275 13414 11956 12731 11713 12388 11981 679 0 
5700 12169 13417 11854 12671 12128 12187 11914 1990 0 
5800 12320 13479 11914 12853 12337 12266 11994 3597 0 
5900 12478 13435 11830 12782 12303 12080 11829 4857 0 
6000 12472 13555 12002 12953 12433 12166 11914 6193 2 
6100 12570 13581 11979 13007 12477 12112 11926 7373 0 
6200 12595 13632 11992 13010 12409 12078 11839 8421 0 
6300 12706 13765 12028 13124 12482 12071 11822 9301 0 
6400 12696 13687 11965 13132 12469 12052 11797 9941 0 
6500 12639 13745 11944 13105 12460 11990 11804 10418 0 
6600 12636 13794 11986 13113 12482 12011 11810 10818 0 
6700 12766 13767 11994 13219 12607 12051 11939 11164 0 
6800 12778 13797 11927 13129 12567 12006 11874 11349 21 
6900 12772 13753 11913 13178 12556 12048 11823 11510 57 
7000 12627 13798 11970 13099 12581 12040 11750 11694 86 
7100 12830 13828 12041 13151 12554 12081 11665 11861 209 
7200 12696 13788 11882 13159 12479 11932 11486 11719 281 
7300 12887 13833 12069 13157 12622 12091 11574 11825 393 
7400 12854 13793 11979 13142 12547 12065 11303 11790 570 
7500 12798 13779 11915 13122 12538 11982 10986 11768 855 
7600 12852 13822 11846 13117 12611 11956 10692 11767 1148 
7700 12734 13824 11848 13110 12539 11938 10244 11708 1447 
7800 12734 13848 11943 13105 12547 11970 9832 11741 1909 
7900 12651 13811 11949 13139 12606 11968 9628 11774 2164 
8000 12700 13864 11920 13154 12519 11887 9230 11727 2510 
8100 12529 13845 11902 13109 12556 11886 8966 11725 3080 
8200 12313 13812 11939 13146 12656 11963 9196 11787 4152 
8300 12590 13797 11757 13038 12538 11767 9380 11541 5119 
8400 12733 13746 11628 13059 12555 11743 9778 11508 5962 
8500 12749 13658 11577 12993 12624 11723 10180 11434 6692 
8600 12860 13681 11537 12941 12593 11724 10475 11389 7303 
8700 12899 13592 11574 12954 12676 11672 10784 11474 8024 
8800 12900 13605 11599 13031 12703 11745 11046 11476 8517 
8900 12896 13567 11499 12934 12637 11716 11186 11362 9016 
9000 12922 13501 11464 12934 12672 11741 11313 11294 9357 
9100 12980 13570 11396 13015 12683 11618 11412 11326 9736 
9200 13073 13497 11398 12882 12611 11682 11485 11285 10077 
9300 12964 13506 11413 12921 12705 11641 11523 11277 10146 
9400 12925 13568 11513 13004 12772 11784 11648 11383 10351 
9500 12898 13522 11389 12994 12699 11652 11538 11357 10364 
9600 12978 13504 11453 12892 12642 11709 11630 11291 10417 
9700 12985 13498 11462 12966 12757 11752 11639 11378 10516 
9800 13120 13520 11542 12988 12720 11653 11699 11425 10564 
9900 13200 13490 11489 12948 12694 11783 11674 11429 10527 
10000 13129 13528 11428 13005 12689 11705 11641 11289 10488 
