# Avida tasks data
# Thu Apr 13 02:17:53 2023
# First column gives the current update, next columns give the number
# of organisms that have the particular task as a component of their merit
#  1: Update
#  2: Not
#  3: Nand
#  4: And
#  5: OrNot
#  6: Or
#  7: AndNot
#  8: Nor
#  9: Xor
# 10: Equals

0 0 0 0 0 0 0 0 0 0 
100 0 0 0 0 0 0 0 0 0 
200 0 0 0 0 0 0 0 0 0 
300 0 0 0 0 0 0 0 0 0 
400 0 0 0 0 0 0 0 0 0 
500 0 0 0 0 0 0 0 0 0 
600 0 0 0 0 0 0 0 0 0 
700 5 6 0 0 0 0 0 0 0 
800 52 37 0 0 0 0 0 0 0 
900 119 96 0 0 0 0 0 0 0 
1000 213 263 0 0 0 0 0 0 0 
1100 370 484 0 94 0 2 0 0 0 
1200 1756 640 0 1791 1368 0 0 0 0 
1300 3737 1843 0 2841 3186 1 789 0 0 
1400 4846 4017 0 1575 4192 19 2954 0 0 
1500 5994 5725 0 1652 5250 25 4565 0 0 
1600 6798 6925 4 2973 5943 41 5623 0 0 
1700 7815 8159 0 4300 6928 47 6706 0 0 
1800 9068 9364 0 5656 7933 72 7684 0 0 
1900 9865 10297 0 6932 8889 109 8543 0 0 
2000 10542 10909 0 8116 9445 81 9088 0 0 
2100 11302 11704 2 9309 10128 75 9821 0 0 
2200 11828 12254 0 10223 10660 50 10214 0 0 
2300 12266 12744 0 10935 10998 38 10529 0 0 
2400 12760 12908 0 11490 11423 249 10952 0 0 
2500 12967 13019 4 11855 11707 809 11277 0 0 
2600 13065 13105 10 11792 11568 2044 11133 0 0 
2700 13011 13138 24 11990 11780 3438 11362 0 0 
2800 12993 13224 14 11820 11682 4971 11210 0 0 
2900 13036 13274 36 11827 11625 6581 11200 0 0 
3000 13098 13420 62 12000 11837 8208 11452 0 0 
3100 13165 13396 53 11925 11796 9574 11325 0 0 
3200 13099 13423 99 12038 11901 10616 11411 0 0 
3300 12995 13332 88 11949 11798 11332 11304 0 0 
3400 13027 13414 74 12011 11761 11987 11396 0 0 
3500 13008 13402 95 12010 11828 12406 11333 0 0 
3600 13137 13460 92 12005 11896 12820 11456 0 0 
3700 12992 13465 82 12018 11915 13146 11434 0 0 
3800 13048 13438 86 11957 11888 13135 11439 0 0 
3900 12987 13447 79 11928 11795 13055 11328 0 0 
4000 12955 13400 93 12066 11900 13111 11448 0 0 
4100 12926 13438 67 11998 11868 13107 11471 0 0 
4200 13091 13451 72 12133 11995 13163 11530 0 0 
4300 13121 13500 80 12124 12049 13191 11612 0 0 
4400 13108 13452 87 12163 12064 13169 11618 0 0 
4500 13010 13516 71 12191 12058 13227 11642 0 0 
4600 13045 13500 61 12245 12117 13249 11711 0 0 
4700 13015 13429 101 12218 12063 13170 11646 0 0 
4800 13085 13519 72 12192 12054 13211 11679 0 0 
4900 13161 13534 83 12265 12164 13275 11761 0 0 
5000 13169 13527 61 12283 12203 13238 11780 0 0 
5100 13073 13574 64 12261 12075 13264 11687 0 0 
5200 13007 13581 55 12272 12096 13340 11723 0 0 
5300 13086 13555 84 12284 12212 13260 11782 0 0 
5400 12984 13604 63 12256 12138 13287 11741 0 0 
5500 13154 13583 54 12298 12243 13299 11806 0 0 
5600 13151 13613 52 12410 12280 13427 11880 0 0 
5700 13060 13640 61 12328 12284 13350 11852 0 0 
5800 13006 13579 51 12242 12159 13331 11781 0 0 
5900 13171 13610 58 12388 12261 13372 11893 0 0 
6000 13159 13751 77 12449 12296 13300 11913 0 0 
6100 13133 13631 51 12463 12245 13336 11878 0 0 
6200 13050 13636 55 12401 12259 13276 11881 0 0 
6300 13183 13681 59 12373 12245 13314 11817 0 0 
6400 13203 13614 92 12373 12240 13339 11877 0 0 
6500 13165 13597 552 12489 12301 13426 12014 0 0 
6600 13090 13659 1436 12446 12190 13342 11913 0 0 
6700 13100 13606 2467 12479 12279 13286 11918 0 0 
6800 13142 13575 3539 12539 12270 13314 11925 0 0 
6900 12981 13529 4496 12530 12234 13223 11903 0 0 
7000 12969 13421 5767 12585 12218 13269 11957 0 0 
7100 13040 13503 7047 12597 12197 13251 11863 0 0 
7200 13034 13399 8213 12571 12179 13151 11832 0 0 
7300 13012 13319 9395 12615 12103 13142 11715 0 41 
7400 12964 13497 9779 12728 12242 13146 11867 0 2457 
7500 12933 13567 10221 12692 12137 13228 11862 0 4166 
7600 13022 13556 10617 12767 12139 13238 11919 0 5732 
7700 13078 13665 11171 12773 12118 13286 11868 0 7169 
7800 13013 13588 11571 12810 12156 13176 11893 0 8346 
7900 12993 13593 12056 12726 12079 13235 11833 3 9171 
8000 13075 13601 12322 12794 12164 13257 11890 1 9744 
8100 13124 13612 12556 12867 12133 13308 11833 1 10083 
8200 13043 13602 12738 12782 12060 13236 11786 0 10335 
8300 13044 13532 12892 12744 12084 13233 11834 2 10444 
8400 12953 13553 12930 12809 12169 13241 11876 2 10688 
8500 13028 13600 12901 12883 12183 13278 11930 0 10772 
8600 13095 13541 12936 12804 12030 13234 11862 3 10693 
8700 13043 13626 12957 12879 12202 13324 12014 5 10828 
8800 13043 13567 12911 12881 12175 13222 11965 0 10808 
8900 12994 13600 12894 12912 12199 13234 11985 1 10771 
9000 12991 13534 12919 12811 12011 13254 11840 2 10612 
9100 13184 13546 12905 12885 12179 13252 11893 1 10780 
9200 13143 13556 12934 12835 12075 13244 11890 5 10652 
9300 13026 13509 12828 12761 12061 13206 11848 0 10596 
9400 13126 13581 12942 12882 12116 13311 11924 2 10714 
9500 13030 13554 12922 12776 12017 13288 11820 4 10641 
9600 13052 13536 12927 12760 12068 13256 11810 3 10708 
9700 13042 13509 12930 12805 12070 13278 11881 0 10745 
9800 13135 13525 12942 12831 12057 13214 11888 2 10671 
9900 13133 13439 12776 12859 12052 13161 11831 2 10646 
10000 13091 13463 12815 12905 12109 13190 11880 0 10640 
