# Avida tasks data
# Wed Apr 12 20:21:29 2023
# First column gives the current update, next columns give the number
# of organisms that have the particular task as a component of their merit
#  1: Update
#  2: Not
#  3: Nand
#  4: And
#  5: OrNot
#  6: Or
#  7: AndNot
#  8: Nor
#  9: Xor
# 10: Equals

0 0 0 0 0 0 0 0 0 0 
100 0 0 0 0 0 0 0 0 0 
200 0 0 0 0 0 0 0 0 0 
300 0 0 0 0 0 0 0 0 0 
400 0 0 0 0 0 0 0 0 0 
500 0 0 0 0 0 0 0 0 0 
600 2 0 0 0 0 0 0 0 0 
700 26 0 0 0 0 0 0 0 0 
800 105 9 0 0 0 0 0 0 0 
900 356 22 0 0 0 0 0 0 0 
1000 940 9 0 72 12 0 0 0 0 
1100 1976 55 0 1410 1307 2 0 0 0 
1200 3297 52 0 2356 2252 601 552 0 0 
1300 4400 76 1 3312 3162 644 1774 0 0 
1400 5284 103 1 4216 4123 570 2870 0 0 
1500 6102 118 1 4953 4789 482 3815 0 0 
1600 6783 120 1 5751 5624 448 4752 0 0 
1700 7509 147 2 6565 6370 462 5588 0 0 
1800 8145 156 2 7258 7081 425 6325 0 0 
1900 8757 193 1 7971 7790 409 6968 0 0 
2000 9397 221 1 8639 8523 426 7601 0 0 
2100 9949 267 5 9236 9093 408 8265 0 0 
2200 10462 347 0 9888 9667 365 8883 0 0 
2300 10889 590 2 10235 10029 350 9215 0 0 
2400 11377 729 2 10699 10485 306 9732 0 0 
2500 11815 971 4 11061 10899 305 10041 0 0 
2600 12010 1361 2 11306 11127 284 10257 0 0 
2700 12298 1705 5 11596 11386 267 10507 0 0 
2800 12581 2200 4 11914 11722 270 10797 0 0 
2900 12728 2697 2 12073 11871 294 10920 0 0 
3000 12784 3158 36 12210 11977 254 11175 0 0 
3100 12954 3722 25 12314 12129 258 11167 0 0 
3200 13032 4260 29 12303 12027 252 11126 0 0 
3300 12933 4762 93 12340 12088 253 11186 0 0 
3400 13078 5069 202 12414 12096 307 11240 0 0 
3500 13015 5320 166 12405 12172 609 11151 0 0 
3600 13091 5439 203 12449 12232 1092 11259 0 1 
3700 13022 5721 210 12298 12002 1741 11089 0 1 
3800 13001 5805 213 12381 12126 2400 11177 0 0 
3900 13009 6036 256 12357 12132 3010 11189 0 0 
4000 13081 6410 276 12292 12138 3490 11157 0 0 
4100 13020 6889 257 12416 12206 4071 11233 0 0 
4200 12985 7170 251 12295 12105 4503 11073 0 0 
4300 13013 7394 238 12316 12080 5136 11200 0 0 
4400 13122 7513 249 12096 11971 5523 11031 0 0 
4500 13117 7796 235 12080 12040 6030 11021 0 0 
4600 13001 7973 265 12202 12090 6592 11130 0 0 
4700 12955 8077 327 12187 12126 7083 11226 0 0 
4800 12932 8213 324 12160 12039 7565 11190 0 0 
4900 12902 8274 361 12171 12105 7956 11243 0 0 
5000 12973 8474 394 12152 12079 8387 11246 0 0 
5100 12961 8600 450 12129 12116 8827 11288 0 0 
5200 12911 8811 470 12148 12099 9137 11248 0 1 
5300 12926 9024 456 12259 12057 9680 11281 0 0 
5400 12893 9124 510 12190 12137 9954 11316 0 0 
5500 12999 9299 572 12263 12180 10205 11312 0 0 
5600 12973 9493 545 12267 12195 10567 11388 0 0 
5700 12973 9608 535 12159 12190 10882 11301 0 0 
5800 12989 9970 426 12194 12150 11241 11210 0 0 
5900 12968 10183 438 12191 12131 11443 11263 0 0 
6000 12971 10466 433 12188 12109 11554 11249 0 0 
6100 12932 10718 508 12173 12111 11598 11253 0 0 
6200 13013 11048 496 12243 12193 11763 11380 0 0 
6300 13027 11167 420 12212 12171 11933 11325 0 0 
6400 13018 11405 389 12297 12150 12020 11356 0 0 
6500 13026 11456 369 12272 12198 12137 11400 0 0 
6600 12910 11576 397 12228 12175 12114 11330 0 0 
6700 13018 11754 379 12279 12248 12234 11357 0 0 
6800 12956 11938 456 12216 12120 12224 11323 0 0 
6900 12981 11942 638 12292 12190 12098 11379 0 0 
7000 12953 12090 718 12242 12164 12217 11265 0 128 
7100 12918 12049 442 12310 12136 12162 11225 0 911 
7200 12931 12253 509 12250 12132 12135 11137 0 2114 
7300 13003 12355 497 12324 12183 12125 11204 1 3178 
7400 12997 12422 596 12363 12185 12211 11187 0 4107 
7500 13025 12514 815 12348 12177 12289 11172 0 4968 
7600 13003 12691 1895 12362 12228 12116 11110 2 5537 
7700 13120 12744 3389 12455 12256 12032 11199 0 6110 
7800 13088 12804 4480 12516 12312 11956 11269 2 6621 
7900 13059 12935 5537 12506 12302 11724 11226 0 7001 
8000 13156 12995 6428 12553 12326 11806 11353 0 7494 
8100 13121 13040 7218 12461 12280 11610 11178 2 7669 
8200 13135 13159 7922 12456 12324 11585 11242 5 8115 
8300 13204 13209 8608 12501 12274 11420 11220 3 8344 
8400 13307 13309 9214 12614 12292 11416 11280 3 8666 
8500 13339 13295 9805 12565 12355 11360 11277 1 8885 
8600 13352 13464 10336 12705 12435 11447 11440 6 9268 
8700 13390 13471 10833 12597 12297 11279 11325 1 9333 
8800 13419 13368 11105 12648 12380 11216 11380 5 9418 
8900 13348 13433 11485 12661 12382 11209 11366 3 9553 
9000 13412 13459 11720 12686 12350 11167 11369 6 9661 
9100 13440 13539 11929 12797 12524 11194 11462 3 9766 
9200 13516 13522 12034 12828 12511 11131 11558 4 9889 
9300 13489 13470 12226 12735 12508 11073 11479 4 9906 
9400 13447 13454 12279 12694 12456 10876 11393 8 9783 
9500 13414 13540 12449 12696 12398 11049 11412 2 9903 
9600 13450 13516 12410 12675 12367 10867 11398 6 9762 
9700 13568 13554 12613 12714 12476 11072 11464 5 10033 
9800 13488 13559 12570 12782 12481 10983 11451 1 9947 
9900 13524 13547 12430 12659 12444 10871 11426 4 9927 
10000 13451 13567 12555 12741 12437 10898 11389 0 9950 
