# Avida tasks data
# Wed Apr 12 20:56:36 2023
# First column gives the current update, next columns give the number
# of organisms that have the particular task as a component of their merit
#  1: Update
#  2: Not
#  3: Nand
#  4: And
#  5: OrNot
#  6: Or
#  7: AndNot
#  8: Nor
#  9: Xor
# 10: Equals

0 0 0 0 0 0 0 0 0 0 
100 0 0 0 0 0 0 0 0 0 
200 0 0 0 0 0 0 0 0 0 
300 0 0 0 0 0 0 0 0 0 
400 0 0 0 0 0 0 0 0 0 
500 4 0 0 0 0 0 0 0 0 
600 214 0 0 0 0 0 0 0 0 
700 749 0 0 0 0 0 0 0 0 
800 1660 0 0 0 0 0 0 0 0 
900 2754 17 3 4 0 0 0 0 0 
1000 3682 30 29 140 0 0 0 0 0 
1100 3825 102 46 1088 745 51 0 0 0 
1200 2959 135 7 2902 2395 78 1726 0 0 
1300 3517 117 6 4171 3579 69 3123 0 0 
1400 4689 137 23 5352 4723 82 4318 0 0 
1500 5539 139 37 6557 5804 105 5412 0 0 
1600 6702 145 49 7529 6802 95 6316 0 0 
1700 7628 152 44 8606 7752 150 7217 0 0 
1800 8698 189 77 9473 8527 183 7833 0 0 
1900 9338 183 41 10387 9343 189 8653 0 3 
2000 10278 202 63 11143 10086 178 9300 0 0 
2100 10700 222 71 11508 10297 165 9605 0 0 
2200 11191 193 62 11898 10692 183 9960 0 0 
2300 11453 235 70 12065 10831 188 10070 0 0 
2400 11957 235 83 12171 10950 206 10169 0 0 
2500 12110 197 62 12181 11008 181 10256 0 0 
2600 12202 222 68 12123 10967 178 10222 0 0 
2700 12462 268 79 12204 10970 239 10255 0 0 
2800 12449 245 82 12250 10924 186 10157 0 0 
2900 12516 241 70 12178 10883 195 10165 0 0 
3000 12491 218 75 12208 10972 207 10284 0 0 
3100 12554 210 95 12279 11015 160 10362 0 0 
3200 12536 204 70 12199 11018 161 10274 0 0 
3300 12406 204 58 12121 10924 175 10129 0 0 
3400 12516 208 61 12204 10994 193 10225 0 1 
3500 12607 194 75 12281 11052 167 10357 0 0 
3600 12740 196 69 12256 11032 189 10334 0 0 
3700 12510 246 85 12167 10993 171 10324 0 0 
3800 12483 217 72 12180 10927 197 10245 0 0 
3900 12438 215 86 12227 10948 244 10275 0 0 
4000 12576 215 74 12270 11111 201 10373 0 0 
4100 12607 207 87 12230 10982 178 10279 0 0 
4200 12556 220 82 12277 11033 175 10350 0 0 
4300 12415 238 79 12202 10946 202 10279 0 0 
4400 12522 212 67 12228 10960 183 10376 0 0 
4500 12512 200 76 12202 11086 173 10401 0 0 
4600 12549 205 89 12244 11132 164 10496 0 0 
4700 12634 198 62 12319 11168 197 10519 0 0 
4800 12710 189 74 12341 11163 208 10514 0 0 
4900 12642 184 67 12335 11234 159 10558 0 0 
5000 12734 155 72 12321 11239 110 10650 0 0 
5100 12748 183 75 12288 11225 143 10595 0 0 
5200 12698 196 76 12355 11182 193 10570 0 0 
5300 12840 214 86 12427 11293 185 10653 0 0 
5400 12784 216 92 12372 11170 185 10454 0 0 
5500 12922 168 79 12442 11364 153 10759 0 0 
5600 12927 170 70 12413 11247 118 10580 0 0 
5700 12910 211 92 12400 11212 135 10610 0 0 
5800 12919 202 88 12509 11299 188 10657 0 0 
5900 12872 168 86 12438 11282 171 10705 0 0 
6000 12950 206 88 12399 11257 142 10761 0 0 
6100 12949 163 85 12395 11222 175 10675 0 0 
6200 12996 169 75 12488 11254 163 10621 0 0 
6300 12931 175 75 12409 11149 157 10636 0 0 
6400 13066 190 89 12474 11178 173 10564 0 0 
6500 13003 169 83 12395 11270 141 10661 0 0 
6600 13071 190 108 12476 11320 152 10807 0 0 
6700 13048 224 125 12361 11201 157 10627 0 0 
6800 13082 178 86 12482 11276 175 10733 0 0 
6900 13094 159 89 12451 11185 142 10672 0 0 
7000 13150 193 99 12493 11304 120 10788 0 0 
7100 13100 151 79 12432 11303 134 10748 0 0 
7200 13088 146 75 12528 11305 104 10775 0 0 
7300 13135 194 94 12414 11298 106 10724 0 0 
7400 13177 152 91 12576 11346 130 10850 0 0 
7500 13109 160 83 12538 11288 147 10773 0 0 
7600 13132 150 72 12531 11385 111 10855 0 0 
7700 13188 147 87 12572 11306 112 10746 0 0 
7800 13115 179 87 12406 11213 107 10708 0 0 
7900 13265 155 81 12573 11464 169 10919 0 0 
8000 13212 158 84 12554 11448 111 10906 0 0 
8100 13208 165 92 12510 11355 128 10821 0 0 
8200 13205 168 105 12491 11338 106 10802 0 0 
8300 13245 193 115 12505 11278 149 10774 0 0 
8400 13283 162 101 12582 11366 143 10836 0 0 
8500 13279 174 90 12540 11355 127 10844 0 0 
8600 13217 153 75 12593 11418 123 10858 0 0 
8700 13231 144 71 12609 11466 130 10950 0 0 
8800 13189 176 88 12535 11329 129 10782 0 0 
8900 13220 176 92 12472 11276 133 10768 0 0 
9000 13257 161 93 12495 11347 130 10792 0 0 
9100 13276 157 91 12532 11430 129 10930 0 0 
9200 13295 167 88 12615 11485 142 10935 0 0 
9300 13311 178 93 12576 11465 118 10931 0 0 
9400 13250 197 104 12535 11470 125 10930 0 0 
9500 13275 188 107 12525 11330 159 10864 0 0 
9600 13230 154 101 12599 11416 151 10830 0 0 
9700 13311 142 91 12584 11458 143 10908 0 0 
9800 13284 173 93 12588 11440 150 10895 0 0 
9900 13286 179 112 12570 11379 137 10881 0 0 
10000 13341 179 97 12568 11383 150 10904 0 0 
