# Avida tasks data
# Wed Apr 12 20:38:38 2023
# First column gives the current update, next columns give the number
# of organisms that have the particular task as a component of their merit
#  1: Update
#  2: Not
#  3: Nand
#  4: And
#  5: OrNot
#  6: Or
#  7: AndNot
#  8: Nor
#  9: Xor
# 10: Equals

0 0 0 0 0 0 0 0 0 0 
100 0 0 0 0 0 0 0 0 0 
200 0 0 0 0 0 0 0 0 0 
300 0 0 0 0 0 0 0 0 0 
400 0 0 0 0 0 0 0 0 0 
500 16 0 0 0 0 0 0 0 0 
600 97 10 0 0 0 0 0 0 0 
700 374 27 0 0 0 0 0 0 0 
800 958 106 0 9 0 0 0 0 0 
900 1584 258 0 309 0 0 0 0 0 
1000 1681 492 0 1476 451 0 0 0 0 
1100 1773 1682 0 3968 2743 59 0 0 0 
1200 1696 992 6 5364 4095 2421 0 0 0 
1300 1967 1054 4 6332 5103 4354 1 0 0 
1400 2627 1667 2 7329 6056 5881 5 0 0 
1500 3576 2642 294 8321 7166 7379 3 0 0 
1600 5024 4010 1429 9193 8061 8445 417 0 0 
1700 6329 4370 1730 9841 8785 9212 1314 0 0 
1800 7359 4498 1965 10484 9513 9928 2399 0 0 
1900 8244 4356 1988 10942 10012 10362 3466 0 0 
2000 8860 4498 1939 11213 10305 10572 4534 0 0 
2100 9468 4953 1864 11422 10547 10751 5400 0 0 
2200 9970 5611 1862 11420 10810 10946 6304 0 0 
2300 10580 6168 1764 11558 11033 11142 7139 0 0 
2400 11074 6753 1703 11631 11176 11342 7779 0 0 
2500 11482 7598 1783 11707 11504 11649 8442 0 0 
2600 11902 8178 1774 11613 11759 11909 9162 0 0 
2700 12272 8639 1731 11594 11934 12015 9640 0 0 
2800 12492 9173 2043 11539 11947 12173 9943 0 0 
2900 12601 9567 2508 11477 12170 12299 10444 0 0 
3000 12751 10017 3162 11487 12110 12289 10472 0 0 
3100 12852 10386 3696 11585 12174 12451 10720 0 0 
3200 12909 10709 4385 11631 12225 12415 10838 0 0 
3300 12925 11048 5071 11744 12273 12483 10877 0 0 
3400 12835 11329 5925 11801 12269 12404 10974 0 0 
3500 12775 11507 6613 11895 12205 12485 10973 0 0 
3600 12870 11883 7292 12013 12200 12392 10950 0 0 
3700 12858 12037 8068 12098 12252 12384 10826 0 0 
3800 12798 12307 8824 12220 12233 12425 10807 0 0 
3900 12812 12469 9395 12387 12282 12450 10918 0 0 
4000 12875 12690 9862 12522 12258 12406 10844 0 0 
4100 12782 12805 10318 12528 12238 12377 10912 0 0 
4200 12775 12951 10793 12574 12272 12490 10885 0 0 
4300 12906 13031 11179 12651 12218 12366 10880 0 0 
4400 12905 13114 11521 12770 12214 12470 10859 0 0 
4500 12966 13125 11698 12757 12294 12375 10906 0 0 
4600 12870 13153 11865 12745 12354 12444 10934 0 0 
4700 12870 13146 11941 12833 12312 12461 10988 0 0 
4800 12911 13131 12091 12755 12294 12444 10891 0 0 
4900 12973 13264 12214 12753 12277 12458 11024 0 0 
5000 12932 13174 12248 12812 12359 12546 11118 0 0 
5100 13021 13252 12327 12799 12333 12573 11032 0 0 
5200 12979 13262 12350 12815 12350 12570 11060 0 0 
5300 13055 13198 12361 12848 12335 12542 11061 0 0 
5400 13079 13277 12313 12916 12334 12534 11034 0 1 
5500 13115 13265 12399 12856 12329 12502 11080 0 0 
5600 13117 13150 12384 12845 12331 12524 11147 0 0 
5700 13096 13224 12350 12885 12353 12558 11199 0 0 
5800 13014 13202 12371 12841 12350 12541 11088 0 0 
5900 13128 13251 12408 12910 12336 12591 11117 0 1 
6000 13083 13257 12397 12819 12394 12519 11180 2 2 
6100 13040 13267 12396 12877 12349 12614 11147 1 0 
6200 13034 13288 12355 12845 12295 12586 11154 0 0 
6300 13045 13317 12438 12936 12383 12538 11266 0 0 
6400 12959 13269 12416 12774 12344 12598 11225 0 0 
6500 12927 13229 12350 12735 12283 12460 11110 0 0 
6600 12914 13179 12337 12813 12297 12486 11131 0 0 
6700 12998 13277 12440 12875 12348 12549 11243 0 0 
6800 13031 13226 12390 12809 12384 12602 11363 0 0 
6900 13003 13287 12468 12801 12337 12619 11308 0 0 
7000 13000 13200 12417 12845 12389 12591 11316 0 0 
7100 13023 13263 12416 12952 12389 12658 11410 0 0 
7200 12986 13246 12360 12805 12310 12570 11324 0 0 
7300 12885 13316 12426 12740 12332 12551 11321 0 0 
7400 13014 13319 12437 12969 12478 12684 11511 0 0 
7500 12923 13260 12487 12851 12357 12627 11427 0 23 
7600 12950 13266 12384 12848 12364 12651 11283 0 99 
7700 12948 13254 12448 12912 12395 12659 11285 0 238 
7800 12977 13315 12507 12954 12514 12731 11295 1 342 
7900 12962 13388 12493 12892 12437 12658 10950 2 564 
8000 12896 13277 12478 12913 12379 12706 10656 0 851 
8100 12929 13284 12351 12993 12478 12681 10482 0 1160 
8200 12918 13231 12329 12857 12404 12680 10066 0 1425 
8300 12905 13342 12509 12936 12493 12743 9704 2 1856 
8400 12952 13361 12475 13061 12535 12772 9438 0 2236 
8500 12892 13289 12360 13004 12409 12623 8868 0 2609 
8600 12970 13359 12557 13072 12523 12717 8356 0 3284 
8700 13003 13360 12382 13037 12508 12699 7839 1 3689 
8800 13031 13409 12490 13044 12415 12603 7322 4 4139 
8900 12966 13338 12496 13067 12357 12624 6923 0 4527 
9000 12992 13450 12566 13089 12174 12627 6621 1 5041 
9100 13017 13395 12430 13152 12126 12742 6873 0 5588 
9200 13077 13380 12453 13145 12264 12791 7586 0 6371 
9300 13032 13418 12492 13131 12367 12748 8089 4 7142 
9400 13114 13433 12514 13192 12412 12735 8594 9 7858 
9500 13271 13429 12529 13215 12454 12732 9215 4 8573 
9600 13216 13446 12624 13238 12450 12769 9740 4 9107 
9700 13209 13442 12468 13121 12441 12656 10182 15 9555 
9800 13161 13463 12549 13173 12423 12698 10543 6 9921 
9900 13254 13441 12613 13245 12463 12697 11003 11 10305 
10000 13332 13461 12578 13176 12353 12690 11085 9 10445 
