# Avida tasks data
# Thu Apr 13 09:44:53 2023
# First column gives the current update, next columns give the number
# of organisms that have the particular task as a component of their merit
#  1: Update
#  2: Not
#  3: Nand
#  4: And
#  5: OrNot
#  6: Or
#  7: AndNot
#  8: Nor
#  9: Xor
# 10: Equals

0 0 0 0 0 0 0 0 0 0 
100 0 0 0 0 0 0 0 0 0 
200 0 0 0 0 0 0 0 0 0 
300 0 0 0 0 0 0 0 0 0 
400 0 0 0 0 0 0 0 0 0 
500 0 0 0 0 0 0 0 0 0 
600 0 0 0 0 0 0 0 0 0 
700 11 0 0 0 0 0 0 0 0 
800 53 0 0 0 0 0 0 0 0 
900 129 12 0 0 0 0 0 0 0 
1000 282 85 0 7 0 0 0 0 0 
1100 526 176 0 162 0 0 0 0 0 
1200 740 605 0 1474 962 0 0 0 0 
1300 2406 771 2 3464 2849 3 0 0 0 
1400 4275 823 1 5117 4480 0 0 0 0 
1500 5756 845 0 6383 5706 0 0 0 0 
1600 7004 799 0 7555 6844 2 0 0 0 
1700 8013 844 0 8571 7762 288 23 0 0 
1800 8889 1750 662 9008 8404 815 1297 0 0 
1900 9256 2561 1258 9405 8916 1340 2137 0 0 
2000 9655 3387 1697 9513 9198 1764 2904 0 0 
2100 9915 4080 2114 9780 9504 2194 3607 0 0 
2200 10358 4691 2596 10117 9954 2711 4218 0 0 
2300 10721 5474 2964 10476 10307 3099 4789 0 0 
2400 10985 6172 3188 10754 10597 3381 5292 0 0 
2500 11254 6692 3380 11050 10843 3538 5639 0 0 
2600 11504 7280 3666 11247 11129 3886 5826 0 0 
2700 11797 7928 3868 11507 11362 4197 6158 0 0 
2800 12022 8162 4095 11631 11488 5089 6331 0 0 
2900 12307 8492 4213 11912 11812 6369 6761 0 0 
3000 12350 8734 3958 12082 12047 7388 7250 0 0 
3100 12531 8640 3743 12166 12125 8423 7529 0 0 
3200 12499 8742 3414 12080 12014 9138 7731 0 0 
3300 12551 9027 3076 12064 12071 9815 8207 0 0 
3400 12550 9232 2793 12082 12095 10350 8490 0 0 
3500 12549 9561 2534 12071 12025 10684 8685 0 0 
3600 12479 9878 2234 11989 11984 11080 8963 0 0 
3700 12413 10366 2015 12025 12043 11418 9362 0 0 
3800 12548 10675 1873 12171 12123 11721 9737 0 0 
3900 12611 10919 1749 12029 12048 11998 9889 0 0 
4000 12508 11068 1723 12070 12216 12282 10292 0 0 
4100 12550 11114 1669 12105 12260 12536 10686 0 0 
4200 12597 11076 1794 12130 12178 12701 10720 0 0 
4300 12647 10852 2064 12018 12150 12664 10845 0 0 
4400 12636 10635 2224 12039 12207 12794 11067 0 0 
4500 12769 10272 2458 12076 12230 12767 11184 0 0 
4600 12666 9738 2962 12033 12097 12916 11152 0 0 
4700 12690 9597 3361 12214 12256 13024 11417 0 0 
4800 12593 9333 3880 12190 12288 12992 11360 0 0 
4900 12712 9408 4527 12162 12222 13061 11294 0 0 
5000 12673 9332 5184 12150 12269 13005 11368 0 0 
5100 12726 9481 5767 12193 12234 13053 11307 0 0 
5200 12609 9751 6311 12272 12293 13015 11365 0 0 
5300 12667 10028 6986 12198 12177 13118 11350 0 0 
5400 12775 10031 7541 12158 12071 13118 11231 0 0 
5500 12745 10231 8170 12160 12157 13099 11260 0 0 
5600 12689 10718 8932 12197 12093 13211 11289 0 0 
5700 12678 11057 9273 12244 12143 13158 11330 0 0 
5800 12608 11421 9784 12199 12148 13255 11187 0 0 
5900 12596 11607 10050 12259 12101 13123 11147 0 0 
6000 12731 11996 10609 12199 12159 13188 11273 0 0 
6100 12772 12184 11103 12348 12186 13280 11245 0 2 
6200 12650 12296 11499 12202 12199 13236 11287 0 0 
6300 12681 12234 11764 12269 12233 13229 11355 0 0 
6400 12853 12411 11985 12330 12234 13256 11367 0 0 
6500 12711 12540 12011 12255 12128 13257 11334 0 0 
6600 12737 12684 12062 12303 12244 13259 11386 0 2 
6700 12659 12775 12189 12259 12137 13244 11314 0 0 
6800 12839 12692 12072 12334 12279 13206 11379 0 0 
6900 12869 12728 12080 12269 12184 13246 11296 0 0 
7000 12738 12690 11996 12211 12246 13259 11357 0 0 
7100 12781 12600 12072 12387 12254 13198 11387 0 0 
7200 12759 12740 12118 12289 12185 13272 11312 0 0 
7300 12764 12683 12131 12245 12223 13175 11347 0 0 
7400 12856 12711 12176 12367 12306 13184 11482 0 0 
7500 12823 12740 12160 12428 12330 13228 11438 0 0 
7600 12954 12694 12189 12405 12331 13228 11497 0 0 
7700 12843 12790 12198 12375 12285 13248 11383 0 0 
7800 12916 12814 12140 12426 12395 13227 11478 0 0 
7900 12752 12781 12238 12480 12290 13304 11393 0 0 
8000 12852 12829 12230 12482 12323 13336 11496 0 0 
8100 12749 12830 12279 12473 12327 13321 11485 0 0 
8200 12845 12738 12209 12491 12379 13251 11524 0 0 
8300 12909 12753 12248 12527 12308 13302 11466 0 0 
8400 12851 12777 12140 12484 12385 13199 11529 0 0 
8500 13004 12835 12165 12482 12300 13342 11442 0 0 
8600 12917 12833 12235 12536 12335 13378 11514 0 1 
8700 12875 12846 12348 12562 12390 13367 11530 0 0 
8800 12850 12857 12266 12511 12338 13327 11572 0 0 
8900 12845 12882 12353 12428 12243 13396 11453 0 2 
9000 12925 12867 12409 12671 12446 13431 11671 0 0 
9100 12850 12920 12350 12563 12320 13326 11535 0 0 
9200 12901 12867 12378 12615 12411 13383 11679 0 0 
9300 12925 12831 12302 12665 12458 13353 11593 0 0 
9400 12973 12936 12360 12650 12347 13379 11606 0 0 
9500 13006 12913 12311 12732 12383 13340 11639 0 0 
9600 12949 12844 12307 12631 12412 13337 11631 0 0 
9700 12879 12904 12334 12713 12373 13397 11653 0 0 
9800 12883 12940 12332 12664 12472 13350 11702 0 0 
9900 12925 12945 12430 12691 12464 13381 11729 0 0 
10000 12985 12853 12391 12638 12429 13323 11704 0 0 
