# Avida tasks data
# Thu Apr 13 10:34:39 2023
# First column gives the current update, next columns give the number
# of organisms that have the particular task as a component of their merit
#  1: Update
#  2: Not
#  3: Nand
#  4: And
#  5: OrNot
#  6: Or
#  7: AndNot
#  8: Nor
#  9: Xor
# 10: Equals

0 0 0 0 0 0 0 0 0 0 
100 0 0 0 0 0 0 0 0 0 
200 0 0 0 0 0 0 0 0 0 
300 0 0 0 0 0 0 0 0 0 
400 0 0 0 0 0 0 0 0 0 
500 8 0 0 0 0 0 0 0 0 
600 113 5 0 0 0 0 0 0 0 
700 577 7 0 0 0 0 0 0 0 
800 1318 38 0 0 0 0 0 0 0 
900 2344 80 0 9 0 0 0 0 0 
1000 3034 307 7 123 0 11 0 0 0 
1100 3457 2083 6 1651 1 1673 0 0 0 
1200 3510 4200 11 3539 0 3603 0 0 0 
1300 3441 5739 10 4758 358 4806 361 0 0 
1400 3474 6446 18 5965 2271 3777 2287 0 0 
1500 3393 4987 16 6675 3483 4882 3517 0 0 
1600 3159 3689 19 7404 4790 5901 4806 0 0 
1700 3206 2770 13 8200 5956 6799 5973 0 0 
1800 3700 2181 11 8954 6882 7736 6918 0 0 
1900 4338 1654 224 9647 7705 8626 7719 0 0 
2000 5457 1373 1581 10110 8281 9140 8294 0 0 
2100 6836 1342 1592 10332 8512 9425 8543 0 1838 
2200 7814 1287 1508 10664 8829 9745 8872 0 3277 
2300 8816 1166 1354 11034 9158 10199 9226 0 4770 
2400 9914 985 1180 11444 9785 10612 9854 0 6269 
2500 10702 961 1099 11948 10113 11147 10178 0 7241 
2600 11500 1194 956 12394 10521 11603 10604 0 8174 
2700 12004 1475 711 12920 10889 12101 11024 0 8888 
2800 12364 2178 587 13172 11161 12399 11235 0 9388 
2900 12483 2952 491 13440 11415 12659 11561 0 9806 
3000 12584 3675 405 13591 11485 12825 11583 0 9965 
3100 12788 4512 305 13642 11479 12909 11599 0 10121 
3200 12798 5133 273 13652 11548 12928 11676 0 10279 
3300 12955 5826 191 13697 11387 12963 11504 1 10280 
3400 12997 6655 197 13702 11453 13040 11568 0 10418 
3500 13263 7470 208 13685 11432 12907 11579 0 10370 
3600 13337 8086 181 13690 11643 12891 11719 0 10540 
3700 13343 8559 176 13737 11573 12990 11659 0 10417 
3800 13311 8871 172 13713 11460 12985 11613 0 10361 
3900 13414 9501 156 13697 11554 13006 11708 0 10505 
4000 13344 10020 188 13707 11573 12988 11660 0 10480 
4100 13415 10467 199 13707 11570 12995 11678 1 10482 
4200 13441 10924 174 13673 11470 12921 11642 0 10420 
4300 13412 11389 174 13716 11540 12923 11595 0 10382 
4400 13384 11692 185 13670 11519 12872 11691 0 10447 
4500 13504 11889 140 13754 11520 12988 11611 0 10432 
4600 13408 12089 168 13712 11492 12877 11579 0 10397 
4700 13439 12176 167 13697 11517 12923 11614 1 10367 
4800 13455 12348 195 13730 11600 12981 11650 1 10460 
