# Avida tasks data
# Wed Apr 12 20:04:51 2023
# First column gives the current update, next columns give the number
# of organisms that have the particular task as a component of their merit
#  1: Update
#  2: Not
#  3: Nand
#  4: And
#  5: OrNot
#  6: Or
#  7: AndNot
#  8: Nor
#  9: Xor
# 10: Equals

0 0 0 0 0 0 0 0 0 0 
100 0 0 0 0 0 0 0 0 0 
200 0 0 0 0 0 0 0 0 0 
300 0 0 0 0 0 0 0 0 0 
400 0 0 0 0 0 0 0 0 0 
500 4 2 0 0 0 0 0 0 0 
600 67 2 0 0 0 0 0 0 0 
700 313 48 0 0 0 0 0 0 0 
800 785 141 0 15 0 0 0 0 0 
900 1343 191 0 246 0 0 0 0 0 
1000 1994 469 0 1228 2 0 0 0 0 
1100 2621 715 0 2657 987 65 0 0 0 
1200 3236 884 3 3806 2634 104 187 0 0 
1300 2822 749 20 3210 3903 1691 1860 0 0 
1400 3458 697 57 3077 4754 2995 3128 0 0 
1500 3751 705 83 4001 5722 4072 4210 0 0 
1600 4615 703 91 5054 6449 4762 4861 0 0 
1700 5954 630 81 6123 7448 5707 5744 0 0 
1800 6727 601 95 6664 7978 6221 6253 0 0 
1900 7601 618 120 7339 8580 6857 6814 0 0 
2000 8389 621 135 8122 9262 7510 7485 0 0 
2100 9057 592 129 8585 9656 7920 7808 0 0 
2200 9519 585 148 8990 10071 8328 8247 0 0 
2300 10203 539 146 9455 10457 8904 8813 0 0 
2400 10764 539 156 9926 10842 9319 9091 0 0 
2500 11130 539 195 10285 11102 9603 9428 0 0 
2600 11615 531 174 10649 11416 10006 9767 0 0 
2700 11997 579 143 10997 11707 10376 10042 0 0 
2800 12274 622 172 11235 11962 10692 10414 0 0 
2900 12360 706 216 11493 12154 10834 10466 0 0 
3000 12605 779 201 11673 12418 11052 10791 0 0 
3100 12691 931 189 11760 12402 11184 10875 0 0 
3200 12719 1111 210 11756 12387 11095 10786 0 0 
3300 12687 1226 173 11631 12369 11121 10788 0 0 
3400 12682 1505 163 11749 12380 11129 10817 0 0 
3500 12686 1754 215 11880 12380 11110 10875 0 0 
3600 12737 2067 201 11860 12430 11140 10849 0 0 
3700 12734 2316 172 11819 12395 11116 10841 0 0 
3800 12675 2733 179 11803 12322 11067 10795 0 0 
3900 12684 3144 208 11834 12333 11102 10887 0 0 
4000 12646 3443 182 11869 12366 11184 10958 0 0 
4100 12582 3896 183 11814 12318 11132 10868 0 0 
4200 12646 4428 187 11910 12248 11101 10803 0 0 
4300 12711 4692 167 11866 12303 11180 10917 0 0 
4400 12724 5106 181 11838 12221 11086 10834 0 0 
4500 12637 5506 160 12005 12249 11126 10929 0 0 
4600 12647 5883 166 11889 12170 11064 10880 0 0 
4700 12595 6365 174 11842 12130 10990 10779 1 0 
4800 12711 6849 168 11971 12299 11154 11006 0 2 
4900 12637 7319 169 11962 12198 11068 10918 0 0 
5000 12706 7682 177 11979 12179 10992 10853 0 2 
5100 12693 8128 163 12059 12155 11077 10948 0 1 
5200 12516 8479 210 11951 12118 11069 10811 1 0 
5300 12509 8664 175 11923 12143 11026 10802 1 0 
5400 12649 8982 156 11968 12190 11041 10926 0 0 
5500 12648 9281 160 11988 12120 10973 10841 0 0 
5600 12581 9463 173 11949 12166 10984 10801 0 0 
5700 12524 9863 190 11865 12141 10909 10796 2 0 
5800 12625 10143 163 11942 12163 10997 10913 0 0 
5900 12707 10496 141 12002 12227 11126 11000 0 0 
6000 12685 10705 165 12094 12234 11123 10972 0 0 
6100 12594 10858 150 11928 12154 11080 10954 0 0 
6200 12572 11115 169 12040 12175 11104 10940 0 1 
6300 12637 11177 173 11958 12215 11045 10882 0 0 
6400 12683 11320 175 11959 12067 11032 10897 0 0 
6500 12682 11335 163 12008 12115 11033 10893 0 0 
6600 12604 11411 183 11948 12052 10895 10821 0 0 
6700 12531 11563 162 11907 12105 10896 10827 0 0 
6800 12604 11688 175 12096 12082 11062 10908 0 0 
6900 12580 11599 176 11997 12073 10902 10839 0 0 
