# Avida tasks data
# Thu Apr 13 01:16:41 2023
# First column gives the current update, next columns give the number
# of organisms that have the particular task as a component of their merit
#  1: Update
#  2: Not
#  3: Nand
#  4: And
#  5: OrNot
#  6: Or
#  7: AndNot
#  8: Nor
#  9: Xor
# 10: Equals

0 0 0 0 0 0 0 0 0 0 
100 0 0 0 0 0 0 0 0 0 
200 0 0 0 0 0 0 0 0 0 
300 0 0 0 0 0 0 0 0 0 
400 0 0 0 0 0 0 0 0 0 
500 3 31 0 1 0 0 0 0 0 
600 5 54 0 168 0 0 0 0 0 
700 35 846 0 1348 0 0 0 0 0 
800 678 3172 43 3740 0 8 0 0 0 
900 829 5976 59 6530 0 2537 0 0 0 
1000 844 8012 73 8322 5 4924 542 0 0 
1100 758 9398 49 9622 8 6600 2769 0 0 
1200 558 10202 25 10214 10 7766 4077 0 245 
1300 510 10831 36 10782 9 8773 4723 0 814 
1400 439 11392 45 11487 9 9604 5337 0 1458 
1500 458 11833 80 11771 5 10301 5533 0 2140 
1600 545 12224 125 12160 6 10975 5653 0 2906 
1700 597 12393 156 12207 8 11346 5335 0 3650 
1800 714 12610 156 12421 31 11578 5220 0 4172 
1900 813 12695 96 12621 27 11676 4767 0 4821 
2000 1063 12896 59 12775 32 11882 4418 0 5519 
2100 1180 12980 48 12867 43 11987 4533 2 5963 
2200 1020 13047 48 12853 28 12106 5231 1 6860 
2300 826 13233 49 12955 39 12244 5985 0 7642 
2400 1032 13105 124 12921 46 12237 6662 0 8046 
2500 1249 13056 200 12932 103 12270 7185 1 8547 
2600 1463 13003 442 12902 136 12323 7770 2 9075 
2700 1478 12944 1089 12935 148 12305 8285 0 9433 
2800 1400 13064 1857 12970 153 12380 8572 1 9624 
2900 1257 13107 2995 12973 171 12393 8714 0 9726 
3000 1137 13259 4229 12959 181 12413 8935 2 9942 
3100 987 13364 5477 13020 178 12411 9135 0 10178 
3200 846 13362 6855 13032 142 12448 9368 1 10408 
3300 724 13355 8042 13034 139 12453 9436 0 10517 
3400 658 13414 9014 13003 174 12468 9629 0 10580 
3500 614 13427 10043 13111 173 12638 9831 0 10672 
3600 608 13402 10840 13126 166 12449 9692 0 10539 
3700 602 13441 11440 13149 190 12543 9843 0 10641 
3800 636 13429 11922 13130 185 12564 9908 1 10700 
3900 557 13507 12438 13145 140 12601 9997 3 10732 
4000 504 13497 12764 13147 125 12606 10036 0 10771 
4100 498 13484 12821 13192 128 12595 10032 4 10804 
4200 467 13510 13078 13228 147 12733 10144 0 10970 
4300 494 13488 13097 13175 153 12643 10011 0 10846 
4400 539 13487 13111 13118 131 12677 10235 0 10970 
4500 525 13571 13095 13214 150 12696 10039 0 10781 
4600 590 13467 12958 13106 157 12659 10003 0 10798 
4700 472 13508 13064 13194 159 12685 10117 1 10905 
4800 541 13538 13102 13262 142 12720 10181 4 10895 
4900 527 13516 13092 13231 166 12637 10056 2 10846 
5000 520 13491 13109 13192 239 12709 10105 0 10957 
5100 462 13581 13125 13314 136 12819 10361 3 11112 
5200 531 13520 13109 13196 112 12661 10151 2 10907 
5300 566 13486 13067 13198 134 12735 10212 2 10967 
5400 538 13558 13133 13292 124 12782 10273 1 11039 
5500 521 13534 13176 13263 131 12759 10217 0 10935 
5600 472 13537 13137 13224 131 12722 10201 0 10966 
5700 500 13478 13075 13249 116 12737 10253 2 10986 
5800 527 13525 13167 13255 160 12739 10284 0 11050 
5900 535 13539 13123 13270 161 12800 10265 1 11002 
6000 514 13537 13233 13270 170 12775 10300 0 11076 
6100 529 13500 13110 13206 173 12712 10208 0 10945 
6200 567 13506 13110 13211 119 12743 10222 1 10939 
6300 532 13491 12997 13260 157 12825 10260 0 10996 
6400 528 13425 13153 13193 130 12806 10220 2 10915 
6500 479 13519 13172 13203 125 12726 10297 0 10983 
6600 544 13486 13082 13283 140 12733 10314 2 11026 
6700 450 13524 13097 13307 175 12801 10367 0 11148 
6800 559 13507 13080 13258 84 12731 10316 0 10951 
6900 560 13561 13176 13259 147 12755 10203 0 11006 
7000 517 13515 13180 13266 140 12771 10409 0 11110 
7100 514 13509 13098 13246 94 12747 10214 0 10894 
7200 513 13542 13172 13271 133 12771 10286 0 11083 
7300 525 13570 13096 13313 140 12828 10350 0 11123 
7400 516 13550 13141 13323 134 12840 10284 3 11077 
7500 494 13590 13081 13321 158 12861 10347 1 11066 
7600 535 13487 13195 13216 152 12753 10226 0 10969 
7700 507 13522 13114 13270 104 12827 10391 0 11085 
7800 519 13560 13133 13329 168 12843 10224 0 11010 
7900 542 13539 13141 13325 114 12912 10461 3 11172 
8000 487 13557 13187 13260 100 12775 10317 1 11010 
8100 514 13565 13151 13362 129 12879 10389 0 11148 
8200 586 13541 13103 13267 122 12842 10258 0 11005 
8300 598 13519 13124 13240 121 12789 10261 0 10934 
8400 532 13532 13120 13255 152 12819 10244 2 11047 
8500 474 13523 13177 13273 98 12742 10257 1 10980 
8600 551 13544 13105 13299 112 12816 10426 0 11153 
8700 512 13609 13162 13371 123 12866 10452 0 11147 
8800 551 13594 13157 13340 150 12814 10377 1 11134 
8900 521 13564 13190 13303 114 12818 10440 5 11155 
9000 490 13479 13198 13252 112 12746 10301 1 10975 
9100 495 13504 13218 13286 107 12697 10262 0 10962 
9200 567 13580 13196 13318 139 12847 10357 0 11118 
9300 541 13549 13249 13269 177 12766 10357 3 11089 
9400 551 13512 13225 13281 148 12792 10363 3 11095 
9500 508 13495 13159 13297 132 12752 10362 0 11079 
9600 590 13505 13164 13245 115 12780 10339 1 11094 
9700 544 13521 13122 13279 156 12776 10294 0 10996 
9800 559 13534 13132 13233 167 12810 10284 0 11088 
9900 537 13591 13157 13295 114 12790 10348 2 11124 
10000 569 13563 13105 13305 117 12686 10236 0 10946 
