# Avida tasks data
# Wed Apr 12 22:10:33 2023
# First column gives the current update, next columns give the number
# of organisms that have the particular task as a component of their merit
#  1: Update
#  2: Not
#  3: Nand
#  4: And
#  5: OrNot
#  6: Or
#  7: AndNot
#  8: Nor
#  9: Xor
# 10: Equals

0 0 0 0 0 0 0 0 0 0 
100 0 0 0 0 0 0 0 0 0 
200 0 0 0 0 0 0 0 0 0 
300 0 0 0 0 0 0 0 0 0 
400 0 0 0 0 0 0 0 0 0 
500 7 0 0 0 0 0 0 0 0 
600 19 0 0 0 0 0 0 0 0 
700 195 2 0 0 0 0 0 0 0 
800 785 43 0 0 0 0 0 0 0 
900 1860 200 0 12 0 0 0 0 0 
1000 2600 541 0 120 0 0 0 0 0 
1100 3064 760 2 547 0 0 0 0 0 
1200 3154 766 7 1539 19 0 0 0 0 
1300 3231 1001 14 2677 170 0 0 0 0 
1400 3679 1546 8 4016 455 0 0 0 0 
1500 3134 1525 7 5466 2274 13 1952 0 0 
1600 3072 2063 3 6658 3885 10 3742 0 0 
1700 3036 2603 2 7715 5412 40 5232 0 0 
1800 2983 3617 0 8713 6848 36 6595 0 0 
1900 3354 4730 2 9513 7929 26 7631 0 0 
2000 4020 5834 2 10088 8646 42 8365 0 0 
2100 4624 6828 16 10530 9240 33 8907 0 0 
2200 5271 7660 8 10861 9810 119 9455 0 0 
2300 5777 8225 20 11188 10173 462 9864 0 0 
2400 5666 8452 40 11236 10431 1446 10069 0 0 
2500 5548 8954 56 11456 10664 2315 10283 0 0 
2600 5244 9204 82 11661 10878 3409 10459 0 0 
2700 4847 9662 130 11748 10982 4606 10615 0 0 
2800 5019 10319 195 11859 11039 5725 10629 0 0 
2900 5160 10816 208 12212 11450 6829 11073 0 0 
3000 5339 11231 243 12437 11684 7735 11260 0 0 
3100 5325 11644 291 12660 11892 8789 11471 0 0 
3200 5376 12035 333 12737 11982 9555 11613 0 0 
3300 5607 12277 321 12762 12022 10334 11648 0 0 
3400 6026 12496 312 12848 12206 10688 11757 0 0 
3500 6551 12695 299 12886 12205 11108 11732 0 0 
3600 7092 12828 287 12803 12088 11444 11657 0 0 
3700 7476 12820 321 12750 12046 11528 11560 0 0 
3800 7802 12839 280 12838 12194 11839 11721 0 0 
3900 8191 12890 294 12926 12158 11990 11725 0 0 
4000 8883 12896 302 12912 12256 12047 11838 0 0 
4100 9458 12978 337 12963 12195 12037 11733 0 0 
4200 9991 12994 323 12803 12084 12015 11650 0 0 
4300 10296 13069 282 12932 12191 12086 11767 0 0 
4400 10864 13143 287 12845 12154 12068 11692 0 0 
4500 11182 13172 340 12770 12121 12054 11684 0 0 
4600 11574 13128 315 12839 12238 12131 11781 0 0 
4700 11937 13116 353 12845 12148 12026 11736 0 0 
4800 12380 13254 326 12804 12218 12024 11817 0 0 
4900 12487 13176 327 12782 12174 12010 11735 0 0 
5000 12557 13226 285 12873 12181 12101 11749 0 0 
5100 12596 13132 324 12810 12207 11908 11746 0 0 
5200 12699 13062 303 12759 12079 11989 11648 0 0 
5300 12827 13177 291 12841 12142 12063 11667 0 0 
5400 12948 13067 307 12820 12102 12117 11649 0 0 
5500 12902 13244 368 12877 12142 11955 11694 0 0 
5600 12947 13337 328 12847 12188 12094 11732 0 0 
5700 12858 13215 359 12866 12219 12081 11732 0 0 
5800 12840 13170 266 12829 12128 12079 11745 0 0 
5900 12860 13166 300 12873 12272 12025 11813 0 0 
6000 12925 13200 299 12827 12186 12040 11794 0 0 
6100 12901 13119 337 12888 12213 12032 11785 0 0 
6200 12933 13234 335 12863 12071 11996 11636 0 0 
6300 12832 13308 282 12871 12237 12102 11772 0 0 
6400 13012 13197 272 12970 12347 12145 11866 0 0 
6500 12990 13198 215 12878 12199 12290 11803 0 0 
6600 12913 13205 313 12895 12286 12103 11838 0 0 
6700 12995 13250 287 12855 12229 12155 11794 0 0 
6800 12995 13271 329 12940 12367 12090 11896 0 0 
6900 13024 13243 305 12806 12256 12010 11796 0 0 
7000 13009 13252 335 13008 12358 12104 11868 0 0 
7100 13015 13306 282 12906 12352 12184 11899 0 0 
7200 13015 13366 326 12956 12315 12121 11908 0 0 
7300 13051 13264 305 12930 12374 12145 11944 0 0 
7400 12999 13277 306 12991 12292 12164 11838 0 0 
7500 13078 13295 245 12967 12376 12269 11910 0 0 
7600 13109 13286 257 13036 12440 12291 11955 0 0 
7700 13103 13238 327 12998 12331 12203 11917 0 0 
7800 13077 13287 342 12945 12415 12148 11955 0 0 
7900 13056 13273 282 12948 12403 12301 11964 0 0 
8000 13061 13337 344 12936 12307 12148 11858 0 0 
8100 13030 13239 311 12972 12327 12200 11878 0 0 
8200 13103 13254 314 13040 12373 12282 11924 0 0 
8300 12944 13265 306 13043 12356 12209 11951 0 0 
8400 13098 13310 324 12979 12361 12134 11945 0 0 
8500 13059 13359 354 12941 12328 12124 11968 0 0 
8600 13046 13262 379 13021 12481 12128 12042 0 0 
8700 13085 13299 282 13026 12480 12269 12022 0 1 
8800 13078 13292 352 12981 12396 12137 11904 0 11 
8900 13077 13199 658 12932 12350 12286 11879 0 25 
9000 12976 13168 1508 13030 12428 12227 11933 0 27 
9100 12946 13188 2410 12927 12346 12210 11898 0 30 
9200 13061 13229 3542 12963 12431 12281 11968 0 24 
9300 13086 13202 4847 13021 12441 12368 12026 0 30 
9400 13001 13076 6014 12953 12308 12552 11923 0 33 
9500 13066 13093 7198 12941 12251 12441 11880 0 21 
9600 13102 13106 8236 12926 12312 12594 11945 0 18 
9700 12900 13107 8840 12969 12410 12602 12042 0 23 
9800 12942 12916 9574 12861 12297 12558 11920 0 12 
9900 12994 13145 10280 12987 12433 12754 12146 0 5 
10000 13026 13147 10916 12919 12360 12719 12112 0 0 
