# Avida tasks data
# Thu Apr 13 01:00:26 2023
# First column gives the current update, next columns give the number
# of organisms that have the particular task as a component of their merit
#  1: Update
#  2: Not
#  3: Nand
#  4: And
#  5: OrNot
#  6: Or
#  7: AndNot
#  8: Nor
#  9: Xor
# 10: Equals

0 0 0 0 0 0 0 0 0 0 
100 0 0 0 0 0 0 0 0 0 
200 0 0 0 0 0 0 0 0 0 
300 0 0 0 0 0 0 0 0 0 
400 0 0 0 0 0 0 0 0 0 
500 0 0 0 0 0 0 0 0 0 
600 1 0 0 0 0 0 0 0 0 
700 11 0 0 0 0 0 0 0 0 
800 19 7 0 0 0 0 0 0 0 
900 90 43 0 26 0 0 0 0 0 
1000 221 87 0 383 0 0 0 0 0 
1100 524 618 0 1176 0 0 0 0 0 
1200 441 408 1289 2200 0 1433 1184 0 0 
1300 827 97 3098 3474 4 3501 2988 0 0 
1400 2313 104 4495 4909 1157 5013 4145 0 0 
1500 3757 146 5587 6092 2890 6134 5169 0 0 
1600 4997 265 6391 6934 4081 7084 5871 0 0 
1700 6177 393 7247 7861 5301 7952 6674 0 0 
1800 7437 571 7999 8637 6342 8757 7376 1 1 
1900 8481 797 8813 9488 7310 9633 8064 1 0 
2000 9381 1142 9541 10196 8128 10371 8666 0 1 
2100 10264 1649 10208 10967 9008 11140 9384 0 1 
2200 10619 2112 10597 11391 9482 11596 9749 0 0 
2300 10963 2857 10850 11637 9754 11861 9970 0 0 
2400 11363 3364 11073 11852 9994 12058 10110 0 0 
2500 11722 3933 11146 11874 10025 12153 10144 2 0 
2600 11875 4744 11226 12065 10234 12203 10351 2 0 
2700 11963 5673 11348 12169 10307 12220 10429 0 2 
2800 11942 6809 11388 12090 10265 12209 10421 0 0 
2900 12025 7855 11281 12077 10194 12189 10334 0 0 
3000 12159 8884 11282 12036 10280 12133 10442 0 0 
3100 12080 9510 11217 11920 10045 12112 10195 1 0 
3200 12156 10185 11378 12020 10276 12149 10363 2 0 
3300 12325 10721 11364 12022 10228 12149 10317 1 0 
3400 12257 11099 11221 11942 10150 12055 10201 1 0 
3500 12278 11518 11199 11915 10122 12075 10194 0 2 
3600 12293 11816 11258 11941 10136 12051 10250 0 0 
3700 12432 12134 11367 12025 10171 12161 10240 0 0 
3800 12347 12489 11439 12107 10263 12197 10387 0 0 
3900 12388 12653 11333 12058 10286 12213 10361 0 0 
4000 12301 12753 11331 12060 10340 12109 10477 5 0 
4100 12281 12854 11318 12010 10193 12104 10299 11 0 
4200 12247 12984 11253 12100 10224 12114 10339 27 0 
4300 12128 12932 11242 11977 10223 12070 10283 35 0 
4400 12248 13146 11368 12088 10314 12142 10432 26 0 
4500 12244 13041 11230 12056 10202 12159 10299 19 947 
4600 12144 13149 11089 12059 10164 12121 10196 20 2279 
4700 12161 13246 11210 12132 10326 12165 10313 21 3520 
4800 12172 13319 11184 12161 10250 12198 10243 17 4412 
4900 12313 13428 11172 12109 10323 12213 10265 12 5232 
5000 12278 13492 11039 12045 10088 12063 10033 0 6087 
5100 12130 13620 11160 12232 10272 12215 10215 0 7166 
5200 12203 13630 11071 12230 10083 12214 10061 0 7655 
5300 12250 13672 11052 12201 10204 12216 10092 0 8245 
5400 12200 13722 11106 12231 10328 12259 10198 0 8760 
5500 12156 13704 11027 12157 10160 12250 10113 1 8771 
5600 12253 13740 11312 12329 10388 12301 10284 0 9121 
5700 12212 13692 11007 12083 10112 12197 10004 0 8915 
5800 12142 13676 11027 12097 10089 12226 10020 0 8988 
5900 12293 13772 11111 12185 10272 12221 10138 0 9267 
6000 12376 13758 11108 12207 10263 12264 10191 0 9262 
6100 12306 13756 11174 12248 10325 12285 10249 0 9315 
6200 12238 13806 11023 12191 10209 12217 10067 2 9142 
6300 12277 13819 11091 12181 10257 12222 10183 1 9161 
6400 12297 13762 11118 12246 10307 12230 10227 0 9329 
6500 12227 13717 11230 12250 10381 12305 10324 1 9342 
6600 12227 13745 11119 12199 10328 12214 10223 0 9257 
6700 12144 13805 11034 12139 10160 12073 10068 2 9096 
6800 12398 13810 11130 12236 10411 12286 10260 1 9296 
6900 12405 13774 11257 12305 10402 12409 10315 0 9460 
7000 12242 13730 11247 12252 10341 12265 10226 0 9337 
7100 12272 13746 11173 12261 10283 12292 10213 0 9266 
7200 12363 13759 11224 12241 10291 12307 10246 0 9284 
7300 12216 13757 11198 12180 10286 12237 10240 0 9280 
7400 12266 13782 11164 12208 10341 12281 10289 1 9384 
7500 12257 13807 11165 12219 10358 12236 10287 0 9267 
7600 12251 13767 11268 12369 10476 12352 10349 0 9373 
7700 12176 13791 11129 12191 10343 12214 10328 0 9330 
7800 12213 13822 11248 12314 10495 12360 10393 0 9371 
7900 12256 13759 11362 12377 10566 12414 10455 0 9549 
8000 12342 13718 11402 12429 10602 12473 10547 1 9543 
8100 12392 13716 11187 12316 10406 12367 10292 0 9349 
8200 12356 13729 11257 12316 10515 12376 10377 0 9454 
8300 12280 13757 11239 12354 10528 12376 10426 1 9518 
8400 12207 13737 11305 12317 10549 12350 10402 0 9457 
8500 12201 13736 11327 12457 10577 12348 10417 5 9465 
8600 12370 13775 11340 12349 10507 12389 10452 0 9475 
8700 12432 13746 11335 12350 10492 12387 10437 0 9494 
8800 12171 13766 11403 12404 10552 12388 10459 0 9514 
8900 12312 13775 11446 12443 10630 12439 10528 0 9623 
9000 12235 13781 11449 12403 10638 12357 10589 0 9671 
9100 12416 13784 11334 12344 10507 12323 10440 0 9527 
9200 12288 13750 11391 12372 10633 12308 10564 0 9643 
9300 12293 13779 11366 12430 10587 12331 10531 0 9559 
9400 12333 13690 11306 12320 10456 12240 10397 0 9459 
9500 12352 13779 11393 12392 10674 12345 10573 0 9651 
9600 12208 13749 11378 12397 10527 12275 10472 0 9541 
9700 12288 13785 11452 12484 10717 12438 10626 0 9625 
9800 12310 13668 11317 12436 10540 12377 10486 1 9534 
9900 12396 13781 11522 12533 10818 12510 10757 0 9789 
10000 12304 13778 11348 12398 10666 12355 10588 0 9693 
