# Avida tasks data
# Thu Apr 13 10:01:00 2023
# First column gives the current update, next columns give the number
# of organisms that have the particular task as a component of their merit
#  1: Update
#  2: Not
#  3: Nand
#  4: And
#  5: OrNot
#  6: Or
#  7: AndNot
#  8: Nor
#  9: Xor
# 10: Equals

0 0 0 0 0 0 0 0 0 0 
100 0 0 0 0 0 0 0 0 0 
200 0 0 0 0 0 0 0 0 0 
300 0 0 0 0 0 0 0 0 0 
400 0 0 0 0 0 0 0 0 0 
500 4 0 0 0 0 0 0 0 0 
600 38 0 0 0 0 0 0 0 0 
700 106 12 0 0 0 0 0 0 0 
800 301 35 0 33 0 0 0 0 0 
900 535 109 0 220 0 0 0 0 0 
1000 753 443 12 983 487 0 0 0 0 
1100 2330 232 20 2136 2317 22 422 0 0 
1200 4264 174 35 2700 3733 954 1253 0 0 
1300 5762 154 33 3782 4777 1165 2543 0 0 
1400 6943 159 25 4691 5413 971 3822 0 0 
1500 8080 143 96 5809 6392 822 5232 0 0 
1600 9136 173 284 6862 7244 871 6037 0 0 
1700 10053 172 427 7634 7947 874 6711 0 0 
1800 10826 180 720 8449 8658 1178 7107 0 0 
1900 11455 161 1027 9094 9165 1424 7370 0 0 
2000 11900 203 1375 9646 9677 1789 7374 0 0 
2100 12405 212 1555 10188 10132 2013 7615 0 0 
2200 12772 216 1915 10705 10492 2307 7572 0 0 
2300 12912 264 2221 10919 10715 2663 7477 0 0 
2400 13067 259 2624 11178 10914 3057 7185 45 47 
2500 13206 277 2985 11362 10967 3383 6944 221 196 
2600 13296 358 3549 11372 10615 3702 6220 607 547 
2700 13335 384 4101 11540 10308 4078 5562 1100 1002 
2800 13318 460 4593 11742 9855 4201 5015 1655 1520 
2900 13323 453 4659 11605 9302 4042 4677 2102 1920 
3000 13318 486 4627 11658 8672 3844 5571 2697 2506 
3100 13254 582 4402 11840 7871 3585 6777 3665 3403 
3200 13274 894 4043 11970 6956 3283 7772 4581 4267 
3300 13274 1218 3661 12200 6164 3006 8523 5406 5089 
3400 13289 1675 3151 12187 5216 2733 8974 6274 5893 
3500 13373 2095 2664 12246 4381 2426 9522 7229 6828 
3600 13362 2489 2174 12373 3523 2084 10009 8008 7531 
3700 13434 2978 1637 12451 2833 1709 10603 8779 8284 
3800 13435 3322 1213 12542 2149 1419 11015 9455 8847 
3900 13382 3895 966 12598 1709 1201 11284 9856 9175 
4000 13427 4401 779 12566 1420 1002 11505 10163 9592 
4100 13432 4898 583 12664 1114 806 11738 10421 9805 
4200 13491 5296 442 12644 888 719 11875 10563 9884 
4300 13517 5836 245 12711 616 475 12203 10918 10254 
4400 13522 6202 150 12682 461 435 12226 11007 10432 
4500 13513 6550 93 12790 372 324 12404 11189 10543 
4600 13505 7037 47 12778 341 279 12441 11179 10637 
4700 13479 7460 41 12717 313 256 12385 11208 10543 
4800 13518 7895 26 12766 269 316 12370 11258 10639 
4900 13447 8281 18 12732 260 257 12416 11222 10619 
5000 13466 8763 28 12762 229 292 12458 11293 10642 
5100 13474 9294 26 12753 233 268 12422 11247 10642 
5200 13477 9671 32 12750 237 293 12399 11280 10527 
5300 13492 10173 30 12788 215 317 12334 11169 10515 
5400 13436 10501 32 12673 240 284 12286 11168 10467 
5500 13395 10887 32 12650 206 283 12300 11109 10506 
5600 13411 11236 37 12651 203 293 12265 11163 10482 
5700 13477 11565 29 12787 208 346 12337 11206 10581 
5800 13394 11592 36 12593 219 881 12149 11036 10433 
5900 13399 11743 27 12636 201 1846 12217 11117 10513 
6000 13345 11789 54 12611 242 2878 12167 11069 10483 
6100 13361 11794 66 12583 246 3779 12145 10994 10453 
6200 13330 11812 87 12488 198 4742 12066 10962 10476 
6300 13394 11908 72 12563 220 5716 12089 11057 10583 
6400 13383 11976 81 12514 214 6639 12042 10987 10564 
6500 13367 12033 98 12482 227 7477 11977 10953 10510 
6600 13376 12149 76 12576 226 8419 12071 10979 10616 
6700 13363 12193 84 12566 240 9184 12068 11013 10610 
6800 13350 12149 96 12506 212 9696 11937 10888 10581 
6900 13325 12186 98 12519 274 10161 12031 10862 10579 
7000 13323 12154 107 12487 268 10501 12019 10919 10587 
7100 13250 12144 115 12452 235 10828 11929 10855 10550 
7200 13199 12067 114 12355 269 10976 11909 10846 10513 
7300 13273 12159 118 12445 257 11140 11979 10797 10468 
7400 13278 12192 97 12486 238 11234 11928 10828 10559 
7500 13287 12190 113 12464 262 11342 11995 10886 10556 
7600 13292 12272 110 12533 238 11381 12061 10974 10708 
7700 13329 12233 107 12511 247 11279 11990 10889 10517 
7800 13310 12180 108 12481 208 11330 11913 10915 10586 
7900 13343 12153 104 12530 195 11334 11934 10906 10620 
8000 13385 12154 118 12471 296 11287 11988 10830 10509 
8100 13306 12155 106 12451 245 11334 11952 10923 10569 
8200 13404 12276 106 12559 261 11430 12106 10909 10633 
8300 13428 12215 101 12539 228 11417 11959 10930 10627 
8400 13377 12264 122 12507 245 11403 12030 10927 10586 
8500 13363 12237 133 12485 245 11360 11977 10949 10680 
8600 13433 12222 117 12560 254 11379 12023 10949 10676 
8700 13417 12176 117 12548 281 11403 11996 10963 10633 
8800 13443 12224 115 12581 221 11407 12003 10948 10644 
8900 13396 12186 140 12506 247 11349 11925 10820 10535 
9000 13455 12325 92 12634 237 11529 12059 11011 10776 
9100 13392 12288 111 12598 256 11520 12097 11002 10724 
9200 13414 12298 123 12585 229 11409 12059 10922 10643 
9300 13413 12200 122 12489 234 11396 12014 10863 10627 
9400 13412 12172 138 12535 236 11391 11989 10872 10625 
9500 13381 12194 106 12494 271 11459 12060 10965 10682 
9600 13425 12239 102 12550 260 11523 12033 10989 10738 
9700 13361 12187 137 12476 245 11417 12008 10959 10680 
9800 13404 12392 152 12637 226 11557 12118 11072 10790 
9900 13349 12175 121 12481 254 11383 11973 10940 10597 
10000 13396 12273 112 12547 238 11456 12066 10961 10666 
