# Avida tasks data
# Thu Apr 13 10:16:45 2023
# First column gives the current update, next columns give the number
# of organisms that have the particular task as a component of their merit
#  1: Update
#  2: Not
#  3: Nand
#  4: And
#  5: OrNot
#  6: Or
#  7: AndNot
#  8: Nor
#  9: Xor
# 10: Equals

0 0 0 0 0 0 0 0 0 0 
100 0 0 0 0 0 0 0 0 0 
200 0 0 0 0 0 0 0 0 0 
300 0 0 0 0 0 0 0 0 0 
400 82 0 0 0 0 0 0 0 0 
500 254 0 0 0 0 0 0 0 0 
600 436 0 0 0 0 0 0 0 0 
700 897 0 0 0 0 0 0 0 0 
800 1540 0 0 0 0 0 0 0 0 
900 2298 0 0 0 0 0 0 0 0 
1000 2861 14 0 3 0 0 0 0 0 
1100 3429 30 0 26 11 43 0 0 0 
1200 3967 66 0 187 595 23 29 0 0 
1300 4535 101 5 1676 1736 221 530 0 0 
1400 5326 275 8 3136 2989 176 2396 0 0 
1500 6161 1106 20 4493 4183 278 3678 0 0 
1600 6916 1810 17 5681 5370 336 4798 0 0 
1700 7538 2713 28 6811 6419 403 5827 0 0 
1800 8343 3746 43 7654 7247 525 6475 0 0 
1900 8584 4453 50 8339 7874 945 7152 0 0 
2000 8488 5060 34 8980 8489 1580 7727 0 0 
2100 8423 5761 44 9367 8946 2109 8206 0 0 
2200 8471 6181 49 9549 9125 2887 8356 0 0 
2300 8838 6996 51 9826 9358 3667 8652 0 0 
2400 9506 7701 66 10001 9560 4451 8836 0 0 
2500 9930 8255 51 10218 9706 5280 8980 0 0 
2600 10592 9008 67 10594 10042 6359 9319 0 0 
2700 10745 9910 74 10846 10262 7410 9549 0 0 
2800 11205 10539 62 11038 10431 8427 9744 0 0 
2900 11694 11164 66 11189 10675 9358 9908 0 0 
3000 11845 11808 85 11277 10779 10032 10060 0 0 
3100 12121 12267 94 11348 10864 10758 10176 0 0 
3200 12216 12560 77 11350 10792 11274 10165 0 0 
3300 12441 12860 76 11389 10822 11806 10137 0 0 
3400 12533 13107 75 11462 10864 12159 10220 0 0 
3500 12746 13230 88 11360 10829 12311 10236 0 0 
3600 12740 13231 96 11423 10904 12482 10290 0 0 
3700 12921 13350 86 11432 10836 12685 10184 0 0 
3800 13016 13324 85 11480 10811 12782 10260 0 0 
3900 13071 13394 77 11557 10944 12918 10424 0 0 
4000 13032 13410 90 11277 10811 12795 10195 0 0 
4100 12966 13396 82 11475 10897 12834 10285 0 0 
4200 13093 13342 95 11460 10844 12811 10263 0 0 
4300 13045 13456 115 11395 10878 12833 10285 0 0 
4400 13077 13335 86 11473 10878 12804 10271 0 0 
4500 12958 13355 76 11537 10988 12899 10411 0 0 
4600 12972 13429 56 11432 10922 12835 10290 0 0 
4700 13008 13353 91 11403 10770 12851 10186 0 0 
4800 13039 13377 77 11467 10904 12869 10330 0 0 
4900 12953 13411 91 11374 10870 12806 10266 0 0 
5000 13036 13281 98 11359 10839 12837 10277 0 0 
5100 13078 13373 122 11411 10906 12884 10328 0 0 
5200 13103 13260 178 11498 10979 12878 10335 0 0 
5300 13062 13143 251 11442 10853 12851 10313 0 10 
5400 12962 11370 350 11348 10865 12815 10277 2 1306 
5500 12933 9356 426 11375 10750 12756 10273 4 2859 
5600 13003 7383 445 11419 10752 12752 10212 7 4364 
5700 13117 5910 419 11181 10586 12574 9969 11 5480 
5800 13169 5101 344 11247 10553 12637 9996 20 6444 
5900 13143 4321 327 11185 10514 12552 9879 10 7335 
6000 13166 4049 407 11197 10401 12484 9890 21 8022 
6100 13018 3978 381 11162 10426 12452 9842 9 8449 
6200 13089 3970 404 11191 10470 12573 9853 17 8766 
6300 13034 4326 414 11231 10425 12485 9816 17 9035 
6400 12938 4619 460 11125 10437 12445 9831 21 9216 
6500 12917 4883 425 11221 10538 12565 9976 19 9490 
6600 13014 5263 430 11289 10506 12609 9919 17 9592 
6700 13076 5925 483 11257 10415 12602 9896 14 9587 
6800 12766 6431 473 11313 10511 12582 10020 18 9652 
6900 12802 7105 471 11252 10463 12619 9919 24 9612 
7000 12782 7575 437 11319 10555 12603 10012 13 9734 
7100 12718 8428 461 11287 10468 12644 9871 32 9590 
7200 12933 9203 468 11523 10679 12693 10092 21 9841 
7300 12781 9702 462 11432 10632 12685 9984 18 9701 
7400 12754 10300 449 11394 10600 12647 9975 27 9712 
7500 12790 10639 428 11343 10527 12632 9930 18 9666 
7600 12677 11011 468 11480 10714 12653 10065 14 9832 
7700 12849 11364 487 11465 10530 12661 9933 19 9654 
7800 12993 11828 456 11550 10677 12782 10064 15 9790 
7900 12851 11781 408 11649 10786 12705 10204 21 9894 
8000 12909 11959 475 11461 10680 12766 10110 21 9733 
8100 12945 12118 440 11561 10756 12774 10093 9 9869 
8200 12911 12025 494 11446 10586 12665 9965 13 9655 
8300 12898 12261 455 11588 10803 12870 10227 8 9846 
8400 12875 12314 449 11622 10748 12851 10135 9 9850 
8500 12802 12354 524 11659 10837 12837 10199 11 9933 
8600 12816 12269 582 11627 10803 12839 10194 14 9862 
8700 12855 12196 617 11550 10712 12859 10116 21 9826 
8800 12801 12356 693 11675 10727 12801 10137 23 9857 
8900 12707 12325 776 11675 10861 12841 10288 15 9946 
9000 12563 12455 916 11832 11002 13046 10493 14 10143 
9100 12408 12456 1098 11586 10807 12900 10215 17 9953 
9200 12191 12373 1423 11658 10833 12817 10221 18 9941 
9300 11898 12318 1877 11644 10815 12854 10315 12 10051 
9400 11693 12154 2306 11589 10797 12925 10205 19 9917 
9500 11401 11946 2753 11561 10815 12886 10260 14 9949 
9600 11023 12003 3219 11588 10881 12933 10270 6 9994 
9700 10598 12035 3755 11688 10947 13025 10436 9 10087 
9800 10061 11927 4317 11555 10797 12960 10214 20 9870 
9900 9802 11929 4760 11550 10839 12957 10232 12 9877 
10000 9542 11896 5344 11609 10862 13022 10335 16 9908 
