# Avida tasks data
# Thu Apr 13 00:14:56 2023
# First column gives the current update, next columns give the number
# of organisms that have the particular task as a component of their merit
#  1: Update
#  2: Not
#  3: Nand
#  4: And
#  5: OrNot
#  6: Or
#  7: AndNot
#  8: Nor
#  9: Xor
# 10: Equals

0 0 0 0 0 0 0 0 0 0 
100 0 0 0 0 0 0 0 0 0 
200 0 0 0 0 0 0 0 0 0 
300 0 0 0 0 0 0 0 0 0 
400 0 0 0 0 0 0 0 0 0 
500 0 0 0 0 0 0 0 0 0 
600 0 0 0 0 0 0 0 0 0 
700 106 0 0 0 0 0 0 0 0 
800 219 11 0 0 0 0 0 0 0 
900 430 27 0 0 0 0 0 0 0 
1000 854 141 0 19 0 0 0 0 0 
1100 1127 227 0 353 0 0 0 0 0 
1200 1237 610 0 1344 5 0 0 0 0 
1300 1233 1450 0 2943 105 0 0 0 0 
1400 1341 2323 0 4553 772 0 0 0 0 
1500 1502 2284 0 6054 2369 0 0 0 0 
1600 1827 2760 0 6924 3748 0 0 0 0 
1700 2130 3890 0 7922 5137 16 0 0 0 
1800 2730 4978 3 8627 6383 146 2 0 0 
1900 3473 5870 2 9252 7465 569 27 0 0 
2000 4189 5764 12 9592 8434 1761 24 0 0 
2100 4787 5372 29 9894 9321 3190 228 0 0 
2200 5607 5075 60 10597 10947 5090 2467 0 0 
2300 6105 4437 46 11259 11458 6619 4363 0 0 
2400 6415 3977 34 11767 11720 8129 6264 0 0 
2500 6857 3932 26 12109 11858 9171 7670 0 0 
2600 7241 3813 41 12416 12077 10129 9006 0 0 
2700 7700 3902 46 12602 12156 10982 9870 0 0 
2800 8153 4127 54 12651 12166 11713 10615 0 0 
2900 8360 4476 57 12721 12252 12231 11283 0 0 
3000 8651 5078 54 12761 12230 12641 11571 0 0 
3100 8653 5690 69 12852 12338 12781 11774 6 0 
3200 8759 6360 74 12809 12357 12808 11864 42 0 
3300 8796 7256 64 12744 12272 12732 11757 77 0 
3400 8903 7915 41 12802 12299 12712 11759 118 0 
3500 9113 8583 36 12789 12359 12682 11856 195 0 
3600 9181 9196 53 12857 12360 12507 11841 255 0 
3700 9493 9627 60 12837 12335 12465 11855 333 18 
3800 9681 10114 220 12852 12365 12483 11885 367 53 
3900 9748 10439 543 12769 12229 12393 11807 309 168 
4000 9836 10739 1032 12682 12272 12312 11772 165 311 
4100 10010 10974 1556 12805 12266 12231 11782 179 392 
4200 10157 11217 2152 12779 12313 12188 11794 177 445 
4300 10597 11363 2728 12894 12370 12126 11879 129 591 
4400 10796 11410 3255 12848 12260 12091 11840 107 620 
4500 11052 11465 3942 12958 12384 12109 11902 81 736 
4600 11207 11587 4431 12922 12382 11979 11854 45 832 
4700 11471 11628 4915 12875 12327 11876 11832 45 916 
4800 11735 11731 5442 12945 12400 11835 11946 43 978 
4900 12047 11742 6147 12970 12329 11821 11904 39 1042 
5000 12308 11760 6522 12988 12368 11759 11852 22 1049 
5100 12385 11774 6925 12952 12288 11840 11850 21 1078 
5200 12569 11799 7478 13022 12462 11849 11986 4 1029 
5300 12572 11926 7769 12905 12315 11957 11856 6 1012 
5400 12714 11903 8158 12964 12371 11908 11933 1 982 
5500 12756 11924 8383 13005 12451 11957 11987 12 946 
5600 12878 12129 8704 13024 12366 12149 11900 2 852 
5700 12912 12267 9127 13097 12460 12307 12014 16 723 
5800 12999 12429 9359 13074 12446 12379 11984 2 649 
5900 13103 12498 8998 12970 12373 12465 11931 2 1030 
6000 13033 12470 8143 13028 12394 12518 11925 9 1999 
6100 12986 12410 7102 13034 12450 12510 11917 10 3046 
6200 12942 12355 6110 13077 12448 12472 11902 7 3951 
6300 13033 12383 5214 13055 12363 12526 11947 6 4933 
6400 13051 12450 4330 13053 12444 12579 12039 5 5908 
6500 13052 12420 3485 13086 12437 12610 11936 11 6712 
6600 13053 12458 2720 13067 12387 12621 11954 6 7571 
6700 12962 12579 2041 13005 12297 12713 11924 4 8117 
6800 12974 12618 1541 12945 12293 12813 11822 8 8576 
6900 13053 12818 1178 13090 12394 13065 11977 2 9082 
7000 13004 12877 895 13110 12472 13110 12038 6 9447 
7100 12991 12805 698 13046 12355 13163 11909 3 9525 
7200 13036 12867 518 13084 12357 13106 11953 2 9806 
7300 12984 12926 349 13112 12303 13199 11990 1 9851 
7400 12964 13004 234 12990 12309 13214 11894 3 10041 
7500 12936 12920 159 13043 12291 13239 11890 0 10000 
7600 13065 13009 93 13053 12317 13290 11950 2 10269 
7700 12927 12971 39 13062 12375 13192 11922 6 10223 
7800 12965 12983 28 13046 12306 13282 11907 4 10201 
7900 13024 13013 53 13025 12403 13260 11950 0 10298 
8000 12894 12937 80 13057 12341 13300 11963 2 10233 
8100 12943 12874 98 12984 12254 13230 11880 1 10204 
8200 13002 13008 147 13071 12421 13208 12021 3 10334 
8300 12929 12631 260 13028 12394 13162 11991 309 10294 
8400 13028 12833 326 13129 12389 13027 11949 1399 10284 
8500 13111 12915 653 13082 12455 12924 11986 2536 10399 
8600 13065 12885 1800 13192 12555 12579 12086 3482 10374 
8700 13024 12835 3111 13164 12389 12373 11964 4367 10257 
8800 13002 12761 4461 13146 12391 12152 11909 5223 10148 
8900 13047 12747 5630 13213 12386 12003 11989 5967 10169 
9000 13027 12716 6543 13158 12379 11931 11995 6741 10242 
9100 13025 12717 7475 13117 12305 11720 11852 7206 10128 
9200 13014 12684 8506 13176 12351 11695 11975 7772 10142 
9300 13131 12794 9437 13070 12217 11461 11773 8196 10098 
9400 13155 12835 10049 13099 12195 11397 11824 8544 10066 
9500 13054 12881 10586 13096 12315 11557 11894 9086 10310 
9600 13026 12897 11135 13065 12195 11242 11801 9156 10063 
9700 12988 13040 11666 13062 12280 11292 11912 9440 10111 
9800 13094 13052 11858 13065 12289 11285 11881 9581 10129 
9900 13085 13014 12084 13092 12227 11147 11884 9594 10040 
10000 13131 13084 12329 13011 12201 11195 11834 9720 10121 
