# Avida tasks data
# Thu Apr 13 01:47:47 2023
# First column gives the current update, next columns give the number
# of organisms that have the particular task as a component of their merit
#  1: Update
#  2: Not
#  3: Nand
#  4: And
#  5: OrNot
#  6: Or
#  7: AndNot
#  8: Nor
#  9: Xor
# 10: Equals

0 0 0 0 0 0 0 0 0 0 
100 0 0 0 0 0 0 0 0 0 
200 0 0 0 0 0 0 0 0 0 
300 0 0 0 0 0 0 0 0 0 
400 0 0 0 0 0 0 0 0 0 
500 0 0 0 0 0 0 0 0 0 
600 0 6 0 0 0 0 0 0 0 
700 7 47 0 0 0 0 0 0 0 
800 24 100 0 27 0 0 0 0 0 
900 73 204 0 248 0 10 0 0 0 
1000 505 402 0 953 492 19 0 0 0 
1100 2004 1579 0 2485 2000 7 0 0 0 
1200 3944 3499 97 4197 3721 5 614 0 0 
1300 5445 4812 83 5481 4960 57 2479 0 0 
1400 6189 5634 56 6167 5642 112 3766 0 2 
1500 7148 6315 55 6831 6354 175 4936 0 0 
1600 8157 7348 47 7727 7195 232 6198 0 0 
1700 9509 8645 25 8876 8300 230 7694 0 0 
1800 10729 9968 12 10009 9352 172 9047 0 0 
1900 11636 11019 2 10789 9974 128 10159 0 0 
2000 12082 11633 1 11269 10448 97 10763 0 0 
2100 12331 11960 3 11417 10683 91 11161 0 0 
2200 12605 12264 1 11742 10933 91 11329 0 2 
2300 12737 12468 1 11953 11116 80 11568 0 0 
2400 12881 12521 4 11981 11203 66 11566 0 0 
2500 12950 12597 0 12047 11299 81 11621 0 0 
2600 12808 12512 2 11942 11204 90 11548 0 0 
2700 12820 12632 3 12027 11233 89 11745 0 0 
2800 12806 12459 2 12036 11150 121 11591 0 0 
2900 12815 12513 2 11978 11184 93 11567 0 0 
3000 12890 12625 4 12070 11284 83 11570 0 0 
3100 12880 12685 3 12156 11298 103 11573 0 2 
3200 12837 12591 3 11982 11189 121 11643 0 0 
3300 12862 12501 8 12081 11172 125 11594 0 2 
3400 12842 12577 0 12066 11226 115 11663 0 0 
3500 12889 12590 0 12076 11228 109 11728 0 0 
3600 12789 12735 2 11992 11193 127 11810 2 0 
3700 12861 12571 4 12100 11310 96 11710 0 0 
3800 12814 12491 4 11994 11179 119 11597 0 0 
3900 12821 12669 4 11965 11249 552 11703 0 0 
4000 12900 12767 17 12114 11465 2003 11803 0 0 
4100 12902 12824 23 12049 11600 3412 11818 0 0 
4200 12984 12903 28 12130 11744 4844 11951 2 0 
4300 12984 12938 62 12074 11766 5872 11970 0 0 
4400 12966 12969 127 12089 11726 6830 12010 0 0 
4500 13039 13018 622 12111 11781 7787 12048 0 0 
4600 13112 13028 1274 12196 11912 8608 12070 0 0 
4700 13162 13007 2155 12188 11924 9174 12071 0 0 
4800 13084 13040 2993 12106 11798 9582 12167 0 0 
4900 13031 13045 3863 12155 11896 9999 12089 0 0 
5000 13120 13080 4831 12167 11957 10334 12088 0 0 
5100 13150 13015 5690 12205 11961 10624 11990 0 0 
5200 13034 12983 6382 12187 11893 10761 11976 0 0 
5300 13081 13010 7112 12143 11949 10961 12090 0 0 
5400 13059 13056 7848 12171 11965 11118 12119 0 0 
5500 13030 13046 8503 12161 11952 11222 11997 0 0 
5600 13146 13058 9125 12228 12052 11339 11953 0 0 
5700 13117 13153 9619 12258 12122 11454 12123 0 0 
5800 13053 13075 9833 12229 12048 11373 12035 0 0 
5900 13127 13061 10024 12225 11979 11345 12176 0 0 
6000 13097 13041 10423 12332 12138 11435 12155 0 0 
6100 13115 12949 10545 12210 12032 11362 12000 0 0 
6200 13148 13017 10655 12275 12070 11398 12102 0 0 
6300 13169 12980 10796 12255 12098 11428 12058 0 0 
6400 13115 13029 10835 12200 12017 11313 12108 0 0 
6500 13169 13085 11027 12264 12187 11407 12132 0 0 
6600 13064 13115 10911 12249 12108 11369 12145 0 0 
6700 13118 13033 10964 12321 12162 11402 12023 0 0 
6800 13106 13139 10941 12253 12097 11414 12084 0 0 
6900 13137 13052 10894 12204 12104 11409 12097 0 0 
7000 13072 13032 10978 12180 12042 11363 12106 0 0 
7100 13155 13200 11127 12352 12116 11423 12204 0 0 
7200 13078 13074 10907 12254 12116 11418 12140 0 0 
7300 13099 13066 10968 12262 12085 11438 12099 0 0 
7400 13096 12980 10961 12261 12167 11441 12002 2 0 
7500 13108 13024 10841 12194 12027 11301 11979 0 0 
7600 13109 13000 10914 12213 12095 11342 11980 0 0 
7700 13143 13041 10949 12266 12117 11371 11998 0 0 
7800 13123 13079 11001 12253 12137 11404 12174 0 0 
7900 13102 13033 10944 12247 12087 11342 12124 0 0 
8000 13166 13048 10953 12247 12115 11396 12138 2 0 
8100 13077 13076 11053 12271 12199 11482 12180 4 0 
8200 13128 13123 10979 12258 12111 11384 12136 0 0 
8300 13126 13127 10903 12235 12084 11484 12144 0 0 
8400 13129 13020 10899 12160 12114 11366 12051 0 0 
8500 13127 13098 10918 12175 12020 11419 12163 0 0 
8600 13133 13071 10832 12176 12005 11313 12132 0 0 
8700 13179 13085 11022 12318 12159 11473 12110 0 2 
8800 13161 13112 10949 12287 12028 11458 12139 0 6 
8900 13171 13082 11033 12301 12182 11443 12093 0 5 
9000 13186 13085 11213 12361 12226 11628 12214 0 7 
9100 13215 13128 11145 12365 12238 11543 12166 0 1 
9200 13171 13124 11070 12257 12197 11431 12150 0 0 
9300 13086 13109 10939 12257 12099 11427 12181 0 0 
9400 13180 13046 11006 12192 12119 11450 12108 0 0 
9500 13079 13121 10964 12159 12149 11370 12226 0 0 
9600 13108 13138 11089 12306 12240 11573 12212 0 0 
9700 13239 13150 11066 12287 12206 11473 12183 0 2 
9800 13148 13045 11046 12237 12097 11445 12108 0 2 
9900 13191 13079 11051 12278 12151 11433 12151 0 3 
10000 13132 13025 11041 12333 12225 11519 12069 1 13 
