# Avida tasks data
# Wed Apr 12 23:43:42 2023
# First column gives the current update, next columns give the number
# of organisms that have the particular task as a component of their merit
#  1: Update
#  2: Not
#  3: Nand
#  4: And
#  5: OrNot
#  6: Or
#  7: AndNot
#  8: Nor
#  9: Xor
# 10: Equals

0 0 0 0 0 0 0 0 0 0 
100 0 0 0 0 0 0 0 0 0 
200 0 0 0 0 0 0 0 0 0 
300 0 0 0 0 0 0 0 0 0 
400 0 0 0 0 0 0 0 0 0 
500 0 0 0 0 0 0 0 0 0 
600 2 0 0 0 0 0 0 0 0 
700 0 0 0 0 0 0 0 0 0 
800 17 32 0 0 0 0 0 0 0 
900 90 213 0 28 0 0 0 0 0 
1000 219 265 0 304 0 0 0 0 0 
1100 342 625 0 975 0 0 0 0 0 
1200 528 1714 0 1961 0 0 0 0 0 
1300 818 2707 0 3156 347 0 0 0 0 
1400 1040 4248 0 4487 1912 19 0 0 0 
1500 916 5577 2 5545 3396 31 0 0 0 
1600 983 6604 35 6461 4528 119 0 0 0 
1700 980 7710 87 7361 5667 267 0 0 0 
1800 1438 8682 201 8246 6622 470 3 0 0 
1900 1602 9192 297 9195 6947 1943 1808 0 0 
2000 1655 7974 313 9542 7786 3496 3537 0 0 
2100 1824 6887 269 9713 8245 4673 4735 0 0 
2200 1816 5741 184 9749 8774 5945 6193 0 0 
2300 1805 4585 153 9896 9259 6974 7274 0 0 
2400 1831 3749 144 10196 9731 7965 8325 0 0 
2500 2379 3127 116 10214 9968 8498 8964 0 0 
2600 3013 2903 83 10525 10397 9207 9657 0 0 
2700 4044 2887 69 10792 10737 9690 10182 0 0 
2800 4871 3450 68 10963 10938 10049 10566 0 0 
2900 5765 3996 63 11229 11062 10297 10758 0 0 
3000 6655 4442 61 11404 11336 10501 11091 0 0 
3100 7574 5002 45 11659 11608 10881 11438 0 0 
3200 8486 5654 159 11665 11548 10991 11513 0 0 
3300 9274 6125 283 11924 11740 11258 11725 0 0 
3400 9960 6901 517 12130 12078 11580 11993 0 0 
3500 10697 7392 864 12206 12052 11649 12070 0 0 
3600 11299 7946 1386 12260 12105 11587 12103 0 0 
3700 11727 8654 2075 12165 12059 11491 12101 0 0 
3800 11972 9531 2922 12249 12081 11634 12104 0 0 
3900 12140 10176 3850 12176 12039 11564 12024 0 0 
4000 12296 10684 4692 12151 12008 11481 12010 0 0 
4100 12336 11006 5466 12128 12006 11501 12036 0 0 
4200 12575 11340 6202 12198 12147 11639 12101 0 0 
4300 12700 11589 6956 12156 12083 11555 12044 0 0 
4400 12818 11887 7896 12247 12172 11592 12148 0 0 
4500 12840 12173 8656 12202 12196 11661 12126 0 0 
4600 12876 12304 9417 12147 12087 11506 12074 0 0 
4700 13022 12380 10019 12077 11981 11434 11970 0 0 
4800 13020 12574 10703 12119 12076 11459 11972 0 0 
4900 13042 12653 11110 12019 11971 11377 11884 0 0 
5000 13098 12709 11379 12020 12044 11496 12000 0 0 
5100 13104 12797 11621 11963 12006 11354 11930 0 0 
5200 13167 12948 12020 11985 12078 11470 11960 0 2 
5300 13205 13071 12270 12000 12111 11417 12064 0 0 
5400 13153 12907 12352 11963 11938 11329 11833 0 0 
5500 13196 12974 12583 11917 11998 11372 11945 0 0 
5600 13272 13012 12660 12068 12081 11491 12008 0 0 
5700 13292 13041 12714 11998 12071 11496 12059 0 0 
5800 13282 13069 12878 12029 12122 11448 12007 1 0 
5900 13287 12958 12787 11996 12002 11395 11919 0 0 
6000 13156 12851 12773 11973 12012 11410 11922 0 0 
6100 13228 13085 12915 12121 12143 11561 12062 0 0 
6200 13237 13029 12925 12014 12049 11434 11969 0 0 
6300 13308 12998 12927 12103 12165 11531 12059 0 0 
6400 13310 12966 12880 12125 12157 11560 12051 0 0 
6500 13281 12920 12845 12089 12120 11571 12022 0 0 
6600 13261 13007 12862 12117 12119 11559 12067 0 0 
6700 13161 13001 12801 12056 12122 11543 12046 0 0 
6800 13249 12996 12880 12174 12238 11591 12184 0 0 
6900 13312 13049 12926 12077 12118 11483 11998 2 2 
7000 13298 12953 12820 12112 12075 11570 12033 0 0 
7100 13396 13060 12966 12221 12219 11675 12175 0 0 
7200 13378 12992 12945 12233 12245 11655 12107 0 0 
7300 13242 13067 12939 12280 12288 11692 12174 0 0 
7400 13372 13078 12942 12252 12297 11671 12181 0 0 
7500 13316 13054 12928 12181 12216 11704 12164 2 2 
7600 13382 13094 12974 12155 12196 11602 12166 0 0 
7700 13297 13079 12945 12205 12265 11650 12208 0 0 
7800 13329 13140 13112 12313 12320 11787 12228 0 0 
7900 13390 13084 12943 12304 12374 11732 12221 0 0 
8000 13305 13121 13007 12330 12344 11781 12224 0 0 
8100 13345 13055 12984 12374 12343 11724 12258 0 0 
8200 13354 13122 13056 12335 12342 11770 12254 0 0 
8300 13407 12994 12981 12257 12184 11639 12090 0 0 
8400 13458 13157 13061 12322 12415 11785 12288 0 0 
8500 13413 13153 13069 12362 12366 11782 12279 0 0 
8600 13377 13049 12998 12304 12362 11665 12234 0 0 
8700 13403 13061 12903 12258 12306 11736 12158 0 0 
8800 13358 13068 13002 12380 12375 11741 12322 0 0 
8900 13359 13093 12981 12361 12378 11802 12331 0 0 
9000 13445 13218 13085 12434 12454 11908 12392 0 2 
9100 13405 13051 13029 12355 12295 11732 12239 0 2 
9200 13278 13115 12953 12366 12374 11752 12272 0 0 
9300 13382 13175 13093 12352 12361 11774 12267 0 0 
9400 13259 13061 13023 12334 12371 11772 12241 0 0 
9500 13331 13143 13007 12406 12487 11853 12339 3 3 
9600 13356 13060 13015 12374 12435 11789 12306 0 1 
9700 13441 13047 12898 12327 12350 11762 12244 0 0 
9800 13480 13123 12987 12451 12488 11869 12363 0 0 
9900 13379 13197 13121 12515 12463 11851 12394 0 0 
10000 13297 13151 13007 12488 12476 11871 12376 2 0 
