# Avida tasks data
# Wed Apr 12 21:14:08 2023
# First column gives the current update, next columns give the number
# of organisms that have the particular task as a component of their merit
#  1: Update
#  2: Not
#  3: Nand
#  4: And
#  5: OrNot
#  6: Or
#  7: AndNot
#  8: Nor
#  9: Xor
# 10: Equals

0 0 0 0 0 0 0 0 0 0 
100 0 0 0 0 0 0 0 0 0 
200 0 0 0 0 0 0 0 0 0 
300 0 0 0 0 0 0 0 0 0 
400 0 0 0 0 0 0 0 0 0 
500 0 0 0 0 0 0 0 0 0 
600 0 0 0 0 0 0 0 0 0 
700 0 0 0 0 0 0 0 0 0 
800 0 0 0 0 0 0 0 0 0 
900 7 0 0 4 0 0 0 0 0 
1000 40 5 0 59 0 0 0 0 0 
1100 113 82 8 266 0 0 0 0 0 
1200 1137 840 16 921 171 1040 446 0 0 
1300 837 752 18 2974 2203 325 2442 0 0 
1400 1911 1576 29 4414 3607 275 3703 0 0 
1500 3419 2328 27 5876 4897 159 5070 0 0 
1600 5100 3415 42 7147 6051 128 6261 0 0 
1700 6758 4595 28 8354 6914 204 7180 0 0 
1800 8106 5841 39 9351 7861 250 8146 0 0 
1900 8984 6891 55 10013 8441 974 8835 0 0 
2000 9559 7882 125 10403 8699 2782 9221 0 0 
2100 10360 8820 1242 10817 9097 4503 9586 0 62 
2200 10743 10037 811 11023 9269 5952 9751 5 1789 
2300 11352 10944 525 11583 9766 7183 10393 20 3308 
2400 11732 11684 372 11880 9902 8044 10579 25 4333 
2500 12064 12287 334 12271 10265 9146 10929 40 5504 
2600 12290 12772 254 12583 10574 9883 11219 25 6477 
2700 12352 12959 263 12629 10569 10169 11212 35 6981 
2800 12496 13242 551 12714 10642 10472 11320 27 7677 
2900 12392 13175 1035 12730 10681 10567 11338 28 7994 
3000 12347 13194 1772 12673 10580 10412 11251 31 8063 
3100 12477 13193 2473 12790 10679 10526 11368 24 8374 
3200 12402 13201 3232 12763 10650 10395 11396 29 8508 
3300 12502 13225 4073 12731 10706 10451 11376 25 8734 
