# Avida tasks data
# Tue Apr 11 18:03:04 2023
# First column gives the current update, next columns give the number
# of organisms that have the particular task as a component of their merit
#  1: Update
#  2: Not
#  3: Nand
#  4: And
#  5: OrNot
#  6: Or
#  7: AndNot
#  8: Nor
#  9: Xor
# 10: Equals

0 0 0 0 0 0 0 0 0 0 
100 0 0 0 0 0 0 0 0 0 
200 0 0 0 0 0 0 0 0 0 
300 0 0 0 0 0 0 0 0 0 
400 0 0 0 0 0 0 0 0 0 
500 0 0 0 0 0 0 0 0 0 
600 0 0 0 0 0 0 0 0 0 
700 0 0 0 0 0 0 0 0 0 
800 0 0 0 0 0 0 0 0 0 
900 0 0 0 0 0 0 0 0 0 
1000 0 0 0 0 0 0 0 0 0 
1100 0 0 0 0 0 0 0 0 0 
1200 0 0 0 0 0 0 0 0 0 
1300 0 0 0 0 0 0 0 0 0 
1400 0 0 0 0 0 0 0 0 0 
1500 0 0 0 0 0 0 0 0 0 
1600 0 0 0 0 0 0 0 0 0 
1700 0 0 0 0 0 0 0 0 0 
1800 0 0 0 0 0 0 0 0 0 
1900 0 0 0 0 0 0 0 0 0 
2000 0 0 0 0 0 0 0 0 0 
2100 0 0 0 0 0 0 0 0 0 
2200 0 0 0 0 0 0 0 0 0 
2300 0 0 0 0 0 0 0 0 0 
2400 0 0 0 0 0 0 0 0 0 
2500 0 0 0 0 0 0 0 0 0 
2600 0 0 0 0 0 0 0 0 0 
2700 0 0 0 0 0 0 0 0 0 
2800 0 0 0 0 0 0 0 0 0 
2900 0 0 0 0 0 0 0 0 0 
3000 0 0 0 0 0 0 0 0 0 
3100 0 0 0 0 0 0 0 0 0 
3200 0 0 0 0 0 0 0 0 0 
3300 0 0 0 0 0 0 0 0 0 
3400 0 0 0 0 0 0 0 0 0 
3500 0 0 0 0 0 0 0 0 0 
3600 0 0 0 0 0 0 0 0 0 
3700 0 0 0 0 0 0 0 0 0 
3800 0 0 0 0 0 0 0 0 0 
3900 0 0 0 0 0 0 0 0 0 
4000 0 0 0 0 0 0 0 0 0 
4100 0 0 0 0 0 0 0 0 0 
4200 0 0 0 0 0 0 0 0 0 
4300 0 0 0 0 0 0 0 0 0 
4400 0 0 0 0 0 0 0 0 0 
4500 0 0 0 0 0 0 0 0 0 
4600 0 0 0 0 0 0 0 0 0 
4700 0 0 0 0 0 0 0 0 0 
4800 0 0 0 0 0 0 0 0 0 
4900 0 0 0 0 0 0 0 0 0 
5000 0 0 0 0 0 0 0 0 0 
5100 0 0 0 0 0 0 0 0 0 
5200 0 0 0 0 0 0 0 0 0 
5300 0 0 0 0 0 0 0 0 0 
5400 0 0 0 0 0 0 0 0 0 
5500 0 0 0 0 0 0 0 0 0 
5600 0 0 0 0 0 0 0 0 0 
5700 0 0 0 0 0 0 0 0 0 
5800 0 0 0 0 0 0 0 0 0 
5900 0 0 0 0 0 0 0 0 0 
6000 0 0 0 0 0 0 0 0 0 
6100 0 0 0 0 0 0 0 0 0 
6200 0 0 0 0 0 0 0 0 0 
6300 0 0 0 0 0 0 0 0 0 
6400 0 0 0 0 0 0 0 0 0 
6500 0 0 0 0 0 0 0 0 0 
6600 0 0 0 0 0 0 0 0 0 
6700 0 0 0 0 0 0 0 0 0 
6800 0 0 0 0 0 0 0 0 0 
6900 0 0 0 0 0 0 0 0 0 
7000 0 0 0 0 0 0 0 0 0 
7100 0 0 0 0 0 0 0 0 0 
7200 0 0 0 0 0 0 0 0 0 
7300 0 0 0 0 0 0 0 0 0 
7400 0 0 0 0 0 0 0 0 0 
7500 0 0 0 0 0 0 0 0 0 
7600 0 0 0 0 0 0 0 0 0 
7700 0 0 0 0 0 0 0 0 0 
7800 0 0 0 0 0 0 0 0 0 
7900 0 0 0 0 0 0 0 0 0 
8000 0 0 0 0 0 0 0 0 0 
8100 0 0 0 0 0 0 0 0 0 
8200 0 0 0 0 0 0 0 0 0 
8300 0 0 0 0 0 0 0 0 0 
8400 0 0 0 0 0 0 0 0 0 
8500 0 0 0 0 0 0 0 0 0 
8600 0 0 0 0 0 0 0 0 0 
8700 0 0 0 0 0 0 0 0 0 
8800 0 0 0 0 0 0 0 0 0 
8900 4 0 0 0 0 0 0 0 0 
9000 1 0 0 0 0 0 0 0 0 
9100 3 0 0 0 0 0 0 0 0 
9200 7 0 0 0 0 0 0 0 0 
9300 15 0 0 0 0 0 0 0 0 
9400 17 0 0 0 0 0 0 0 0 
9500 17 4 0 0 0 0 0 0 0 
9600 20 4 0 0 0 0 0 0 0 
9700 16 0 0 0 0 0 0 0 0 
9800 22 0 0 0 0 0 0 0 0 
9900 21 0 0 0 0 0 0 0 0 
10000 25 0 0 0 0 0 0 0 0 
10100 25 0 0 0 0 0 0 0 0 
10200 24 0 0 0 0 0 0 0 0 
10300 21 0 0 0 0 0 0 0 0 
10400 21 0 0 0 0 0 0 0 0 
10500 21 0 0 0 0 0 0 0 0 
10600 19 0 0 0 0 0 0 0 0 
10700 20 0 0 0 0 0 0 0 0 
10800 20 0 0 0 0 0 0 0 0 
10900 21 0 0 0 0 0 0 0 0 
11000 19 0 0 0 0 0 0 0 0 
11100 25 0 0 0 0 0 0 0 0 
11200 19 0 0 0 0 0 0 0 0 
11300 17 0 0 0 0 0 0 0 0 
11400 21 0 0 0 0 0 0 0 0 
11500 17 2 0 0 0 0 0 0 0 
11600 14 0 0 0 0 0 0 0 0 
11700 19 3 0 0 0 0 0 0 0 
11800 20 0 0 0 0 0 0 0 0 
11900 21 0 0 0 0 0 0 0 0 
12000 22 0 0 1 0 0 0 0 0 
12100 22 0 0 0 0 0 0 0 0 
12200 24 0 0 0 0 0 0 0 0 
12300 20 0 0 0 0 0 0 0 0 
12400 14 0 0 0 0 0 0 0 0 
12500 20 0 0 0 0 0 0 0 0 
12600 21 0 0 0 0 0 0 0 0 
12700 20 0 0 0 0 0 0 0 0 
12800 17 0 0 0 0 0 0 0 0 
12900 19 0 0 0 0 0 0 0 0 
13000 19 0 0 0 0 0 0 0 0 
13100 16 0 0 0 0 0 0 0 0 
13200 16 0 0 0 0 0 0 0 0 
13300 20 0 0 0 0 0 0 0 0 
13400 24 0 0 0 0 0 0 0 0 
13500 21 0 0 0 0 0 0 0 0 
13600 17 0 0 0 0 0 0 0 0 
13700 19 0 0 0 0 0 0 0 0 
13800 18 2 0 0 0 0 0 0 0 
13900 17 0 0 0 0 0 0 0 0 
14000 14 4 0 0 0 0 0 0 0 
14100 14 6 0 0 0 0 0 0 0 
14200 20 5 0 0 0 0 0 0 0 
14300 23 0 0 0 0 0 0 0 0 
14400 20 1 0 0 0 0 0 0 0 
14500 19 0 0 0 0 0 0 0 0 
14600 19 0 0 0 0 0 0 0 0 
14700 17 0 0 1 0 0 0 0 0 
14800 21 1 0 0 0 0 0 0 0 
14900 16 7 0 0 0 0 0 0 0 
15000 11 10 0 0 0 0 0 0 0 
15100 7 10 0 0 0 0 0 0 0 
15200 2 20 0 0 0 0 0 0 0 
15300 0 21 0 0 0 0 0 0 0 
15400 1 22 0 0 0 0 0 0 0 
15500 3 20 0 0 0 0 0 0 0 
15600 0 22 0 1 0 0 0 0 0 
15700 1 7 0 14 0 0 0 0 0 
15800 3 2 0 11 0 0 0 0 0 
15900 3 1 0 19 0 0 0 0 0 
16000 5 0 0 18 0 0 0 0 0 
16100 2 0 0 15 0 0 0 0 0 
16200 1 0 0 23 0 0 0 0 0 
16300 2 0 0 23 0 0 0 0 0 
16400 5 0 0 17 0 0 0 0 0 
16500 1 0 0 23 0 0 0 0 0 
16600 1 0 0 19 0 0 0 0 0 
16700 15 3 0 9 0 0 0 0 0 
16800 18 2 0 8 0 0 0 0 0 
16900 22 4 0 11 0 0 0 0 0 
17000 21 2 0 16 0 0 0 0 0 
17100 25 0 0 21 0 0 0 0 0 
17200 24 0 0 17 0 0 0 0 0 
17300 24 1 0 20 0 0 0 0 0 
17400 24 0 0 22 0 0 0 0 0 
17500 21 0 0 19 0 0 0 0 0 
17600 23 0 0 20 0 0 0 0 0 
17700 21 0 0 21 0 0 0 0 0 
17800 22 0 0 20 0 0 0 0 0 
17900 19 0 0 20 0 0 0 0 0 
18000 17 2 0 17 0 0 0 0 0 
18100 23 3 0 10 11 0 0 0 0 
18200 23 2 0 10 15 0 0 0 0 
18300 18 4 0 6 18 0 0 0 0 
18400 24 0 0 2 19 0 0 0 0 
18500 23 0 0 0 21 0 0 0 0 
18600 21 0 0 0 13 0 0 0 0 
18700 24 0 0 0 20 0 0 0 0 
18800 25 0 0 0 21 0 0 0 0 
18900 24 0 0 0 23 0 0 0 0 
19000 21 0 0 0 21 0 0 0 0 
19100 19 0 0 0 20 0 0 0 0 
19200 25 0 0 0 24 0 0 0 0 
19300 14 0 0 0 14 0 0 0 0 
19400 22 0 0 0 20 0 0 0 0 
19500 18 0 0 0 20 0 0 0 0 
19600 19 2 0 2 16 0 0 0 0 
19700 23 1 0 0 22 0 0 0 0 
19800 24 1 0 3 21 0 0 0 0 
19900 23 2 0 2 21 0 0 0 0 
20000 20 0 0 0 20 0 0 0 0 
20100 14 2 0 4 16 0 0 0 0 
20200 21 0 0 0 22 0 0 0 0 
20300 20 0 0 0 23 0 0 0 0 
20400 25 0 0 0 25 0 0 0 0 
20500 16 0 0 0 16 0 0 0 0 
20600 22 1 0 0 20 0 0 0 0 
20700 20 0 0 0 20 0 0 0 0 
20800 25 0 0 0 24 0 0 0 0 
20900 21 0 0 0 22 0 0 0 0 
21000 21 0 0 0 22 0 0 0 0 
21100 23 0 0 0 21 0 0 0 0 
21200 21 0 0 2 21 0 0 0 0 
21300 23 0 0 1 23 0 0 0 0 
21400 21 0 0 0 22 0 0 0 0 
21500 25 0 0 0 22 0 0 0 0 
21600 17 0 0 2 15 0 0 0 0 
21700 21 16 0 0 15 0 0 0 0 
21800 13 19 0 3 8 0 0 0 0 
21900 11 13 0 11 10 0 0 0 0 
22000 7 6 0 13 11 0 0 0 0 
22100 4 3 0 18 10 0 0 0 0 
22200 10 0 0 22 11 0 0 0 0 
22300 20 0 0 22 6 0 0 0 0 
22400 19 0 0 17 13 0 0 0 0 
22500 16 0 0 17 13 0 0 0 0 
22600 19 0 0 22 19 0 0 0 0 
22700 24 0 0 23 18 0 0 0 0 
22800 24 1 0 24 22 0 0 0 0 
22900 21 0 0 21 22 0 0 0 0 
23000 23 0 0 23 24 0 0 0 0 
23100 23 0 0 20 22 0 0 0 0 
23200 22 0 0 17 21 0 0 0 0 
23300 22 0 0 21 16 0 0 0 0 
23400 18 0 0 22 19 0 0 0 0 
23500 22 1 0 19 17 0 0 0 0 
23600 21 4 0 21 17 0 0 0 0 
23700 23 0 0 24 24 0 0 0 0 
23800 22 1 0 20 22 0 0 0 0 
23900 24 0 0 22 22 0 0 0 0 
24000 22 0 0 22 21 0 0 0 0 
24100 22 0 0 23 21 0 0 0 0 
24200 24 1 0 21 22 0 0 0 0 
24300 21 3 0 20 23 0 0 0 0 
24400 21 1 0 16 15 0 0 0 0 
24500 22 0 0 20 21 0 0 0 0 
24600 24 1 0 24 24 0 0 0 0 
24700 24 1 0 22 22 0 0 0 0 
24800 22 0 0 20 20 0 0 0 0 
24900 23 0 0 22 22 0 0 0 0 
25000 21 0 0 17 16 0 0 0 0 
25100 21 0 0 19 21 0 0 0 0 
25200 21 0 0 20 20 0 0 0 0 
25300 19 0 0 21 21 0 0 0 0 
25400 24 0 0 21 23 0 0 0 0 
25500 22 2 0 23 22 0 0 0 0 
25600 22 0 0 21 23 0 0 0 0 
25700 25 0 0 21 24 0 0 0 0 
25800 23 0 0 20 19 0 0 0 0 
25900 24 0 0 23 21 0 0 0 0 
26000 22 0 0 24 23 0 0 0 0 
26100 25 0 0 22 19 0 0 0 0 
26200 24 0 0 23 23 0 0 0 0 
26300 19 2 0 15 13 0 0 0 0 
26400 24 0 0 24 24 0 0 0 0 
26500 22 0 0 22 19 0 0 0 0 
26600 22 2 0 22 19 0 0 0 0 
26700 24 1 0 23 25 0 0 0 0 
26800 23 0 0 21 21 0 0 0 0 
26900 21 0 0 18 17 0 0 0 0 
27000 18 0 0 15 17 0 0 0 0 
27100 24 0 0 19 20 0 0 0 0 
27200 23 0 0 23 21 0 0 0 0 
27300 20 3 0 19 17 0 0 0 0 
27400 21 0 0 22 18 0 0 0 0 
27500 22 0 0 19 20 0 0 0 0 
27600 23 0 0 21 23 0 0 0 0 
27700 23 0 0 19 22 0 0 0 0 
27800 25 0 0 25 25 0 0 0 0 
27900 25 0 0 21 22 0 0 0 0 
28000 23 0 0 21 20 0 0 0 0 
28100 22 0 0 19 19 0 0 0 0 
28200 25 0 0 22 22 0 0 0 0 
28300 25 0 0 23 24 0 0 0 0 
28400 25 0 0 17 19 0 0 0 0 
28500 20 0 0 18 19 0 0 0 0 
28600 22 0 0 21 17 0 0 0 0 
28700 23 0 0 22 22 0 0 0 0 
28800 25 0 0 25 24 0 0 0 0 
28900 23 0 0 23 23 0 0 0 0 
29000 24 0 0 22 22 0 0 0 0 
29100 25 0 0 25 22 0 0 0 0 
29200 24 0 0 18 21 0 0 0 0 
29300 24 0 0 24 23 0 0 0 0 
29400 24 1 0 19 19 0 0 0 0 
29500 22 0 0 22 22 0 0 0 0 
29600 22 3 0 22 14 0 0 0 0 
29700 25 0 0 21 21 0 0 0 0 
29800 16 0 0 17 19 0 0 0 0 
29900 21 0 0 19 19 0 0 0 0 
30000 25 0 0 23 21 0 0 0 0 
30100 24 1 0 25 23 0 0 0 0 
30200 24 1 0 23 22 0 0 0 0 
30300 24 0 0 23 24 0 0 0 0 
30400 23 0 0 23 23 0 0 0 0 
30500 25 0 0 21 17 0 0 0 0 
30600 25 0 0 20 19 0 0 0 0 
30700 23 2 0 19 20 0 0 0 0 
30800 25 0 0 20 22 0 0 0 0 
30900 23 0 0 24 21 0 0 0 0 
31000 23 0 0 17 20 0 0 0 0 
31100 19 2 0 19 17 0 0 0 0 
31200 25 0 0 25 22 0 0 0 0 
31300 25 0 0 20 23 0 0 0 0 
31400 23 0 0 22 22 0 0 0 0 
31500 23 2 0 23 21 0 0 0 0 
31600 25 0 0 21 21 0 0 0 0 
31700 23 2 0 19 22 0 0 0 0 
31800 24 0 0 23 24 0 0 0 0 
31900 21 0 0 22 23 0 0 0 0 
32000 25 0 0 23 23 0 0 0 0 
32100 23 1 0 18 19 0 0 0 0 
32200 25 0 0 22 18 0 0 0 0 
32300 22 0 0 18 22 0 0 0 0 
32400 23 0 0 21 23 0 0 0 0 
32500 25 0 0 25 24 0 0 0 0 
32600 23 0 0 22 17 0 0 0 0 
32700 24 0 0 22 21 0 0 0 0 
32800 25 0 0 21 21 0 0 0 0 
32900 25 0 0 20 19 0 0 0 0 
33000 25 0 0 20 24 0 0 0 0 
33100 25 0 0 24 25 0 0 0 0 
33200 25 0 0 23 21 0 0 0 0 
33300 25 0 0 23 23 0 0 0 0 
33400 25 0 0 24 24 0 0 0 0 
33500 25 0 0 24 21 0 0 0 0 
33600 25 0 0 21 25 0 0 0 0 
33700 24 0 0 20 22 0 0 0 0 
33800 24 0 0 23 22 0 0 0 0 
33900 25 0 0 22 20 0 0 0 0 
34000 23 0 0 21 20 0 0 0 0 
34100 25 0 0 24 23 0 0 0 0 
34200 24 0 0 23 21 0 0 0 0 
34300 20 0 0 20 22 0 0 0 0 
34400 24 1 0 23 20 0 0 0 0 
34500 25 0 0 23 22 0 0 0 0 
34600 23 0 0 21 20 0 0 0 0 
34700 19 0 0 16 19 0 0 0 0 
34800 24 0 0 21 21 0 0 0 0 
34900 25 0 0 23 24 0 0 0 0 
35000 23 0 0 23 21 0 0 0 0 
35100 25 0 0 19 18 0 0 0 0 
35200 20 0 0 20 17 0 0 0 0 
35300 24 0 0 22 22 0 0 0 0 
35400 25 0 0 16 20 0 0 0 0 
35500 25 1 0 22 23 0 0 0 0 
35600 24 0 0 19 23 0 0 0 0 
35700 24 0 0 24 24 0 0 0 0 
35800 23 0 0 22 22 0 0 0 0 
35900 22 0 0 20 12 0 0 0 0 
36000 19 0 0 20 19 0 0 0 0 
36100 23 0 0 21 18 0 0 0 0 
36200 23 0 0 22 19 0 0 0 0 
36300 25 0 0 24 24 0 0 0 0 
36400 22 0 0 24 23 0 0 0 0 
36500 19 0 0 23 22 0 0 0 0 
36600 25 1 0 23 24 0 0 0 0 
36700 25 0 0 19 22 0 0 0 0 
36800 25 0 0 25 25 0 0 0 0 
36900 25 0 0 22 24 0 0 0 0 
37000 25 0 0 19 20 0 0 0 0 
37100 25 0 0 25 22 0 0 0 0 
37200 20 1 0 21 21 0 0 0 0 
37300 24 0 0 21 23 0 0 0 0 
37400 23 0 0 23 22 0 0 0 0 
37500 21 0 0 20 22 0 0 0 0 
37600 24 0 0 22 20 0 0 0 0 
37700 24 0 0 19 20 0 0 0 0 
37800 22 2 0 22 19 0 0 0 0 
37900 22 1 0 23 21 0 0 0 0 
38000 25 0 0 20 20 0 0 0 0 
38100 22 0 0 19 19 0 0 0 0 
38200 25 0 0 20 21 0 0 0 0 
38300 25 0 0 22 19 0 0 0 0 
38400 21 1 0 23 19 0 0 0 0 
38500 25 0 0 18 19 0 0 0 0 
38600 21 0 0 17 19 0 0 0 0 
38700 25 0 0 24 21 0 0 0 0 
38800 25 0 0 22 22 0 0 0 0 
38900 25 0 0 25 22 0 0 0 0 
39000 22 1 0 19 17 0 0 0 0 
39100 24 0 0 22 18 0 0 0 0 
39200 23 0 0 22 21 0 0 0 0 
39300 21 0 0 15 20 0 0 0 0 
39400 23 0 0 21 23 0 0 0 0 
39500 21 2 0 17 14 0 0 0 0 
39600 24 0 0 23 24 0 0 0 0 
39700 22 0 0 22 22 0 0 0 0 
39800 24 0 0 19 24 0 0 0 0 
39900 25 0 0 25 24 0 0 0 0 
40000 24 0 0 22 24 0 0 0 0 
40100 23 1 0 22 16 0 0 0 0 
40200 22 0 0 21 19 0 0 0 0 
40300 23 0 0 22 23 0 0 0 0 
40400 23 0 0 20 19 0 0 0 0 
40500 25 0 0 25 23 0 0 0 0 
40600 22 0 0 21 21 0 0 0 0 
40700 25 0 0 25 25 0 0 0 0 
40800 21 0 0 20 15 0 0 0 0 
40900 25 0 0 25 25 0 0 0 0 
41000 25 0 0 23 22 0 0 0 0 
41100 25 0 0 24 24 0 0 0 0 
41200 25 0 0 24 24 0 0 0 0 
41300 25 0 0 21 15 0 0 0 0 
41400 25 0 0 24 22 0 0 0 0 
41500 21 0 0 20 21 0 0 0 0 
41600 24 0 0 14 23 0 0 0 0 
41700 25 0 0 23 23 0 0 0 0 
41800 20 0 0 23 19 0 0 0 0 
41900 24 0 0 24 24 0 0 0 0 
42000 19 0 0 21 21 0 0 0 0 
42100 23 0 0 21 19 0 0 0 0 
42200 21 0 0 20 22 0 0 0 0 
42300 24 0 0 22 19 0 0 0 0 
42400 21 2 0 19 18 0 0 0 0 
42500 25 0 0 23 24 0 0 0 0 
42600 22 0 0 23 21 0 0 0 0 
42700 23 0 0 17 24 0 0 0 0 
42800 24 0 0 19 20 0 0 0 0 
42900 24 0 0 22 23 0 0 0 0 
43000 25 0 0 23 23 0 0 0 0 
43100 25 0 0 22 19 0 0 0 0 
43200 24 0 0 20 21 0 0 0 0 
43300 22 0 0 22 19 0 0 0 0 
43400 25 0 0 22 18 0 0 0 0 
43500 21 0 0 24 24 0 0 0 0 
43600 23 0 0 21 23 0 0 0 0 
43700 24 0 0 23 23 0 0 0 0 
43800 23 0 0 20 21 0 0 0 0 
43900 24 0 0 23 24 0 0 0 0 
44000 25 0 0 21 19 0 0 0 0 
44100 23 1 0 22 21 0 0 0 0 
44200 21 0 0 19 19 0 0 0 0 
44300 22 0 0 23 21 0 0 0 0 
44400 21 0 0 22 18 0 0 0 0 
44500 23 0 0 17 17 0 0 0 0 
44600 21 0 0 17 18 0 0 0 0 
44700 20 0 0 15 16 0 0 0 0 
44800 22 1 0 21 21 0 0 0 0 
44900 22 0 0 23 18 0 0 0 0 
45000 25 0 0 21 22 0 0 0 0 
45100 24 0 0 19 16 0 0 0 0 
45200 24 1 0 21 24 0 0 0 0 
45300 24 0 0 23 23 0 0 0 0 
45400 23 0 0 16 17 0 0 0 0 
45500 21 2 0 20 17 0 0 0 0 
45600 24 0 0 22 22 0 0 0 0 
45700 24 2 0 22 19 0 0 0 0 
45800 23 0 0 22 19 0 0 0 0 
45900 24 1 0 23 21 0 0 0 0 
46000 23 0 0 23 20 0 0 0 0 
46100 22 2 0 22 13 0 0 0 0 
46200 25 0 0 24 24 0 0 0 0 
46300 23 0 0 17 20 0 0 0 0 
46400 22 0 0 20 17 0 0 0 0 
46500 25 0 0 18 21 0 0 0 0 
46600 25 0 0 25 23 0 0 0 0 
46700 24 1 1 20 21 0 0 0 0 
46800 24 0 0 23 20 0 0 0 0 
46900 22 0 0 20 22 0 0 0 0 
47000 23 1 0 20 21 0 0 0 0 
47100 20 1 0 21 21 0 0 0 0 
47200 20 0 0 21 22 0 0 0 0 
47300 22 0 0 20 21 0 0 0 0 
47400 23 3 0 23 22 0 0 0 0 
47500 23 0 0 20 19 0 0 0 0 
47600 22 1 0 24 24 0 0 0 0 
47700 24 0 0 21 19 0 0 0 0 
47800 24 1 0 25 24 0 0 0 0 
47900 23 0 0 19 21 0 0 0 0 
48000 23 0 0 20 19 0 0 0 0 
48100 25 0 0 24 24 0 0 0 0 
48200 22 0 0 18 17 0 0 0 0 
48300 25 0 0 23 19 0 0 0 0 
48400 25 3 0 19 24 0 0 0 0 
48500 23 0 0 21 21 0 0 0 0 
48600 24 1 0 24 23 0 0 0 0 
48700 21 0 0 22 15 0 0 0 0 
48800 25 0 0 24 20 0 0 0 0 
48900 25 1 0 21 19 0 0 0 0 
49000 23 0 0 20 19 0 0 0 0 
49100 20 0 0 21 24 0 0 0 0 
49200 22 0 0 19 22 0 0 0 0 
49300 25 0 0 19 22 0 0 0 0 
49400 25 0 0 23 22 0 0 0 0 
49500 24 0 0 18 21 0 0 0 0 
49600 22 1 0 23 21 0 0 0 0 
49700 25 1 0 23 21 0 0 0 0 
49800 23 0 0 19 20 0 0 0 0 
49900 24 0 0 19 18 0 0 0 0 
50000 23 0 0 22 23 0 0 0 0 
50100 23 1 0 19 22 0 0 0 0 
50200 20 0 0 20 18 0 0 0 0 
50300 25 0 0 23 23 0 0 0 0 
50400 24 0 0 19 24 0 0 0 0 
50500 24 0 0 20 19 0 0 0 0 
50600 23 0 0 18 22 0 0 0 0 
50700 22 6 0 18 15 0 0 0 0 
50800 22 0 0 17 19 0 0 0 0 
50900 21 0 0 21 10 0 0 0 0 
51000 19 2 0 19 16 0 0 0 0 
51100 20 3 0 23 19 0 0 0 0 
51200 25 1 0 22 21 0 0 0 0 
51300 20 1 0 20 17 0 0 0 0 
51400 22 0 0 18 18 0 0 0 0 
51500 22 0 0 23 21 0 0 0 0 
51600 21 0 0 25 25 0 0 0 0 
51700 23 1 0 18 19 0 0 0 0 
51800 20 0 0 22 22 0 0 0 0 
51900 21 0 0 19 16 0 0 0 0 
52000 22 0 0 18 21 0 0 0 0 
52100 22 0 0 13 18 0 0 0 0 
52200 24 0 0 16 17 0 0 0 0 
52300 23 2 0 20 18 0 0 0 0 
52400 23 0 0 16 15 0 0 0 0 
52500 20 1 0 15 15 0 0 0 0 
52600 22 2 0 22 19 0 0 0 0 
52700 23 0 0 20 18 0 0 0 0 
52800 25 0 0 24 21 0 0 0 0 
52900 25 0 0 21 21 0 0 0 0 
53000 25 0 0 24 21 0 0 0 0 
53100 24 1 0 23 21 0 0 0 0 
53200 23 1 0 22 21 0 0 0 0 
53300 19 1 0 22 19 0 0 0 0 
53400 23 0 0 19 21 0 0 0 0 
53500 21 2 0 16 18 0 0 0 0 
53600 25 1 0 23 18 0 0 0 0 
53700 24 1 0 18 21 0 0 0 0 
53800 24 0 0 20 20 0 0 0 0 
53900 22 2 0 21 19 0 0 0 0 
54000 25 0 0 23 23 0 0 0 0 
54100 25 0 0 24 24 0 0 0 0 
54200 24 0 0 24 23 0 0 0 0 
54300 22 1 0 21 18 0 0 0 0 
54400 25 0 0 24 24 0 0 0 0 
54500 23 0 0 23 19 0 0 0 0 
54600 21 2 0 22 18 0 0 0 0 
54700 21 0 0 20 10 0 0 0 0 
54800 17 0 0 19 16 0 0 0 0 
54900 23 0 0 22 23 0 0 0 0 
55000 25 0 0 23 25 0 0 0 0 
55100 23 0 0 22 21 0 0 0 0 
55200 24 2 0 16 15 0 0 0 0 
55300 24 1 0 22 20 0 0 0 0 
55400 24 1 0 22 21 0 0 0 0 
55500 24 2 0 20 12 0 0 0 0 
55600 25 0 0 22 24 0 0 0 0 
55700 25 0 0 23 21 0 0 0 0 
55800 24 1 0 21 19 0 0 0 0 
55900 25 0 0 24 23 0 0 0 0 
56000 25 0 0 24 20 0 0 0 0 
56100 23 0 0 19 18 0 0 0 0 
56200 18 0 0 15 15 0 0 0 0 
56300 21 1 0 22 17 0 0 0 0 
56400 21 0 0 20 21 0 0 0 0 
56500 25 0 0 23 23 0 0 0 0 
56600 19 0 0 18 18 0 0 0 0 
56700 22 0 0 20 21 0 0 0 0 
56800 24 0 0 24 22 0 0 0 0 
56900 25 0 0 20 18 0 0 0 0 
57000 23 0 0 20 17 0 0 0 0 
57100 24 0 0 21 20 0 0 0 0 
57200 16 0 0 14 8 0 0 0 0 
57300 24 0 0 23 24 0 0 0 0 
57400 23 0 0 23 24 0 0 0 0 
57500 20 3 0 21 19 0 0 0 0 
57600 25 0 0 23 24 0 0 0 0 
57700 24 0 0 22 23 0 0 0 0 
57800 19 0 0 23 20 0 0 0 0 
57900 23 0 0 20 21 0 0 0 0 
58000 23 0 0 22 20 0 0 0 0 
58100 22 0 0 23 19 0 0 0 0 
58200 22 2 0 17 14 0 0 0 0 
58300 21 1 0 18 18 0 0 0 0 
58400 24 0 0 22 20 0 0 0 0 
58500 20 0 0 20 20 0 0 0 0 
58600 24 0 0 21 25 0 0 0 0 
58700 24 0 0 20 16 0 0 0 0 
58800 25 0 0 22 23 0 0 0 0 
58900 21 0 0 19 17 0 0 0 0 
59000 25 0 0 25 24 0 0 0 0 
59100 24 0 0 18 17 0 0 0 0 
59200 24 0 0 22 19 0 0 0 0 
59300 25 0 0 24 22 0 0 0 0 
59400 25 0 0 25 25 0 0 0 0 
59500 24 0 0 22 22 0 0 0 0 
59600 25 0 0 22 17 0 0 0 0 
59700 25 0 0 21 20 0 0 0 0 
59800 21 2 0 21 19 0 0 0 0 
59900 24 2 0 21 19 0 0 0 0 
60000 22 0 0 22 22 0 0 0 0 
60100 25 0 0 20 22 0 0 0 0 
60200 23 1 0 21 16 0 0 0 0 
60300 24 0 0 22 20 0 0 0 0 
60400 20 4 0 19 16 0 0 0 0 
60500 21 0 0 20 19 0 0 0 0 
60600 23 0 0 24 21 0 0 0 0 
60700 24 0 0 20 19 0 0 0 0 
60800 19 0 0 23 22 0 0 0 0 
60900 20 1 0 21 19 0 0 0 0 
61000 25 0 0 20 18 0 0 0 0 
61100 24 1 0 23 21 0 0 0 0 
61200 23 2 0 25 20 0 0 0 0 
61300 25 0 0 19 22 0 0 0 0 
61400 22 0 0 20 19 0 0 0 0 
61500 24 0 0 15 15 0 0 0 0 
61600 22 0 0 21 19 0 0 0 0 
61700 22 1 0 20 20 0 0 0 0 
61800 23 1 0 19 18 0 0 0 0 
61900 24 0 0 20 23 0 0 0 0 
62000 24 1 0 24 24 0 0 0 0 
62100 19 0 0 18 13 0 0 0 0 
62200 21 0 0 17 14 0 0 0 0 
62300 23 0 0 23 17 0 0 0 0 
62400 23 0 0 22 22 0 0 0 0 
62500 25 0 0 24 20 0 0 0 0 
62600 25 0 0 18 17 0 0 0 0 
62700 24 1 0 22 18 0 0 0 0 
62800 22 0 0 20 19 0 0 0 0 
62900 18 0 0 18 16 0 0 0 0 
63000 24 0 0 22 22 0 0 0 0 
63100 22 0 0 22 19 0 0 0 0 
63200 22 0 0 24 21 0 0 0 0 
63300 23 0 0 25 19 0 0 0 0 
63400 24 0 0 19 19 0 0 0 0 
63500 22 0 0 15 14 0 0 0 0 
63600 25 0 0 19 18 0 0 0 0 
63700 23 1 0 18 19 0 0 0 0 
63800 19 0 0 19 18 0 0 0 0 
63900 19 1 0 18 16 0 0 0 0 
64000 24 0 0 21 20 0 0 0 0 
64100 25 0 0 24 25 0 0 0 0 
64200 24 0 0 19 19 0 0 0 0 
64300 24 0 0 23 21 0 0 0 0 
64400 22 0 0 19 17 0 0 0 0 
64500 21 2 0 23 19 0 0 0 0 
64600 23 0 0 20 20 0 0 0 0 
64700 23 0 0 16 14 0 0 0 0 
64800 23 0 0 16 17 0 0 0 0 
64900 24 1 0 21 22 0 0 0 0 
65000 17 0 0 20 17 0 0 0 0 
65100 20 1 0 24 24 0 0 0 0 
65200 24 0 0 23 20 0 0 0 0 
65300 25 0 0 22 21 0 0 0 0 
65400 21 1 0 17 16 0 0 0 0 
65500 22 2 0 21 16 0 0 0 0 
65600 20 0 0 21 19 0 0 0 0 
65700 20 0 0 21 19 0 0 0 0 
65800 23 2 0 25 22 0 0 0 0 
65900 24 0 0 19 18 0 0 0 0 
66000 24 0 0 12 17 0 0 0 0 
66100 25 0 0 16 16 0 0 0 0 
66200 19 0 0 18 17 0 0 0 0 
66300 22 0 0 24 21 0 0 0 0 
66400 15 0 0 16 11 0 0 0 0 
66500 23 1 0 19 16 0 0 0 0 
66600 22 0 0 17 16 0 0 0 0 
66700 22 0 0 20 18 0 0 0 0 
66800 23 0 0 19 20 0 0 0 0 
66900 19 0 0 23 23 0 0 0 0 
67000 22 0 0 22 20 0 0 0 0 
67100 21 0 0 21 21 0 0 0 0 
67200 21 0 0 14 15 0 0 0 0 
67300 20 0 0 17 17 0 0 0 0 
67400 22 0 0 19 21 0 0 0 0 
67500 22 0 0 17 19 0 0 0 0 
67600 24 0 0 18 20 0 0 0 0 
67700 24 0 0 20 21 0 0 0 0 
67800 22 0 0 20 22 0 0 0 0 
67900 19 0 0 19 17 0 0 0 0 
68000 21 2 0 21 17 0 0 0 0 
68100 22 2 0 20 19 0 0 0 0 
68200 22 0 0 20 17 0 0 0 0 
68300 20 0 0 19 16 0 0 0 0 
68400 22 1 0 20 16 0 0 0 0 
68500 25 0 0 23 25 0 0 0 0 
68600 20 0 0 15 20 0 0 0 0 
68700 23 0 0 19 23 0 0 0 0 
68800 25 0 0 22 24 0 0 0 0 
68900 22 0 0 22 22 0 0 0 0 
69000 21 0 0 21 21 0 0 0 0 
69100 25 0 0 21 19 0 0 0 0 
69200 25 0 0 23 21 0 0 0 0 
69300 21 0 0 19 19 0 0 0 0 
69400 22 0 0 23 20 0 0 0 0 
69500 17 0 0 17 18 0 0 0 0 
69600 18 0 0 16 20 0 0 0 0 
69700 16 2 0 15 15 0 0 0 0 
69800 23 0 0 17 16 0 0 0 0 
69900 23 0 0 23 20 0 0 0 0 
70000 18 0 0 20 19 0 0 0 0 
70100 22 0 0 20 19 0 0 0 0 
70200 25 0 0 20 16 0 0 0 0 
70300 25 0 0 21 17 0 0 0 0 
70400 22 0 0 19 16 0 0 0 0 
70500 22 0 0 15 13 0 0 0 0 
70600 21 2 0 21 14 0 0 0 0 
70700 23 0 0 25 21 0 0 0 0 
70800 23 0 0 25 22 0 0 0 0 
70900 19 0 0 19 19 0 0 0 0 
71000 25 0 0 20 15 0 0 0 0 
71100 23 0 0 21 19 0 0 0 0 
71200 24 1 0 20 17 0 0 0 0 
71300 25 0 0 21 23 0 0 0 0 
71400 21 0 0 24 22 0 0 0 0 
71500 19 1 0 22 18 0 0 0 0 
71600 23 0 0 24 20 0 0 0 0 
71700 21 0 0 20 15 0 0 0 0 
71800 18 1 0 17 12 0 0 0 0 
71900 22 1 0 18 18 0 0 0 0 
72000 22 0 0 19 18 0 0 0 0 
72100 22 0 0 19 21 0 0 0 0 
72200 19 1 0 21 20 0 0 0 0 
72300 22 0 0 23 21 0 0 0 0 
72400 21 0 0 23 22 0 0 0 0 
72500 20 0 0 17 19 0 0 0 0 
72600 19 0 0 14 20 0 0 0 0 
72700 23 0 0 14 23 0 0 0 0 
72800 20 2 0 11 19 0 0 0 0 
72900 24 1 0 18 20 0 0 0 0 
73000 25 0 0 19 18 0 0 0 0 
73100 24 2 0 19 19 0 0 0 0 
73200 25 0 0 12 23 0 0 0 0 
73300 24 0 0 11 15 0 0 0 0 
73400 25 2 0 17 18 0 0 0 0 
73500 25 0 0 23 23 0 0 0 0 
73600 25 0 0 18 19 0 0 0 0 
73700 23 1 0 18 18 0 0 0 0 
73800 22 0 0 15 19 0 0 0 0 
73900 25 0 0 8 19 0 0 0 0 
74000 25 0 0 18 24 0 0 0 0 
74100 23 3 0 15 22 0 0 0 0 
74200 21 0 0 17 21 0 0 0 0 
74300 23 0 0 13 21 0 0 0 0 
74400 25 1 0 16 21 0 0 0 0 
74500 20 0 0 19 21 0 0 0 0 
74600 25 0 0 23 23 0 0 0 0 
74700 17 0 0 9 15 0 0 0 0 
74800 21 0 0 16 17 0 0 0 0 
74900 24 1 0 21 22 0 0 0 0 
75000 20 2 0 20 20 0 0 0 0 
75100 23 0 0 22 23 0 0 0 0 
75200 21 0 0 16 17 0 0 0 0 
75300 20 0 0 19 17 0 0 0 0 
75400 25 0 0 19 19 0 0 0 0 
75500 23 0 0 23 23 0 0 0 0 
75600 22 1 0 21 20 0 0 0 0 
75700 22 1 0 19 18 0 0 0 0 
75800 23 0 0 22 22 0 0 0 0 
75900 17 0 0 21 21 0 0 0 0 
76000 14 0 0 20 20 0 0 0 0 
76100 20 0 0 20 20 0 0 0 0 
76200 23 0 0 20 21 0 0 0 0 
76300 23 0 0 21 22 0 0 0 0 
76400 22 1 0 21 22 0 0 0 0 
76500 24 0 0 23 22 0 0 0 0 
76600 20 0 0 19 18 0 0 0 0 
76700 22 1 0 20 21 0 0 0 0 
76800 19 0 0 18 18 0 0 0 0 
76900 24 0 0 25 23 0 0 0 0 
77000 24 0 0 19 19 0 0 0 0 
77100 25 0 0 23 25 0 0 0 0 
77200 23 0 0 21 21 0 0 0 0 
77300 23 0 0 18 22 0 0 0 0 
77400 24 0 0 24 24 0 0 0 0 
77500 23 0 0 22 20 0 0 0 0 
77600 20 0 0 18 17 0 0 0 0 
77700 16 1 0 20 20 0 0 0 0 
77800 22 0 0 18 18 0 0 0 0 
77900 24 0 0 24 24 0 0 0 0 
78000 18 0 0 16 13 0 0 0 0 
78100 23 0 0 20 20 0 0 0 0 
78200 25 0 0 25 24 0 0 0 0 
78300 21 2 0 18 18 0 0 0 0 
78400 21 3 0 19 15 0 0 0 0 
78500 23 1 0 21 19 0 0 0 0 
78600 24 1 0 21 23 0 0 0 0 
78700 23 0 0 19 20 0 0 0 0 
78800 20 0 0 20 20 0 0 0 0 
78900 21 4 0 25 17 0 0 0 0 
79000 21 0 0 20 19 0 0 0 0 
79100 22 1 0 22 22 0 0 0 0 
79200 22 2 0 21 22 0 0 0 0 
79300 23 0 0 24 24 0 0 0 0 
79400 12 0 0 22 21 0 0 0 0 
79500 20 0 0 19 22 0 0 0 0 
79600 19 0 0 20 18 0 0 0 0 
79700 24 0 0 23 21 0 0 0 0 
79800 23 0 0 22 21 0 0 0 0 
79900 24 0 0 24 24 0 0 0 0 
80000 24 0 0 20 20 0 0 0 0 
80100 21 2 0 17 19 0 0 0 0 
80200 24 0 0 21 21 0 0 0 0 
80300 21 0 0 24 25 0 0 0 0 
80400 25 0 0 24 23 0 0 0 0 
80500 24 0 0 25 25 0 0 0 0 
80600 18 0 0 19 18 0 0 0 0 
80700 24 0 0 23 20 0 0 0 0 
80800 22 0 0 21 21 0 0 0 0 
80900 23 0 0 20 21 0 0 0 0 
81000 23 0 0 18 17 0 0 0 0 
81100 24 0 0 22 22 0 0 0 0 
81200 23 2 0 24 22 0 0 0 0 
81300 23 0 0 19 17 0 0 0 0 
81400 25 0 0 22 22 0 0 0 0 
81500 24 0 0 21 22 0 0 0 0 
81600 24 0 0 23 22 0 0 0 0 
81700 21 0 0 19 21 0 0 0 0 
81800 20 0 0 15 16 0 0 0 0 
81900 23 0 0 20 22 0 0 0 0 
82000 23 0 0 21 22 0 0 0 0 
82100 25 0 0 25 25 0 0 0 0 
82200 20 0 0 20 19 0 0 0 0 
82300 17 2 0 20 17 0 0 0 0 
82400 21 1 0 23 21 0 0 0 0 
82500 25 0 0 24 19 0 0 0 0 
82600 23 0 0 20 21 0 0 0 0 
82700 24 1 0 22 21 0 0 0 0 
82800 22 0 0 22 21 0 0 0 0 
82900 21 0 0 21 21 0 0 0 0 
83000 20 0 0 23 19 0 0 0 0 
83100 25 0 0 23 22 0 0 0 0 
83200 25 0 0 23 24 0 0 0 0 
83300 23 0 0 20 21 0 0 0 0 
83400 22 1 0 20 21 0 0 0 0 
83500 17 0 0 17 19 0 0 0 0 
83600 19 0 0 20 20 0 0 0 0 
83700 20 0 0 20 22 0 0 0 0 
83800 25 0 0 23 24 0 0 0 0 
83900 20 2 0 21 19 0 0 0 0 
84000 22 2 0 20 22 0 0 0 0 
84100 23 0 0 19 21 0 0 0 0 
84200 24 0 0 18 25 0 0 0 0 
84300 19 3 0 18 18 0 0 0 0 
84400 24 3 0 19 21 0 0 0 0 
84500 25 0 0 21 23 0 0 0 0 
84600 24 0 0 24 21 0 0 0 0 
84700 21 0 0 21 21 0 0 0 0 
84800 22 0 0 22 24 0 0 0 0 
84900 25 0 0 25 24 0 0 0 0 
85000 24 1 0 24 24 0 0 0 0 
85100 24 0 0 19 16 0 0 0 0 
85200 25 0 0 25 25 0 0 0 0 
85300 25 0 0 20 21 0 0 0 0 
85400 21 2 0 15 15 0 0 0 0 
85500 23 0 0 23 22 0 0 0 0 
85600 21 2 0 20 17 0 0 0 0 
85700 23 0 0 24 18 0 0 0 0 
85800 24 0 0 22 22 0 0 0 0 
85900 24 0 0 25 22 0 0 0 0 
86000 22 1 0 20 24 0 0 0 0 
86100 21 0 0 19 23 0 0 0 0 
86200 24 0 0 24 24 0 0 0 0 
86300 21 0 0 21 21 0 0 0 0 
86400 25 0 0 24 24 0 0 0 0 
86500 23 0 0 22 20 0 0 0 0 
86600 24 0 0 20 19 0 0 0 0 
86700 23 0 0 20 19 0 0 0 0 
86800 23 0 0 20 24 0 0 0 0 
86900 23 0 0 25 23 0 0 0 0 
87000 21 0 0 21 22 0 0 0 0 
87100 22 2 0 20 19 0 0 0 0 
87200 24 0 0 24 24 0 0 0 0 
87300 22 0 0 19 17 0 0 0 0 
87400 23 0 0 21 23 0 0 0 0 
87500 23 0 0 17 17 0 0 0 0 
87600 25 0 0 22 22 0 0 0 0 
87700 19 0 0 20 16 0 0 0 0 
87800 23 0 0 22 24 0 0 0 0 
87900 24 0 0 18 19 0 0 0 0 
88000 21 0 0 23 21 0 0 0 0 
88100 24 0 0 24 24 0 0 0 0 
88200 21 0 0 19 18 0 0 0 0 
88300 23 0 0 21 17 0 0 0 0 
88400 22 0 0 22 21 0 0 0 0 
88500 25 0 0 25 25 0 0 0 0 
88600 23 0 0 24 23 0 0 0 0 
88700 25 0 0 23 24 0 0 0 0 
88800 24 0 0 24 22 0 0 0 0 
88900 24 0 0 24 23 0 0 0 0 
89000 25 0 0 25 25 0 0 0 0 
89100 23 0 0 23 23 0 0 0 0 
89200 25 0 0 25 25 0 0 0 0 
89300 25 0 0 25 25 0 0 0 0 
89400 24 0 0 24 24 0 0 0 0 
89500 24 0 0 24 25 0 0 0 0 
89600 23 0 0 21 22 0 0 0 0 
89700 24 0 0 23 22 0 0 0 0 
89800 25 0 0 23 25 0 0 0 0 
89900 22 0 0 20 21 0 0 0 0 
90000 23 3 0 22 17 0 0 0 0 
90100 21 2 0 23 19 0 0 0 0 
90200 22 0 0 19 18 0 0 0 0 
90300 21 0 0 24 23 0 0 0 0 
90400 24 0 0 23 21 0 0 0 0 
90500 20 0 0 18 20 0 0 0 0 
90600 22 0 0 20 20 0 0 0 0 
90700 25 0 0 24 24 0 0 0 0 
90800 22 0 0 18 20 0 0 0 0 
90900 19 0 0 18 21 0 0 0 0 
91000 17 1 0 14 16 0 0 0 0 
91100 22 0 0 17 14 0 0 0 0 
91200 25 0 0 25 24 0 0 0 0 
91300 22 0 0 22 20 0 0 0 0 
91400 19 0 0 20 22 0 0 0 0 
91500 21 4 0 22 19 0 0 0 0 
91600 25 0 0 23 23 0 0 0 0 
91700 25 0 0 21 24 0 0 0 0 
91800 22 0 0 22 23 0 0 0 0 
91900 23 0 0 21 23 0 0 0 0 
92000 23 0 0 23 23 0 0 0 0 
92100 17 1 0 19 23 0 0 0 0 
92200 25 0 0 24 24 0 0 0 0 
92300 23 0 0 21 21 0 0 0 0 
92400 20 0 0 17 17 0 0 0 0 
92500 21 0 0 21 23 0 0 0 0 
92600 24 0 0 24 23 0 0 0 0 
92700 23 1 0 24 22 0 0 0 0 
92800 24 0 0 24 23 0 0 0 0 
92900 16 0 0 13 17 0 0 0 0 
93000 22 0 0 22 22 0 0 0 0 
93100 25 0 0 22 23 0 0 0 0 
93200 24 0 0 22 24 0 0 0 0 
93300 21 0 0 18 18 0 0 0 0 
93400 18 1 0 21 19 0 0 0 0 
93500 25 0 0 25 24 0 0 0 0 
93600 23 4 0 14 21 0 0 0 0 
93700 19 0 0 22 20 0 0 0 0 
93800 22 4 0 21 21 0 0 0 0 
93900 25 0 0 25 25 0 0 0 0 
94000 24 1 0 22 21 0 0 0 0 
94100 21 1 0 19 20 0 0 0 0 
94200 25 0 0 23 23 0 0 0 0 
94300 24 0 0 24 25 0 0 0 0 
94400 24 0 0 24 24 0 0 0 0 
94500 24 0 0 24 22 0 0 0 0 
94600 25 0 0 23 22 0 0 0 0 
94700 23 0 0 23 23 0 0 0 0 
94800 25 0 0 24 23 0 0 0 0 
94900 25 0 0 21 22 0 0 0 0 
95000 25 0 0 20 21 0 0 0 0 
95100 21 0 0 16 20 0 0 0 0 
95200 23 0 0 20 21 0 0 0 0 
95300 24 0 0 20 21 0 0 0 0 
95400 21 0 0 18 16 0 0 0 0 
95500 13 0 0 14 16 0 0 0 0 
95600 6 0 0 15 17 0 0 0 0 
95700 1 0 0 20 22 0 0 0 0 
95800 0 0 0 22 20 0 0 0 0 
95900 0 0 0 25 25 0 0 0 0 
96000 0 1 0 22 21 0 0 0 0 
96100 0 1 0 23 23 0 0 0 0 
96200 1 0 0 19 20 0 0 0 0 
96300 3 0 0 15 15 0 0 0 0 
96400 0 1 0 22 22 0 0 0 0 
96500 0 1 0 24 24 0 0 0 0 
96600 2 0 0 17 19 0 0 0 0 
96700 0 2 0 24 20 0 0 0 0 
96800 7 0 0 13 17 0 0 0 0 
96900 2 0 0 23 23 0 0 0 0 
97000 0 0 0 21 23 0 0 0 0 
97100 2 0 0 23 21 0 0 0 0 
97200 0 0 0 23 23 0 0 0 0 
97300 0 1 0 22 21 0 0 0 0 
97400 0 1 0 22 23 0 0 0 0 
97500 0 0 0 16 19 0 0 0 0 
97600 1 0 0 21 21 0 0 0 0 
97700 0 0 0 21 22 0 0 0 0 
97800 4 1 0 19 18 0 0 0 0 
97900 1 0 0 24 24 0 0 0 0 
98000 0 0 0 25 25 0 0 0 0 
98100 1 1 0 22 21 0 0 0 0 
98200 1 0 0 22 20 0 0 0 0 
98300 1 0 0 20 22 0 0 0 0 
98400 0 0 0 19 20 0 0 0 0 
98500 0 0 0 24 24 0 0 0 0 
98600 2 0 0 22 22 0 0 0 0 
98700 0 0 0 20 21 0 0 0 0 
98800 0 0 0 21 19 0 0 0 0 
98900 0 0 0 21 23 0 0 0 0 
99000 1 0 0 24 24 0 0 0 0 
99100 1 0 0 22 20 0 0 0 0 
99200 4 2 0 22 20 0 0 0 0 
99300 0 1 0 25 24 0 0 0 0 
99400 0 0 0 21 21 0 0 0 0 
99500 0 0 0 24 22 0 0 0 0 
99600 0 2 0 20 19 0 0 0 0 
99700 0 2 0 25 21 0 0 0 0 
99800 0 1 0 21 22 0 0 0 0 
99900 0 0 0 23 22 0 0 0 0 
100000 0 0 0 21 23 0 0 0 0 
