# Avida tasks data
# Wed Apr 12 12:25:14 2023
# First column gives the current update, next columns give the number
# of organisms that have the particular task as a component of their merit
#  1: Update
#  2: Not
#  3: Nand
#  4: And
#  5: OrNot
#  6: Or
#  7: AndNot
#  8: Nor
#  9: Xor
# 10: Equals

0 0 0 0 0 0 0 0 0 0 
100 0 0 0 0 0 0 0 0 0 
200 0 0 0 0 0 0 0 0 0 
300 0 0 0 0 0 0 0 0 0 
400 0 0 0 0 0 0 0 0 0 
500 0 0 0 0 0 0 0 0 0 
600 0 0 0 0 0 0 0 0 0 
700 3 0 0 0 0 0 0 0 0 
800 3 0 0 0 0 0 0 0 0 
900 6 0 0 3 0 0 0 0 0 
1000 45 4 0 0 0 0 0 0 0 
1100 119 42 0 6 0 0 0 0 0 
1200 239 178 0 2 0 0 0 0 0 
1300 550 477 0 31 0 0 0 0 0 
1400 926 742 0 379 2 0 0 0 0 
1500 1763 791 4 1213 88 0 0 0 0 
1600 2700 827 5 2257 1288 0 0 0 0 
1700 3737 675 7 3188 2463 0 0 0 0 
1800 4669 619 10 4127 3532 7 0 0 0 
1900 4952 505 11 4454 3973 12 0 0 0 
2000 5347 954 10 4935 4558 2 0 0 0 
2100 5843 1702 10 5480 5060 1 1 0 0 
2200 6481 2493 9 6204 5782 0 0 0 0 
2300 6995 3230 9 6765 6394 1 0 0 0 
2400 7727 4204 11 7534 7150 2 0 0 0 
2500 8167 4959 13 8090 7696 2 0 0 0 
2600 8835 5763 9 8582 8212 1 0 0 0 
2700 9340 6627 11 9159 8846 0 0 0 0 
2800 10026 7602 11 9798 9463 3 0 0 0 
2900 10491 8469 4 10186 9843 7 0 0 0 
3000 10836 9201 2 10473 10120 10 0 0 0 
3100 11293 9855 0 10954 10658 7 0 0 0 
3200 11485 10470 0 11153 10846 7 0 0 0 
3300 11816 10999 0 11460 11134 6 0 0 0 
3400 11932 11609 0 11715 11385 2 0 0 0 
3500 12018 11966 0 11741 11415 5 0 0 0 
3600 12188 12353 0 11807 11452 7 0 0 0 
3700 12216 12613 0 11892 11571 0 0 0 0 
3800 12269 12894 0 12005 11694 0 0 0 0 
3900 12474 13184 0 12077 11780 3 0 0 0 
4000 12613 13324 0 12282 11941 2 0 0 0 
4100 12551 13389 1 12219 11863 13 0 0 0 
4200 12515 13400 0 12207 11915 12 1 0 0 
4300 12528 13344 0 12223 11895 14 0 0 0 
4400 12728 13410 0 12191 11886 21 0 0 0 
4500 12541 13384 2 12244 11836 30 0 0 0 
4600 12590 13438 0 12193 11892 27 5 0 0 
4700 12684 13406 0 12235 11932 52 27 0 0 
4800 12656 13378 1 12317 11750 34 253 0 0 
4900 12512 13363 3 12214 11159 38 731 0 0 
5000 12649 13319 9 12246 10381 46 1477 0 0 
