# Avida tasks data
# Wed Apr 12 14:47:46 2023
# First column gives the current update, next columns give the number
# of organisms that have the particular task as a component of their merit
#  1: Update
#  2: Not
#  3: Nand
#  4: And
#  5: OrNot
#  6: Or
#  7: AndNot
#  8: Nor
#  9: Xor
# 10: Equals

0 0 0 0 0 0 0 0 0 0 
100 0 0 0 0 0 0 0 0 0 
200 0 0 0 0 0 0 0 0 0 
300 0 0 0 0 0 0 0 0 0 
400 0 0 0 0 0 0 0 0 0 
500 2 0 0 0 0 0 0 0 0 
600 1 0 0 0 0 0 0 0 0 
700 4 0 0 0 0 0 0 0 0 
800 156 20 0 0 0 0 0 0 0 
900 442 69 0 24 0 0 0 0 0 
1000 611 552 3 537 0 0 0 0 0 
1100 653 935 0 1504 424 15 2 0 0 
1200 1443 1203 2 2298 932 17 1343 0 0 
1300 2426 1075 3 3419 2115 70 2476 0 0 
1400 3090 949 10 4205 3054 54 3285 0 0 
1500 3909 897 4 4971 3862 91 4016 0 0 
1600 4464 771 7 5580 4667 179 4669 0 0 
1700 4782 664 5 6008 5197 753 5012 0 0 
1800 5524 681 7 6495 5698 1718 5441 0 0 
1900 6134 1118 515 7028 6261 2822 5991 0 2 
2000 6458 1859 1601 7286 6541 3902 6216 0 0 
2100 6750 2985 2688 7602 6853 4827 6517 0 0 
2200 6955 4334 3893 7641 6972 5763 6658 0 0 
2300 7190 5531 5067 7864 7192 6709 6865 0 33 
2400 7460 6330 4424 8054 7383 7398 7027 0 1212 
2500 8020 7175 4808 8585 8086 8301 7541 2 2609 
2600 8407 8082 6066 8872 8411 8808 7803 2 3806 
2700 8873 8755 7297 9266 8805 9392 8218 2 4862 
2800 9258 9437 8114 9700 9101 9999 8504 0 5675 
2900 9667 9895 8797 10148 9576 10449 8903 3 6425 
3000 10135 10382 9462 10504 9966 10909 9346 0 6968 
3100 10510 10960 10203 10934 10343 11335 9669 1 7687 
3200 10891 11396 10653 11239 10655 11675 9926 2 8200 
3300 11235 11776 11065 11575 11104 12085 10309 0 8684 
3400 11577 12207 11651 11951 11380 12528 10615 0 9218 
3500 11917 12689 12049 12246 11617 12764 10833 4 9595 
3600 12048 13034 12329 12373 11636 13069 10850 3 9992 
3700 12154 13219 12549 12532 11844 13129 11123 5 10259 
3800 12190 13247 12565 12662 11941 13182 11192 0 10495 
3900 12168 13181 12486 12599 11846 13098 11172 4 10342 
4000 12226 13253 12531 12644 11990 13208 11204 3 10567 
4100 12266 13111 12488 12690 11902 13164 11136 0 10574 
4200 12276 13215 12556 12628 11940 13143 11139 0 10523 
4300 12359 13233 12549 12742 12035 13191 11326 2 10654 
4400 12333 13271 12508 12626 11907 13176 11144 0 10442 
4500 12343 13217 12450 12649 11925 13145 11216 2 10533 
4600 12432 13181 12461 12667 12024 13139 11194 2 10560 
4700 12343 13222 12542 12714 12069 13180 11233 0 10566 
4800 12239 13181 12527 12601 11925 13162 11135 1 10473 
4900 12327 13233 12500 12682 11982 13087 11171 2 10589 
5000 12374 13235 12527 12671 11955 13180 11233 1 10605 
5100 12370 13206 12478 12690 11939 13115 11230 2 10535 
5200 12316 13209 12525 12643 12044 13165 11237 0 10622 
5300 12293 13208 12527 12656 11961 13201 11158 0 10562 
5400 12339 13157 12459 12733 12039 13084 11221 1 10534 
5500 12348 13276 12576 12727 12011 13238 11261 3 10606 
5600 12394 13225 12619 12689 11940 13188 11178 0 10653 
5700 12362 13214 12578 12755 11983 13132 11236 0 10569 
5800 12486 13289 12549 12742 12100 13145 11354 1 10680 
5900 12434 13275 12686 12762 12081 13190 11332 1 10736 
6000 12420 13151 12529 12670 11956 13131 11119 0 10550 
6100 12362 13177 12469 12718 12081 13129 11359 1 10580 
6200 12454 13221 12494 12885 12122 13091 11433 0 10743 
6300 12378 13204 12532 12748 12020 13121 11339 1 10594 
6400 12460 13250 12615 12769 12037 13182 11391 0 10739 
6500 12481 13219 12647 12793 12082 13149 11382 1 10736 
6600 12549 13196 12604 12859 12169 13174 11439 3 10789 
6700 12548 13280 12512 12799 12211 13130 11476 6 10744 
6800 12560 13225 12619 12815 12071 13176 11397 3 10632 
6900 12548 13187 12519 12863 12066 13161 11461 2 10758 
7000 12588 13273 12549 12917 12222 13164 11579 0 10900 
7100 12642 13210 12632 12869 12091 13182 11372 0 10858 
7200 12626 13225 12614 12845 12112 13162 11513 0 10689 
7300 12478 13184 12650 12850 12151 13220 11466 5 10792 
7400 12546 13137 12520 12948 12277 13184 11562 4 10749 
7500 12646 13169 12573 12911 12224 13187 11589 5 10814 
7600 12535 13205 12636 12923 12256 13161 11563 1 10833 
7700 12598 13251 12650 12888 12233 13256 11592 0 10929 
7800 12681 13316 12678 12906 12201 13226 11601 2 10896 
7900 12633 13315 12666 12930 12205 13224 11524 0 10892 
8000 12685 13251 12574 12867 12197 13143 11533 5 10804 
8100 12552 13227 12614 13020 12302 13112 11619 2 10845 
8200 12693 13246 12676 12978 12297 13180 11634 4 10929 
8300 12660 13249 12696 12912 12309 13262 11636 2 11064 
8400 12686 13193 12599 12947 12235 13208 11506 0 10850 
8500 12668 13226 12638 12955 12287 13242 11626 0 10861 
8600 12584 13240 12715 12965 12250 13220 11672 1 11008 
8700 12668 13249 12606 12889 12226 13051 11616 1 10888 
8800 12743 13321 12705 12875 12169 13232 11540 1 10867 
8900 12764 13278 12675 12931 12236 13150 11523 3 10949 
9000 12808 13280 12666 12955 12267 13198 11651 1 10901 
9100 12833 13326 12592 13044 12362 13143 11728 7 11019 
9200 12740 13313 12686 12982 12274 13217 11607 1 11022 
9300 12858 13288 12690 12978 12350 13209 11681 2 10958 
9400 12690 13287 12586 12986 12239 13221 11609 0 11003 
9500 12775 13202 12597 13020 12335 13226 11688 0 11077 
9600 12894 13288 12697 13065 12467 13191 11812 1 11149 
9700 12864 13237 12675 13014 12306 13222 11761 0 11025 
9800 12799 13291 12677 13005 12269 13191 11741 2 11003 
