# Avida tasks data
# Wed Apr 12 17:49:12 2023
# First column gives the current update, next columns give the number
# of organisms that have the particular task as a component of their merit
#  1: Update
#  2: Not
#  3: Nand
#  4: And
#  5: OrNot
#  6: Or
#  7: AndNot
#  8: Nor
#  9: Xor
# 10: Equals

0 0 0 0 0 0 0 0 0 0 
100 0 0 0 0 0 0 0 0 0 
200 0 0 0 0 0 0 0 0 0 
300 0 0 0 0 0 0 0 0 0 
400 0 0 0 0 0 0 0 0 0 
500 0 0 0 0 0 0 0 0 0 
600 0 0 0 0 0 0 0 0 0 
700 0 0 0 0 0 0 0 0 0 
800 0 0 0 0 0 0 0 0 0 
900 0 0 0 0 0 0 0 0 0 
1000 0 0 0 0 0 0 0 0 0 
1100 0 0 0 0 0 0 0 0 0 
1200 0 0 0 0 0 0 0 0 0 
1300 0 0 0 0 0 0 0 0 0 
1400 0 0 0 0 0 0 0 0 0 
1500 0 0 0 0 0 0 0 0 0 
1600 0 0 0 0 0 0 0 0 0 
1700 0 0 0 0 0 0 0 0 0 
1800 0 0 0 0 0 0 0 0 0 
1900 0 0 0 0 0 0 0 0 0 
2000 0 0 0 0 0 0 0 0 0 
2100 0 0 0 0 0 0 0 0 0 
2200 0 0 0 0 0 0 0 0 0 
2300 0 0 0 0 0 0 0 0 0 
2400 0 4 0 0 0 0 0 0 0 
2500 0 0 0 0 0 0 0 0 0 
2600 0 0 0 0 0 0 0 0 0 
2700 0 0 0 0 0 0 0 0 0 
2800 0 0 0 0 0 0 0 0 0 
2900 0 0 0 0 0 0 0 0 0 
3000 0 0 0 0 0 0 0 0 0 
3100 0 0 0 0 0 0 0 0 0 
3200 0 0 0 0 0 0 0 0 0 
3300 0 0 0 0 0 0 0 0 0 
3400 0 0 0 0 0 0 0 0 0 
3500 2 0 0 0 0 0 0 0 0 
3600 0 0 0 0 0 0 0 0 0 
3700 0 0 0 0 0 0 0 0 0 
3800 0 0 0 0 0 0 0 0 0 
3900 0 0 0 0 0 0 0 0 0 
4000 0 0 0 0 0 0 0 0 0 
4100 0 0 0 0 0 0 0 0 0 
4200 0 0 0 0 0 0 0 0 0 
4300 0 0 0 0 0 0 0 0 0 
4400 0 0 0 0 0 0 0 0 0 
4500 0 0 0 0 0 0 0 0 0 
4600 9 0 0 0 0 0 0 0 0 
4700 58 0 0 0 0 0 0 0 0 
4800 70 1 0 0 0 0 0 0 0 
4900 87 2 0 0 0 0 0 0 0 
5000 85 1 0 0 0 0 0 0 0 
5100 72 0 0 4 0 0 0 0 0 
5200 49 0 0 23 0 0 0 0 0 
5300 21 0 0 62 0 0 0 0 0 
5400 8 28 0 78 0 0 0 0 0 
5500 3 71 0 83 0 0 0 0 0 
5600 0 86 0 82 0 0 0 0 0 
5700 4 97 0 84 0 0 0 0 0 
5800 0 90 0 68 0 0 0 0 0 
5900 4 96 0 87 0 0 0 0 0 
6000 6 98 0 65 0 0 0 0 0 
6100 1 97 0 80 0 0 0 0 0 
6200 5 95 0 80 0 0 0 0 0 
6300 1 98 0 93 0 0 0 0 0 
6400 8 97 0 82 0 0 0 0 0 
6500 4 94 0 84 0 0 0 0 0 
6600 4 94 0 86 0 0 0 0 0 
6700 1 93 0 90 0 0 0 0 0 
6800 5 93 0 77 0 0 0 0 0 
6900 2 96 0 90 0 0 0 0 0 
7000 3 96 0 84 0 0 0 0 0 
7100 1 89 0 86 0 0 0 0 0 
7200 7 90 0 71 0 0 0 0 0 
7300 6 90 0 82 0 0 0 0 0 
7400 7 100 0 81 0 0 0 0 0 
7500 6 94 0 75 0 0 0 0 0 
7600 8 89 0 76 2 0 0 0 0 
7700 2 92 0 85 2 0 0 0 0 
7800 5 98 0 89 0 0 0 0 0 
7900 7 96 0 76 0 0 0 0 0 
8000 11 92 0 63 0 0 0 0 0 
8100 4 92 0 87 0 0 0 0 0 
8200 2 89 0 84 0 0 0 0 0 
8300 9 95 0 78 0 0 0 0 0 
8400 2 92 0 80 0 0 0 0 0 
8500 3 99 0 96 0 0 0 0 0 
8600 31 95 0 82 0 0 0 0 0 
8700 58 98 0 83 0 0 0 0 0 
8800 66 100 0 84 0 0 0 0 0 
8900 82 95 0 81 1 0 0 0 0 
9000 78 96 0 75 0 0 0 0 0 
9100 76 97 0 91 0 0 0 0 0 
9200 78 100 0 84 0 0 0 0 0 
9300 77 93 0 74 0 0 0 0 0 
9400 82 99 0 75 0 0 0 0 0 
9500 80 99 0 77 0 0 0 0 0 
9600 74 93 0 78 0 0 0 0 0 
9700 79 95 0 83 0 0 0 0 0 
9800 86 96 0 81 0 0 0 0 0 
9900 83 97 0 86 0 0 0 0 0 
10000 90 98 0 74 0 0 0 0 0 
