# Avida tasks data
# Wed Apr 12 12:38:00 2023
# First column gives the current update, next columns give the number
# of organisms that have the particular task as a component of their merit
#  1: Update
#  2: Not
#  3: Nand
#  4: And
#  5: OrNot
#  6: Or
#  7: AndNot
#  8: Nor
#  9: Xor
# 10: Equals

0 0 0 0 0 0 0 0 0 0 
100 0 0 0 0 0 0 0 0 0 
200 0 0 0 0 0 0 0 0 0 
300 0 0 0 0 0 0 0 0 0 
400 0 0 0 0 0 0 0 0 0 
500 0 0 0 0 0 0 0 0 0 
600 0 0 0 0 0 0 0 0 0 
700 0 0 0 0 0 0 0 0 0 
800 0 3 0 0 0 0 0 0 0 
900 27 363 0 142 0 0 0 0 0 
1000 1371 146 0 776 1648 2 934 0 0 
1100 4718 144 0 672 4712 30 3691 0 0 
1200 5875 919 2 1698 5872 29 4771 0 0 
1300 6491 2165 0 2686 6456 36 5477 0 0 
1400 6991 3135 4 3532 6940 27 5957 0 0 
1500 7364 2993 1 4131 7336 868 6440 0 0 
1600 7851 2058 8 4564 7808 2376 7025 0 0 
1700 8326 1905 17 4999 8318 3508 7628 0 0 
1800 8516 2859 12 5283 8471 4020 7856 0 0 
1900 8593 3485 20 5409 8571 4256 7941 1 0 
2000 8668 4195 20 5453 8613 4455 8050 0 0 
2100 8910 4954 19 5686 8883 4858 8320 1 0 
2200 9268 5757 30 6012 9246 5296 8624 2 0 
2300 9655 6483 28 6480 9649 5993 9163 1 0 
2400 10029 7163 42 7055 10047 6680 9549 3 0 
2500 10389 7855 52 7512 10400 7457 9953 2 0 
2600 10763 8547 41 8132 10752 8201 10387 0 0 
2700 11173 9297 36 8841 11176 9013 10864 2 0 
2800 11499 10033 55 9394 11457 9830 11278 2 0 
2900 11803 10605 63 9893 11689 10501 11633 2 0 
3000 12137 11227 81 10481 12057 11112 11975 0 0 
3100 12361 11732 62 10838 12235 11536 12149 0 0 
3200 12606 12169 79 11270 12444 12010 12407 0 0 
3300 12808 12484 82 11630 12651 12413 12634 0 0 
3400 12889 12877 51 11915 12765 12652 12759 2 0 
3500 13032 13049 66 12194 12913 12932 12952 3 0 
3600 13211 13211 92 12264 13012 13125 13042 0 0 
3700 13278 13444 74 12485 13166 13266 13151 0 0 
3800 13350 13497 83 12569 13149 13346 13224 0 0 
3900 13352 13534 75 12521 13128 13354 13197 0 0 
4000 13302 13541 77 12478 13089 13412 13249 3 0 
4100 13390 13512 75 12574 13149 13452 13260 4 0 
4200 13287 13528 95 12503 13091 13392 13245 7 0 
4300 13346 13542 76 12523 13110 13414 13253 0 0 
4400 13327 13516 80 12514 13145 13389 13205 1 0 
4500 13307 13502 84 12462 13107 13434 13264 2 0 
4600 13364 13479 101 12397 13082 13457 13294 4 0 
4700 13388 13481 97 12452 13093 13385 13204 1 0 
4800 13380 13506 90 12516 13098 13414 13255 4 0 
4900 13287 13550 84 12472 13079 13357 13188 1 0 
5000 13301 13521 81 12509 13024 13337 13206 0 0 
