# Avida tasks data
# Thu Apr 13 14:56:15 2023
# First column gives the current update, next columns give the number
# of organisms that have the particular task as a component of their merit
#  1: Update
#  2: Not
#  3: Nand
#  4: And
#  5: OrNot
#  6: Or
#  7: AndNot
#  8: Nor
#  9: Xor
# 10: Equals

0 0 0 0 0 0 0 0 0 0 
100 0 0 0 0 0 0 0 0 0 
200 0 0 0 0 0 0 0 0 0 
300 0 0 0 0 0 0 0 0 0 
400 0 0 0 0 0 0 0 0 0 
500 0 0 0 0 0 0 0 0 0 
600 0 0 0 0 0 0 0 0 0 
700 0 0 0 0 0 0 0 0 0 
800 0 0 0 0 0 0 0 0 0 
900 0 0 0 0 0 0 0 0 0 
1000 0 0 0 0 0 0 0 0 0 
1100 0 9 0 0 0 0 0 0 0 
1200 0 30 0 0 0 0 0 0 0 
1300 2 51 0 18 0 0 0 0 0 
1400 0 26 0 64 0 0 0 0 0 
1500 0 9 0 87 0 0 0 0 0 
1600 1 5 0 87 0 0 0 0 0 
1700 4 27 0 92 0 0 0 0 0 
1800 0 65 0 98 0 0 0 0 0 
1900 0 83 0 95 0 0 0 0 0 
2000 0 86 0 86 0 0 0 0 0 
2100 1 92 0 92 0 0 0 0 0 
2200 2 89 0 88 0 0 0 0 0 
2300 2 94 0 90 0 0 0 0 0 
2400 0 97 0 97 0 0 0 0 0 
2500 0 84 0 88 0 0 0 0 0 
2600 0 94 0 95 0 0 0 0 0 
2700 2 89 0 85 0 0 0 0 0 
2800 1 88 0 83 0 0 0 0 0 
2900 0 91 0 87 0 0 0 0 0 
3000 1 95 0 94 0 0 0 0 0 
3100 2 89 0 82 0 0 0 0 0 
3200 0 92 0 92 0 0 0 0 0 
3300 0 95 0 93 0 0 0 0 0 
3400 0 80 0 74 0 0 8 0 0 
3500 3 83 0 33 0 0 52 0 0 
3600 0 93 0 4 0 0 83 0 0 
3700 0 83 0 4 0 0 79 0 0 
3800 0 91 0 2 0 0 85 0 0 
3900 0 83 0 6 0 0 76 0 0 
4000 2 89 0 2 0 0 85 0 0 
4100 1 93 0 4 0 0 90 0 0 
4200 3 86 0 1 0 0 81 0 0 
4300 4 90 0 2 0 0 89 0 0 
4400 1 89 0 4 0 0 85 0 0 
4500 3 85 0 41 0 0 84 0 0 
4600 3 87 0 86 0 0 77 0 0 
4700 3 89 0 83 0 0 78 0 0 
4800 6 94 0 94 0 0 87 0 0 
4900 4 85 0 88 0 0 80 0 0 
5000 4 89 0 92 0 0 89 0 0 
5100 0 95 0 91 0 0 87 0 0 
5200 2 91 0 85 0 0 79 0 0 
5300 4 81 0 81 0 0 78 0 0 
5400 6 89 0 84 0 0 87 0 0 
5500 7 88 0 87 0 0 80 0 0 
5600 4 85 0 77 0 0 76 0 0 
5700 2 86 0 75 0 0 76 0 0 
5800 1 97 0 84 0 0 87 0 0 
5900 1 96 0 91 0 0 89 0 0 
6000 2 92 0 85 0 0 85 0 0 
6100 2 89 0 88 0 0 90 0 0 
6200 2 88 0 85 0 0 83 0 0 
6300 4 92 0 90 0 0 87 0 0 
6400 3 95 0 91 0 0 81 0 0 
6500 36 86 0 85 0 0 85 0 0 
6600 69 90 0 93 0 0 86 0 0 
6700 88 95 0 93 2 2 90 0 0 
6800 80 84 0 92 12 11 75 0 0 
6900 80 91 0 91 5 4 86 0 0 
7000 86 85 0 75 1 1 75 0 0 
7100 88 91 0 85 0 0 79 0 0 
7200 85 91 0 89 0 0 83 0 0 
7300 94 89 0 86 0 0 80 0 0 
7400 89 94 0 90 0 0 87 0 0 
7500 93 98 0 94 0 0 90 0 0 
7600 88 92 0 86 0 0 86 0 0 
7700 84 90 0 81 3 3 82 0 0 
7800 88 95 0 88 0 0 82 0 0 
7900 80 95 0 90 0 0 85 0 0 
8000 85 97 0 93 0 37 85 0 0 
8100 90 96 0 92 1 62 87 0 0 
8200 73 70 0 88 21 79 84 0 0 
8300 39 35 1 88 48 83 75 0 0 
8400 34 30 0 86 60 85 75 0 0 
8500 23 17 0 87 64 83 78 0 0 
8600 9 8 1 86 77 79 78 0 0 
8700 9 2 0 82 83 79 69 0 0 
8800 5 2 0 89 87 88 74 0 0 
8900 5 1 1 86 79 79 64 0 0 
9000 7 3 1 85 81 81 73 0 0 
9100 7 0 0 87 83 81 74 0 0 
9200 4 3 0 95 86 91 81 0 0 
9300 6 2 2 90 83 81 80 0 0 
9400 8 2 0 88 84 84 72 0 0 
9500 10 10 2 92 79 83 75 0 0 
9600 5 5 0 86 81 82 81 0 0 
9700 4 0 0 92 87 80 75 0 0 
9800 3 0 0 85 86 84 80 0 0 
9900 7 0 0 92 81 84 82 0 0 
10000 4 2 0 91 83 81 70 0 0 
