# Avida tasks data
# Thu Apr 13 14:56:50 2023
# First column gives the current update, next columns give the number
# of organisms that have the particular task as a component of their merit
#  1: Update
#  2: Not
#  3: Nand
#  4: And
#  5: OrNot
#  6: Or
#  7: AndNot
#  8: Nor
#  9: Xor
# 10: Equals

0 0 0 0 0 0 0 0 0 0 
100 0 0 0 0 0 0 0 0 0 
200 0 0 0 0 0 0 0 0 0 
300 0 0 0 0 0 0 0 0 0 
400 0 0 0 0 0 0 0 0 0 
500 2 0 0 0 0 0 0 0 0 
600 17 0 0 0 0 0 0 0 0 
700 44 0 0 0 0 0 0 0 0 
800 73 0 0 0 0 0 0 0 0 
900 68 0 0 0 0 0 0 0 0 
1000 77 0 0 0 0 0 0 0 0 
1100 75 0 0 0 0 0 0 0 0 
1200 68 0 0 0 0 0 0 0 0 
1300 76 0 0 0 0 0 0 0 0 
1400 65 9 0 0 0 0 0 0 0 
1500 62 13 0 15 0 0 0 0 0 
1600 36 2 0 43 0 0 0 0 0 
1700 13 0 0 74 0 0 0 0 0 
1800 11 1 0 68 0 0 0 0 0 
1900 9 0 0 81 0 0 0 0 0 
2000 14 3 0 71 0 0 0 0 0 
2100 43 12 0 69 0 0 0 0 0 
2200 72 4 0 85 0 0 0 0 0 
2300 84 2 0 62 22 0 0 0 0 
2400 89 1 0 22 61 0 0 0 0 
2500 87 1 0 8 81 0 0 0 0 
2600 91 2 0 2 86 0 0 0 0 
2700 89 1 0 3 81 0 0 0 0 
2800 84 2 0 2 78 0 0 0 0 
2900 95 0 0 4 83 0 0 0 0 
3000 87 0 0 1 86 0 0 0 0 
3100 92 4 0 2 84 0 0 0 0 
3200 79 6 0 6 76 0 0 0 0 
3300 81 0 0 7 75 0 0 0 0 
3400 78 2 0 4 78 0 0 0 0 
3500 88 0 0 8 78 0 0 0 0 
3600 83 0 0 3 77 0 0 0 0 
3700 92 0 0 2 86 0 0 0 0 
3800 81 1 0 4 68 0 0 0 0 
3900 87 0 0 14 70 0 0 0 0 
4000 93 0 0 14 74 0 0 0 0 
4100 83 0 0 6 75 0 0 0 0 
4200 78 0 0 7 72 0 0 0 0 
4300 88 2 0 7 82 0 0 0 0 
4400 87 3 0 3 84 0 0 0 0 
4500 90 2 0 5 75 0 0 0 0 
4600 83 0 0 3 71 0 0 0 0 
4700 86 0 0 2 89 0 0 0 0 
4800 88 0 0 2 82 0 0 0 0 
4900 89 0 0 2 81 0 0 0 0 
5000 86 2 0 1 80 0 0 0 0 
5100 89 2 0 3 82 0 0 0 0 
5200 94 1 0 0 90 0 0 0 0 
5300 93 1 0 0 90 0 0 0 0 
5400 93 3 0 0 79 0 0 0 0 
5500 91 0 0 0 84 0 0 0 0 
5600 90 0 0 2 84 0 0 0 0 
5700 86 3 0 37 70 0 0 0 0 
5800 90 9 0 71 80 0 0 0 0 
5900 86 5 0 83 78 0 0 0 0 
6000 89 2 0 88 86 0 0 0 0 
6100 97 2 0 93 91 0 0 0 0 
6200 87 6 0 87 82 0 0 0 0 
6300 88 3 0 84 78 0 0 0 0 
6400 92 4 0 86 81 0 0 0 0 
6500 88 0 0 84 82 0 0 0 0 
6600 92 5 0 87 85 0 0 0 0 
6700 95 1 0 85 87 0 0 0 0 
6800 89 1 0 82 76 0 0 0 0 
6900 89 2 0 90 86 0 0 0 0 
7000 93 2 0 91 86 0 0 0 0 
7100 89 3 0 87 82 0 0 0 0 
7200 89 0 0 87 87 0 0 0 0 
7300 88 8 0 84 83 0 0 0 0 
7400 93 2 0 85 83 0 0 0 0 
7500 93 3 0 86 83 0 0 0 0 
7600 87 0 0 83 82 0 0 0 0 
7700 85 5 0 83 85 0 0 0 0 
7800 84 2 0 81 77 0 0 0 0 
7900 90 0 0 90 91 0 0 0 0 
8000 90 2 0 84 83 0 0 0 0 
8100 93 6 0 90 85 0 0 0 0 
8200 90 2 0 80 81 0 0 0 0 
8300 96 6 0 86 83 0 0 0 0 
8400 92 5 0 79 82 0 0 0 0 
8500 94 0 0 91 91 0 0 0 0 
8600 95 2 0 89 88 0 0 0 0 
8700 96 5 0 93 85 0 0 0 0 
8800 89 1 0 82 73 0 0 0 0 
8900 95 6 0 83 77 0 0 0 0 
9000 98 3 0 92 92 0 0 0 0 
9100 94 7 0 86 77 0 0 0 0 
9200 94 2 0 88 86 0 0 0 0 
9300 94 6 0 92 78 0 0 0 0 
