# Avida tasks data
# Thu Apr 13 14:56:19 2023
# First column gives the current update, next columns give the number
# of organisms that have the particular task as a component of their merit
#  1: Update
#  2: Not
#  3: Nand
#  4: And
#  5: OrNot
#  6: Or
#  7: AndNot
#  8: Nor
#  9: Xor
# 10: Equals

0 0 0 0 0 0 0 0 0 0 
100 0 0 0 0 0 0 0 0 0 
200 0 0 0 0 0 0 0 0 0 
300 0 0 0 0 0 0 0 0 0 
400 0 0 0 0 0 0 0 0 0 
500 0 0 0 0 0 0 0 0 0 
600 0 0 0 0 0 0 0 0 0 
700 0 0 0 0 0 0 0 0 0 
800 0 0 0 0 0 0 0 0 0 
900 0 0 0 0 0 0 0 0 0 
1000 0 0 0 0 0 0 0 0 0 
1100 0 0 0 0 0 0 0 0 0 
1200 0 0 0 0 0 0 0 0 0 
1300 0 0 0 0 0 0 0 0 0 
1400 0 0 0 0 0 0 0 0 0 
1500 0 0 0 0 0 0 0 0 0 
1600 0 0 0 0 0 0 0 0 0 
1700 0 0 0 0 0 0 0 0 0 
1800 0 0 0 0 0 0 0 0 0 
1900 0 0 0 0 0 0 0 0 0 
2000 0 0 0 0 0 0 0 0 0 
2100 0 0 0 0 0 0 0 0 0 
2200 0 0 0 0 0 0 0 0 0 
2300 0 0 0 0 0 0 0 0 0 
2400 0 0 0 0 0 0 0 0 0 
2500 0 0 0 0 0 0 0 0 0 
2600 0 0 0 0 0 0 0 0 0 
2700 0 0 0 0 0 0 0 0 0 
2800 0 0 0 0 0 0 0 0 0 
2900 0 0 0 0 0 0 0 0 0 
3000 0 0 0 0 0 0 0 0 0 
3100 13 0 0 0 0 0 0 0 0 
3200 54 0 0 0 0 0 0 0 0 
3300 73 0 0 0 0 0 0 0 0 
3400 83 0 0 0 0 0 0 0 0 
3500 81 0 0 0 0 0 0 0 0 
3600 91 0 0 0 0 0 0 0 0 
3700 83 0 0 0 0 0 0 0 0 
3800 74 0 0 0 0 0 0 0 0 
3900 81 0 0 0 0 0 0 0 0 
4000 84 0 0 0 0 0 0 0 0 
4100 84 0 0 0 0 0 0 0 0 
4200 77 0 0 0 0 0 0 0 0 
4300 78 0 0 0 0 0 0 0 0 
4400 82 1 0 0 0 0 0 0 0 
4500 77 0 0 0 0 0 0 0 0 
4600 76 0 0 0 0 0 0 0 0 
4700 80 0 0 0 0 0 0 0 0 
4800 89 0 0 0 0 0 0 0 0 
4900 80 0 0 0 0 0 0 0 0 
5000 88 0 0 0 0 0 0 0 0 
5100 84 2 0 0 0 0 0 0 0 
5200 82 0 0 0 0 0 0 0 0 
5300 85 0 0 0 0 0 0 0 0 
5400 81 0 0 0 0 0 0 0 0 
5500 83 0 0 0 0 0 0 0 0 
5600 78 0 0 0 0 0 0 0 0 
5700 86 0 0 0 0 0 0 0 0 
5800 84 1 0 0 0 0 0 0 0 
5900 78 0 0 0 0 0 0 0 0 
6000 76 0 0 0 0 0 0 0 0 
6100 84 0 0 0 0 0 0 0 0 
6200 78 0 0 0 0 0 0 0 0 
6300 76 0 0 0 0 0 0 0 0 
6400 85 0 0 0 0 0 0 0 0 
6500 79 0 0 0 0 0 0 0 0 
6600 90 0 0 0 0 0 0 0 0 
6700 79 0 0 0 0 0 0 0 0 
6800 71 0 0 0 0 0 0 0 0 
6900 91 0 0 0 0 0 0 0 0 
7000 83 0 0 0 0 0 0 0 0 
7100 83 0 0 4 0 0 0 0 0 
7200 91 0 0 22 0 0 0 0 0 
7300 94 2 0 64 0 0 0 0 0 
7400 87 1 0 81 0 0 0 0 0 
7500 91 0 0 96 0 0 0 0 0 
7600 93 5 0 88 0 0 0 0 0 
7700 86 1 0 88 0 0 0 0 0 
7800 82 0 0 87 0 0 0 0 0 
7900 92 3 0 88 0 0 0 0 0 
8000 85 0 0 92 0 0 0 0 0 
8100 89 0 0 90 0 0 0 0 0 
8200 89 0 0 88 0 0 0 0 0 
8300 90 6 0 80 0 0 0 0 0 
8400 83 6 0 78 4 0 0 0 0 
8500 80 4 0 77 9 0 0 0 0 
8600 74 0 0 77 14 0 0 0 0 
8700 72 5 0 69 17 0 0 0 0 
8800 80 1 0 77 7 0 0 0 0 
8900 70 1 0 72 15 0 0 0 0 
9000 88 1 0 83 8 0 0 0 0 
9100 89 3 0 57 25 0 0 0 0 
9200 89 1 0 42 45 0 0 0 0 
9300 86 2 0 29 59 0 0 0 0 
9400 84 0 0 9 78 0 0 0 0 
9500 87 0 0 7 82 0 0 0 0 
9600 89 0 0 4 83 0 0 0 0 
9700 83 0 0 6 81 0 0 0 0 
9800 88 0 0 2 92 0 0 0 0 
9900 84 0 0 4 88 0 0 0 0 
10000 80 0 0 11 80 0 0 0 0 
