# Avida tasks data
# Thu Apr 13 14:56:22 2023
# First column gives the current update, next columns give the number
# of organisms that have the particular task as a component of their merit
#  1: Update
#  2: Not
#  3: Nand
#  4: And
#  5: OrNot
#  6: Or
#  7: AndNot
#  8: Nor
#  9: Xor
# 10: Equals

0 0 0 0 0 0 0 0 0 0 
100 0 0 0 0 0 0 0 0 0 
200 0 0 0 0 0 0 0 0 0 
300 0 0 0 0 0 0 0 0 0 
400 0 0 0 0 0 0 0 0 0 
500 0 0 0 0 0 0 0 0 0 
600 0 0 0 0 0 0 0 0 0 
700 0 0 0 0 0 0 0 0 0 
800 0 0 0 0 0 0 0 0 0 
900 0 0 0 0 0 0 0 0 0 
1000 0 0 0 0 0 0 0 0 0 
1100 3 0 0 0 0 0 0 0 0 
1200 1 0 0 0 0 0 0 0 0 
1300 8 0 0 0 0 0 0 0 0 
1400 3 0 0 0 0 0 0 0 0 
1500 0 0 0 0 0 0 0 0 0 
1600 0 0 0 0 0 0 0 0 0 
1700 0 0 0 0 0 0 0 0 0 
1800 5 0 0 0 0 0 0 0 0 
1900 4 0 0 0 0 0 0 0 0 
2000 12 0 0 0 0 0 0 0 0 
2100 5 0 0 0 0 0 0 0 0 
2200 6 0 0 0 0 0 0 0 0 
2300 23 0 0 0 0 0 0 0 0 
2400 39 0 0 0 0 0 0 0 0 
2500 38 2 0 0 0 0 0 0 0 
2600 30 0 0 0 0 0 0 0 0 
2700 20 4 0 8 0 0 0 0 0 
2800 20 2 0 54 0 0 0 0 0 
2900 1 1 0 86 0 0 0 0 0 
3000 2 11 0 83 0 0 0 0 0 
3100 7 1 0 86 0 0 0 0 0 
3200 1 2 0 86 0 0 0 0 0 
3300 0 0 0 97 0 0 0 0 0 
3400 0 2 0 84 0 0 0 0 0 
3500 0 1 0 92 0 0 0 0 0 
3600 0 2 0 88 0 0 0 0 0 
3700 0 7 0 87 0 0 0 0 0 
3800 0 0 0 94 0 0 0 0 0 
3900 0 0 0 96 0 0 0 0 0 
4000 2 2 0 87 0 0 0 0 0 
4100 0 2 0 85 0 0 0 0 0 
4200 0 0 0 88 0 0 0 0 0 
4300 0 0 0 88 0 0 0 0 0 
4400 0 0 0 82 0 0 0 0 0 
4500 0 0 0 89 0 0 0 0 0 
4600 2 1 0 86 0 0 0 0 0 
4700 1 19 0 92 0 0 0 0 0 
4800 0 29 0 93 0 0 0 0 0 
4900 0 70 0 93 0 0 0 0 0 
5000 3 82 0 87 0 0 0 0 0 
5100 0 84 0 97 0 0 0 0 0 
5200 0 90 0 93 0 0 0 0 0 
5300 0 87 0 98 0 0 0 0 0 
5400 0 92 0 95 0 0 0 0 0 
5500 1 88 0 93 0 0 0 0 0 
5600 0 89 0 91 0 0 0 0 0 
5700 0 93 0 94 0 0 0 0 0 
5800 6 85 1 90 0 0 0 0 0 
5900 1 87 0 95 0 0 0 0 0 
6000 0 97 0 98 0 0 0 0 0 
6100 0 93 0 96 0 0 0 0 0 
6200 5 94 0 90 0 0 0 0 0 
6300 2 97 0 91 0 0 0 0 0 
6400 0 95 0 93 0 0 0 0 0 
6500 1 98 0 98 0 0 0 0 0 
6600 0 92 0 92 0 0 0 0 0 
6700 1 90 0 89 0 0 0 0 0 
6800 3 99 0 94 0 0 0 0 0 
6900 0 92 0 89 0 0 0 0 0 
7000 0 95 0 91 0 0 0 0 0 
7100 0 96 0 94 0 0 0 0 0 
7200 2 94 0 93 0 0 0 0 0 
7300 0 95 0 94 0 0 0 0 0 
7400 5 91 0 92 0 0 0 0 0 
7500 3 90 0 94 0 0 0 0 0 
7600 10 83 0 88 0 0 0 0 0 
7700 6 88 0 95 0 0 0 0 0 
7800 0 92 0 92 0 0 0 0 0 
7900 5 95 0 95 0 0 0 0 0 
8000 0 95 0 97 0 0 0 0 0 
8100 6 90 0 89 0 0 0 0 0 
8200 3 94 0 91 0 0 69 0 0 
8300 4 93 0 93 0 0 88 0 0 
8400 1 94 0 92 0 0 88 0 0 
8500 0 99 0 96 1 0 85 0 0 
8600 4 91 0 87 0 0 84 0 0 
8700 2 96 0 93 0 0 93 0 0 
8800 4 93 0 90 0 0 86 0 0 
8900 2 94 0 96 0 0 91 0 0 
9000 1 98 0 92 0 0 90 0 0 
9100 3 93 0 91 0 0 87 0 0 
9200 2 94 0 93 0 0 89 0 0 
9300 1 95 0 95 1 0 92 0 0 
9400 1 94 0 89 0 0 85 0 0 
9500 2 91 0 93 0 0 86 0 0 
9600 6 89 0 88 0 0 83 0 0 
9700 1 93 0 94 0 0 88 0 0 
9800 2 93 0 93 0 0 91 0 0 
9900 0 94 0 91 2 0 88 0 0 
10000 2 95 0 94 0 0 89 0 0 
