# Avida tasks data
# Thu Apr 13 14:56:25 2023
# First column gives the current update, next columns give the number
# of organisms that have the particular task as a component of their merit
#  1: Update
#  2: Not
#  3: Nand
#  4: And
#  5: OrNot
#  6: Or
#  7: AndNot
#  8: Nor
#  9: Xor
# 10: Equals

0 0 0 0 0 0 0 0 0 0 
100 0 0 0 0 0 0 0 0 0 
200 0 0 0 0 0 0 0 0 0 
300 0 0 0 0 0 0 0 0 0 
400 0 0 0 0 0 0 0 0 0 
500 0 0 0 0 0 0 0 0 0 
600 0 0 0 0 0 0 0 0 0 
700 0 0 0 0 0 0 0 0 0 
800 0 0 0 0 0 0 0 0 0 
900 0 0 0 0 0 0 0 0 0 
1000 0 0 0 0 0 0 0 0 0 
1100 0 0 0 0 0 0 0 0 0 
1200 0 0 0 0 0 0 0 0 0 
1300 0 0 0 0 0 0 0 0 0 
1400 0 0 0 0 0 0 0 0 0 
1500 0 0 0 0 0 0 0 0 0 
1600 0 0 0 0 0 0 0 0 0 
1700 0 0 0 0 0 0 0 0 0 
1800 0 0 0 0 0 0 0 0 0 
1900 0 0 0 0 0 0 0 0 0 
2000 0 0 0 0 0 0 0 0 0 
2100 0 0 0 0 0 0 0 0 0 
2200 0 0 0 0 0 0 0 0 0 
2300 0 0 0 0 0 0 0 0 0 
2400 0 0 0 0 0 0 0 0 0 
2500 0 0 0 0 0 0 0 0 0 
2600 0 0 0 0 0 0 0 0 0 
2700 0 0 0 0 0 0 0 0 0 
2800 0 0 0 0 0 0 0 0 0 
2900 0 0 0 0 0 0 0 0 0 
3000 0 0 0 0 0 0 0 0 0 
3100 0 0 0 0 0 0 0 0 0 
3200 0 0 0 0 0 0 0 0 0 
3300 0 0 0 0 0 0 0 0 0 
3400 0 0 0 0 0 0 0 0 0 
3500 0 0 0 0 0 0 0 0 0 
3600 0 0 0 0 0 0 0 0 0 
3700 0 0 0 0 0 0 0 0 0 
3800 0 0 0 0 0 0 0 0 0 
3900 0 0 0 0 0 0 0 0 0 
4000 0 0 0 0 0 0 0 0 0 
4100 0 0 0 0 0 0 0 0 0 
4200 0 0 0 0 0 0 0 0 0 
4300 0 0 0 0 0 0 0 0 0 
4400 0 0 0 0 0 0 0 0 0 
4500 0 0 0 0 0 0 0 0 0 
4600 0 0 0 0 0 0 0 0 0 
4700 0 0 0 0 0 0 0 0 0 
4800 0 0 0 0 0 0 0 0 0 
4900 0 0 0 0 0 0 0 0 0 
5000 0 0 0 0 0 0 0 0 0 
5100 0 0 0 0 0 0 0 0 0 
5200 0 0 0 0 0 0 0 0 0 
5300 0 0 0 0 0 0 0 0 0 
5400 0 0 0 0 0 0 0 0 0 
5500 0 12 0 0 0 0 0 0 0 
5600 0 22 0 0 0 0 0 0 0 
5700 0 58 0 0 0 0 0 0 0 
5800 3 49 0 0 0 0 0 0 0 
5900 4 70 0 0 0 0 0 0 0 
6000 2 70 0 0 0 0 0 0 0 
6100 7 69 0 0 0 0 0 0 0 
6200 10 72 0 0 0 0 0 0 0 
6300 8 69 0 0 0 0 0 0 0 
6400 21 59 0 0 0 0 0 0 0 
6500 28 56 0 0 0 0 0 0 0 
6600 25 54 0 0 0 0 0 0 0 
6700 31 48 0 0 0 0 0 0 0 
6800 40 38 0 0 0 0 0 0 0 
6900 33 40 0 3 0 0 0 0 0 
7000 48 21 0 0 0 0 0 0 0 
7100 44 25 0 0 0 0 0 0 0 
7200 52 16 0 4 0 0 0 0 0 
7300 47 25 0 4 0 0 0 0 0 
7400 48 33 0 0 0 0 0 0 0 
7500 31 37 0 0 0 0 0 0 0 
7600 29 40 0 0 0 0 0 0 0 
7700 33 34 0 0 0 0 0 0 0 
7800 40 37 0 0 0 0 0 0 0 
7900 43 17 0 0 0 0 0 0 0 
8000 66 11 0 0 0 0 0 0 0 
8100 83 2 0 0 0 0 0 0 0 
8200 62 7 0 0 0 0 0 0 0 
8300 66 12 0 0 0 0 0 0 0 
8400 66 9 0 0 0 0 0 0 0 
8500 63 21 0 0 0 0 0 0 0 
8600 59 17 0 0 0 0 0 0 0 
8700 69 15 0 0 0 0 0 0 0 
8800 69 2 0 0 0 0 0 0 0 
8900 51 22 0 0 0 0 0 0 0 
9000 51 34 0 2 0 0 0 0 0 
9100 60 17 0 0 0 0 0 0 0 
9200 42 24 0 0 0 0 0 0 0 
9300 28 39 0 0 0 0 0 0 0 
9400 49 32 0 0 0 0 0 0 0 
9500 63 22 0 0 0 0 0 0 0 
9600 66 7 0 11 0 0 0 0 0 
9700 13 6 0 69 0 0 0 0 0 
9800 4 1 0 89 0 0 0 0 0 
9900 0 2 0 85 0 0 0 0 0 
10000 0 3 0 93 0 0 0 0 0 
