# Avida tasks data
# Thu Apr 13 14:56:40 2023
# First column gives the current update, next columns give the number
# of organisms that have the particular task as a component of their merit
#  1: Update
#  2: Not
#  3: Nand
#  4: And
#  5: OrNot
#  6: Or
#  7: AndNot
#  8: Nor
#  9: Xor
# 10: Equals

0 0 0 0 0 0 0 0 0 0 
100 0 0 0 0 0 0 0 0 0 
200 0 0 0 0 0 0 0 0 0 
300 0 0 0 0 0 0 0 0 0 
400 0 0 0 0 0 0 0 0 0 
500 0 0 0 0 0 0 0 0 0 
600 0 0 0 0 0 0 0 0 0 
700 0 0 0 0 0 0 0 0 0 
800 0 0 0 0 0 0 0 0 0 
900 0 0 0 0 0 0 0 0 0 
1000 0 0 0 0 0 0 0 0 0 
1100 0 0 0 0 0 0 0 0 0 
1200 0 0 0 0 0 0 0 0 0 
1300 0 0 0 0 0 0 0 0 0 
1400 0 0 0 0 0 0 0 0 0 
1500 0 0 0 0 0 0 0 0 0 
1600 0 0 0 0 0 0 0 0 0 
1700 0 0 0 0 0 0 0 0 0 
1800 0 0 0 0 0 0 0 0 0 
1900 0 0 0 0 0 0 0 0 0 
2000 0 0 0 0 0 0 0 0 0 
2100 0 0 0 0 0 0 0 0 0 
2200 0 0 0 0 0 0 0 0 0 
2300 0 0 0 0 0 0 0 0 0 
2400 0 0 0 0 0 0 0 0 0 
2500 0 0 0 0 0 0 0 0 0 
2600 0 0 0 0 0 0 0 0 0 
2700 0 0 0 0 0 0 0 0 0 
2800 0 0 0 0 0 0 0 0 0 
2900 0 0 0 0 0 0 0 0 0 
3000 0 0 0 0 0 0 0 0 0 
3100 0 0 0 0 0 0 0 0 0 
3200 0 0 0 0 0 0 0 0 0 
3300 0 0 0 0 0 0 0 0 0 
3400 0 0 0 0 0 0 0 0 0 
3500 0 0 0 0 0 0 0 0 0 
3600 0 0 0 0 0 0 0 0 0 
3700 0 0 0 0 0 0 0 0 0 
3800 0 0 0 0 0 0 0 0 0 
3900 0 0 0 0 0 0 0 0 0 
4000 0 0 0 0 0 0 0 0 0 
4100 0 0 0 0 0 0 0 0 0 
4200 0 0 0 0 0 0 0 0 0 
4300 0 0 0 0 0 0 0 0 0 
4400 0 0 0 0 0 0 0 0 0 
4500 0 0 0 0 0 0 0 0 0 
4600 0 0 0 0 0 0 0 0 0 
4700 0 0 0 0 0 0 0 0 0 
4800 0 0 0 0 0 0 0 0 0 
4900 0 0 0 0 0 0 0 0 0 
5000 0 0 0 0 0 0 0 0 0 
5100 0 0 0 0 0 0 0 0 0 
5200 0 3 0 0 0 0 0 0 0 
5300 0 38 0 0 0 0 0 0 0 
5400 0 32 0 45 0 0 0 0 0 
5500 17 13 0 72 0 0 0 0 0 
5600 38 0 0 89 0 0 0 0 0 
5700 70 1 0 87 0 0 0 0 0 
5800 73 8 0 81 0 0 0 0 0 
5900 88 2 0 91 0 0 0 0 0 
6000 78 9 0 82 0 1 0 0 0 
6100 78 8 2 76 0 3 0 0 0 
6200 83 0 0 91 0 1 0 0 0 
6300 84 0 0 98 0 0 0 0 0 
6400 90 0 0 95 0 2 0 0 0 
6500 36 3 3 85 0 50 0 0 0 
6600 6 2 4 93 0 86 0 0 0 
6700 0 2 2 93 0 84 0 0 0 
6800 0 1 1 81 0 79 0 0 0 
6900 2 0 0 88 0 86 0 0 0 
7000 1 0 0 82 0 79 0 0 0 
7100 2 1 1 87 0 79 0 0 0 
7200 2 2 2 79 0 83 0 0 0 
7300 1 0 1 90 0 91 0 0 0 
7400 2 0 0 80 0 81 0 0 0 
7500 3 0 0 82 0 86 0 0 0 
7600 1 0 0 91 0 95 0 0 0 
7700 4 1 1 88 0 90 0 0 0 
7800 0 2 1 86 0 80 0 0 0 
7900 0 2 1 96 0 93 0 0 0 
8000 4 5 5 82 0 77 0 0 0 
8100 1 2 2 84 0 82 0 0 0 
8200 0 1 1 92 0 84 0 0 0 
8300 2 0 0 93 0 92 0 0 0 
8400 0 0 0 89 0 87 0 0 0 
8500 1 3 3 85 0 80 0 0 0 
8600 2 1 1 86 0 89 0 0 0 
8700 0 3 3 81 0 80 0 0 0 
8800 3 4 4 80 0 80 0 0 0 
8900 0 0 0 93 0 94 0 0 0 
9000 0 4 1 88 0 92 0 0 0 
9100 3 2 2 87 0 82 0 0 0 
9200 0 2 1 82 0 89 0 0 0 
9300 2 0 0 92 0 87 0 0 0 
9400 1 1 0 92 0 85 0 0 0 
9500 0 3 3 90 0 90 0 0 0 
9600 3 0 0 75 0 79 0 0 0 
9700 2 0 0 87 0 85 0 0 0 
9800 5 1 1 81 0 84 0 0 0 
9900 4 0 0 83 0 82 0 0 0 
10000 3 2 2 88 0 90 0 0 0 
