# Avida tasks data
# Thu Apr 13 14:56:43 2023
# First column gives the current update, next columns give the number
# of organisms that have the particular task as a component of their merit
#  1: Update
#  2: Not
#  3: Nand
#  4: And
#  5: OrNot
#  6: Or
#  7: AndNot
#  8: Nor
#  9: Xor
# 10: Equals

0 0 0 0 0 0 0 0 0 0 
100 0 0 0 0 0 0 0 0 0 
200 0 0 0 0 0 0 0 0 0 
300 0 0 0 0 0 0 0 0 0 
400 0 0 0 0 0 0 0 0 0 
500 0 0 0 0 0 0 0 0 0 
600 0 0 0 0 0 0 0 0 0 
700 0 0 0 0 0 0 0 0 0 
800 0 0 0 0 0 0 0 0 0 
900 0 0 0 0 0 0 0 0 0 
1000 0 0 0 0 0 0 0 0 0 
1100 0 0 0 0 0 0 0 0 0 
1200 0 0 0 0 0 0 0 0 0 
1300 0 0 0 0 0 0 0 0 0 
1400 0 0 0 0 0 0 0 0 0 
1500 0 0 0 0 0 0 0 0 0 
1600 0 0 0 0 0 0 0 0 0 
1700 0 0 0 0 0 0 0 0 0 
1800 0 2 0 0 0 0 0 0 0 
1900 0 17 0 0 0 0 0 0 0 
2000 2 79 0 68 0 0 0 0 0 
2100 8 84 0 75 0 0 0 0 0 
2200 1 86 0 84 0 0 0 0 0 
2300 1 86 0 90 0 0 0 0 0 
2400 6 82 0 80 0 0 0 0 0 
2500 2 92 0 84 0 0 0 0 0 
2600 2 94 0 78 0 0 0 0 0 
2700 1 94 0 89 0 0 0 0 0 
2800 5 90 0 79 0 0 0 0 0 
2900 0 85 0 86 0 0 0 0 0 
3000 6 92 0 85 0 0 0 0 0 
3100 3 90 0 73 0 0 0 0 0 
3200 0 89 0 84 0 0 0 0 0 
3300 5 78 0 78 0 0 0 0 0 
3400 2 90 0 88 0 0 0 0 0 
3500 2 77 0 89 0 1 0 0 0 
3600 2 86 0 84 0 0 0 0 0 
3700 4 83 0 71 0 8 0 0 0 
3800 10 83 0 68 0 45 0 0 0 
3900 2 92 0 88 0 78 0 0 0 
4000 5 93 1 84 0 85 0 0 0 
4100 0 94 6 87 0 75 0 0 0 
4200 0 90 5 86 0 81 0 0 0 
4300 3 90 0 87 0 80 0 0 0 
4400 2 86 2 83 0 84 1 0 0 
4500 2 89 0 90 0 93 0 0 0 
4600 1 90 0 88 0 92 0 0 0 
4700 28 90 3 80 0 84 2 0 0 
4800 56 87 0 90 0 94 0 0 0 
4900 62 75 0 83 15 86 0 0 0 
5000 22 19 0 80 54 70 13 0 0 
5100 6 1 0 83 89 44 40 0 0 
5200 8 0 0 83 87 20 56 0 0 
5300 9 2 1 81 80 11 63 0 0 
5400 10 0 0 59 82 24 75 0 0 
5500 8 1 0 33 84 53 72 0 0 
5600 2 0 0 4 87 80 77 0 0 
5700 1 0 0 3 88 84 77 0 0 
5800 12 1 0 4 84 77 76 0 0 
5900 5 0 1 9 66 62 72 0 0 
6000 13 0 2 6 72 72 74 0 0 
6100 5 0 0 5 80 82 68 0 0 
6200 6 1 0 8 76 75 72 0 0 
6300 5 0 1 5 85 76 79 0 0 
6400 8 0 1 7 84 77 66 0 0 
6500 7 0 0 7 81 76 73 0 0 
6600 5 0 0 4 86 80 74 0 0 
6700 7 0 0 4 81 75 74 0 0 
6800 7 1 2 13 81 72 68 0 0 
6900 2 0 1 9 84 76 72 0 0 
7000 3 1 0 6 78 81 69 0 0 
7100 12 1 0 5 84 81 78 0 0 
7200 8 1 2 3 77 65 70 0 0 
7300 12 0 0 17 90 76 65 0 0 
7400 10 2 0 14 86 79 72 0 0 
7500 5 0 1 4 86 80 80 0 0 
7600 4 0 1 6 81 76 67 0 0 
7700 3 1 1 5 87 80 73 0 0 
7800 11 2 0 7 85 83 70 0 0 
7900 8 1 2 13 80 82 78 0 0 
8000 15 1 2 16 74 73 62 0 0 
8100 4 0 1 11 83 81 80 0 0 
8200 8 0 4 4 83 77 75 0 0 
8300 6 8 3 17 83 78 62 0 0 
8400 18 11 1 19 63 83 65 0 0 
8500 10 17 0 23 57 75 65 0 0 
8600 6 19 0 24 66 74 63 0 0 
8700 5 14 1 14 77 78 78 0 0 
8800 4 12 0 13 73 80 76 0 0 
8900 11 5 3 15 72 70 70 0 0 
9000 8 8 0 12 79 77 69 0 0 
9100 2 1 1 8 73 73 80 0 0 
9200 10 0 0 55 81 81 80 0 0 
9300 8 2 0 81 71 69 71 0 0 
9400 12 2 0 88 77 82 79 0 0 
9500 8 1 1 87 79 85 81 0 0 
9600 11 3 2 81 78 68 78 0 0 
9700 14 6 0 90 80 87 86 0 0 
9800 12 3 0 84 70 71 72 0 0 
9900 12 2 0 75 72 70 72 0 0 
10000 13 2 0 84 77 82 71 0 0 
