# Avida tasks data
# Wed Apr 12 18:22:50 2023
# First column gives the current update, next columns give the number
# of organisms that have the particular task as a component of their merit
#  1: Update
#  2: Not
#  3: Nand
#  4: And
#  5: OrNot
#  6: Or
#  7: AndNot
#  8: Nor
#  9: Xor
# 10: Equals

0 0 0 0 0 0 0 0 0 0 
100 0 0 0 0 0 0 0 0 0 
200 0 0 0 0 0 0 0 0 0 
300 0 0 0 0 0 0 0 0 0 
400 0 0 0 0 0 0 0 0 0 
500 0 0 0 0 0 0 0 0 0 
600 0 0 0 0 0 0 0 0 0 
700 10 0 0 0 0 0 0 0 0 
800 55 17 0 0 0 0 0 0 0 
900 156 22 0 0 0 0 0 0 0 
1000 310 46 0 0 0 0 0 0 0 
1100 523 111 0 41 22 0 0 0 0 
1200 648 183 0 535 80 0 0 0 0 
1300 1447 317 0 1531 347 0 0 0 0 
1400 3762 1168 0 3862 2648 9 2446 0 0 
1500 5024 2448 1 5100 3998 28 3813 0 0 
1600 6099 3472 1 6067 5096 46 4895 0 0 
1700 7045 4299 1 6867 5946 29 5733 0 0 
1800 8065 5113 0 7764 6867 40 6656 0 0 
1900 9021 6046 0 8525 7739 50 7509 0 2 
2000 9765 6906 0 9119 8495 49 8242 0 0 
2100 10488 7670 0 9767 9145 52 8929 0 0 
2200 10829 8319 0 10157 9472 56 9250 0 0 
2300 11147 8893 2 10502 9842 75 9558 0 0 
2400 11456 9329 0 10706 9998 70 9743 0 0 
2500 11573 9709 0 10821 10206 58 9875 0 0 
2600 11781 10311 0 11022 10465 58 10166 0 0 
2700 11790 10621 2 11064 10430 77 10186 0 0 
2800 12123 11093 0 11255 10641 80 10365 0 1 
2900 12241 11521 0 11430 10802 78 10565 0 0 
3000 12312 11918 0 11468 10935 80 10620 0 0 
3100 12447 12229 0 11530 10987 79 10627 0 0 
3200 12498 12448 0 11687 11122 56 10772 0 0 
3300 12663 12526 0 11769 11160 62 10820 0 0 
3400 12650 12801 0 11680 11130 59 10860 0 0 
3500 12787 12876 1 11847 11275 63 10990 0 0 
3600 12808 13021 2 11919 11294 79 11003 0 0 
3700 12809 13151 0 11831 11341 76 11016 0 0 
3800 12771 13173 0 11744 11186 60 10905 0 0 
3900 12659 13163 0 11806 11163 58 10882 0 0 
4000 12626 13126 0 11780 11203 62 10852 0 0 
4100 12778 13217 0 11946 11357 69 11012 0 0 
4200 12818 13149 0 12001 11506 59 11174 0 0 
4300 12692 13154 0 11776 11201 79 10884 0 0 
4400 12664 13225 2 11804 11251 71 10907 0 0 
4500 12847 13145 0 11946 11414 79 11030 0 0 
4600 12736 13220 0 11912 11360 70 11053 0 0 
4700 12818 13220 0 11905 11288 67 10999 0 0 
4800 12758 13273 0 11814 11267 66 11015 0 0 
4900 12784 13137 0 11909 11345 57 10954 0 0 
5000 12682 13285 0 11850 11287 88 10977 0 0 
5100 12894 13226 0 11954 11457 71 11186 0 0 
5200 12723 13160 0 11981 11438 66 11129 0 0 
5300 12765 13207 0 11943 11424 76 11153 0 0 
5400 12818 13151 0 11907 11397 76 11114 0 0 
5500 12834 13179 0 11900 11426 64 11112 0 0 
5600 12849 13176 2 11890 11325 84 10981 0 0 
5700 12876 13243 0 12025 11576 65 11274 0 0 
5800 12788 13189 0 11978 11496 66 11230 0 0 
5900 12886 13213 0 12031 11545 73 11235 0 0 
6000 12825 13231 0 12008 11465 94 11151 0 0 
6100 12807 13366 0 11967 11474 76 11196 0 0 
6200 12763 13174 0 12009 11484 56 11174 0 0 
6300 12826 13322 0 12046 11541 83 11220 0 0 
6400 12825 13230 0 12049 11487 79 11220 0 0 
6500 12834 13221 0 11977 11527 72 11208 0 0 
6600 12743 13179 0 12010 11524 53 11172 0 0 
6700 12845 13374 0 11962 11472 73 11208 0 0 
6800 12912 13281 0 12092 11539 77 11253 0 0 
6900 12830 13259 0 12018 11620 62 11289 0 0 
7000 12832 13370 0 12071 11609 56 11308 0 0 
7100 12874 13344 0 12084 11568 65 11208 0 0 
7200 12868 13267 0 12157 11669 51 11372 0 0 
7300 12958 13308 0 12129 11566 69 11279 0 0 
7400 12882 13325 0 12114 11649 52 11337 0 0 
7500 12960 13265 0 12093 11653 58 11338 0 0 
7600 12990 13369 0 12159 11771 57 11424 0 0 
7700 12896 13308 0 12179 11678 63 11447 0 0 
7800 12880 13370 0 12054 11645 49 11361 0 0 
7900 12896 13361 0 12141 11674 65 11357 0 0 
8000 12912 13228 0 12125 11654 67 11343 0 0 
8100 12928 13400 0 12209 11882 69 11596 0 0 
8200 12872 13254 0 12221 11630 59 11383 0 0 
8300 12884 13325 0 12103 11729 69 11392 0 0 
8400 12918 13286 0 12074 11638 57 11374 0 0 
8500 12949 13353 1 12195 11690 356 11463 0 0 
8600 12944 13364 10 12228 11777 1528 11496 0 0 
8700 12968 13400 41 12138 11691 2714 11408 0 0 
8800 12965 13395 142 12080 11739 3779 11476 0 3 
8900 12975 13385 138 12209 11858 4968 11649 0 0 
9000 12928 13363 119 12235 11806 5917 11605 0 4 
9100 13051 13442 117 12300 11846 6932 11644 0 2 
9200 12999 13353 126 12202 11825 7806 11660 0 3 
9300 12995 13342 152 12210 11897 8598 11726 0 5 
9400 12971 13399 136 12295 11971 9495 11786 0 9 
9500 12924 13433 139 12228 11882 10301 11761 0 2 
9600 12796 13475 168 12256 11944 10764 11782 0 3 
9700 12877 13446 167 12256 11979 11162 11824 0 3 
9800 12910 13527 167 12393 11967 11626 11819 0 6 
9900 12833 13511 241 12242 11841 11926 11702 0 4 
10000 12828 13408 264 12198 11913 12113 11781 0 4 
