# Avida tasks data
# Wed Apr 12 18:06:53 2023
# First column gives the current update, next columns give the number
# of organisms that have the particular task as a component of their merit
#  1: Update
#  2: Not
#  3: Nand
#  4: And
#  5: OrNot
#  6: Or
#  7: AndNot
#  8: Nor
#  9: Xor
# 10: Equals

0 0 0 0 0 0 0 0 0 0 
100 0 0 0 0 0 0 0 0 0 
200 0 0 0 0 0 0 0 0 0 
300 0 0 0 0 0 0 0 0 0 
400 0 0 0 0 0 0 0 0 0 
500 4 0 0 0 0 0 0 0 0 
600 100 0 0 0 0 0 0 0 0 
700 529 36 0 0 0 0 0 0 0 
800 1856 378 9 233 3 0 0 0 0 
900 3349 1967 18 1260 18 6 1530 0 0 
1000 4117 3043 20 2442 47 14 2624 0 0 
1100 4954 4083 17 3559 72 21 3518 0 0 
1200 5672 4879 91 4343 59 494 4238 0 0 
1300 7136 6361 801 5693 73 1414 5510 0 0 
1400 9465 8730 1824 7777 177 2880 7471 0 0 
1500 11199 10497 2636 9298 726 4106 9017 0 0 
1600 12131 11419 2698 10157 1861 5094 9821 0 0 
1700 12538 11885 2485 10627 3060 6078 10236 0 0 
1800 12775 12142 2241 11016 4311 7083 10421 0 0 
1900 12941 12312 1915 11214 5263 8100 10593 0 0 
2000 13070 12486 1656 11548 6126 8833 10804 0 0 
2100 13101 12706 1323 11694 7132 9704 10992 0 0 
2200 13198 12842 1082 11866 7840 10355 11126 0 0 
2300 13267 12915 904 11856 8466 10961 11180 0 1 
2400 13241 12979 776 11937 8916 11309 11294 0 1 
2500 13154 13058 718 12163 9192 11569 11297 0 0 
2600 13165 13103 589 12305 9725 11980 11375 0 0 
2700 13260 13148 436 12469 10052 12330 11446 0 0 
2800 13186 13210 327 12432 10060 12400 11460 0 0 
2900 13256 13245 230 12463 10450 12724 11448 0 0 
3000 13306 13257 114 12543 10534 12801 11599 0 0 
3100 13178 13132 59 12408 10539 12813 11413 0 0 
3200 13220 13192 28 12432 10524 12862 11416 0 0 
3300 13304 13194 29 12399 10670 12858 11508 0 0 
3400 13263 13243 14 12441 10666 12978 11446 0 0 
3500 13339 13245 25 12491 10757 12935 11546 0 0 
3600 13304 13294 20 12578 10773 13028 11624 5 0 
3700 13281 13130 18 12424 10678 12918 11455 2 0 
3800 13199 13224 30 12492 10760 12919 11537 1 0 
3900 13177 13188 24 12453 10841 12996 11560 2 0 
4000 13289 13266 19 12627 10752 12949 11549 0 0 
4100 13311 13223 36 12500 10749 12921 11608 0 0 
4200 13351 13232 15 12535 10746 12895 11633 5 0 
4300 13317 13196 25 12550 10728 12899 11625 3 0 
4400 13239 13206 38 12465 10791 12972 11624 14 0 
4500 13276 13237 25 12569 10685 12922 11715 103 0 
4600 13330 13286 45 12547 10565 13007 11621 257 0 
4700 13283 13199 78 12524 10401 12976 11718 466 0 
4800 13243 13239 72 12512 10355 12969 11566 593 0 
4900 13399 13328 38 12651 10157 13081 11707 839 0 
5000 13319 13244 52 12544 9586 12997 11607 1200 0 
5100 13413 13242 49 12413 9347 13048 11637 1617 0 
5200 13324 13289 49 12608 8948 13033 11683 1999 0 
5300 13294 13250 22 12532 8435 13059 11565 2489 0 
5400 13271 13229 97 12492 7981 12994 11613 2840 0 
5500 13238 13312 822 12561 7896 12970 11712 3008 0 
5600 13250 13257 1904 12575 8104 13047 11683 2937 0 
5700 13209 13211 3234 12580 8432 13095 11727 2765 0 
5800 13166 13211 4423 12681 8699 12955 11762 2445 0 
5900 13151 13266 5504 12661 9046 12939 11779 2191 0 
6000 13157 13326 6711 12721 9599 12958 11917 1825 0 
6100 13068 13324 7735 12808 10040 13000 11969 1462 0 
6200 13067 13308 8646 12847 10381 12953 11979 1185 0 
6300 13196 13263 9278 12804 10623 12968 11938 896 0 
6400 13055 13183 9685 12772 10789 12914 11897 687 0 
6500 13018 13209 10130 12846 11073 12902 11922 500 0 
6600 13080 13210 10600 12863 11379 12925 12081 345 0 
6700 13016 13246 10703 12889 11467 12915 11958 196 0 
6800 13101 13249 10962 12876 11556 12984 11983 108 0 
6900 13041 13220 11070 12846 11690 12967 11981 43 0 
7000 13142 13262 11207 12827 11703 13034 12082 11 0 
7100 13059 13221 11092 12869 11730 12977 11989 1 0 
7200 13147 13213 11040 12776 11688 13027 11919 0 0 
7300 13102 13179 10996 12803 11555 12966 11875 0 0 
7400 13091 13262 11176 12853 11668 12989 11948 1 1 
7500 13101 13205 11105 12821 11643 12946 11914 0 0 
7600 13166 13202 11126 12759 11678 12953 11958 0 0 
7700 13147 13259 11055 12829 11620 12999 11948 2 0 
7800 13082 13242 11177 12793 11670 12937 11972 0 0 
7900 13188 13259 11204 12923 11769 13017 12091 0 1 
8000 13108 13227 11084 12749 11629 13001 11993 0 0 
8100 13130 13193 11144 12740 11673 12994 11913 0 0 
8200 13168 13193 11075 12771 11673 13031 11931 0 0 
8300 13177 13315 11228 12879 11731 13046 12067 0 0 
8400 13204 13293 11188 12841 11679 12969 12001 0 0 
8500 13177 13247 11176 12824 11705 13059 12029 0 0 
8600 13123 13281 11220 12826 11756 12973 12054 0 0 
8700 13169 13304 11179 12752 11682 12883 12023 0 0 
8800 13172 13227 11115 12781 11662 13039 11935 0 0 
8900 13170 13259 11161 12844 11698 13081 12020 2 0 
9000 13124 13208 11173 12858 11685 13010 12017 0 0 
9100 13068 13314 11110 12817 11766 13026 12001 2 2 
9200 13120 13308 11239 12844 11771 13032 12013 0 2 
9300 13178 13180 11094 12728 11556 12997 11902 0 0 
9400 13082 13214 11062 12737 11549 13033 11905 0 1 
9500 13132 13215 11133 12885 11653 12996 11981 0 0 
9600 13159 13188 11003 12771 11619 12992 11918 0 0 
9700 13229 13253 11118 12768 11658 13048 11942 0 0 
9800 13211 13237 11224 12940 11726 13076 11981 0 0 
9900 13185 13234 11093 12795 11650 13050 11958 0 0 
10000 13192 13288 11257 12864 11761 13021 12110 0 0 
