# Avida tasks data
# Thu Apr 13 12:51:51 2023
# First column gives the current update, next columns give the number
# of organisms that have the particular task as a component of their merit
#  1: Update
#  2: Not
#  3: Nand
#  4: And
#  5: OrNot
#  6: Or
#  7: AndNot
#  8: Nor
#  9: Xor
# 10: Equals

0 0 0 0 0 0 0 0 0 0 
100 0 0 0 0 0 0 0 0 0 
200 0 0 0 0 0 0 0 0 0 
300 0 0 0 0 0 0 0 0 0 
400 0 0 0 0 0 0 0 0 0 
500 0 0 0 0 0 0 0 0 0 
600 4 7 0 0 0 0 0 0 0 
700 13 25 0 6 0 0 0 0 0 
800 33 34 0 68 0 0 0 0 0 
900 151 87 0 244 0 0 0 0 0 
1000 375 786 0 801 0 0 0 0 0 
1100 516 1597 0 1909 843 26 0 0 0 
1200 479 3292 0 3392 2722 176 26 0 0 
1300 1870 1507 45 3897 3780 2114 2410 0 0 
1400 3196 1266 72 5025 4838 3758 3817 0 0 
1500 4528 1099 93 6221 5991 5218 5189 0 0 
1600 5938 952 104 7518 7316 6809 6684 0 0 
1700 7806 1149 159 8998 8733 8519 8292 0 0 
1800 9074 1476 179 10030 9671 9673 9514 0 0 
1900 10132 2014 156 10562 10184 10326 10131 0 0 
2000 10955 2869 180 11121 10794 10861 10567 0 0 
2100 11630 3829 150 11393 11049 11203 10894 0 0 
2200 12353 5010 165 11746 11403 11521 11152 0 0 
2300 12575 6124 159 11852 11464 11579 11268 0 0 
2400 12822 7223 192 12005 11570 11717 11416 0 0 
2500 13031 7871 154 12094 11700 11865 11420 0 0 
2600 13119 8659 136 12168 11603 11918 11461 0 0 
2700 13136 9406 139 12260 11809 11974 11598 0 0 
2800 13236 10077 158 12302 11830 12043 11646 0 0 
2900 13283 10756 191 12336 11836 12077 11770 0 0 
3000 13235 11330 161 12229 11802 11962 11682 0 0 
3100 13153 12011 132 12279 11814 11980 11709 0 0 
3200 13342 12523 158 12264 11792 11991 11644 0 0 
3300 13216 12856 130 12245 11735 11972 11635 0 0 
3400 13283 13083 159 12332 11818 11983 11719 0 0 
3500 13213 13223 161 12242 11692 11933 11691 0 0 
3600 13290 13260 163 12387 11806 12004 11746 0 0 
3700 13288 13158 122 12291 11806 12094 11691 0 0 
3800 13408 13310 127 12322 11819 12038 11768 0 0 
3900 13363 13311 137 12298 11812 12089 11737 0 0 
4000 13340 13215 139 12379 11818 12065 11729 0 0 
4100 13251 13330 141 12289 11722 12053 11714 0 0 
4200 13305 13196 137 12432 11889 12051 11838 0 0 
4300 13390 13240 146 12352 11839 12074 11793 0 0 
4400 13299 13217 159 12324 11785 11989 11744 0 0 
4500 13279 13318 123 12387 11903 12088 11830 0 0 
4600 13366 13326 145 12402 11867 12072 11789 0 0 
4700 13309 13206 159 12292 11742 11966 11743 0 0 
4800 13397 13239 131 12421 11792 12027 11780 0 0 
4900 13304 13312 143 12390 11871 12061 11831 0 0 
5000 13331 13339 161 12427 11890 12172 11857 0 0 
5100 13355 13391 122 12453 11868 12147 11885 0 0 
5200 13399 13311 155 12491 11893 12180 11938 0 0 
5300 13408 13313 124 12484 11935 12119 11910 0 0 
5400 13362 13257 143 12534 11968 12180 11947 0 0 
5500 13340 13225 134 12398 11849 12076 11792 0 0 
5600 13434 13390 153 12518 11931 12113 11937 0 0 
5700 13412 13348 134 12371 11793 12085 11799 0 0 
5800 13381 13276 117 12564 11931 12147 11898 0 0 
5900 13394 13158 116 12530 11960 12204 11911 0 0 
6000 13412 13297 122 12554 11995 12206 11955 0 0 
6100 13457 13344 139 12517 11926 12155 11972 0 0 
6200 13396 13380 112 12530 11960 12170 11983 0 0 
6300 13406 13260 148 12502 11904 12086 11962 0 0 
6400 13387 13314 130 12505 11899 12212 11992 0 0 
6500 13434 13286 111 12538 11932 12236 11892 0 0 
6600 13533 13217 126 12517 11901 12158 11860 0 0 
6700 13504 13209 134 12453 11882 12142 11854 0 0 
6800 13483 13282 117 12648 11983 12313 12029 0 0 
6900 13439 13236 130 12527 11913 12144 12054 0 0 
7000 13504 13262 143 12486 11947 12232 11936 0 0 
7100 13517 13343 144 12489 11869 12147 11908 0 0 
7200 13556 13343 141 12582 11941 12221 11974 0 0 
7300 13570 13240 158 12550 11850 12112 11872 0 0 
7400 13510 13273 127 12531 11913 12176 11882 0 1 
7500 13602 13305 137 12601 11985 12192 11956 0 0 
7600 13557 13310 135 12572 11910 12190 11963 0 0 
7700 13567 13292 123 12556 11907 12153 11874 0 0 
7800 13556 13243 136 12621 11923 12253 12081 0 0 
7900 13550 13291 107 12591 11873 12157 11985 0 0 
8000 13524 13316 128 12549 11824 12139 11950 0 0 
8100 13513 13261 120 12585 11976 12156 11952 0 0 
8200 13542 13204 145 12564 11872 12111 11918 0 0 
8300 13569 13198 140 12592 12037 12228 11929 0 0 
8400 13508 13111 128 12471 11852 12043 11895 0 0 
8500 13602 13319 116 12561 11951 12176 11950 0 0 
8600 13508 13250 123 12551 11980 12195 11939 0 0 
8700 13539 13238 124 12593 11898 12199 11989 0 0 
8800 13621 13248 126 12571 11995 12258 12062 0 0 
8900 13600 13341 125 12568 11968 12222 11965 0 0 
9000 13668 13405 135 12637 12056 12278 12015 0 0 
9100 13677 13290 145 12575 11997 12189 11875 0 0 
9200 13655 13416 106 12664 12003 12289 12042 0 0 
9300 13633 13382 118 12633 12019 12215 12052 0 0 
9400 13598 13283 111 12562 11976 12233 12001 0 0 
9500 13660 13310 144 12599 11994 12238 11982 0 0 
9600 13660 13325 141 12609 11943 12301 11999 0 0 
9700 13678 13298 153 12692 12082 12281 12057 0 0 
9800 13725 13275 126 12588 12017 12207 11905 0 0 
9900 13721 13308 156 12641 12010 12217 11957 0 0 
10000 13624 13363 121 12703 12007 12251 12052 0 0 
