# Avida tasks data
# Thu Apr 13 13:57:39 2023
# First column gives the current update, next columns give the number
# of organisms that have the particular task as a component of their merit
#  1: Update
#  2: Not
#  3: Nand
#  4: And
#  5: OrNot
#  6: Or
#  7: AndNot
#  8: Nor
#  9: Xor
# 10: Equals

0 0 0 0 0 0 0 0 0 0 
100 0 0 0 0 0 0 0 0 0 
200 0 0 0 0 0 0 0 0 0 
300 0 0 0 0 0 0 0 0 0 
400 2 0 0 0 0 0 0 0 0 
500 2 0 0 0 0 0 0 0 0 
600 4 0 0 0 0 0 0 0 0 
700 10 5 0 0 0 0 0 0 0 
800 35 24 0 0 0 0 0 0 0 
900 55 100 0 12 0 0 0 0 0 
1000 91 157 2 192 0 0 0 0 0 
1100 142 524 21 833 0 0 0 0 0 
1200 164 1644 39 2038 0 0 0 0 0 
1300 2662 1016 0 2154 2234 30 2149 0 0 
1400 4630 760 3 3867 4122 26 3972 0 0 
1500 6151 1062 2 5337 5571 42 5360 0 0 
1600 7420 1594 3 6486 6672 65 6398 0 0 
1700 8456 2093 2 7370 7592 88 7202 0 0 
1800 9411 2731 1 8395 8510 87 8048 0 0 
1900 10287 3272 0 9147 9161 81 8741 0 0 
2000 10936 3853 0 9997 9811 94 9348 0 0 
2100 11360 4369 1 10431 10102 92 9721 0 0 
2200 11744 5010 2 10838 10515 127 10043 0 0 
2300 12028 5643 0 10999 10616 97 10207 0 0 
2400 12221 6240 4 11140 10903 103 10368 0 0 
2500 12566 6838 7 11322 10973 119 10458 0 0 
2600 12643 7499 1 11288 11074 202 10541 0 0 
2700 12784 7595 3 11441 11163 676 10653 0 0 
2800 12939 7438 3 11628 11312 1369 10861 0 0 
2900 12866 6985 9 11607 11483 2328 10915 0 0 
3000 12933 6602 11 11693 11493 3120 10980 0 0 
3100 13006 5938 21 11662 11481 3939 10919 0 0 
3200 13031 5295 43 11622 11400 4823 10852 0 0 
3300 13138 4708 64 11656 11444 5627 10845 0 0 
3400 13176 3917 68 11657 11488 6718 10945 0 0 
3500 13130 3306 79 11634 11448 7458 10907 0 0 
3600 13157 2716 103 11757 11516 8280 10930 0 0 
3700 13112 2277 118 11677 11560 8818 10961 0 0 
3800 13183 1733 127 11668 11460 9370 10917 0 0 
3900 13182 1321 130 11776 11597 9850 11022 0 0 
4000 13191 1009 125 11806 11582 10214 11016 0 0 
4100 13154 820 154 11704 11528 10427 10961 0 0 
4200 13150 628 149 11713 11499 10585 10947 0 0 
4300 13135 467 118 11655 11539 10765 10905 0 0 
4400 13104 423 147 11723 11494 10905 11013 0 0 
4500 13198 353 154 11803 11584 10997 11108 0 0 
4600 13222 349 165 11829 11567 11025 11057 0 0 
4700 13180 605 382 11827 11550 11055 11010 0 0 
4800 13113 1633 1385 11791 11569 11032 11045 0 0 
4900 12982 2849 2448 11707 11484 10963 10953 0 0 
5000 12899 3999 3665 11790 11486 11002 10962 0 0 
5100 12799 5192 4947 11619 11402 10931 10940 0 0 
5200 12686 6321 5966 11602 11298 10884 10783 0 0 
5300 12811 7376 7018 11566 11190 10827 10721 0 0 
5400 12865 8415 7933 11496 11167 10832 10751 0 0 
5500 12852 9248 8720 11455 11171 10810 10691 0 0 
5600 12839 9822 9333 11490 11224 10875 10701 0 0 
5700 12841 10402 9887 11591 11324 11016 10879 0 0 
5800 12806 10995 10272 11493 11153 10886 10728 0 0 
5900 12749 11193 10741 11556 11282 10994 10876 0 0 
6000 12853 11491 10912 11443 11251 10899 10738 0 0 
6100 12865 11679 11077 11517 11261 10931 10766 0 1 
6200 12991 11720 11252 11574 11275 11002 10845 0 0 
6300 12894 11917 11306 11495 11182 10977 10764 0 0 
6400 12921 12009 11357 11582 11332 11002 10812 0 1 
6500 13003 12103 11451 11553 11289 11046 10795 0 0 
6600 12898 12092 11490 11541 11234 10944 10715 0 36 
6700 12971 12082 11437 11537 11303 10950 10778 0 64 
6800 12792 11976 11338 11458 11211 10851 10614 0 101 
6900 12785 12027 11411 11508 11262 10913 10557 2 181 
7000 12791 12037 11412 11638 11322 11055 10660 4 211 
7100 12816 11821 11439 11581 11331 10957 10494 1 302 
7200 12925 11941 11450 11570 11313 10930 10416 1 384 
7300 12962 12050 11576 11631 11326 11096 10360 0 517 
7400 12914 12103 11624 11652 11246 11001 9996 6 728 
7500 13003 12139 11468 11611 11403 11088 9913 3 972 
7600 13033 12094 11549 11746 11483 11181 9747 4 1190 
7700 13021 12156 11385 11648 11313 10998 9300 10 1479 
7800 12873 12041 11431 11608 11284 10974 8962 8 1787 
7900 12896 11947 11388 11590 11296 10922 8766 12 1902 
8000 12998 11953 11353 11482 11301 11035 8720 8 2160 
8100 12955 11326 11298 11565 11288 11099 8833 14 2668 
8200 12968 10184 11253 11412 11120 11012 9179 19 3556 
8300 12894 8987 11366 11541 11072 10829 9403 20 4086 
8400 12888 7838 11329 11758 11141 10967 9839 33 4716 
8500 12869 6790 11319 11854 11159 10959 10263 34 5356 
8600 12910 5694 11258 11949 10979 10864 10582 38 5834 
8700 13013 4686 11322 11990 11080 10972 10998 52 6542 
8800 12808 3655 11310 12188 10950 10880 10999 56 7089 
8900 12821 2971 11083 12235 10822 10861 11004 62 7441 
9000 12828 2361 11116 12390 10766 10787 11097 49 7886 
9100 12881 1871 11121 12521 10977 10977 11223 63 8476 
9200 12729 1469 11050 12421 10907 10897 11236 53 8671 
9300 12741 1260 11101 12480 10851 10919 11214 68 8913 
9400 12595 1091 11082 12369 10855 10890 11221 64 9016 
9500 12704 852 11147 12443 10907 11000 11353 61 9235 
9600 12751 811 11075 12355 10743 10766 11140 78 9182 
9700 12718 719 11164 12577 10771 10862 11132 62 9273 
9800 12683 756 11065 12469 10757 10840 11133 66 9275 
9900 12778 715 11095 12480 10789 10867 11162 97 9263 
10000 12705 673 11146 12552 10729 10854 11186 82 9298 
