# Avida tasks data
# Thu Apr 13 12:34:00 2023
# First column gives the current update, next columns give the number
# of organisms that have the particular task as a component of their merit
#  1: Update
#  2: Not
#  3: Nand
#  4: And
#  5: OrNot
#  6: Or
#  7: AndNot
#  8: Nor
#  9: Xor
# 10: Equals

0 0 0 0 0 0 0 0 0 0 
100 0 0 0 0 0 0 0 0 0 
200 0 0 0 0 0 0 0 0 0 
300 0 0 0 0 0 0 0 0 0 
400 0 0 0 0 0 0 0 0 0 
500 0 0 0 0 0 0 0 0 0 
600 0 0 0 0 0 0 0 0 0 
700 1 4 0 0 0 0 0 0 0 
800 0 19 0 0 0 0 0 0 0 
900 5 119 0 0 0 0 0 0 0 
1000 49 343 0 230 0 0 0 0 0 
1100 306 1757 0 1664 0 0 0 0 0 
1200 963 3149 8 3180 0 596 0 0 0 
1300 813 4129 24 4222 0 2608 0 0 0 
1400 687 5419 19 5441 0 4390 1 0 0 
1500 1030 6744 42 6686 0 5937 0 0 0 
1600 1507 7989 28 7986 0 7385 0 0 0 
1700 2052 9252 30 9225 0 8623 1 0 0 
1800 2742 10152 43 10132 0 9715 2 0 0 
1900 3434 11001 58 10907 0 10477 0 0 0 
2000 4040 11651 52 11580 0 11114 0 0 0 
2100 4773 12163 72 12163 0 11621 0 0 0 
2200 5416 12650 39 12587 0 12108 2 0 0 
2300 6183 12903 39 12819 0 12322 2 0 0 
2400 7013 13282 55 13101 0 12590 0 0 0 
2500 7773 13341 100 13261 1 12729 9 0 0 
2600 8687 13490 246 13369 0 12784 7 0 0 
2700 9226 13500 432 13371 154 12853 4 0 0 
2800 9081 13447 730 13346 847 12872 3 0 0 
2900 8852 13344 1036 13306 1972 12860 7 0 0 
3000 8766 13273 1183 13340 3443 12860 9 0 0 
3100 8774 13100 1560 13318 4696 12940 15 0 0 
3200 8972 12376 2560 13287 5815 12859 17 0 0 
3300 9201 12191 4233 13151 6917 12851 23 0 0 
3400 9214 12418 5532 13064 7692 12745 41 1 0 
3500 9493 12543 6578 13000 8238 12706 561 0 0 
3600 10011 12677 6910 13059 8810 12726 1988 0 0 
3700 10389 12695 6413 13059 9048 12742 3303 0 0 
3800 10907 12643 5749 13065 9607 12756 4607 0 0 
3900 11384 12744 4964 13189 10090 12811 5751 0 0 
4000 11821 12797 4086 13182 10434 12801 6815 0 0 
4100 12347 12786 3153 13260 11016 12817 8029 0 0 
4200 12590 12829 2420 13303 11182 12852 8744 0 0 
4300 12803 12964 1781 13337 11388 12925 9527 0 0 
4400 12881 13009 1245 13302 11501 12835 10085 0 0 
4500 13011 13145 836 13365 11656 12909 10660 0 4 
4600 13053 13282 462 13398 11710 12951 10953 0 0 
4700 13164 13363 299 13451 11818 12943 11232 0 3 
4800 13139 13388 206 13465 11740 12934 11292 0 1 
4900 13238 13507 164 13471 11685 12942 11243 0 0 
5000 13238 13500 109 13448 11705 12945 11402 0 0 
5100 13146 13569 144 13468 11694 12929 11363 0 0 
5200 13197 13542 111 13436 11646 12902 11297 0 0 
5300 13152 13518 82 13433 11713 12967 11370 0 2 
5400 13297 13570 135 13468 11846 12958 11428 0 0 
5500 13282 13535 127 13508 11702 12996 11362 0 2 
5600 13288 13560 124 13419 11749 12964 11281 0 0 
5700 13254 13515 138 13409 11805 12975 11320 0 0 
5800 13326 13527 89 13441 11828 12961 11353 0 0 
5900 13262 13578 134 13503 11831 12929 11340 0 0 
6000 13289 13550 141 13486 11920 12970 11453 0 0 
6100 13211 13573 146 13424 11900 12986 11379 0 0 
6200 13314 13525 108 13448 11997 13027 11549 0 0 
6300 13281 13519 133 13423 11953 12913 11442 0 0 
6400 13346 13544 186 13494 12003 12898 11489 0 2 
6500 13274 13510 165 13393 11962 12829 11433 0 1 
6600 13380 13552 112 13484 12069 12976 11543 0 0 
6700 13414 13586 112 13491 12027 12995 11537 0 0 
6800 13289 13639 124 13450 12026 12929 11511 0 0 
6900 13307 13592 121 13472 12062 12997 11575 0 0 
7000 13396 13542 139 13515 12248 12990 11695 0 0 
7100 13413 13572 130 13459 12240 13058 11638 0 0 
7200 13409 13639 124 13546 12207 13026 11672 0 0 
7300 13459 13622 151 13531 12156 13032 11584 0 0 
7400 13363 13602 165 13557 12137 12973 11522 0 12 
7500 13345 13602 152 13511 12176 12948 11532 0 48 
7600 13392 13602 189 13473 12235 13072 11450 0 154 
7700 13386 13569 241 13510 12279 12973 11279 0 366 
7800 13383 13556 1368 13550 12164 13021 10235 2 1299 
7900 13351 13457 2453 13502 12191 13094 9296 0 2888 
8000 13330 13220 2143 13464 12058 13048 9455 0 4192 
8100 13353 13184 1867 13453 12125 13143 9769 0 5472 
8200 13335 13075 1449 13508 12047 13090 10086 0 6546 
8300 13370 13051 1075 13499 12054 12982 10455 0 7625 
8400 13441 13048 711 13482 11951 13085 10681 0 8490 
8500 13473 13025 420 13470 12003 13013 11022 2 9130 
8600 13445 13078 351 13470 12004 13118 11102 0 9726 
8700 13538 13015 261 13518 12023 13069 11228 0 10172 
8800 13480 12964 273 13482 11984 13028 11238 0 10357 
8900 13533 13019 250 13453 11967 13067 11157 0 10679 
9000 13519 13025 261 13467 12046 13111 11246 1 10821 
9100 13506 13065 253 13533 11947 13075 11140 0 10722 
9200 13548 13078 240 13562 12062 13132 11195 0 10787 
9300 13459 12942 268 13491 11908 13059 11061 0 10613 
9400 13508 13041 253 13476 11959 13058 11147 0 10750 
9500 13484 12990 207 13550 11876 13053 11040 0 10665 
9600 13526 13094 259 13563 12024 13110 11243 2 10827 
9700 13510 13063 253 13552 12013 13101 11257 0 10739 
9800 13438 13074 206 13539 11986 13070 11259 0 10870 
9900 13540 13088 243 13487 12012 13114 11193 1 10739 
10000 13558 13081 216 13537 11969 13132 11230 1 10837 
