# Avida tasks data
# Thu Apr 13 13:09:05 2023
# First column gives the current update, next columns give the number
# of organisms that have the particular task as a component of their merit
#  1: Update
#  2: Not
#  3: Nand
#  4: And
#  5: OrNot
#  6: Or
#  7: AndNot
#  8: Nor
#  9: Xor
# 10: Equals

0 0 0 0 0 0 0 0 0 0 
100 0 0 0 0 0 0 0 0 0 
200 0 0 0 0 0 0 0 0 0 
300 0 0 0 0 0 0 0 0 0 
400 22 0 0 0 0 0 0 0 0 
500 254 4 0 0 0 0 0 0 0 
600 787 33 0 0 0 0 0 0 0 
700 1652 291 0 129 2 0 0 0 0 
800 2783 878 0 925 0 0 0 0 0 
900 2939 1065 0 2347 985 0 0 0 0 
1000 4185 816 0 3580 2748 1 0 0 0 
1100 5210 578 0 4837 4158 2 0 0 0 
1200 6590 639 0 6301 5666 0 0 0 0 
1300 8132 940 2 8007 7419 4 0 0 0 
1400 9503 1591 0 9346 8723 7 0 0 0 
1500 10635 2471 0 10481 9821 2 0 0 0 
1600 11458 3383 0 11472 10741 155 0 0 0 
1700 11671 4275 3 12035 11323 581 0 0 0 
1800 11078 4964 5 12258 11596 1262 428 0 0 
1900 10554 5430 14 12437 11768 1698 1156 0 0 
2000 10440 5415 11 12446 11856 2038 2209 0 0 
2100 10675 5263 20 11481 11857 2533 3909 0 0 
2200 11123 4948 35 10050 11782 3477 5547 0 0 
2300 11339 4580 38 9810 11759 4449 6926 0 0 
2400 11760 4372 58 10176 11656 5624 7535 0 0 
2500 12001 4544 144 10741 11718 6548 8055 0 0 
2600 12218 5308 288 11360 11751 7404 8578 0 0 
2700 12290 6163 458 11601 11517 8246 9114 0 0 
2800 12395 7023 609 11729 11512 9151 9816 0 0 
2900 12494 7651 758 11973 11444 9977 10390 0 0 
3000 12461 8327 856 12023 11395 10585 10745 0 0 
3100 12651 8843 868 12180 11588 11346 11177 0 0 
3200 12611 9413 873 12171 11377 11770 11265 0 0 
3300 12535 9984 831 12158 11282 12178 11382 0 0 
3400 12450 10532 719 12192 11370 12490 11510 0 0 
3500 12433 11039 687 12209 11527 12754 11766 0 0 
3600 12512 11443 669 12305 11738 12940 11912 0 0 
3700 12475 11785 623 12204 11514 12860 11731 0 0 
3800 12535 12101 615 12266 11527 12941 11772 0 0 
3900 12591 12320 618 12236 11520 13023 11782 0 0 
4000 12451 12316 668 12396 11607 13140 11888 0 0 
4100 12545 12439 844 12279 11518 13087 11744 0 0 
4200 12542 12529 1263 12378 11610 13123 11793 0 0 
4300 12523 12707 1773 12385 11730 13032 11912 0 0 
4400 12597 12747 2484 12388 11604 12935 11875 0 0 
4500 12640 12631 3284 12349 11632 12869 11833 0 0 
4600 12630 12516 4085 12367 11675 12837 11905 0 0 
4700 12732 12477 5172 12425 11820 12822 12032 0 0 
4800 12846 12330 6413 12466 11883 12744 12093 0 0 
4900 13004 12110 7592 12330 11929 12587 12075 0 0 
5000 12997 12035 8575 12417 11869 12586 12059 0 0 
5100 13065 12014 9431 12311 11928 12404 12090 0 0 
5200 13240 12093 10348 12346 11935 12456 11995 0 0 
5300 13243 12070 10898 12295 11890 12390 11964 0 0 
5400 13305 12114 11301 12255 11891 12341 12003 0 0 
5500 13282 12168 11749 12360 11969 12408 12056 0 0 
5600 13379 12128 11990 12297 12013 12328 12087 0 0 
5700 13298 11935 12124 12195 12021 12212 12116 0 0 
5800 13335 12213 12417 12370 12021 12414 12107 0 0 
5900 13437 12223 12569 12391 11961 12447 12031 0 0 
6000 13449 12239 12778 12309 11959 12323 12072 0 0 
6100 13561 12215 12792 12369 11962 12351 12056 0 0 
6200 13433 12127 12767 12297 12114 12336 12242 0 0 
6300 13418 12311 12869 12346 12030 12353 12163 0 0 
6400 13366 12135 12817 12317 12041 12328 12114 0 0 
6500 13481 12252 12736 12296 11956 12273 12033 0 0 
6600 13419 12231 12769 12234 12011 12332 12092 0 0 
6700 13484 12360 12823 12345 11996 12393 12128 0 0 
6800 13378 12163 12646 12241 12008 12192 12117 0 0 
6900 13432 12317 12798 12365 12118 12349 12216 0 0 
7000 13365 12259 12743 12379 12062 12363 12139 0 0 
7100 13341 12166 12700 12262 11984 12291 12058 0 0 
7200 13351 12232 12703 12314 11976 12301 12058 0 0 
7300 13411 12236 12646 12322 11963 12336 12057 0 0 
7400 13460 12152 12762 12219 12067 12233 12105 0 0 
7500 13406 12310 12836 12304 12035 12284 12111 0 0 
7600 13292 12266 12790 12300 11995 12265 12090 0 0 
7700 13381 12229 12773 12308 12077 12308 12167 0 0 
7800 13484 12246 12981 12414 12195 12425 12324 0 0 
7900 13408 12395 12855 12363 11980 12393 12124 0 0 
8000 13341 12293 12820 12366 12047 12382 12104 0 0 
8100 13376 12212 12826 12290 12018 12325 12116 0 0 
8200 13460 12268 12813 12402 12057 12396 12133 0 0 
8300 13414 12273 12836 12301 12012 12382 12076 0 0 
8400 13480 12130 12828 12298 11895 12356 11963 0 0 
8500 13534 12130 12867 12338 11925 12362 12047 0 0 
8600 13498 12299 12923 12413 12096 12433 12175 0 0 
8700 13507 12308 12858 12365 12092 12367 12169 0 0 
8800 13484 12140 12821 12304 12060 12374 12141 0 0 
8900 13484 12251 12833 12302 11933 12342 12002 0 0 
9000 13491 12153 12806 12387 12086 12397 12213 0 0 
9100 13505 12249 12945 12455 12078 12433 12203 0 0 
9200 13487 12259 12874 12366 12084 12392 12178 0 0 
9300 13482 12311 12942 12457 12057 12508 12149 0 0 
9400 13380 12272 12860 12419 12096 12470 12224 1 0 
9500 13401 12383 12943 12483 12099 12541 12208 0 0 
9600 13479 12274 12966 12492 12081 12500 12165 0 0 
9700 13569 12375 12976 12471 12022 12500 12153 0 0 
9800 13458 12375 12972 12480 12104 12503 12272 0 0 
9900 13404 12236 12937 12436 12060 12445 12194 0 0 
10000 13508 12218 12948 12455 12096 12486 12208 0 0 
