# Avida tasks data
# Thu Apr 13 14:14:18 2023
# First column gives the current update, next columns give the number
# of organisms that have the particular task as a component of their merit
#  1: Update
#  2: Not
#  3: Nand
#  4: And
#  5: OrNot
#  6: Or
#  7: AndNot
#  8: Nor
#  9: Xor
# 10: Equals

0 0 0 0 0 0 0 0 0 0 
100 0 0 0 0 0 0 0 0 0 
200 0 0 0 0 0 0 0 0 0 
300 0 0 0 0 0 0 0 0 0 
400 0 0 0 0 0 0 0 0 0 
500 0 0 0 0 0 0 0 0 0 
600 0 0 0 0 0 0 0 0 0 
700 0 3 0 0 0 0 0 0 0 
800 0 38 0 0 0 0 0 0 0 
900 6 91 0 7 0 0 0 0 0 
1000 15 123 0 138 0 0 0 0 0 
1100 64 584 0 849 0 0 0 0 0 
1200 324 1733 0 1955 44 0 0 0 0 
1300 277 1764 0 2865 1004 0 0 0 0 
1400 272 1528 0 3784 2226 0 0 0 0 
1500 360 1581 0 4752 3435 0 0 0 0 
1600 510 1823 0 5711 4396 182 0 0 0 
1700 612 2187 0 6837 5571 1440 3 0 0 
1800 1154 3189 8 7956 6645 2765 16 0 0 
1900 2343 4294 25 8831 7780 4151 53 220 0 
2000 4484 4958 28 10067 9001 5631 33 1927 0 
2100 5868 5805 35 10462 9430 6455 10 3405 0 
2200 5704 6807 47 10608 9797 7521 1418 4667 0 
2300 4994 7603 63 10605 9983 8307 3122 5726 0 
2400 4399 8115 88 10628 10163 8844 4452 6434 0 
2500 3933 8489 51 10538 10254 9314 5626 7130 0 
2600 3691 9087 71 10808 10623 9940 6831 7883 0 
2700 3431 9649 58 10965 10982 10541 8000 8660 0 
2800 3597 10141 78 10988 11183 11097 9085 9263 0 
2900 3714 10583 107 11305 11512 11679 10136 9935 0 
3000 4203 10944 171 11490 11686 12097 10816 10412 0 
3100 4730 11340 349 11770 11986 12396 11524 10766 0 
3200 4950 11572 563 11848 12090 12664 11915 11112 0 
3300 5331 11607 815 12178 12273 12873 12210 11290 0 
3400 5558 11733 1212 12196 12483 12983 12447 11397 0 
3500 5922 11786 1655 12256 12496 13009 12507 11512 0 
3600 5958 11797 2047 12277 12478 13004 12481 11364 0 
3700 5982 11692 2501 12179 12438 12946 12576 11381 0 
3800 6019 11893 2953 12200 12571 13001 12590 11480 0 
3900 6103 11876 3238 12216 12457 12967 12550 11481 0 
4000 6335 11751 3652 12167 12421 12917 12634 11402 0 
4100 6256 11783 4319 12153 12366 13044 12633 11414 0 
4200 6123 11841 4726 12301 12465 13020 12512 11436 29 
4300 6119 11880 4790 12304 12435 12987 12615 11520 376 
4400 6148 11962 4040 12329 12490 12957 12546 11486 1203 
4500 5785 11774 3383 12185 12401 12889 12479 11319 2124 
4600 5308 11823 2862 12224 12438 12932 12507 11342 3129 
4700 4745 11809 2431 12182 12366 12820 12578 11310 3887 
4800 4328 11830 2139 12313 12445 12754 12608 11344 4735 
4900 3979 11808 1988 12262 12434 12760 12601 11379 5600 
5000 4177 11702 2463 12260 12383 12694 12540 11217 6211 
5100 4554 11852 3052 12270 12410 12717 12622 11368 6548 
5200 5188 11870 3636 12215 12398 12817 12677 11401 6982 
5300 5748 11997 4293 12292 12447 12898 12771 11493 7352 
5400 6596 12101 5021 12348 12439 12829 12717 11478 7666 
5500 7301 12018 5644 12369 12418 12839 12733 11441 7763 
5600 7958 12118 6341 12435 12484 12799 12822 11463 8080 
5700 8517 12024 6815 12469 12464 12807 12763 11382 8322 
5800 9005 12054 7563 12439 12456 12828 12724 11428 8538 
5900 9575 12025 8011 12472 12382 12852 12720 11375 8560 
6000 9928 11977 8484 12438 12499 12953 12666 11382 8844 
6100 10692 11967 8949 12329 12433 12797 12699 11350 8755 
6200 11175 12099 9462 12425 12429 12802 12766 11415 9095 
6300 11570 12037 9753 12448 12397 12916 12838 11404 9065 
6400 11958 12079 10081 12486 12385 12862 12779 11377 9103 
6500 12265 12116 10310 12383 12456 12864 12759 11364 9227 
6600 12398 12105 10516 12545 12477 12944 12787 11399 9283 
6700 12650 12035 10592 12491 12422 12943 12786 11354 9259 
