# Avida tasks data
# Thu Apr 13 13:41:14 2023
# First column gives the current update, next columns give the number
# of organisms that have the particular task as a component of their merit
#  1: Update
#  2: Not
#  3: Nand
#  4: And
#  5: OrNot
#  6: Or
#  7: AndNot
#  8: Nor
#  9: Xor
# 10: Equals

0 0 0 0 0 0 0 0 0 0 
100 0 0 0 0 0 0 0 0 0 
200 0 0 0 0 0 0 0 0 0 
300 0 0 0 0 0 0 0 0 0 
400 0 0 0 0 0 0 0 0 0 
500 0 0 0 0 0 0 0 0 0 
600 2 0 0 0 0 0 0 0 0 
700 6 0 0 0 0 0 0 0 0 
800 106 43 0 10 0 0 0 0 0 
900 379 104 0 173 0 0 0 0 0 
1000 814 235 0 825 0 0 0 0 0 
1100 1048 1037 0 2153 0 0 0 0 0 
1200 1091 2478 0 3804 0 0 0 0 0 
1300 1121 4015 0 5441 5 0 0 0 0 
1400 1494 5420 0 6795 9 79 0 0 0 
1500 2089 6295 0 7762 182 328 36 0 0 
1600 2389 6240 2 8025 1126 360 632 0 0 
1700 2638 5986 5 7612 2572 130 1915 0 0 
1800 2831 5639 16 7208 3970 59 3082 0 0 
1900 3328 5186 18 6665 5283 82 4241 0 0 
2000 4153 4714 23 6128 6174 153 5265 0 0 
2100 4939 4355 28 6022 6367 684 6109 0 0 
2200 5274 3956 36 6432 6121 1615 6931 0 0 
2300 5868 3724 55 7105 5587 2724 7587 0 0 
2400 6500 3621 81 7507 5222 3624 8212 0 0 
2500 7056 3785 90 7910 5061 4450 8825 0 0 
2600 7268 3948 97 8330 5320 5236 9388 0 0 
2700 7044 4682 87 8875 5779 6172 9911 0 0 
2800 6828 5489 121 9098 6232 6821 10118 0 0 
2900 6820 6148 119 9426 6772 7542 10427 0 0 
3000 7022 6766 122 9671 7420 8163 10795 0 0 
3100 7161 7217 160 9862 7908 8638 11044 0 0 
3200 7589 7708 137 10101 8307 9069 11250 0 0 
3300 7822 8077 138 10194 8673 9319 11384 0 0 
3400 8424 8638 100 10368 9112 9595 11555 0 0 
3500 8620 9104 138 10649 9601 10004 11803 0 0 
3600 8876 9597 136 10914 10044 10348 11930 0 0 
3700 9220 10122 124 11049 10437 10467 11966 0 0 
3800 9456 10424 207 11175 10767 10575 11944 1 0 
3900 9537 10768 344 11427 10980 10857 11936 0 0 
4000 9627 11037 588 11619 11241 11027 12080 0 0 
4100 9779 11180 881 11841 11496 11307 12177 0 0 
4200 9720 11421 1225 12078 11577 11526 12194 0 0 
4300 9965 11533 1593 12167 11767 11722 12233 0 0 
4400 10038 11622 2096 12332 11914 11780 12364 0 0 
4500 10019 11437 2744 12348 11972 11774 12249 0 0 
4600 10104 11329 3365 12275 12035 11745 12233 0 0 
4700 10171 11344 3905 12398 12182 11794 12298 0 0 
4800 9996 11409 4723 12356 12200 11701 12257 0 0 
4900 10062 11549 5197 12296 12293 11773 12272 0 0 
5000 10370 11525 5800 12385 12458 11740 12339 0 0 
5100 10325 11529 6303 12359 12524 11773 12245 0 0 
5200 10377 11413 6835 12366 12459 11741 12252 0 0 
5300 10456 11546 7301 12357 12557 11763 12276 0 0 
5400 10601 11546 7802 12359 12581 11804 12289 0 0 
5500 10382 11557 8247 12335 12526 11748 12238 0 0 
5600 10543 11656 8731 12331 12560 11702 12171 0 0 
5700 10612 11651 9391 12304 12601 11713 12174 0 0 
5800 10821 11724 9839 12279 12537 11751 12169 0 0 
5900 10894 11826 10184 12264 12491 11625 12156 0 0 
6000 10974 11957 10666 12277 12485 11536 12110 0 0 
6100 11087 11988 10948 12299 12494 11615 12247 0 0 
6200 11143 11959 11328 12355 12550 11778 12225 0 0 
6300 11061 12116 11385 12263 12489 11538 12119 0 0 
6400 11240 12147 11513 12386 12593 11782 12246 0 0 
6500 11324 12419 11659 12359 12485 11658 12163 0 0 
6600 11347 12450 11673 12421 12616 11782 12258 0 0 
6700 11477 12633 11702 12347 12457 11721 12279 0 0 
6800 11405 12650 11714 12342 12468 11711 12201 0 0 
6900 11584 12796 11761 12440 12553 11809 12259 0 0 
7000 11527 12781 11664 12363 12480 11837 12288 0 0 
7100 11622 12843 11673 12382 12431 11728 12212 0 0 
7200 11734 12794 11703 12431 12494 11792 12324 0 0 
7300 11761 12666 11647 12325 12423 11647 12183 0 0 
7400 11935 12834 11788 12349 12458 11778 12219 0 0 
7500 12071 12865 11685 12408 12501 11790 12276 0 0 
7600 11886 12944 11704 12320 12487 11720 12257 0 0 
7700 12050 12837 11775 12381 12438 11714 12191 0 0 
7800 12136 12865 11938 12454 12514 11812 12364 0 0 
7900 12150 12885 11959 12449 12504 11845 12356 0 0 
8000 12333 12902 11788 12345 12466 11708 12319 0 0 
8100 12275 12803 11934 12396 12431 11834 12291 0 0 
8200 12329 12831 11930 12452 12470 11845 12292 0 0 
8300 12237 12864 11860 12433 12503 11869 12374 0 0 
8400 12100 12855 11771 12374 12415 11818 12318 0 0 
8500 12227 12860 11812 12417 12486 11837 12349 0 0 
8600 12209 12995 11716 12469 12498 11892 12290 0 0 
8700 12329 12860 11742 12426 12492 11829 12259 0 0 
8800 12351 12784 11857 12438 12422 11778 12347 0 0 
8900 12369 12915 11830 12492 12449 11819 12273 0 0 
9000 12263 12964 11872 12465 12489 11900 12333 0 0 
9100 12305 12912 11956 12445 12373 11838 12374 0 0 
9200 12239 12852 11884 12429 12364 11786 12332 0 0 
9300 12184 12919 11860 12454 12406 11926 12314 0 0 
9400 12411 12900 11966 12535 12557 12025 12467 0 0 
9500 12396 12915 11841 12467 12377 11911 12373 0 0 
9600 12514 12955 11888 12424 12357 11861 12271 0 0 
9700 12311 12897 11943 12519 12393 12002 12443 0 0 
9800 12319 12908 11861 12448 12331 11952 12417 0 0 
9900 12180 12971 11904 12323 12296 11833 12314 0 0 
10000 12169 12927 11936 12495 12377 11969 12453 0 0 
