# Avida tasks data
# Mon Mar  6 20:46:27 2023
# First column gives the current update, next columns give the number
# of organisms that have the particular task as a component of their merit
#  1: Update
#  2: Not
#  3: Nand
#  4: And
#  5: OrNot
#  6: Or
#  7: AndNot
#  8: Nor
#  9: Xor
# 10: Equals

0 0 0 0 0 0 0 0 0 0 
100 0 0 0 0 0 0 0 0 0 
200 0 0 0 0 0 0 0 0 0 
300 0 0 0 0 0 0 0 0 0 
400 0 0 0 0 0 0 0 0 0 
500 0 0 0 0 0 0 0 0 0 
600 0 0 0 0 0 0 0 0 0 
700 0 0 0 0 0 0 0 0 0 
800 0 0 0 0 0 0 0 0 0 
900 0 0 0 0 0 0 0 0 0 
1000 0 0 0 0 0 0 0 0 0 
1100 0 0 0 0 0 0 0 0 0 
1200 0 0 0 0 0 0 0 0 0 
1300 0 0 0 0 0 0 0 0 0 
1400 0 0 0 0 0 0 0 0 0 
1500 0 0 0 0 0 0 0 0 0 
1600 0 0 0 0 0 0 0 0 0 
1700 0 0 0 0 0 0 0 0 0 
1800 0 0 0 0 0 0 0 0 0 
1900 0 0 0 0 0 0 0 0 0 
2000 0 0 0 0 0 0 0 0 0 
2100 0 0 0 0 0 0 0 0 0 
2200 0 0 0 0 0 0 0 0 0 
2300 0 0 0 0 0 0 0 0 0 
2400 0 0 0 0 0 0 0 0 0 
2500 0 0 0 0 0 0 0 0 0 
2600 0 0 0 0 0 0 0 0 0 
2700 0 0 0 0 0 0 0 0 0 
2800 0 0 0 0 0 0 0 0 0 
2900 0 0 0 0 0 0 0 0 0 
3000 0 0 0 0 0 0 0 0 0 
3100 0 0 0 0 0 0 0 0 0 
3200 0 0 0 0 0 0 0 0 0 
3300 0 0 0 0 0 0 0 0 0 
3400 0 0 0 0 0 0 0 0 0 
3500 0 0 0 0 0 0 0 0 0 
3600 0 0 0 0 0 0 0 0 0 
3700 0 0 0 0 0 0 0 0 0 
3800 6 0 0 0 0 0 0 0 0 
3900 7 0 0 0 0 0 0 0 0 
4000 19 0 0 0 0 0 0 0 0 
4100 31 0 0 0 0 0 0 0 0 
4200 53 0 0 0 0 0 0 0 0 
4300 78 0 0 38 0 0 0 0 0 
4400 78 0 0 81 0 0 0 0 0 
4500 81 2 0 95 1 0 0 0 0 
4600 77 4 0 93 0 0 0 0 0 
4700 80 1 0 90 0 0 0 0 0 
4800 84 0 0 73 13 0 0 0 0 
4900 86 2 0 37 45 0 0 0 0 
5000 85 3 0 12 69 3 0 0 0 
5100 89 1 0 4 76 0 0 0 0 
5200 95 2 0 1 87 0 0 0 0 
5300 95 0 0 2 89 0 0 0 0 
5400 92 0 0 0 90 1 0 0 0 
5500 85 0 0 5 79 0 0 0 0 
5600 84 0 0 4 77 4 0 0 0 
5700 83 1 0 17 76 4 0 0 0 
5800 90 4 0 79 86 0 0 0 0 
5900 91 0 0 87 84 0 0 0 0 
6000 93 1 0 85 89 1 0 0 0 
6100 83 1 0 87 76 4 0 0 0 
6200 93 1 0 93 90 0 0 0 0 
6300 89 4 0 90 80 1 0 0 0 
6400 90 1 0 93 85 1 0 0 0 
6500 93 5 0 90 87 0 0 0 0 
6600 92 1 0 90 85 0 0 0 0 
6700 89 3 0 87 85 1 0 0 0 
6800 91 1 0 95 88 0 0 0 0 
6900 91 3 0 89 86 0 0 0 0 
7000 93 0 0 85 85 2 0 0 0 
7100 88 0 1 87 81 0 0 0 0 
7200 83 2 0 74 70 5 0 0 0 
7300 93 3 1 81 78 0 0 0 0 
7400 94 1 0 89 84 1 0 0 0 
7500 93 2 0 88 89 0 0 0 0 
7600 90 0 0 87 82 0 0 0 0 
7700 88 6 0 85 83 0 0 0 0 
7800 89 1 0 88 85 0 0 0 0 
7900 94 4 0 88 91 0 0 0 0 
8000 94 0 0 91 80 3 0 0 0 
8100 90 4 0 86 82 3 0 0 0 
8200 89 6 0 93 82 2 0 0 0 
8300 86 2 0 90 81 2 0 0 0 
8400 98 1 0 92 92 0 0 0 0 
8500 97 1 0 84 89 1 0 0 0 
8600 90 2 0 86 82 0 0 0 0 
8700 89 4 0 89 79 3 0 0 0 
8800 91 4 0 88 86 2 0 0 0 
8900 92 4 0 86 82 2 0 0 0 
9000 90 1 0 92 83 3 0 0 0 
9100 96 3 0 89 88 1 0 0 0 
9200 88 3 0 83 76 3 0 0 0 
9300 90 1 0 85 80 3 0 0 0 
9400 89 0 0 88 82 1 0 0 0 
9500 96 3 0 92 91 0 0 0 0 
9600 93 1 2 93 89 0 0 0 0 
9700 96 0 0 91 90 0 0 0 0 
9800 92 4 0 90 85 0 0 0 0 
9900 93 0 0 94 88 1 0 0 0 
10000 89 1 0 93 87 0 0 0 0 
10100 87 7 0 88 75 3 0 0 0 
10200 93 1 0 91 89 1 0 0 0 
10300 88 2 0 84 80 3 0 0 0 
10400 94 0 0 95 90 0 0 0 0 
10500 89 1 0 85 85 1 0 0 0 
10600 94 2 0 81 84 1 0 0 0 
10700 89 3 0 90 84 2 0 0 0 
10800 93 2 0 95 86 0 0 0 0 
10900 89 1 0 97 82 0 0 0 0 
11000 94 0 0 92 89 0 0 0 0 
11100 95 0 0 93 89 0 0 0 0 
11200 91 2 0 86 82 0 0 0 0 
11300 92 1 0 83 86 1 0 0 0 
11400 92 1 0 95 87 1 0 0 0 
11500 87 0 0 86 81 2 0 0 0 
11600 93 0 0 89 84 1 0 0 0 
11700 96 0 0 97 88 2 0 0 0 
11800 98 3 0 92 82 0 0 0 0 
11900 89 2 0 86 85 2 0 0 0 
12000 88 0 0 93 85 0 0 0 0 
12100 86 3 0 80 75 0 0 0 0 
12200 97 3 0 93 88 0 0 0 0 
12300 95 6 0 86 81 0 0 0 0 
12400 94 3 0 93 85 1 0 0 0 
12500 97 3 0 88 84 0 0 0 0 
12600 87 2 0 87 87 4 0 0 0 
12700 92 0 0 88 88 0 0 0 0 
12800 96 1 0 96 91 0 0 0 0 
12900 81 2 0 85 78 3 0 0 0 
13000 93 0 0 90 84 2 0 0 0 
13100 95 2 0 92 76 0 0 0 0 
13200 86 3 0 83 77 2 0 0 0 
13300 92 3 0 90 82 0 0 0 0 
13400 92 0 0 89 84 1 0 0 0 
13500 87 0 0 84 73 0 0 0 0 
13600 87 2 0 91 81 1 0 0 0 
13700 94 1 0 89 79 0 0 0 0 
13800 95 3 0 94 88 0 0 0 0 
13900 87 3 0 91 82 2 0 0 0 
14000 92 4 0 83 82 0 0 0 0 
14100 89 2 0 87 83 2 0 0 0 
14200 88 2 0 83 75 5 0 0 0 
14300 91 1 0 90 89 0 0 0 0 
14400 83 5 0 80 69 1 0 0 0 
14500 86 2 0 88 74 3 0 0 0 
14600 89 2 0 84 80 0 0 0 0 
14700 81 2 0 81 78 3 0 0 0 
14800 87 1 0 93 85 4 0 0 0 
14900 89 0 0 89 83 2 0 0 0 
15000 82 2 0 84 73 2 0 0 0 
15100 90 2 0 90 78 0 0 0 0 
15200 89 1 0 80 82 2 0 0 0 
15300 94 4 0 89 85 1 0 0 0 
15400 97 1 0 92 94 0 0 0 0 
15500 97 2 0 89 88 0 0 0 0 
15600 90 2 0 87 86 0 0 0 0 
15700 87 4 0 86 81 1 0 0 0 
15800 89 4 0 90 80 0 0 0 0 
15900 95 1 0 94 88 0 0 0 0 
16000 95 3 0 87 86 1 0 0 0 
16100 93 2 0 89 81 1 0 0 0 
16200 87 1 0 85 77 1 0 0 0 
16300 92 4 0 85 86 0 0 0 0 
16400 95 0 0 86 89 0 0 0 0 
16500 95 0 1 89 86 3 0 0 0 
16600 91 0 0 89 82 2 0 0 0 
16700 86 2 0 85 82 2 0 0 0 
16800 92 3 0 95 87 0 0 0 0 
16900 91 3 0 90 82 1 0 0 0 
17000 94 3 0 88 90 0 0 0 0 
17100 91 0 0 88 85 0 0 0 0 
17200 97 2 0 96 90 0 0 0 0 
17300 89 3 0 90 86 1 0 0 0 
17400 83 2 0 82 71 4 0 0 0 
17500 97 0 0 93 94 0 0 0 0 
17600 89 4 0 86 81 4 0 0 0 
17700 93 0 0 94 86 1 0 0 0 
17800 97 2 0 90 89 0 0 0 0 
17900 88 0 0 86 85 0 0 0 0 
18000 95 1 0 94 88 0 0 0 0 
18100 92 2 0 86 87 4 0 0 0 
18200 87 0 0 90 75 5 0 0 0 
18300 87 1 0 90 82 1 0 0 0 
18400 95 0 0 91 83 0 0 0 0 
18500 99 0 0 87 90 1 0 0 0 
18600 90 2 0 87 83 3 0 0 0 
18700 97 1 0 91 83 3 0 0 0 
18800 89 5 0 94 85 0 0 0 0 
18900 90 0 0 87 84 0 0 0 0 
19000 84 3 0 81 76 3 0 0 0 
19100 93 0 0 93 88 1 0 0 0 
19200 92 4 0 89 82 3 0 0 0 
19300 81 0 0 89 77 5 0 0 0 
19400 96 4 0 89 91 0 0 0 0 
19500 90 1 0 84 85 3 0 0 0 
19600 91 1 0 89 87 1 0 0 0 
19700 95 4 0 90 87 0 0 0 0 
19800 92 3 0 86 86 0 0 0 0 
19900 90 0 0 78 78 2 0 0 0 
20000 94 1 0 90 90 2 0 0 0 
20100 93 3 0 91 86 5 0 0 0 
20200 92 3 0 88 84 1 0 0 0 
20300 93 5 0 93 88 0 0 0 0 
20400 93 0 0 87 80 2 0 0 0 
20500 97 1 0 88 89 0 0 0 0 
20600 96 5 0 92 88 1 0 0 0 
20700 90 3 0 89 85 2 0 0 0 
20800 93 0 0 84 86 1 0 0 0 
20900 93 0 0 89 89 4 0 0 0 
21000 88 0 1 86 82 3 0 0 0 
21100 93 2 2 87 85 0 0 0 0 
21200 94 2 0 93 91 0 0 0 0 
21300 90 1 0 83 81 3 0 0 0 
21400 89 5 0 91 81 2 0 0 0 
21500 90 2 1 89 87 3 0 0 0 
21600 91 2 0 83 79 3 0 0 0 
21700 91 5 0 84 86 2 0 0 0 
21800 95 1 0 90 84 0 0 0 0 
21900 93 1 0 85 87 3 0 0 0 
22000 93 0 2 86 85 0 0 0 0 
22100 90 0 0 89 81 2 0 0 0 
22200 87 3 0 84 77 4 0 0 0 
22300 90 1 0 82 82 4 0 0 0 
22400 94 1 0 92 92 1 0 0 0 
22500 89 2 0 95 84 0 0 0 0 
22600 80 1 0 78 72 7 0 0 0 
22700 92 1 0 87 88 0 0 0 0 
22800 94 0 0 90 89 2 0 0 0 
22900 90 4 0 88 79 2 0 0 0 
23000 93 3 0 80 90 1 0 0 0 
23100 88 3 0 92 83 3 0 0 0 
23200 91 0 0 94 86 1 0 0 0 
23300 94 1 0 85 90 0 0 0 0 
23400 92 1 0 95 89 0 0 0 0 
23500 90 1 0 90 85 4 0 0 0 
23600 88 5 0 82 78 0 0 0 0 
23700 91 0 0 87 80 3 0 0 0 
23800 89 1 0 89 84 1 0 0 0 
23900 86 5 0 83 76 1 0 0 0 
24000 95 3 0 91 87 3 0 0 0 
24100 92 3 0 95 85 0 0 0 0 
24200 89 2 0 89 81 0 0 0 0 
24300 96 0 0 95 90 0 0 0 0 
24400 95 2 0 86 90 1 0 0 0 
24500 96 2 1 86 86 0 0 0 0 
24600 93 0 0 95 89 0 0 0 0 
24700 92 1 0 87 84 1 0 0 0 
24800 84 1 1 82 80 1 0 0 0 
24900 95 0 0 84 86 2 0 0 0 
25000 91 2 0 92 86 1 0 0 0 
25100 86 2 0 84 75 2 0 0 0 
25200 93 4 0 82 81 2 0 0 0 
25300 95 2 0 88 84 0 0 0 0 
25400 95 2 0 85 87 0 0 0 0 
25500 93 0 2 86 89 0 0 0 0 
25600 95 2 2 94 90 0 0 0 0 
25700 92 2 0 92 79 5 0 0 0 
25800 97 2 0 93 88 3 0 0 0 
25900 86 1 0 82 82 1 0 0 0 
26000 92 1 0 91 84 0 0 0 0 
26100 98 2 2 91 88 3 0 0 0 
26200 92 2 1 93 83 2 0 0 0 
26300 92 7 1 92 82 0 0 0 0 
26400 95 1 0 89 85 0 0 0 0 
26500 93 4 0 97 85 6 0 0 0 
26600 98 3 0 95 91 0 0 0 0 
26700 90 3 1 87 76 5 0 0 0 
26800 92 4 1 93 83 2 0 0 0 
26900 94 4 2 86 86 0 0 0 0 
27000 95 3 0 92 91 0 0 0 0 
27100 95 5 0 89 77 1 0 0 0 
27200 90 1 0 83 77 2 0 0 0 
27300 91 2 1 90 82 2 0 0 0 
27400 89 2 2 87 74 7 0 0 0 
27500 96 2 0 96 89 1 0 0 0 
27600 88 1 0 89 77 6 0 0 0 
27700 96 4 2 92 88 0 0 0 0 
27800 90 4 2 85 81 2 0 0 0 
27900 93 3 3 94 81 0 0 0 0 
28000 94 1 0 90 88 5 0 0 0 
28100 90 1 0 96 86 2 0 0 0 
28200 89 5 0 86 82 6 0 0 0 
28300 93 0 0 91 84 0 0 0 0 
28400 94 3 0 92 86 0 0 0 0 
28500 93 5 0 88 77 3 0 0 0 
28600 85 2 1 88 78 0 0 0 0 
28700 95 1 1 89 88 1 0 0 0 
28800 92 1 0 93 79 4 0 0 0 
28900 94 0 1 92 89 0 0 0 0 
29000 94 0 0 96 90 3 0 0 0 
29100 96 5 0 92 81 3 0 0 0 
29200 95 5 0 91 85 2 0 0 0 
29300 95 1 1 85 78 1 0 0 0 
29400 95 1 0 83 89 0 0 0 0 
29500 88 3 0 86 78 2 0 0 0 
29600 93 0 1 94 85 2 0 0 0 
29700 92 3 2 87 85 2 0 0 0 
29800 96 7 0 93 84 3 0 0 0 
29900 92 2 1 54 81 1 30 0 0 
30000 92 0 0 3 85 8 82 0 0 
30100 85 0 1 6 77 10 83 0 0 
30200 94 0 0 1 85 5 84 0 0 
30300 90 0 0 0 79 4 81 0 0 
30400 97 0 0 2 90 2 95 0 0 
30500 88 0 2 3 81 5 82 0 0 
30600 92 0 2 2 87 3 88 0 0 
30700 94 0 0 0 87 1 89 0 0 
30800 91 0 0 4 86 1 89 0 0 
30900 89 0 2 10 78 7 82 0 0 
31000 95 0 0 4 84 0 93 0 0 
31100 91 2 0 2 84 5 83 0 0 
31200 97 0 0 5 82 3 89 0 0 
31300 95 0 0 0 94 1 89 0 0 
31400 91 0 0 0 85 7 87 0 0 
31500 96 0 0 5 82 3 89 0 0 
31600 83 7 1 5 77 1 78 2 0 
31700 98 1 0 2 89 1 92 0 0 
31800 89 0 0 3 80 11 80 0 0 
31900 89 0 1 1 87 4 88 0 0 
32000 91 0 0 3 86 4 91 0 0 
32100 91 0 1 0 89 4 92 0 0 
32200 93 0 0 5 79 2 90 0 0 
32300 94 0 1 0 85 1 91 0 0 
32400 94 5 0 2 88 6 86 0 0 
32500 90 0 0 7 81 13 79 0 0 
32600 94 0 0 0 79 2 82 0 0 
32700 91 2 0 2 81 4 89 0 0 
32800 90 0 0 2 87 5 90 0 0 
32900 94 0 0 3 90 3 91 0 0 
33000 97 0 0 3 93 4 91 0 0 
33100 95 0 2 0 95 0 97 0 0 
33200 91 0 1 3 78 4 85 0 0 
33300 97 0 0 6 88 4 91 0 0 
33400 96 0 0 4 84 0 90 0 0 
33500 95 2 0 2 86 1 88 0 0 
33600 94 0 2 1 89 3 86 0 0 
33700 98 0 0 3 87 1 95 0 0 
33800 94 0 1 0 87 1 94 0 0 
33900 98 0 0 0 91 3 83 0 0 
34000 96 1 0 3 89 2 92 0 0 
34100 95 0 2 0 82 3 86 0 0 
34200 96 0 0 5 79 3 81 0 0 
34300 91 0 0 4 84 3 88 0 0 
34400 92 1 0 1 85 1 90 0 0 
34500 100 1 0 2 94 1 95 0 0 
34600 98 0 0 2 88 2 83 0 0 
34700 91 0 0 0 80 0 85 0 0 
34800 87 0 0 2 80 1 81 0 0 
34900 94 0 0 2 88 2 87 0 0 
35000 96 0 1 1 92 1 91 0 0 
35100 87 1 0 4 76 3 82 0 0 
35200 91 0 1 2 86 2 88 0 0 
35300 97 1 0 1 89 4 91 0 0 
35400 94 0 0 2 88 4 93 0 0 
35500 95 0 1 6 86 2 87 0 0 
35600 96 1 2 1 90 1 91 0 0 
35700 93 0 0 1 92 2 90 0 0 
35800 93 0 0 0 87 1 92 0 0 
35900 91 0 2 1 83 2 82 0 0 
36000 90 0 0 4 80 9 84 0 0 
36100 91 0 0 1 89 1 95 0 0 
36200 95 0 1 3 90 0 89 0 0 
36300 89 0 0 1 87 3 91 0 0 
36400 88 3 0 4 81 7 81 0 0 
36500 96 0 0 2 89 0 87 0 0 
36600 94 0 0 6 85 0 82 0 0 
36700 92 0 0 0 91 6 91 0 0 
36800 94 0 0 1 89 3 91 0 0 
36900 96 0 0 7 84 4 84 0 0 
37000 92 0 0 4 83 1 87 0 0 
37100 94 0 0 2 93 1 97 0 0 
37200 93 0 0 1 87 3 91 0 0 
37300 88 0 2 0 84 6 82 0 0 
37400 96 1 0 5 89 3 94 0 0 
37500 95 0 0 1 86 1 93 0 0 
37600 92 0 0 6 84 5 80 0 0 
37700 87 0 0 2 85 5 91 0 0 
37800 97 0 2 4 88 2 88 0 0 
37900 96 0 1 2 92 0 92 0 0 
38000 95 0 0 3 91 1 94 0 0 
38100 96 0 0 6 88 4 84 0 0 
38200 93 0 1 0 88 5 81 0 0 
38300 94 0 0 4 84 3 84 0 0 
38400 92 0 0 2 81 1 83 0 0 
38500 95 0 0 4 84 4 83 0 0 
38600 97 1 0 3 89 1 88 0 0 
38700 85 0 0 4 82 5 82 0 0 
38800 95 0 1 2 87 6 88 0 0 
38900 94 0 0 0 91 6 86 0 0 
39000 98 0 0 2 92 1 90 0 0 
39100 92 0 0 3 84 1 88 0 0 
39200 96 0 0 1 91 2 84 0 0 
39300 92 0 0 3 83 5 82 0 0 
39400 92 0 1 0 86 2 90 0 0 
39500 90 0 2 4 84 3 76 0 0 
39600 94 0 0 6 84 3 88 0 0 
39700 91 3 0 2 83 7 83 0 0 
39800 93 2 0 6 85 2 85 0 0 
39900 97 0 0 5 86 2 88 0 0 
40000 94 0 0 0 82 2 84 0 0 
40100 94 0 0 3 81 0 82 0 0 
40200 97 0 3 2 85 4 83 0 0 
40300 93 0 2 2 89 2 84 0 0 
40400 98 0 0 0 83 0 84 0 0 
40500 96 1 0 2 85 2 84 0 0 
40600 95 0 0 2 87 2 85 0 0 
40700 91 0 0 4 87 7 79 0 0 
40800 94 2 0 3 88 3 82 0 0 
40900 92 0 0 1 88 1 88 0 0 
41000 96 0 1 8 83 5 88 0 0 
41100 95 0 0 7 83 6 83 0 0 
41200 90 3 1 0 83 1 80 0 0 
41300 93 2 1 51 84 1 90 46 0 
41400 94 1 1 72 91 1 93 70 0 
41500 85 5 1 80 82 6 82 73 0 
41600 97 0 0 93 89 3 92 87 0 
41700 91 3 0 90 88 5 90 86 0 
41800 93 2 0 95 88 4 91 88 0 
41900 94 2 0 91 86 4 96 83 0 
42000 99 5 0 98 94 5 96 91 0 
42100 97 5 0 97 94 4 96 91 0 
42200 97 5 0 90 87 6 93 83 0 
42300 99 4 0 96 96 3 97 93 0 
42400 96 5 0 92 88 4 96 85 0 
42500 91 7 0 92 87 6 92 86 0 
42600 98 1 0 98 97 1 96 95 0 
42700 93 3 0 92 91 0 92 89 0 
42800 94 5 0 90 87 1 96 85 0 
42900 95 7 0 93 82 0 96 81 0 
43000 96 3 0 96 87 1 95 87 0 
43100 94 7 0 91 82 3 89 82 0 
43200 88 3 0 86 82 30 91 80 0 
43300 96 0 1 95 94 74 93 93 0 
43400 93 5 0 93 84 83 87 81 0 
43500 96 5 0 88 88 88 91 83 0 
43600 92 2 0 91 88 87 92 86 0 
43700 89 3 2 88 83 81 89 82 0 
43800 91 5 2 87 87 88 88 84 0 
43900 96 2 0 93 88 90 91 85 0 
44000 89 2 0 91 85 90 87 84 0 
44100 90 3 0 94 86 89 88 86 0 
44200 82 2 2 86 80 87 86 80 0 
44300 83 4 0 87 83 85 86 80 0 
44400 83 2 2 92 80 81 84 74 0 
44500 95 2 2 96 88 85 90 82 0 
44600 89 0 0 88 84 88 90 84 0 
44700 90 5 2 93 82 82 91 80 0 
44800 91 1 1 92 87 88 94 84 0 
44900 85 2 1 88 80 84 81 78 0 
45000 97 1 0 94 88 92 94 87 0 
45100 87 1 2 92 82 78 90 79 0 
45200 91 2 0 93 85 87 90 85 0 
45300 87 5 0 92 83 88 87 81 0 
45400 84 2 0 86 82 84 85 82 0 
45500 91 2 0 92 87 93 91 87 0 
45600 83 3 0 89 78 84 83 77 0 
45700 84 3 0 83 80 85 87 79 0 
45800 85 6 0 87 76 90 83 76 0 
45900 89 1 0 96 89 93 89 89 0 
46000 91 3 0 95 84 86 92 84 0 
46100 87 1 0 89 79 82 89 78 0 
46200 90 1 0 89 84 86 90 83 0 
46300 90 0 0 88 81 82 88 81 0 
46400 92 1 0 93 91 94 89 90 0 
46500 86 5 0 85 82 86 85 79 0 
46600 85 5 0 83 79 82 81 77 0 
46700 89 2 2 93 85 89 87 85 0 
46800 93 0 1 94 92 95 94 92 0 
46900 90 2 0 95 86 86 93 86 0 
47000 97 25 0 95 90 90 95 90 0 
47100 98 40 0 96 92 91 95 92 0 
47200 91 67 0 89 88 84 88 83 0 
47300 95 70 0 94 87 86 95 88 0 
47400 93 76 1 93 88 87 94 87 0 
47500 98 89 0 97 94 94 98 94 0 
47600 92 81 2 97 84 85 91 84 0 
47700 92 84 2 95 87 89 93 84 2 
47800 92 85 1 92 88 90 91 86 0 
47900 92 85 0 96 89 92 93 88 0 
48000 93 89 0 94 86 93 90 86 0 
48100 93 89 0 89 82 86 89 81 0 
48200 96 93 0 94 92 95 92 92 0 
48300 86 79 0 90 85 91 90 81 0 
48400 95 93 0 97 91 92 97 91 0 
48500 91 86 0 92 91 89 90 90 0 
48600 90 77 0 93 85 86 91 85 0 
48700 91 77 0 91 85 84 91 81 0 
48800 90 80 0 96 82 78 92 81 0 
48900 93 86 0 90 87 88 92 86 0 
49000 89 80 1 89 82 85 90 82 0 
49100 84 80 13 83 81 81 90 81 0 
49200 92 88 49 92 92 92 97 89 0 
49300 89 80 63 88 85 90 91 83 0 
49400 92 82 76 92 84 93 93 82 0 
49500 91 86 85 91 89 95 89 85 0 
49600 90 82 87 88 83 90 89 82 0 
49700 92 82 83 88 83 86 90 81 0 
49800 87 84 84 91 88 90 90 88 0 
49900 92 91 85 90 88 89 90 84 0 
50000 90 87 84 91 84 83 91 81 1 
50100 94 84 77 93 87 87 94 85 0 
50200 93 91 85 91 84 86 92 82 0 
50300 97 89 86 93 89 91 96 87 0 
50400 96 94 92 98 88 93 94 88 0 
50500 87 74 78 83 77 81 82 75 0 
50600 94 93 89 92 91 91 89 89 0 
50700 92 86 87 91 89 90 90 89 0 
50800 95 94 91 97 90 95 94 90 0 
50900 93 87 89 92 91 92 90 91 0 
51000 93 83 89 92 84 85 95 84 0 
51100 94 90 89 94 87 86 96 86 0 
51200 93 89 89 94 88 88 92 88 0 
51300 88 88 83 88 83 91 89 81 0 
51400 93 92 91 95 88 90 95 87 0 
51500 92 95 85 91 85 93 88 85 0 
51600 90 89 83 85 86 88 94 79 2 
51700 94 93 89 90 90 94 92 86 0 
51800 93 92 93 92 89 90 89 89 0 
51900 90 90 88 90 86 87 91 85 2 
52000 87 81 87 91 86 89 91 83 1 
52100 90 84 88 90 86 88 87 86 2 
52200 87 91 82 91 83 90 89 81 0 
52300 94 91 91 97 91 96 93 87 0 
52400 93 90 91 92 91 93 91 89 0 
52500 95 95 93 94 89 92 92 89 1 
52600 94 89 86 92 86 86 94 84 0 
52700 94 93 92 93 93 92 94 92 0 
52800 90 89 82 92 86 91 91 84 0 
52900 90 86 85 90 87 90 92 87 0 
53000 93 96 91 95 91 92 93 90 0 
53100 93 87 86 89 86 86 93 86 0 
53200 91 86 82 91 84 88 93 84 0 
53300 92 90 86 94 84 86 88 84 0 
53400 89 82 82 90 83 85 93 79 0 
53500 95 91 91 96 92 96 97 88 0 
53600 93 93 92 92 91 96 94 90 0 
53700 88 84 82 89 84 91 89 85 0 
53800 93 84 83 91 87 89 91 86 0 
53900 90 79 84 91 82 89 87 82 0 
54000 94 90 90 96 92 96 91 92 0 
54100 96 90 91 94 94 95 92 94 0 
54200 90 87 85 88 88 88 89 87 0 
54300 92 88 85 90 90 87 92 86 0 
54400 96 92 90 96 94 93 96 91 0 
54500 93 93 84 92 89 93 94 85 0 
54600 89 88 84 87 87 91 90 83 0 
54700 98 95 97 97 91 93 97 91 2 
54800 91 90 87 96 89 94 95 88 0 
54900 87 81 79 84 81 83 83 81 0 
55000 99 96 92 98 98 98 95 98 0 
55100 88 83 84 87 83 89 90 83 0 
55200 95 93 93 97 90 95 93 90 0 
55300 97 95 94 99 96 99 97 95 0 
55400 92 90 87 92 91 91 99 89 0 
55500 93 93 90 92 90 95 99 89 0 
55600 87 82 78 85 79 84 94 78 0 
55700 90 82 85 85 84 88 89 83 0 
55800 90 88 89 93 87 88 93 85 0 
55900 93 82 84 88 84 86 92 81 1 
56000 93 88 87 92 88 88 91 85 0 
56100 90 87 85 85 84 85 88 80 1 
56200 87 87 84 96 82 90 94 82 1 
56300 89 84 85 94 83 89 93 81 2 
56400 91 88 88 90 85 91 94 81 1 
56500 95 94 94 95 93 96 94 92 0 
56600 95 97 95 97 95 96 94 95 0 
56700 95 95 95 97 89 89 94 89 0 
56800 96 92 92 93 90 93 89 88 0 
56900 94 93 89 95 87 90 92 83 0 
57000 90 88 83 94 86 93 92 85 0 
57100 89 86 87 92 86 90 92 85 0 
57200 95 92 90 94 91 93 95 89 0 
57300 90 84 88 94 87 92 91 86 0 
57400 92 86 88 98 88 93 93 88 0 
57500 93 87 91 97 93 96 95 90 0 
57600 91 91 84 96 90 93 95 86 0 
57700 96 92 89 92 90 95 93 89 0 
57800 96 87 85 89 90 94 92 84 0 
57900 96 95 86 90 90 93 92 84 0 
58000 87 88 84 87 87 90 90 86 0 
58100 87 81 89 92 86 89 89 86 0 
58200 93 85 82 89 89 89 90 85 0 
58300 91 90 85 89 88 90 89 87 0 
58400 92 84 84 89 83 89 92 81 0 
58500 91 85 83 92 84 89 89 81 0 
58600 93 88 85 89 82 88 88 81 1 
58700 89 82 83 93 82 91 91 81 0 
58800 87 80 79 87 75 80 90 74 2 
58900 92 80 83 90 85 86 96 85 0 
59000 89 85 82 93 82 87 91 81 2 
59100 92 86 88 93 85 88 88 82 1 
59200 89 84 80 90 85 89 91 79 1 
59300 95 89 90 92 92 95 96 87 0 
59400 96 84 87 92 88 86 89 85 0 
59500 89 80 83 87 83 85 91 78 2 
59600 90 89 87 86 87 90 88 84 0 
59700 91 84 84 89 87 86 85 86 0 
59800 92 85 88 93 89 94 89 88 0 
59900 93 87 89 90 91 92 94 86 0 
60000 96 96 95 94 90 91 94 88 1 
60100 94 92 89 93 90 93 93 89 0 
60200 91 90 84 91 88 87 94 83 0 
60300 91 91 82 94 82 85 89 80 1 
60400 91 83 85 86 80 82 91 80 0 
60500 95 92 92 93 92 96 98 90 0 
60600 85 78 80 85 81 91 86 77 0 
60700 91 86 83 89 89 91 90 84 0 
60800 93 93 91 97 90 98 95 89 0 
60900 92 86 82 90 81 88 90 80 0 
61000 92 84 84 91 88 89 92 86 0 
61100 89 84 85 89 84 90 91 82 0 
61200 89 84 85 87 85 85 92 82 0 
61300 91 87 88 94 92 91 97 86 0 
61400 89 85 87 90 84 88 90 81 0 
61500 94 88 87 95 90 91 93 90 0 
61600 98 82 90 94 93 92 99 92 0 
61700 94 93 84 92 85 89 91 81 0 
61800 94 87 82 87 88 88 94 84 0 
61900 91 84 86 88 83 89 90 80 0 
62000 90 84 83 84 86 83 92 80 0 
62100 85 81 80 84 83 87 86 80 0 
62200 93 86 87 96 89 92 87 87 0 
62300 91 84 88 93 88 93 90 86 0 
62400 95 86 89 93 91 92 97 91 0 
62500 91 86 85 89 86 86 93 85 0 
62600 92 87 87 90 85 90 90 85 0 
62700 91 86 87 90 87 90 91 87 0 
62800 92 90 86 93 90 93 93 90 0 
62900 93 88 89 93 89 94 92 89 0 
63000 96 94 93 96 90 90 95 88 0 
63100 93 92 84 93 85 90 95 84 0 
63200 91 76 75 89 89 88 92 83 0 
63300 89 72 82 89 85 92 91 82 0 
63400 90 77 87 94 88 92 94 88 0 
63500 96 83 92 90 87 94 90 85 0 
63600 92 82 88 94 86 91 91 84 0 
63700 94 86 91 93 80 83 90 77 0 
63800 95 91 95 93 87 93 95 85 0 
63900 96 93 94 96 88 92 93 88 2 
64000 94 91 87 93 91 92 97 90 1 
64100 94 88 83 89 88 89 93 86 0 
64200 89 82 76 92 82 88 89 81 0 
64300 95 88 86 97 88 91 94 87 0 
64400 92 82 85 90 85 92 91 81 0 
64500 95 95 87 97 90 96 92 88 0 
64600 96 92 91 92 90 91 92 88 0 
64700 90 85 87 92 91 90 96 88 0 
64800 92 88 86 89 88 88 91 81 2 
64900 92 85 88 93 90 91 97 86 0 
65000 92 85 89 91 88 91 93 88 0 
65100 97 85 88 98 93 93 99 93 0 
65200 96 94 94 97 94 98 97 95 0 
65300 93 94 93 94 86 92 94 87 2 
65400 88 87 81 92 86 90 91 80 1 
65500 84 74 76 82 81 87 87 77 0 
65600 96 91 87 95 93 94 90 88 0 
65700 95 89 90 91 88 93 88 88 0 
65800 90 86 82 87 84 88 84 84 0 
65900 93 87 89 93 90 92 91 88 0 
66000 93 82 86 91 85 85 93 83 0 
66100 87 81 86 89 81 87 89 79 0 
66200 89 86 85 90 80 85 94 80 2 
66300 91 83 86 90 87 90 90 84 0 
66400 96 91 90 93 91 94 93 90 0 
66500 95 85 89 92 90 93 93 88 0 
66600 91 79 83 89 82 90 93 82 0 
66700 96 85 92 95 92 96 97 90 0 
66800 95 87 92 92 91 93 92 91 0 
66900 93 86 85 90 84 91 88 83 1 
67000 84 80 74 80 77 78 83 71 0 
67100 92 86 87 86 87 88 85 83 0 
67200 93 85 84 89 84 85 92 83 0 
67300 86 87 76 87 86 90 89 82 0 
67400 93 91 83 88 90 90 92 88 0 
67500 93 90 80 89 87 88 89 84 0 
67600 92 93 89 89 84 87 90 83 2 
67700 95 94 87 98 91 92 92 86 1 
67800 96 83 85 97 91 92 95 89 0 
67900 96 88 87 91 88 88 86 80 0 
68000 91 89 91 91 87 87 87 83 0 
68100 89 78 78 86 80 77 91 74 0 
68200 88 84 82 87 86 88 91 85 0 
68300 86 81 87 87 79 85 84 77 0 
68400 85 86 79 88 82 88 85 82 0 
68500 99 91 90 94 93 92 92 93 0 
68600 93 96 90 95 85 89 93 84 0 
68700 93 90 88 90 89 90 94 85 1 
68800 88 91 82 92 83 87 87 81 0 
68900 94 89 86 91 91 92 95 87 0 
69000 96 91 85 93 89 87 93 86 0 
69100 91 82 83 87 83 87 90 81 0 
69200 92 96 93 94 90 95 91 89 0 
69300 85 86 86 89 83 89 89 80 0 
69400 96 91 92 94 92 92 91 92 0 
69500 96 82 83 93 90 93 89 87 0 
69600 92 89 88 91 90 95 95 91 0 
69700 91 80 81 90 89 88 97 86 0 
69800 89 88 84 93 86 93 95 86 0 
69900 92 91 88 92 89 94 92 88 0 
70000 94 86 87 89 86 86 91 83 0 
70100 94 81 82 88 87 87 86 80 0 
70200 94 85 85 90 89 92 86 86 0 
70300 89 86 83 86 84 86 86 83 0 
70400 93 82 87 90 86 92 91 85 0 
70500 95 86 90 94 88 92 90 87 0 
70600 95 91 93 96 90 90 97 89 0 
70700 91 89 92 93 86 91 92 85 0 
70800 96 91 90 98 91 95 97 89 0 
70900 88 87 82 87 82 87 88 82 0 
71000 85 80 84 90 82 82 92 79 0 
71100 91 89 88 96 89 94 97 88 0 
71200 91 91 88 90 89 90 91 88 0 
71300 94 88 87 93 93 93 92 92 0 
71400 83 80 83 83 83 85 86 83 0 
71500 94 85 86 87 84 93 89 83 0 
71600 93 87 91 89 85 90 89 85 0 
71700 94 87 93 90 90 90 93 89 0 
71800 97 93 91 93 90 92 93 88 1 
71900 93 85 90 90 88 93 91 86 1 
72000 92 87 89 92 86 88 92 84 1 
72100 89 88 91 89 85 86 92 83 0 
72200 86 79 87 90 83 91 93 85 0 
72300 87 81 88 89 85 92 89 84 0 
72400 88 82 84 84 84 89 92 80 0 
72500 91 83 89 90 87 88 93 85 0 
72600 91 82 84 92 78 83 93 79 0 
72700 88 83 84 87 84 82 89 79 0 
72800 92 89 84 93 90 94 90 86 0 
72900 87 83 82 92 85 91 87 85 0 
73000 92 80 85 90 84 91 91 85 0 
73100 95 87 90 96 93 95 96 93 0 
73200 90 81 86 94 89 90 95 85 0 
73300 92 88 88 93 86 90 95 83 0 
73400 92 88 88 91 82 87 96 82 2 
73500 93 85 88 90 88 90 94 86 1 
73600 92 88 91 93 86 95 86 86 0 
73700 89 84 89 90 83 90 90 80 0 
73800 92 92 92 95 90 94 93 88 0 
73900 92 91 86 91 92 93 92 91 0 
74000 88 83 83 84 82 86 89 81 0 
74100 84 77 80 85 75 81 86 75 0 
74200 95 90 91 95 88 89 97 86 0 
74300 91 88 82 92 85 92 88 82 0 
74400 96 87 88 94 90 94 96 89 0 
74500 92 88 91 94 85 89 93 86 0 
74600 95 93 91 94 89 92 93 87 0 
74700 95 92 93 95 92 95 96 91 0 
74800 83 78 84 84 73 88 87 79 0 
74900 92 82 82 90 80 80 84 79 0 
75000 89 78 82 90 85 89 91 86 0 
75100 93 86 88 92 88 93 93 87 0 
75200 94 85 84 89 84 88 93 85 0 
75300 89 88 85 91 86 89 91 86 0 
75400 90 78 87 91 86 90 93 88 0 
75500 93 86 92 97 92 95 93 93 0 
75600 93 82 88 91 85 90 95 84 0 
75700 95 88 84 93 89 88 92 86 0 
75800 99 95 97 98 94 95 97 94 0 
75900 88 85 81 83 80 89 84 80 0 
76000 92 89 89 92 90 92 93 90 0 
76100 95 90 89 95 92 92 96 91 0 
76200 95 92 88 93 87 88 95 87 0 
76300 91 81 82 86 80 84 85 78 0 
76400 94 85 85 90 92 89 93 86 0 
76500 89 83 82 89 84 86 90 83 0 
76600 95 90 85 93 90 90 96 89 0 
76700 97 84 91 92 90 93 89 89 0 
76800 95 86 86 92 86 94 89 85 0 
76900 92 77 84 94 89 91 91 86 0 
77000 96 86 89 92 88 93 92 88 0 
77100 91 91 91 90 88 89 93 85 0 
77200 95 93 88 92 91 91 93 88 1 
77300 93 88 87 90 88 89 90 85 1 
77400 95 80 85 91 85 89 90 81 0 
77500 90 81 82 92 82 88 94 80 1 
77600 89 81 86 94 87 91 95 88 0 
77700 93 83 80 90 83 88 93 82 0 
77800 92 88 81 93 86 90 89 85 0 
77900 88 84 90 91 82 87 90 84 0 
78000 96 89 93 99 92 93 98 90 0 
78100 90 79 80 95 83 85 98 82 0 
78200 96 83 90 92 90 93 94 87 0 
78300 85 77 83 88 80 87 92 79 0 
78400 92 89 87 91 86 88 92 86 0 
78500 90 78 83 86 83 86 91 84 0 
78600 91 82 86 91 87 89 91 86 0 
78700 97 88 94 99 95 96 97 93 0 
78800 91 89 89 91 86 92 88 85 0 
78900 96 90 88 96 94 92 97 88 0 
79000 94 88 91 93 92 91 98 91 0 
79100 95 89 91 92 92 94 93 91 0 
79200 88 83 86 89 88 90 91 87 0 
79300 86 83 78 82 79 87 88 76 0 
79400 89 86 89 91 83 89 87 84 0 
79500 95 82 90 93 91 92 91 89 0 
79600 87 75 86 86 82 90 86 85 0 
79700 89 81 80 90 84 92 89 85 0 
79800 91 81 86 90 81 84 94 78 0 
79900 90 84 80 87 83 91 86 81 0 
80000 95 87 87 89 92 94 93 89 0 
80100 89 85 86 89 87 93 92 87 0 
80200 88 79 82 86 84 90 88 85 0 
80300 95 85 88 95 89 96 94 90 0 
80400 91 85 84 89 82 93 96 84 0 
80500 94 87 86 91 89 91 93 88 0 
80600 98 87 87 95 91 94 93 92 0 
80700 92 89 87 93 89 93 94 91 0 
80800 89 91 88 95 88 95 92 92 0 
80900 88 88 81 87 86 92 94 86 0 
81000 86 90 83 91 80 90 87 81 0 
81100 82 82 81 88 78 88 87 77 0 
81200 92 94 92 95 89 95 96 86 0 
81300 88 75 80 84 83 86 84 75 0 
81400 87 69 76 89 75 82 83 74 0 
81500 89 80 86 88 81 86 90 81 0 
81600 92 86 85 90 85 86 92 83 0 
81700 92 82 78 92 88 90 92 84 0 
81800 97 92 82 91 88 89 95 87 2 
81900 97 91 91 94 94 94 96 92 0 
82000 92 89 91 93 87 89 91 87 2 
82100 97 92 96 99 95 96 100 96 0 
82200 96 88 88 91 90 91 92 88 0 
82300 93 90 91 94 89 90 87 88 0 
82400 92 86 92 93 83 90 88 84 0 
82500 90 90 87 95 86 93 93 85 0 
82600 80 81 79 83 71 80 84 70 0 
82700 91 88 81 88 85 90 86 81 0 
82800 92 83 85 91 86 91 86 84 0 
82900 91 83 85 88 81 83 89 77 0 
83000 89 78 80 86 81 85 88 78 0 
83100 96 84 84 95 94 94 96 89 0 
83200 93 82 86 94 91 88 96 87 0 
83300 86 83 83 85 79 80 92 77 0 
83400 88 86 84 86 79 84 91 76 0 
83500 95 87 89 94 93 93 93 87 0 
83600 95 88 91 93 93 96 91 90 0 
83700 92 91 82 91 86 84 84 82 0 
83800 91 90 85 87 85 85 87 82 0 
83900 91 85 87 87 87 90 88 85 0 
84000 83 79 84 88 83 85 91 82 0 
84100 85 81 80 89 83 85 88 83 0 
84200 95 84 87 92 89 92 93 90 0 
84300 93 85 84 90 89 92 94 88 0 
84400 91 86 88 90 87 92 92 86 0 
84500 87 80 86 83 84 85 90 82 0 
84600 90 84 87 87 83 85 96 82 0 
84700 92 90 87 91 85 92 85 84 2 
84800 92 87 91 95 89 92 84 87 0 
84900 92 82 87 93 85 88 92 83 0 
85000 90 84 82 90 84 88 88 83 0 
85100 92 79 79 86 79 87 88 76 0 
85200 89 88 83 87 82 87 90 78 2 
85300 86 91 81 85 84 89 85 81 1 
85400 91 80 79 92 85 85 91 86 0 
85500 91 89 89 96 88 89 95 86 0 
85600 91 85 87 94 85 91 92 87 0 
85700 88 80 85 89 85 92 92 86 0 
85800 97 89 87 96 91 93 95 90 0 
85900 88 88 82 88 85 91 91 84 0 
86000 88 83 85 88 84 92 93 86 0 
86100 96 92 96 97 91 95 95 92 0 
86200 87 86 84 88 84 92 87 82 0 
86300 80 73 78 84 77 85 91 78 0 
86400 88 87 86 87 86 89 88 86 0 
86500 87 85 88 89 82 87 95 82 0 
86600 85 87 88 88 82 93 93 82 0 
86700 95 91 90 92 90 94 95 90 0 
86800 86 85 80 82 74 85 84 74 0 
86900 93 91 94 92 90 94 95 91 0 
87000 91 82 83 80 82 86 90 77 0 
87100 84 78 80 83 79 83 93 76 1 
87200 91 87 89 92 91 93 93 91 0 
87300 86 82 77 83 78 85 85 77 0 
87400 90 79 82 84 85 83 92 80 0 
87500 83 86 80 85 81 86 86 78 0 
87600 92 89 85 89 86 91 91 87 0 
87700 88 85 80 87 83 88 93 82 0 
87800 89 85 86 92 87 93 88 82 0 
87900 91 78 77 86 83 86 91 80 0 
88000 89 80 81 87 82 84 86 81 0 
88100 92 87 85 90 84 86 94 83 0 
88200 88 81 77 85 83 85 97 80 0 
88300 90 84 83 89 83 86 91 79 0 
88400 90 82 82 86 84 89 91 79 0 
88500 88 87 87 86 81 85 92 79 0 
88600 89 84 82 89 82 93 88 84 0 
88700 84 87 85 85 81 93 90 79 0 
88800 92 88 87 90 87 90 89 85 0 
88900 85 83 86 89 81 87 90 81 1 
89000 87 87 88 92 85 87 94 85 0 
89100 89 76 80 87 84 92 90 82 0 
89200 95 80 83 90 86 89 94 85 0 
89300 94 91 90 92 89 94 97 88 0 
89400 92 94 93 95 89 94 90 89 0 
89500 96 84 84 93 85 92 98 85 0 
89600 89 84 86 90 82 91 90 82 0 
89700 92 91 85 88 82 87 90 81 0 
89800 90 87 83 89 82 85 88 78 0 
89900 90 87 83 86 81 86 88 78 0 
90000 91 84 83 88 84 85 89 81 0 
90100 87 85 77 89 84 87 90 82 0 
90200 85 84 78 84 79 87 84 74 0 
90300 91 89 88 92 89 91 92 87 0 
90400 90 83 82 89 82 83 91 82 0 
90500 96 84 84 91 91 89 93 89 0 
90600 86 79 79 84 80 85 91 80 0 
90700 89 88 83 90 84 88 89 81 0 
90800 86 81 88 87 85 89 95 85 0 
90900 95 85 91 90 91 96 94 88 0 
91000 88 86 92 88 83 91 98 83 0 
91100 90 84 82 88 84 86 91 81 0 
91200 92 89 84 90 90 91 93 86 0 
91300 91 85 91 96 86 91 97 85 0 
91400 91 87 85 90 81 90 92 81 0 
91500 84 81 82 93 78 84 88 79 0 
91600 89 82 91 93 85 88 94 85 1 
91700 85 79 80 85 78 82 95 76 0 
91800 86 83 80 88 83 85 90 83 1 
91900 87 81 85 88 87 89 89 87 0 
92000 84 80 76 87 78 84 91 74 1 
92100 91 86 85 89 84 89 91 81 1 
92200 90 86 84 90 90 94 91 89 0 
92300 96 88 90 90 87 91 93 87 0 
92400 91 85 87 88 84 90 91 83 0 
92500 91 85 87 91 88 94 93 88 0 
92600 94 83 88 93 94 95 98 92 0 
92700 91 81 80 90 84 87 90 85 0 
92800 88 84 85 85 79 85 87 77 0 
92900 86 72 78 81 76 86 87 75 1 
93000 93 84 84 88 80 82 87 79 2 
93100 85 84 82 89 80 88 91 77 0 
93200 90 87 83 85 84 89 93 83 0 
93300 92 78 76 87 81 87 86 81 0 
93400 93 91 87 92 89 96 87 88 0 
93500 84 85 82 89 82 88 89 82 0 
93600 87 83 89 89 82 85 86 81 0 
93700 97 94 94 97 94 95 92 96 0 
93800 84 75 73 81 75 85 85 72 1 
93900 92 85 80 91 87 87 92 85 1 
94000 94 78 78 84 82 86 86 77 0 
94100 94 87 81 92 84 87 88 79 1 
94200 92 85 86 89 85 85 85 81 0 
94300 88 81 83 91 83 90 85 81 0 
94400 88 81 84 86 77 84 88 77 0 
94500 91 89 86 91 84 88 89 85 2 
94600 86 83 84 92 76 87 91 78 1 
94700 88 85 87 88 83 84 89 82 0 
94800 87 80 85 89 80 86 85 78 0 
94900 94 78 84 91 86 93 91 85 0 
95000 91 88 85 93 88 94 94 90 0 
95100 85 79 75 88 78 89 87 81 0 
95200 89 79 80 90 87 89 92 86 6 
95300 93 86 90 95 92 93 95 89 8 
95400 89 82 88 91 89 93 89 81 19 
95500 90 80 72 84 78 87 79 74 28 
95600 96 91 87 92 89 93 90 86 38 
95700 91 88 84 91 89 94 90 78 45 
95800 87 78 77 83 82 89 84 75 45 
95900 98 87 92 95 90 94 94 84 62 
96000 98 90 94 92 92 91 94 86 66 
96100 89 83 85 87 86 90 93 79 66 
96200 91 88 89 94 94 96 92 89 73 
96300 94 91 87 96 95 94 95 85 66 
96400 91 82 75 84 87 90 90 78 63 
96500 91 80 77 83 86 94 91 82 72 
96600 84 77 80 85 82 87 84 74 69 
96700 98 87 94 98 96 97 98 93 85 
96800 84 73 77 86 81 89 87 75 67 
96900 91 84 87 90 85 88 90 78 76 
97000 88 80 84 87 84 89 88 83 77 
97100 92 83 87 90 89 93 90 88 84 
97200 98 89 94 91 90 93 92 89 88 
97300 92 85 85 91 89 94 90 85 81 
97400 86 76 82 87 86 91 87 81 80 
97500 90 79 87 89 89 95 89 84 79 
97600 90 81 82 82 80 90 84 74 73 
97700 88 82 82 89 87 93 90 82 80 
97800 89 71 75 81 80 91 82 73 66 
97900 94 81 78 94 90 92 91 83 73 
98000 88 79 80 84 81 88 88 81 77 
98100 92 79 95 93 90 98 89 87 80 
98200 90 89 88 93 87 92 90 79 78 
98300 92 85 83 90 85 94 89 80 75 
98400 89 84 83 88 84 88 85 80 71 
98500 96 87 88 92 92 91 95 86 82 
98600 92 84 83 88 84 86 89 74 68 
98700 97 85 89 95 92 91 94 86 83 
98800 81 71 81 85 82 92 87 78 72 
98900 88 78 82 85 84 94 89 81 75 
99000 94 83 90 90 87 95 94 85 85 
99100 88 76 79 83 81 83 86 72 72 
99200 89 77 80 91 87 93 88 79 77 
99300 94 88 85 93 87 87 90 80 79 
99400 85 76 70 79 76 87 85 69 65 
99500 94 84 84 93 88 91 93 85 82 
99600 92 85 87 91 91 94 91 88 84 
99700 94 86 88 90 92 95 90 83 81 
99800 91 66 71 83 81 87 83 73 72 
99900 84 73 76 82 80 93 86 75 70 
100000 90 80 84 85 86 85 92 78 76 
