# Avida tasks data
# Mon Mar  6 22:55:10 2023
# First column gives the current update, next columns give the number
# of organisms that have the particular task as a component of their merit
#  1: Update
#  2: Not
#  3: Nand
#  4: And
#  5: OrNot
#  6: Or
#  7: AndNot
#  8: Nor
#  9: Xor
# 10: Equals

0 0 0 0 0 0 0 0 0 0 
100 0 0 0 0 0 0 0 0 0 
200 0 0 0 0 0 0 0 0 0 
300 0 0 0 0 0 0 0 0 0 
400 0 0 0 0 0 0 0 0 0 
500 0 0 0 0 0 0 0 0 0 
600 0 0 0 0 0 0 0 0 0 
700 0 0 0 0 0 0 0 0 0 
800 0 0 0 0 0 0 0 0 0 
900 0 0 0 0 0 0 0 0 0 
1000 0 0 0 0 0 0 0 0 0 
1100 0 0 0 0 0 0 0 0 0 
1200 0 0 0 0 0 0 0 0 0 
1300 0 0 0 0 0 0 0 0 0 
1400 0 0 0 0 0 0 0 0 0 
1500 0 0 0 0 0 0 0 0 0 
1600 0 0 0 0 0 0 0 0 0 
1700 0 0 0 0 0 0 0 0 0 
1800 7 0 0 1 0 0 0 0 0 
1900 47 0 0 4 0 0 0 0 0 
2000 78 0 0 0 0 0 0 0 0 
2100 83 0 0 0 0 0 0 0 0 
2200 83 0 0 0 0 0 0 0 0 
2300 88 0 0 0 0 0 0 0 0 
2400 87 0 0 0 0 0 0 0 0 
2500 83 0 0 0 0 0 0 0 0 
2600 81 0 0 0 0 0 0 0 0 
2700 84 0 0 0 0 0 0 0 0 
2800 90 0 0 0 0 0 0 0 0 
2900 84 0 0 0 0 0 0 0 0 
3000 85 0 0 0 0 0 0 0 0 
3100 84 0 0 0 0 0 0 0 0 
3200 81 0 0 0 0 0 0 0 0 
3300 93 0 0 0 0 0 0 0 0 
3400 80 0 0 0 0 0 0 0 0 
3500 85 0 0 0 0 0 0 0 0 
3600 78 0 0 0 0 0 0 0 0 
3700 80 0 0 0 0 0 0 0 0 
3800 89 0 0 0 0 0 0 0 0 
3900 85 0 0 0 0 0 0 0 0 
4000 71 0 0 0 0 0 0 0 0 
4100 82 0 0 0 0 0 0 0 0 
4200 72 0 0 0 0 0 0 0 0 
4300 77 0 0 0 0 0 0 0 0 
4400 83 0 0 0 0 0 0 0 0 
4500 90 0 0 0 0 0 0 0 0 
4600 82 0 0 0 0 0 0 0 0 
4700 80 0 0 0 0 0 0 0 0 
4800 92 0 0 0 0 0 0 0 0 
4900 86 0 0 0 0 0 0 0 0 
5000 83 0 0 0 0 0 0 0 0 
5100 82 0 0 0 0 0 0 0 0 
5200 80 0 0 0 0 0 0 0 0 
5300 91 0 0 0 0 0 0 0 0 
5400 77 0 0 0 0 0 0 0 0 
5500 82 0 0 0 0 0 0 0 0 
5600 79 0 0 0 0 0 0 0 0 
5700 83 0 0 0 0 0 0 0 0 
5800 93 0 0 0 0 0 0 0 0 
5900 82 0 0 0 0 0 0 0 0 
6000 65 0 0 0 0 0 0 0 0 
6100 81 0 0 0 0 0 0 0 0 
6200 86 0 0 0 0 0 0 0 0 
6300 87 0 0 0 0 0 0 0 0 
6400 90 0 0 0 0 0 0 0 0 
6500 90 0 0 0 0 0 0 0 0 
6600 83 0 0 0 0 0 0 0 0 
6700 76 0 0 0 0 0 0 0 0 
6800 88 0 0 0 0 0 0 0 0 
6900 86 0 0 0 0 0 0 0 0 
7000 81 0 0 0 0 0 0 0 0 
7100 92 0 0 0 0 0 0 0 0 
7200 88 0 0 0 0 0 0 0 0 
7300 85 0 0 0 0 0 0 0 0 
7400 85 0 0 0 0 0 0 0 0 
7500 79 0 0 0 0 0 0 0 0 
7600 78 0 0 0 0 0 0 0 0 
7700 82 0 0 0 0 0 0 0 0 
7800 88 0 0 0 0 0 0 0 0 
7900 80 0 0 0 0 0 0 0 0 
8000 83 0 0 0 0 0 0 0 0 
8100 87 0 0 0 0 0 0 0 0 
8200 84 0 0 0 0 0 0 0 0 
8300 77 0 0 0 0 0 0 0 0 
8400 85 0 0 0 0 0 0 0 0 
8500 91 0 0 0 0 0 0 0 0 
8600 87 0 0 0 0 0 0 0 0 
8700 71 0 0 0 0 0 0 0 0 
8800 83 0 0 0 0 0 0 0 0 
8900 76 0 0 0 0 0 0 0 0 
9000 92 68 0 0 0 0 0 0 0 
9100 87 94 0 0 0 0 0 0 0 
9200 77 95 0 0 0 0 0 0 0 
9300 87 94 0 0 0 0 0 0 0 
9400 82 94 0 70 0 0 0 0 0 
9500 88 93 0 80 0 0 0 0 0 
9600 88 93 0 74 0 3 0 0 0 
9700 87 95 2 58 27 2 0 0 0 
9800 90 94 0 15 65 0 0 0 0 
9900 91 98 0 11 76 0 0 0 0 
10000 93 96 0 2 84 0 0 0 0 
10100 93 98 0 0 92 0 0 0 0 
10200 84 97 0 4 81 0 0 0 0 
10300 83 97 0 2 77 0 0 0 0 
10400 81 95 0 3 79 0 0 0 0 
10500 91 87 0 4 82 2 0 0 0 
10600 85 90 0 1 78 0 0 0 0 
10700 82 95 0 14 83 0 0 0 0 
10800 88 91 0 70 90 0 0 0 0 
10900 89 87 0 93 78 0 0 0 0 
11000 90 92 0 91 83 0 0 0 0 
11100 80 95 0 92 80 0 0 0 0 
11200 87 93 0 96 81 0 0 0 0 
11300 91 96 0 97 84 0 0 0 0 
11400 86 96 0 96 74 0 0 0 0 
11500 85 91 0 91 81 0 0 0 0 
11600 91 97 0 95 85 0 0 0 0 
11700 86 92 0 89 83 0 0 0 0 
11800 86 95 0 86 84 0 0 0 0 
11900 87 90 0 93 78 0 0 0 0 
12000 84 89 0 89 77 0 0 0 0 
12100 90 95 0 87 85 0 0 0 0 
12200 94 95 0 88 86 2 0 0 0 
12300 90 97 0 87 80 0 0 0 0 
12400 80 89 0 81 73 0 0 0 0 
12500 96 99 0 96 91 0 0 0 0 
12600 88 97 0 86 85 0 0 0 0 
12700 83 81 0 80 77 0 0 0 0 
12800 76 85 0 70 68 0 0 0 0 
12900 92 94 0 95 87 0 0 0 0 
13000 85 91 0 85 80 0 0 0 0 
13100 88 90 0 86 77 0 0 0 0 
13200 88 92 0 84 80 0 0 0 0 
13300 91 94 0 89 90 0 0 0 0 
13400 87 87 0 79 77 0 0 0 0 
13500 94 93 0 91 83 0 0 0 0 
13600 88 95 0 86 83 1 0 0 0 
13700 93 95 0 88 92 0 0 0 0 
13800 88 92 0 84 86 0 0 0 0 
13900 81 87 0 76 71 0 0 0 0 
14000 91 87 0 83 82 0 0 0 0 
14100 93 93 0 87 88 1 0 0 0 
14200 89 96 0 84 82 2 0 0 0 
14300 91 93 0 85 84 0 0 0 0 
14400 88 95 0 79 80 0 0 0 0 
14500 88 91 0 84 82 0 0 0 0 
14600 93 95 0 85 84 0 0 0 0 
14700 85 88 0 84 83 0 0 0 0 
14800 83 86 0 81 79 0 0 0 0 
14900 91 83 0 82 76 0 0 0 0 
15000 88 90 1 85 84 0 0 0 0 
15100 90 97 0 91 88 0 0 0 0 
15200 89 91 0 78 81 0 0 0 0 
15300 91 87 0 78 77 0 0 0 0 
15400 91 91 0 87 87 0 0 0 0 
15500 94 86 0 87 78 0 0 0 0 
15600 97 97 0 91 87 0 0 0 0 
15700 93 96 0 93 82 0 0 0 0 
15800 93 91 0 85 80 0 0 0 0 
15900 95 92 0 90 83 0 0 0 0 
16000 95 92 0 81 76 0 0 0 0 
16100 94 92 0 87 77 0 0 0 0 
16200 94 98 0 88 86 0 0 0 0 
16300 88 90 0 84 74 0 0 0 0 
16400 91 94 0 90 86 0 0 0 0 
16500 96 96 0 87 84 0 0 0 0 
16600 97 96 0 94 94 0 0 0 0 
16700 87 95 0 83 81 0 0 0 0 
16800 88 84 1 77 79 0 0 0 0 
16900 88 89 0 87 81 0 0 0 0 
17000 97 98 0 96 92 0 0 0 0 
17100 94 92 0 85 82 0 0 0 0 
17200 90 95 0 87 86 1 0 0 0 
17300 84 90 0 82 76 0 0 0 0 
17400 86 94 0 84 80 0 0 0 0 
17500 90 90 0 89 79 0 0 0 0 
17600 90 95 0 82 81 0 0 0 0 
17700 85 95 0 87 83 0 0 0 0 
17800 86 89 0 84 77 0 0 0 0 
17900 93 98 0 89 84 0 0 0 0 
18000 87 90 0 88 79 0 0 0 0 
18100 88 95 0 85 80 0 0 0 0 
18200 82 91 0 82 84 0 0 0 0 
18300 87 95 0 78 74 0 0 0 0 
18400 94 92 0 93 89 0 0 0 0 
18500 88 94 0 84 79 0 0 0 0 
18600 88 93 0 88 83 0 0 0 0 
18700 81 90 0 82 78 0 0 0 0 
18800 92 97 0 88 81 0 0 0 0 
18900 95 96 0 89 89 0 0 0 0 
19000 91 87 0 87 82 0 0 0 0 
19100 83 87 0 83 77 0 0 0 0 
19200 87 93 0 85 82 0 0 0 0 
19300 88 91 0 89 85 0 0 0 0 
19400 84 89 0 81 73 0 0 0 0 
19500 95 95 1 83 83 0 0 0 0 
19600 81 92 2 79 81 0 0 0 0 
19700 87 90 0 82 77 2 0 0 0 
19800 92 92 0 88 85 0 0 0 0 
19900 84 91 0 82 71 0 0 0 0 
20000 86 87 0 83 73 0 0 0 0 
20100 88 95 0 89 86 0 0 0 0 
20200 96 93 0 91 79 0 0 0 0 
20300 88 90 0 80 78 0 0 0 0 
20400 86 92 0 84 79 0 0 0 0 
20500 86 87 0 83 79 0 0 0 0 
20600 84 89 0 87 82 0 0 0 0 
20700 95 96 1 93 95 0 0 0 0 
20800 87 91 0 86 76 0 0 0 0 
20900 90 95 0 84 81 0 0 0 0 
21000 87 92 0 85 82 0 0 0 0 
21100 91 94 0 87 88 0 0 0 0 
21200 89 92 0 87 77 0 0 0 0 
21300 85 94 0 81 74 0 0 0 0 
21400 86 93 0 86 86 0 0 0 0 
21500 86 89 0 86 79 0 0 0 0 
21600 83 91 2 85 80 0 0 0 0 
21700 83 93 0 84 79 0 0 0 0 
21800 83 90 0 82 80 0 0 0 0 
21900 77 92 0 81 77 0 0 0 0 
22000 84 93 0 81 76 0 0 0 0 
22100 88 90 0 80 74 0 0 0 0 
22200 85 97 0 85 80 0 0 0 0 
22300 85 92 0 80 75 0 0 0 0 
22400 85 95 0 78 82 0 0 0 0 
22500 89 91 0 88 76 0 0 0 0 
22600 86 91 0 84 76 0 0 0 0 
22700 92 90 0 89 84 0 0 0 0 
22800 90 92 0 89 84 0 0 0 0 
22900 86 83 0 82 77 0 0 0 0 
23000 90 96 0 87 80 0 0 0 0 
23100 92 98 0 90 87 0 0 0 0 
23200 88 90 0 75 72 0 0 0 0 
23300 86 93 0 86 80 0 0 0 0 
23400 91 92 0 82 83 0 0 0 0 
23500 93 91 0 86 79 0 0 0 0 
23600 91 89 0 84 84 0 0 0 0 
23700 89 92 0 85 78 0 0 0 0 
23800 89 98 0 86 86 0 0 0 0 
23900 77 87 0 72 77 0 0 0 0 
24000 84 94 0 85 80 0 0 0 0 
24100 95 97 0 90 88 0 0 0 0 
24200 91 91 0 89 84 0 0 0 0 
24300 84 96 0 87 82 0 0 0 0 
24400 82 88 0 85 78 0 0 0 0 
24500 90 90 0 84 86 0 0 0 0 
24600 88 90 0 88 81 0 0 0 0 
24700 91 94 0 87 87 0 0 0 0 
24800 85 97 0 81 84 0 0 0 0 
24900 84 89 0 80 74 0 0 0 0 
25000 77 86 0 81 76 0 0 0 0 
25100 87 94 0 86 77 0 0 0 0 
25200 91 92 0 90 80 0 0 0 0 
25300 90 93 1 86 82 0 0 0 0 
25400 94 96 0 84 88 0 0 0 0 
25500 82 90 0 83 77 0 0 0 0 
25600 91 93 0 90 88 0 0 0 0 
25700 84 89 0 83 78 0 0 0 0 
25800 93 90 0 87 87 0 0 0 0 
25900 85 86 1 87 73 0 0 0 0 
26000 90 93 0 87 80 0 0 0 0 
26100 92 94 0 92 88 0 0 0 0 
26200 85 91 0 82 80 0 0 0 0 
26300 87 91 1 88 83 0 0 0 0 
26400 93 94 0 91 85 0 0 0 0 
26500 90 92 0 91 85 0 0 0 0 
26600 87 87 0 83 74 0 0 0 0 
26700 84 91 0 83 77 0 0 0 0 
26800 81 88 0 78 77 0 0 0 0 
26900 87 96 0 83 80 0 0 0 0 
27000 92 92 0 84 86 0 0 0 0 
27100 83 89 0 80 79 0 0 0 0 
27200 86 93 0 85 83 0 0 0 0 
27300 82 89 0 79 80 0 0 0 0 
27400 85 93 0 85 81 0 0 0 0 
27500 86 96 0 89 83 0 0 0 0 
27600 94 98 0 91 90 0 0 0 0 
27700 83 89 0 83 78 0 0 0 0 
27800 85 88 0 86 79 0 0 0 0 
27900 92 91 0 87 82 0 0 0 0 
28000 87 90 0 78 81 0 0 0 0 
28100 90 96 0 88 75 0 0 0 0 
28200 84 89 1 84 78 0 0 0 0 
28300 98 97 0 89 79 0 0 0 0 
28400 86 92 0 86 78 0 0 0 0 
28500 86 92 0 85 85 0 0 0 0 
28600 87 89 0 85 83 0 0 0 0 
28700 86 89 0 84 77 0 0 0 0 
28800 83 91 1 81 75 0 0 0 0 
28900 88 88 0 89 85 0 0 0 0 
29000 85 89 0 81 83 0 0 0 0 
29100 95 96 0 90 84 0 0 0 0 
29200 95 99 0 91 84 0 0 0 0 
29300 83 92 0 79 80 0 0 0 0 
29400 85 85 0 73 73 0 0 0 0 
29500 88 96 0 84 82 0 0 0 0 
29600 90 94 0 87 83 0 0 0 0 
29700 83 89 0 83 75 0 0 0 0 
29800 89 92 0 87 85 0 0 0 0 
29900 83 96 0 82 78 0 0 0 0 
30000 86 94 0 85 82 0 0 0 0 
30100 87 93 0 81 80 0 0 0 0 
30200 90 93 0 83 77 0 0 0 0 
30300 86 88 0 82 76 0 0 0 0 
30400 89 94 0 84 80 0 0 0 0 
30500 89 96 0 85 85 0 0 0 0 
30600 90 93 0 89 88 0 0 0 0 
30700 85 88 0 84 81 0 0 0 0 
30800 88 93 0 85 81 0 0 0 0 
30900 91 93 0 87 82 0 0 0 0 
31000 93 93 0 87 85 0 0 0 0 
31100 93 90 0 90 79 0 0 0 0 
31200 82 88 0 79 78 0 0 0 0 
31300 92 93 0 93 90 0 0 0 0 
31400 93 91 0 83 85 0 0 0 0 
31500 84 92 0 74 73 0 0 0 0 
31600 87 91 0 86 84 0 0 0 0 
31700 96 93 0 87 84 0 0 0 0 
31800 89 97 0 89 81 0 0 0 0 
31900 88 96 0 87 89 0 0 0 0 
32000 92 87 0 86 80 0 0 0 0 
32100 95 98 0 93 92 0 0 0 0 
32200 87 94 0 84 85 0 0 0 0 
32300 93 94 0 90 83 0 0 0 0 
32400 87 96 0 86 89 0 0 0 0 
32500 86 90 0 81 81 0 0 0 0 
32600 90 93 0 84 80 1 0 0 0 
32700 89 99 0 86 85 0 0 0 0 
32800 89 91 0 80 76 0 0 0 0 
32900 80 89 0 76 75 0 0 0 0 
33000 93 90 0 86 88 0 0 0 0 
33100 90 96 0 89 81 0 0 0 0 
33200 92 94 0 91 85 0 0 0 0 
33300 91 89 0 87 78 0 0 0 0 
33400 92 91 0 85 87 0 0 0 0 
33500 96 93 0 91 85 0 0 0 0 
33600 88 91 0 85 80 0 0 0 0 
33700 87 81 0 82 79 0 0 0 0 
33800 92 89 0 85 81 0 0 0 0 
33900 97 92 0 74 85 0 18 0 0 
34000 82 83 0 25 78 0 52 0 0 
34100 91 88 0 15 83 0 71 0 0 
34200 87 94 0 6 80 0 75 0 0 
34300 81 90 0 3 71 1 69 0 0 
34400 92 91 0 2 83 0 82 0 0 
34500 93 94 0 5 86 0 82 0 0 
34600 89 92 0 4 79 0 81 0 0 
34700 87 91 0 5 82 0 80 0 0 
34800 91 89 0 1 79 0 78 0 0 
34900 89 89 0 2 80 0 80 0 0 
35000 88 94 0 1 85 0 77 0 0 
35100 82 94 0 5 76 0 71 0 0 
35200 94 93 0 4 86 0 89 0 0 
35300 83 89 0 4 67 1 72 0 0 
35400 94 91 0 5 74 1 79 0 0 
35500 86 90 1 5 78 0 80 0 0 
35600 87 94 0 3 82 0 81 0 0 
35700 90 88 0 5 76 0 81 0 0 
35800 90 89 0 1 80 1 79 0 0 
35900 85 91 0 4 75 0 79 0 0 
36000 90 90 0 6 77 0 81 0 0 
36100 93 93 0 2 86 0 90 0 0 
36200 83 89 0 2 78 0 77 0 0 
36300 88 93 0 1 86 0 83 0 0 
36400 89 93 0 2 83 0 86 0 0 
36500 82 90 0 8 73 0 76 0 0 
36600 86 90 0 1 81 0 80 0 0 
36700 90 91 0 7 82 0 82 0 0 
36800 86 95 0 1 79 0 80 0 0 
36900 87 89 0 6 83 0 78 0 0 
37000 81 89 0 3 78 0 77 0 0 
37100 91 95 0 5 86 2 82 0 0 
37200 89 97 0 5 85 0 81 0 0 
37300 92 85 1 3 77 0 81 0 0 
37400 83 91 0 4 70 0 80 0 0 
37500 92 92 0 1 79 0 85 0 0 
37600 92 95 0 5 85 1 84 0 0 
37700 90 86 0 7 75 0 80 0 0 
37800 78 81 0 8 67 0 70 0 0 
37900 85 94 0 13 77 0 75 0 0 
38000 90 94 0 2 77 0 77 0 0 
38100 88 89 0 5 79 0 74 0 0 
38200 84 87 0 6 81 0 71 0 0 
38300 94 94 0 8 78 0 86 0 0 
38400 83 93 2 3 76 2 74 0 0 
38500 94 93 0 11 78 0 85 0 0 
38600 86 87 0 3 75 0 78 0 0 
38700 84 93 0 5 82 0 79 0 0 
38800 75 86 0 7 66 0 67 0 0 
38900 83 85 0 0 74 0 73 0 0 
39000 87 94 1 2 76 1 72 0 0 
39100 88 88 1 2 80 0 80 0 0 
39200 90 94 0 2 87 0 82 0 0 
39300 88 94 0 6 76 3 78 0 0 
39400 85 92 0 3 81 0 79 0 0 
39500 90 94 0 8 78 0 85 0 0 
39600 86 95 0 8 77 0 77 0 0 
39700 89 95 0 11 77 0 84 0 0 
39800 77 86 0 5 73 0 70 0 0 
39900 85 85 0 0 78 0 72 0 0 
40000 89 95 1 6 84 0 82 0 0 
40100 83 93 0 3 73 0 73 0 0 
40200 94 99 0 5 91 0 88 0 0 
40300 86 97 0 9 78 0 73 0 0 
40400 83 90 0 9 78 0 74 0 0 
40500 86 97 0 4 83 0 85 0 0 
40600 84 94 0 1 78 0 76 0 0 
40700 86 90 0 1 81 0 77 0 0 
40800 88 92 0 6 84 0 77 0 0 
40900 83 93 0 4 74 0 76 0 0 
41000 89 92 0 5 79 0 80 0 0 
41100 89 97 0 5 83 0 85 0 0 
41200 91 92 0 1 82 0 81 0 0 
41300 93 93 0 5 86 0 79 0 0 
41400 90 94 0 4 84 0 77 0 0 
41500 83 96 0 6 78 0 76 0 0 
41600 92 98 0 5 84 0 89 0 0 
41700 94 96 0 0 95 0 89 0 0 
41800 91 95 0 4 82 0 81 0 0 
41900 91 92 0 6 82 0 87 0 0 
42000 81 90 1 4 76 0 72 0 0 
42100 89 94 0 2 86 0 83 0 0 
42200 90 95 0 4 83 0 81 0 0 
42300 83 90 0 8 74 0 75 0 0 
42400 82 86 0 2 73 1 68 0 0 
42500 87 97 0 8 78 0 80 0 0 
42600 79 90 0 2 75 0 70 0 0 
42700 89 95 0 3 85 0 84 0 0 
42800 88 93 0 2 78 0 83 0 0 
42900 90 95 0 0 87 0 86 0 0 
43000 79 94 0 6 72 1 77 0 0 
43100 84 91 0 2 82 0 80 0 0 
43200 91 92 0 4 82 0 79 0 0 
43300 84 91 0 5 80 0 81 0 0 
43400 83 91 0 6 80 0 79 0 0 
43500 87 92 1 1 87 0 83 0 0 
43600 88 90 0 7 79 0 82 0 0 
43700 92 93 0 6 81 3 81 0 0 
43800 80 90 0 8 73 0 71 0 0 
43900 90 94 0 4 78 1 78 0 0 
44000 87 97 0 6 81 0 81 0 0 
44100 85 93 0 9 79 0 78 0 0 
44200 88 95 0 6 82 2 82 0 0 
44300 80 89 0 5 81 0 80 0 0 
44400 82 91 0 1 74 0 70 0 0 
44500 89 94 0 4 82 0 84 0 0 
44600 91 91 0 1 84 0 85 0 0 
44700 94 93 0 4 83 0 84 0 0 
44800 82 95 0 8 78 0 76 0 0 
44900 85 85 0 5 82 0 80 0 0 
45000 84 92 0 2 83 0 80 0 0 
45100 95 92 0 2 87 0 84 0 0 
45200 85 93 0 2 81 2 77 0 0 
45300 83 92 0 2 84 0 75 0 0 
45400 86 91 0 2 86 0 83 0 0 
45500 89 92 0 3 85 0 79 0 0 
45600 84 92 0 3 78 0 74 0 0 
45700 87 94 0 2 84 0 84 0 0 
45800 82 85 0 9 73 0 70 0 0 
45900 88 87 0 4 87 0 82 0 0 
46000 86 90 0 4 84 0 85 0 0 
46100 83 91 0 2 78 0 76 0 0 
46200 82 84 0 2 77 0 76 0 0 
46300 85 85 1 6 78 0 73 0 0 
46400 85 89 0 6 76 0 78 0 0 
46500 92 93 0 3 82 0 81 0 0 
46600 88 88 0 4 84 0 83 0 0 
46700 87 96 0 2 80 0 78 0 0 
46800 83 96 0 4 83 0 77 0 0 
46900 90 92 0 8 82 0 83 0 0 
47000 90 90 1 36 76 0 84 0 0 
47100 84 87 2 62 73 0 70 0 0 
47200 94 95 0 78 90 0 89 0 0 
47300 91 91 0 64 78 0 77 0 0 
47400 91 96 0 71 79 0 85 0 0 
47500 86 88 0 79 73 0 73 0 0 
47600 90 93 0 76 77 1 79 0 0 
47700 87 91 0 78 84 0 79 0 0 
47800 95 96 0 79 89 0 88 0 0 
47900 95 91 0 77 79 2 78 0 0 
48000 93 89 0 65 77 0 77 0 0 
48100 85 87 0 80 70 0 71 0 0 
48200 85 87 1 68 74 0 79 0 0 
48300 94 93 2 81 83 0 85 0 0 
48400 88 89 0 70 80 0 77 0 0 
48500 93 92 0 75 90 0 84 0 0 
48600 95 93 1 81 84 0 85 0 0 
48700 89 87 0 72 81 0 79 0 0 
48800 90 94 2 69 72 1 78 0 0 
48900 92 92 0 75 80 0 82 0 0 
49000 89 91 0 76 78 0 79 0 0 
49100 90 90 0 73 84 0 79 0 0 
49200 85 88 1 66 79 0 73 0 0 
49300 97 93 0 79 80 0 80 0 0 
49400 95 98 0 78 89 0 82 0 0 
49500 94 97 0 79 93 0 89 0 0 
49600 95 90 0 77 79 0 80 0 0 
49700 90 79 0 70 74 0 74 0 0 
49800 85 92 0 66 76 0 71 0 0 
49900 85 93 0 70 70 0 73 0 0 
50000 90 91 1 62 65 0 75 0 0 
50100 90 94 0 74 78 0 81 0 0 
50200 94 94 0 77 86 0 81 0 0 
50300 90 93 0 77 87 0 84 0 0 
50400 93 94 0 81 84 0 80 0 0 
50500 96 91 0 84 87 0 83 0 0 
50600 86 87 0 73 73 0 72 0 0 
50700 91 91 0 83 85 0 83 0 0 
50800 94 96 0 87 91 0 87 0 0 
50900 88 88 0 69 79 0 74 0 0 
51000 85 92 0 63 74 0 73 0 0 
51100 92 91 0 66 78 0 79 0 0 
51200 91 93 0 68 82 1 84 0 0 
51300 91 96 0 64 89 0 87 0 0 
51400 93 92 0 69 84 0 79 0 0 
51500 85 95 0 78 81 0 80 0 0 
51600 86 88 1 72 77 0 76 0 0 
51700 90 98 1 82 88 0 80 0 0 
51800 90 94 0 86 81 0 87 0 0 
51900 88 92 2 70 82 0 84 0 0 
52000 81 89 0 67 70 0 64 0 0 
52100 86 97 0 61 80 0 76 0 0 
52200 86 92 0 72 77 2 72 0 0 
52300 96 97 0 80 87 0 81 0 0 
52400 92 92 0 81 84 0 83 0 0 
52500 93 86 0 76 84 2 81 0 0 
52600 91 86 0 66 79 0 80 0 0 
52700 89 84 0 65 72 0 76 0 0 
52800 88 85 0 70 73 1 75 0 0 
52900 86 91 0 69 79 0 76 0 0 
53000 90 90 0 68 78 0 75 0 0 
53100 87 86 0 70 78 0 83 0 0 
53200 95 93 0 78 85 0 81 0 0 
53300 90 96 0 78 82 0 82 0 0 
53400 86 81 0 60 72 0 68 0 0 
53500 88 89 0 67 77 0 76 0 0 
53600 90 88 0 69 71 2 74 0 0 
53700 92 89 0 70 80 0 79 0 0 
53800 90 89 0 68 80 0 73 0 0 
53900 81 87 0 70 79 0 74 0 0 
54000 84 96 0 72 82 1 71 0 0 
54100 89 94 0 71 80 0 81 0 0 
54200 92 87 0 66 78 0 84 0 0 
54300 85 88 0 78 82 0 68 0 0 
54400 87 88 0 79 83 0 79 0 0 
54500 95 90 0 70 83 0 82 0 0 
54600 85 90 0 63 78 0 75 0 0 
54700 85 89 0 68 80 0 72 0 0 
54800 88 94 0 79 84 0 79 0 0 
54900 81 86 0 66 72 0 73 0 0 
55000 95 99 0 77 84 0 89 0 0 
55100 89 94 0 82 86 1 83 0 0 
55200 91 84 0 65 76 0 75 0 0 
55300 87 90 0 69 76 0 73 0 0 
55400 91 90 0 72 81 0 85 0 0 
55500 85 83 0 73 77 0 75 0 0 
55600 91 90 0 72 83 0 82 0 0 
55700 93 90 0 70 80 0 82 0 0 
55800 89 90 2 75 83 0 81 0 0 
55900 94 91 0 67 87 0 86 0 0 
56000 92 97 0 73 90 0 88 0 0 
56100 97 90 0 65 80 0 81 0 0 
56200 92 90 0 76 84 0 82 0 0 
56300 90 98 0 84 87 0 85 0 0 
56400 88 95 0 79 83 0 81 0 0 
56500 86 90 0 78 86 0 84 0 0 
56600 92 91 0 69 86 0 84 0 0 
56700 94 90 0 83 86 0 83 0 0 
56800 96 93 0 79 89 0 86 0 0 
56900 88 90 0 76 78 0 75 0 0 
57000 86 87 0 64 69 0 73 0 0 
57100 96 90 0 74 87 0 89 0 0 
57200 92 77 0 74 73 1 72 0 0 
57300 94 92 0 81 80 0 78 0 0 
57400 93 96 0 73 79 0 77 0 0 
57500 94 91 0 62 86 0 83 0 0 
57600 96 92 0 71 82 0 81 0 0 
57700 93 88 0 59 68 0 80 0 0 
57800 96 99 0 75 82 0 89 0 0 
57900 93 97 0 77 85 0 81 0 0 
58000 94 89 0 75 78 0 81 0 0 
58100 93 91 0 81 81 0 76 0 0 
58200 87 91 0 69 82 0 76 0 0 
58300 93 94 0 81 80 0 79 0 0 
58400 90 94 0 79 82 1 82 0 0 
58500 89 89 1 70 80 0 77 0 0 
58600 89 93 0 81 79 2 77 0 0 
58700 89 90 0 78 82 0 76 0 0 
58800 92 91 0 71 88 0 86 0 0 
58900 90 93 0 71 81 0 82 0 0 
59000 91 93 0 78 85 0 84 0 0 
59100 91 85 0 72 80 0 71 0 0 
59200 91 95 0 73 80 0 77 0 0 
59300 81 87 0 60 64 0 61 0 0 
59400 87 92 0 73 80 0 79 0 0 
59500 89 91 0 68 82 0 79 0 0 
59600 92 88 0 74 85 0 82 0 0 
59700 89 84 0 74 79 0 85 0 0 
59800 92 92 0 81 85 0 82 0 0 
59900 89 88 0 66 83 0 78 0 0 
60000 93 96 0 77 89 0 82 0 0 
60100 84 88 0 66 75 0 72 0 0 
60200 89 92 0 84 86 0 81 0 0 
60300 97 96 0 87 89 0 88 0 0 
60400 86 86 0 60 72 0 73 0 0 
60500 88 94 0 73 80 0 82 0 0 
60600 86 90 0 66 72 0 71 0 0 
60700 88 92 0 70 79 0 77 0 0 
60800 81 92 0 68 81 0 74 0 0 
60900 92 95 1 75 90 0 83 0 0 
61000 87 87 1 73 77 0 76 0 0 
61100 85 90 0 64 71 0 72 0 0 
61200 91 93 0 83 85 0 81 0 0 
61300 88 88 0 75 80 0 78 0 0 
61400 89 90 0 74 77 1 80 0 0 
61500 78 83 0 63 72 0 70 0 0 
61600 90 89 0 71 80 0 79 0 0 
61700 83 90 0 67 77 2 77 0 0 
61800 83 90 0 60 75 1 75 0 0 
61900 90 92 0 71 85 0 84 0 0 
62000 91 89 0 72 87 0 81 0 0 
62100 92 95 0 63 84 1 85 0 0 
62200 91 92 0 73 87 0 81 0 0 
62300 85 83 0 69 78 0 72 0 0 
62400 83 91 0 67 72 0 72 0 0 
62500 94 88 0 77 83 0 79 0 0 
62600 83 88 0 64 71 0 70 0 0 
62700 89 93 0 60 78 0 78 0 0 
62800 93 95 0 80 86 0 86 0 0 
62900 94 93 0 80 89 0 88 0 0 
63000 90 91 0 68 78 0 79 0 0 
63100 89 88 0 74 78 0 76 0 0 
63200 91 94 0 74 87 0 84 0 0 
63300 93 93 0 69 79 0 82 0 0 
63400 96 94 0 65 88 0 81 0 0 
63500 90 90 0 68 83 0 85 0 0 
63600 95 93 0 80 90 0 89 0 0 
63700 90 92 0 84 83 0 81 0 0 
63800 92 92 0 79 85 2 86 0 0 
63900 91 89 0 67 86 0 84 0 0 
64000 92 98 0 70 79 0 81 0 0 
64100 88 96 0 71 82 0 84 0 0 
64200 86 89 0 53 78 0 72 0 0 
64300 89 92 0 62 81 0 76 0 0 
64400 91 91 0 66 80 0 81 0 0 
64500 93 95 0 64 84 0 81 0 0 
64600 96 92 0 77 87 2 79 0 0 
64700 95 95 0 75 82 0 84 0 0 
64800 88 91 0 55 87 0 80 0 0 
64900 92 94 0 71 78 0 84 0 0 
65000 89 94 0 67 77 0 76 0 0 
65100 93 95 0 72 84 0 85 0 0 
65200 88 86 0 61 75 0 77 0 0 
65300 88 90 0 54 77 0 77 0 0 
65400 93 93 0 60 80 0 76 0 0 
65500 90 94 0 70 79 0 80 0 0 
65600 93 97 0 75 79 0 80 0 0 
65700 92 93 0 74 84 0 80 0 0 
65800 96 95 0 80 81 0 83 0 0 
65900 93 98 0 76 84 0 82 0 0 
66000 92 93 0 62 83 0 79 0 0 
66100 93 92 0 57 84 0 83 0 0 
66200 98 96 0 73 79 0 88 0 0 
66300 94 95 0 69 84 0 84 0 0 
66400 95 91 2 71 82 0 81 0 0 
66500 93 89 0 78 80 0 72 0 0 
66600 90 98 0 85 87 0 84 0 0 
66700 87 85 0 71 76 0 75 0 0 
66800 90 92 0 68 84 0 84 0 0 
66900 90 92 0 68 83 0 80 0 0 
67000 88 95 0 76 78 0 77 0 0 
67100 82 87 0 61 71 0 71 0 0 
67200 97 94 0 80 88 0 85 0 0 
67300 87 92 0 61 75 0 74 0 0 
67400 82 91 0 71 73 0 71 0 0 
67500 85 83 0 72 80 0 76 0 0 
67600 94 90 0 70 87 0 87 0 0 
67700 94 94 0 79 88 0 88 0 0 
67800 93 92 0 68 82 0 78 0 0 
67900 93 95 0 65 86 0 80 0 0 
68000 94 91 0 73 87 0 80 0 0 
68100 95 94 0 85 88 0 84 0 0 
68200 95 97 0 74 82 0 81 0 0 
68300 90 90 0 83 86 0 82 0 0 
68400 89 95 1 68 78 0 82 0 0 
68500 97 96 0 75 82 1 83 0 0 
68600 90 95 0 67 82 0 85 0 0 
68700 91 97 0 72 85 0 80 0 0 
68800 91 97 1 72 80 0 83 0 0 
68900 87 92 0 68 72 2 71 0 0 
69000 89 94 1 72 79 0 78 0 0 
69100 96 95 0 76 86 0 82 0 0 
69200 90 95 0 76 85 0 82 0 0 
69300 91 89 0 66 78 0 77 0 0 
69400 97 93 0 77 83 0 85 0 0 
69500 94 90 0 68 71 0 75 0 0 
69600 93 93 0 85 84 0 84 0 0 
69700 93 88 0 63 82 55 80 0 0 
69800 89 89 0 72 80 74 76 0 0 
69900 89 86 0 67 68 77 72 0 0 
70000 94 95 0 76 78 83 86 0 0 
70100 94 92 0 70 80 80 78 0 0 
70200 90 87 1 58 81 70 76 0 0 
70300 95 92 0 63 76 86 81 0 0 
70400 92 88 0 71 80 87 83 0 0 
70500 92 94 0 81 83 89 79 0 0 
70600 92 89 0 76 86 79 84 0 0 
70700 91 90 0 85 79 89 82 0 0 
70800 89 91 1 81 81 90 82 0 0 
70900 88 89 0 75 80 83 75 0 0 
71000 95 94 0 77 84 84 85 0 0 
71100 94 88 0 70 82 81 83 0 0 
71200 92 91 0 75 84 86 81 0 0 
71300 89 91 0 72 83 83 75 0 0 
71400 89 82 0 72 79 79 74 0 0 
71500 95 88 0 66 83 85 84 0 0 
71600 96 96 0 83 91 95 90 0 0 
71700 92 84 0 67 78 84 79 0 0 
71800 94 85 8 65 74 80 74 0 0 
71900 92 94 4 83 89 81 86 0 0 
72000 86 89 7 64 79 71 79 0 0 
72100 91 89 0 59 80 65 80 0 0 
72200 93 89 0 71 83 84 79 0 0 
72300 92 89 0 81 84 85 84 0 0 
72400 97 91 0 70 81 76 83 0 0 
72500 92 86 0 75 82 89 80 0 0 
72600 92 94 0 84 87 87 87 0 0 
72700 92 94 0 82 82 87 83 0 0 
72800 95 94 0 76 91 80 92 0 0 
72900 93 92 0 79 83 84 77 0 0 
73000 95 89 0 78 76 81 80 0 0 
73100 93 91 0 82 85 83 81 0 0 
73200 94 89 0 77 84 86 86 0 0 
73300 89 92 0 74 78 83 73 0 0 
73400 93 91 2 71 77 79 80 0 0 
73500 90 95 1 87 76 85 79 0 0 
73600 91 87 0 69 77 79 80 0 0 
73700 80 92 0 80 69 78 71 0 0 
73800 86 86 0 73 75 85 71 0 0 
73900 86 91 0 69 71 78 76 0 0 
74000 89 92 0 85 82 83 83 0 0 
74100 90 93 0 79 82 87 80 0 0 
74200 87 91 0 79 74 75 85 0 0 
74300 89 93 0 80 78 92 83 0 0 
74400 79 92 0 80 72 77 81 0 0 
74500 87 92 1 84 72 88 78 0 0 
74600 93 99 0 94 87 92 88 0 0 
74700 92 93 0 88 76 82 87 0 0 
74800 85 90 2 84 73 82 82 0 0 
74900 93 92 0 85 78 88 82 0 0 
75000 82 96 0 91 78 80 88 0 0 
75100 83 82 0 82 65 81 75 0 0 
75200 93 97 0 85 74 85 81 0 0 
75300 86 93 0 80 75 89 84 0 0 
75400 90 92 1 83 76 89 82 0 0 
75500 78 86 0 79 65 80 79 0 0 
75600 77 88 0 77 64 76 72 0 0 
75700 85 95 0 89 77 85 85 0 0 
75800 77 88 0 76 65 78 70 0 0 
75900 82 90 0 83 74 87 85 0 0 
76000 79 84 0 78 71 73 76 0 0 
76100 81 87 0 80 71 83 82 0 0 
76200 79 93 0 85 67 75 80 0 0 
76300 82 91 0 82 75 80 86 0 0 
76400 77 88 0 84 67 76 77 0 0 
76500 91 93 0 76 69 84 74 0 0 
76600 95 94 0 89 81 85 82 0 0 
76700 88 89 0 84 71 83 81 0 0 
76800 89 91 0 86 75 80 78 0 0 
76900 83 84 0 74 59 79 70 0 0 
77000 82 90 1 84 71 79 79 0 0 
77100 78 92 0 78 69 88 78 0 0 
77200 89 93 0 82 77 84 73 0 0 
77300 82 79 2 73 67 78 75 0 0 
77400 90 94 0 85 77 89 88 0 0 
77500 85 93 0 82 69 80 77 0 0 
77600 89 93 0 87 76 85 77 0 0 
77700 87 91 0 83 72 84 81 0 0 
77800 92 87 0 83 75 93 79 0 0 
77900 89 90 0 84 76 86 78 0 0 
78000 85 91 0 77 69 85 81 0 0 
78100 83 86 0 79 61 90 70 0 0 
78200 87 97 0 84 78 84 78 0 0 
78300 88 93 0 90 77 83 87 0 0 
78400 85 95 0 84 69 78 82 0 0 
78500 77 92 0 80 65 75 71 0 0 
78600 82 90 1 82 73 83 79 0 0 
78700 82 93 0 87 70 78 82 0 0 
78800 78 92 1 77 66 79 75 0 0 
78900 87 92 0 81 68 80 79 0 0 
79000 89 94 0 86 76 77 83 0 0 
79100 84 91 0 80 66 76 77 0 0 
79200 77 92 0 72 70 82 70 0 0 
79300 85 80 0 72 51 81 74 0 0 
79400 73 79 0 68 59 80 75 0 0 
79500 86 90 0 76 67 78 76 0 0 
79600 87 85 0 78 67 85 79 0 0 
79700 79 83 0 76 68 81 73 0 0 
79800 85 85 0 77 71 82 73 0 0 
79900 92 91 0 81 77 84 80 0 0 
80000 83 97 0 93 78 82 83 0 0 
80100 81 84 0 82 70 80 78 0 0 
80200 84 90 0 82 76 83 81 0 0 
80300 83 92 0 85 79 87 83 0 0 
80400 75 89 0 84 73 77 82 0 0 
80500 85 93 0 82 70 84 79 0 0 
80600 88 93 0 82 80 86 84 0 0 
80700 85 88 0 82 69 87 82 0 0 
80800 87 93 0 82 81 91 88 0 0 
80900 79 87 0 74 64 75 68 0 0 
81000 81 95 0 78 72 82 78 0 0 
81100 78 88 0 78 62 71 78 0 0 
81200 90 94 0 85 81 83 80 0 0 
81300 78 86 1 71 58 75 64 0 0 
81400 88 94 0 78 80 88 80 0 0 
81500 84 92 0 89 78 83 80 0 0 
81600 82 85 3 71 65 76 70 0 0 
81700 88 88 0 73 76 78 77 0 0 
81800 83 83 0 76 58 79 68 0 0 
81900 81 93 1 81 68 81 78 0 0 
82000 85 85 0 72 67 84 72 0 0 
82100 79 86 0 79 65 77 76 0 0 
82200 83 92 0 83 82 79 87 0 0 
82300 73 85 0 82 61 75 77 0 0 
82400 83 89 0 87 73 77 76 0 0 
82500 84 94 1 83 73 83 83 0 0 
82600 93 96 0 85 77 86 83 0 0 
82700 82 95 0 88 76 68 80 0 0 
82800 90 81 1 72 67 79 66 0 0 
82900 75 92 0 78 63 82 78 0 0 
83000 90 93 0 85 73 82 79 0 0 
83100 91 99 0 87 81 89 86 0 0 
83200 86 91 0 83 71 79 77 0 0 
83300 80 89 0 87 65 79 79 0 0 
83400 89 94 2 93 85 85 85 0 0 
83500 85 92 0 86 75 85 83 0 0 
83600 91 87 0 83 71 88 81 0 0 
83700 70 76 0 76 56 64 66 0 0 
83800 81 96 0 89 72 75 84 0 0 
83900 85 95 0 87 73 78 83 0 0 
84000 89 88 0 82 67 73 71 0 0 
84100 89 91 0 84 72 85 83 0 0 
84200 95 97 0 89 78 87 87 0 0 
84300 81 92 0 75 64 67 75 0 0 
84400 85 92 0 73 60 66 68 0 0 
84500 82 92 0 76 65 75 72 0 0 
84600 87 97 0 87 72 77 83 0 0 
84700 89 95 0 79 64 71 74 0 0 
84800 86 95 0 80 67 77 76 0 0 
84900 88 89 0 79 71 80 75 0 0 
85000 93 94 0 75 72 77 69 0 0 
85100 90 93 0 78 72 77 76 0 0 
85200 87 91 0 76 67 70 72 0 0 
85300 87 96 0 81 66 67 76 0 0 
85400 98 95 2 84 77 83 84 0 0 
85500 90 89 0 78 68 74 77 0 0 
85600 82 85 0 74 67 74 73 0 0 
85700 88 92 0 76 63 73 74 0 0 
85800 89 94 0 83 77 74 74 0 0 
85900 94 94 0 87 81 74 81 0 0 
86000 87 96 0 88 73 74 81 0 0 
86100 87 97 0 79 68 68 75 0 0 
86200 93 93 0 78 73 79 73 0 0 
86300 89 90 0 79 68 78 75 0 0 
86400 87 93 0 78 68 82 74 0 0 
86500 91 93 0 80 69 82 77 0 0 
86600 87 91 0 84 66 82 78 0 0 
86700 96 95 0 87 79 84 79 0 0 
86800 91 91 0 85 73 81 80 0 0 
86900 86 93 0 77 65 73 78 0 0 
87000 87 93 0 79 65 72 75 0 0 
87100 92 99 0 88 79 81 83 0 0 
87200 85 91 0 85 78 82 79 0 0 
87300 80 94 0 84 72 72 84 0 0 
87400 87 88 0 73 69 69 68 0 0 
87500 94 95 0 72 70 70 71 0 0 
87600 87 96 0 80 72 76 74 0 0 
87700 87 91 0 73 67 71 71 0 0 
87800 81 91 1 72 64 62 63 0 0 
87900 94 95 0 79 78 84 78 0 0 
88000 87 99 0 79 73 71 76 0 0 
88100 86 94 0 82 69 76 76 0 0 
88200 87 95 0 89 75 78 87 0 0 
88300 96 98 0 85 81 83 82 0 0 
88400 92 93 0 76 75 81 77 0 0 
88500 84 86 0 78 65 74 74 0 0 
88600 94 88 0 73 67 79 69 0 0 
88700 87 86 0 79 72 74 75 0 0 
88800 81 84 0 84 74 75 80 0 0 
88900 86 84 0 79 70 73 77 0 0 
89000 79 87 0 75 57 61 70 0 0 
89100 82 94 0 83 62 65 74 0 0 
89200 81 83 0 80 69 81 80 0 0 
89300 82 95 0 79 65 63 74 0 0 
89400 86 85 0 79 67 72 77 0 0 
89500 85 88 0 87 75 80 82 0 0 
89600 93 92 0 75 67 78 77 0 0 
89700 89 91 0 84 69 75 82 0 0 
89800 91 91 0 85 78 79 80 0 0 
89900 86 83 0 74 65 72 69 0 0 
90000 83 84 0 76 66 73 75 0 0 
90100 90 81 0 79 69 75 80 0 0 
90200 83 89 0 73 62 72 68 0 0 
90300 92 94 0 81 76 79 78 0 0 
90400 89 87 0 84 78 84 84 0 0 
90500 89 92 0 82 75 74 84 0 0 
90600 88 85 0 77 68 72 73 0 0 
90700 84 89 0 82 70 80 75 0 0 
90800 96 92 0 84 83 81 83 0 0 
90900 88 87 0 78 71 78 72 0 0 
91000 91 90 1 84 75 80 83 0 0 
91100 81 75 0 76 69 71 69 0 0 
91200 88 83 0 74 68 74 72 0 0 
91300 82 78 0 90 77 73 85 0 0 
91400 87 84 0 88 78 72 84 0 0 
91500 84 86 0 83 67 82 79 0 0 
91600 86 82 0 81 72 79 77 0 0 
91700 85 78 0 84 75 73 78 0 0 
91800 90 88 0 91 81 82 89 0 0 
91900 93 89 0 82 75 79 83 0 0 
92000 85 82 0 82 73 74 86 0 0 
92100 86 89 0 95 82 81 89 0 0 
92200 82 76 0 90 71 71 80 0 0 
92300 92 85 0 83 74 83 78 0 0 
92400 87 80 0 87 75 77 83 0 0 
92500 89 83 0 86 69 82 78 0 0 
92600 90 86 0 79 76 81 72 0 0 
92700 95 92 0 85 78 82 83 0 0 
92800 92 82 0 76 71 72 77 0 0 
92900 92 90 0 83 79 81 79 0 0 
93000 89 86 0 77 66 79 78 0 0 
93100 92 89 0 85 78 82 85 0 0 
93200 88 79 0 75 69 72 74 0 0 
93300 88 84 2 90 79 83 87 0 0 
93400 88 87 0 87 77 81 88 0 0 
93500 89 82 0 78 73 79 75 0 0 
93600 90 85 0 79 73 76 78 0 0 
93700 82 76 0 83 71 70 75 0 0 
93800 91 77 0 77 67 70 75 0 0 
93900 92 89 0 90 85 79 86 0 0 
94000 77 74 0 82 67 63 79 0 0 
94100 82 76 0 80 68 65 76 0 0 
94200 95 86 0 83 78 78 81 0 0 
94300 92 87 0 84 74 80 78 0 0 
94400 91 84 0 83 71 80 78 0 0 
94500 94 86 0 78 75 77 71 0 0 
94600 90 82 0 89 80 80 91 0 0 
94700 98 83 0 82 77 77 76 0 0 
94800 93 80 0 69 64 74 69 0 0 
94900 89 76 0 76 57 67 69 0 0 
95000 93 85 2 84 76 70 79 0 0 
95100 90 76 0 84 69 71 77 0 0 
95200 91 85 0 83 70 79 82 0 0 
95300 95 82 0 88 72 78 88 0 0 
95400 87 81 0 85 69 69 78 0 0 
95500 89 80 0 78 73 74 79 0 0 
95600 89 80 0 77 64 79 74 0 0 
95700 84 82 0 85 72 79 86 0 0 
95800 85 75 0 83 67 72 72 0 0 
95900 78 76 0 76 64 66 67 0 0 
96000 91 86 0 82 66 68 80 0 0 
96100 93 81 0 84 77 81 83 0 0 
96200 90 87 0 88 82 84 87 0 0 
96300 90 79 0 82 69 72 79 0 0 
96400 88 85 0 85 80 78 76 0 0 
96500 91 85 0 77 68 66 77 0 0 
96600 92 87 0 78 69 74 75 0 0 
96700 86 80 0 87 74 74 77 0 0 
96800 86 83 0 82 69 74 80 0 0 
96900 96 84 0 81 82 75 78 0 0 
97000 87 84 0 76 61 69 70 0 0 
97100 89 83 0 76 68 68 71 0 0 
97200 88 78 0 80 78 75 76 0 0 
97300 91 84 0 79 68 78 74 0 0 
97400 93 91 0 82 77 80 81 0 0 
97500 89 85 0 81 70 69 77 0 0 
97600 89 84 0 88 77 79 80 0 0 
97700 90 84 0 85 75 77 77 0 0 
97800 90 83 0 76 66 73 76 0 0 
97900 97 92 0 92 85 88 84 0 0 
98000 88 88 0 81 70 79 80 0 0 
98100 85 85 0 85 74 80 85 0 0 
98200 96 91 0 83 74 83 83 0 0 
98300 88 79 0 73 65 71 70 0 0 
98400 87 79 0 87 77 81 83 0 0 
98500 90 84 0 76 70 76 76 0 0 
98600 84 78 1 87 73 76 79 0 0 
98700 91 67 0 73 63 65 68 0 0 
98800 86 70 0 79 66 67 71 0 0 
98900 87 75 0 76 61 67 79 0 0 
99000 82 73 0 81 69 67 77 0 0 
99100 85 82 0 85 77 74 81 0 0 
99200 93 92 0 85 80 85 83 0 0 
99300 83 80 0 79 69 66 73 0 0 
99400 82 74 0 83 62 73 81 0 0 
99500 91 83 0 80 67 70 76 0 0 
99600 86 81 0 76 60 67 71 0 0 
99700 85 83 0 75 63 71 73 0 0 
99800 94 87 0 76 74 87 73 0 0 
99900 89 86 0 79 71 70 70 0 0 
100000 84 80 0 85 72 72 83 0 0 
