# Avida tasks data
# Thu Apr 13 20:35:15 2023
# First column gives the current update, next columns give the number
# of organisms that have the particular task as a component of their merit
#  1: Update
#  2: Not
#  3: Nand
#  4: And
#  5: OrNot
#  6: Or
#  7: AndNot
#  8: Nor
#  9: Xor
# 10: Equals

0 0 0 0 0 0 0 0 0 0 
100 0 0 0 0 0 0 0 0 0 
200 0 0 0 0 0 0 0 0 0 
300 0 0 0 0 0 0 0 0 0 
400 0 0 0 0 0 0 0 0 0 
500 0 0 0 0 0 0 0 0 0 
600 0 0 0 0 0 0 0 0 0 
700 0 0 0 0 0 0 0 0 0 
800 174 0 0 0 0 0 0 0 0 
900 1706 1054 983 840 0 11 0 0 0 
1000 4787 4174 534 3920 0 3 0 0 0 
1100 6818 6374 245 6076 4 6 0 0 0 
1200 8300 8140 157 7644 3 3 0 0 0 
1300 9348 9214 100 8780 6 6 0 0 0 
1400 10106 10174 120 9584 3 7 0 0 0 
1500 10715 10835 119 10268 3 5 0 0 0 
1600 11324 11550 128 10897 1 5 0 0 0 
1700 11741 12011 166 11368 4 6 0 0 0 
1800 12175 12473 166 11824 4 9 0 0 0 
1900 12626 12924 160 12219 5 10 0 0 0 
2000 12742 13121 224 12389 5 18 0 0 0 
2100 12825 13317 327 12673 6 8 0 0 0 
2200 12711 13412 558 12799 7 22 0 0 0 
2300 12382 13412 942 12777 13 99 0 0 0 
2400 12470 13406 1497 12870 9 228 0 0 0 
2500 12598 13336 2507 13003 14 272 0 0 0 
2600 12503 13144 3506 12927 19 196 0 0 0 
2700 12370 13129 4592 12957 20 126 0 0 0 
2800 12310 13041 5601 13042 27 150 0 0 0 
2900 12356 13001 6730 13121 24 135 1 0 0 
3000 12350 12856 7724 13096 26 185 1 0 0 
3100 12414 12730 8656 13246 30 314 2 2 0 
3200 12269 12697 9615 13226 42 393 17 1 0 
3300 12300 12676 10288 13308 52 652 47 0 0 
3400 12386 12448 10561 13246 139 933 317 2 0 
3500 12427 12593 11160 13258 113 963 1750 1 4 
3600 12325 12714 11640 13208 47 945 3201 0 0 
