# Avida tasks data
# Thu Apr 13 21:46:48 2023
# First column gives the current update, next columns give the number
# of organisms that have the particular task as a component of their merit
#  1: Update
#  2: Not
#  3: Nand
#  4: And
#  5: OrNot
#  6: Or
#  7: AndNot
#  8: Nor
#  9: Xor
# 10: Equals

0 0 0 0 0 0 0 0 0 0 
100 0 0 0 0 0 0 0 0 0 
200 0 0 0 0 0 0 0 0 0 
300 0 0 0 0 0 0 0 0 0 
400 0 0 0 0 0 0 0 0 0 
500 0 0 0 0 0 0 0 0 0 
600 0 65 0 2 0 0 0 0 0 
700 669 795 0 38 0 0 0 0 0 
800 1453 1605 0 199 0 0 0 0 0 
900 2214 2375 0 411 0 0 0 0 0 
1000 2918 3094 0 712 0 0 0 0 0 
1100 3488 3798 0 993 0 0 0 0 0 
1200 4277 4598 0 1283 0 0 0 0 0 
1300 4983 5375 0 1607 1 0 0 0 0 
1400 5709 6179 0 2066 0 0 0 0 0 
1500 6451 6936 5 2478 0 0 0 0 0 
1600 7185 7763 21 2939 12 0 0 0 0 
1700 8222 8743 44 3664 14 5 0 0 0 
1800 9239 9983 33 4521 10 1 0 0 0 
1900 10040 10762 31 5090 12 1 0 0 0 
2000 10693 11422 40 5691 16 0 0 0 0 
2100 11180 11915 27 6306 11 2 0 0 0 
2200 11502 12247 20 6817 19 0 0 0 0 
2300 11850 12606 15 6821 990 1096 1 0 0 
2400 12012 12703 19 5427 2583 2942 1785 0 0 
2500 12142 12718 22 4537 3844 4391 3309 0 0 
2600 12237 12689 22 4550 4994 5607 4496 0 0 
2700 12433 12840 23 4645 5938 6749 5493 0 0 
2800 12613 12962 24 4951 6873 7749 6426 0 0 
2900 12738 12997 36 5371 7632 8605 7246 0 0 
3000 12785 13075 22 5420 8360 9446 7968 0 0 
3100 12957 13102 22 5610 9004 10318 8632 0 0 
3200 13134 13256 17 5974 9727 10981 9422 0 0 
3300 13173 13329 7 6046 10169 11582 9820 0 0 
3400 13188 13316 13 6302 10537 12022 10311 0 0 
3500 13254 13381 3 6680 10892 12452 10650 0 0 
3600 13371 13417 10 7107 11276 12903 11088 0 0 
3700 13380 13347 10 7670 11420 12966 11214 0 0 
3800 13419 13348 12 8116 11568 13123 11423 0 0 
3900 13489 13363 20 8595 11701 13164 11559 0 0 
4000 13505 13307 12 9119 11696 13204 11613 0 0 
4100 13509 13365 9 9508 11758 13258 11621 0 0 
4200 13478 13395 8 9735 11645 13253 11545 0 0 
4300 13513 13370 12 10050 11681 13211 11585 0 0 
4400 13471 13409 6 10417 11680 13268 11590 0 0 
4500 13558 13317 10 10811 11692 13207 11641 0 0 
4600 13456 13414 12 10813 11543 13308 11550 0 0 
4700 13562 13392 11 11045 11660 13313 11613 0 0 
4800 13530 13414 18 11180 11694 13189 11624 0 0 
4900 13562 13298 10 11389 11683 13218 11630 0 0 
5000 13589 13393 19 11444 11743 13318 11735 0 0 
5100 13531 13458 15 11306 11661 13304 11635 0 0 
5200 13549 13366 15 11328 11666 13253 11691 0 0 
5300 13522 13408 10 11269 11611 13274 11619 0 0 
5400 13508 13387 18 11375 11677 13217 11677 0 0 
5500 13602 13386 13 11265 11654 13187 11697 0 0 
5600 13521 13377 12 11317 11674 13261 11696 0 0 
5700 13580 13352 12 11333 11690 13234 11661 0 0 
5800 13604 13399 8 11385 11782 13268 11789 0 0 
5900 13584 13359 11 11288 11613 13259 11696 0 0 
6000 13532 13331 17 11376 11649 13237 11711 0 0 
6100 13552 13385 11 11430 11684 13196 11687 0 1 
6200 13561 13399 9 11582 11777 13258 11802 0 0 
6300 13525 13466 5 11589 11754 13269 11838 0 0 
