# Avida tasks data
# Thu Apr 13 22:31:34 2023
# First column gives the current update, next columns give the number
# of organisms that have the particular task as a component of their merit
#  1: Update
#  2: Not
#  3: Nand
#  4: And
#  5: OrNot
#  6: Or
#  7: AndNot
#  8: Nor
#  9: Xor
# 10: Equals

0 0 0 0 0 0 0 0 0 0 
100 0 0 0 0 0 0 0 0 0 
200 0 0 0 0 0 0 0 0 0 
300 0 0 0 0 0 0 0 0 0 
400 0 0 0 0 0 0 0 0 0 
500 0 0 0 0 0 0 0 0 0 
600 0 0 0 0 0 0 0 0 0 
700 0 0 0 0 0 0 0 0 0 
800 51 906 0 6 0 0 0 0 0 
900 682 2463 0 370 0 2 0 0 0 
1000 1235 3501 0 2162 0 9 0 0 0 
1100 1370 3619 0 2276 0 9 0 0 0 
1200 1369 3618 0 2276 0 9 0 0 0 
1300 1370 3619 0 2276 0 9 0 0 0 
1400 1370 3619 0 2276 0 9 0 0 0 
1500 2129 4270 0 2883 1 9 0 0 0 
1600 2845 4881 0 3448 0 11 0 0 0 
1700 5037 6922 0 5399 3 9 0 0 0 
1800 5259 7128 0 5565 2 9 0 0 0 
1900 7265 9086 0 7238 8 9 0 0 0 
2000 7267 9088 0 7240 8 9 0 0 0 
2100 7268 9089 0 7241 8 9 0 0 0 
2200 7279 9100 0 7256 8 9 0 0 0 
2300 8167 9977 0 8063 9 9 0 0 0 
2400 8458 10272 0 8332 16 9 0 0 0 
2500 8455 10269 0 8329 16 9 0 0 0 
2600 8456 10270 0 8330 16 9 0 0 0 
2700 8454 10268 0 8328 16 9 0 0 0 
2800 8458 10272 0 8331 16 9 0 0 0 
2900 8457 10271 0 8330 16 9 0 0 0 
3000 8458 10272 0 8331 16 9 0 0 0 
3100 8514 10327 0 8390 19 9 0 0 0 
3200 8517 10328 0 8399 18 9 0 0 0 
3300 8518 10329 0 8400 18 9 0 0 0 
3400 8518 10329 0 8400 18 9 0 0 0 
