# Avida tasks data
# Fri Apr 14 00:00:48 2023
# First column gives the current update, next columns give the number
# of organisms that have the particular task as a component of their merit
#  1: Update
#  2: Not
#  3: Nand
#  4: And
#  5: OrNot
#  6: Or
#  7: AndNot
#  8: Nor
#  9: Xor
# 10: Equals

0 0 0 0 0 0 0 0 0 0 
100 0 0 0 0 0 0 0 0 0 
200 0 0 0 0 0 0 0 0 0 
300 0 0 0 0 0 0 0 0 0 
400 0 0 0 0 0 0 0 0 0 
500 0 0 0 0 0 0 0 0 0 
600 0 0 0 0 0 0 0 0 0 
700 0 0 0 0 0 0 0 0 0 
800 0 0 0 0 0 0 0 0 0 
900 1532 1772 0 28 0 0 0 0 0 
1000 3555 3885 0 2149 15 0 0 0 0 
1100 5123 5444 0 3708 11 0 0 0 0 
1200 6407 6817 0 5122 24 0 0 0 0 
1300 7625 8041 0 6465 24 0 1 0 0 
1400 8903 9210 5 7688 31 0 0 0 0 
1500 10281 10704 11 9211 31 0 10 0 0 
1600 11447 11856 2 10463 33 1 2 0 0 
1700 12054 12402 0 11373 31 3 0 0 0 
1800 12453 12817 6 11992 29 4 0 0 0 
1900 12647 12954 28 12414 40 4 0 0 0 
2000 12766 12982 36 12433 39 28 1 0 0 
2100 12761 13023 56 12465 32 66 2 0 0 
2200 12786 13061 416 12457 34 161 2 0 0 
2300 12828 13196 1398 12488 32 234 2 0 0 
2400 12869 13208 2724 12380 35 318 5 0 0 
2500 12893 13301 3840 12405 32 321 4 0 0 
2600 12893 13389 4914 12400 37 266 4 0 0 
2700 12930 13492 6003 12387 32 248 6 0 0 
2800 12918 13515 7123 12454 33 209 12 0 0 
2900 12939 13627 8177 12520 28 166 1 0 0 
3000 13011 13697 9114 12520 24 199 2 0 0 
3100 13039 13735 9858 12608 10 182 3 0 0 
3200 13033 13688 10329 12615 13 188 4 0 0 
3300 13077 13639 10652 12541 13 196 0 0 0 
3400 13010 13708 11020 12546 24 198 0 0 0 
3500 13051 13701 11340 12629 26 206 5 0 0 
3600 13047 13726 11558 12643 17 240 2 0 0 
3700 13074 13728 11728 12656 12 221 1 0 0 
3800 13145 13770 11956 12693 9 187 2 0 0 
3900 13033 13729 12059 12723 20 227 2 0 0 
4000 13121 13778 12002 12558 22 277 3 0 0 
4100 13077 13714 12025 12564 18 351 3 0 0 
4200 13102 13716 12070 12577 12 305 2 0 0 
4300 13161 13749 12225 12648 10 455 2 0 0 
4400 13124 13778 12210 12746 15 661 4 0 0 
4500 13149 13694 12262 12693 16 820 6 0 0 
4600 13132 13734 12268 12770 14 1068 7 0 0 
4700 13226 13758 12115 12598 9 1373 7 0 0 
4800 13131 13763 12230 12724 9 1641 9 0 0 
4900 13250 13766 12234 12683 14 1864 9 0 0 
5000 13299 13745 12188 12632 11 2253 14 0 0 
5100 13278 13729 12154 12618 12 2583 16 0 0 
5200 13288 13670 12173 12622 6 2893 13 0 0 
5300 13271 13745 12220 12725 7 3311 11 0 0 
5400 13373 13743 12205 12635 12 3720 20 0 0 
5500 13224 13723 12197 12617 14 4166 24 0 0 
5600 13394 13721 12220 12619 25 4611 15 0 0 
5700 13386 13713 12257 12631 15 5126 31 0 0 
5800 13295 13736 12233 12592 12 5727 40 0 0 
5900 13398 13694 12283 12609 9 6176 32 0 0 
6000 13308 13690 12163 12550 7 6562 36 0 0 
6100 13368 13770 12185 12578 4 7051 34 0 0 
6200 13426 13663 12265 12598 10 7445 46 0 0 
6300 13406 13759 12221 12607 2 7895 47 0 0 
6400 13424 13690 12252 12609 1 8474 35 0 0 
6500 13415 13663 12177 12512 2 8914 45 0 0 
6600 13432 13715 12164 12553 3 9275 38 0 0 
6700 13405 13671 12205 12607 4 9464 47 0 0 
6800 13401 13653 12185 12546 1 9992 36 0 0 
6900 13456 13651 12162 12592 2 10375 58 0 0 
7000 13441 13662 12073 12534 3 10677 38 0 0 
7100 13448 13698 12208 12610 4 10943 47 0 0 
7200 13387 13622 12140 12559 3 11079 46 0 0 
7300 13481 13661 12103 12646 2 11515 53 0 0 
7400 13512 13651 12142 12614 0 11762 56 0 0 
7500 13520 13672 12143 12619 1 11867 52 0 0 
7600 13476 13661 12158 12628 4 12043 56 0 25 
7700 13406 13680 11887 12648 2 11950 80 0 271 
7800 13442 13667 12210 12624 2 10553 103 0 1497 
7900 13482 13715 12349 12635 2 9266 107 0 2751 
8000 13449 13657 12385 12592 1 8942 101 0 2983 
8100 13519 13681 12498 12598 0 7585 115 0 4245 
8200 13446 13695 12516 12605 0 6234 117 0 5583 
8300 13486 13696 12549 12533 2 5123 129 0 6666 
8400 13445 13739 12684 12527 0 3857 100 0 7797 
8500 13409 13708 12642 12488 0 2852 76 0 8716 
8600 13455 13696 12766 12566 0 2039 50 0 9621 
8700 13427 13793 12810 12498 0 1362 19 0 10218 
8800 13362 13773 12783 12671 0 943 8 0 10823 
8900 13466 13764 12808 12640 9 647 9 0 11016 
9000 13453 13666 12883 12641 36 398 6 0 11330 
9100 13507 13747 12990 12614 73 321 5 0 11342 
9200 13437 13706 12874 12654 160 368 6 0 11363 
9300 13370 13750 12855 12662 232 310 9 0 11388 
9400 13382 13652 12909 12632 379 315 13 0 11349 
9500 13333 13690 12827 12643 493 356 3 0 11415 
9600 13226 13655 12719 12763 487 293 4 0 11565 
9700 13156 13665 12543 12763 526 343 10 0 11767 
9800 13025 13630 12521 12774 526 308 11 0 11831 
9900 12941 13623 12374 12786 453 349 8 0 11874 
10000 12938 13563 12421 12757 411 342 13 0 11855 
