# Avida tasks data
# Thu Apr 13 17:19:12 2023
# First column gives the current update, next columns give the number
# of organisms that have the particular task as a component of their merit
#  1: Update
#  2: Not
#  3: Nand
#  4: And
#  5: OrNot
#  6: Or
#  7: AndNot
#  8: Nor
#  9: Xor
# 10: Equals

0 0 0 0 0 0 0 0 0 0 
100 0 0 0 0 0 0 0 0 0 
200 0 0 0 0 0 0 0 0 0 
300 0 0 0 0 0 0 0 0 0 
400 0 0 0 0 0 0 0 0 0 
500 0 0 0 0 0 0 0 0 0 
600 0 0 0 0 0 0 0 0 0 
700 3 0 0 0 0 0 0 0 0 
800 0 0 0 0 0 0 0 0 0 
900 82 2 0 0 0 0 0 0 0 
1000 368 9 0 0 0 0 0 0 0 
1100 864 45 0 6 0 0 0 0 0 
1200 1371 142 0 21 0 0 0 0 0 
1300 1787 304 0 222 0 19 0 0 0 
1400 2226 1368 520 1780 0 12 0 0 0 
1500 4242 2845 2691 3129 2 36 0 0 0 
1600 5836 4398 4447 4698 12 29 0 0 0 
1700 6915 5713 5945 6071 69 264 0 0 0 
1800 7810 6641 6941 7183 234 1310 0 0 0 
1900 8332 7365 7589 7889 427 2273 41 0 0 
2000 8604 7889 8127 8366 235 2747 1092 1 0 
2100 8952 8391 8530 8672 163 2665 2456 0 0 
2200 9187 8907 8986 9200 1119 2403 3705 0 0 
2300 9379 9273 9372 9443 2626 2255 4479 0 0 
2400 9764 9570 9672 9819 3907 2038 5243 0 0 
2500 9899 9868 9956 10029 5118 1847 6093 0 0 
2600 10046 10065 10131 10209 6171 2166 6957 0 0 
2700 10111 10249 10317 10372 7103 2592 7801 0 0 
2800 10352 10426 10515 10558 7796 3169 8329 0 0 
2900 10673 10672 10828 10740 8475 3769 8789 0 0 
3000 10851 11003 11130 10949 8936 4383 9061 0 1 
3100 11101 11160 11301 11099 9502 5086 9504 0 0 
3200 11197 11307 11460 11143 9720 5462 9597 0 0 
3300 11215 11477 11623 11350 10092 6112 10013 0 0 
3400 10841 11332 11203 11330 10246 5778 9582 5 520 
3500 10877 10790 10764 11396 10291 5414 9624 16 961 
3600 10673 10738 10682 11970 10804 5373 10046 40 1489 
