# Avida tasks data
# Thu Apr 13 22:09:23 2023
# First column gives the current update, next columns give the number
# of organisms that have the particular task as a component of their merit
#  1: Update
#  2: Not
#  3: Nand
#  4: And
#  5: OrNot
#  6: Or
#  7: AndNot
#  8: Nor
#  9: Xor
# 10: Equals

0 0 0 0 0 0 0 0 0 0 
100 0 0 0 0 0 0 0 0 0 
200 0 0 0 0 0 0 0 0 0 
300 0 0 0 0 0 0 0 0 0 
400 0 0 0 0 0 0 0 0 0 
500 0 0 0 0 0 0 0 0 0 
600 0 0 0 0 0 0 0 0 0 
700 0 35 0 0 0 0 0 0 0 
800 404 1098 0 33 0 0 0 0 0 
900 558 1278 1 46 0 0 0 0 0 
1000 550 1272 1 45 0 0 0 0 0 
1100 564 1768 0 106 0 0 0 0 0 
1200 563 1765 0 104 0 0 0 0 0 
1300 562 1763 0 105 0 0 0 0 0 
1400 562 1763 0 105 0 0 0 0 0 
1500 562 1762 0 105 0 0 0 0 0 
1600 562 1763 0 105 0 0 0 0 0 
1700 564 1763 0 107 0 0 0 0 0 
1800 564 1762 0 106 0 0 0 0 0 
1900 565 1759 0 105 0 0 0 0 0 
2000 562 1758 0 105 0 0 0 0 0 
2100 562 1759 0 107 0 0 0 0 0 
2200 562 1755 0 104 0 0 0 0 0 
2300 565 1758 0 183 0 0 0 0 0 
2400 554 1803 0 303 0 0 0 0 0 
2500 1452 2163 7 459 3 0 0 0 0 
2600 1864 2299 6 591 1 0 0 0 0 
2700 2299 2627 1 425 1 0 0 0 0 
2800 2604 2951 1 408 3 1 0 0 0 
2900 2654 2978 1 370 3 1 0 0 0 
3000 2830 3125 1 351 2 1 0 0 0 
3100 3082 3348 1 312 0 1 0 0 0 
3200 3434 3674 0 305 11 1 0 0 0 
3300 3852 4071 0 281 2 1 0 0 0 
3400 4280 4478 0 376 5 0 0 0 0 
3500 4754 4954 0 1177 5 0 0 0 0 
3600 5248 5448 0 1693 2 0 0 0 0 
3700 5530 5766 2 1994 2 0 0 0 0 
3800 5490 5775 1 2133 2 0 0 0 0 
3900 5543 5848 1 2322 2 0 0 0 0 
4000 5624 5968 2 2556 2 0 0 0 0 
4100 5854 6174 1 2805 2 0 0 0 0 
4200 6007 6383 1 3063 2 0 0 0 0 
4300 6677 7034 1 3697 4 0 0 0 0 
4400 7168 7511 1 4188 5 0 0 0 0 
4500 7435 7774 3 4523 4 0 0 0 0 
4600 7604 7944 7 4784 10 0 0 0 0 
4700 7774 8107 7 4974 13 0 0 0 0 
4800 7939 8287 7 5176 15 0 0 0 0 
4900 8036 8337 4 5275 11 0 0 0 0 
5000 8072 8356 4 5275 9 0 0 0 0 
5100 8125 8393 5 5316 9 0 0 0 0 
5200 8143 8398 10 4920 9 0 0 0 0 
5300 8212 8440 11 4333 9 0 0 0 0 
5400 8319 8532 13 3973 9 0 0 0 0 
5500 8365 8575 11 3635 9 0 0 0 0 
5600 8458 8654 16 3380 9 0 0 0 0 
5700 8533 8733 11 3173 11 0 0 0 0 
5800 8688 8882 16 3022 11 0 0 0 0 
5900 8878 9064 13 2883 10 0 0 0 0 
6000 9050 9241 15 2788 9 0 0 0 0 
6100 9265 9463 11 2705 9 0 0 0 0 
6200 9274 9472 11 2715 9 0 0 0 0 
6300 9289 9479 14 2713 9 0 0 0 0 
6400 9312 9509 8 2700 9 0 0 0 0 
6500 9377 9569 12 2667 10 0 0 0 0 
6600 9427 9615 9 2681 11 0 0 0 0 
6700 9502 9688 10 2676 9 0 0 0 0 
6800 9609 9800 13 2719 9 0 0 0 0 
6900 9665 9847 8 2678 9 0 0 0 0 
7000 9685 9870 8 2730 9 0 0 0 0 
7100 9731 9917 9 2671 9 0 0 0 0 
7200 9783 9964 11 2683 9 0 0 0 0 
7300 9893 10075 14 2701 9 0 0 0 0 
7400 9968 10151 12 2670 9 1 0 0 0 
7500 10078 10266 14 2788 11 0 0 0 0 
7600 10302 10488 16 3420 15 0 0 0 0 
7700 10388 10573 17 3855 22 1 0 0 0 
7800 10638 10819 17 3653 13 1 0 0 0 
