# Avida tasks data
# Thu Apr 13 22:16:16 2023
# First column gives the current update, next columns give the number
# of organisms that have the particular task as a component of their merit
#  1: Update
#  2: Not
#  3: Nand
#  4: And
#  5: OrNot
#  6: Or
#  7: AndNot
#  8: Nor
#  9: Xor
# 10: Equals

0 0 0 0 0 0 0 0 0 0 
100 0 0 0 0 0 0 0 0 0 
200 0 0 0 0 0 0 0 0 0 
300 0 0 0 0 0 0 0 0 0 
400 0 0 0 0 0 0 0 0 0 
500 0 0 0 0 0 0 0 0 0 
600 101 77 0 3 0 0 0 0 0 
700 3561 3230 8 2597 4 0 0 0 0 
800 5716 5188 81 4370 12 703 0 0 0 
900 7455 6864 95 5703 29 3033 0 0 0 
1000 9332 8646 70 7181 183 5224 0 0 0 
1100 10047 9271 33 8034 1533 6367 4 0 0 
1200 10223 9486 34 8512 3050 6897 7 0 0 
1300 10555 9703 32 8897 4343 7538 17 0 0 
1400 10889 10191 50 9538 5778 8327 16 3 0 
1500 11252 10532 55 10051 6941 9008 13 0 0 
1600 11630 10822 67 10566 8043 9562 29 0 0 
1700 11936 11249 87 10969 8871 10164 27 0 0 
1800 12316 11607 84 11381 9563 10650 20 0 0 
1900 12555 11824 100 11713 10082 11069 71 0 0 
2000 12805 12023 99 11978 10636 11373 154 0 0 
2100 12950 12338 131 12310 10963 11665 230 1 0 
2200 13255 12537 144 12379 11239 12004 363 1 0 
2300 13219 12598 139 12439 11296 12151 517 0 0 
2400 13313 12750 167 12482 11326 12199 729 0 0 
2500 13342 12695 232 12412 11443 12171 926 0 0 
2600 13254 12588 477 12436 11318 12218 1016 2 0 
2700 13218 12719 867 12550 11338 12186 1226 1 0 
2800 13200 12648 1431 12488 11306 12192 1298 0 0 
2900 13166 12604 2149 12640 11301 12228 1407 1 0 
3000 13204 12704 2937 12392 11268 12272 1371 0 0 
3100 13280 12690 3762 12628 11316 12357 1414 0 0 
3200 13264 12810 4721 12642 11388 12432 1407 1 0 
3300 13230 12843 5729 12621 11291 12447 1357 0 0 
3400 13176 12825 6796 12580 11329 12487 1216 0 0 
3500 13144 12843 7817 12585 11326 12594 1137 0 0 
3600 13211 12935 8755 12455 11375 12567 1064 0 0 
3700 13210 13039 9853 12585 11566 12629 885 0 0 
3800 13175 12970 10756 12570 11453 12637 658 0 0 
3900 13246 12991 11426 12640 11547 12624 431 2 0 
4000 13345 13071 11851 12585 11508 12664 243 0 0 
4100 13249 13094 12156 12623 11626 12676 123 0 0 
4200 13198 13127 12266 12625 11658 12663 58 0 0 
4300 13220 13119 12430 12656 11608 12676 46 0 0 
4400 13207 13108 12398 12595 11705 12727 50 0 0 
4500 13275 13107 12336 12658 11668 12748 32 0 3 
4600 13203 13070 12383 12693 11665 12724 32 0 0 
4700 13261 13128 12359 12667 11675 12671 30 5 0 
4800 13292 13034 12367 12629 11672 12713 23 30 0 
4900 13221 13088 12360 12762 11721 12711 18 87 0 
5000 13231 13065 12398 12698 11638 12702 19 183 0 
5100 13227 13106 12384 12646 11651 12716 43 368 0 
5200 13267 13131 12372 12659 11661 12712 23 497 4 
5300 13238 13104 12407 12670 11706 12721 17 809 2 
5400 13265 13082 12391 12663 11765 12783 29 1114 0 
5500 13288 13271 12432 12730 11848 12921 23 1376 0 
5600 13350 13237 12422 12705 11951 12860 52 1576 0 
5700 13273 13114 12412 12732 11883 12774 81 1846 0 
5800 13364 13197 12344 12696 11984 12861 106 2271 0 
5900 13301 13233 12427 12716 12016 12942 86 2821 0 
6000 13300 13258 12548 12791 12079 12940 68 3317 0 
6100 13385 13316 12550 12755 12248 13061 97 3745 0 
6200 13324 13307 12524 12826 12179 13019 112 4371 0 
6300 13313 13280 12509 12856 12325 12969 155 4803 0 
6400 13394 13287 12474 12791 12472 13015 116 5351 0 
6500 13361 13346 12444 12734 12502 13074 134 5894 0 
6600 13314 13392 12547 12823 12614 13077 134 6411 0 
6700 13389 13379 12481 12814 12693 13068 107 6845 0 
6800 13363 13302 12439 12745 12630 13116 109 7440 0 
6900 13428 13340 12551 12782 12920 13116 86 8058 0 
7000 13420 13381 12506 12816 12934 13234 31 8645 0 
7100 13417 13433 12509 12828 12974 13219 53 9121 0 
7200 13398 13428 12467 12814 13057 13217 48 9348 0 
7300 13412 13434 12395 12696 13081 13259 49 9668 0 
7400 13433 13492 12420 12732 13115 13304 28 10011 0 
7500 13477 13465 12449 12773 13169 13272 14 10148 0 
7600 13442 13419 12529 12770 13171 13199 24 10259 0 
7700 13482 13452 12607 12851 13254 13300 20 10430 0 
7800 13538 13435 12479 12725 13309 13296 23 10534 1 
7900 13545 13412 12371 12690 13249 13288 17 10683 0 
8000 13463 13432 12412 12778 13226 13246 35 10794 0 
8100 13504 13443 12447 12774 13295 13275 25 10906 0 
8200 13521 13439 12472 12737 13324 13285 22 11112 0 
8300 13430 13417 12333 12655 13218 13260 23 10813 48 
8400 13526 13431 11575 12892 13339 13289 23 10831 920 
8500 13547 13365 10234 12903 13344 13178 13 10684 2151 
8600 13564 13390 8710 12959 13360 13247 22 10649 3545 
8700 13548 13370 7786 13028 13293 13228 30 10631 4891 
8800 13561 13476 7389 13071 13243 13307 17 10571 6577 
8900 13527 13410 6679 13035 13238 13221 16 10469 7629 
9000 13518 13126 6422 13052 12781 12789 15 9999 8079 
9100 13549 13151 6808 13120 12186 12254 18 9588 8110 
9200 13551 13054 7165 13112 11689 11811 19 9174 8066 
9300 13558 13061 7386 13103 11357 11999 20 8889 8035 
9400 13559 13022 7678 13054 10929 11981 20 8514 7983 
9500 13529 12883 7798 13045 10458 11809 22 8117 7941 
9600 13472 12815 8077 13059 9958 11694 22 7733 7955 
9700 12650 12806 7486 12962 9813 10992 21 7608 7932 
9800 12340 12867 7365 12992 9697 10761 21 7503 7996 
9900 12024 12822 7586 12968 9445 10453 21 7276 8025 
10000 11543 12663 7288 12946 8974 9978 19 6889 8123 
