# Avida tasks data
# Thu Apr 13 16:25:49 2023
# First column gives the current update, next columns give the number
# of organisms that have the particular task as a component of their merit
#  1: Update
#  2: Not
#  3: Nand
#  4: And
#  5: OrNot
#  6: Or
#  7: AndNot
#  8: Nor
#  9: Xor
# 10: Equals

0 0 0 0 0 0 0 0 0 0 
100 0 0 0 0 0 0 0 0 0 
200 0 0 0 0 0 0 0 0 0 
300 0 0 0 0 0 0 0 0 0 
400 0 0 0 0 0 0 0 0 0 
500 0 0 0 0 0 0 0 0 0 
600 6 0 0 0 0 0 0 0 0 
700 7 0 0 0 0 0 0 0 0 
800 8 0 0 0 0 0 0 0 0 
900 84 0 0 0 0 0 0 0 0 
1000 176 0 0 0 0 0 0 0 0 
1100 385 6 0 0 0 0 0 0 0 
1200 647 13 0 5 0 0 0 0 0 
1300 835 123 0 168 2 0 51 0 0 
1400 259 3137 1 1491 1284 8 2814 0 0 
1500 188 4930 0 2396 2883 75 4326 0 0 
1600 297 6310 60 3851 4576 1247 5562 0 0 
1700 379 7952 234 5686 6109 2830 7079 0 0 
1800 466 9018 416 6846 7280 4292 8040 0 0 
1900 506 9848 1100 8000 8142 5485 8764 0 0 
2000 594 10394 2154 8683 8634 6247 9256 0 8 
2100 752 10761 3245 9273 8914 6862 9502 0 15 
2200 868 11118 4548 9766 9395 7789 9950 1 20 
2300 1037 11376 5642 10160 9550 8309 10125 0 15 
2400 1065 11708 6675 10673 9932 9019 10468 0 20 
2500 1105 12012 7622 10889 10106 9370 10678 1 22 
2600 1239 12204 8338 11278 10273 9565 10815 1 13 
2700 1450 12530 9074 11630 10646 9988 11121 0 27 
2800 1891 12658 9548 11874 10857 10302 11321 0 27 
2900 2197 12779 9814 11876 10973 10406 11438 0 30 
3000 2629 13014 10094 12170 11160 10607 11595 0 26 
3100 3433 13165 10232 12191 11314 10674 11641 0 32 
3200 3944 13236 10480 12364 11398 10795 11778 0 13 
3300 4603 13263 10562 12468 11445 10829 11794 0 18 
3400 5300 13309 10652 12514 11515 10901 11856 0 32 
3500 6104 13349 10683 12567 11503 10912 11879 0 16 
3600 6713 13316 10587 12535 11486 10830 11785 0 35 
3700 7231 13250 10563 12435 11313 10750 11693 0 17 
3800 7829 13301 10623 12510 11449 10840 11791 0 19 
3900 8350 13340 10753 12602 11518 10982 11892 0 21 
4000 8830 13401 10620 12501 11400 10846 11813 0 21 
4100 9331 13395 10618 12556 11389 10816 11777 0 20 
4200 9787 13352 10677 12582 11489 10885 11826 0 14 
4300 10153 13310 10624 12644 11483 10884 11819 0 20 
4400 10440 13357 10507 12528 11384 10761 11727 0 27 
4500 10595 13348 10620 12604 11451 10879 11807 0 13 
4600 10895 13352 10693 12637 11485 10894 11831 0 16 
4700 11005 13304 10615 12595 11416 10805 11803 1 8 
4800 11404 13300 10600 12508 11415 10815 11760 0 18 
4900 11446 13338 10628 12614 11462 10865 11776 0 28 
5000 11609 13363 10498 12532 11321 10688 11676 0 19 
5100 11538 13373 10573 12572 11342 10808 11751 0 23 
5200 11679 13367 10652 12566 11422 10904 11824 0 29 
5300 11743 13398 10689 12581 11495 10888 11801 0 21 
5400 11991 13410 10895 12674 11635 11081 11953 0 24 
5500 11801 13389 10608 12568 11430 10796 11740 0 25 
5600 11857 13424 10813 12646 11587 10991 11929 0 22 
5700 11912 13371 10701 12597 11482 10867 11801 0 24 
5800 11972 13318 10721 12546 11492 10918 11847 0 19 
5900 11822 13419 10853 12695 11666 10992 12023 0 21 
6000 11782 13300 10610 12596 11391 10777 11744 0 30 
6100 12037 13307 10757 12585 11507 10946 11862 0 17 
6200 11930 13344 10852 12659 11637 11080 11972 0 23 
6300 11963 13411 10771 12653 11586 11003 11923 0 30 
6400 11992 13344 10880 12651 11605 11085 11977 0 14 
6500 11817 13363 10774 12548 11542 10892 11861 0 27 
6600 11892 13371 10872 12672 11675 11083 12002 0 28 
6700 11863 13339 10795 12592 11582 11073 11944 0 13 
6800 11725 13373 10807 12664 11551 11016 11919 0 18 
6900 11801 13409 10949 12695 11727 11188 12048 0 13 
7000 11842 13380 10780 12530 11567 10929 11883 0 37 
7100 11827 13402 10907 12652 11677 11115 11987 0 26 
7200 11951 13398 10769 12594 11597 11036 11888 0 25 
7300 11839 13374 10762 12561 11605 11011 11893 0 23 
7400 11960 13285 10729 12510 11477 10927 11778 0 30 
7500 11805 13443 10985 12713 11697 11172 12088 0 41 
7600 11762 13422 10910 12645 11670 11116 12000 0 24 
7700 11928 13422 10942 12611 11679 11165 12005 0 21 
7800 11730 13372 10975 12685 11703 11176 11980 0 28 
7900 11696 13413 10851 12647 11703 11056 11974 1 36 
8000 11828 13360 10856 12584 11657 11080 11943 0 27 
8100 11634 13426 11050 12680 11775 11234 12070 0 35 
8200 11726 13405 10942 12572 11718 11143 12027 0 31 
8300 11852 13440 10999 12619 11722 11173 12036 0 30 
8400 11820 13434 10956 12651 11738 11215 12083 0 28 
8500 11873 13424 11072 12775 11800 11284 12116 0 32 
8600 11898 13365 10989 12637 11740 11195 12020 0 33 
8700 11818 13387 10927 12622 11706 11139 12025 0 31 
8800 11789 13437 11041 12695 11819 11277 12125 0 24 
8900 11619 13396 11027 12649 11710 11224 12078 0 33 
9000 11714 13425 10978 12599 11750 11121 12040 0 39 
9100 11770 13444 11063 12636 11772 11231 12120 0 39 
9200 11809 13513 11096 12708 11843 11340 12151 0 31 
9300 11671 13426 10954 12682 11759 11205 12034 0 27 
9400 11823 13399 11083 12705 11858 11354 12138 0 31 
9500 11742 13445 11111 12705 11806 11359 12172 0 39 
9600 11727 13469 11081 12747 11830 11292 12165 0 42 
9700 11792 13392 11036 12624 11771 11216 12058 0 32 
9800 11743 13421 11057 12710 11837 11310 12150 0 21 
9900 11722 13421 11101 12661 11830 11273 12138 0 20 
10000 11870 13454 11141 12651 11863 11326 12155 0 19 
