# Avida tasks data
# Thu Apr 13 23:30:40 2023
# First column gives the current update, next columns give the number
# of organisms that have the particular task as a component of their merit
#  1: Update
#  2: Not
#  3: Nand
#  4: And
#  5: OrNot
#  6: Or
#  7: AndNot
#  8: Nor
#  9: Xor
# 10: Equals

0 0 0 0 0 0 0 0 0 0 
100 0 0 0 0 0 0 0 0 0 
200 0 0 0 0 0 0 0 0 0 
300 0 0 0 0 0 0 0 0 0 
400 0 0 0 0 0 0 0 0 0 
500 0 0 0 0 0 0 0 0 0 
600 0 0 0 0 0 0 0 0 0 
700 3 0 0 0 0 0 0 0 0 
800 1 0 0 0 0 0 0 0 0 
900 11 0 0 0 0 0 0 0 0 
1000 1319 1383 0 12 0 0 0 0 0 
1100 3472 3688 0 1680 2 0 0 0 0 
1200 5480 5870 0 4357 13 0 0 0 0 
1300 7032 7464 24 6241 22 2 0 0 0 
1400 8324 8897 9 7845 12 5 0 0 0 
1500 9298 9834 5 9025 11 8 0 0 0 
1600 10074 10701 9 9886 17 11 0 0 0 
1700 10734 11290 35 10499 8 13 0 0 0 
1800 11292 11811 37 11119 67 25 0 0 0 
1900 11847 12356 196 11705 201 34 342 0 0 
2000 12069 12619 986 12008 316 27 1603 0 0 
2100 12263 12657 2849 12123 365 28 3195 0 0 
2200 12543 12890 4530 12369 350 64 4671 0 0 
2300 12773 13084 5899 12574 296 64 5946 0 0 
2400 12964 13222 7172 12793 233 81 7180 0 0 
2500 13056 13268 8552 12921 133 84 8571 0 0 
2600 13079 13253 9640 13074 52 113 9743 0 0 
2700 13176 13290 10701 13186 21 127 10737 0 0 
2800 13218 13285 11287 13125 21 108 11253 0 0 
2900 13293 13247 11787 13262 31 144 11770 0 0 
3000 13309 13336 12190 13303 28 109 12126 0 0 
3100 13264 13273 12449 13284 25 111 12412 0 0 
3200 13297 13235 12569 13332 35 117 12492 0 19 
3300 13348 13194 12567 13277 32 126 12435 0 628 
3400 13301 13032 12465 13143 36 138 12391 0 2479 
3500 13345 12950 12384 13085 47 139 12284 0 4086 
3600 13296 12887 12317 13043 59 158 11506 0 4506 
3700 13340 12926 12385 13085 57 148 10973 0 4580 
3800 13285 12873 12331 13012 70 168 10483 0 4575 
3900 13274 12825 12322 12998 74 166 10012 0 4755 
4000 13319 12898 12383 13070 80 171 9510 0 5027 
4100 13353 12879 12394 13040 78 177 9216 0 5137 
4200 13326 12830 12336 13006 78 170 9136 0 5137 
4300 13336 12819 12331 12981 96 187 8874 0 5356 
4400 13314 12781 12291 12913 85 175 8602 0 5544 
4500 13305 12764 12268 12923 90 195 8278 0 5807 
4600 13270 12690 12201 12848 94 208 7948 0 5983 
4700 13259 12700 12204 12823 95 186 7731 0 6170 
4800 13220 12597 12082 12759 103 209 7505 0 6233 
4900 13205 12598 12071 12689 96 201 7169 0 6408 
5000 13230 12546 12008 12657 92 196 6763 0 6704 
5100 13257 12582 12076 12731 114 225 6404 0 7002 
5200 13236 12601 12077 12679 90 205 6072 0 7296 
5300 13213 12508 12021 12581 94 206 5781 0 7463 
5400 13196 12459 11917 12633 116 241 5469 0 7621 
5500 13115 12349 11824 12512 123 226 5195 0 7742 
5600 13164 12395 11854 12549 113 243 4960 0 7922 
5700 13113 12386 11832 12558 121 264 4791 0 8037 
5800 13112 12358 11819 12541 124 254 4644 0 8137 
5900 13096 12341 11773 12485 120 243 4518 0 8239 
6000 13127 12351 11797 12520 130 245 4449 0 8304 
6100 13162 12372 11791 12553 129 242 4363 0 8394 
6200 13193 12412 11825 12592 130 239 4283 0 8488 
6300 13214 12450 11894 12610 119 227 4160 0 8648 
6400 13159 12405 11848 12587 139 268 4100 0 8674 
6500 13157 12368 11778 12559 140 248 4074 0 8653 
6600 13130 12357 11755 12519 127 241 4041 0 8738 
6700 13139 12319 11744 12490 136 243 4038 0 8733 
6800 13116 12295 11705 12487 134 230 4068 0 8689 
6900 13098 12271 11672 12466 143 232 4071 0 8714 
7000 13098 12239 11639 12412 139 227 4090 0 8720 
7100 13088 12197 11601 12416 139 225 4126 0 8695 
7200 13109 12221 11637 12404 123 220 4252 0 8721 
7300 13093 12205 11624 12402 134 220 4344 0 8710 
7400 13068 12184 11583 12404 135 227 4478 0 8691 
7500 13073 12187 11576 12364 112 219 4714 0 8677 
7600 13058 12182 11548 12343 121 227 4802 0 8645 
7700 13033 12153 11526 12365 135 240 4923 0 8617 
7800 13083 12126 11512 12328 131 224 4901 0 8591 
7900 13068 12098 11468 12296 127 217 4832 0 8701 
8000 13061 12076 11447 12246 126 218 4658 0 8834 
8100 13038 12026 11404 12192 131 217 4471 0 8925 
8200 13011 11995 11346 12124 129 215 4383 0 8921 
8300 13013 11943 11269 12138 128 221 4313 0 8917 
8400 12992 11957 11261 12126 132 214 4235 0 8937 
8500 12956 11938 11241 12134 137 222 4153 0 8965 
8600 12963 11949 11244 12128 141 215 4089 0 8987 
8700 12953 11920 11240 12088 137 209 4043 0 9000 
8800 12957 11933 11238 12057 142 224 3955 0 9043 
8900 12949 11914 11229 12056 144 214 3871 0 9062 
9000 12941 11877 11195 12042 143 228 3807 0 9032 
9100 12968 11903 11202 11773 140 230 3805 0 9016 
9200 12934 11880 11184 11622 133 226 3801 0 8991 
9300 12926 11872 11164 11549 130 220 3765 0 9037 
9400 12900 11858 11162 11488 127 215 3689 0 9090 
9500 12936 11871 11153 11507 126 212 3675 0 9135 
9600 12936 11869 11170 11497 130 224 3624 0 9151 
9700 12954 11859 11169 11603 129 230 3634 0 9156 
9800 12919 11839 11164 11623 136 250 3615 0 9191 
9900 12924 11823 11137 11696 131 259 3570 0 9169 
10000 12866 11733 11020 11677 137 286 3494 0 9094 
