# Avida tasks data
# Thu Apr 13 19:03:03 2023
# First column gives the current update, next columns give the number
# of organisms that have the particular task as a component of their merit
#  1: Update
#  2: Not
#  3: Nand
#  4: And
#  5: OrNot
#  6: Or
#  7: AndNot
#  8: Nor
#  9: Xor
# 10: Equals

0 0 0 0 0 0 0 0 0 0 
100 0 0 0 0 0 0 0 0 0 
200 0 0 0 0 0 0 0 0 0 
300 0 0 0 0 0 0 0 0 0 
400 0 0 0 0 0 0 0 0 0 
500 0 0 0 0 0 0 0 0 0 
600 0 0 0 0 0 0 0 0 0 
700 4 0 0 0 0 0 0 0 0 
800 14 0 0 0 0 0 0 0 0 
900 77 0 0 0 0 0 0 0 0 
1000 172 4 0 0 0 0 0 0 0 
1100 312 9 0 0 0 0 0 0 0 
1200 590 36 0 0 0 0 0 0 0 
1300 975 62 0 0 0 0 0 0 0 
1400 1502 407 0 92 0 0 10 0 0 
1500 1793 964 0 1311 0 0 12 0 0 
1600 1899 1838 0 1872 0 0 11 0 0 
1700 1901 1846 0 1880 0 0 11 0 0 
1800 1902 1846 0 1880 0 0 11 0 0 
1900 1902 1843 0 1877 0 0 11 0 0 
2000 1902 1845 0 1879 0 0 11 0 0 
2100 1902 1844 0 1878 0 0 11 0 0 
2200 1903 1835 0 1871 0 0 11 0 0 
2300 1910 1840 0 1878 0 0 11 0 0 
2400 2480 2243 0 2235 4 5 12 0 0 
2500 3414 2812 1 2805 47 17 11 0 0 
2600 3045 2199 0 3369 1133 9 11 0 0 
2700 2306 1604 2 3716 2088 4 11 0 0 
2800 1884 1290 2 4146 2829 2 11 0 0 
2900 1552 999 1 4688 3699 1 11 0 0 
3000 1440 840 2 5320 4473 2 11 0 0 
3100 1768 735 0 5985 5184 0 11 0 0 
3200 2905 642 3 6652 5905 1 11 0 0 
3300 3867 597 4 7299 6579 2 11 0 0 
3400 4747 589 2 7955 7220 3 12 0 0 
3500 5494 522 6 8516 7738 8 12 0 0 
3600 5190 497 5 8689 7893 1 11 0 0 
3700 4814 481 5 8720 7930 1 11 0 0 
3800 4689 495 5 8882 8068 1 11 0 0 
3900 4547 488 5 9041 8185 1 11 0 0 
4000 4480 506 7 9253 8398 1 11 0 0 
4100 4442 516 5 9305 8424 1 11 0 0 
4200 4379 514 5 9427 8548 1 11 0 0 
4300 4333 534 5 9490 8607 1 10 0 0 
4400 4330 556 7 9600 8651 1 5 0 0 
4500 4299 569 5 9696 8713 1 5 0 0 
4600 4243 589 5 9848 8862 1 2 0 0 
4700 4224 579 5 9994 8943 1 0 0 0 
4800 4205 623 5 10130 9071 1 0 0 0 
4900 4154 622 5 10277 9218 1 1 0 0 
5000 4091 625 5 10420 9309 2 0 0 0 
5100 4025 607 6 10554 9450 3 1 0 0 
5200 4041 619 7 10687 9556 3 0 0 0 
5300 4014 598 8 10755 9619 5 0 0 0 
5400 3906 599 5 10853 9704 1 0 0 0 
5500 3787 584 5 10933 9784 2 0 0 0 
5600 3653 585 5 11010 9829 1 0 0 0 
5700 3632 561 7 11127 9921 1 0 0 0 
