# Avida tasks data
# Thu Apr 13 16:44:01 2023
# First column gives the current update, next columns give the number
# of organisms that have the particular task as a component of their merit
#  1: Update
#  2: Not
#  3: Nand
#  4: And
#  5: OrNot
#  6: Or
#  7: AndNot
#  8: Nor
#  9: Xor
# 10: Equals

0 0 0 0 0 0 0 0 0 0 
100 0 0 0 0 0 0 0 0 0 
200 0 0 0 0 0 0 0 0 0 
300 0 0 0 0 0 0 0 0 0 
400 0 0 0 0 0 0 0 0 0 
500 0 0 0 0 0 0 0 0 0 
600 0 0 0 0 0 0 0 0 0 
700 0 0 0 0 0 0 0 0 0 
800 7 5 0 0 0 0 0 0 0 
900 96 4 0 39 0 0 0 0 0 
1000 213 17 0 266 0 0 0 0 0 
1100 526 69 0 736 0 0 0 0 0 
1200 1159 254 0 1402 112 0 0 0 0 
1300 2181 670 2 2543 1017 0 0 0 0 
1400 3727 537 0 3901 2909 2 0 0 0 
1500 5076 392 4 4792 4358 63 109 0 0 
1600 6519 346 18 5792 5599 738 864 0 0 
1700 7611 274 50 6936 6708 883 2182 0 0 
1800 8072 348 31 7509 7261 1152 3250 0 0 
1900 8521 1109 52 8007 7716 1602 4104 0 0 
2000 8768 2204 55 8229 7963 2158 4545 0 0 
2100 8991 3334 66 8434 8228 2787 4862 0 0 
2200 9260 4170 74 8811 8472 3017 5294 0 0 
2300 9572 5124 207 9139 8794 3452 5591 0 0 
2400 9732 5792 598 9247 8959 4000 5700 0 0 
2500 9775 6398 1088 9345 9015 4511 5664 0 0 
2600 9926 6842 1864 9550 9315 5088 5698 0 0 
2700 9887 7213 2288 9737 9439 5487 5737 0 0 
2800 10017 7706 2648 9857 9594 5959 5921 0 0 
2900 10079 8005 3267 9948 9625 6423 5995 0 0 
3000 10292 8287 3815 9968 9746 6729 5767 0 0 
3100 10234 8692 4206 10025 9772 7036 5664 0 0 
3200 10290 9339 4926 10125 9887 7377 5961 0 0 
3300 10295 9376 5381 10103 9866 7721 5622 0 0 
3400 10635 9779 6265 10279 10209 8283 5643 0 0 
3500 10445 10058 6744 10284 10368 8674 5649 0 2 
3600 10548 10407 7251 10414 10387 8930 5500 0 0 
3700 10687 10738 7730 10570 10563 9214 5318 0 0 
3800 10629 11092 7992 10566 10664 9274 5305 0 0 
3900 10836 11120 8214 10723 10821 9550 5575 0 0 
4000 10698 11177 8372 10768 10824 9646 5573 0 0 
4100 10699 11001 8767 10955 10995 9937 5767 0 0 
4200 10744 11240 8798 10936 11013 9959 5686 0 0 
4300 10816 11643 9076 11093 11115 10237 5781 0 0 
4400 11027 11653 9473 11127 11197 10499 6018 0 0 
4500 11141 11811 9765 11284 11285 10635 6216 0 0 
4600 11254 11910 9803 11206 11245 10730 6307 0 0 
4700 11212 11955 9771 11123 11327 10742 6714 0 0 
4800 11370 11933 10060 11315 11412 10948 6895 0 0 
4900 11439 12011 10148 11259 11510 11011 7318 0 0 
5000 11654 12137 10113 11336 11416 11091 7662 0 0 
5100 11736 12161 10288 11379 11463 11199 8211 0 0 
5200 11887 12415 10281 11322 11444 11181 8463 0 0 
5300 12118 12568 10371 11386 11491 11302 8834 0 0 
5400 12218 12626 10488 11440 11658 11404 9207 0 0 
5500 12236 12824 10505 11436 11564 11357 9417 0 0 
5600 12432 12898 10605 11507 11599 11554 9868 0 4 
5700 12436 12921 10696 11618 11687 11626 10163 0 15 
5800 12458 12885 10538 11449 11681 11545 10202 0 46 
5900 12448 12948 10555 11444 11775 11628 10575 0 130 
6000 12542 12977 10594 11394 11767 11660 10787 0 212 
6100 12670 13024 10528 11320 11794 11688 11014 0 289 
6200 12574 13000 10335 11171 11776 11694 11166 0 523 
6300 12667 12867 10186 11184 11859 11700 11312 0 690 
6400 12588 12526 9774 11201 11738 11627 11249 0 948 
6500 12591 11922 9416 11438 11789 11631 11142 0 1291 
6600 12505 11236 8998 11664 11743 11600 11238 0 1745 
6700 12527 10340 8390 11827 11789 11543 11154 0 2243 
6800 12441 9670 7771 12021 11755 11469 11177 0 2867 
6900 12549 8776 7183 12215 11663 11488 11231 0 3517 
7000 12422 7886 6444 12260 11639 11469 11127 0 4088 
7100 12376 7056 5633 12336 11562 11299 10968 0 4702 
7200 12389 6070 4864 12483 11546 11317 10923 3 5483 
7300 12308 5044 4046 12610 11573 11336 10976 0 6302 
7400 12350 4319 3445 12733 11544 11277 10907 0 6891 
7500 12330 3664 2820 12757 11592 11279 10935 0 7498 
7600 12370 3232 2358 12814 11524 11330 10862 0 7891 
7700 12284 2829 1941 12788 11631 11230 10893 0 8265 
7800 12295 2352 1544 13000 11591 11267 10891 0 8683 
7900 12393 1956 1099 12905 11529 11162 10715 0 8948 
8000 12291 1740 792 12889 11441 11098 10778 0 9269 
8100 12391 1693 528 12960 11560 11232 10875 1 9592 
8200 12282 1607 354 13031 11378 11106 10758 0 9647 
8300 12308 1710 258 12978 11485 11099 10724 1 9744 
8400 12385 1846 205 12977 11614 11256 10807 0 9922 
8500 12285 2108 181 13012 11520 11121 10721 0 9865 
8600 12349 2296 157 13069 11505 11193 10741 0 9874 
8700 12367 2593 175 13105 11515 11170 10841 2 10043 
8800 12212 2978 163 13091 11486 11123 10821 0 9911 
8900 12270 3605 182 12853 11444 11111 10702 3 9880 
9000 12295 4074 168 12849 11569 11159 10835 2 9946 
9100 12240 4623 176 12835 11431 11023 10731 1 9860 
9200 12288 5019 168 12848 11540 11149 10705 0 9853 
9300 12292 5633 150 12896 11536 11259 10816 0 9971 
9400 12250 6252 158 12836 11478 11062 10748 0 9868 
9500 12076 6931 152 12794 11398 11041 10800 1 9908 
9600 12081 7452 155 12778 11419 11018 10666 1 9790 
9700 12172 8273 145 12775 11470 11120 10684 0 9839 
9800 12092 8722 152 12772 11363 11027 10673 0 9817 
9900 12117 9091 144 12841 11482 11138 10705 0 9858 
10000 12225 9451 169 12763 11520 11166 10728 0 9916 
