# Avida tasks data
# Fri Apr 14 00:15:28 2023
# First column gives the current update, next columns give the number
# of organisms that have the particular task as a component of their merit
#  1: Update
#  2: Not
#  3: Nand
#  4: And
#  5: OrNot
#  6: Or
#  7: AndNot
#  8: Nor
#  9: Xor
# 10: Equals

0 0 0 0 0 0 0 0 0 0 
100 0 0 0 0 0 0 0 0 0 
200 0 0 0 0 0 0 0 0 0 
300 0 0 0 0 0 0 0 0 0 
400 458 17 0 0 0 0 0 0 0 
500 1502 1185 0 792 9 0 0 0 0 
600 2394 2424 0 2220 24 0 0 0 0 
700 4057 4350 0 4068 23 0 0 0 0 
800 5812 6246 0 5830 25 0 0 0 0 
900 6330 6753 0 6266 30 0 0 0 0 
1000 7204 7637 0 7038 39 0 0 0 0 
1100 7201 7636 0 7037 39 0 0 0 0 
1200 7201 7636 0 7037 39 0 0 0 0 
1300 7202 7637 0 7038 39 0 0 0 0 
1400 7201 7636 0 7037 39 0 0 0 0 
1500 7201 7636 0 7037 39 0 0 0 0 
1600 7202 7637 0 7038 39 0 0 0 0 
1700 7201 7636 0 7037 39 0 0 0 0 
1800 7202 7637 0 7038 39 0 0 0 0 
1900 7202 7637 0 7038 39 0 0 0 0 
2000 7201 7636 0 7037 39 0 0 0 0 
2100 7201 7636 0 7037 39 0 0 0 0 
2200 7201 7636 0 7037 39 0 0 0 0 
2300 7202 7637 0 7038 39 0 0 0 0 
2400 7202 7637 0 7038 39 0 0 0 0 
2500 7202 7637 0 7038 39 0 0 0 0 
2600 7201 7636 0 7037 39 0 0 0 0 
2700 7201 7636 0 7037 39 0 0 0 0 
2800 7201 7636 0 7037 39 0 0 0 0 
2900 7202 7637 0 7038 39 0 0 0 0 
3000 7201 7636 0 7037 39 0 0 0 0 
3100 7201 7636 0 7037 39 0 0 0 0 
3200 7201 7636 0 7037 39 0 0 0 0 
3300 7202 7637 0 7038 39 0 0 0 0 
3400 7201 7636 0 7037 39 0 0 0 0 
3500 7201 7636 0 7037 39 0 0 0 0 
3600 7201 7636 0 7037 39 0 0 0 0 
3700 7201 7636 0 7037 39 0 0 0 0 
3800 7202 7637 0 7038 39 0 0 0 0 
3900 7202 7637 0 7038 39 0 0 0 0 
4000 7201 7636 0 7037 39 0 0 0 0 
4100 7201 7636 0 7037 39 0 0 0 0 
4200 7201 7636 0 7037 39 0 0 0 0 
4300 7212 7649 0 7044 42 0 0 0 0 
4400 7211 7648 0 7043 42 0 0 0 0 
4500 7212 7649 0 7044 42 0 0 0 0 
4600 7211 7648 0 7043 42 0 0 0 0 
4700 7211 7648 0 7043 42 0 0 0 0 
4800 7212 7649 0 7044 42 0 0 0 0 
4900 7211 7648 0 7043 42 0 0 0 0 
5000 7211 7648 0 7043 42 0 0 0 0 
5100 7211 7648 0 7043 42 0 0 0 0 
5200 7211 7648 0 7043 42 0 0 0 0 
5300 7211 7648 0 7043 42 0 0 0 0 
5400 7212 7649 0 7044 42 0 0 0 0 
5500 7211 7648 0 7043 42 0 0 0 0 
5600 7212 7649 0 7044 42 0 0 0 0 
5700 7211 7648 0 7043 42 0 0 0 0 
5800 7212 7649 0 7044 42 0 0 0 0 
5900 7211 7648 0 7043 42 0 0 0 0 
6000 7211 7648 0 7043 42 0 0 0 0 
6100 7211 7648 0 7043 42 0 0 0 0 
6200 7211 7648 0 7043 42 0 0 0 0 
6300 7211 7648 0 7043 42 0 0 0 0 
6400 7212 7649 0 7044 42 0 0 0 0 
6500 7211 7648 0 7043 42 0 0 0 0 
6600 7211 7648 0 7043 42 0 0 0 0 
6700 7211 7648 0 7043 42 0 0 0 0 
6800 7211 7648 0 7043 42 0 0 0 0 
6900 7212 7649 0 7044 42 0 0 0 0 
7000 7212 7649 0 7044 42 0 0 0 0 
7100 7211 7648 0 7043 42 0 0 0 0 
7200 7211 7648 0 7043 42 0 0 0 0 
7300 7211 7648 0 7043 42 0 0 0 0 
7400 7211 7648 0 7043 42 0 0 0 0 
7500 7211 7648 0 7043 42 0 0 0 0 
7600 7210 7649 0 7044 42 0 0 0 0 
7700 7209 7648 0 7043 42 0 0 0 0 
7800 7209 7648 0 7043 42 0 0 0 0 
7900 7210 7649 0 7044 42 0 0 0 0 
8000 7209 7648 0 7043 42 0 0 0 0 
8100 7209 7648 0 7043 42 0 0 0 0 
8200 7210 7649 0 7044 42 0 0 0 0 
8300 7210 7649 0 7044 42 0 0 0 0 
8400 7209 7648 0 7043 42 0 0 0 0 
8500 7210 7649 0 7044 42 0 0 0 0 
8600 7209 7648 0 7043 42 0 0 0 0 
8700 7209 7648 0 7043 42 0 0 0 0 
8800 7210 7649 0 7044 42 0 0 0 0 
8900 7210 7649 0 7044 42 0 0 0 0 
9000 7210 7649 0 7044 42 0 0 0 0 
9100 7209 7648 0 7043 42 0 0 0 0 
9200 7210 7649 0 7044 42 0 0 0 0 
9300 7209 7648 0 7043 42 0 0 0 0 
9400 7209 7648 0 7043 42 0 0 0 0 
9500 7209 7648 0 7043 42 0 0 0 0 
9600 7209 7648 0 7043 42 0 0 0 0 
9700 7209 7648 0 7043 42 0 0 0 0 
9800 7210 7649 0 7044 42 0 0 0 0 
9900 7209 7648 0 7043 42 0 0 0 0 
10000 7210 7649 0 7044 42 0 0 0 0 
