# Avida tasks data
# Thu Apr 13 16:20:29 2023
# First column gives the current update, next columns give the number
# of organisms that have the particular task as a component of their merit
#  1: Update
#  2: Not
#  3: Nand
#  4: And
#  5: OrNot
#  6: Or
#  7: AndNot
#  8: Nor
#  9: Xor
# 10: Equals

0 0 0 0 0 0 0 0 0 0 
100 0 0 0 0 0 0 0 0 0 
200 0 0 0 0 0 0 0 0 0 
300 0 0 0 0 0 0 0 0 0 
400 0 0 0 0 0 0 0 0 0 
500 0 0 0 0 0 0 0 0 0 
600 0 0 0 0 0 0 0 0 0 
700 7 0 0 2 0 0 0 0 0 
800 34 29 0 36 0 0 0 0 0 
900 169 100 15 600 0 0 0 0 0 
1000 1287 294 0 1715 1 449 0 0 0 
1100 3310 671 17 2306 19 1425 164 0 0 
1200 4414 779 10 3905 1851 1800 1568 0 0 
1300 5099 735 7 4014 3520 1904 2837 0 0 
1400 5922 696 9 3288 4678 1835 3794 0 0 
1500 6667 674 9 3036 5307 1732 4498 0 0 
1600 6669 674 9 3036 5309 1732 4500 0 0 
1700 7173 670 4 2894 5749 1601 5071 0 0 
1800 7283 667 4 2868 5822 1594 5137 0 0 
1900 7895 645 6 2540 6359 1442 5734 0 0 
2000 8803 551 9 2228 7172 1251 6732 0 0 
2100 9046 371 5 1966 7589 1192 7126 0 0 
2200 9038 366 5 1952 7575 1194 7096 0 0 
2300 9039 366 5 1951 7577 1193 7097 0 0 
2400 9276 233 9 1770 7876 1148 7470 0 0 
2500 9627 86 10 1394 8461 1027 8036 0 0 
2600 9996 54 8 1184 8899 882 8618 0 0 
2700 10351 50 7 1048 9185 769 8964 0 2 
2800 10327 50 7 1053 9155 769 8935 0 2 
2900 10725 48 9 991 9463 747 9244 0 1 
3000 10782 43 12 1420 9534 1179 9348 0 0 
3100 10779 41 12 1376 9530 1133 9338 0 0 
3200 10779 41 12 1376 9528 1133 9336 0 0 
3300 10779 41 12 1376 9528 1133 9336 0 0 
3400 10778 41 12 1376 9527 1133 9335 0 0 
3500 10779 41 12 1376 9528 1133 9336 0 0 
3600 10779 41 12 1376 9526 1133 9334 0 0 
3700 10779 41 12 1376 9527 1133 9335 0 0 
3800 10779 41 12 1376 9527 1133 9335 0 0 
3900 10779 41 12 1376 9527 1133 9335 0 0 
4000 10779 41 12 1376 9527 1133 9335 0 0 
4100 10779 41 12 1376 9527 1133 9335 0 0 
4200 10780 41 12 1376 9528 1133 9336 0 0 
4300 10779 41 12 1376 9527 1133 9335 0 0 
4400 10779 41 12 1376 9527 1133 9335 0 0 
4500 10780 41 12 1376 9528 1133 9336 0 0 
4600 10795 262 10 1832 9567 1438 9352 0 0 
4700 10803 191 12 2026 9588 1342 9353 0 0 
4800 10791 197 10 2420 9538 1308 9344 0 0 
4900 10785 203 12 2948 9542 1293 9342 0 0 
5000 10792 214 13 3249 9552 1294 9385 0 0 
5100 10842 215 10 3502 9594 1285 9416 0 0 
5200 10934 223 13 3882 9693 1277 9511 0 0 
5300 10926 231 13 4155 9719 1278 9518 0 0 
5400 10939 240 11 4420 9718 1279 9515 0 0 
5500 10942 241 10 4477 9699 1275 9493 0 0 
5600 10953 265 11 4795 9737 1288 9552 0 0 
