# Avida tasks data
# Mon Apr 17 00:12:47 2023
# First column gives the current update, next columns give the number
# of organisms that have the particular task as a component of their merit
#  1: Update
#  2: Not
#  3: Nand
#  4: And
#  5: OrNot
#  6: Or
#  7: AndNot
#  8: Nor
#  9: Xor
# 10: Equals

0 0 0 0 0 0 0 0 0 0 
100 0 0 0 0 0 0 0 0 0 
200 0 0 0 0 0 0 0 0 0 
300 0 0 0 0 0 0 0 0 0 
400 0 0 0 0 0 0 0 0 0 
500 0 4 0 2 0 0 0 0 0 
600 113 28 0 0 0 0 0 0 0 
700 1517 209 0 253 0 0 0 0 0 
800 2545 1893 0 1581 0 0 0 0 0 
900 3310 4545 0 3840 0 32 0 0 0 
1000 5686 6788 0 6001 507 326 0 0 0 
1100 7734 9181 0 8285 2991 421 0 0 0 
1200 8856 10350 0 9475 4899 468 0 0 0 
1300 9389 11372 2 10394 6369 508 0 0 0 
1400 9922 12179 0 11202 7682 528 0 0 0 
1500 10452 12981 1 11938 8720 523 0 0 0 
1600 10999 13410 2 12371 9584 492 0 0 0 
1700 11352 13622 0 12652 10191 413 1 0 0 
1800 11769 13675 2 12669 10595 307 0 0 0 
1900 11971 13665 0 12796 11223 198 0 0 0 
2000 12223 13699 1 12747 11439 99 2 0 0 
2100 12344 13681 0 12750 11620 52 0 0 0 
2200 12470 13699 0 12743 11791 42 4 0 0 
2300 12558 13766 2 12808 11945 36 2 0 0 
2400 12554 13733 4 12696 11937 224 5 0 0 
2500 12643 13774 285 12863 12000 943 4 0 0 
2600 12567 13756 1051 12723 11756 1698 6 0 0 
2700 12582 13681 2857 12615 11135 2349 8 0 0 
2800 12590 13698 4444 12570 10523 2960 12 0 0 
2900 12515 13678 5845 12547 9894 3478 25 0 0 
3000 12638 13627 6874 12527 9751 4064 14 0 0 
3100 12705 13634 7842 12513 9974 5428 21 0 0 
3200 12650 13654 8508 12396 10125 6565 30 0 0 
3300 12745 13659 9202 12494 10303 7844 33 0 0 
3400 12708 13617 9659 12484 10478 8830 36 0 0 
3500 12719 13670 10023 12393 10591 9441 51 0 0 
3600 12726 13679 10384 12394 10853 9955 57 0 0 
3700 12770 13670 10687 12406 11251 10550 78 0 0 
3800 12841 13704 11023 12494 11520 10806 52 0 0 
3900 12834 13661 11311 12439 11716 11097 75 0 0 
4000 12841 13676 11566 12402 11911 11389 78 0 0 
4100 12883 13671 11777 12513 12081 11635 91 0 0 
4200 12967 13756 11880 12474 12158 11843 55 0 0 
4300 12900 13656 11854 12452 12100 11737 60 0 0 
4400 12932 13758 11843 12507 12103 11809 72 0 0 
4500 12921 13675 11729 12460 12054 11682 76 0 0 
4600 12870 13648 11781 12451 12041 11700 69 0 0 
4700 12906 13705 11769 12448 11985 11655 120 0 0 
4800 12860 13634 11796 12490 11960 11742 267 0 0 
4900 12994 13698 11830 12500 12061 11747 456 0 0 
5000 12922 13675 11857 12445 12028 11774 718 0 0 
5100 12903 13683 11818 12555 12058 11704 1052 0 0 
5200 12946 13630 11751 12485 12100 11681 1497 0 0 
5300 12965 13678 11835 12636 12118 11739 2058 0 0 
5400 12883 13722 11815 12527 11995 11660 2561 0 0 
5500 12912 13768 11766 12511 12038 11568 3065 0 0 
5600 12949 13679 11866 12587 12122 11614 3485 0 0 
5700 12910 13714 11670 12462 12016 11495 3992 0 0 
5800 12897 13700 11788 12542 12061 11556 4565 0 0 
5900 13026 13689 11869 12633 12142 11569 5006 0 0 
6000 12991 13718 11852 12690 12251 11544 5459 0 0 
6100 13032 13705 11914 12646 12239 11560 5936 0 0 
6200 12980 13677 11841 12559 12158 11405 6346 0 0 
6300 13033 13673 11800 12625 12206 11438 6659 0 0 
6400 13051 13672 11886 12646 12256 11556 7161 0 0 
6500 13061 13649 11821 12689 12265 11429 7603 0 0 
6600 12978 13587 11797 12681 12144 11339 7967 0 0 
6700 13077 13681 11953 12759 12327 11467 8479 0 0 
6800 13084 13652 11915 12662 12247 11367 8821 0 0 
6900 13051 13628 11901 12732 12333 11334 9237 0 0 
7000 13063 13657 11884 12712 12380 11367 9541 0 0 
7100 12973 13619 11801 12683 12314 11290 9683 0 0 
7200 13122 13621 12045 12846 12448 11459 10060 0 0 
7300 13057 13585 11943 12744 12441 11330 10119 0 0 
7400 13095 13529 11995 12797 12436 11387 10311 0 0 
7500 13144 13564 11932 12632 12361 11236 10692 0 0 
7600 13093 13492 11918 12760 12364 11293 10895 0 0 
7700 13093 13507 11879 12684 12266 11201 10984 0 0 
7800 13110 13578 11842 12677 12362 11128 10987 2 0 
7900 13153 13615 11892 12798 12335 11257 11106 0 0 
8000 13104 13493 11836 12736 12408 11039 11216 0 0 
8100 13121 13559 11881 12746 12368 11149 11184 0 0 
8200 13083 13525 11896 12815 12418 11265 11240 0 0 
8300 13079 13561 11892 12840 12482 11237 11345 1 0 
8400 13130 13549 12015 12849 12510 11370 11400 0 0 
8500 13126 13568 11941 12736 12496 11276 11294 0 0 
8600 13091 13542 11877 12686 12382 11217 11265 3 0 
8700 13150 13485 12045 12806 12557 11335 11364 0 0 
8800 13163 13422 11978 12723 12417 11232 11272 2 0 
8900 13158 13500 11952 12756 12428 11245 11303 1 0 
9000 13234 13435 11993 12728 12425 11345 11296 0 0 
9100 13203 13419 11986 12826 12490 11313 11293 2 0 
9200 13214 13518 11980 12764 12404 11279 11256 0 0 
9300 13186 13502 11995 12836 12534 11454 11334 0 0 
9400 13258 13470 12129 12880 12590 11458 11372 1 0 
9500 13232 13505 12123 12865 12561 11437 11337 0 0 
9600 13272 13378 12020 12793 12532 11290 11238 0 0 
9700 13286 13473 12134 12897 12615 11405 11464 0 0 
9800 13179 13376 11993 12806 12391 11259 11259 0 0 
9900 13207 13428 12026 12832 12536 11409 11421 0 0 
10000 13180 13455 12074 12820 12524 11466 11551 0 0 
