# Avida tasks data
# Sun Apr 16 22:24:55 2023
# First column gives the current update, next columns give the number
# of organisms that have the particular task as a component of their merit
#  1: Update
#  2: Not
#  3: Nand
#  4: And
#  5: OrNot
#  6: Or
#  7: AndNot
#  8: Nor
#  9: Xor
# 10: Equals

0 0 0 0 0 0 0 0 0 0 
100 0 0 0 0 0 0 0 0 0 
200 0 0 0 0 0 0 0 0 0 
300 0 0 0 0 0 0 0 0 0 
400 0 0 0 0 0 0 0 0 0 
500 0 0 0 0 0 0 0 0 0 
600 0 0 0 0 0 0 0 0 0 
700 791 28 0 53 0 0 0 0 0 
800 1442 994 0 1742 707 0 0 0 0 
900 1728 1712 0 2456 1744 0 0 0 0 
1000 1979 2316 2 3003 2132 0 0 0 0 
1100 1749 4087 1 4752 3870 17 0 0 0 
1200 1493 5273 0 5943 5234 1 0 0 0 
1300 1046 5808 0 6470 5813 2 0 0 0 
1400 1046 5808 0 6470 5813 2 0 0 0 
1500 949 6025 2 6681 5991 1 0 0 0 
1600 1214 7061 1 7861 7193 7 0 0 0 
1700 1653 7611 1 8305 7622 14 1 0 0 
1800 2582 8368 1 9318 8575 24 2 0 0 
1900 3450 8109 2 10254 9481 21 3 0 0 
2000 4008 7925 1 10740 9932 27 2 0 0 
2100 4452 7670 1 11093 10265 33 3 0 0 
2200 4801 7443 1 11257 10477 45 0 0 0 
2300 5119 7128 2 11330 10528 49 0 0 0 
2400 5330 6900 1 11397 10590 53 3 0 1 
2500 5545 6730 1 11492 10703 42 2 0 2 
2600 5825 6478 1 11594 10799 62 4 0 1 
2700 6029 6260 1 11664 10897 56 5 0 0 
2800 6252 6159 1 11725 10934 74 3 0 0 
2900 6411 5994 1 11767 10980 74 12 0 0 
3000 6676 5759 1 11834 11039 72 7 0 0 
3100 6962 5604 1 11914 11107 77 6 0 0 
3200 7111 5487 1 11974 11214 81 8 0 0 
