# Avida tasks data
# Sun Apr 16 22:07:57 2023
# First column gives the current update, next columns give the number
# of organisms that have the particular task as a component of their merit
#  1: Update
#  2: Not
#  3: Nand
#  4: And
#  5: OrNot
#  6: Or
#  7: AndNot
#  8: Nor
#  9: Xor
# 10: Equals

0 0 0 0 0 0 0 0 0 0 
100 0 0 0 0 0 0 0 0 0 
200 0 0 0 0 0 0 0 0 0 
300 0 0 0 0 0 0 0 0 0 
400 0 0 0 0 0 0 0 0 0 
500 0 0 0 0 0 0 0 0 0 
600 64 0 0 0 0 0 0 0 0 
700 1162 518 0 737 0 0 0 0 0 
800 2063 1520 0 1621 0 0 0 0 0 
900 2777 3027 1 2894 3 0 1056 0 0 
1000 2793 3061 2 2948 6 0 1138 0 0 
1100 2963 3267 13 3297 5 2 1459 0 0 
1200 2962 3266 13 3296 5 2 1458 0 0 
1300 3071 3413 14 3452 12 4 1611 0 0 
1400 4020 4391 4 4488 20 6 2615 0 0 
1500 5550 6032 23 6195 32 7 4098 0 0 
1600 6113 6610 34 6804 42 21 4664 0 2 
1700 6115 6611 34 6805 42 21 4667 0 2 
1800 6117 6612 34 6806 42 21 4668 0 2 
1900 6138 6606 25 6821 44 21 4648 0 1 
