# Avida tasks data
# Sun Apr 16 21:34:41 2023
# First column gives the current update, next columns give the number
# of organisms that have the particular task as a component of their merit
#  1: Update
#  2: Not
#  3: Nand
#  4: And
#  5: OrNot
#  6: Or
#  7: AndNot
#  8: Nor
#  9: Xor
# 10: Equals

0 0 0 0 0 0 0 0 0 0 
100 0 0 0 0 0 0 0 0 0 
200 0 0 0 0 0 0 0 0 0 
300 0 0 0 0 0 0 0 0 0 
400 0 0 0 0 0 0 0 0 0 
500 0 0 0 0 0 0 0 0 0 
600 0 0 0 0 0 0 0 0 0 
700 45 16 0 2 0 0 0 0 0 
800 246 252 0 5 0 0 0 0 0 
900 690 886 0 3 0 0 0 0 0 
1000 2242 1662 0 5 0 0 0 0 0 
1100 4302 2635 0 16 0 0 0 0 0 
1200 6098 3685 0 34 0 12 0 0 0 
1300 7283 4611 0 46 0 155 0 0 0 
1400 8314 5509 0 78 0 378 0 0 0 
1500 8957 6566 4 211 0 703 0 0 0 
1600 10292 7747 1 432 0 1798 2 0 0 
1700 11297 8927 1 516 0 3780 0 0 0 
1800 11816 9883 3 451 0 5695 1 0 0 
1900 12117 10736 6 392 0 7276 0 0 0 
2000 12498 11426 6 295 0 8769 0 0 0 
2100 12825 11908 3 206 0 10140 0 0 0 
2200 13107 12321 1 113 0 11013 0 0 0 
2300 13365 12581 1 76 0 11630 0 0 0 
2400 13481 12841 0 117 0 12084 0 0 0 
2500 13554 12934 3 39 1530 12329 0 0 0 
2600 13526 12899 1 51 3392 12469 0 0 0 
2700 13570 13025 0 60 5156 12484 2 0 0 
2800 13552 12976 0 91 6639 12482 0 0 0 
2900 13612 12953 0 105 7907 12530 2 0 0 
3000 13623 13007 0 102 9209 12619 2 0 0 
3100 13588 13084 2 125 10253 12754 2 0 0 
3200 13654 13062 0 113 11038 12758 0 0 0 
3300 13612 13052 2 126 11545 12893 0 0 0 
3400 13616 13142 1 134 11834 12936 2 0 0 
3500 13499 13087 2 122 12045 12964 2 0 0 
3600 13674 13076 0 124 12286 12901 1 0 0 
3700 13653 13092 1 147 12409 13009 5 0 0 
3800 13629 13136 2 133 12398 13067 0 0 0 
3900 13638 13136 0 157 12398 13073 0 0 0 
4000 13578 13128 2 252 12459 12935 3 0 0 
4100 13657 13110 8 319 12453 13058 1 0 0 
4200 13587 13126 117 510 12432 13029 2 0 0 
4300 13615 13103 329 762 12420 13026 2 0 0 
4400 13600 13083 794 1275 12340 13020 2 0 0 
4500 13611 13057 1533 1986 12480 12951 2 0 0 
4600 13617 13102 2132 2694 12409 13002 2 0 0 
4700 13582 13111 3101 3707 12404 12978 0 0 0 
4800 13562 13129 4037 4774 12372 13003 3 0 0 
4900 13567 13147 4982 5750 12457 13019 5 0 0 
5000 13530 12999 5628 6552 12320 12974 16 0 0 
5100 13591 13098 6494 7514 12273 12980 13 0 0 
5200 13578 13063 7419 8473 12317 12984 6 0 0 
5300 13565 13061 8157 9265 12333 12985 2 0 0 
5400 13540 13126 9095 10266 12395 13009 0 0 0 
5500 13562 13073 9660 10905 12375 12989 0 0 0 
5600 13675 13128 10122 11673 12297 13043 1 0 0 
5700 13591 13075 10621 12068 12355 13055 1 0 0 
5800 13543 13031 11029 12427 12309 12948 2 0 0 
5900 13561 13066 11215 12615 12257 13001 1 0 0 
6000 13507 13104 11532 12947 12338 13056 1 0 0 
6100 13554 13051 11526 13035 12261 13007 0 0 0 
6200 13562 13176 11595 13224 12411 13057 1 0 0 
6300 13526 13062 11671 13184 12333 13012 0 0 0 
6400 13573 13134 11638 13233 12302 13053 0 0 0 
6500 13557 13106 11768 13236 12384 13022 3 0 0 
6600 13526 13067 11826 13179 12421 12987 2 0 0 
6700 13601 13120 11765 13199 12431 13027 2 0 0 
6800 13609 13124 11823 13174 12423 13025 0 0 0 
6900 13570 13047 11621 13127 12270 12986 5 0 0 
7000 13577 13131 11734 13201 12344 12987 0 0 0 
7100 13533 13121 11773 13173 12422 12997 3 0 0 
7200 13556 13127 11744 13192 12420 13073 4 0 0 
7300 13533 13168 11810 13184 12517 13071 2 0 0 
7400 13537 13134 11898 13236 12495 13037 3 0 0 
7500 13540 13148 11847 13191 12425 13052 2 0 0 
7600 13551 13161 11880 13212 12461 13073 1 0 0 
7700 13591 13247 11875 13230 12512 13158 2 0 0 
7800 13603 13111 11808 13204 12338 13010 7 0 0 
7900 13534 13062 11820 13129 12412 13052 5 0 0 
8000 13532 13144 11736 13161 12471 13179 3 0 0 
8100 13564 13131 11742 13226 12409 13040 0 0 0 
8200 13519 13187 11744 13238 12483 13089 5 0 0 
8300 13496 13079 11825 13198 12452 13031 4 0 0 
8400 13522 13199 11917 13205 12562 13103 0 0 0 
8500 13478 13191 11774 13205 12620 13179 0 0 0 
8600 13581 13168 11780 13216 12497 13109 0 0 0 
8700 13490 13291 11779 13170 12625 13203 3 0 0 
8800 13602 13247 12025 13290 12569 13239 1 0 0 
8900 13522 13149 11832 13229 12590 13081 0 0 0 
9000 13542 13211 11947 13279 12593 13117 0 0 0 
9100 13562 13233 11891 13280 12573 13192 1 0 0 
9200 13539 13177 11954 13324 12552 13097 2 0 0 
9300 13534 13157 11694 13243 12529 13117 1 0 0 
9400 13591 13207 11753 13191 12554 13155 0 0 0 
9500 13538 13237 11867 13195 12656 13140 0 0 0 
9600 13561 13237 11825 13204 12615 13178 1 0 0 
9700 13574 13252 11731 13166 12620 13165 0 0 0 
9800 13607 13191 11719 13267 12583 13144 0 0 0 
9900 13619 13307 11955 13253 12637 13189 0 0 0 
10000 13617 13320 11883 13182 12685 13201 4 0 0 
