# Avida tasks data
# Sun Apr 16 20:17:50 2023
# First column gives the current update, next columns give the number
# of organisms that have the particular task as a component of their merit
#  1: Update
#  2: Not
#  3: Nand
#  4: And
#  5: OrNot
#  6: Or
#  7: AndNot
#  8: Nor
#  9: Xor
# 10: Equals

0 0 0 0 0 0 0 0 0 0 
100 0 0 0 0 0 0 0 0 0 
200 0 0 0 0 0 0 0 0 0 
300 0 0 0 0 0 0 0 0 0 
400 0 0 0 0 0 0 0 0 0 
500 0 0 0 0 0 0 0 0 0 
600 0 0 0 0 0 0 0 0 0 
700 4 0 0 0 0 0 0 0 0 
800 29 0 0 0 0 0 0 0 0 
900 177 8 0 0 0 0 0 0 0 
1000 477 66 0 2 0 0 0 0 0 
1100 886 541 0 385 0 0 0 0 0 
1200 1661 1602 4 1421 7 517 7 0 0 
1300 1956 1699 6 1501 19 785 19 0 0 
1400 2470 2060 6 1878 13 1420 11 0 0 
1500 3010 2602 21 2499 283 2220 51 0 0 
1600 3224 2712 44 2797 617 2810 12 0 0 
1700 3216 2606 43 2928 517 2979 4 0 0 
1800 3210 2462 42 2949 488 3013 3 0 0 
1900 3121 2630 33 3089 465 3073 295 0 0 
2000 3622 2817 27 3293 481 3253 927 0 0 
2100 3692 2842 26 3325 478 3252 1145 0 0 
2200 3688 2839 26 3322 478 3252 1144 0 0 
2300 3851 2993 15 3495 478 3396 1395 0 0 
