# Avida tasks data
# Mon Apr 17 01:19:27 2023
# First column gives the current update, next columns give the number
# of organisms that have the particular task as a component of their merit
#  1: Update
#  2: Not
#  3: Nand
#  4: And
#  5: OrNot
#  6: Or
#  7: AndNot
#  8: Nor
#  9: Xor
# 10: Equals

0 0 0 0 0 0 0 0 0 0 
100 0 0 0 0 0 0 0 0 0 
200 0 0 0 0 0 0 0 0 0 
300 0 0 0 0 0 0 0 0 0 
400 0 0 0 0 0 0 0 0 0 
500 0 0 0 0 0 0 0 0 0 
600 0 0 0 0 0 0 0 0 0 
700 0 29 0 20 0 0 0 0 0 
800 1400 1074 0 984 2 18 0 0 0 
900 3979 3781 200 3505 15 90 0 0 0 
1000 6474 6314 559 5846 33 1427 0 0 0 
1100 8823 8574 2444 8229 51 1825 0 0 0 
1200 10096 9876 4082 9598 48 1820 0 0 0 
1300 10767 10459 5553 10369 47 2356 3 0 0 
1400 11240 10913 6623 10883 48 3174 7 0 0 
1500 11612 11295 7706 11345 54 4097 13 0 0 
1600 11940 11530 8292 11550 62 5068 22 0 0 
1700 12104 11825 9093 11883 61 6268 26 0 0 
1800 12243 11912 9660 11986 64 7226 38 0 0 
1900 12335 11801 9839 11944 52 8287 33 0 0 
2000 12408 11976 10467 12097 45 9290 39 0 0 
2100 12416 11926 10669 12071 46 9999 45 0 0 
2200 12498 11888 10861 12022 52 10903 61 0 0 
2300 12467 11881 10965 12010 82 11459 65 0 0 
2400 12582 11832 11181 12029 59 11882 61 0 0 
2500 12599 11806 11190 12047 49 12229 62 0 0 
2600 12632 11819 11097 12038 43 12524 53 0 0 
2700 12621 11800 11166 12055 53 12631 55 0 0 
2800 12597 11915 11369 12130 47 12740 43 0 0 
2900 12628 11865 11247 12083 52 12870 71 0 0 
3000 12586 11849 11192 11987 59 12897 50 0 0 
3100 12703 12049 11304 12131 46 13071 64 0 0 
3200 12687 11975 11401 12139 40 13114 61 0 0 
3300 12837 11999 11361 12184 48 13151 53 0 0 
3400 12850 12036 11413 12265 47 13192 52 0 0 
3500 12878 12071 11430 12224 52 13182 66 0 0 
3600 12876 12016 11346 12203 52 13168 59 0 0 
3700 12848 11910 11288 12043 30 13125 66 0 0 
3800 12817 12062 11370 12220 34 13245 53 0 0 
3900 12921 12077 11481 12196 31 13095 48 0 0 
4000 12925 12080 11440 12157 45 13246 66 0 0 
4100 12923 12113 11431 12127 38 13188 70 0 0 
4200 13013 12099 11360 12091 43 13100 72 0 0 
4300 12957 12158 11512 12173 39 13123 62 0 0 
4400 13014 12115 11486 12277 55 13185 31 0 0 
4500 12997 12132 11500 12159 56 13246 56 0 0 
4600 12952 12279 11626 12325 33 13173 47 0 0 
4700 13025 12154 11521 12186 45 13200 62 0 0 
4800 13149 12302 11677 12341 37 13284 56 0 0 
4900 13054 12195 11501 12202 40 13263 47 0 0 
5000 13126 12206 11501 12244 38 13244 54 0 0 
5100 13047 12270 11535 12250 47 13229 49 0 0 
5200 13096 12213 11600 12292 31 13282 56 0 0 
5300 13026 12186 11538 12278 45 13279 48 0 0 
5400 13051 12246 11598 12301 44 13275 46 0 0 
5500 13076 12302 11541 12331 42 13267 61 0 0 
5600 13085 12310 11671 12311 39 13314 70 0 0 
5700 13104 12399 11771 12414 34 13314 58 0 0 
5800 13119 12326 11698 12284 32 13242 58 0 0 
5900 13095 12271 11618 12323 80 13264 75 0 0 
6000 13127 12329 11674 12335 490 13280 45 0 0 
6100 13082 12327 11667 12303 1159 13303 73 0 0 
6200 13058 12435 11844 12383 2267 13289 86 0 0 
6300 13034 12344 11647 12400 3374 13255 140 0 0 
6400 12993 12468 11787 12495 4532 13395 110 0 0 
6500 12964 12383 11781 12473 5572 13385 103 0 0 
6600 12857 12282 11623 12402 6517 13344 117 0 0 
6700 12806 12420 11758 12530 7482 13357 123 0 3 
6800 12858 12448 11813 12528 8479 13307 129 0 0 
6900 12790 12351 11644 12380 9272 13294 110 0 1 
7000 12821 12198 11640 12417 9920 13308 107 0 0 
7100 12845 12375 11790 12533 10605 13312 71 0 4 
7200 12820 12302 11775 12501 11025 13368 63 0 0 
7300 12720 12351 11786 12565 11405 13358 66 0 0 
7400 12742 12401 11749 12546 11737 13378 52 0 0 
7500 12732 12204 11643 12445 11999 13331 76 0 2 
7600 12740 12256 11684 12495 12279 13371 65 0 2 
7700 12710 12247 11741 12461 12367 13409 68 0 7 
7800 12753 12279 11707 12474 12354 13339 77 0 1 
7900 12766 12327 11764 12589 12406 13290 80 0 0 
8000 12804 12326 11739 12557 12474 13389 79 0 2 
8100 12696 12270 11649 12491 12288 13377 75 0 1 
8200 12888 12225 11686 12485 12469 13420 66 0 1 
8300 12810 12366 11812 12505 12392 13365 69 0 8 
8400 12728 12264 11659 12433 12329 13384 88 0 8 
8500 12860 12361 11825 12591 12541 13378 63 0 0 
8600 12856 12368 11721 12467 12478 13384 63 0 3 
8700 12877 12419 11835 12537 12586 13452 50 0 2 
8800 12824 12391 11842 12608 12488 13388 63 0 2 
8900 12953 12397 11974 12656 12494 13405 52 0 5 
9000 12861 12347 11695 12522 12453 13360 57 0 74 
9100 12936 12372 11473 12595 12553 13382 58 1 316 
9200 12947 12244 10800 12518 12537 13363 70 3 732 
9300 12950 12197 10157 12488 12524 13210 89 1 1305 
9400 13041 12358 9687 12616 12521 12932 70 5 2023 
9500 13033 12266 9754 12660 12432 11645 61 6 2908 
9600 13115 12273 10165 12791 12320 10270 66 8 3988 
9700 13124 12340 10666 12848 12318 8932 74 2 4825 
9800 13134 12286 11448 12815 12244 9758 102 7 5129 
9900 13132 12356 11976 12823 12333 10575 85 10 5530 
10000 13153 12325 12236 12833 12279 10954 80 12 5651 
