# Avida tasks data
# Sun Apr 16 20:11:08 2023
# First column gives the current update, next columns give the number
# of organisms that have the particular task as a component of their merit
#  1: Update
#  2: Not
#  3: Nand
#  4: And
#  5: OrNot
#  6: Or
#  7: AndNot
#  8: Nor
#  9: Xor
# 10: Equals

0 0 0 0 0 0 0 0 0 0 
100 0 0 0 0 0 0 0 0 0 
200 0 0 0 0 0 0 0 0 0 
300 0 0 0 0 0 0 0 0 0 
400 0 0 0 0 0 0 0 0 0 
500 0 0 0 0 0 0 0 0 0 
600 4 0 0 0 0 0 0 0 0 
700 63 0 0 0 0 0 0 0 0 
800 310 0 0 0 0 0 0 0 0 
900 696 2 0 0 0 0 0 0 0 
1000 1164 30 0 0 0 0 0 0 0 
1100 1609 65 0 2 0 0 0 0 0 
1200 2236 114 0 2 0 0 0 0 0 
1300 2772 200 0 94 0 0 0 0 0 
1400 3341 357 0 450 385 0 0 0 0 
1500 3540 383 6 2039 1781 366 733 0 0 
1600 4833 1382 4 3783 3476 2752 2764 0 0 
1700 6502 3438 5 5278 4910 4540 4179 0 0 
1800 7983 5234 7 7029 6351 6236 5641 2 0 
1900 9205 6922 16 8329 7598 7627 6921 0 0 
2000 10227 8407 20 9521 8558 8752 7921 1 0 
2100 11096 9943 27 10528 9384 9795 8876 3 0 
2200 11806 11194 44 11353 10096 10654 9651 0 0 
2300 12284 11820 28 11816 10635 11055 10057 0 0 
2400 12663 12249 38 12093 10919 11402 10419 0 0 
2500 12979 12718 39 12289 11100 11512 10544 3 0 
2600 13024 12956 24 12434 11209 11630 10584 0 0 
2700 13138 12959 33 12424 11260 11718 10700 1 0 
2800 13160 12951 27 12423 11250 11754 10777 2 0 
2900 13186 12921 24 12388 11209 11665 10676 0 0 
3000 13156 12966 27 12435 11242 11668 10750 0 0 
3100 13185 12827 29 12352 11276 11677 10719 0 0 
3200 13195 12890 27 12306 11167 11570 10567 0 70 
3300 13200 12889 49 12340 11303 11712 10507 1 325 
3400 12804 12940 87 12317 11265 11735 10119 0 1044 
3500 10538 12911 122 12320 11187 11630 10710 1 2385 
3600 8605 13020 144 12284 11179 11596 11100 0 3913 
3700 6634 13079 140 12286 11045 11505 11303 2 5368 
3800 5119 13051 183 10973 11075 11527 11438 0 6764 
3900 4528 13004 241 11078 11043 11517 11474 0 7284 
4000 4513 13059 232 11765 11125 11495 11540 0 7336 
4100 4447 12667 256 11861 11068 11393 11522 0 7410 
4200 3900 12826 291 11968 11064 11339 11546 0 7863 
4300 3875 12862 293 11956 11003 11311 11555 0 7830 
4400 3874 12948 307 12106 11061 11392 11573 0 7897 
