# Avida tasks data
# Sun Apr 16 21:26:43 2023
# First column gives the current update, next columns give the number
# of organisms that have the particular task as a component of their merit
#  1: Update
#  2: Not
#  3: Nand
#  4: And
#  5: OrNot
#  6: Or
#  7: AndNot
#  8: Nor
#  9: Xor
# 10: Equals

0 0 0 0 0 0 0 0 0 0 
100 0 0 0 0 0 0 0 0 0 
200 0 0 0 0 0 0 0 0 0 
300 0 0 0 0 0 0 0 0 0 
400 0 0 0 0 0 0 0 0 0 
500 0 0 0 0 0 0 0 0 0 
600 0 8 0 0 0 0 0 0 0 
700 8 316 0 1210 0 0 0 0 0 
800 114 1662 0 2977 1 0 0 0 0 
900 169 2603 164 3470 2 7 0 0 0 
1000 460 4506 552 5120 4 9 3 0 0 
1100 780 5517 697 6020 2 8 2 0 0 
1200 1099 6226 823 6883 22 18 8 0 0 
1300 1160 6537 1420 7248 8 85 9 0 0 
1400 1118 6549 1811 7259 9 79 9 0 0 
1500 1128 6551 1796 7261 9 79 9 0 0 
1600 1134 6570 1860 7270 8 81 9 0 0 
1700 1099 6620 2075 7306 9 80 9 0 0 
1800 1143 6626 2133 7308 8 67 9 0 0 
1900 1079 6708 2570 7388 4 69 9 0 0 
2000 1177 7924 4207 8645 6 73 6 0 0 
2100 1281 9186 5608 9860 9 87 5 0 0 
2200 1288 9994 6583 10654 6 104 5 0 0 
2300 1291 10372 7196 11006 7 98 5 0 0 
2400 1290 10416 7001 11063 7 106 5 0 0 
