# Avida tasks data
# Sun Apr 16 22:59:12 2023
# First column gives the current update, next columns give the number
# of organisms that have the particular task as a component of their merit
#  1: Update
#  2: Not
#  3: Nand
#  4: And
#  5: OrNot
#  6: Or
#  7: AndNot
#  8: Nor
#  9: Xor
# 10: Equals

0 0 0 0 0 0 0 0 0 0 
100 0 0 0 0 0 0 0 0 0 
200 0 0 0 0 0 0 0 0 0 
300 0 0 0 0 0 0 0 0 0 
400 0 0 0 0 0 0 0 0 0 
500 0 0 0 0 0 0 0 0 0 
600 0 0 0 0 0 0 0 0 0 
700 286 0 0 0 0 0 0 0 0 
800 1329 828 0 22 0 0 0 0 0 
900 2570 2238 2 37 0 0 0 0 0 
1000 4143 3900 0 62 0 0 0 0 0 
1100 5563 5394 0 98 3 0 0 0 0 
1200 6983 6836 0 273 5 0 0 0 0 
1300 8161 8093 1 491 7 0 0 0 0 
1400 9317 9236 0 732 8 0 0 0 0 
1500 10248 10205 0 1041 11 0 0 0 0 
1600 10850 10830 0 1463 11 0 0 0 0 
1700 11226 11206 0 1760 61 1 1 3 567 
1800 11458 11367 0 1427 1445 0 3 10 1496 
1900 11772 11534 1 1064 3123 0 2 34 2641 
2000 11675 11604 0 1065 3444 0 0 36 3086 
2100 11690 11599 0 1073 3829 7 5 23 3486 
2200 11247 11621 0 1376 3984 5 7 44 3715 
2300 11609 11552 4 1139 3683 4 5 47 3858 
2400 11708 11615 10 1172 3858 3 8 48 4283 
2500 11756 11563 17 1120 4096 3 3 49 4510 
2600 11735 11626 15 1127 4291 4 8 63 4761 
2700 11790 11639 23 1112 4498 4 7 40 5018 
2800 11790 11639 23 1112 4498 4 7 40 5018 
2900 11790 11638 23 1112 4498 4 7 40 5017 
3000 11790 11638 23 1112 4498 4 7 40 5017 
3100 11790 11638 23 1112 4498 4 7 40 5017 
3200 11790 11638 23 1112 4498 4 7 40 5017 
3300 11790 11638 23 1112 4498 4 7 40 5017 
3400 11790 11639 23 1112 4498 4 6 40 5017 
3500 11790 11639 23 1112 4498 4 6 40 5017 
3600 11791 11640 23 1112 4498 4 6 40 5018 
3700 11791 11640 23 1112 4498 4 6 40 5018 
3800 11791 11640 23 1112 4498 4 6 40 5018 
3900 11791 11639 23 1112 4497 4 6 40 5017 
4000 11790 11638 23 1112 4497 4 6 40 5016 
4100 11790 11638 23 1114 4497 4 6 40 5015 
4200 11790 11638 23 1114 4497 4 6 40 5015 
4300 11790 11638 23 1114 4497 4 6 40 5015 
4400 11790 11638 23 1114 4497 4 6 40 5015 
4500 11790 11638 23 1114 4497 4 6 40 5015 
4600 11790 11638 23 1114 4497 4 6 40 5015 
4700 11808 11606 26 1094 4515 6 11 49 5097 
4800 11809 11607 26 1094 4515 6 11 49 5098 
4900 11808 11606 26 1094 4515 6 11 49 5097 
5000 11804 11604 26 1094 4514 6 11 49 5096 
5100 11805 11605 26 1094 4514 6 11 49 5097 
5200 11806 11604 26 1094 4513 6 11 49 5096 
5300 11805 11603 26 1094 4512 6 11 49 5094 
5400 11805 11603 26 1094 4512 6 11 49 5094 
5500 11805 11603 26 1094 4512 6 11 49 5094 
5600 11806 11604 26 1094 4512 6 11 49 5095 
5700 11805 11603 26 1094 4512 6 11 49 5094 
5800 11806 11604 26 1094 4512 6 11 49 5095 
5900 11805 11603 26 1094 4512 6 11 49 5094 
6000 11805 11603 26 1094 4512 6 11 49 5094 
6100 11805 11603 26 1094 4512 6 11 49 5094 
6200 11806 11604 26 1094 4512 6 11 49 5095 
6300 11804 11606 26 1094 4512 6 11 49 5095 
6400 11803 11605 26 1094 4512 6 11 49 5094 
6500 11803 11605 26 1094 4512 6 11 49 5094 
6600 11804 11604 26 1094 4512 6 11 49 5094 
6700 11833 11622 25 1095 4564 3 9 63 5203 
6800 11803 11642 34 1049 4707 3 10 57 5381 
6900 11803 11643 34 1049 4707 3 10 57 5382 
7000 11803 11643 34 1049 4707 3 10 57 5382 
7100 11803 11643 34 1049 4707 3 10 57 5382 
7200 11803 11643 34 1049 4707 3 10 57 5382 
7300 11803 11643 34 1049 4707 3 10 57 5382 
7400 11803 11643 34 1049 4707 3 10 57 5382 
7500 11803 11643 34 1049 4707 3 10 57 5382 
7600 11803 11643 34 1049 4707 3 10 57 5382 
7700 11803 11643 34 1049 4707 3 10 57 5382 
7800 11803 11643 34 1049 4707 3 10 57 5382 
7900 11803 11643 34 1049 4707 3 10 57 5382 
8000 11803 11643 34 1049 4707 3 10 57 5382 
8100 11803 11643 34 1049 4707 3 10 57 5382 
8200 11803 11643 34 1049 4707 3 10 57 5382 
8300 11803 11643 34 1049 4707 3 10 57 5382 
8400 11803 11642 34 1050 4706 3 10 57 5381 
8500 11803 11642 34 1050 4706 3 10 57 5381 
8600 11803 11642 34 1050 4704 3 10 57 5379 
8700 11803 11642 34 1050 4704 3 10 57 5379 
8800 11803 11642 34 1050 4704 3 10 57 5379 
8900 11803 11642 34 1050 4704 3 10 57 5379 
9000 11803 11642 34 1050 4704 3 10 57 5379 
9100 11898 11539 28 1102 4951 4 12 68 5662 
9200 11912 11563 46 1085 5070 3 8 69 5808 
9300 11911 11562 46 1085 5070 3 8 69 5807 
9400 11911 11562 46 1085 5070 3 8 69 5807 
9500 11912 11563 46 1085 5070 3 8 69 5808 
9600 11912 11563 46 1085 5070 3 8 69 5808 
9700 11912 11563 46 1085 5070 3 8 69 5808 
9800 11913 11562 46 1085 5070 3 8 69 5807 
9900 11913 11562 46 1087 5068 3 8 69 5805 
10000 11912 11561 46 1087 5068 3 8 69 5804 
