# Avida tasks data
# Sun Apr 16 22:52:16 2023
# First column gives the current update, next columns give the number
# of organisms that have the particular task as a component of their merit
#  1: Update
#  2: Not
#  3: Nand
#  4: And
#  5: OrNot
#  6: Or
#  7: AndNot
#  8: Nor
#  9: Xor
# 10: Equals

0 0 0 0 0 0 0 0 0 0 
100 0 0 0 0 0 0 0 0 0 
200 0 0 0 0 0 0 0 0 0 
300 0 0 0 0 0 0 0 0 0 
400 0 0 0 0 0 0 0 0 0 
500 0 0 0 0 0 0 0 0 0 
600 0 0 0 0 0 0 0 0 0 
700 0 0 0 0 0 0 0 0 0 
800 188 24 0 3 0 0 0 0 0 
900 1526 586 0 11 2 0 0 0 0 
1000 3541 2830 0 642 0 0 0 0 0 
1100 5703 5343 2 2108 3 0 0 0 0 
1200 7647 7385 2 3550 13 0 0 0 0 
1300 8914 8923 2 4558 12 1 0 0 0 
1400 9918 9987 4 5478 143 3 0 0 0 
1500 10463 10649 0 6015 267 2 0 0 0 
1600 11068 11189 1 6575 853 0 0 0 0 
1700 11424 11552 3 7017 1780 0 0 0 0 
1800 11736 11890 0 7611 3102 1 0 0 0 
1900 11989 12172 0 8362 4473 2 0 0 0 
2000 12187 12434 0 8785 5722 36 0 0 0 
2100 12418 12626 2 9158 6807 31 0 0 0 
2200 12645 12832 6 9628 7879 80 1 0 0 
2300 12859 13033 4 9454 8226 325 451 0 0 
2400 12786 12974 6 8089 7769 898 1929 0 0 
2500 12710 13099 16 6681 7298 1394 3882 0 0 
2600 12790 13088 8 6321 6982 1664 5313 0 0 
2700 12725 13214 13 6470 6824 1920 6307 0 0 
2800 12687 13212 10 6543 7037 2027 7187 0 0 
2900 12684 13230 76 5927 7356 1930 7847 0 1264 
3000 12745 13269 142 4657 7780 1886 8778 0 2861 
3100 12687 13244 137 4345 7833 1885 8985 0 3174 
3200 12687 13244 136 4345 7833 1886 8985 0 3174 
3300 12710 13211 137 4213 7861 1885 9052 0 3401 
3400 12631 12736 228 3137 8342 1756 10023 0 4921 
3500 12640 13303 221 2835 8621 1737 10527 0 5402 
3600 12665 13360 211 2741 8906 1706 10806 0 5727 
3700 12586 13454 267 2520 9319 1496 11033 0 6299 
3800 12564 13477 263 2536 9413 1465 11031 0 6387 
3900 12605 13467 281 2405 9868 1241 11140 0 6904 
4000 12663 13494 288 2491 10141 1088 11210 0 7331 
4100 12645 13481 306 2516 10492 863 11250 0 7737 
4200 12652 13487 305 2515 10496 860 11257 0 7751 
4300 12649 13486 327 2523 10478 848 11233 0 7721 
4400 12591 13500 367 2605 10730 690 11196 0 8161 
4500 12592 13470 396 2671 10950 487 11205 0 8545 
4600 12756 13483 375 2759 11269 382 11367 1 9017 
4700 12694 13449 406 2836 11220 351 11217 0 9046 
4800 12618 13464 446 2888 11342 315 11296 0 9278 
4900 12614 13459 444 2900 11334 317 11290 0 9273 
5000 12656 13485 421 2989 11340 295 11337 0 9351 
5100 12651 13486 426 2990 11335 295 11332 0 9346 
5200 12659 13537 393 3083 11458 289 11435 0 9493 
5300 12696 13500 418 3302 11483 241 11319 0 9681 
5400 12791 13422 427 3241 11508 238 11331 0 9710 
5500 12763 13424 426 3377 11510 240 11329 0 9692 
5600 12777 13423 426 3378 11523 236 11348 0 9707 
5700 12760 13438 433 3655 11511 230 11330 0 9719 
5800 12706 13454 502 4269 11500 234 11319 0 9771 
5900 12678 13448 536 4498 11535 221 11358 0 9797 
6000 12678 13449 539 4499 11533 221 11356 0 9795 
