# Avida tasks data
# Sun Apr 16 23:19:10 2023
# First column gives the current update, next columns give the number
# of organisms that have the particular task as a component of their merit
#  1: Update
#  2: Not
#  3: Nand
#  4: And
#  5: OrNot
#  6: Or
#  7: AndNot
#  8: Nor
#  9: Xor
# 10: Equals

0 0 0 0 0 0 0 0 0 0 
100 0 0 0 0 0 0 0 0 0 
200 0 0 0 0 0 0 0 0 0 
300 0 0 0 0 0 0 0 0 0 
400 0 0 0 0 0 0 0 0 0 
500 0 0 0 0 0 0 0 0 0 
600 0 0 0 0 0 0 0 0 0 
700 0 0 0 0 0 0 0 0 0 
800 492 10 0 0 0 0 0 0 0 
900 1610 660 0 0 0 0 0 0 0 
1000 2571 2017 0 4 0 0 0 0 0 
1100 3449 4231 0 100 3 0 0 0 0 
1200 4321 6209 0 1422 0 3 0 0 0 
1300 5847 7918 4 3579 1 6 0 0 0 
1400 7547 8921 49 5358 2 15 0 0 0 
1500 9021 9841 47 6984 5 23 0 0 0 
1600 10286 10731 29 8323 0 34 0 0 0 
1700 11221 11387 45 9513 2 39 0 0 0 
1800 11907 11995 47 10429 4 41 0 0 0 
1900 12276 12458 19 11003 0 40 0 0 0 
2000 12657 12729 19 11540 3 38 0 0 0 
2100 12743 12881 4 11991 3 45 0 0 0 
2200 12844 13062 8 12414 4 91 4 0 0 
2300 12924 13117 3 12544 1 119 3 0 0 
2400 12987 13085 4 12715 5 222 1 0 0 
2500 13070 13059 20 12756 11 467 7 0 0 
2600 12972 13162 23 12693 54 678 5 0 0 
2700 13071 13131 146 12789 5 866 363 0 0 
2800 13041 13096 211 12889 7 812 2286 0 0 
2900 13142 13167 119 12768 21 1165 4158 0 0 
3000 13176 13264 84 12830 16 1811 5765 0 0 
3100 13251 13319 64 12761 35 2350 7088 0 0 
3200 13247 13309 45 12753 38 2962 8541 0 0 
3300 13340 13349 38 12791 38 3566 9690 0 0 
3400 13388 13420 29 12747 125 4364 10678 0 0 
3500 13478 13400 36 12779 244 4871 11330 0 0 
3600 13366 13429 62 12683 637 5507 11642 0 0 
3700 13420 13441 173 12796 1069 6205 12168 0 0 
3800 13377 13352 389 12733 1514 6711 12406 0 0 
3900 13424 13430 620 12692 2045 7313 12401 0 0 
4000 13360 13455 869 12662 2654 7601 12335 0 0 
4100 13401 13498 1169 12725 3198 7985 12472 0 0 
4200 13394 13395 1409 12779 3722 8161 12435 0 0 
4300 13412 13460 1668 12754 4346 8346 12509 0 0 
4400 13332 13388 1914 12762 4966 8468 12405 0 0 
4500 13407 13419 2191 12773 5427 8508 12493 0 0 
4600 13392 13410 2550 12674 5982 8566 12388 0 0 
4700 13280 13462 3013 12787 6465 8319 12470 1 0 
4800 13368 13429 3576 12787 6939 7885 12494 0 0 
4900 13385 13372 4081 12754 7373 7562 12502 0 0 
5000 13333 13406 4746 12655 7678 7154 12412 0 0 
5100 13391 13372 5386 12811 8028 7195 12556 0 0 
5200 13370 13394 6022 12727 8421 7538 12472 0 0 
5300 13318 13431 6434 12778 8861 8200 12472 0 0 
5400 13440 13422 7163 12815 9086 8748 12484 0 1 
5500 13476 13517 7816 12815 9620 9299 12550 0 0 
5600 13351 13487 8420 12822 10043 9947 12521 0 0 
5700 13434 13430 9092 12943 10486 10366 12677 0 0 
5800 13431 13544 9715 12863 10847 10750 12606 0 0 
5900 13427 13483 10275 12917 10995 10956 12682 0 0 
6000 13466 13490 10871 12946 11326 11235 12703 0 0 
6100 13545 13574 11487 12858 11609 11799 12617 0 0 
6200 13527 13492 11746 12888 11893 11944 12693 0 0 
6300 13530 13562 11979 12896 12256 12126 12701 0 0 
6400 13546 13608 12146 13001 12577 12456 12759 2 0 
6500 13508 13541 12175 13015 12486 12480 12732 3 0 
6600 13490 13666 12255 13056 12699 12543 12826 7 0 
6700 13589 13625 12212 12913 12635 12583 12699 0 0 
6800 13498 13646 12398 12906 12704 12739 12698 0 0 
6900 13482 13703 12315 13002 12747 12661 12737 0 0 
7000 13542 13592 12309 12980 12652 12728 12842 0 0 
7100 13515 13645 12301 12951 12635 12667 12751 0 0 
7200 13571 13587 12287 13021 12524 12685 12766 0 0 
7300 13518 13618 12256 13005 12508 12612 12730 0 0 
7400 13546 13588 12174 12969 12482 12600 12695 0 0 
7500 13508 13573 12187 12978 12503 12613 12765 0 0 
7600 13550 13643 12246 13032 12593 12638 12822 0 0 
7700 13517 13650 12273 12971 12603 12698 12760 0 0 
7800 13489 13602 12138 12942 12529 12607 12735 0 0 
7900 13554 13574 12224 12979 12564 12712 12754 0 0 
8000 13558 13575 12243 13005 12593 12671 12752 0 0 
8100 13480 13683 12267 12992 12658 12650 12719 0 0 
8200 13538 13661 12269 13001 12699 12686 12786 0 0 
8300 13513 13624 12176 12976 12557 12640 12756 0 0 
8400 13515 13638 12237 12938 12622 12484 12740 1 0 
8500 13484 13564 12208 13027 12683 12538 12813 0 0 
8600 13524 13632 12245 12983 12653 12748 12805 0 0 
8700 13508 13645 12252 12999 12526 12658 12785 1 0 
8800 13549 13610 12199 13023 12614 12609 12799 0 0 
8900 13470 13616 12311 13045 12660 12683 12790 0 0 
9000 13505 13557 12222 12953 12586 12650 12760 0 2 
9100 13548 13622 12283 13022 12563 12661 12827 0 0 
9200 13455 13591 12218 13056 12580 12640 12762 0 0 
9300 13548 13639 12299 12993 12679 12731 12760 0 0 
9400 13529 13591 12259 13029 12647 12710 12791 0 0 
9500 13640 13652 12401 13019 12669 12755 12817 0 0 
9600 13523 13647 12356 12993 12676 12607 12744 0 0 
9700 13559 13602 12282 13014 12585 12606 12715 0 0 
9800 13593 13625 12430 13059 12663 12727 12805 0 0 
9900 13548 13618 12326 13093 12657 12685 12824 0 0 
10000 13563 13626 12277 13049 12517 12754 12807 3 0 
