# Avida tasks data
# Sun Apr 16 23:08:27 2023
# First column gives the current update, next columns give the number
# of organisms that have the particular task as a component of their merit
#  1: Update
#  2: Not
#  3: Nand
#  4: And
#  5: OrNot
#  6: Or
#  7: AndNot
#  8: Nor
#  9: Xor
# 10: Equals

0 0 0 0 0 0 0 0 0 0 
100 0 0 0 0 0 0 0 0 0 
200 0 0 0 0 0 0 0 0 0 
300 0 0 0 0 0 0 0 0 0 
400 0 0 0 0 0 0 0 0 0 
500 0 0 0 0 0 0 0 0 0 
600 0 0 0 0 0 0 0 0 0 
700 486 97 0 0 0 0 0 0 0 
800 1660 319 0 4 0 0 0 0 0 
900 3145 1399 0 152 0 0 0 0 0 
1000 4550 2525 0 620 3 1 0 0 0 
1100 5230 3160 0 1701 25 1 0 0 0 
1200 6048 4029 0 2584 32 1 0 0 0 
1300 6426 4489 2 2305 31 1 0 0 0 
1400 7470 5723 2 2273 31 1 0 0 0 
1500 7729 6035 0 2201 31 1 0 0 0 
1600 7918 6311 0 2129 27 1 0 0 0 
1700 8170 6545 0 2017 26 1 0 0 0 
1800 8285 6767 0 1948 28 1 0 0 0 
1900 8492 7068 0 1963 27 1 0 0 0 
2000 8646 7247 0 1954 28 1 0 0 0 
2100 8730 7389 0 1962 28 2 0 0 0 
2200 8756 7488 0 1955 29 1 0 0 0 
2300 8775 7532 0 1983 27 2 0 0 0 
2400 8752 7568 0 1971 29 1 0 0 0 
2500 8803 7703 1 1971 28 1 0 0 0 
2600 8823 7769 0 1977 27 1 0 0 0 
2700 8880 7875 1 2011 27 1 0 0 0 
2800 8899 7964 1 1981 28 1 0 0 0 
2900 8962 8031 0 1977 26 1 0 0 0 
3000 8964 8166 0 1968 28 1 0 0 0 
3100 9050 8305 0 1943 29 2 0 0 0 
3200 9162 8456 0 1943 27 1 0 0 0 
3300 9100 8544 2 1922 28 1 0 0 0 
3400 9172 8649 1 1890 31 2 0 0 0 
3500 9243 8738 1 1857 25 1 0 0 0 
3600 9305 8866 1 1829 26 1 0 0 0 
3700 9350 9019 0 1764 25 1 0 0 0 
3800 9453 9128 1 1751 28 2 0 0 0 
3900 9517 9291 0 1720 29 4 0 0 0 
4000 9539 9348 0 1693 27 2 0 0 0 
4100 9682 9494 1 1652 26 1 2 0 0 
4200 9744 9616 1 1597 25 1 2 0 0 
4300 9846 9794 3 1565 24 2 2 0 0 
4400 9923 9973 3 1530 22 1 1 0 0 
4500 9983 10104 0 1495 24 1 1 0 0 
4600 10012 10186 0 1449 23 1 1 0 0 
4700 10128 10349 0 1420 20 3 1 0 0 
4800 10207 10474 0 1367 18 1 0 0 0 
4900 10324 10634 0 1315 17 3 0 0 0 
5000 10417 10762 1 1270 19 2 0 0 0 
5100 10556 10951 0 1251 15 2 0 0 0 
5200 10623 11063 2 1189 16 3 0 0 0 
5300 10885 11345 2 1189 16 3 0 0 0 
5400 11052 11562 2 1191 16 3 0 0 0 
5500 11148 11685 2 1182 16 3 0 0 0 
5600 11399 11951 2 1176 18 3 0 0 0 
5700 11658 12311 2 1147 15 3 0 0 0 
5800 11871 12576 3 1084 17 5 0 0 0 
5900 12060 12842 2 1019 18 2 0 0 0 
6000 12086 13014 5 978 13 2 0 0 0 
6100 12121 13068 2 892 8 2 0 0 0 
6200 12182 13181 3 860 7 2 0 0 0 
6300 12194 13235 3 828 5 4 0 0 0 
6400 12205 13276 2 768 6 4 0 0 0 
6500 12281 13310 3 764 12 2 0 0 0 
6600 12350 13379 4 763 9 3 0 0 0 
6700 12387 13455 5 719 6 5 0 0 0 
6800 12437 13507 4 745 9 5 0 0 0 
6900 12511 13570 4 735 8 4 0 0 0 
7000 12584 13647 4 717 7 2 0 0 0 
7100 12597 13675 8 727 7 318 0 0 0 
7200 12618 13666 12 720 6 745 0 0 0 
7300 12609 13682 22 713 9 977 0 0 0 
7400 12607 13667 21 704 7 1249 0 0 0 
7500 12600 13654 18 702 6 1434 0 0 0 
7600 12654 13676 16 689 7 1734 0 0 0 
7700 12618 13671 17 679 8 1948 0 0 0 
7800 12642 13652 26 688 13 2116 0 0 0 
7900 12574 13645 23 677 9 2354 0 0 0 
8000 12600 13630 29 670 11 2578 0 0 0 
8100 12624 13654 23 660 12 2622 0 0 0 
8200 12626 13658 23 660 12 2626 0 0 0 
8300 12608 13655 27 663 13 2674 0 0 0 
8400 12609 13642 31 663 11 2673 0 0 0 
8500 12637 13651 33 650 10 2879 2 0 0 
8600 12654 13657 40 655 11 2944 1 0 0 
8700 12574 13629 37 639 15 3025 0 0 0 
8800 12623 13659 36 639 24 3231 0 0 0 
8900 12598 13657 40 648 18 3329 0 0 0 
9000 12613 13628 36 643 22 3434 0 0 0 
9100 12608 13623 43 619 29 3597 0 0 0 
9200 12647 13630 57 634 29 3819 3 0 0 
9300 12635 13625 44 631 34 3886 3 0 0 
9400 12604 13577 28 629 28 4042 0 0 0 
9500 12641 13589 38 633 37 4251 3 0 0 
9600 12644 13586 48 617 29 4404 3 0 0 
9700 12644 13569 58 633 25 4462 1 0 0 
9800 12641 13564 62 630 30 4461 1 0 0 
9900 12635 13567 60 618 31 4452 1 0 0 
10000 12639 13564 63 625 28 4452 3 0 0 
