# Avida tasks data
# Sun Apr 16 22:28:42 2023
# First column gives the current update, next columns give the number
# of organisms that have the particular task as a component of their merit
#  1: Update
#  2: Not
#  3: Nand
#  4: And
#  5: OrNot
#  6: Or
#  7: AndNot
#  8: Nor
#  9: Xor
# 10: Equals

0 0 0 0 0 0 0 0 0 0 
100 0 0 0 0 0 0 0 0 0 
200 0 0 0 0 0 0 0 0 0 
300 0 0 0 0 0 0 0 0 0 
400 0 0 0 0 0 0 0 0 0 
500 0 0 0 0 0 0 0 0 0 
600 0 0 0 0 0 0 0 0 0 
700 0 0 0 0 0 0 0 0 0 
800 179 47 0 0 0 0 0 0 0 
900 956 1366 0 1290 0 0 0 0 0 
1000 2786 4376 308 4203 124 1 0 0 0 
1100 3973 6887 3586 6473 187 50 0 0 0 
1200 5330 8075 5733 7759 85 92 1 0 0 
1300 6839 8963 7450 8752 38 128 0 0 0 
1400 8393 9735 8694 9694 38 174 3 0 0 
1500 9950 10731 9852 10661 48 173 1 0 0 
1600 11163 11420 10854 11546 64 215 1 0 0 
1700 12031 12178 11630 12219 57 177 4 0 0 
1800 12506 12605 11963 12599 55 186 13 0 0 
1900 12883 12864 12249 12906 62 179 61 0 0 
2000 12757 12843 12307 12993 54 197 389 0 0 
2100 12704 12901 12363 13044 51 175 1699 0 0 
2200 12557 12874 12334 13022 39 160 3438 0 0 
2300 12544 12785 12324 13152 47 139 4743 0 1 
2400 12528 12677 12243 13114 112 201 6014 0 2 
2500 12623 12628 12245 13217 323 160 7209 0 0 
2600 12665 12689 12232 13168 769 165 8219 0 0 
2700 12860 12688 12248 13215 1296 160 9058 0 3 
2800 12942 12769 12299 13205 1916 140 9656 6 0 
2900 13038 12667 12266 13198 2714 153 9996 1 2 
3000 12995 12716 12287 13218 3427 140 10296 0 0 
3100 13110 12674 12280 13221 4296 136 10606 0 0 
3200 13097 12699 12340 13236 5328 135 10939 1 9 
3300 13018 12722 12371 13175 6340 139 11147 5 8 
3400 13002 12749 12378 13256 7088 133 11265 12 18 
3500 13049 12735 12370 13219 7903 116 11321 6 91 
3600 13048 12822 12460 13273 8525 128 10907 1 657 
3700 13093 12783 12420 13292 9082 108 10110 4 1477 
3800 13076 12726 12393 13259 9611 122 9089 0 2474 
3900 13077 12712 12388 13243 9925 113 7962 0 3584 
4000 13072 12723 12365 13283 10244 107 6977 0 4576 
4100 13035 12671 12301 13275 10320 137 6237 0 5260 
4200 12977 12722 12351 13244 10311 122 5548 0 5928 
4300 12964 12710 12394 13289 10473 138 4476 0 7007 
4400 12968 12650 12334 13215 10538 113 3807 0 7583 
4500 12971 12738 12424 13300 10713 118 3395 0 8161 
4600 13026 12556 12295 13233 10597 116 2809 0 8487 
4700 13034 12643 12328 13206 10662 128 2248 0 9308 
4800 12955 12515 12146 13198 10576 164 2684 0 9710 
4900 12959 12514 12143 13197 10573 164 2681 0 9705 
5000 12962 12515 12146 13198 10572 164 2686 0 9708 
5100 12961 12526 12149 13197 10581 166 2692 0 9711 
5200 12963 12530 12145 13193 10582 164 2690 0 9711 
5300 12960 12535 12150 13198 10587 164 2694 0 9714 
5400 12963 12534 12148 13202 10586 167 2697 0 9714 
5500 12968 12541 12145 13197 10591 166 2704 0 9713 
5600 13005 12637 12251 13183 10596 123 3490 0 10121 
5700 12917 12613 12187 13156 10665 113 4381 0 10410 
5800 12988 12659 12228 13214 10641 123 4634 0 10559 
5900 12978 12722 12256 13189 10630 111 5251 0 10638 
6000 12960 12684 12255 13112 10695 111 5822 0 10667 
6100 12926 12681 12254 13063 10658 102 5978 0 10640 
6200 12837 12649 12238 12893 10704 97 6277 0 10630 
6300 12637 12620 12224 12766 10684 88 6622 0 10614 
6400 11735 12674 12257 12639 10718 95 7096 0 10684 
6500 11343 12683 12284 12687 10818 82 7392 0 10788 
6600 10953 12722 12340 12752 10966 80 7703 0 10891 
6700 10548 12742 12388 12770 11128 86 7983 0 10972 
6800 10140 12778 12451 12788 11206 75 8218 0 11100 
6900 9661 12785 12440 12797 11320 68 8471 0 11138 
7000 9589 12805 12483 12853 11355 66 8543 0 11171 
7100 9851 12813 12489 12859 11241 65 8569 0 11177 
7200 10138 12806 12467 12837 10878 65 8557 0 11163 
7300 10152 12798 12465 12831 10829 65 8548 0 11146 
7400 10062 12779 12440 12824 10800 69 8533 0 11118 
