# Avida tasks data
# Sun Apr 16 22:40:01 2023
# First column gives the current update, next columns give the number
# of organisms that have the particular task as a component of their merit
#  1: Update
#  2: Not
#  3: Nand
#  4: And
#  5: OrNot
#  6: Or
#  7: AndNot
#  8: Nor
#  9: Xor
# 10: Equals

0 0 0 0 0 0 0 0 0 0 
100 0 0 0 0 0 0 0 0 0 
200 0 0 0 0 0 0 0 0 0 
300 0 0 0 0 0 0 0 0 0 
400 0 0 0 0 0 0 0 0 0 
500 0 0 0 0 0 0 0 0 0 
600 0 0 0 0 0 0 0 0 0 
700 0 0 0 0 0 0 0 0 0 
800 55 0 0 0 0 0 0 0 0 
900 448 0 0 0 0 0 0 0 0 
1000 2252 1311 0 1366 7 0 0 0 0 
1100 4902 4093 0 4075 18 0 0 0 0 
1200 6608 5863 0 5914 66 1 0 0 0 
1300 7895 7165 5 7305 170 967 6 0 0 
1400 8489 7828 23 7968 255 2817 13 0 0 
1500 9265 8647 397 8749 304 3917 31 0 0 
1600 9725 9281 808 9393 263 4735 24 0 0 
1700 10160 9804 1627 9856 215 4770 31 0 0 
1800 10597 10301 2421 10277 155 4813 19 0 0 
1900 10880 10741 3094 10664 95 4982 36 0 0 
2000 11253 11060 3751 10922 82 4923 17 0 0 
2100 11454 11354 4359 11222 47 4905 22 0 0 
2200 11751 11609 5040 11462 38 4791 18 0 0 
2300 11960 11857 5604 11684 30 4974 25 0 0 
2400 12201 11960 5934 11758 16 5343 12 0 0 
2500 12272 12120 6380 11936 19 5985 14 0 0 
2600 12261 12109 6595 11963 595 6269 11 0 0 
2700 12197 12122 6672 11966 1584 6841 12 1 0 
2800 12213 12184 6960 12064 2439 7466 21 0 0 
2900 12205 12186 7249 12026 3302 7934 31 2 0 
3000 12082 12159 7712 12011 4053 8335 116 1 0 
3100 12141 12187 8115 11999 4620 8568 50 0 1092 
3200 12189 12289 8529 12082 5016 8716 76 2 2173 
3300 12271 12241 8582 12007 4977 8666 97 2 2630 
3400 12275 12264 8800 12039 5062 8672 100 4 3042 
3500 12340 12010 8807 11856 5073 8664 89 3 3302 
3600 12368 11871 8750 11703 5024 8622 102 8 3449 
3700 12346 11830 8772 11684 5113 8679 99 5 3683 
3800 12270 11736 8783 11578 5080 8651 94 7 3847 
3900 12261 11644 8830 11459 5139 8646 99 11 4062 
4000 12297 11603 8877 11424 5110 8647 89 10 4181 
4100 12268 11527 8923 11361 5228 8674 99 10 4421 
4200 12230 11406 8941 11324 5335 8738 118 19 4579 
4300 12220 11347 9023 11244 5401 8828 108 12 4716 
4400 12217 11346 9144 11237 5523 8908 137 6 4947 
4500 12259 11307 9155 11220 5607 8982 127 9 5197 
4600 12230 11208 9203 11191 5523 9004 133 8 5314 
4700 12203 11233 9269 11135 5537 9040 132 10 5466 
4800 12261 11278 9325 11197 5591 9089 123 12 5622 
4900 12244 11194 9476 11085 5592 9208 116 16 5711 
5000 12119 11167 9547 11119 5692 9257 112 8 5930 
5100 12178 11085 9584 11040 5621 9341 100 10 6057 
5200 11800 11046 9582 11008 5670 9377 101 4 6062 
5300 11966 11030 9570 10969 5662 9310 109 3 6026 
5400 12024 11035 9569 10970 5630 9257 108 2 5982 
5500 12088 11099 9579 11052 5705 9258 105 2 6047 
5600 12103 11067 9587 11017 5747 9215 118 6 6029 
5700 12121 11108 9631 11093 5761 9187 114 6 6049 
5800 12189 11067 9581 11054 5734 9123 122 5 5994 
5900 12142 11053 9566 11072 5746 9077 111 4 5996 
6000 12142 11069 9590 11106 5814 9104 119 0 6047 
6100 12166 11021 9576 11068 5751 9065 111 3 6016 
6200 12203 11048 9591 11103 5800 9062 112 6 6030 
6300 12246 11042 9582 11046 5818 9105 116 2 6066 
6400 12209 11028 9572 11057 5780 8997 118 2 5981 
6500 12226 11038 9604 11056 5832 9041 112 6 6021 
6600 12273 11018 9583 11079 5858 9053 116 7 6069 
6700 12296 11078 9592 11111 5929 9124 110 7 6146 
6800 12258 11132 9610 11144 5983 9166 109 9 6189 
6900 12277 11110 9609 11107 6005 9190 110 7 6216 
7000 12262 11082 9598 11089 6003 9177 112 8 6230 
7100 12292 11149 9583 11104 6054 9201 111 9 6256 
7200 12239 11121 9662 11071 6087 9248 118 9 6306 
7300 12289 11220 9712 11154 6214 9339 110 6 6475 
7400 12240 11125 9765 11050 6236 9387 121 8 6478 
7500 12289 11181 9810 11117 6396 9485 120 5 6638 
7600 12262 11167 9897 11123 6470 9523 110 4 6684 
7700 12210 11147 9977 11064 6497 9536 99 6 6713 
7800 12191 11065 9986 11001 6566 9602 121 6 6777 
7900 12207 11109 10096 11045 6667 9683 110 4 6892 
8000 12223 11063 10166 10948 6703 9659 118 5 6921 
8100 12223 11082 10263 11038 6847 9782 120 6 7013 
8200 12215 11050 10321 10968 6903 9837 119 3 7097 
8300 12246 11096 10456 10986 7041 9902 113 1 7213 
8400 12249 11149 10508 11031 7196 9939 113 2 7322 
8500 12289 11085 10550 10953 7239 9990 109 3 7390 
8600 12249 11109 10621 10939 7304 10032 117 5 7436 
8700 12268 11077 10682 10932 7419 10108 120 5 7555 
8800 12253 11073 10725 10949 7505 10115 107 2 7586 
8900 12189 11147 10748 11007 7684 10261 107 0 7728 
9000 12247 11161 10835 11047 7768 10288 104 4 7803 
9100 12289 11182 10972 10990 7850 10328 113 1 7922 
9200 12266 11133 11027 10925 7995 10309 124 10 8021 
9300 12274 11116 11103 10963 8036 10410 112 4 8099 
9400 12354 11191 11230 11108 8219 10504 117 8 8265 
9500 12343 11147 11289 11025 8325 10574 123 10 8317 
9600 12311 11163 11331 11002 8439 10605 100 8 8388 
9700 12298 11063 11337 10926 8420 10592 115 3 8393 
9800 12284 11139 11439 10975 8481 10666 106 4 8471 
9900 12377 11181 11500 11047 8594 10731 98 5 8565 
10000 12353 11196 11500 11037 8675 10818 105 12 8628 
