# Avida tasks data
# Mon Apr 17 00:44:22 2023
# First column gives the current update, next columns give the number
# of organisms that have the particular task as a component of their merit
#  1: Update
#  2: Not
#  3: Nand
#  4: And
#  5: OrNot
#  6: Or
#  7: AndNot
#  8: Nor
#  9: Xor
# 10: Equals

0 0 0 0 0 0 0 0 0 0 
100 0 0 0 0 0 0 0 0 0 
200 0 0 0 0 0 0 0 0 0 
300 0 0 0 0 0 0 0 0 0 
400 134 0 0 0 0 0 0 0 0 
500 722 14 0 2 0 0 0 0 0 
600 1679 723 0 55 0 0 0 0 0 
700 3116 2207 0 104 2 0 3 0 0 
800 4074 3269 0 193 4 0 1 0 0 
900 5733 4989 0 235 1 0 3 0 0 
1000 7803 7168 0 321 5 0 5 0 0 
1100 8114 7466 0 330 4 0 3 0 0 
1200 8113 7466 0 331 4 0 3 0 0 
1300 8113 7463 0 331 4 0 3 0 0 
1400 8111 7463 0 331 4 0 3 0 0 
1500 8313 7623 3 706 6 0 3 0 0 
1600 8387 7787 6 1178 6 3 5 0 0 
1700 8523 8046 17 1515 5 5 5 0 0 
1800 8631 8246 21 1870 17 8 8 0 0 
1900 9003 8596 29 2588 26 16 13 0 0 
2000 9362 8952 32 3109 32 16 29 0 0 
2100 10223 9819 44 4061 50 43 21 0 0 
2200 11103 10682 47 4951 48 62 24 0 0 
2300 11708 11288 57 5596 48 55 29 0 0 
2400 12089 11689 60 6087 53 68 24 0 0 
2500 12197 12086 60 6480 51 66 22 0 0 
2600 12341 12273 67 6680 54 66 22 0 0 
2700 12729 12692 66 7074 54 60 20 0 0 
2800 13019 13007 73 7401 61 66 19 0 0 
2900 13357 13348 88 7776 61 65 20 0 0 
3000 13483 13472 81 7924 58 70 20 0 0 
3100 13506 13496 86 8026 61 74 20 0 0 
3200 13515 13497 82 8137 61 74 22 0 0 
3300 13513 13491 81 8260 61 65 24 0 0 
