# Avida tasks data
# Sun Apr 16 19:38:56 2023
# First column gives the current update, next columns give the number
# of organisms that have the particular task as a component of their merit
#  1: Update
#  2: Not
#  3: Nand
#  4: And
#  5: OrNot
#  6: Or
#  7: AndNot
#  8: Nor
#  9: Xor
# 10: Equals

0 0 0 0 0 0 0 0 0 0 
100 0 0 0 0 0 0 0 0 0 
200 0 0 0 0 0 0 0 0 0 
300 0 0 0 0 0 0 0 0 0 
400 0 0 0 0 0 0 0 0 0 
500 0 2 0 0 0 0 0 0 0 
600 0 13 0 0 0 0 0 0 0 
700 3 32 0 0 0 0 0 0 0 
800 62 70 0 0 0 0 0 0 0 
900 189 72 0 42 0 0 0 0 0 
1000 538 45 0 412 2 0 0 0 0 
1100 797 104 0 1796 1118 2 791 0 0 
1200 796 104 0 1792 1118 2 789 0 0 
1300 1696 107 0 1910 1478 0 1128 0 0 
1400 2668 92 0 1898 2239 1 1787 0 0 
1500 3367 76 0 1761 2987 2 2484 0 0 
1600 3806 79 0 1755 3451 0 2949 0 0 
1700 4216 73 0 1751 3848 4 3315 0 0 
1800 4286 66 0 2141 4079 7 3615 0 0 
1900 3987 70 0 3229 4845 72 4453 0 0 
2000 3676 56 2 3893 5382 31 5056 0 0 
2100 3577 66 0 4196 5626 31 5322 0 0 
2200 3577 66 0 4196 5626 31 5322 0 0 
2300 3455 57 2 4641 6041 31 5743 0 2 
2400 3317 54 0 4999 6375 23 6094 0 0 
2500 3229 55 1 5240 6562 27 6310 0 0 
2600 3228 55 1 5241 6565 27 6311 0 0 
2700 3228 55 1 5241 6565 27 6311 0 0 
2800 3226 55 1 5241 6566 27 6311 0 0 
2900 3224 55 1 5241 6564 27 6309 0 0 
