# Avida tasks data
# Mon Apr 17 00:28:45 2023
# First column gives the current update, next columns give the number
# of organisms that have the particular task as a component of their merit
#  1: Update
#  2: Not
#  3: Nand
#  4: And
#  5: OrNot
#  6: Or
#  7: AndNot
#  8: Nor
#  9: Xor
# 10: Equals

0 0 0 0 0 0 0 0 0 0 
100 0 0 0 0 0 0 0 0 0 
200 0 0 0 0 0 0 0 0 0 
300 0 0 0 0 0 0 0 0 0 
400 0 0 0 0 0 0 0 0 0 
500 0 0 0 0 0 0 0 0 0 
600 0 0 0 0 0 0 0 0 0 
700 1135 0 0 0 0 0 0 0 0 
800 2512 0 0 0 0 0 0 0 0 
900 3898 0 0 0 0 0 0 0 0 
1000 5507 2 0 0 0 0 0 0 0 
1100 7099 0 0 0 0 0 0 0 0 
1200 8093 16 0 1 0 0 0 0 0 
1300 9559 1392 0 12 0 0 0 0 0 
1400 10247 3071 0 28 0 368 2 0 0 
1500 10784 4323 4 36 0 2111 4 0 0 
1600 11721 5637 3 99 817 3666 875 0 0 
1700 12351 6879 5 120 2289 4951 2286 0 0 
1800 12624 7945 7 178 3384 6306 3387 0 0 
1900 12789 8815 227 557 4316 7378 4315 0 0 
2000 12866 9289 573 1177 4979 8129 4983 0 0 
2100 12850 9697 1093 1692 5492 8578 5415 0 0 
2200 12833 9998 1680 2344 5860 8951 5808 0 0 
2300 12914 10265 2214 2869 6284 9382 6235 0 0 
2400 12969 10501 2824 3522 6657 9633 6544 0 0 
2500 13015 10685 3331 4106 6915 9902 6767 0 0 
2600 12974 10916 3825 4612 7183 10121 7030 0 0 
2700 13077 11104 4457 5253 7508 10409 7367 0 0 
2800 13115 11328 5029 5870 7824 10660 7680 0 0 
2900 13102 11431 5587 6422 8169 10854 7966 0 0 
3000 13080 11539 6199 7024 8355 10987 8115 0 0 
3100 13169 11712 6828 7675 8715 11228 8516 0 0 
3200 13177 11858 7489 8293 8984 11348 8734 0 0 
3300 13232 11967 7953 8809 9201 11495 8886 0 9 
3400 13191 12050 7621 9031 9239 11589 8841 0 791 
3500 13187 12059 7522 9099 9327 11617 8908 0 964 
3600 13193 12113 7295 8893 9441 11659 8738 0 1362 
3700 13200 12134 7060 9150 9485 11696 9001 0 1651 
3800 13197 12134 7044 9201 9489 11696 9043 0 1664 
3900 13194 12142 7047 9131 9489 11691 8801 0 1719 
