# Avida tasks data
# Sun Apr 16 21:52:15 2023
# First column gives the current update, next columns give the number
# of organisms that have the particular task as a component of their merit
#  1: Update
#  2: Not
#  3: Nand
#  4: And
#  5: OrNot
#  6: Or
#  7: AndNot
#  8: Nor
#  9: Xor
# 10: Equals

0 0 0 0 0 0 0 0 0 0 
100 0 0 0 0 0 0 0 0 0 
200 0 0 0 0 0 0 0 0 0 
300 0 0 0 0 0 0 0 0 0 
400 0 0 0 0 0 0 0 0 0 
500 0 0 0 0 0 0 0 0 0 
600 0 0 0 0 0 0 0 0 0 
700 0 0 0 0 0 0 0 0 0 
800 0 0 0 0 0 0 0 0 0 
900 39 0 0 0 0 0 0 0 0 
1000 251 21 0 0 0 0 0 0 0 
1100 844 400 0 15 0 0 0 0 0 
1200 1620 1612 0 1447 1 0 0 0 0 
1300 2733 2884 0 2670 8 0 0 0 0 
1400 3922 4290 0 4019 7 0 0 0 0 
1500 5077 5528 0 5164 2 0 0 0 0 
1600 6401 6830 0 6394 7 0 0 0 0 
1700 7537 8003 0 7476 16 0 0 0 0 
1800 8689 9123 0 8565 12 0 0 0 0 
1900 9484 10106 4 9478 20 0 0 0 0 
2000 10286 10846 0 10196 62 0 0 0 0 
2100 10934 11526 2 10910 74 1 0 0 0 
2200 11523 12070 0 11432 137 0 0 0 0 
2300 11846 12487 0 11664 206 1 0 0 0 
2400 12160 12739 0 12047 308 9 0 0 0 
2500 12388 13003 2 12214 445 18 0 0 0 
2600 12582 13196 268 12440 501 38 35 0 0 
2700 12745 13177 1137 12479 461 36 112 0 0 
2800 12841 13200 2116 12620 358 45 228 0 0 
2900 13064 13121 2792 12543 235 54 805 0 0 
3000 13099 13081 3230 12534 144 75 1610 0 0 
3100 12999 13135 4289 12627 111 126 2864 0 0 
3200 12909 13283 5219 12684 107 79 4166 0 0 
3300 12803 13323 6035 12627 89 54 5307 0 0 
3400 12777 13330 6827 12649 74 59 6425 0 0 
3500 12789 13428 7652 12688 69 56 7339 0 0 
3600 12772 13516 8499 12787 76 63 8465 0 0 
3700 12729 13539 9193 12792 59 97 9430 0 0 
3800 12691 13580 9789 12782 82 113 10225 0 0 
3900 12780 13560 10226 12735 58 192 10867 0 0 
4000 12815 13525 10744 12787 51 190 11399 0 0 
4100 12869 13558 11104 12862 72 218 11771 0 0 
4200 12807 13552 11373 12850 70 250 12201 0 0 
4300 12720 13600 11527 12857 80 251 12355 0 0 
4400 12896 13654 11783 12837 63 262 12547 0 0 
4500 12848 13587 11953 12743 73 342 12680 0 0 
4600 13009 13703 12109 12836 48 305 12871 0 0 
4700 13019 13645 12266 13004 57 387 12994 0 0 
4800 13009 13644 12168 12913 52 415 12933 0 0 
4900 13007 13640 12145 12913 71 573 12933 0 0 
5000 13056 13670 12097 12871 77 620 12878 0 0 
5100 13008 13656 12133 12893 93 871 12875 0 0 
5200 13003 13640 12146 12871 70 1103 12905 0 0 
5300 13036 13636 12117 12943 91 1274 12890 0 0 
5400 12958 13641 12155 12888 84 1644 12901 0 0 
5500 12988 13606 12191 12903 92 1919 12927 0 0 
5600 12978 13700 12110 12870 94 2509 12824 0 0 
5700 12925 13647 12134 12859 75 2871 12932 0 0 
5800 12934 13672 12162 12854 111 3215 12906 0 0 
5900 13031 13643 12199 12911 116 3715 12942 0 0 
6000 12907 13631 12222 12900 101 4287 12945 0 0 
6100 12811 13580 12126 12854 95 4716 12909 0 0 
6200 12877 13643 12135 12921 86 5343 12948 0 0 
6300 12718 13629 12138 12922 98 5889 12888 0 0 
6400 12748 13658 12129 12889 100 6397 12958 0 0 
6500 12690 13624 12204 12944 86 6951 12961 0 0 
6600 12759 13648 12098 12873 113 7414 12893 0 0 
6700 12757 13712 12154 12959 106 7992 12967 0 0 
6800 12772 13692 12186 12915 103 8448 12965 0 0 
6900 12773 13711 12169 12876 104 8967 12912 0 0 
7000 12752 13700 12173 12932 122 9354 12917 0 0 
7100 12783 13675 12154 12939 117 9760 13025 0 0 
7200 12708 13639 12189 12851 92 10126 12968 0 0 
7300 12779 13692 12251 12988 99 10457 13036 0 0 
7400 12759 13680 12036 12839 92 10653 12876 0 0 
7500 12817 13680 12200 12948 76 10870 12923 0 0 
7600 12751 13617 12181 12871 73 10946 12928 0 0 
7700 12759 13652 12138 12980 97 11185 13001 0 0 
7800 12803 13679 12183 12910 87 11342 12948 0 0 
7900 12875 13640 12086 12907 94 11579 12905 0 0 
8000 12945 13613 12142 12925 99 11697 12922 0 0 
8100 12901 13548 12190 12932 77 11787 12951 0 0 
8200 12909 13634 12138 12894 65 11794 12849 0 0 
8300 12876 13658 12234 12951 61 11975 12956 0 0 
8400 13015 13647 12245 12954 86 12098 12948 0 0 
8500 12930 13605 12143 12930 98 11877 12905 0 0 
8600 12941 13618 12231 12980 112 11835 12996 0 0 
8700 13029 13558 12217 12925 113 11905 12964 0 0 
8800 12999 13657 12196 12912 108 11888 12961 0 0 
8900 13066 13635 12286 12988 137 11930 12992 0 0 
9000 13033 13633 12208 12981 120 11883 12968 0 0 
9100 13109 13613 12263 13038 209 12121 12998 0 0 
9200 13107 13544 12183 12963 229 11980 12884 0 0 
9300 13085 13569 12214 12956 227 11993 12984 0 0 
9400 13157 13544 12237 12941 268 11867 12955 0 0 
9500 13144 13531 12150 12896 266 11939 12926 0 0 
9600 13173 13559 12195 12929 267 11964 13011 0 0 
9700 13254 13541 12236 12967 368 12060 13036 0 0 
9800 13190 13517 12259 12996 399 12066 13011 0 0 
9900 13313 13551 12312 12993 378 12018 13033 0 0 
10000 13239 13540 12277 13037 437 12053 13040 0 0 
