# Avida tasks data
# Sun Apr 16 23:35:56 2023
# First column gives the current update, next columns give the number
# of organisms that have the particular task as a component of their merit
#  1: Update
#  2: Not
#  3: Nand
#  4: And
#  5: OrNot
#  6: Or
#  7: AndNot
#  8: Nor
#  9: Xor
# 10: Equals

0 0 0 0 0 0 0 0 0 0 
100 0 0 0 0 0 0 0 0 0 
200 0 0 0 0 0 0 0 0 0 
300 0 0 0 0 0 0 0 0 0 
400 0 0 0 0 0 0 0 0 0 
500 21 0 0 0 0 0 0 0 0 
600 1020 0 0 0 0 0 0 0 0 
700 2915 0 0 0 0 0 0 0 0 
800 4989 0 0 4 0 0 0 0 0 
900 6763 961 0 11 0 0 0 0 0 
1000 7566 2596 0 1452 4 0 0 0 0 
1100 8543 4347 0 3031 6 0 0 0 0 
1200 9441 5631 2 4367 144 0 0 0 0 
1300 10733 6934 3 6086 569 237 1 0 0 
1400 11588 8077 114 7145 1340 1059 2 0 0 
1500 11693 8757 300 7484 2881 1411 2 0 0 
1600 11874 8699 227 7800 4654 1878 7 0 0 
1700 12191 8493 44 8379 6474 2666 9 0 0 
1800 12289 9644 26 8763 7561 4103 16 0 0 
1900 12452 10451 48 9009 8370 5405 34 0 0 
2000 12616 10918 40 9404 9120 6607 27 0 0 
2100 12831 11390 58 9933 9864 7693 42 0 0 
2200 12964 11758 59 10513 10581 8586 40 0 0 
2300 13045 11987 59 10886 11141 9408 44 0 0 
2400 13205 12346 65 11271 11563 10028 41 0 0 
2500 13231 12499 88 11419 11736 10382 58 0 0 
2600 13380 12902 98 11621 11992 10728 59 0 0 
2700 13370 12976 74 11768 12112 11090 43 0 0 
2800 13362 13000 95 11715 12102 11217 52 0 0 
2900 13417 12909 95 11747 12060 11316 62 0 0 
3000 13428 12983 120 11768 12065 11284 76 0 0 
3100 13497 12973 128 11832 12140 11260 70 0 0 
3200 13439 13000 158 11740 12143 11289 44 0 0 
3300 13367 13002 374 11910 12164 11394 73 0 0 
3400 13340 12910 683 11700 12037 11149 61 0 0 
3500 13361 12886 1448 11940 12118 11284 75 0 0 
3600 13351 12793 2181 12044 12127 11336 71 0 0 
3700 13414 12687 2924 12220 12224 11509 80 0 0 
3800 13408 12677 3805 12320 12229 11534 66 0 0 
3900 13362 12517 4579 12378 12090 11400 64 0 0 
4000 13270 12441 5356 12448 12052 11370 67 0 0 
4100 13356 12426 6164 12582 12117 11384 74 0 0 
4200 13270 12245 6993 12571 11990 11299 53 0 0 
4300 13324 12037 7601 12600 12021 11334 71 0 0 
4400 13252 12097 8495 12747 11985 11406 64 0 0 
4500 13365 12057 9173 12872 12107 11408 77 0 0 
4600 13284 11909 9549 12878 12027 11351 83 0 0 
4700 13352 11939 10021 12901 11983 11350 64 0 0 
4800 13362 11730 10154 12920 12035 11422 93 0 0 
4900 13388 11860 10576 12992 12035 11370 86 0 0 
5000 13340 11794 10726 12950 11898 11288 57 0 0 
5100 13308 11880 11090 12977 12005 11429 74 0 0 
5200 13309 11736 11079 13044 11951 11251 79 0 0 
5300 13373 11789 11279 13027 11982 11451 49 0 0 
5400 13357 11915 11502 13116 11952 11453 60 0 0 
5500 13344 11803 11396 13036 11906 11322 73 0 0 
5600 13394 11786 11400 13067 11947 11383 68 0 0 
5700 13401 11868 11473 13057 11921 11340 77 0 0 
5800 13389 11747 11328 12972 11884 11232 84 0 0 
5900 13309 11766 11375 12953 11886 11321 51 0 0 
6000 13362 11875 11479 13031 11941 11357 60 0 0 
6100 13473 11924 11501 12996 11893 11324 60 1 0 
6200 13342 11921 11542 13128 11958 11422 57 0 0 
6300 13398 11836 11461 12991 11913 11366 51 0 0 
6400 13399 11906 11492 13042 11886 11331 45 0 0 
6500 13394 11819 11442 13020 11920 11314 72 0 0 
6600 13450 11915 11513 13088 11992 11450 55 0 0 
6700 13448 11854 11482 13057 12011 11409 66 0 0 
6800 13406 11708 11322 12937 11832 11276 65 0 0 
6900 13416 11821 11415 13018 11931 11394 65 0 0 
7000 13397 11796 11390 12977 11875 11273 65 0 0 
7100 13417 11717 11289 12962 11881 11238 75 0 0 
7200 13404 11740 11353 12990 11945 11334 68 0 0 
7300 13427 11847 11415 13083 11962 11375 70 0 0 
7400 13462 11814 11488 13021 11949 11393 85 0 0 
7500 13414 11819 11436 13041 11939 11377 81 0 0 
7600 13415 11935 11564 13088 11969 11417 62 0 0 
7700 13383 11783 11378 13013 11894 11337 59 0 0 
7800 13374 11912 11541 13031 11917 11350 73 0 0 
7900 13384 11880 11513 12977 11864 11351 57 0 0 
8000 13403 11770 11384 13017 11881 11305 66 0 0 
8100 13400 11758 11392 13001 11940 11354 63 0 0 
8200 13459 11834 11489 13035 12007 11450 72 0 0 
8300 13455 11901 11484 13094 12007 11437 71 0 0 
8400 13424 11869 11534 13050 11942 11421 64 0 0 
8500 13443 11816 11483 13081 12036 11416 68 0 0 
8600 13433 11875 11554 13151 12001 11420 48 0 0 
8700 13478 11867 11465 13169 12047 11467 69 0 0 
8800 13449 11949 11559 13185 12093 11458 57 0 0 
8900 13433 11798 11410 13036 11861 11343 68 0 0 
9000 13495 12024 11701 13170 12163 11606 55 0 0 
9100 13491 11941 11557 13125 12072 11511 69 0 0 
9200 13476 11924 11581 13095 12105 11564 67 0 0 
9300 13443 11850 11483 13058 11995 11440 75 0 0 
9400 13469 11879 11520 13066 12052 11487 64 0 0 
9500 13488 11954 11555 13052 11942 11394 51 0 0 
9600 13456 11900 11550 13133 12081 11518 69 0 0 
9700 13482 11911 11593 13104 12101 11554 58 0 0 
9800 13540 12002 11621 13151 12068 11534 74 0 0 
9900 13502 11984 11650 13176 12113 11606 74 0 0 
10000 13432 11991 11576 13104 11957 11379 78 0 0 
