# Avida tasks data
# Mon Apr 17 00:09:05 2023
# First column gives the current update, next columns give the number
# of organisms that have the particular task as a component of their merit
#  1: Update
#  2: Not
#  3: Nand
#  4: And
#  5: OrNot
#  6: Or
#  7: AndNot
#  8: Nor
#  9: Xor
# 10: Equals

0 0 0 0 0 0 0 0 0 0 
100 0 0 0 0 0 0 0 0 0 
200 0 0 0 0 0 0 0 0 0 
300 0 0 0 0 0 0 0 0 0 
400 0 0 0 0 0 0 0 0 0 
500 0 0 0 0 0 0 0 0 0 
600 0 17 0 0 0 0 0 0 0 
700 46 520 0 862 0 0 0 0 0 
800 94 1675 0 2020 2 0 0 0 0 
900 78 1835 0 2172 2 0 0 0 0 
1000 223 2172 1 2496 6 0 0 0 0 
1100 252 3343 1 3668 43 3 0 0 0 
1200 420 4079 1 4392 278 3 0 0 0 
1300 422 4124 1 4431 274 3 0 0 0 
1400 453 4198 1 4506 358 3 0 0 0 
1500 464 4198 1 4506 357 3 0 0 0 
1600 464 4198 1 4506 357 3 0 0 0 
1700 464 4198 1 4506 357 3 0 0 0 
1800 464 4198 1 4506 357 3 0 0 0 
1900 464 4198 1 4506 357 3 0 0 0 
2000 464 4198 1 4506 357 3 0 0 0 
2100 464 4198 1 4506 357 3 0 0 0 
2200 463 4197 1 4505 356 3 0 0 0 
2300 464 4198 1 4506 357 3 0 0 0 
2400 464 4198 1 4506 357 3 0 0 0 
2500 464 4198 1 4506 357 3 0 0 0 
2600 464 4198 1 4506 357 3 0 0 0 
2700 464 4198 1 4506 357 3 0 0 0 
2800 464 4198 1 4506 357 3 0 0 0 
2900 463 4197 1 4505 356 3 0 0 0 
3000 464 4198 1 4506 357 3 0 0 0 
3100 464 4198 1 4506 357 3 0 0 0 
3200 464 4198 1 4506 357 3 0 0 0 
3300 464 4198 1 4506 357 3 0 0 0 
3400 464 4198 1 4506 357 3 0 0 0 
3500 465 4199 1 4507 356 3 0 0 0 
3600 465 4199 1 4507 356 3 0 0 0 
3700 465 4199 1 4507 356 3 0 0 0 
3800 465 4199 1 4507 356 3 0 0 0 
3900 530 4204 1 4510 380 3 0 0 0 
4000 528 4205 1 4507 374 3 0 0 0 
4100 537 4200 1 4502 366 3 0 0 0 
4200 538 4200 1 4502 367 3 0 0 0 
4300 530 4196 1 4500 357 3 0 0 0 
4400 545 4202 1 4507 357 3 0 0 0 
4500 547 4199 1 4506 350 3 0 0 0 
4600 515 4189 1 4501 350 3 0 0 0 
4700 530 4212 1 4524 365 3 0 0 0 
4800 548 4300 1 4610 413 3 0 0 0 
4900 546 4296 1 4606 405 3 0 0 0 
5000 546 4296 1 4606 405 3 0 0 0 
5100 550 4307 1 4617 412 3 0 0 0 
5200 551 4309 1 4619 413 3 0 0 0 
5300 551 4311 1 4621 412 3 0 0 0 
5400 551 4314 1 4624 411 3 0 0 0 
5500 551 4317 1 4627 411 3 0 0 0 
5600 551 4318 1 4628 411 3 0 0 0 
5700 551 4318 1 4628 411 3 0 0 0 
5800 551 4318 1 4628 411 3 0 0 0 
5900 551 4317 1 4627 411 3 0 0 0 
6000 551 4318 1 4628 411 3 0 0 0 
6100 551 4318 1 4628 413 3 0 0 0 
6200 551 4319 1 4629 413 3 0 0 0 
6300 551 4321 1 4631 415 3 0 0 0 
6400 551 4321 1 4631 415 3 0 0 0 
6500 551 4320 1 4630 415 3 0 0 0 
6600 551 4320 1 4630 415 3 0 0 0 
6700 556 4336 1 4643 427 3 0 0 0 
6800 558 4472 1 4718 459 3 0 0 0 
6900 569 4499 1 4725 452 4 0 0 0 
7000 563 4520 3 4719 457 4 0 0 0 
7100 546 4518 3 4714 502 4 0 0 0 
7200 558 4519 3 4715 504 4 0 0 0 
7300 555 4514 3 4708 498 4 0 0 0 
7400 554 4517 3 4711 495 4 0 0 0 
7500 554 4518 3 4712 495 4 0 0 0 
7600 554 4518 3 4712 495 4 0 0 0 
7700 554 4517 3 4711 495 4 0 0 0 
7800 554 4518 3 4712 495 4 0 0 0 
7900 554 4518 3 4712 495 4 0 0 0 
8000 554 4518 3 4712 495 4 0 0 0 
8100 554 4518 3 4712 495 4 0 0 0 
8200 554 4518 3 4712 495 4 0 0 0 
8300 556 4519 3 4713 497 4 0 0 0 
8400 556 4520 3 4714 497 4 0 0 0 
8500 556 4520 3 4714 497 4 0 0 0 
8600 556 4520 3 4714 497 4 0 0 0 
8700 556 4520 3 4714 497 4 0 0 0 
8800 556 4520 3 4714 497 4 0 0 0 
8900 556 4520 3 4714 497 4 0 0 0 
9000 556 4520 3 4714 497 4 0 0 0 
9100 556 4520 3 4714 497 4 0 0 0 
9200 556 4520 3 4714 497 4 0 0 0 
9300 556 4520 3 4714 497 4 0 0 0 
9400 556 4520 3 4714 497 4 0 0 0 
9500 556 4520 3 4714 497 4 0 0 0 
9600 556 4520 3 4714 497 4 0 0 0 
9700 556 4520 3 4714 497 4 0 0 0 
9800 556 4522 3 4716 497 4 0 0 0 
9900 557 4523 3 4717 498 4 0 0 0 
10000 557 4523 3 4717 498 4 0 0 0 
