# Avida tasks data
# Sun Apr 16 21:04:34 2023
# First column gives the current update, next columns give the number
# of organisms that have the particular task as a component of their merit
#  1: Update
#  2: Not
#  3: Nand
#  4: And
#  5: OrNot
#  6: Or
#  7: AndNot
#  8: Nor
#  9: Xor
# 10: Equals

0 0 0 0 0 0 0 0 0 0 
100 0 0 0 0 0 0 0 0 0 
200 0 0 0 0 0 0 0 0 0 
300 0 0 0 0 0 0 0 0 0 
400 0 0 0 0 0 0 0 0 0 
500 0 0 0 0 0 0 0 0 0 
600 0 0 0 0 0 0 0 0 0 
700 13 43 0 1756 0 0 0 0 0 
800 382 157 0 3132 6 0 0 0 0 
900 651 699 232 3149 10 5 0 0 0 
1000 655 699 231 3149 10 6 0 0 0 
1100 659 701 227 3149 10 7 0 0 0 
1200 659 707 232 3143 9 6 0 0 0 
1300 657 707 228 3135 8 6 0 0 0 
1400 661 708 226 3127 8 11 0 0 0 
1500 646 705 281 3137 14 5 0 0 0 
1600 584 1205 831 3207 13 18 0 0 0 
1700 589 1228 853 3217 10 12 0 0 0 
1800 582 1229 846 3218 9 15 0 0 0 
1900 585 1226 846 3217 9 15 0 0 0 
2000 588 1227 849 3217 9 14 0 0 0 
2100 588 1227 849 3217 9 14 0 0 0 
2200 588 1227 849 3217 9 14 0 0 0 
2300 588 1227 849 3217 9 14 0 0 0 
2400 588 1227 849 3217 9 14 0 0 0 
2500 588 1227 849 3217 9 14 0 0 0 
2600 588 1227 849 3217 9 14 0 0 0 
2700 588 1228 850 3218 9 14 0 0 0 
2800 588 1227 849 3217 9 14 0 0 0 
2900 588 1227 849 3217 9 14 0 0 0 
3000 588 1227 849 3217 9 14 0 0 0 
3100 588 1228 850 3218 9 14 0 0 0 
3200 588 1227 849 3217 9 14 0 0 0 
3300 588 1227 849 3217 9 14 0 0 0 
3400 588 1227 849 3217 9 14 0 0 0 
3500 588 1227 849 3217 9 14 0 0 0 
3600 588 1227 849 3217 9 14 0 0 0 
3700 588 1227 849 3217 9 14 0 0 0 
3800 588 1227 849 3217 9 14 0 0 0 
3900 588 1227 849 3217 9 14 0 0 0 
4000 588 1227 849 3217 9 14 0 0 0 
4100 588 1227 849 3217 9 14 0 0 0 
4200 588 1227 849 3217 9 14 0 0 0 
4300 588 1227 849 3217 9 14 0 0 0 
4400 588 1227 849 3217 9 14 0 0 0 
4500 588 1227 849 3217 9 14 0 0 0 
4600 588 1228 850 3218 9 14 0 0 0 
4700 588 1227 849 3217 9 14 0 0 0 
4800 588 1227 849 3217 9 14 0 0 0 
4900 588 1227 849 3217 9 14 0 0 0 
5000 588 1227 849 3217 9 14 0 0 0 
5100 588 1227 849 3217 9 14 0 0 0 
5200 588 1227 849 3217 9 14 0 0 0 
5300 588 1227 849 3217 9 14 0 0 0 
5400 588 1227 849 3217 9 14 0 0 0 
5500 588 1227 849 3217 9 14 0 0 0 
5600 588 1227 849 3217 9 14 0 0 0 
5700 588 1227 849 3217 9 14 0 0 0 
5800 588 1227 849 3217 9 14 0 0 0 
5900 588 1227 849 3217 9 14 0 0 0 
6000 588 1227 849 3217 9 14 0 0 0 
6100 588 1227 849 3217 9 14 0 0 0 
6200 588 1227 849 3217 9 14 0 0 0 
6300 590 1225 847 3217 9 14 0 0 0 
6400 590 1225 847 3217 9 14 0 0 0 
6500 590 1225 847 3217 9 14 0 0 0 
6600 590 1225 847 3217 9 14 0 0 0 
6700 590 1225 847 3217 9 14 0 0 0 
6800 590 1225 847 3217 9 14 0 0 0 
6900 590 1225 847 3217 9 14 0 0 0 
7000 590 1225 847 3217 9 14 0 0 0 
7100 590 1225 847 3217 9 14 0 0 0 
7200 590 1225 847 3217 9 14 0 0 0 
7300 590 1225 847 3217 9 14 0 0 0 
7400 590 1225 847 3217 9 14 0 0 0 
7500 590 1225 847 3217 9 14 0 0 0 
7600 590 1225 847 3217 9 14 0 0 0 
7700 590 1225 847 3217 9 14 0 0 0 
7800 590 1225 847 3217 9 14 0 0 0 
7900 590 1225 847 3217 9 14 0 0 0 
8000 590 1226 848 3218 9 14 0 0 0 
8100 590 1225 847 3217 9 14 0 0 0 
8200 590 1225 847 3217 9 14 0 0 0 
8300 590 1225 847 3217 9 14 0 0 0 
8400 590 1226 848 3218 9 14 0 0 0 
8500 590 1225 847 3217 9 14 0 0 0 
8600 590 1225 847 3217 9 14 0 0 0 
8700 590 1225 847 3217 9 14 0 0 0 
8800 590 1225 847 3217 9 14 0 0 0 
8900 590 1225 847 3217 9 14 0 0 0 
9000 590 1225 847 3217 9 14 0 0 0 
9100 590 1225 847 3217 9 14 0 0 0 
9200 590 1225 847 3217 9 14 0 0 0 
9300 590 1225 847 3217 9 14 0 0 0 
9400 590 1225 847 3217 9 14 0 0 0 
9500 590 1225 847 3217 9 14 0 0 0 
9600 590 1225 847 3217 9 14 0 0 0 
9700 590 1225 847 3217 9 14 0 0 0 
9800 590 1225 847 3217 9 14 0 0 0 
9900 590 1225 847 3217 9 14 0 0 0 
10000 590 1225 847 3217 9 14 0 0 0 
