# Avida tasks data
# Mon Apr 17 01:04:52 2023
# First column gives the current update, next columns give the number
# of organisms that have the particular task as a component of their merit
#  1: Update
#  2: Not
#  3: Nand
#  4: And
#  5: OrNot
#  6: Or
#  7: AndNot
#  8: Nor
#  9: Xor
# 10: Equals

0 0 0 0 0 0 0 0 0 0 
100 0 0 0 0 0 0 0 0 0 
200 0 0 0 0 0 0 0 0 0 
300 0 0 0 0 0 0 0 0 0 
400 0 0 0 0 0 0 0 0 0 
500 0 0 0 0 0 0 0 0 0 
600 0 0 0 0 0 0 0 0 0 
700 44 852 0 1 0 0 0 0 0 
800 639 2627 0 218 0 15 0 0 0 
900 1534 3285 0 462 0 0 0 0 0 
1000 2551 4259 0 567 0 0 0 0 0 
1100 3603 5271 0 649 0 0 0 0 0 
1200 4447 6119 2 1197 0 0 0 0 0 
1300 4876 6598 0 2337 0 88 1 0 0 
1400 5213 6959 352 3443 2 155 3 0 0 
1500 6066 7880 1998 5013 0 118 0 0 0 
1600 7293 9048 3653 6483 0 100 8 0 0 
1700 8542 10153 5235 7793 0 139 2 0 0 
1800 9686 11117 6705 8923 0 169 5 0 0 
1900 10386 11588 7757 9607 0 201 1 0 0 
2000 10858 12027 8509 10176 0 216 0 0 0 
2100 11378 12337 9293 10658 1 243 6 0 0 
2200 11754 12671 9854 11086 2 260 2 0 0 
2300 11890 12779 10307 11334 2 286 7 0 0 
2400 12046 12965 10727 11649 3 283 3 0 0 
2500 12197 13218 11175 12039 2 303 5 0 0 
2600 12499 13318 11512 12324 1 298 5 0 0 
2700 12587 13413 11858 12639 0 277 4 0 0 
2800 12543 13429 12020 12833 3 309 5 0 0 
2900 12674 13467 12200 12967 5 312 2 0 0 
3000 12637 13560 12312 13123 5 341 4 0 0 
3100 12736 13561 12435 13272 0 320 7 0 0 
3200 12734 13478 12496 13221 2 319 6 0 0 
3300 12770 13547 12418 13323 3 318 6 0 0 
3400 12733 13557 12429 13283 1 336 5 0 0 
3500 12694 13516 12449 13186 2 286 2 0 0 
3600 12820 13483 12528 13228 0 314 3 0 0 
3700 12783 13574 12460 13245 6 325 3 0 0 
3800 12788 13498 12527 13194 5 308 3 0 0 
3900 12713 13504 12504 13233 3 313 9 0 0 
4000 12733 13610 12469 13306 3 325 2 0 0 
4100 12654 13555 12426 13216 7 312 0 0 0 
4200 12823 13562 12563 13257 2 280 2 0 0 
4300 12727 13568 12489 13249 4 321 2 0 0 
4400 12742 13559 12458 13316 7 327 4 0 0 
4500 12723 13573 12444 13315 8 319 7 0 0 
4600 12769 13536 12463 13238 1 291 6 0 0 
4700 12774 13595 12513 13296 12 310 4 0 0 
4800 12719 13543 12411 13205 10 348 6 0 0 
4900 12787 13573 12486 13317 9 328 4 0 0 
5000 12773 13538 12533 13285 9 328 5 0 0 
5100 12826 13579 12558 13290 8 306 3 0 0 
5200 12743 13529 12470 13186 9 294 2 0 0 
5300 12816 13528 12508 13226 9 329 2 0 0 
5400 12879 13571 12548 13224 2 318 2 0 0 
5500 12928 13589 12595 13291 5 371 8 0 0 
5600 12842 13626 12554 13345 3 294 1 0 0 
5700 12750 13552 12431 13212 1 335 1 0 0 
5800 12806 13551 12529 13169 5 315 2 0 0 
5900 12861 13653 12591 13355 4 291 4 0 0 
6000 12710 13553 12494 13256 7 324 6 0 0 
6100 12851 13611 12544 13296 7 307 1 0 0 
6200 12849 13585 12481 13315 7 376 1 0 0 
6300 12887 13556 12633 13279 5 390 8 0 0 
6400 12942 13599 12626 13329 36 460 2 0 0 
6500 12940 13613 12609 13247 41 452 2 0 0 
6600 12901 13605 12557 13301 66 490 1 0 0 
6700 12841 13542 12583 13305 133 615 6 0 0 
6800 12927 13543 12575 13272 227 701 4 0 0 
6900 13011 13647 12647 13352 382 787 3 0 0 
7000 13019 13626 12554 13322 596 947 2 0 0 
7100 12977 13612 12560 13318 730 1098 4 0 0 
7200 12966 13576 12634 13303 973 1285 5 0 0 
7300 13051 13584 12575 13232 1167 1486 177 0 0 
7400 12992 13639 12557 13326 1515 1552 965 0 0 
7500 13090 13631 12615 13352 2184 1605 1924 0 0 
7600 13135 13604 12593 13355 3306 1579 3047 0 0 
7700 13209 13619 12562 13395 4378 1510 3998 0 0 
7800 13181 13580 12503 13345 5411 1475 5020 0 0 
7900 13177 13698 12431 13436 6441 1350 5989 0 0 
8000 13268 13737 12606 13548 7506 1114 6957 0 0 
8100 13324 13673 12397 13500 8491 956 7924 0 0 
8200 13271 13710 12326 13538 9366 849 8765 0 0 
8300 13312 13601 12367 13490 10150 676 9434 0 0 
8400 13418 13681 12479 13526 10956 531 10213 0 0 
8500 13361 13651 12439 13514 11328 516 10515 0 0 
8600 13484 13648 12452 13534 11760 479 10966 0 0 
8700 13412 13686 12391 13569 12148 612 11328 0 0 
8800 13429 13733 12513 13600 12439 647 11605 2 0 
8900 13496 13730 12507 13617 12503 851 11675 0 0 
9000 13491 13688 12492 13580 12604 1057 11834 0 0 
9100 13504 13675 12521 13580 12552 1297 11785 0 0 
9200 13513 13671 12419 13575 12544 1575 11821 0 0 
9300 13449 13670 12383 13557 12533 1856 11706 3 0 
9400 13495 13647 12423 13539 12678 2096 11886 93 0 
9500 13519 13639 12455 13527 12571 2363 11765 382 0 
9600 13513 13718 12435 13521 12579 2436 11760 935 0 
9700 13622 13646 12423 13452 12659 2519 11882 1559 0 
9800 13576 13719 12495 13543 12671 2558 11836 2236 1 
9900 13624 13694 12090 13489 12768 2521 11928 2796 598 
10000 13609 13664 11517 13443 12300 2520 11919 2796 1101 
