# Avida tasks data
# Sun Apr 16 18:44:52 2023
# First column gives the current update, next columns give the number
# of organisms that have the particular task as a component of their merit
#  1: Update
#  2: Not
#  3: Nand
#  4: And
#  5: OrNot
#  6: Or
#  7: AndNot
#  8: Nor
#  9: Xor
# 10: Equals

0 0 0 0 0 0 0 0 0 0 
100 0 0 0 0 0 0 0 0 0 
200 0 0 0 0 0 0 0 0 0 
300 0 0 0 0 0 0 0 0 0 
400 0 0 0 0 0 0 0 0 0 
500 0 0 0 0 0 0 0 0 0 
600 0 0 0 0 0 0 0 0 0 
700 9 0 0 0 0 0 0 0 0 
800 41 2 0 0 0 0 0 0 0 
900 109 10 0 0 0 0 0 0 0 
1000 399 89 0 3 0 0 0 0 0 
1100 948 257 0 87 0 0 0 0 0 
1200 1465 466 0 544 0 0 0 0 0 
1300 1847 1515 0 1428 0 0 0 0 0 
1400 2016 3084 2 2773 0 8 0 0 0 
1500 2499 4239 0 4094 0 144 0 0 0 
1600 3103 5310 4 5542 15 379 0 0 0 
1700 3543 6474 12 7040 587 1319 0 0 0 
1800 3878 7373 77 8489 1488 2784 0 0 0 
1900 4670 7858 209 9536 2301 3824 41 0 0 
2000 4531 7285 93 9863 3195 3948 1150 0 0 
2100 3761 6329 59 10189 3974 3686 2710 0 0 
2200 2896 5304 74 10497 4778 3466 4197 0 0 
2300 2286 4266 108 10698 5572 3115 5483 0 0 
2400 1849 3157 102 10849 6808 2451 6953 0 0 
2500 1609 2132 119 10970 7781 1933 8277 0 0 
2600 1726 1289 121 11208 8689 1368 9489 0 0 
2700 2248 697 157 11490 9494 891 10528 0 0 
2800 3022 388 155 11705 9954 553 11128 0 0 
2900 3967 267 150 12005 10321 306 11618 0 0 
3000 4628 222 145 12337 10910 554 12046 0 0 
3100 5560 277 174 12226 10847 1975 11993 0 0 
3200 6292 277 209 12370 10919 3246 12031 0 0 
3300 6854 769 307 12328 10941 4469 12050 0 0 
3400 7502 1675 628 12402 11049 5635 12020 0 1 
3500 7944 2492 1327 12349 11002 6482 11965 0 0 
3600 8365 3494 2229 12381 11115 7323 11982 0 0 
3700 8793 4339 3329 12355 11138 8247 11949 0 0 
3800 9318 5363 4346 12418 11189 8991 11993 0 0 
3900 9864 6059 5121 12366 11254 9557 11897 0 0 
4000 10484 6939 5862 12426 11381 10148 11914 0 0 
4100 11013 7820 6668 12375 11370 10752 11932 0 0 
4200 11544 8625 7454 12418 11374 11106 11886 0 0 
4300 11823 9201 8033 12372 11405 11489 11856 0 0 
4400 12139 9723 8467 12439 11495 11797 11786 2 0 
4500 12331 10111 8854 12351 11440 11799 11770 2 0 
4600 12588 10547 9231 12442 11514 12173 11768 0 0 
4700 12842 10961 9683 12477 11626 12235 11889 2 0 
4800 12950 11314 10044 12521 11682 12541 11873 0 0 
4900 13047 11520 10254 12554 11660 12498 11872 0 0 
5000 13045 11877 10447 12473 11660 12639 11822 0 0 
5100 13165 12122 10591 12504 11696 12690 11864 0 0 
5200 13108 12137 10803 12472 11643 12689 11777 2 0 
5300 13187 12353 10899 12447 11679 12694 11860 0 0 
5400 13106 12341 10970 12379 11577 12652 11736 0 0 
5500 13205 12598 11093 12492 11727 12725 11839 0 0 
5600 13231 12591 11089 12556 11750 12709 11894 0 0 
5700 13115 12416 11078 12456 11656 12645 11803 0 0 
5800 13302 12492 11093 12576 11804 12775 11878 1 0 
5900 13285 12718 11165 12585 11810 12859 11933 0 0 
6000 13157 12576 11111 12483 11701 12830 11798 0 0 
6100 13150 12620 11103 12481 11722 12700 11858 0 0 
6200 13251 12694 11120 12549 11733 12805 11786 0 0 
6300 13151 12589 11201 12481 11714 12749 11833 0 0 
6400 13151 12707 11123 12448 11648 12698 11785 0 0 
6500 13244 12778 11232 12596 11784 12837 11897 0 0 
6600 13132 12699 11145 12488 11715 12683 11820 0 0 
6700 13196 12609 11024 12408 11545 12778 11693 0 0 
6800 13164 12683 11157 12515 11766 12629 11817 0 0 
6900 13211 12713 11290 12561 11777 12766 11953 0 0 
7000 13146 12769 11259 12562 11803 12724 11893 0 0 
7100 13144 12750 11227 12493 11671 12781 11913 1 0 
7200 13117 12661 11136 12452 11614 12712 11770 0 0 
7300 13156 12790 11154 12546 11765 12767 11863 0 0 
7400 13206 12741 11190 12567 11746 12762 11901 0 0 
7500 13179 12874 11302 12582 11748 12742 11900 0 0 
7600 13186 12835 11186 12459 11623 12690 11761 0 0 
7700 13160 12809 11162 12453 11633 12747 11823 0 0 
7800 13191 12930 11184 12461 11678 12751 11829 0 0 
7900 13180 12883 11250 12534 11741 12636 11816 2 0 
8000 13128 12914 11271 12591 11772 12793 11903 0 0 
8100 13154 12825 11122 12448 11573 12681 11748 0 0 
8200 13057 12823 11174 12502 11649 12663 11779 0 0 
8300 13105 12971 11266 12540 11739 12816 11861 0 0 
8400 13089 12840 11137 12455 11603 12647 11787 1 0 
8500 13240 12873 11204 12586 11726 12714 11940 0 0 
8600 13156 12896 11152 12456 11638 12759 11739 0 0 
8700 13214 12876 11230 12548 11786 12712 11889 0 0 
8800 13187 12826 11132 12430 11626 12785 11720 0 0 
8900 13250 12927 11277 12583 11738 12807 11843 0 0 
9000 13202 12923 11198 12511 11653 12705 11828 0 0 
9100 13161 12922 11169 12479 11633 12751 11752 0 0 
9200 13126 12932 11058 12443 11671 12803 11772 2 0 
9300 13210 13015 11206 12589 11788 12797 11864 0 0 
9400 13181 12917 11190 12550 11668 12748 11809 0 0 
9500 13182 13014 11284 12626 11787 12774 11916 0 0 
9600 13204 12924 11212 12584 11776 12778 11833 1 0 
9700 13211 12955 11247 12613 11737 12718 11871 0 0 
9800 13215 12907 11153 12530 11695 12708 11781 0 0 
9900 13086 13019 11139 12479 11641 12751 11727 1 0 
10000 13175 12980 11170 12558 11737 12798 11808 0 0 
