# Avida tasks data
# Mon Apr 17 00:48:32 2023
# First column gives the current update, next columns give the number
# of organisms that have the particular task as a component of their merit
#  1: Update
#  2: Not
#  3: Nand
#  4: And
#  5: OrNot
#  6: Or
#  7: AndNot
#  8: Nor
#  9: Xor
# 10: Equals

0 0 0 0 0 0 0 0 0 0 
100 0 0 0 0 0 0 0 0 0 
200 0 0 0 0 0 0 0 0 0 
300 0 0 0 0 0 0 0 0 0 
400 0 0 0 0 0 0 0 0 0 
500 0 0 0 0 0 0 0 0 0 
600 0 4 0 0 0 0 0 0 0 
700 115 1880 0 10 0 0 0 0 0 
800 124 1885 0 10 0 0 0 0 0 
900 124 1888 0 9 0 0 0 0 0 
1000 133 1898 0 9 0 0 0 0 0 
1100 130 1902 0 9 0 0 0 0 0 
1200 133 1902 0 8 0 0 0 0 0 
1300 133 1915 0 7 0 0 0 0 0 
1400 138 1916 0 8 0 0 0 0 0 
1500 148 1921 0 7 0 0 0 0 0 
1600 833 3216 0 29 0 0 0 0 0 
1700 2514 4008 0 91 3 0 0 0 0 
1800 3187 4650 0 120 0 0 0 0 0 
1900 3395 4779 0 147 0 0 0 0 0 
2000 5140 6350 0 527 4 74 0 0 0 
2100 6435 7536 10 1000 4 0 0 0 0 
2200 6943 7998 32 1046 6 10 0 0 0 
2300 6926 7991 44 1043 4 11 1 0 0 
2400 6929 7993 44 1043 4 11 1 0 0 
2500 6927 7991 33 1072 5 7 1 0 0 
