# Avida tasks data
# Sun Apr 16 20:47:31 2023
# First column gives the current update, next columns give the number
# of organisms that have the particular task as a component of their merit
#  1: Update
#  2: Not
#  3: Nand
#  4: And
#  5: OrNot
#  6: Or
#  7: AndNot
#  8: Nor
#  9: Xor
# 10: Equals

0 0 0 0 0 0 0 0 0 0 
100 0 0 0 0 0 0 0 0 0 
200 0 0 0 0 0 0 0 0 0 
300 0 0 0 0 0 0 0 0 0 
400 0 0 0 0 0 0 0 0 0 
500 6 0 0 0 0 0 0 0 0 
600 6 0 0 0 0 0 0 0 0 
700 11 0 0 0 0 0 0 0 0 
800 35 0 0 0 0 0 0 0 0 
900 83 0 0 0 0 0 0 0 0 
1000 202 2 0 0 0 0 0 0 0 
1100 357 33 0 0 0 0 0 0 0 
1200 599 292 0 205 0 0 0 0 0 
1300 1913 2621 0 2889 0 0 0 0 0 
1400 3633 4673 0 5076 0 0 0 0 0 
1500 5206 6266 0 6793 0 0 0 0 0 
1600 6699 7545 0 8110 14 0 0 0 0 
1700 7827 8764 109 9358 49 2 0 0 0 
1800 8591 9871 935 10445 46 31 0 0 0 
1900 9168 10407 1784 10911 18 38 0 0 0 
2000 9612 10899 2526 11381 8 59 2 0 0 
2100 9764 11194 3259 11754 6 92 0 0 0 
2200 10223 11543 3879 12021 1 121 592 0 0 
2300 10557 11775 4863 12136 2 120 2226 0 0 
2400 10888 11945 6118 12322 3 170 3879 0 0 
2500 11291 12251 7333 12605 2 151 5425 0 0 
2600 11572 12449 8383 12758 1 176 6491 0 0 
2700 11926 12682 9268 12865 2 177 7615 0 0 
2800 12294 12983 10220 13104 4 179 8629 0 0 
2900 12529 13152 10898 13213 2 179 9384 0 0 
3000 12680 13064 11357 13114 4 163 9708 0 0 
3100 12849 13221 11777 13213 5 214 10282 0 0 
3200 12876 13276 11983 13266 1 230 10541 0 0 
3300 12954 13309 12162 13278 0 257 10824 0 0 
3400 12930 13366 12541 13330 2 186 11103 0 1 
3500 12943 13342 12541 13233 3 210 11161 0 0 
3600 13048 13288 12652 13288 4 184 11263 0 0 
3700 13105 13313 12796 13271 10 215 11383 0 0 
3800 13044 13373 12777 13354 0 236 11403 0 0 
3900 13099 13331 12803 13252 1 230 11392 0 0 
4000 13122 13418 12766 13299 7 345 11460 0 0 
4100 13052 13354 12800 13298 15 752 11460 0 0 
4200 13022 13423 12832 13366 25 1633 11573 0 0 
4300 12853 13442 12944 13376 8 2683 11506 0 0 
4400 13043 13400 12915 13371 16 3721 11584 0 1 
4500 13064 13398 12940 13414 38 4790 11685 0 0 
4600 13068 13373 13051 13436 49 5692 11683 0 0 
4700 13005 13460 13111 13419 53 6607 11750 0 0 
4800 13017 13462 12975 13494 77 7404 11765 0 0 
4900 13034 13481 13143 13462 55 8214 11780 0 0 
5000 13137 13454 13100 13446 43 9152 11728 0 0 
5100 13265 13408 13137 13474 28 9773 11854 0 0 
5200 13242 13403 13230 13453 53 10406 11769 0 0 
5300 13176 13427 13200 13478 67 10945 11845 0 0 
5400 13239 13457 13207 13474 77 11441 11865 0 0 
5500 13146 13436 13234 13430 96 11995 11864 0 0 
5600 13278 13484 13238 13458 37 12343 11898 0 0 
5700 13315 13420 13215 13424 22 12552 11880 0 0 
5800 13313 13431 13316 13563 43 12766 11969 0 1 
5900 13354 13505 13243 13486 45 12841 11988 0 2 
6000 13298 13410 13246 13426 23 12966 11954 0 0 
6100 13299 13481 13290 13452 17 12979 11945 0 2 
6200 13319 13461 13226 13460 55 13043 11878 0 0 
6300 13327 13532 13312 13448 48 12990 11977 0 0 
6400 13344 13565 13246 13519 36 13078 12047 0 0 
6500 13425 13404 13292 13375 36 13089 11979 0 1 
6600 13392 13525 13277 13464 50 13098 12012 0 0 
6700 13476 13530 13368 13479 56 13126 12095 0 0 
6800 13364 13512 13335 13448 34 13190 12058 0 3 
6900 13359 13502 13316 13428 38 13251 12008 0 0 
7000 13409 13552 13287 13472 38 13157 12126 0 2 
7100 13388 13508 13306 13457 56 13128 12125 0 0 
7200 13403 13571 13380 13498 62 13224 12109 0 0 
7300 13460 13517 13310 13423 190 13236 12008 0 0 
7400 13313 13500 13308 13431 555 13210 12071 0 0 
7500 13407 13448 13348 13390 1072 13273 12016 0 0 
7600 13392 13482 13306 13332 1735 13305 11969 0 0 
7700 13296 13499 13262 13407 2345 13224 11969 0 0 
7800 13301 13474 13272 13370 2965 13241 11949 0 0 
7900 13213 13456 13302 13419 3672 13248 12021 0 0 
8000 13123 13476 13328 13352 4340 13263 11933 0 0 
8100 13277 13564 13292 13427 5176 13250 12113 0 0 
8200 13330 13492 13280 13361 5736 13330 12070 0 1 
8300 13225 13382 13273 13303 6360 13250 11790 0 0 
8400 13357 13396 13282 13263 7169 13184 11831 0 0 
8500 13214 13348 13244 13253 7992 13264 11844 0 0 
8600 13351 13347 13208 13173 8512 13234 11774 0 0 
8700 13213 13370 13123 13241 9134 13195 11751 0 1 
8800 13215 13332 13294 13217 9661 13214 11817 0 0 
8900 13239 13321 13279 13284 9942 13232 11798 0 0 
9000 13182 13295 13168 13234 10108 13168 11714 0 2 
9100 13097 13293 13196 13216 10384 13278 11703 0 342 
9200 13068 13263 13154 13195 10383 13225 11623 0 1587 
9300 13086 13302 13144 13246 10480 13237 11689 0 3028 
9400 12922 13227 13135 13163 10522 13203 11654 0 4209 
9500 12923 13318 13074 13201 10554 13190 11663 0 5247 
9600 12898 13302 13182 13240 10680 13314 11721 0 6272 
9700 13046 13391 13168 13297 10789 13224 11794 0 7064 
9800 13003 13366 13247 13230 10841 13330 11746 0 7679 
9900 12970 13264 13114 13179 10817 13230 11581 0 8227 
10000 12272 12261 13016 13182 10944 13210 11530 0 8411 
