# Avida tasks data
# Mon Apr 17 00:42:18 2023
# First column gives the current update, next columns give the number
# of organisms that have the particular task as a component of their merit
#  1: Update
#  2: Not
#  3: Nand
#  4: And
#  5: OrNot
#  6: Or
#  7: AndNot
#  8: Nor
#  9: Xor
# 10: Equals

0 0 0 0 0 0 0 0 0 0 
100 0 0 0 0 0 0 0 0 0 
200 0 0 0 0 0 0 0 0 0 
300 0 0 0 0 0 0 0 0 0 
400 0 0 0 0 0 0 0 0 0 
500 4 0 0 0 0 0 0 0 0 
600 2 0 0 0 0 0 0 0 0 
700 0 2 0 0 0 0 0 0 0 
800 790 772 0 3 0 1 0 0 0 
900 2046 1469 0 14 0 3 0 0 0 
1000 3552 2287 0 390 1305 1 0 0 0 
1100 5296 4399 3 1237 3465 1 0 0 0 
1200 6947 6494 0 2188 5404 849 13 0 0 
1300 7719 7806 0 3431 6636 2277 46 0 0 
1400 8245 8607 0 4604 7309 3362 61 0 0 
1500 8896 9375 0 5582 8036 4404 69 0 0 
1600 9460 10082 4 6594 8597 5375 129 0 0 
1700 10098 10795 4 7914 9213 6616 134 0 0 
1800 10994 11690 2 9313 10031 7843 131 0 0 
1900 11777 12520 2 10536 10598 8947 126 0 0 
2000 12097 12898 38 10026 11100 9787 151 0 1361 
2100 12479 13191 88 10462 11360 10287 189 0 2562 
2200 12470 13193 79 10982 11353 10324 184 0 3151 
2300 12472 13278 110 11349 11374 10414 200 0 3724 
2400 12554 13246 142 11960 11301 10441 199 0 4748 
