# Avida tasks data
# Mon Apr 17 00:49:38 2023
# First column gives the current update, next columns give the number
# of organisms that have the particular task as a component of their merit
#  1: Update
#  2: Not
#  3: Nand
#  4: And
#  5: OrNot
#  6: Or
#  7: AndNot
#  8: Nor
#  9: Xor
# 10: Equals

0 0 0 0 0 0 0 0 0 0 
100 0 0 0 0 0 0 0 0 0 
200 0 0 0 0 0 0 0 0 0 
300 0 0 0 0 0 0 0 0 0 
400 0 0 0 0 0 0 0 0 0 
500 0 0 0 0 0 0 0 0 0 
600 35 3 0 0 0 0 3 0 0 
700 1744 613 0 11 0 0 1 0 0 
800 3085 2172 0 519 2 0 0 0 0 
900 3895 3535 0 2105 4 0 0 0 0 
1000 5312 5082 0 3891 22 0 0 0 0 
1100 7583 7324 0 6001 273 0 0 0 0 
1200 9798 9690 0 7708 864 2 0 0 0 
1300 11144 11078 0 9035 1614 25 0 0 0 
1400 12134 11906 0 10182 2876 16 0 0 0 
1500 12627 12478 0 11074 4101 9 1 0 0 
1600 13007 12893 0 11658 5341 10 1 0 0 
1700 13306 13060 2 12043 6376 43 0 0 0 
1800 13385 13343 0 12489 7552 55 2 0 0 
1900 13448 13308 0 12677 8505 71 3 0 0 
2000 13521 13332 1 12796 9264 77 5 0 0 
2100 13520 13362 2 12852 9796 84 5 0 0 
2200 13608 13428 1 12986 10344 120 3 0 0 
2300 13575 13457 1 12953 10727 108 5 0 0 
2400 13608 13451 4 12988 11182 104 2 0 0 
2500 13564 13361 0 12892 11305 111 2 0 0 
2600 13551 13349 1 12883 11595 124 5 0 0 
2700 13567 13425 2 12906 11748 130 4 0 0 
2800 13532 13401 0 12863 11872 175 2 0 0 
2900 13580 13425 1 12886 11868 208 5 0 0 
3000 13609 13398 2 12941 11895 240 4 0 0 
3100 13595 13352 3 12887 11760 860 4 0 0 
3200 13571 13354 1 12935 11861 1728 5 0 0 
3300 13550 13383 6 12893 11834 2721 5 0 0 
3400 13585 13426 6 12881 11930 3533 1 0 0 
3500 13564 13436 11 12944 11968 4421 4 0 0 
3600 13520 13373 14 12925 11967 5307 8 0 0 
3700 13545 13358 10 12947 11833 6161 4 0 0 
3800 13551 13361 12 12912 11930 6949 2 0 0 
3900 13528 13376 1 12891 11857 7711 7 0 0 
4000 13534 13349 11 12906 11879 8235 4 0 0 
4100 13569 13395 19 12925 11851 9185 11 0 0 
4200 13572 13402 17 12899 11866 9976 2 0 0 
4300 13547 13409 15 12901 11890 10436 4 0 0 
4400 13537 13462 20 12925 11824 11116 7 0 0 
4500 13605 13361 16 12822 11802 11421 4 0 0 
4600 13565 13399 19 12943 11884 11786 5 0 0 
4700 13547 13394 27 12906 11843 12151 3 0 0 
4800 13496 13381 15 12897 11904 12370 5 0 0 
4900 13604 13432 12 12955 11936 12598 2 0 0 
5000 13591 13424 3 12999 11963 12717 2 0 0 
5100 13602 13371 16 12861 11832 12875 3 0 0 
5200 13567 13412 10 12886 11950 12924 7 0 0 
5300 13568 13417 19 12881 11864 12961 7 0 0 
5400 13561 13323 11 12842 11781 12925 7 0 0 
5500 13479 13358 16 12766 11752 12838 5 0 0 
5600 13590 13342 14 12834 11748 12831 8 0 0 
5700 13533 13375 10 12853 11807 12926 6 0 0 
5800 13615 13425 14 12895 11854 12852 7 0 0 
5900 13593 13395 29 12866 11838 12912 7 0 0 
6000 13627 13427 31 12972 11923 12881 2 0 0 
6100 13572 13417 35 12939 11940 12903 4 0 0 
6200 13592 13361 30 12829 11761 12895 4 0 0 
6300 13512 13354 47 12906 11761 12931 3 0 0 
6400 13537 13362 226 12884 11841 12854 8 0 0 
6500 13553 13418 573 12920 11876 12948 7 0 0 
6600 13611 13449 1125 12908 11912 12930 8 0 0 
6700 13602 13432 1689 13001 11885 12918 4 0 0 
6800 13619 13412 2364 12883 11880 12912 11 0 0 
6900 13623 13399 3080 12933 11859 12817 8 0 0 
7000 13627 13346 3830 12809 11839 12945 6 0 0 
7100 13607 13353 4598 12868 11794 12956 5 0 0 
7200 13608 13287 5300 12799 11756 12990 10 0 0 
7300 13582 13290 6184 12779 11698 12968 1 0 0 
7400 13648 13336 6876 12760 11753 13028 4 0 0 
7500 13639 13401 7542 12861 11794 13038 3 0 0 
7600 13628 13340 8234 12758 11787 12995 5 0 0 
7700 13640 13349 8946 12785 11734 12939 3 0 0 
7800 13638 13311 9633 12785 11815 12956 2 0 0 
7900 13639 13336 10164 12740 11775 12905 1 0 0 
8000 13637 13331 10473 12757 11717 12909 6 0 0 
8100 13657 13421 10860 12808 11809 12914 7 0 0 
8200 13670 13360 11214 12799 11719 12960 4 0 0 
8300 13623 13377 11628 12800 11653 12933 4 0 0 
8400 13633 13319 11874 12706 11563 12941 3 0 0 
8500 13625 13287 12019 12729 11604 12940 3 0 0 
8600 13581 13290 12120 12733 11593 12903 15 0 0 
8700 13693 13324 12272 12782 11712 12872 4 0 0 
8800 13671 13332 12380 12776 11712 12935 6 0 0 
8900 13617 13401 12403 12884 11734 12944 10 0 0 
9000 13595 13301 12545 12739 11613 12984 10 0 0 
9100 13632 13356 12463 12719 11752 12936 8 0 0 
9200 13593 13297 12505 12641 11572 12946 4 0 0 
9300 13616 13369 12455 12788 11650 12946 7 0 0 
9400 13618 13355 12453 12780 11705 12951 4 0 0 
9500 13619 13284 12469 12731 11721 12989 6 0 0 
9600 13666 13358 12483 12811 11713 12981 14 0 0 
9700 13614 13336 12449 12780 11722 12977 17 0 0 
9800 13663 13367 12472 12819 11759 12997 6 0 0 
9900 13570 13347 12462 12809 11782 13006 8 0 0 
10000 13602 13382 12428 12865 11810 12984 6 0 0 
