# Avida tasks data
# Sun Apr 16 21:33:08 2023
# First column gives the current update, next columns give the number
# of organisms that have the particular task as a component of their merit
#  1: Update
#  2: Not
#  3: Nand
#  4: And
#  5: OrNot
#  6: Or
#  7: AndNot
#  8: Nor
#  9: Xor
# 10: Equals

0 0 0 0 0 0 0 0 0 0 
100 0 0 0 0 0 0 0 0 0 
200 0 0 0 0 0 0 0 0 0 
300 0 0 0 0 0 0 0 0 0 
400 0 0 0 0 0 0 0 0 0 
500 0 0 0 0 0 0 0 0 0 
600 2 238 0 59 0 0 0 0 0 
700 104 2952 0 1886 0 0 0 0 0 
800 1493 3451 0 2532 542 0 0 0 0 
900 1518 3455 0 2584 560 0 0 0 0 
1000 1571 3473 0 2667 630 0 0 0 0 
1100 1591 3478 0 2682 650 0 0 0 0 
1200 1607 3489 0 2712 741 0 0 0 0 
1300 1670 3512 0 2758 871 2 8 0 0 
1400 2211 3778 1 3225 1665 1 1292 0 0 
1500 2502 4867 9 3363 2846 726 2641 0 0 
1600 2536 6207 18 3438 4022 1719 3820 0 0 
1700 2608 7064 24 3507 4723 2385 4529 0 0 
1800 3287 7192 29 3526 4838 2500 4646 0 0 
1900 3298 7749 33 3568 5417 3041 5196 3 0 
2000 3320 8650 53 3596 6282 3846 6104 1 0 
2100 3365 9320 59 3558 6989 4405 6796 1 0 
2200 3312 9646 65 3558 7268 4795 7083 2 0 
2300 3293 9642 66 3519 7315 4796 7122 2 0 
2400 3821 9654 62 3442 7350 4861 7167 1 0 
