# Avida tasks data
# Sun Apr 16 19:51:52 2023
# First column gives the current update, next columns give the number
# of organisms that have the particular task as a component of their merit
#  1: Update
#  2: Not
#  3: Nand
#  4: And
#  5: OrNot
#  6: Or
#  7: AndNot
#  8: Nor
#  9: Xor
# 10: Equals

0 0 0 0 0 0 0 0 0 0 
100 0 0 0 0 0 0 0 0 0 
200 0 0 0 0 0 0 0 0 0 
300 0 0 0 0 0 0 0 0 0 
400 0 0 0 0 0 0 0 0 0 
500 0 0 0 0 0 0 0 0 0 
600 0 0 0 0 0 0 0 0 0 
700 0 0 0 0 0 0 0 0 0 
800 0 0 0 0 0 0 0 0 0 
900 4 25 0 0 0 0 0 0 0 
1000 55 113 0 0 0 0 0 0 0 
1100 164 220 0 21 0 0 0 0 0 
1200 474 266 0 225 92 0 0 0 0 
1300 885 1102 0 1301 434 0 0 0 0 
1400 2575 1676 0 3362 1780 0 0 0 0 
1500 4196 1775 0 3843 3286 9 1097 0 0 
1600 5218 1880 0 4454 4221 12 2219 0 0 
1700 5800 1905 0 5624 4751 15 3097 0 0 
1800 6492 1874 0 6455 5400 32 4036 0 0 
1900 7188 1917 0 7456 6079 48 4987 0 0 
2000 7995 2012 0 8453 6855 44 6007 0 0 
2100 8817 2222 0 9223 7604 45 6988 0 0 
2200 9662 2448 0 10053 8505 57 8077 0 0 
2300 10406 2950 0 10620 9259 67 8781 0 0 
2400 11116 3486 0 11293 9977 72 9543 0 0 
2500 11571 4294 0 11735 10472 86 10115 0 0 
2600 11929 5134 0 11810 10788 77 10458 0 0 
2700 12074 5823 0 12038 10919 223 10603 0 0 
2800 12384 5753 1 12113 11041 1122 10763 0 0 
2900 12492 5245 3 12256 11150 2498 10889 0 0 
3000 12686 4716 1 12137 11198 4059 10967 0 0 
3100 12721 4590 15 12153 11269 5334 11044 0 0 
3200 12836 4815 11 12102 11375 6666 11164 0 0 
3300 13006 4887 11 12138 11590 7897 11329 0 0 
3400 13133 5600 12 12123 11596 8932 11413 0 0 
3500 13202 6243 5 12207 11747 9960 11565 0 0 
3600 13204 6911 12 12045 11655 10822 11477 0 0 
3700 13336 7617 12 12150 11763 11573 11570 0 0 
3800 13387 8460 20 12132 11879 12185 11752 0 0 
3900 13414 9163 14 12069 11920 12604 11725 0 0 
4000 13500 9924 28 12158 11911 12852 11661 0 0 
4100 13550 10598 26 12147 11942 13111 11726 0 0 
4200 13514 11211 29 12105 11928 13246 11750 0 0 
4300 13511 11605 34 12071 11937 13309 11764 0 0 
4400 13496 12033 33 12092 11979 13394 11809 0 0 
4500 13591 12422 26 12093 12001 13440 11781 0 0 
4600 13533 12718 25 12057 11896 13442 11695 0 0 
4700 13608 12955 29 12208 12062 13516 11834 0 0 
4800 13519 13054 38 12198 11961 13484 11798 0 0 
4900 13590 13115 35 12175 11995 13490 11817 0 0 
5000 13537 13168 31 12135 12042 13479 11796 0 0 
5100 13596 13174 30 12138 11910 13499 11726 0 0 
5200 13577 13206 20 12074 11940 13513 11727 0 0 
5300 13636 13279 29 12274 12123 13497 11898 0 0 
5400 13698 13154 23 12245 12058 13467 11827 0 0 
5500 13588 13124 22 12143 12027 13504 11793 0 0 
5600 13717 13089 28 12243 12151 13510 11974 0 0 
5700 13687 13151 32 12208 12117 13488 11891 0 0 
5800 13675 13190 20 12202 12007 13383 11785 0 0 
5900 13695 13167 16 12217 12100 13490 11919 0 0 
6000 13728 13181 26 12341 12151 13513 11927 0 0 
6100 13695 13227 34 12283 12151 13467 11955 0 0 
6200 13732 13227 22 12309 12160 13507 12004 0 0 
6300 13715 13075 26 12287 12178 13476 11942 0 0 
6400 13749 13107 29 12274 12160 13517 11944 0 0 
6500 13795 13072 33 12413 12160 13485 11976 0 0 
6600 13678 13115 36 12286 12164 13511 11926 0 0 
6700 13747 13089 39 12252 12086 13478 11924 0 0 
6800 13766 13169 30 12338 12155 13561 11926 0 0 
6900 13764 13129 21 12284 12168 13467 11955 0 0 
7000 13722 13076 19 12225 12122 13456 11910 0 0 
7100 13745 13137 11 12309 12223 13531 12007 0 0 
7200 13782 13242 22 12415 12244 13508 12054 0 0 
7300 13808 13141 31 12374 12202 13460 12007 0 0 
7400 13862 13258 21 12387 12169 13485 11997 0 0 
7500 13842 13193 13 12367 12186 13495 11923 0 0 
7600 13833 13214 15 12333 12177 13499 11965 0 0 
7700 13767 13237 32 12301 12191 13461 11968 0 0 
7800 13818 13221 26 12300 12191 13521 11974 0 0 
7900 13802 13128 26 12339 12239 13470 11989 0 0 
8000 13784 13167 41 12376 12249 13464 12046 0 0 
8100 13778 13224 37 12320 12216 13463 11997 0 0 
8200 13779 13183 38 12294 12122 13364 11919 0 0 
8300 13838 13172 34 12302 12177 13446 11964 0 0 
8400 13769 13131 35 12334 12105 13490 11920 0 0 
8500 13807 13199 34 12336 12189 13500 11994 0 0 
8600 13813 13149 28 12430 12256 13420 12023 0 0 
8700 13859 13213 25 12381 12253 13539 12038 0 0 
8800 13758 13180 33 12366 12253 13447 11985 0 0 
8900 13808 13143 44 12471 12272 13416 11989 0 0 
9000 13856 13062 29 12328 12192 13405 11957 0 0 
9100 13793 13205 34 12328 12232 13478 11995 0 0 
9200 13840 13161 28 12291 12142 13470 11949 0 0 
9300 13826 13094 25 12272 12238 13449 11995 0 0 
9400 13841 13107 24 12309 12100 13468 11920 0 0 
9500 13825 13202 49 12331 12068 13381 11847 0 0 
9600 13847 13171 34 12342 12191 13376 11979 0 0 
9700 13843 13125 11 12355 12209 13481 12036 0 0 
9800 13790 13136 25 12365 12238 13413 12024 0 0 
9900 13860 13058 43 12318 12237 13372 11998 0 0 
10000 13867 13143 36 12310 12181 13453 11975 0 0 
