# Avida tasks data
# Sun Apr 16 21:08:36 2023
# First column gives the current update, next columns give the number
# of organisms that have the particular task as a component of their merit
#  1: Update
#  2: Not
#  3: Nand
#  4: And
#  5: OrNot
#  6: Or
#  7: AndNot
#  8: Nor
#  9: Xor
# 10: Equals

0 0 0 0 0 0 0 0 0 0 
100 0 0 0 0 0 0 0 0 0 
200 0 0 0 0 0 0 0 0 0 
300 0 0 0 0 0 0 0 0 0 
400 0 0 0 0 0 0 0 0 0 
500 0 0 0 0 0 0 0 0 0 
600 2 0 0 0 0 0 0 0 0 
700 7 1 0 0 0 0 0 0 0 
800 44 9 0 0 0 0 0 0 0 
900 98 539 10 1204 0 0 0 0 0 
1000 116 791 2236 2848 1 36 0 0 0 
1100 346 2026 4031 4287 0 63 0 0 0 
1200 1207 3118 5434 5632 6 105 0 0 0 
1300 2273 4219 6623 6816 7 153 0 0 0 
1400 3181 5121 7701 8100 162 443 8 2 0 
1500 3915 5739 8368 8782 237 1915 7 0 0 
1600 4935 6248 8868 9230 116 3575 8 0 0 
1700 6128 6992 9509 9791 60 5134 13 0 0 
1800 7342 7897 10234 10529 29 6506 11 0 0 
1900 8922 9254 11294 11665 5 8223 12 0 0 
2000 9978 10139 11822 12184 6 9428 43 0 0 
2100 10855 11018 12198 12515 2 10422 28 0 0 
2200 11461 11508 12385 12685 1 11068 30 0 0 
2300 11926 12028 12479 12902 0 11645 27 0 0 
2400 12316 12325 12524 13004 9 12065 29 0 0 
2500 12511 12531 12595 13075 120 12424 29 0 0 
2600 12601 12572 12591 13079 262 12688 20 0 0 
2700 12775 12293 12679 13178 598 12654 27 0 0 
2800 12926 11985 12612 13097 1197 12818 33 0 0 
2900 13174 11735 12642 13153 1971 12791 18 0 0 
3000 13259 11653 12616 13053 3009 12769 23 0 0 
3100 13276 11661 12662 13127 4029 12803 28 0 0 
3200 13309 11828 12675 13150 5139 12862 19 0 0 
3300 13427 12010 12612 13065 6347 12871 23 0 0 
3400 13413 12206 12737 13144 7466 12868 18 0 0 
3500 13451 12379 12709 13177 8570 12961 29 0 0 
3600 13463 12429 12699 13116 9645 12998 24 0 0 
3700 13513 12560 12669 13119 10648 12938 31 0 0 
3800 13433 12647 12731 13112 11370 12921 34 0 0 
3900 13489 12804 12706 13105 11943 12851 24 0 0 
4000 13494 13068 12648 13079 12278 12886 17 0 0 
4100 13472 13158 12704 13201 12549 12941 23 0 0 
4200 13494 13202 12734 13220 12798 12989 32 0 0 
4300 13528 13228 12764 13175 13022 12937 36 0 0 
4400 13525 13402 12823 13220 13159 13073 39 0 0 
4500 13533 13404 12707 13125 13191 12998 29 0 0 
4600 13510 13286 12734 13187 13130 12967 43 0 0 
4700 13517 13354 12849 13158 13150 13073 52 0 0 
4800 13523 13489 12781 13204 13109 13220 23 0 0 
4900 13597 13350 12813 13231 13161 13092 40 0 0 
5000 13445 13308 12834 13218 13075 13247 38 0 0 
5100 13499 13332 12741 13204 13147 13173 30 0 0 
5200 13571 13470 12941 13304 13126 13248 33 0 0 
5300 13541 13328 12822 13205 13137 13137 48 0 0 
5400 13461 13461 12771 13248 13184 13250 38 0 0 
5500 13494 13459 12842 13276 13158 13302 44 0 0 
5600 13514 13438 12849 13223 13144 13185 46 1 0 
5700 13538 13396 12834 13215 13131 13175 43 0 0 
5800 13567 13373 12890 13266 13225 13306 38 0 0 
5900 13537 13376 12749 13174 13210 13217 51 0 0 
6000 13535 13219 12828 13196 13093 13226 50 0 0 
6100 13490 13363 12881 13220 13115 13276 50 0 0 
6200 13520 13366 12832 13220 13177 13227 47 0 0 
6300 13544 13461 12816 13216 13164 13262 54 0 0 
6400 13558 13400 12890 13243 13157 13260 58 0 0 
6500 13558 13409 12881 13249 13208 13286 49 0 0 
6600 13569 13443 12840 13207 13163 13286 54 0 0 
6700 13550 13428 12803 13214 13136 13362 45 0 0 
6800 13509 13390 12813 13175 13167 13294 41 0 0 
6900 13576 13343 12893 13233 13173 13223 34 0 0 
7000 13678 13400 12907 13275 13254 13299 57 0 0 
7100 13567 13362 12843 13268 13164 13335 34 0 0 
7200 13655 13334 12905 13270 13252 13270 55 0 0 
7300 13536 13369 12844 13191 13144 13323 42 0 0 
7400 13639 13520 12854 13198 13223 13295 45 0 0 
7500 13571 13416 12862 13214 13220 13365 50 0 0 
7600 13607 13356 12915 13286 13221 13305 55 0 0 
7700 13554 13513 12935 13295 13232 13335 39 0 0 
7800 13551 13461 12933 13298 13161 13314 55 0 0 
7900 13633 13491 12872 13257 13288 13391 50 0 0 
8000 13627 13453 12944 13350 13231 13321 46 0 0 
8100 13579 13421 12886 13274 13202 13276 46 0 0 
8200 13692 13476 13023 13402 13320 13392 50 0 0 
8300 13605 13437 12922 13286 13267 13333 59 0 0 
8400 13571 13403 13000 13290 13144 13315 42 0 0 
8500 13594 13475 13019 13360 13217 13379 54 0 0 
8600 13626 13322 12930 13328 13218 13325 46 0 0 
8700 13635 13342 12866 13257 13225 13357 35 0 0 
8800 13572 13370 12927 13249 13164 13331 44 0 0 
8900 13581 13399 13010 13324 13239 13397 35 0 0 
9000 13610 13373 12989 13340 13216 13432 31 0 0 
9100 13566 13344 12956 13350 13227 13401 36 0 0 
9200 13557 13417 12989 13284 13171 13372 39 0 0 
9300 13626 13466 12948 13345 13191 13413 33 0 0 
9400 13574 13441 12954 13338 13189 13408 53 0 0 
9500 13585 13378 12952 13305 13175 13386 48 0 0 
9600 13608 13404 12944 13259 13197 13389 37 0 0 
9700 13621 13490 12899 13284 13244 13356 40 0 0 
9800 13634 13382 13009 13326 13291 13305 57 0 0 
9900 13589 13473 12884 13268 13184 13386 45 0 0 
10000 13601 13431 12970 13337 13232 13406 40 0 0 
