# Avida tasks data
# Sun Apr 16 18:36:51 2023
# First column gives the current update, next columns give the number
# of organisms that have the particular task as a component of their merit
#  1: Update
#  2: Not
#  3: Nand
#  4: And
#  5: OrNot
#  6: Or
#  7: AndNot
#  8: Nor
#  9: Xor
# 10: Equals

0 0 0 0 0 0 0 0 0 0 
100 0 0 0 0 0 0 0 0 0 
200 0 0 0 0 0 0 0 0 0 
300 0 0 0 0 0 0 0 0 0 
400 0 0 0 0 0 0 0 0 0 
500 0 0 0 0 0 0 0 0 0 
600 2 12 0 0 0 0 0 0 0 
700 50 69 0 0 0 0 0 0 0 
800 281 151 0 6 0 0 0 0 0 
900 595 552 8 788 0 280 8 0 0 
1000 570 1029 7 2259 0 1321 0 0 0 
1100 586 1049 11 2560 2 1610 0 0 0 
1200 586 1049 11 2559 2 1605 0 0 0 
1300 609 1153 8 2897 1 2005 1 0 0 
1400 649 2237 10 3973 2 2118 1005 0 0 
1500 645 2670 5 4382 3 1968 1593 0 0 
1600 635 2748 5 4482 3 1942 1875 0 0 
1700 647 3284 4 4972 8 1759 2533 0 0 
1800 677 3850 2 5380 24 1514 3186 0 0 
1900 703 4212 2 5679 13 1700 3338 0 0 
2000 707 4393 1 5662 13 2038 2963 0 0 
2100 707 4393 1 5662 13 2038 2963 0 0 
2200 711 4408 1 5655 13 2080 2903 0 0 
2300 713 4406 1 5653 13 2078 2903 0 0 
2400 713 4406 1 5653 13 2078 2903 0 0 
2500 713 4406 1 5653 13 2078 2903 0 0 
2600 717 4406 1 5649 13 2074 2903 0 0 
2700 704 4523 0 5667 12 2294 2690 0 0 
2800 696 4643 0 5674 11 2508 2468 0 0 
2900 695 4643 0 5674 11 2508 2468 0 0 
3000 668 4854 0 5750 11 2761 2263 0 0 
3100 699 5148 0 5922 9 3108 2056 0 0 
3200 706 5272 0 6004 11 3278 1954 0 0 
3300 702 5428 0 6100 11 3542 1811 0 0 
3400 703 5426 0 6101 11 3540 1811 0 0 
3500 716 5475 0 6148 10 3563 1773 0 0 
3600 726 5563 0 6210 10 3688 1736 0 0 
3700 729 5562 0 6210 10 3686 1736 0 0 
3800 729 5562 0 6210 10 3684 1736 0 0 
3900 729 5562 0 6210 10 3685 1736 0 0 
4000 729 5563 0 6210 10 3685 1736 0 0 
4100 728 5563 0 6210 10 3685 1736 0 0 
4200 721 5571 0 6203 9 3692 1736 0 0 
4300 721 5571 0 6204 9 3692 1736 0 0 
4400 721 5570 0 6205 9 3694 1736 0 0 
4500 721 5570 0 6205 9 3694 1736 0 0 
4600 721 5568 1 6205 9 3691 1737 0 0 
4700 727 5622 3 6239 7 3743 1715 0 0 
4800 727 5622 3 6239 7 3743 1715 0 0 
4900 727 5622 3 6239 7 3743 1715 0 0 
5000 728 5621 3 6238 7 3742 1715 0 0 
5100 728 5621 3 6238 7 3742 1715 0 0 
5200 728 5621 3 6238 7 3742 1715 0 0 
5300 728 5621 3 6238 7 3742 1715 0 0 
5400 728 5621 3 6238 7 3742 1715 0 0 
5500 728 5621 3 6238 7 3742 1715 0 0 
5600 704 5859 0 6396 12 3967 1593 0 0 
5700 707 5951 0 6485 10 4159 1512 0 0 
5800 697 6095 0 6623 6 4404 1398 0 0 
5900 697 6096 0 6624 6 4406 1398 0 0 
6000 689 6154 1 6645 16 4451 1363 0 0 
6100 693 6234 1 6721 12 4507 1337 0 0 
6200 714 6307 3 6793 6 4603 1308 0 0 
6300 727 6494 0 6945 7 4859 1268 0 0 
6400 727 6494 0 6945 7 4859 1268 0 0 
6500 727 6494 0 6945 7 4857 1268 0 0 
6600 727 6494 0 6945 7 4857 1268 0 0 
6700 727 6494 0 6945 7 4857 1268 0 0 
6800 727 6494 0 6945 7 4857 1268 0 0 
6900 723 6507 0 6958 7 4875 1264 0 0 
7000 713 6581 2 7049 5 5001 1244 0 0 
7100 713 6580 2 7048 5 5000 1244 0 0 
7200 706 6593 1 7064 4 4997 1234 0 0 
7300 741 6817 2 7255 6 5264 1164 0 0 
7400 741 6817 2 7255 6 5264 1164 0 0 
7500 741 6817 2 7255 6 5264 1164 0 0 
7600 741 6817 2 7255 6 5264 1164 0 0 
7700 695 7019 2 7413 6 5536 1100 0 0 
7800 683 7290 1 7668 7 5800 1039 0 0 
7900 684 7286 1 7668 8 5794 1039 0 0 
8000 685 7282 1 7669 8 5795 1038 0 0 
8100 655 7350 1 7735 8 5860 1033 0 0 
8200 659 7350 1 7735 8 5861 1033 0 0 
8300 624 7386 1 7758 6 5888 1030 0 0 
8400 625 7380 1 7779 7 5885 1035 0 0 
8500 620 7385 1 7781 6 5879 1035 0 0 
8600 625 7384 1 7785 7 5905 1035 0 0 
8700 612 7399 2 7785 5 5897 1036 0 0 
8800 601 7515 1 7909 4 6032 1031 0 0 
8900 623 7573 3 7976 8 6062 1035 0 0 
9000 623 7573 3 7976 8 6062 1035 0 0 
9100 623 7572 3 7977 8 6061 1035 0 0 
9200 619 7691 2 8090 6 6161 1036 0 0 
9300 577 7802 2 8186 6 6253 1033 0 0 
9400 577 7802 2 8186 6 6253 1033 0 0 
9500 577 7802 2 8186 6 6253 1033 0 0 
9600 577 7802 2 8186 6 6253 1033 0 0 
9700 579 7800 2 8184 6 6252 1033 0 0 
9800 579 7800 2 8184 6 6252 1033 0 0 
9900 579 7800 2 8184 6 6252 1033 0 0 
10000 579 7800 2 8184 6 6252 1033 0 0 
