# Avida tasks data
# Sun Apr 16 23:51:14 2023
# First column gives the current update, next columns give the number
# of organisms that have the particular task as a component of their merit
#  1: Update
#  2: Not
#  3: Nand
#  4: And
#  5: OrNot
#  6: Or
#  7: AndNot
#  8: Nor
#  9: Xor
# 10: Equals

0 0 0 0 0 0 0 0 0 0 
100 0 0 0 0 0 0 0 0 0 
200 0 0 0 0 0 0 0 0 0 
300 183 65 0 0 0 0 0 0 0 
400 763 910 0 3 1 0 0 0 0 
500 1425 1623 0 22 0 0 0 0 0 
600 1839 2051 0 29 2 0 0 0 0 
700 2514 2673 0 42 2 0 0 0 0 
800 3546 3700 0 50 1 0 0 0 0 
900 4809 4943 0 91 1 0 0 0 0 
1000 5899 5975 0 116 3 0 0 0 0 
1100 6744 6791 0 140 1 3 0 0 0 
1200 7213 6847 0 162 1 6 2 0 0 
1300 7691 6823 0 180 1 6 2 0 0 
1400 7769 6852 0 176 1 6 2 0 0 
1500 7853 7152 1 174 1 6 2 0 0 
1600 8151 7526 1 183 1 6 2 0 0 
1700 8212 7630 4 188 1 6 2 0 0 
1800 8196 7639 4 187 1 6 2 0 0 
1900 8194 7693 4 186 1 6 2 0 0 
2000 8179 7727 4 191 1 6 2 0 0 
2100 8198 7773 4 207 1 8 1 0 0 
2200 8207 7810 4 216 1 8 1 0 0 
2300 8207 7831 4 227 1 6 1 0 0 
2400 8204 7859 4 254 1 6 1 0 0 
2500 8207 7858 4 263 1 6 1 0 0 
2600 8209 7854 4 232 2 6 1 0 0 
2700 8228 7884 4 231 2 6 1 0 0 
2800 8431 8099 4 238 2 6 1 0 0 
2900 8672 8338 4 228 2 6 1 0 0 
3000 8777 8452 4 257 2 7 1 0 0 
3100 8856 8540 4 261 2 6 1 0 0 
3200 8895 8592 4 257 5 6 1 0 0 
3300 8996 8695 4 276 3 6 1 0 0 
3400 9068 8736 4 274 3 6 1 0 0 
3500 9200 8884 4 263 3 8 1 0 0 
3600 9349 9005 4 260 5 6 1 0 0 
3700 9473 9155 4 266 2 6 1 0 0 
3800 9634 9292 4 282 2 6 1 0 0 
3900 9731 9394 4 277 2 6 1 0 0 
4000 9848 9531 4 279 2 6 1 0 0 
4100 9945 9612 4 284 4 6 1 0 0 
4200 9999 9657 4 283 5 8 1 0 0 
4300 10062 9734 4 297 4 7 1 0 0 
4400 10113 9770 4 301 3 6 1 0 0 
4500 10186 9865 4 310 2 6 1 0 0 
4600 10220 9916 4 301 2 7 1 0 0 
4700 10268 9960 4 297 4 6 1 0 0 
4800 10324 10015 4 292 4 8 1 0 0 
4900 10342 10057 4 287 3 6 1 0 0 
5000 10405 10125 4 287 3 6 1 0 0 
5100 10448 10193 4 288 5 8 1 0 0 
5200 10453 10221 4 285 2 6 1 0 0 
5300 10487 10273 4 294 2 8 1 0 0 
5400 10556 10322 4 307 4 7 1 0 0 
5500 10566 10342 3 298 4 7 1 0 0 
5600 10613 10351 3 306 4 7 1 0 0 
5700 10618 10348 3 318 4 7 1 0 0 
5800 10644 10384 3 306 6 7 1 0 0 
5900 10676 10411 3 303 5 6 1 0 0 
6000 10701 10453 3 295 8 6 1 0 0 
6100 10749 10473 3 304 6 6 1 0 0 
6200 10719 10455 3 298 5 5 1 0 0 
6300 10796 10557 3 297 4 8 1 0 0 
6400 10765 10518 3 298 4 7 1 0 0 
6500 10808 10547 3 301 4 7 1 0 0 
6600 10855 10595 3 311 4 7 1 0 0 
6700 10864 10613 3 297 4 6 1 0 0 
6800 10863 10614 3 297 4 6 1 0 0 
6900 10865 10612 1 299 4 12 1 0 0 
7000 10844 10591 1 295 5 12 1 0 0 
7100 10857 10607 1 294 5 17 1 0 0 
7200 10841 10596 2 292 5 18 1 0 0 
7300 10859 10622 1 292 7 27 1 0 0 
7400 10854 10600 1 290 5 24 1 0 0 
7500 10850 10592 1 292 5 25 1 0 0 
7600 10850 10610 3 291 5 17 1 0 0 
7700 10835 10592 1 298 5 20 1 0 0 
7800 10872 10598 1 310 5 15 1 0 0 
7900 10877 10606 1 308 6 28 1 0 0 
8000 10895 10657 1 299 5 31 1 0 0 
8100 10929 10682 1 304 5 37 1 0 0 
8200 10927 10669 0 296 7 52 1 0 0 
8300 10935 10684 0 292 8 32 1 0 0 
8400 10932 10693 0 296 6 47 1 0 0 
8500 10947 10723 0 291 6 36 1 0 0 
8600 10965 10738 0 298 6 31 1 0 0 
8700 10965 10725 0 303 6 24 1 0 0 
8800 10984 10754 0 293 7 34 1 0 0 
8900 10980 10744 0 302 6 33 1 0 0 
9000 10991 10747 0 306 6 31 1 0 0 
9100 10995 10738 0 309 6 37 1 0 0 
9200 11048 10806 0 300 6 38 1 0 0 
9300 11050 10799 0 307 7 44 1 0 0 
9400 11075 10838 0 304 6 47 1 0 0 
9500 11123 10884 0 308 5 40 1 0 0 
9600 11113 10876 0 303 6 37 1 0 0 
9700 11173 10932 0 302 8 47 1 0 0 
9800 11228 10996 0 311 8 51 1 0 0 
9900 11320 11085 0 305 10 45 1 0 0 
10000 11384 11136 0 299 11 54 1 0 0 
