# Avida tasks data
# Sun Apr 16 20:30:05 2023
# First column gives the current update, next columns give the number
# of organisms that have the particular task as a component of their merit
#  1: Update
#  2: Not
#  3: Nand
#  4: And
#  5: OrNot
#  6: Or
#  7: AndNot
#  8: Nor
#  9: Xor
# 10: Equals

0 0 0 0 0 0 0 0 0 0 
100 0 0 0 0 0 0 0 0 0 
200 0 0 0 0 0 0 0 0 0 
300 0 0 0 0 0 0 0 0 0 
400 0 0 0 0 0 0 0 0 0 
500 0 0 0 0 0 0 0 0 0 
600 0 0 0 0 0 0 0 0 0 
700 0 0 0 0 0 0 0 0 0 
800 2 0 0 0 0 0 0 0 0 
900 24 38 0 21 0 0 0 0 0 
1000 70 234 0 840 0 0 0 0 0 
1100 931 1267 0 2326 688 1 0 0 0 
1200 2942 423 0 3364 2887 0 0 0 0 
1300 4728 321 0 4853 4625 0 0 0 0 
1400 6273 628 0 6453 6233 0 0 0 0 
1500 7764 1150 0 7992 7713 770 0 0 0 
1600 8548 1221 1 8496 8256 3201 2 0 0 
1700 9080 2072 17 8845 8611 4838 7 0 0 
1800 9619 3128 23 9166 8921 6199 5 0 0 
1900 10035 4196 49 9547 9347 7450 12 0 0 
2000 10637 5452 30 10092 9835 8707 15 0 0 
2100 11042 6596 22 10446 10131 9697 13 0 0 
2200 11409 7680 50 10759 10416 10538 8 0 0 
2300 11615 8760 60 10868 10606 11205 17 0 0 
2400 11934 9673 30 11245 10884 11705 27 0 0 
2500 12051 10360 37 11193 10938 12053 15 0 0 
2600 12278 10977 46 11528 11255 12422 7 0 0 
2700 12540 11438 50 11770 11498 12708 28 0 0 
2800 12674 11929 39 11730 11503 12904 21 0 0 
2900 12790 12360 43 11939 11729 13111 20 0 0 
3000 12902 12495 33 11984 11614 13193 28 0 0 
3100 13032 12671 46 12305 11987 13219 11 0 0 
3200 12912 12763 51 12084 11752 13248 20 0 0 
3300 12961 12697 50 12042 11802 13239 48 0 0 
3400 12967 12682 63 12076 11863 13245 138 0 0 
3500 12953 12574 61 12224 11878 13290 282 0 0 
3600 13019 12312 49 12139 11874 13177 490 0 0 
3700 13013 12032 42 12142 11848 13267 745 0 0 
3800 13057 11704 52 12150 11852 13272 1120 0 0 
3900 13033 11251 65 12127 11823 13198 1468 0 0 
4000 12991 10875 52 12106 11837 13243 1852 0 0 
4100 13065 10371 72 12160 11953 13248 2329 0 0 
4200 12935 9788 30 12059 11741 13262 2814 0 0 
4300 13047 9284 40 12040 11819 13296 3345 0 0 
4400 13155 8685 28 12146 11961 13308 3936 0 0 
4500 13121 8124 26 12240 11976 13322 4420 0 0 
4600 13170 7588 42 12232 12011 13292 4939 0 0 
4700 13282 6908 197 12278 12091 13209 5486 0 0 
4800 13206 6237 325 12194 12007 13313 5932 0 0 
4900 13214 5836 543 12117 11965 13300 6269 0 0 
5000 13192 5805 1121 12157 11993 13336 6436 0 0 
5100 13141 6285 1813 12163 11914 13313 6469 0 0 
5200 13159 6652 2389 12122 11957 13240 6634 0 0 
5300 13059 6817 2791 12074 11825 13294 6787 0 0 
5400 13118 6997 3194 12181 11960 13343 7026 0 0 
5500 13194 7225 3553 12110 11949 13303 7288 0 0 
5600 13072 7475 4051 12083 11855 13302 7446 0 0 
5700 13042 7641 4433 12041 11814 13327 7656 0 0 
5800 13093 7728 4664 12097 11839 13298 7893 0 0 
5900 13007 7956 5017 11970 11711 13300 7981 0 0 
6000 13006 8169 5364 11975 11670 13316 8069 0 0 
6100 12983 8335 5618 11984 11739 13301 8369 0 0 
6200 12928 8413 5857 11912 11701 13314 8369 0 0 
6300 12883 8644 6240 11880 11710 13319 8497 0 0 
6400 12959 8994 6622 11842 11774 13321 8679 0 0 
6500 12886 9264 6927 11850 11726 13217 8853 0 0 
6600 12903 9576 7383 11910 11728 13279 8963 0 0 
6700 12859 9814 7710 11866 11732 13230 9104 0 0 
6800 12859 10289 8214 11757 11548 13189 9265 0 0 
6900 12938 10497 8498 11829 11692 13171 9495 0 0 
7000 12846 10751 8700 11774 11632 13174 9556 0 0 
7100 12862 10938 9028 11719 11629 13220 9710 0 0 
7200 12823 11150 9408 11774 11576 13193 9803 0 0 
7300 12867 11448 9756 11747 11642 13175 9919 0 2 
7400 12894 11554 10062 11742 11624 13275 10178 0 2 
7500 12724 11694 10264 11662 11532 13268 10232 0 2 
7600 12823 11826 10481 11832 11638 13329 10439 0 2 
7700 12838 11987 10703 11813 11632 13285 10568 0 2 
7800 12844 12046 10877 11856 11659 13209 10720 0 0 
7900 12849 12180 11200 11842 11662 13240 10892 0 0 
8000 12822 12235 11378 11741 11566 13222 10774 0 0 
8100 12954 12337 11585 11871 11736 13282 11122 0 0 
8200 12950 12336 11678 11825 11757 13323 11143 0 0 
8300 12883 12472 11797 11866 11720 13269 11177 0 0 
8400 12917 12613 12057 11922 11734 13316 11249 0 2 
8500 12844 12594 12138 11820 11641 13248 11240 0 0 
8600 12859 12611 12187 11774 11563 13285 11137 0 0 
8700 12832 12672 12161 11750 11548 13191 11165 0 0 
8800 12835 12677 12241 11790 11636 13282 11160 0 0 
8900 12826 12819 12301 11711 11601 13213 11097 0 0 
9000 12829 12835 12324 11827 11618 13243 11220 0 0 
9100 12855 12871 12408 11832 11606 13263 11282 0 0 
9200 12898 12817 12423 11758 11655 13283 11227 0 0 
9300 12967 12846 12438 11847 11758 13324 11310 0 0 
9400 12931 12926 12427 11818 11669 13353 11288 0 0 
9500 12972 12985 12453 11922 11690 13355 11348 0 0 
9600 12964 12971 12430 11780 11612 13282 11253 0 0 
9700 13019 12896 12491 11833 11749 13285 11336 0 0 
9800 12946 12950 12558 11853 11696 13215 11364 0 0 
9900 12900 12925 12530 11830 11669 13263 11320 0 0 
10000 13008 12965 12532 11874 11661 13269 11379 0 0 
