# Avida tasks data
# Mon Apr 17 07:48:03 2023
# First column gives the current update, next columns give the number
# of organisms that have the particular task as a component of their merit
#  1: Update
#  2: Not
#  3: Nand
#  4: And
#  5: OrNot
#  6: Or
#  7: AndNot
#  8: Nor
#  9: Xor
# 10: Equals

0 0 0 0 0 0 0 0 0 0 
100 0 0 0 0 0 0 0 0 0 
200 0 0 0 0 0 0 0 0 0 
300 0 0 0 0 0 0 0 0 0 
400 0 0 0 0 0 0 0 0 0 
500 0 0 0 0 0 0 0 0 0 
600 2 406 0 6 0 0 0 0 0 
700 1040 1225 0 16 0 0 0 0 0 
800 2222 2414 0 31 0 0 0 0 0 
900 3718 4086 0 53 0 0 0 0 0 
1000 5514 6032 1 167 10 0 0 0 0 
1100 7580 8210 2 339 174 0 0 0 0 
1200 9497 10146 0 654 886 0 0 0 0 
1300 11179 11627 0 1087 1990 0 6 0 0 
1400 12181 12595 0 2189 3036 0 113 0 0 
1500 12446 12775 0 3520 3676 4 474 0 0 
1600 12685 12783 0 4834 4405 29 1036 0 0 
1700 12724 12778 1 5790 5379 69 1885 0 0 
1800 12827 12719 6 7028 6715 438 3437 0 0 
1900 12970 12687 18 7832 8062 1583 5159 0 3 
2000 13060 12727 25 8482 8843 2823 6327 0 3 
2100 13102 12632 48 8845 9215 3866 7033 0 7 
2200 13162 12692 63 9123 9506 4975 7776 0 11 
2300 13176 12709 83 9316 9823 6031 8453 0 2 
2400 13323 12752 88 9791 10197 7159 9161 0 8 
2500 13351 12721 90 10152 10376 8075 9587 0 17 
2600 13408 12729 112 10384 10641 8854 9904 0 14 
2700 13427 12651 113 10576 10762 9564 10207 0 14 
2800 13425 12698 127 10897 10893 10186 10469 0 8 
2900 13443 12603 124 10918 10839 10557 10526 0 13 
3000 13423 12701 110 10973 10964 10969 10780 0 6 
3100 13490 12763 149 11101 11039 11213 10854 0 14 
3200 13412 12780 136 11191 11060 11312 10965 0 5 
3300 13498 12761 146 11166 11097 11575 11044 0 17 
3400 13419 12714 142 11233 11115 11611 11022 0 16 
3500 13492 12674 131 11090 11142 11622 11046 0 11 
3600 13519 12672 151 11155 11060 11590 11051 0 11 
3700 13490 12645 153 11250 11188 11614 11094 0 10 
3800 13518 12736 224 11331 11173 11698 11128 0 10 
3900 13527 12712 256 11349 11191 11754 11157 0 6 
4000 13597 12755 319 11362 11187 11681 11148 0 19 
4100 13549 12762 410 11306 11165 11740 11174 0 13 
4200 13505 12724 571 11263 11139 11602 11124 0 4 
4300 13566 12655 711 11277 11179 11624 11077 0 13 
4400 13568 12699 796 11364 11221 11731 11188 0 24 
4500 13593 12769 886 11447 11319 11721 11260 0 28 
4600 13606 12758 967 11434 11230 11685 11180 0 12 
4700 13574 12816 1098 11298 11209 11709 11160 2 22 
4800 13557 12696 1223 11255 11229 11704 11170 1 6 
4900 13558 12799 1517 11352 11232 11698 11176 0 13 
5000 13612 12739 1690 11339 11213 11684 11176 0 6 
5100 13564 12694 2038 11221 11160 11660 11198 2 12 
5200 13564 12633 2254 11249 11134 11642 11057 3 14 
5300 13513 12642 2525 11276 11095 11599 11046 2 8 
5400 13569 12674 2854 11297 11234 11665 11173 2 5 
5500 13595 12637 3113 11224 11112 11603 11088 1 5 
5600 13499 12624 3436 11252 11172 11618 11176 1 27 
5700 13553 12716 2730 10616 10293 11698 10270 3 922 
5800 13544 12735 2562 10838 9802 11725 9773 3 1404 
5900 13537 12736 2431 10903 9463 11772 9441 3 1783 
6000 13519 12796 2213 10760 9222 11818 9207 1 2075 
6100 13496 12845 1907 10664 8842 11867 8822 1 2473 
