# Avida tasks data
# Mon Apr 17 07:57:45 2023
# First column gives the current update, next columns give the number
# of organisms that have the particular task as a component of their merit
#  1: Update
#  2: Not
#  3: Nand
#  4: And
#  5: OrNot
#  6: Or
#  7: AndNot
#  8: Nor
#  9: Xor
# 10: Equals

0 0 0 0 0 0 0 0 0 0 
100 0 0 0 0 0 0 0 0 0 
200 0 0 0 0 0 0 0 0 0 
300 0 0 0 0 0 0 0 0 0 
400 0 0 0 0 0 0 0 0 0 
500 0 0 0 0 0 0 0 0 0 
600 539 0 0 0 0 0 0 0 0 
700 1165 795 0 7 0 0 0 0 0 
800 1870 1792 0 99 0 0 0 0 0 
900 2803 2935 0 285 0 4 0 0 0 
1000 3764 4022 0 514 0 2 0 0 0 
1100 4602 5016 1 754 2 3 0 0 0 
1200 5724 6217 3 1202 0 242 0 0 0 
1300 7392 7871 1 2655 0 2095 0 0 0 
1400 9479 10033 13 4852 9 4614 0 0 0 
1500 11218 11909 28 6950 13 6916 1 0 0 
1600 12210 12954 27 8542 158 8622 2 0 0 
1700 12364 12970 62 9394 1069 9698 0 0 0 
1800 12494 12811 42 10193 2315 10452 0 0 0 
1900 12559 12722 35 10736 3355 11087 4 0 0 
2000 12607 12651 27 11181 4290 11550 3 0 0 
2100 12729 12707 40 11521 5189 11946 36 0 0 
2200 12764 12475 38 11651 6024 12233 101 0 0 
2300 12863 12484 37 11891 6807 12625 321 0 0 
2400 12913 12385 46 11988 7544 12806 1088 0 0 
2500 12887 12231 27 11879 8241 12855 1916 0 0 
2600 12915 12209 19 11936 8968 12891 2872 0 0 
2700 12953 12267 20 11988 9593 12927 3991 0 0 
2800 13003 12099 17 11812 10006 13004 5040 0 0 
2900 12972 12052 13 11852 10453 12962 6026 0 0 
3000 12979 11969 14 11271 10722 13041 6912 0 437 
3100 12972 11945 17 9482 11068 13006 6816 0 2594 
3200 13016 11899 15 9906 11151 11576 6436 2 3719 
3300 12991 11817 11 10376 11084 9829 5838 0 4424 
3400 12967 11769 15 10533 11047 8405 5165 0 5140 
3500 13070 11785 7 10907 11120 6649 4540 1 6260 
3600 13142 11818 7 11268 11205 5221 4065 2 7213 
3700 13220 11817 7 11547 11205 4236 3365 1 7903 
3800 13141 11848 8 11527 11222 3577 2848 1 8363 
3900 13106 11824 6 11551 11171 3059 2407 2 8621 
4000 13161 11792 7 11622 11168 2520 1873 0 9079 
4100 13216 11812 3 11660 11200 2057 1359 0 9466 
4200 13183 11811 16 11613 11144 2395 1009 3 9680 
4300 13265 11815 14 11588 11246 3474 854 0 9868 
4400 13210 11839 16 11682 11193 4162 796 2 9924 
4500 13210 11837 16 11680 11193 4158 798 2 9922 
4600 13209 11835 16 11678 11193 4157 800 2 9920 
4700 13199 11886 22 11669 11204 5279 725 6 9996 
4800 13260 11845 17 11664 11200 6208 678 1 10087 
4900 13223 11862 19 11773 11230 7225 582 4 10110 
5000 13246 11884 12 11801 11302 8391 583 2 10189 
5100 13189 11873 20 11424 11219 9107 564 11 10120 
5200 13040 11408 27 11175 11198 8566 555 10 10115 
5300 12901 11040 24 10860 11195 8136 559 17 10116 
5400 12859 10924 31 10689 11218 7955 570 14 10119 
