# Avida tasks data
# Mon Apr 17 08:17:28 2023
# First column gives the current update, next columns give the number
# of organisms that have the particular task as a component of their merit
#  1: Update
#  2: Not
#  3: Nand
#  4: And
#  5: OrNot
#  6: Or
#  7: AndNot
#  8: Nor
#  9: Xor
# 10: Equals

0 0 0 0 0 0 0 0 0 0 
100 0 0 0 0 0 0 0 0 0 
200 0 0 0 0 0 0 0 0 0 
300 0 0 0 0 0 0 0 0 0 
400 0 0 0 0 0 0 0 0 0 
500 0 0 0 0 0 0 0 0 0 
600 0 0 0 0 0 0 0 0 0 
700 1471 0 0 0 0 0 0 0 0 
800 3143 1205 0 27 0 0 0 0 0 
900 3908 2883 0 1772 9 0 0 0 0 
1000 4954 4523 0 3620 15 0 0 0 0 
1100 6605 6341 2 5462 34 2 1 0 0 
1200 8653 8593 1 7590 39 432 0 0 0 
1300 9870 9851 9 8896 26 1885 0 0 0 
1400 10995 10990 13 10011 54 3457 1 0 0 
1500 11728 11749 15 10829 53 4899 0 0 0 
1600 12403 12428 17 11534 62 6216 0 0 0 
1700 12782 12779 15 11986 43 7572 0 0 0 
1800 12907 12950 22 12350 43 8738 0 0 0 
1900 12957 12999 26 12602 48 9757 1 0 0 
2000 13097 13041 26 12803 66 10518 0 0 0 
2100 13064 13127 28 12953 55 10988 2 0 0 
2200 13059 13141 43 13133 99 11413 0 0 0 
2300 13056 13050 44 13211 73 11572 1 0 0 
2400 13086 13124 43 13239 111 11708 1 0 0 
2500 13130 13114 43 13278 121 11718 0 0 0 
2600 13207 13087 32 13280 83 11860 2 0 0 
2700 13196 13118 28 13276 108 11867 0 0 0 
2800 13213 13076 34 13246 121 11838 0 0 0 
2900 13191 13078 41 13209 120 11719 0 0 0 
3000 13246 13192 33 13344 93 11991 0 0 0 
3100 13216 13128 48 13316 114 11901 0 0 0 
3200 13279 13080 33 13324 100 11829 0 0 0 
3300 13316 13109 34 13270 119 11808 1 0 0 
3400 13299 13066 45 13274 90 11859 1 0 0 
3500 13315 13094 24 13218 86 11830 0 0 0 
3600 13335 13139 46 13315 83 11899 0 0 0 
3700 13286 13134 50 13307 93 11945 1 0 0 
3800 13294 13087 253 13299 113 11925 3 0 0 
3900 13364 13084 795 13325 104 11979 0 0 0 
4000 13333 13137 1559 13299 129 11957 2 0 0 
4100 13383 13110 2545 13345 120 11974 0 0 0 
4200 13399 13044 3758 13304 77 11961 0 0 0 
4300 13364 13106 4747 13334 86 11989 2 0 0 
4400 13307 13075 5561 13286 197 12034 2 0 0 
4500 13308 13054 6292 13265 516 11930 0 0 0 
4600 13339 13055 6747 13283 956 11964 0 0 0 
4700 13291 13111 6641 13310 1703 12228 0 0 0 
4800 13295 13125 6594 13246 2604 12144 2 0 0 
4900 13342 13041 6173 13211 3453 12141 0 0 0 
5000 13330 13089 5823 13295 4350 12355 3 0 0 
5100 13326 13038 5577 13177 5253 12213 2 0 0 
5200 13372 13037 5746 13259 6161 12213 5 0 0 
5300 13299 13021 6250 13187 6731 12229 3 0 0 
5400 13403 13037 6889 13219 7458 12066 3 0 0 
5500 13419 12966 7496 13199 7999 12033 3 0 0 
5600 13324 12994 7946 13213 8696 11870 1 0 0 
5700 13344 13065 8502 13239 9241 11788 4 0 0 
5800 13402 13010 9023 13214 9715 11723 1 0 0 
5900 13360 13012 9546 13217 10188 11650 0 0 0 
6000 13363 12992 10094 13132 10386 11574 3 0 0 
6100 13349 12894 10390 13150 10616 11515 1 0 0 
6200 13363 12939 10812 13152 10862 11545 0 1 0 
6300 13365 12966 11067 13169 10911 11515 1 0 0 
6400 13344 12904 11242 13165 10941 11337 0 0 0 
6500 13377 13025 11639 13212 11106 11533 0 0 0 
6600 13376 13000 11870 13201 11080 11454 0 0 0 
6700 13371 13059 12160 13277 11218 11594 1 0 0 
6800 13336 13011 12193 13185 11216 11490 0 0 0 
6900 13385 13031 12329 13213 11165 11540 2 1 0 
7000 13329 13077 12307 13158 11204 11510 1 1 0 
7100 13371 12999 12420 13215 11114 11580 0 0 0 
7200 13385 13056 12319 13190 11194 11530 2 0 0 
7300 13302 13058 12405 13158 11226 11642 0 0 0 
7400 13398 12995 12413 13208 11206 11506 1 0 0 
7500 13352 13026 12367 13176 11214 11542 0 0 0 
7600 13472 13102 12425 13278 11227 11691 0 0 0 
7700 13383 13119 12386 13280 11245 11708 0 1 0 
7800 13492 13074 12439 13238 11241 11757 0 0 0 
7900 13438 13080 12344 13264 11263 11650 0 0 0 
8000 13446 13087 12452 13221 11241 11618 1 0 0 
8100 13447 13051 12338 13225 11249 11744 0 0 0 
8200 13369 13090 12465 13223 11343 11728 0 0 0 
8300 13377 13127 12455 13299 11302 11788 0 0 0 
8400 13425 13123 12427 13295 11358 11753 0 0 0 
8500 13395 13064 12451 13216 11253 11741 0 0 0 
8600 13422 13187 12488 13330 11441 11942 0 0 0 
8700 13475 13158 12513 13341 11502 11941 0 0 0 
8800 13445 13132 12507 13375 11404 11949 0 0 0 
8900 13458 13131 12514 13311 11448 11982 1 0 0 
9000 13494 13213 12585 13375 11516 11934 0 0 0 
9100 13404 13119 12525 13343 11434 11940 3 0 0 
9200 13422 13173 12527 13363 11464 12004 0 0 0 
9300 13442 13162 12504 13359 11554 12019 3 0 0 
9400 13501 13161 12540 13372 11489 12002 0 0 0 
9500 13434 13128 12561 13337 11310 12006 0 0 0 
9600 13439 13201 12585 13358 11431 12055 2 0 0 
9700 13451 13162 12462 13333 11481 12041 1 0 0 
9800 13419 13076 12459 13260 11399 11897 0 0 0 
9900 13468 13156 12515 13300 11444 11983 2 0 0 
10000 13489 13179 12557 13411 11613 12153 1 0 0 
