# Avida tasks data
# Mon Apr 17 09:01:38 2023
# First column gives the current update, next columns give the number
# of organisms that have the particular task as a component of their merit
#  1: Update
#  2: Not
#  3: Nand
#  4: And
#  5: OrNot
#  6: Or
#  7: AndNot
#  8: Nor
#  9: Xor
# 10: Equals

0 0 0 0 0 0 0 0 0 0 
100 0 0 0 0 0 0 0 0 0 
200 0 0 0 0 0 0 0 0 0 
300 0 0 0 0 0 0 0 0 0 
400 238 33 0 6 0 0 0 0 0 
500 1006 948 0 17 0 0 0 0 0 
600 1938 2047 0 30 0 0 0 0 0 
700 3079 3356 0 40 0 0 0 0 0 
800 4725 5240 0 75 0 0 0 0 0 
900 6148 6721 0 98 0 0 0 0 0 
1000 6108 6678 0 98 0 0 0 0 0 
1100 6111 6678 0 98 0 0 0 0 0 
1200 6117 6688 0 96 0 0 0 0 0 
1300 6124 6695 0 95 0 0 0 0 0 
1400 6110 6682 0 96 0 0 0 0 0 
1500 6116 6688 0 96 0 0 0 0 0 
1600 6119 6690 0 97 0 0 0 0 0 
1700 6117 6689 0 97 0 0 0 0 0 
1800 6116 6689 0 97 0 0 0 0 0 
1900 6117 6691 0 97 0 0 0 0 0 
2000 6118 6692 0 97 0 0 0 0 0 
2100 6139 6717 0 99 0 0 0 0 0 
2200 6151 6737 0 98 0 0 0 0 0 
2300 6169 6758 0 100 0 0 0 0 0 
2400 6235 6806 0 95 0 0 0 0 0 
2500 6351 6913 0 100 0 0 0 0 0 
2600 6536 7081 0 104 0 0 0 0 0 
2700 7444 7961 1 604 0 1 0 0 0 
2800 7443 8086 7 1874 0 2 0 0 0 
2900 7930 8599 10 3308 10 16 0 0 0 
3000 8064 8751 15 3596 5 15 0 0 0 
3100 8955 9649 12 4569 13 57 2 0 0 
3200 9778 10550 25 4793 11 61 0 0 0 
3300 10529 11425 43 4767 12 28 0 0 0 
3400 11175 12044 39 5397 9 25 1 0 0 
3500 11595 12423 57 5914 9 26 0 0 0 
3600 12157 12931 101 5555 8 23 0 0 0 
