# Avida tasks data
# Mon Apr 17 05:38:24 2023
# First column gives the current update, next columns give the number
# of organisms that have the particular task as a component of their merit
#  1: Update
#  2: Not
#  3: Nand
#  4: And
#  5: OrNot
#  6: Or
#  7: AndNot
#  8: Nor
#  9: Xor
# 10: Equals

0 0 0 0 0 0 0 0 0 0 
100 0 0 0 0 0 0 0 0 0 
200 0 0 0 0 0 0 0 0 0 
300 0 0 0 0 0 0 0 0 0 
400 0 0 0 0 0 0 0 0 0 
500 7 0 0 0 0 0 0 0 0 
600 755 126 2 1109 9 0 0 0 0 
700 2537 1287 4 2560 13 0 0 0 0 
800 3649 2495 13 3506 17 0 0 0 0 
900 4809 3724 21 4581 17 0 0 0 0 
1000 5996 5147 30 5729 28 0 0 0 0 
1100 7558 6884 24 7166 41 2 0 0 0 
1200 9209 8933 56 8667 52 0 0 0 0 
1300 10429 10519 35 9846 35 0 1 0 0 
1400 11285 11564 48 10612 54 0 0 0 0 
1500 11643 12340 548 11254 51 0 0 0 0 
1600 11768 12602 2198 11589 66 7 0 0 0 
1700 11842 12991 3640 11988 84 3 0 0 0 
1800 11833 13111 5036 12241 286 27 0 0 0 
1900 11701 13066 6278 12392 470 59 0 0 0 
2000 11767 13096 7463 12522 644 142 0 0 0 
2100 11669 13111 8497 12680 706 252 0 0 0 
2200 11648 13150 9113 12672 1066 249 0 0 0 
2300 11743 13152 9703 12771 1191 458 0 0 0 
2400 11548 13188 10305 12825 1359 489 0 15 0 
2500 11529 13194 10616 12848 1535 513 11 65 0 
2600 11636 13185 11156 12940 1772 624 66 109 0 
2700 11642 12914 11382 12922 2238 568 236 132 0 
2800 11546 12630 11502 12902 2505 612 473 203 0 
2900 11558 12300 11622 12968 2859 780 731 248 0 
3000 11483 11996 11799 12913 3371 737 1143 314 0 
3100 11439 12361 11669 12905 3743 735 1640 340 0 
3200 11403 12552 11668 12724 4165 829 2476 328 0 
3300 11674 12925 11744 12597 4846 752 3549 261 0 
3400 11769 13064 11848 12571 5339 583 4407 208 0 
3500 11988 13196 11780 12517 6240 506 5393 115 0 
3600 12210 13255 11792 12520 7145 382 6393 89 0 
3700 12233 13353 11720 12302 7952 341 7092 54 0 
3800 12417 13396 11706 12300 8705 313 7955 21 0 
3900 12394 13480 11730 12129 9174 266 8459 11 0 
4000 12576 13519 11737 12259 9779 304 9055 2 1 
4100 12548 13598 11764 12274 10249 263 9480 0 0 
4200 12528 13609 11690 12202 10612 230 9809 0 0 
4300 12717 13591 11899 12349 11020 211 10210 0 0 
4400 12732 13699 11823 12368 11364 196 10576 0 0 
4500 12778 13664 11859 12286 11516 200 10633 0 0 
4600 12708 13653 11864 12160 11473 200 10617 0 1 
4700 12646 13643 11868 12306 11764 203 10885 0 0 
4800 12638 13618 11843 12209 11737 239 10803 0 0 
4900 12691 13625 11747 12236 11714 257 10866 0 1 
5000 12754 13605 11810 12319 11863 216 11001 0 18 
5100 12698 13448 11861 12320 11661 232 10937 0 120 
5200 12804 13126 11909 12242 11394 228 10937 0 384 
5300 12680 12507 11924 12164 10777 210 10855 0 800 
5400 12735 11938 11873 12204 10265 258 10875 0 1320 
5500 12632 11009 11872 12119 9490 249 10755 0 1967 
5600 12534 10427 11866 12057 8848 271 10565 0 2536 
5700 12527 9664 11945 12090 8305 248 10519 0 3199 
5800 12566 9611 11937 12142 8275 251 10530 0 3286 
5900 12606 9359 11903 12203 8089 255 10597 0 3513 
6000 12582 8712 11838 12091 7437 262 10332 0 4157 
6100 12508 7856 11849 12118 6714 254 10228 0 4884 
6200 12477 7265 11960 11945 6021 316 9853 0 5419 
6300 12490 6603 11919 11999 5536 350 9926 0 6011 
6400 12460 5985 11966 12028 4937 333 9772 0 6662 
6500 12411 5364 11859 12022 4433 388 9682 0 7043 
6600 12416 4676 11857 12012 3784 381 9611 0 7723 
6700 12469 4328 11944 12083 3524 441 9441 0 8237 
6800 12338 3891 11867 12010 3182 392 9289 0 8519 
6900 12397 3709 11875 12057 2928 379 9192 0 8736 
7000 12299 3476 11845 11982 2777 336 9120 0 8854 
7100 12299 3476 11843 11982 2777 336 9120 0 8853 
7200 12306 3463 11895 12010 2796 332 9123 0 8916 
7300 12366 3455 12057 12109 2679 339 9246 0 9332 
7400 12273 3355 12045 12074 2557 298 8972 0 9422 
7500 12234 3099 11803 11997 2415 295 9020 0 9235 
7600 12246 3170 12029 11946 2405 292 8970 0 9430 
7700 12206 3209 11967 12045 2378 294 8943 0 9398 
7800 12091 3283 12049 12020 2442 290 8958 0 9503 
7900 12204 3383 11957 12106 2589 266 8895 0 9565 
8000 12217 3412 11999 12162 2630 277 8927 0 9546 
8100 12217 3414 11997 12161 2630 279 8926 0 9545 
8200 12106 3491 11981 12092 2639 253 8895 0 9487 
8300 12082 3411 12029 12116 2604 256 8944 0 9568 
8400 12048 3405 12013 12082 2604 263 8931 0 9545 
8500 12048 3405 12013 12082 2604 263 8931 0 9545 
8600 12047 3406 12012 12081 2604 264 8930 0 9544 
8700 12047 3406 12012 12081 2604 264 8930 0 9544 
8800 11884 3347 11995 12017 2514 266 9166 0 9551 
8900 11783 3222 12078 12132 2416 233 9402 0 9602 
9000 11625 3329 12030 12165 2484 270 9538 0 9595 
9100 11491 3356 11912 12130 2481 289 9583 0 9486 
9200 11652 3416 11887 12209 2548 243 9736 0 9613 
9300 11639 3407 11882 12183 2532 239 9684 0 9520 
9400 11637 3410 11878 12184 2531 241 9686 0 9517 
9500 11616 3620 12089 12182 2686 287 10054 0 9658 
9600 11810 4108 11987 12264 3134 239 10599 0 9593 
9700 11923 4837 11921 12183 3840 217 11067 0 9527 
9800 12144 5710 11990 12247 4632 195 11455 0 9554 
9900 12102 6814 11988 12352 5703 206 11673 0 9368 
10000 12125 7692 11992 12364 6611 191 11850 0 9342 
