# Avida tasks data
# Mon Apr 17 03:48:33 2023
# First column gives the current update, next columns give the number
# of organisms that have the particular task as a component of their merit
#  1: Update
#  2: Not
#  3: Nand
#  4: And
#  5: OrNot
#  6: Or
#  7: AndNot
#  8: Nor
#  9: Xor
# 10: Equals

0 0 0 0 0 0 0 0 0 0 
100 0 0 0 0 0 0 0 0 0 
200 0 0 0 0 0 0 0 0 0 
300 0 0 0 0 0 0 0 0 0 
400 0 0 0 0 0 0 0 0 0 
500 0 0 0 0 0 0 0 0 0 
600 0 11 0 0 0 0 0 0 0 
700 1 20 0 162 0 0 0 0 0 
800 57 1377 0 1509 0 0 0 0 0 
900 857 3130 2 3347 53 0 0 0 0 
1000 2446 5020 0 5653 347 0 0 0 0 
1100 4321 6665 5 7624 931 0 1 0 0 
1200 6062 8187 5 9153 1846 1 43 0 0 
1300 6932 9029 4 9022 3018 10 778 0 0 
1400 7533 9416 1 8177 4034 22 1941 0 0 
1500 8166 9108 2 7608 4872 38 3139 0 0 
1600 8787 6818 0 8908 5768 45 4248 0 0 
1700 9411 5178 0 9633 6698 57 5583 0 0 
1800 10121 3873 0 10341 7791 51 6966 0 0 
1900 10849 2693 0 10666 8749 69 8123 0 0 
2000 11447 1880 1 11101 9579 76 9189 0 0 
2100 11981 1433 0 11576 10388 81 10029 0 0 
2200 12376 1273 1 11739 10863 79 10639 0 0 
2300 12796 1221 0 12152 11506 68 11213 0 4 
2400 12857 1227 174 12229 11839 219 11459 0 1 
2500 11399 683 1599 12227 11871 1586 11475 0 1 
2600 10131 1117 3038 12206 11765 3082 11407 0 0 
2700 9190 2434 4216 12212 11820 4230 11393 0 0 
2800 8259 3856 5162 12050 11647 5165 11280 1 2 
2900 7386 5200 6257 12063 11588 6224 11252 0 1 
3000 6740 6308 7192 11993 11622 7147 11317 0 0 
3100 6527 7171 7759 11963 11660 7665 11293 0 0 
3200 6470 7846 8236 11944 11660 8169 11241 0 2 
3300 6318 8443 8784 12018 11712 8660 11348 0 2 
3400 6455 8928 9192 11958 11682 9058 11247 0 0 
3500 6672 9453 9480 11834 11629 9371 11150 0 0 
3600 6934 9976 9925 11978 11671 9840 11274 0 0 
3700 7367 10397 10271 11972 11691 10124 11316 0 0 
3800 7594 10819 10324 11916 11649 10198 11273 0 0 
3900 7976 10977 10341 11877 11628 10218 11197 0 3 
4000 8179 11176 10381 11915 11629 10249 11150 0 4 
4100 8780 11179 10400 11989 11632 10313 11239 0 0 
4200 9202 11343 10434 11907 11605 10306 11198 0 0 
4300 9660 11607 10530 11986 11666 10375 11239 0 0 
4400 9968 11712 10405 11862 11607 10250 11147 0 0 
4500 10369 11765 10511 12067 11747 10376 11321 0 0 
4600 10693 11696 10449 11877 11607 10289 11169 0 0 
4700 10885 11704 10372 11881 11616 10199 11152 1 0 
4800 11129 11837 10443 11884 11684 10303 11167 0 0 
4900 11473 11777 10400 11877 11614 10290 11122 0 3 
5000 11705 11683 10291 11839 11573 10131 11072 0 3 
5100 11891 11839 10471 12042 11813 10322 11346 2 0 
5200 11918 11758 10318 11916 11652 10192 11208 1 1 
5300 12093 11903 10428 11986 11750 10283 11283 0 0 
5400 12176 11829 10420 12008 11693 10299 11264 0 2 
5500 12293 11883 10462 11958 11705 10319 11283 0 0 
5600 12506 11953 10501 11964 11703 10339 11262 0 0 
5700 12529 11864 10441 12019 11794 10331 11317 0 2 
5800 12496 11965 10551 12009 11760 10430 11307 0 1 
5900 12590 12044 10506 11997 11765 10357 11267 0 1 
6000 12624 11933 10458 11962 11713 10331 11204 0 0 
6100 12776 11954 10433 11967 11715 10330 11231 0 1 
6200 12516 11951 10380 11926 11705 10251 11243 0 0 
6300 12710 12037 10338 12049 11706 10190 11213 0 0 
6400 12776 12011 10533 12030 11795 10408 11321 1 2 
6500 12701 12145 10499 12027 11758 10374 11314 0 0 
6600 12647 12187 10565 12026 11743 10400 11325 0 1 
6700 12769 12139 10558 12108 11803 10431 11319 0 0 
6800 12743 12098 10544 11973 11763 10423 11320 0 2 
6900 12795 12225 10627 12119 11943 10528 11393 0 0 
7000 12741 12162 10527 12062 11725 10423 11325 2 1 
7100 12713 12160 10534 12209 11890 10441 11424 1 0 
7200 12705 12220 10504 12068 11793 10416 11368 1 0 
7300 12663 12163 10565 12160 11844 10442 11428 0 0 
7400 12671 12174 10622 12179 11870 10533 11443 0 3 
7500 12716 12258 10713 12235 11972 10620 11461 0 0 
7600 12797 12207 10653 12216 12014 10556 11540 0 0 
7700 12871 12302 10551 12191 11878 10427 11466 0 0 
7800 12745 12390 10703 12234 11958 10600 11509 0 0 
7900 12738 12468 10784 12261 11985 10704 11554 0 2 
8000 12812 12300 10670 12217 11918 10576 11533 0 0 
8100 12762 12326 10911 12333 12049 10822 11665 0 1 
8200 12770 12390 10771 12326 12031 10659 11603 0 1 
8300 12878 12397 10719 12185 11983 10616 11557 0 0 
8400 12967 12437 10753 12300 11999 10644 11587 0 0 
8500 12947 12446 10709 12316 12007 10604 11616 1 0 
8600 12974 12476 10754 12312 12033 10641 11600 0 1 
8700 13038 12474 10789 12335 12063 10706 11653 0 0 
8800 12959 12474 10765 12367 12124 10699 11648 1 0 
8900 12939 12572 10785 12303 11999 10722 11562 0 0 
9000 12971 12501 10767 12353 12041 10700 11630 0 0 
9100 12790 12477 10785 12354 12096 10689 11711 0 0 
9200 12902 12541 10826 12262 11975 10716 11595 0 0 
9300 12927 12553 10803 12321 12087 10710 11679 0 1 
9400 12957 12702 10836 12324 12064 10722 11660 0 0 
9500 12982 12588 10900 12324 12048 10807 11663 0 0 
9600 12853 12490 10782 12366 12074 10667 11654 0 0 
9700 12983 12553 10863 12373 12067 10729 11708 0 2 
9800 13052 12652 10709 12269 12040 10597 11637 0 1 
9900 13009 12660 10820 12290 12051 10707 11645 1 3 
10000 13016 12599 10764 12239 11912 10643 11538 0 0 
