# Avida tasks data
# Mon Apr 17 06:21:12 2023
# First column gives the current update, next columns give the number
# of organisms that have the particular task as a component of their merit
#  1: Update
#  2: Not
#  3: Nand
#  4: And
#  5: OrNot
#  6: Or
#  7: AndNot
#  8: Nor
#  9: Xor
# 10: Equals

0 0 0 0 0 0 0 0 0 0 
100 0 0 0 0 0 0 0 0 0 
200 0 0 0 0 0 0 0 0 0 
300 0 0 0 0 0 0 0 0 0 
400 0 0 0 0 0 0 0 0 0 
500 0 0 0 0 0 0 0 0 0 
600 0 0 0 0 0 0 0 0 0 
700 0 0 0 0 0 0 0 0 0 
800 4 6 0 0 0 0 0 0 0 
900 439 70 0 2 0 0 0 0 0 
1000 2396 1500 0 12 0 0 0 0 0 
1100 3485 3346 25 450 0 2309 14 0 0 
1200 4468 4545 34 1836 0 3799 17 0 0 
1300 5976 6395 53 3933 2 5774 31 0 0 
1400 7649 8088 73 6039 384 7601 20 0 0 
1500 8111 8571 75 7001 2436 8074 29 0 0 
1600 8711 9229 75 7880 4193 8717 23 0 0 
1700 9491 10054 81 8712 5611 9408 34 0 0 
1800 10195 10772 61 9622 6911 10095 32 0 0 
1900 10708 11395 121 10519 7925 10620 36 0 0 
2000 11277 11877 84 11103 8947 11114 36 0 0 
2100 11571 12230 94 11672 9625 11389 40 0 0 
2200 12009 12688 103 12118 10514 11788 44 0 0 
2300 12276 12981 93 12497 11072 12201 38 0 0 
2400 12340 13249 108 12736 11353 12331 37 0 0 
2500 12594 13264 84 12806 11611 12470 48 0 0 
2600 12779 13349 116 12845 11794 12551 51 0 0 
2700 12808 13428 130 13019 12102 12672 40 0 0 
2800 12763 13410 185 12912 12163 12657 47 0 0 
2900 12812 13388 259 12950 12151 12591 49 0 0 
3000 12798 13398 274 12933 12124 12567 54 0 0 
3100 12823 13368 367 12938 12049 12553 56 0 0 
3200 12823 13370 522 13083 12052 12560 58 0 0 
3300 12879 13431 656 13033 12134 12664 26 0 0 
3400 12849 13422 782 12901 12042 12543 54 0 0 
3500 12765 13511 1000 12863 12067 12511 37 0 0 
3600 12884 13473 1136 12890 12128 12588 61 0 0 
3700 12848 13454 1541 13006 12194 12627 49 0 0 
3800 12834 13480 2000 13042 12142 12572 37 0 0 
3900 12860 13436 2313 12904 12198 12669 45 0 0 
4000 12934 13492 2611 12972 12139 12634 56 0 0 
4100 12929 13442 2848 12885 12136 12606 48 0 0 
4200 12831 13433 3297 12912 12032 12511 70 1 0 
4300 12902 13431 3682 12979 12187 12640 65 0 0 
4400 12963 13517 3978 13030 12199 12631 57 0 0 
4500 12845 13467 4255 12951 12063 12533 47 0 0 
4600 12966 13471 4570 13110 12213 12601 68 0 0 
4700 12942 13421 4794 12962 12145 12566 48 0 0 
4800 12791 13462 5230 13052 12106 12505 49 0 0 
4900 12939 13505 5696 13003 12142 12656 45 0 0 
5000 12822 13445 5999 12972 12024 12472 55 0 0 
5100 12811 13394 6344 12986 12020 12451 65 0 0 
5200 12866 13427 6780 12997 12060 12493 38 0 0 
5300 12861 13448 7166 13057 12050 12501 47 0 0 
5400 12881 13464 7745 13044 12009 12462 49 0 0 
5500 12910 13385 8239 13017 12075 12517 57 0 0 
5600 12902 13395 8595 12984 12056 12480 49 0 0 
5700 12895 13460 9039 13043 12074 12542 64 0 0 
5800 12856 13426 9355 13087 11945 12437 37 0 0 
5900 12818 13426 9794 13051 12050 12508 46 0 0 
6000 12848 13427 10077 13146 12108 12538 53 0 0 
6100 12806 13438 10289 13016 11924 12432 43 0 0 
6200 12880 13351 10512 13039 12020 12500 38 0 0 
6300 12846 13355 10825 12972 11976 12456 40 0 0 
6400 12790 13419 11082 13120 12016 12497 46 0 0 
6500 12843 13340 11138 13072 11925 12378 42 0 0 
6600 12920 13416 11121 12994 11944 12419 46 0 0 
6700 12917 13378 11033 12944 11935 12514 55 0 0 
6800 12887 13408 11245 13050 11987 12512 31 0 0 
6900 12842 13414 11109 13000 11986 12465 49 0 0 
7000 12902 13433 11224 13019 11977 12441 56 0 0 
7100 12932 13456 11263 12962 12087 12534 75 0 0 
7200 12953 13376 11112 13003 12062 12590 71 0 0 
7300 12915 13383 11225 13083 12016 12514 93 0 0 
7400 12950 13404 11121 12984 12000 12460 113 0 0 
7500 12927 13352 11276 13131 12026 12565 103 0 0 
7600 13013 13394 11297 13055 12107 12541 89 0 0 
7700 12959 13459 11325 13068 12065 12552 95 2 0 
7800 12989 13460 11200 13117 12104 12611 69 3 0 
7900 13057 13446 11140 13035 12137 12582 58 0 0 
8000 12933 13457 11177 13037 12074 12571 64 0 0 
8100 13013 13503 11260 13089 12091 12544 76 0 0 
8200 13022 13506 11417 13067 12155 12623 54 0 0 
8300 13039 13369 11336 13052 12205 12649 56 0 0 
8400 13023 13398 11391 13172 12114 12596 51 0 0 
8500 13005 13503 11454 13117 12108 12564 41 0 0 
8600 13050 13391 11419 13158 12144 12599 45 0 0 
8700 13079 13488 11368 13092 12264 12681 53 0 0 
8800 13037 13528 11477 13172 12257 12706 42 0 0 
8900 13065 13456 11292 13168 12108 12574 57 0 0 
9000 13063 13460 11333 13131 12178 12632 53 0 0 
9100 13057 13507 11442 13144 12138 12640 51 0 0 
9200 13010 13462 11441 13231 12126 12583 55 0 0 
9300 13081 13452 11293 13221 12214 12633 46 0 0 
9400 13055 13388 11302 13124 12166 12663 46 0 0 
9500 13053 13458 11330 13184 12039 12519 66 0 0 
9600 13103 13435 11395 13083 12091 12596 49 0 0 
9700 13163 13384 11255 13136 12177 12652 40 0 1 
9800 13110 13492 11553 13217 12238 12661 60 0 0 
9900 13204 13495 11528 13223 12326 12739 44 0 0 
10000 13090 13485 11534 13206 12231 12665 54 0 0 
