# Avida tasks data
# Mon Apr 17 01:50:38 2023
# First column gives the current update, next columns give the number
# of organisms that have the particular task as a component of their merit
#  1: Update
#  2: Not
#  3: Nand
#  4: And
#  5: OrNot
#  6: Or
#  7: AndNot
#  8: Nor
#  9: Xor
# 10: Equals

0 0 0 0 0 0 0 0 0 0 
100 0 0 0 0 0 0 0 0 0 
200 0 0 0 0 0 0 0 0 0 
300 0 0 0 0 0 0 0 0 0 
400 0 0 0 0 0 0 0 0 0 
500 0 0 0 0 0 0 0 0 0 
600 0 0 0 0 0 0 0 0 0 
700 0 0 0 0 0 0 0 0 0 
800 2 0 0 0 0 0 0 0 0 
900 13 3 0 0 0 0 0 0 0 
1000 39 2 0 7 0 0 0 0 0 
1100 97 2 0 19 0 0 0 0 0 
1200 168 11 0 131 0 0 0 0 0 
1300 304 51 0 385 0 0 0 0 0 
1400 461 122 0 806 0 0 0 0 0 
1500 721 399 0 1261 0 0 0 0 0 
1600 915 1142 0 2092 1 0 0 0 0 
1700 1161 2228 1 3221 0 0 0 0 0 
1800 1249 3148 0 4083 0 0 0 0 0 
1900 1584 4192 15 4910 0 1 0 0 0 
2000 1749 5136 286 5764 0 6 0 0 0 
2100 1643 5913 784 6330 123 596 0 0 0 
2200 2602 6298 2174 6736 328 2212 1 0 0 
2300 3525 6362 3863 7504 1109 3970 8 0 0 
2400 3463 5385 5520 8502 3042 5596 15 0 0 
2500 3991 4541 6885 9166 4662 6888 25 0 0 
2600 4827 3865 8075 9825 6029 8158 34 0 0 
2700 5555 3406 8804 10410 7160 9092 189 0 0 
2800 5851 3214 9325 10924 8081 9844 519 0 0 
2900 5982 2890 9385 11307 8872 10456 1047 0 0 
3000 5945 2827 9364 11500 9489 10961 1641 0 0 
3100 5707 2877 9012 11718 9938 11209 2292 0 0 
3200 5461 2829 8493 11824 10170 11486 3169 0 0 
3300 5214 2731 7832 11929 10536 11667 4082 0 0 
3400 5328 2726 7204 12004 10695 11701 4818 0 0 
3500 5626 2801 6465 12054 10885 11649 5564 0 0 
3600 5917 3236 5703 12135 11126 11770 6398 0 0 
3700 6413 3542 4959 12212 11389 11919 7105 0 0 
3800 7136 4086 4124 12260 11759 11925 7928 0 0 
3900 7434 5046 3530 12226 11905 12036 8532 0 0 
4000 7872 6112 2965 12369 12108 12155 9258 0 0 
4100 8029 6914 2518 12297 12156 12069 9673 0 0 
4200 8377 7684 2198 12190 12175 11890 9901 0 0 
4300 8583 8433 1990 12279 12287 12029 10306 0 0 
4400 8663 8817 1830 12194 12326 11919 10447 0 0 
4500 8827 9072 1773 12242 12354 11882 10642 0 0 
4600 9178 9581 1601 12300 12472 11967 11015 0 5 
4700 9306 9772 1590 12141 12430 11843 11083 0 3 
4800 9454 10072 1697 12288 12494 11864 11380 0 0 
4900 9754 10458 1995 12244 12416 11850 11384 0 0 
5000 9873 10769 2144 12306 12484 11966 11552 0 0 
5100 10031 10860 2426 12269 12497 11930 11663 0 0 
5200 10038 11013 2711 12340 12507 11977 11645 0 0 
5300 9921 11142 3164 12178 12396 11771 11566 0 0 
5400 9832 11307 3452 12314 12543 11880 11618 0 0 
5500 9871 11235 3902 12343 12470 11868 11667 0 1 
5600 9815 11205 4458 12345 12443 11872 11633 0 1 
5700 9734 11291 5004 12369 12374 11944 11756 0 1 
5800 9831 11403 5492 12333 12386 11879 11608 0 0 
5900 10070 11363 5767 12365 12416 11898 11709 0 0 
6000 10202 11527 6328 12366 12476 11933 11694 0 3 
6100 10475 11814 6808 12321 12410 11879 11720 0 0 
6200 10448 11953 7477 12331 12332 11897 11712 0 0 
6300 10644 12046 8014 12293 12281 11854 11666 0 0 
6400 11061 12161 8522 12356 12430 11932 11733 0 0 
6500 11151 12205 9060 12328 12464 11853 11709 0 0 
6600 11209 12272 9591 12240 12400 11808 11653 0 0 
6700 11301 12418 10108 12316 12371 11850 11757 0 2 
6800 11601 12583 10419 12284 12325 11850 11736 0 0 
6900 11518 12642 10780 12234 12377 11729 11568 0 0 
7000 11824 12863 10981 12227 12391 11821 11741 0 0 
7100 11914 12928 11207 12195 12366 11857 11803 0 60 
7200 12110 13060 11207 12239 12396 11883 11771 0 365 
7300 12065 13058 10794 12330 12363 11838 11735 0 808 
7400 12099 13060 9992 12437 12301 11768 11679 0 1522 
7500 12170 13067 9368 12419 12318 11693 11666 0 2084 
7600 12152 13090 8652 12480 12342 11751 11776 0 2770 
7700 12108 13131 7980 12540 12245 11662 11624 0 3373 
7800 12115 13180 7316 12646 12299 11663 11571 0 4112 
7900 12071 12993 6600 12598 12297 11623 11521 2 4637 
8000 12073 13073 6085 12795 12211 11701 11606 0 5233 
8100 12086 13006 5542 12741 12250 11607 11534 0 5701 
8200 11966 13086 4989 12841 12177 11493 11499 0 6162 
8300 12037 13053 4488 12856 12209 11602 11489 0 6645 
8400 12110 13035 4175 12848 12146 11625 11605 0 6891 
8500 12121 13053 3587 12881 12177 11569 11486 0 7347 
8600 11984 12974 3172 12889 12056 11435 11395 0 7656 
8700 11941 13005 2789 12983 12063 11352 11332 0 7905 
8800 11944 13002 2784 12990 12057 11350 11342 0 7915 
8900 11953 13000 2783 12983 12056 11361 11351 0 7931 
9000 11943 13004 2778 12981 12047 11346 11343 0 7933 
9100 12054 12988 2612 13012 12208 11464 11499 0 8133 
9200 12070 13033 2444 13088 12262 11451 11452 0 8322 
9300 12029 12999 2204 13089 12212 11527 11507 0 8573 
9400 12131 13055 1898 13094 12199 11424 11402 0 8781 
9500 12104 13009 1677 13164 12256 11578 11586 0 9094 
9600 11760 12893 1701 12990 12179 11171 11496 0 8997 
9700 11682 12938 1698 12991 12201 11080 11500 0 9017 
9800 11691 12919 1691 12990 12210 10900 11509 0 9034 
9900 11606 12931 1688 13004 11977 10742 11537 0 9062 
