# Avida tasks data
# Mon Apr 17 03:07:20 2023
# First column gives the current update, next columns give the number
# of organisms that have the particular task as a component of their merit
#  1: Update
#  2: Not
#  3: Nand
#  4: And
#  5: OrNot
#  6: Or
#  7: AndNot
#  8: Nor
#  9: Xor
# 10: Equals

0 0 0 0 0 0 0 0 0 0 
100 0 0 0 0 0 0 0 0 0 
200 0 0 0 0 0 0 0 0 0 
300 0 0 0 0 0 0 0 0 0 
400 0 0 0 0 0 0 0 0 0 
500 0 0 0 0 0 0 0 0 0 
600 0 0 0 0 0 0 0 0 0 
700 9 0 0 0 0 0 0 0 0 
800 112 0 0 0 0 0 0 0 0 
900 548 0 0 7 0 0 0 0 0 
1000 1169 13 0 85 0 0 0 0 0 
1100 1760 34 0 283 0 0 0 0 0 
1200 2228 81 0 595 2 0 0 0 0 
1300 2585 341 0 1160 84 0 0 0 0 
1400 2886 656 0 2125 344 0 0 0 0 
1500 3305 1052 0 3072 1246 4 0 0 0 
1600 3165 843 5 4759 2994 0 0 0 0 
1700 3090 850 4 6086 4458 9 0 0 0 
1800 3769 1092 6 7305 5843 11 0 0 0 
1900 4450 1464 10 7764 6628 46 164 0 0 
2000 5019 1771 7 7969 7530 71 605 0 0 
2100 5285 2157 0 7749 8241 73 1357 0 0 
2200 4673 2268 0 7826 8878 77 2668 0 0 
2300 4437 2107 0 8281 9481 73 3881 0 0 
2400 4535 1945 2 8795 9941 55 4980 0 0 
2500 5021 1675 2 9125 10406 70 6061 0 0 
2600 5689 1362 3 9689 10696 66 6981 0 0 
2700 6412 1199 1 10028 10834 58 7672 0 0 
2800 7301 1210 1 10321 10746 54 8065 0 0 
2900 7879 1213 1 10649 10820 61 8611 0 0 
3000 8727 1355 6 11083 10947 49 9012 0 0 
3100 9286 1539 7 11239 10880 41 9243 0 0 
3200 9813 1895 10 11307 11014 46 9537 0 0 
3300 10289 2209 13 11497 11117 37 9919 0 0 
3400 10559 2534 15 11542 11173 37 10173 0 0 
3500 11007 2985 31 11673 11236 29 10397 2 0 
3600 11227 3341 23 11646 11227 41 10436 0 0 
3700 11402 3760 23 11756 11331 22 10762 0 0 
3800 11582 4213 31 11670 11169 15 10688 0 0 
3900 11656 4646 29 11770 11252 20 10818 0 0 
4000 11691 5083 36 11714 11153 34 10774 0 0 
4100 11637 5632 46 11738 11177 31 10706 0 0 
4200 11653 5959 138 11779 11294 22 10801 0 0 
4300 11844 6504 390 11743 11199 65 10769 0 0 
4400 11460 6972 752 11854 11244 263 10836 0 0 
4500 11469 7624 1241 11741 11150 344 10669 0 0 
4600 11314 8210 1922 11829 11188 394 10728 0 0 
4700 11282 8530 2592 11748 11182 471 10785 0 0 
4800 11191 8785 3092 11902 11259 684 10779 0 0 
4900 11143 9098 3740 11896 11314 776 10849 0 0 
5000 11191 9458 4307 11911 11306 1136 10858 0 0 
5100 11170 9692 4831 11863 11251 1380 10737 0 0 
5200 10995 10023 5032 11911 11294 1750 10782 0 0 
5300 10983 10214 5221 11903 11247 2240 10753 0 0 
5400 11155 10690 5385 11949 11284 2655 10818 0 0 
5500 11125 10871 5500 11865 11166 3383 10652 0 0 
5600 11101 10849 5335 11883 11263 3852 10781 0 0 
5700 11134 10927 4979 11810 11182 4433 10696 0 0 
5800 11158 11049 4678 11850 11256 5023 10693 0 0 
5900 11268 11253 4353 11969 11344 5699 10781 0 0 
6000 11141 11083 4109 11945 11232 6228 10698 2 0 
6100 11198 11071 3698 11995 11196 6793 10642 0 0 
6200 11317 11046 3387 12032 11363 7440 10846 0 0 
6300 11486 11152 3091 11993 11354 7883 10766 2 0 
6400 11383 11179 2922 12076 11370 8226 10803 0 0 
6500 11567 11265 2696 12067 11364 8501 10771 0 0 
6600 11647 11363 2547 12251 11336 8937 10835 0 0 
6700 11738 11375 2088 12294 11462 9519 10874 0 0 
6800 11719 11450 1666 12276 11367 9848 10854 0 0 
6900 11873 11563 1285 12368 11443 10402 10918 6 0 
7000 11948 11595 1068 12407 11521 10672 11007 17 0 
7100 11898 11760 757 12554 11559 11133 11067 20 0 
7200 12026 11681 525 12582 11673 11377 11139 36 0 
7300 11946 11586 414 12575 11533 11483 10976 50 0 
7400 11832 11650 281 12557 11449 11619 10879 59 0 
7500 11933 11959 178 12662 11557 11765 11007 52 0 
7600 12021 11986 184 12764 11555 11884 11120 59 0 
7700 11965 11977 165 12689 11697 11935 11108 87 0 
7800 12007 11945 142 12749 11608 11800 11157 188 0 
7900 11999 11946 109 12827 11667 11863 11193 257 0 
8000 11944 12037 133 12740 11625 11637 11102 460 0 
8100 11990 12050 124 12789 11696 11449 11204 652 0 
8200 11994 12076 169 12802 11621 11229 11133 888 0 
8300 11978 12089 143 12845 11547 11039 11147 1158 0 
8400 12041 12196 113 12897 11673 10659 11203 1516 0 
8500 12109 12140 131 12884 11681 10187 11169 2005 0 
8600 12025 12283 114 12947 11595 9663 11153 2476 0 
8700 12081 12186 117 13025 11670 9370 11176 3025 0 
8800 12013 11613 119 13007 11602 9341 11032 3797 0 
8900 12001 10962 108 13076 11661 9935 11201 4531 0 
9000 11942 10956 141 13088 11628 10403 11132 5470 0 
9100 11969 11262 1310 13099 11612 10668 11156 6029 0 
9200 11951 11734 3331 13089 11571 11021 11092 6670 0 
9300 12023 11980 5143 13082 11503 11220 11004 7408 0 
9400 11984 12137 6656 13142 11569 11577 11081 8248 2 
9500 12071 12250 7843 13183 11530 11814 11048 8881 2 
9600 12095 12375 8943 13160 11652 12130 11204 9517 1 
9700 12133 12458 9893 13215 11572 12489 11114 10103 2 
9800 12153 12531 10507 13200 11592 12641 11119 10486 1 
9900 12113 12612 11068 13210 11567 12749 11163 10803 0 
10000 12175 12606 11404 13250 11552 12798 11180 11010 5 
