# Avida tasks data
# Mon Apr 17 02:11:35 2023
# First column gives the current update, next columns give the number
# of organisms that have the particular task as a component of their merit
#  1: Update
#  2: Not
#  3: Nand
#  4: And
#  5: OrNot
#  6: Or
#  7: AndNot
#  8: Nor
#  9: Xor
# 10: Equals

0 0 0 0 0 0 0 0 0 0 
100 0 0 0 0 0 0 0 0 0 
200 0 0 0 0 0 0 0 0 0 
300 0 0 0 0 0 0 0 0 0 
400 0 0 0 0 0 0 0 0 0 
500 0 0 0 0 0 0 0 0 0 
600 0 0 0 0 0 0 0 0 0 
700 0 0 0 0 0 0 0 0 0 
800 2 0 0 0 0 0 0 0 0 
900 6 21 0 0 0 0 0 0 0 
1000 31 117 0 2 0 0 0 0 0 
1100 100 268 0 13 0 0 0 0 0 
1200 317 324 0 208 0 0 0 0 0 
1300 604 617 0 862 2 0 0 0 0 
1400 1015 946 0 1660 511 0 0 0 0 
1500 761 1433 7 2682 2057 289 460 0 0 
1600 1008 1517 12 3120 3174 188 2704 0 0 
1700 2168 1394 18 4382 4405 168 4215 0 0 
1800 3562 1296 29 5635 5518 171 5387 0 0 
1900 4804 1242 39 6898 6631 175 6495 0 0 
2000 5827 1169 43 8079 7709 221 7603 0 0 
2100 6736 1177 39 9156 8646 309 8440 0 0 
2200 7607 1461 65 9899 9461 297 9223 0 0 
2300 8354 1935 74 10667 10105 324 9839 0 0 
2400 8857 2505 60 11190 10503 375 10357 2 2 
2500 9586 2787 54 11812 10960 1100 10725 0 0 
2600 10324 3116 658 12341 11477 2143 11217 5 5 
2700 11128 3205 2154 12814 11950 3338 11647 3 3 
2800 11612 3064 3502 12984 12209 4512 11848 0 0 
2900 11941 2792 4745 12973 12197 5518 11838 0 0 
3000 12093 2630 5922 13048 12301 6569 11926 0 0 
3100 12168 2668 7003 13001 12229 7652 11887 0 0 
3200 12421 2663 7979 13083 12171 8608 11863 0 0 
3300 12613 2925 8911 13048 12271 9562 11912 0 0 
3400 12571 3386 9671 13043 12181 10331 11820 0 0 
3500 12649 3764 10375 13110 12244 11070 11906 0 0 
3600 12740 4215 10991 13013 12259 11681 11892 0 0 
3700 12727 4759 11320 13100 12283 12106 11906 0 0 
3800 12784 5354 11655 13040 12279 12406 11916 0 0 
3900 12818 5827 11882 13085 12294 12634 11873 0 0 
4000 12913 6433 12162 13042 12347 12839 11950 0 0 
4100 12965 6981 12156 12975 12178 12965 11813 0 0 
4200 13125 7700 12216 13046 12220 12945 11787 0 0 
4300 13153 8490 12354 13021 12278 13069 11890 0 0 
4400 13129 9093 12350 13059 12264 13029 11896 0 0 
4500 13103 9593 12321 13006 12196 13019 11860 0 0 
4600 13073 10177 12346 13132 12283 13089 11920 0 1 
4700 13150 10715 12375 13079 12283 13063 11942 0 0 
4800 13098 10954 12396 13051 12304 13014 11930 0 0 
4900 13128 11316 12425 13039 12309 13101 11849 0 0 
5000 13139 11494 12361 13079 12309 13041 11922 0 0 
5100 13155 11813 12413 13052 12205 13124 11782 0 0 
5200 13230 11956 12372 12962 12191 13126 11764 0 0 
5300 13290 12147 12441 13066 12298 13090 11909 0 2 
5400 13175 12296 12472 13063 12206 13136 11898 0 0 
5500 13144 12222 12398 13107 12319 13097 11954 0 0 
5600 13274 12354 12475 13062 12278 13106 11907 0 0 
5700 13293 12231 12444 12951 12199 13073 11808 0 0 
5800 13227 12302 12432 12912 12119 13085 11775 0 0 
5900 13265 12280 12326 12970 12172 13065 11767 0 0 
6000 13132 12257 12361 13050 12220 13087 11880 0 0 
6100 13161 12276 12428 13072 12257 13109 11892 0 0 
6200 13224 12330 12450 13010 12360 13138 11994 0 0 
6300 13229 12261 12452 13008 12255 13106 11906 0 0 
6400 13217 12364 12442 13040 12354 13153 12016 0 0 
6500 13196 12390 12398 12988 12264 13153 11956 0 0 
6600 13229 12393 12532 13018 12254 13141 11927 0 0 
6700 13388 12415 12499 13036 12330 13206 12041 0 0 
6800 13260 12332 12525 12986 12201 13133 11910 0 0 
6900 13296 12337 12550 12983 12342 13242 12073 0 0 
7000 13296 12379 12380 13000 12208 13162 11907 0 0 
7100 13373 12420 12473 12964 12232 13121 11906 0 0 
7200 13325 12567 12575 13128 12380 13106 12054 0 0 
7300 13319 12472 12526 13094 12347 13152 12064 0 0 
7400 13341 12417 12547 13070 12366 13234 12026 0 0 
7500 13288 12414 12450 12998 12332 13188 11973 0 0 
7600 13235 12506 12555 13051 12370 13169 12055 0 0 
7700 13295 12477 12505 13028 12284 13232 12023 0 0 
7800 13299 12507 12522 13135 12411 13126 12115 0 0 
7900 13345 12567 12588 13105 12382 13246 12101 0 0 
8000 13295 12471 12515 13067 12385 13175 12042 0 0 
8100 13263 12283 12554 13061 12258 13176 11980 0 0 
8200 13275 12474 12638 13087 12334 13291 12040 0 0 
8300 13226 12491 12591 13067 12285 13282 11977 0 0 
8400 13270 12397 12561 13047 12424 13190 12092 0 0 
8500 13390 12440 12518 13105 12428 13156 12140 1 0 
8600 13345 12529 12609 13106 12355 13251 12010 0 0 
8700 13277 12376 12486 13085 12392 13189 12068 0 0 
8800 13337 12498 12597 13063 12377 13211 12077 0 0 
8900 13417 12473 12562 13080 12278 13198 12019 0 0 
9000 13338 12373 12497 13024 12319 13172 12041 0 0 
9100 13295 12452 12642 13073 12343 13292 12055 0 1 
9200 13258 12338 12385 13074 12414 13168 12168 0 0 
9300 13256 12502 12535 13009 12299 13234 12079 0 0 
9400 13286 12481 12571 13122 12406 13220 12121 0 0 
9500 13326 12442 12588 13115 12325 13300 12113 0 0 
9600 13367 12437 12524 13108 12373 13239 12082 0 0 
9700 13362 12385 12560 13076 12302 13180 12043 0 0 
9800 13323 12375 12583 13027 12269 13222 11982 0 0 
9900 13330 12402 12533 13048 12360 13231 12012 0 1 
10000 13214 12265 12521 13154 12466 13208 12177 0 0 
