# Avida tasks data
# Mon Apr 17 03:06:00 2023
# First column gives the current update, next columns give the number
# of organisms that have the particular task as a component of their merit
#  1: Update
#  2: Not
#  3: Nand
#  4: And
#  5: OrNot
#  6: Or
#  7: AndNot
#  8: Nor
#  9: Xor
# 10: Equals

0 0 0 0 0 0 0 0 0 0 
100 0 0 0 0 0 0 0 0 0 
200 0 0 0 0 0 0 0 0 0 
300 0 0 0 0 0 0 0 0 0 
400 0 0 0 0 0 0 0 0 0 
500 2 0 0 0 0 0 0 0 0 
600 5 0 0 0 0 0 0 0 0 
700 21 11 0 12 0 0 0 0 0 
800 52 78 0 204 0 0 0 0 0 
900 740 361 0 1793 109 1 0 0 0 
1000 932 1915 0 3206 1342 0 0 0 0 
1100 922 2216 0 3478 1631 0 0 0 0 
1200 910 2717 0 3906 1992 0 0 0 0 
1300 921 2746 2 3932 2014 0 0 0 0 
1400 922 2747 2 3933 2013 0 0 0 0 
1500 921 2746 2 3932 2012 0 0 0 0 
1600 921 2746 2 3932 2012 0 0 0 0 
1700 922 2747 2 3933 2013 0 0 0 0 
1800 921 2747 2 3933 2012 0 0 0 0 
1900 921 2747 2 3933 2012 0 0 0 0 
2000 920 2746 2 3932 2011 0 0 0 0 
2100 920 2746 2 3932 2011 0 0 0 0 
2200 926 2845 0 4034 2092 0 0 0 0 
2300 804 2994 0 4154 2235 0 6 0 0 
