# Avida tasks data
# Mon Apr 17 04:19:13 2023
# First column gives the current update, next columns give the number
# of organisms that have the particular task as a component of their merit
#  1: Update
#  2: Not
#  3: Nand
#  4: And
#  5: OrNot
#  6: Or
#  7: AndNot
#  8: Nor
#  9: Xor
# 10: Equals

0 0 0 0 0 0 0 0 0 0 
100 0 0 0 0 0 0 0 0 0 
200 0 0 0 0 0 0 0 0 0 
300 0 0 0 0 0 0 0 0 0 
400 0 0 0 0 0 0 0 0 0 
500 0 0 0 0 0 0 0 0 0 
600 0 0 0 0 0 0 0 0 0 
700 26 2 0 0 0 0 0 0 0 
800 93 890 0 950 0 0 0 0 0 
900 889 1361 0 1405 2 0 0 0 0 
1000 853 2153 0 2193 4 0 0 0 0 
1100 903 2374 0 2420 0 0 0 0 0 
1200 1588 3038 1 3096 0 7 0 0 0 
1300 1580 3114 2 3212 3 10 0 0 0 
1400 2223 3373 10 3475 0 14 0 0 0 
1500 2471 3723 5 3861 3 20 0 0 0 
1600 2240 3888 5 3997 6 20 0 0 0 
1700 2195 4236 5 4310 6 20 0 0 0 
1800 2171 4270 5 4352 5 20 0 0 0 
1900 2039 4301 5 4376 5 20 0 0 0 
2000 2040 4300 5 4376 5 20 0 0 0 
2100 2040 4300 5 4376 5 20 0 0 0 
2200 2038 4298 5 4374 5 20 0 0 0 
2300 2041 4295 5 4371 5 20 0 0 0 
