# Avida tasks data
# Mon Apr 17 05:12:29 2023
# First column gives the current update, next columns give the number
# of organisms that have the particular task as a component of their merit
#  1: Update
#  2: Not
#  3: Nand
#  4: And
#  5: OrNot
#  6: Or
#  7: AndNot
#  8: Nor
#  9: Xor
# 10: Equals

0 0 0 0 0 0 0 0 0 0 
100 0 0 0 0 0 0 0 0 0 
200 0 0 0 0 0 0 0 0 0 
300 0 0 0 0 0 0 0 0 0 
400 0 0 0 0 0 0 0 0 0 
500 0 0 0 0 0 0 0 0 0 
600 10 0 0 0 0 0 0 0 0 
700 437 10 0 0 0 0 0 0 0 
800 1301 113 0 273 0 0 0 0 0 
900 2051 1659 0 1735 26 0 0 0 0 
1000 4102 4050 0 3843 36 4 1646 0 0 
1100 6679 6485 0 6139 48 27 4261 0 0 
1200 8585 8501 0 8014 84 34 6279 0 0 
1300 9903 9954 3 9370 171 52 7904 0 0 
1400 10685 10814 2 10214 314 51 8984 0 0 
1500 11394 11509 0 10806 447 62 9832 0 0 
1600 11919 12115 2 11354 575 63 10479 0 0 
1700 12412 12546 0 11804 855 72 10943 0 0 
1800 12676 12881 2 12036 1043 60 11095 0 0 
1900 12905 13087 0 12303 1361 53 11420 0 0 
2000 13072 13148 0 12346 1665 60 11446 0 0 
2100 13037 13153 0 12241 2029 40 11418 0 0 
2200 13004 13129 0 12292 2500 69 11400 0 0 
2300 13022 13139 3 12262 3160 66 11376 0 0 
2400 13058 13138 1 12220 3654 59 11472 0 0 
2500 13040 13123 12 12335 4396 63 11427 0 0 
2600 13024 13068 90 12290 5059 53 11383 0 0 
2700 13066 13226 962 12297 5753 150 11452 0 1 
2800 13028 13357 2381 11677 6726 309 11511 0 564 
2900 13024 13309 3013 11969 6952 508 11444 0 1826 
3000 13012 13335 3679 12250 7294 1223 11393 0 2735 
3100 12965 13357 3835 12238 7448 1816 11362 0 3024 
