# Avida tasks data
# Mon Apr 17 07:31:00 2023
# First column gives the current update, next columns give the number
# of organisms that have the particular task as a component of their merit
#  1: Update
#  2: Not
#  3: Nand
#  4: And
#  5: OrNot
#  6: Or
#  7: AndNot
#  8: Nor
#  9: Xor
# 10: Equals

0 0 0 0 0 0 0 0 0 0 
100 0 0 0 0 0 0 0 0 0 
200 0 0 0 0 0 0 0 0 0 
300 0 0 0 0 0 0 0 0 0 
400 0 0 0 0 0 0 0 0 0 
500 0 0 0 0 0 0 0 0 0 
600 389 2 0 0 0 0 0 0 0 
700 2818 2653 1260 1455 8 9 0 0 0 
800 4936 4784 3753 4272 36 37 0 0 0 
900 7149 6902 5920 6750 51 286 0 0 0 
1000 9171 8976 7919 9041 95 1036 0 0 0 
1100 10253 10045 9004 10241 87 2148 0 0 0 
1200 10789 10508 9422 10847 95 3314 0 0 0 
1300 11229 10865 9949 11336 91 4525 0 0 0 
1400 11749 11254 10206 11851 83 5830 0 17 0 
1500 12028 11594 10556 12208 78 7038 0 103 0 
1600 12494 11925 10883 12572 104 8096 0 275 0 
1700 12681 12061 10972 12721 118 8849 0 497 0 
1800 12809 12179 11096 12980 136 9581 0 784 0 
1900 12864 12223 11100 12977 113 10080 0 1269 0 
2000 12876 12215 11024 12935 127 10372 0 1698 0 
2100 12752 12102 11014 12846 146 10496 0 2211 0 
2200 12884 12263 11276 12921 153 10731 0 2830 0 
2300 12870 12136 11211 12901 161 10680 0 3340 0 
2400 12930 12221 11310 12878 183 10814 0 4030 0 
2500 12856 12165 11278 12877 191 10598 0 4636 0 
2600 12858 12161 11257 12917 201 10567 1 5197 0 
2700 12841 12131 11427 12907 209 10668 1 5967 0 
2800 12923 12082 11350 12834 260 10497 1 6464 0 
2900 12920 12174 11467 12925 366 10461 0 6957 0 
3000 12935 12104 11458 12833 505 10404 0 7207 0 
3100 12864 12113 11447 12796 769 10414 0 7582 0 
3200 12893 12171 11596 12954 1031 10427 0 7659 0 
3300 12955 12071 11459 12851 1310 10322 0 7476 0 
3400 12967 12227 11676 12901 1720 10494 0 7439 0 
3500 12995 12259 11725 12893 2162 10533 0 7128 0 
3600 12981 12165 11686 12904 2611 10380 0 6514 0 
3700 13039 12276 11717 13052 3203 10486 0 6203 0 
3800 13041 12230 11677 12896 3752 10495 1 5726 0 
3900 12998 12222 11628 12970 4347 10472 0 5096 0 
4000 13059 12326 11814 12999 4990 10527 1 4596 0 
4100 13116 12369 11667 13046 5572 10423 0 4015 0 
4200 13053 12434 11783 13077 6002 10476 0 3595 0 
4300 13002 12352 11699 13041 6528 10451 0 3094 0 
4400 13072 12429 11794 13033 7137 10576 0 2649 0 
4500 12994 12445 11757 13116 7543 10531 2 2216 0 
4600 13125 12519 11832 13082 8037 10688 0 1842 0 
4700 13089 12498 11846 13118 8426 10599 0 1485 0 
4800 13126 12555 11892 13122 8836 10680 1 1193 0 
4900 13081 12534 11843 13085 9270 10741 0 864 0 
5000 13101 12626 11940 13202 9418 10753 1 677 0 
5100 13052 12606 11776 13097 9618 10771 0 483 0 
5200 13059 12628 11905 13166 9768 10799 0 338 0 
5300 13094 12629 11893 13283 9947 10801 1 244 0 
5400 13124 12668 12014 13167 10103 10845 0 118 0 
5500 13071 12597 11929 13195 10053 10728 0 50 0 
5600 13121 12646 11912 13189 10091 10759 0 25 0 
5700 13098 12619 11915 13176 10173 10790 0 11 0 
5800 13128 12662 11929 13184 10143 10815 0 7 1 
5900 13085 12728 12001 13212 10267 10939 0 2 1 
6000 13109 12672 11962 13191 10263 10900 0 0 0 
6100 13090 12673 11832 13245 10169 10826 0 1 0 
6200 13210 12774 12002 13287 10302 10923 0 0 0 
6300 13136 12760 11902 13306 10292 10886 0 5 0 
6400 13148 12795 12058 13334 10354 11077 0 1 0 
6500 13175 12750 11918 13295 10265 10913 0 2 0 
6600 13134 12857 12038 13333 10439 11121 0 0 0 
6700 13124 12801 12003 13317 10366 11049 0 1 0 
6800 13121 12745 11949 13374 10439 11085 0 4 0 
6900 13166 12822 12064 13335 10329 10989 0 1 0 
7000 13097 12865 12058 13367 10586 11168 0 1 0 
7100 13096 12836 11978 13309 10400 11087 0 2 0 
7200 13137 12781 11999 13317 10421 11071 2 0 0 
7300 13097 12779 12024 13326 10570 11119 0 4 0 
7400 13058 12712 11864 13246 10341 11016 0 2 0 
7500 13131 12880 11998 13330 10508 11083 0 0 0 
7600 13213 12919 12120 13392 10530 11138 0 0 0 
7700 13080 12770 12000 13314 10575 11207 0 2 0 
7800 13102 12909 12047 13368 10631 11183 2 1 0 
7900 13093 12842 12044 13445 10612 11170 2 2 0 
8000 13106 12831 12000 13374 10535 11196 2 0 0 
8100 13195 12817 11989 13334 10645 11166 0 3 0 
8200 13145 12883 12044 13391 10501 11189 0 5 0 
8300 13203 12947 12126 13346 10698 11301 1 4 0 
8400 13215 12832 11919 13344 10617 11250 0 0 0 
8500 13149 12833 12011 13341 10612 11240 0 4 0 
8600 13136 12857 11989 13434 10603 11203 0 0 0 
8700 13128 12798 11911 13386 10543 11143 0 0 0 
8800 13176 12901 11999 13390 10673 11208 0 2 0 
8900 13120 12827 11944 13343 10663 11251 3 1 0 
9000 13235 12777 11982 13459 10734 11279 0 0 0 
9100 13204 12861 11915 13349 10620 11173 0 2 0 
9200 13240 12893 12013 13379 10700 11229 2 5 0 
9300 13251 12843 11969 13352 10631 11194 0 0 0 
9400 13207 12847 11887 13302 10559 11183 1 0 0 
9500 13231 12930 11951 13306 10759 11285 4 0 0 
9600 13206 12881 12060 13400 10745 11325 0 1 0 
9700 13195 13013 12037 13444 10768 11396 4 1 0 
9800 13256 12884 11989 13337 10745 11280 4 1 2 
9900 13153 12884 11995 13348 10776 11290 0 1 0 
10000 13216 12909 12042 13375 10819 11343 0 1 0 
