# Avida tasks data
# Mon Apr 17 02:51:30 2023
# First column gives the current update, next columns give the number
# of organisms that have the particular task as a component of their merit
#  1: Update
#  2: Not
#  3: Nand
#  4: And
#  5: OrNot
#  6: Or
#  7: AndNot
#  8: Nor
#  9: Xor
# 10: Equals

0 0 0 0 0 0 0 0 0 0 
100 0 0 0 0 0 0 0 0 0 
200 0 0 0 0 0 0 0 0 0 
300 0 0 0 0 0 0 0 0 0 
400 0 0 0 0 0 0 0 0 0 
500 0 0 0 0 0 0 0 0 0 
600 1 0 0 0 0 0 0 0 0 
700 17 0 0 0 0 0 0 0 0 
800 26 0 0 0 0 0 0 0 0 
900 100 15 0 0 0 0 0 0 0 
1000 325 39 0 26 0 0 0 0 0 
1100 561 81 0 110 0 0 0 0 0 
1200 670 137 0 314 1 1 0 0 0 
1300 1002 250 0 656 16 15 0 0 0 
1400 1290 1091 6 906 4 1075 3 0 0 
1500 1732 1674 21 1340 7 1974 373 0 0 
1600 1981 1853 32 2485 14 1956 1687 0 0 
1700 2816 1701 45 3677 36 1781 2715 0 0 
1800 3177 1502 82 5087 28 2675 3999 0 0 
1900 3306 1303 113 6496 49 4079 5463 0 0 
2000 3490 1087 165 7476 215 5101 6559 0 0 
2100 3689 977 216 8022 395 6012 7174 0 0 
2200 3813 1008 232 8449 900 6900 7957 0 0 
2300 3978 1068 271 8725 1419 7493 8561 0 0 
2400 4040 1088 284 8805 1987 7972 9023 0 0 
2500 4131 1106 298 8757 2580 8570 9472 0 0 
2600 4365 1088 320 8815 3085 8920 9750 0 0 
2700 4415 1192 339 8808 3574 9487 10119 0 0 
2800 4306 1315 336 8805 4750 9715 10433 0 0 
2900 3949 1493 394 8727 5911 9753 10471 0 0 
3000 3717 1527 314 8795 7248 9894 10788 0 0 
3100 4002 1508 329 9002 8277 10144 11040 0 0 
3200 4483 1405 324 9480 9008 10459 11329 0 0 
3300 5031 1287 383 9933 9599 10807 11383 0 0 
3400 5490 1147 430 10328 10165 10936 11433 0 0 
3500 5869 1026 415 10610 10696 11291 11524 0 0 
3600 6351 877 458 10983 11296 11559 11682 0 0 
3700 6671 737 494 11334 11666 11721 11682 0 0 
3800 7250 672 537 11703 11978 11899 11781 0 0 
3900 7827 694 539 12172 12149 11839 11722 0 0 
4000 8528 737 524 12471 12119 11949 11740 0 0 
4100 9188 897 450 12816 12267 12028 11852 0 0 
4200 9812 1128 452 12952 12263 12074 11799 0 0 
4300 10368 1621 391 13086 12329 12173 11861 0 0 
4400 10738 2106 408 13063 12224 12146 11736 0 0 
4500 11128 2704 339 13076 12326 12186 11862 0 0 
4600 11471 3397 335 13090 12369 12186 11843 0 0 
4700 11634 4025 327 13075 12309 12173 11805 0 0 
4800 11896 4797 331 13021 12282 12186 11838 0 0 
4900 12006 5489 379 13118 12351 12220 11810 0 0 
5000 11940 6342 349 13020 12258 12193 11785 0 0 
5100 12165 7157 359 13077 12374 12232 11818 0 0 
5200 12117 7990 392 13118 12311 12197 11773 0 0 
5300 12161 8620 385 13081 12288 12215 11721 0 0 
5400 12288 9408 369 13128 12347 12204 11791 0 0 
5500 12204 10010 347 13025 12278 12184 11748 0 0 
5600 12247 10524 325 12996 12301 12231 11910 0 0 
5700 12296 11170 358 13044 12349 12250 11830 0 0 
5800 12334 11806 367 13075 12295 12218 11817 0 0 
5900 12350 12190 324 13016 12236 12232 11836 0 0 
6000 12369 12583 401 13151 12279 12257 11855 0 0 
6100 12338 12949 397 13086 12326 12294 11908 0 0 
6200 12491 13084 387 13057 12291 12174 11789 0 0 
6300 12393 13168 445 13006 12192 12157 11693 0 0 
6400 12440 13290 417 13065 12332 12287 11901 0 0 
6500 12366 13308 560 13065 12291 12299 11852 0 0 
6600 12364 13299 702 13054 12267 12165 11765 0 0 
6700 12391 13332 1053 13071 12338 12234 11795 0 0 
6800 12426 13207 1397 13036 12272 12323 11796 0 0 
6900 12459 13318 1885 13075 12244 12313 11813 0 0 
7000 12569 13300 2478 13149 12357 12446 11896 84 0 
7100 12485 13144 2900 13132 12269 12432 11864 360 0 
7200 12497 13211 3134 13141 12240 12341 11764 807 0 
7300 12498 13117 3425 13071 12245 12372 11854 1290 0 
7400 12599 13104 3671 13175 12268 12363 11947 1748 0 
7500 12563 13046 3901 13122 12139 12211 11842 2146 0 
7600 12492 13010 4091 13121 12182 12253 11894 2674 0 
7700 12429 13082 4426 13193 12105 12199 11941 3047 0 
7800 12455 13082 4791 13182 12099 12268 11930 3440 1 
7900 12436 13077 5399 13064 12131 12314 11975 3803 0 
8000 12554 13116 6127 13041 12162 12395 12059 4164 4 
8100 12504 13082 6724 12974 12070 12282 11987 4429 10 
8200 12557 13135 7439 12915 12045 12269 11932 4737 30 
8300 12552 13094 7914 13004 12088 12304 11971 5056 82 
8400 12150 13133 7960 13033 12097 12351 11480 5359 523 
8500 11582 13074 7239 13012 12100 12334 10888 5289 1013 
8600 11085 13056 7001 12975 12117 12311 10382 5422 1486 
8700 10730 13077 6793 12959 12076 12259 9975 5521 1840 
8800 10377 13065 6686 12978 12100 12244 9639 5646 2166 
8900 10104 13100 6523 12965 12140 12280 9366 5797 2477 
9000 9901 13073 6409 12898 12100 12211 9154 5839 2618 
9100 9737 13079 6332 12901 12094 12177 8992 5903 2770 
9200 9625 13072 6208 12911 12085 12185 8870 5988 2892 
9300 9518 13073 6237 12963 12138 12213 8769 6028 2956 
9400 9411 13070 6353 12941 12104 12181 8652 6109 3054 
9500 9260 13101 6449 12977 12176 12182 8521 6238 3204 
9600 9105 13147 6586 12981 12179 12203 8382 6373 3397 
9700 9003 13104 6710 12960 12143 12151 8273 6367 3399 
9800 8919 13098 6832 12899 12101 12107 8152 6506 3569 
9900 8849 13084 7003 12883 12127 12082 7996 6639 3724 
10000 8862 13088 7150 12867 12145 12095 7857 6703 3817 
