# Avida tasks data
# Mon Apr 17 02:27:23 2023
# First column gives the current update, next columns give the number
# of organisms that have the particular task as a component of their merit
#  1: Update
#  2: Not
#  3: Nand
#  4: And
#  5: OrNot
#  6: Or
#  7: AndNot
#  8: Nor
#  9: Xor
# 10: Equals

0 0 0 0 0 0 0 0 0 0 
100 0 0 0 0 0 0 0 0 0 
200 0 0 0 0 0 0 0 0 0 
300 0 0 0 0 0 0 0 0 0 
400 0 0 0 0 0 0 0 0 0 
500 0 0 0 0 0 0 0 0 0 
600 2 0 0 0 0 0 0 0 0 
700 39 0 0 0 0 0 0 0 0 
800 102 40 0 0 0 0 0 0 0 
900 283 144 0 0 0 0 0 0 0 
1000 601 396 0 0 0 0 0 0 0 
1100 1253 808 0 18 0 0 0 0 0 
1200 2195 1301 17 111 0 0 0 0 0 
1300 3087 1917 86 711 0 0 0 0 0 
1400 3870 2476 206 2049 144 24 0 0 0 
1500 4485 2656 166 3536 1056 89 0 0 0 
1600 4737 2205 39 5458 3215 50 0 0 0 
1700 5550 1759 32 6991 5062 6 0 0 0 
1800 6606 1518 31 8232 6379 8 0 0 0 
1900 7595 1327 21 9015 7283 28 330 0 0 
2000 8002 1239 22 9264 7560 85 2039 0 0 
2100 8287 1199 18 9527 7742 122 3460 0 0 
2200 8745 1144 19 9725 8054 160 4623 0 0 
2300 9439 1091 21 10201 8459 156 5663 0 0 
2400 10091 1091 22 10749 9009 202 6847 0 0 
2500 10678 1050 22 11058 9453 205 7874 0 0 
2600 11102 969 27 11179 9740 233 8533 0 0 
2700 11574 853 20 11325 10047 185 9030 0 0 
2800 11866 696 21 11470 10256 191 9373 0 0 
2900 12087 459 20 11591 10583 216 9684 0 0 
3000 12385 251 17 11615 10883 214 10058 0 0 
3100 12609 102 6 11690 11049 231 10193 0 0 
3200 12475 81 3 11652 11031 242 10168 0 0 
3300 12483 87 4 11718 10987 237 10182 0 0 
3400 12502 81 5 11639 11086 203 10239 0 0 
3500 12553 103 2 11785 11126 200 10266 0 0 
3600 12513 101 5 11742 11025 232 10141 0 0 
3700 12538 77 9 11794 11119 233 10217 0 0 
3800 12613 98 12 11808 11049 248 10230 0 0 
3900 12661 110 9 11821 11151 228 10270 0 0 
4000 12610 100 7 11712 11100 224 10305 0 0 
4100 12709 79 6 11778 11070 244 10232 0 0 
4200 12587 111 2 11668 11011 211 10212 0 0 
4300 12662 134 3 11826 11183 220 10386 0 0 
4400 12639 154 7 11762 11147 249 10315 0 0 
4500 12706 211 4 11869 11250 193 10454 0 0 
4600 12622 294 3 11867 11192 245 10354 0 0 
4700 12681 465 1 11960 11320 188 10485 0 0 
4800 12711 582 13 11932 11330 215 10465 0 0 
4900 12720 819 4 11922 11253 216 10383 0 0 
5000 12754 1193 3 11910 11279 218 10431 0 0 
5100 12761 1437 3 11988 11359 195 10484 0 0 
5200 12809 1729 1 11841 11248 195 10434 0 0 
5300 12844 2121 6 11915 11352 175 10400 0 0 
5400 12794 2621 7 11872 11329 173 10493 0 0 
5500 12916 3145 4 11941 11394 199 10541 0 0 
5600 12881 3512 5 12018 11396 171 10646 0 0 
5700 12849 4237 7 11886 11420 167 10436 0 0 
5800 12965 4881 5 11882 11375 153 10465 0 0 
5900 13035 5613 4 12044 11509 166 10624 0 0 
6000 12907 6477 4 11886 11472 191 10604 0 0 
6100 12928 7150 3 12022 11472 186 10606 0 0 
6200 12937 8296 8 11864 11362 196 10483 0 0 
6300 13076 8875 4 11922 11487 161 10636 0 0 
6400 12980 9598 6 12005 11468 181 10526 0 0 
6500 13031 10311 1 11984 11575 194 10684 0 0 
6600 12880 11047 1 11881 11460 161 10498 0 0 
6700 12923 11417 2 11920 11540 149 10552 0 0 
6800 12858 11867 7 11919 11443 166 10565 0 0 
6900 12950 12252 2 11969 11513 198 10617 0 0 
7000 12938 12521 5 11892 11519 169 10589 0 0 
7100 12936 12802 6 11928 11523 156 10605 0 0 
7200 12903 13017 5 11844 11451 186 10517 0 0 
7300 12961 13197 5 11858 11460 139 10487 0 0 
7400 12943 13300 3 12005 11468 176 10602 0 0 
7500 12988 13386 7 12056 11529 181 10611 0 0 
7600 12965 13260 12 11960 11599 152 10656 0 0 
7700 13062 13296 7 11925 11639 171 10718 0 0 
7800 12913 13300 11 11908 11633 180 10640 0 0 
7900 12953 13496 9 12034 11698 174 10815 0 0 
8000 12912 13362 14 12032 11670 453 10742 0 0 
8100 12961 13072 9 12001 11578 1969 10727 0 0 
8200 12900 12929 15 11880 11528 3737 10681 0 0 
8300 12900 12624 40 11882 11528 5285 10839 0 0 
8400 12866 12427 34 12080 11649 6545 10867 0 0 
8500 12828 12258 39 12097 11532 7827 10837 0 0 
8600 12894 12185 42 11941 11535 9042 10812 0 0 
8700 12874 12133 60 12025 11546 9929 10857 0 0 
8800 12877 12088 57 12019 11536 10731 10886 0 0 
8900 12903 12296 57 12075 11585 11163 10947 0 0 
9000 13001 12244 52 12082 11622 11418 11013 0 0 
9100 13009 12597 59 12044 11702 11481 10999 0 0 
9200 13079 12841 64 12110 11667 11615 11082 0 0 
9300 12990 12979 58 12088 11647 11480 11062 0 0 
9400 12958 13121 61 12112 11775 11441 11136 0 0 
9500 12989 13274 53 12167 11709 11515 11104 0 0 
9600 13010 13317 53 12109 11780 11453 11164 0 0 
9700 12929 13438 70 12213 11711 11462 11129 0 0 
9800 12952 13433 41 12028 11554 11310 10975 0 0 
9900 12972 13494 72 12041 11684 11455 11161 0 0 
10000 12964 13390 52 12131 11699 11432 11114 0 0 
