# Avida tasks data
# Mon Apr 17 08:53:08 2023
# First column gives the current update, next columns give the number
# of organisms that have the particular task as a component of their merit
#  1: Update
#  2: Not
#  3: Nand
#  4: And
#  5: OrNot
#  6: Or
#  7: AndNot
#  8: Nor
#  9: Xor
# 10: Equals

0 0 0 0 0 0 0 0 0 0 
100 0 0 0 0 0 0 0 0 0 
200 0 0 0 0 0 0 0 0 0 
300 0 0 0 0 0 0 0 0 0 
400 0 0 0 0 0 0 0 0 0 
500 0 0 0 0 0 0 0 0 0 
600 0 0 0 0 0 0 0 0 0 
700 192 0 0 0 0 0 0 0 0 
800 863 2 0 66 0 0 0 0 0 
900 1025 140 1 187 0 1 0 0 0 
1000 1019 338 10 339 0 5 0 0 0 
1100 1071 489 0 461 0 6 0 0 0 
1200 1066 591 4 547 0 6 0 0 0 
1300 1078 712 5 670 0 7 0 0 0 
1400 1092 797 10 758 0 4 0 0 0 
1500 1119 915 11 857 0 14 0 0 0 
1600 1216 1076 6 1042 0 7 0 0 0 
1700 1250 1127 7 1105 0 15 0 0 0 
1800 1304 1212 4 1206 0 5 0 0 0 
1900 1340 1305 6 1270 0 10 0 0 0 
2000 1388 1394 5 1361 0 7 0 0 0 
2100 1427 1450 6 1410 0 13 0 0 0 
2200 1462 1531 10 1485 0 9 0 0 0 
2300 1513 1558 7 1537 0 4 0 0 0 
2400 1582 1694 2 1656 0 12 0 0 0 
2500 1667 1773 7 1745 0 9 0 0 0 
2600 1692 1844 5 1823 0 11 0 0 0 
2700 1763 1910 4 1898 0 9 0 0 0 
2800 1782 1932 6 1905 0 8 0 0 0 
2900 1846 1993 8 1963 0 7 0 0 0 
3000 1877 2071 4 2024 0 15 0 0 0 
3100 1930 2147 5 2104 0 6 0 0 0 
3200 2019 2224 5 2191 0 6 0 0 0 
3300 2071 2304 2 2274 0 7 0 0 0 
3400 2148 2356 6 2344 0 7 0 0 0 
3500 2145 2391 9 2367 0 8 0 0 0 
3600 2174 2435 10 2397 0 16 0 0 0 
3700 2173 2455 9 2411 0 14 0 0 0 
3800 2227 2523 6 2463 0 36 0 0 0 
3900 2279 2539 10 2480 0 15 0 0 0 
4000 2303 2596 10 2521 0 12 0 0 0 
4100 2318 2637 12 2567 0 14 0 0 0 
4200 2423 2732 10 2662 0 13 0 0 0 
4300 2450 2810 11 2750 0 12 0 0 0 
4400 2503 2879 9 2813 0 16 0 0 0 
4500 2579 2982 7 2925 0 12 0 0 0 
4600 2674 3093 11 3036 0 20 0 0 0 
4700 2807 3287 6 3235 0 21 0 0 0 
4800 2897 3383 10 3326 0 26 0 0 0 
4900 3022 3518 8 3454 0 23 0 0 0 
5000 3181 3665 10 3604 0 26 0 0 0 
5100 3339 3793 14 3738 0 20 0 0 0 
5200 3411 3962 15 3929 0 23 0 0 0 
5300 3697 4262 18 4195 0 27 0 0 0 
5400 3960 4580 23 4533 0 26 0 0 0 
5500 4352 4941 17 4897 0 28 0 0 0 
5600 4718 5306 19 5234 0 28 0 0 0 
5700 5165 5804 18 5761 0 31 0 0 0 
5800 5687 6320 15 6258 0 31 0 0 0 
5900 6108 6979 21 6897 0 33 0 0 0 
6000 6832 7750 25 7660 0 51 0 0 0 
6100 7530 8466 44 8373 0 46 0 0 0 
6200 8289 9399 58 9289 0 62 0 0 0 
6300 8959 10109 66 10012 0 85 0 0 0 
6400 9670 10860 77 10769 0 164 0 0 0 
6500 10269 11550 58 11414 0 289 0 0 0 
6600 10802 12116 70 11940 0 573 0 0 0 
6700 11428 12709 400 12539 1 672 0 0 0 
6800 11633 12953 1044 12783 0 652 0 0 0 
6900 11816 13093 2066 12886 0 507 0 0 0 
7000 11786 13241 2873 13065 0 490 0 0 0 
7100 11831 13252 3798 13136 0 440 0 0 0 
7200 11884 13269 4588 13141 0 439 1 0 0 
7300 11877 13271 5404 13225 0 466 0 0 0 
7400 11903 13312 6247 13194 0 494 1 0 0 
7500 11926 13281 7280 13213 2 449 0 0 0 
7600 11926 13221 8164 13171 0 630 1 0 0 
7700 12012 13221 8861 13220 3 1059 0 0 2 
7800 12109 13272 9379 13206 3 1622 1 0 0 
7900 12027 13212 9704 13235 6 2318 2 0 0 
8000 12283 13270 10178 13193 2 2996 6 0 0 
8100 12356 13306 10481 13191 5 3748 4 0 0 
8200 12421 13289 10738 13200 3 4507 2 2 0 
8300 12487 13305 10796 13162 9 5112 2 0 0 
8400 12526 13325 11025 13211 3 5631 3 0 0 
8500 12643 13323 11362 13208 0 6179 5 0 0 
8600 12781 13323 11363 13169 4 6708 3 3 0 
8700 12870 13429 11619 13193 2 7454 0 0 0 
8800 13040 13377 11651 13252 0 7968 1 0 0 
8900 13039 13426 11625 13231 0 8450 0 0 0 
9000 13143 13451 11871 13242 0 9208 0 0 0 
9100 13230 13414 11802 13223 61 9800 2 0 0 
9200 13313 13341 11867 13162 289 10176 3 0 0 
9300 13290 13398 11808 13261 723 10447 4 0 0 
9400 13252 13350 11746 13183 1335 10677 6 4 0 
9500 13351 13348 11803 13192 1977 10940 4 9 0 
9600 13284 13362 11745 13207 2811 10964 4 4 0 
9700 13359 13472 11961 13313 3514 11219 3 3 4 
9800 13365 13427 11928 13231 4193 11202 9 9 13 
9900 13392 13351 12080 13223 4930 11409 11 6 1 
10000 13437 13336 12071 13211 5689 10671 6 7 624 
