# Avida tasks data
# Mon Apr 17 05:16:55 2023
# First column gives the current update, next columns give the number
# of organisms that have the particular task as a component of their merit
#  1: Update
#  2: Not
#  3: Nand
#  4: And
#  5: OrNot
#  6: Or
#  7: AndNot
#  8: Nor
#  9: Xor
# 10: Equals

0 0 0 0 0 0 0 0 0 0 
100 0 0 0 0 0 0 0 0 0 
200 0 0 0 0 0 0 0 0 0 
300 0 0 0 0 0 0 0 0 0 
400 0 0 0 0 0 0 0 0 0 
500 0 0 0 0 0 0 0 0 0 
600 3 0 0 0 0 0 0 0 0 
700 45 0 0 0 0 0 0 0 0 
800 295 0 0 0 0 0 0 0 0 
900 695 14 0 44 0 0 0 0 0 
1000 977 182 0 261 0 0 0 0 0 
1100 1588 457 0 1076 0 0 0 0 0 
1200 2537 1016 2 2091 543 0 0 0 0 
1300 4519 3642 40 3145 2721 916 8 0 0 
1400 6907 6315 362 3929 4942 2986 30 0 0 
1500 8634 8246 744 4257 6280 4805 34 0 0 
1600 9565 9393 1647 4454 6134 6636 33 0 0 
1700 10217 10321 2805 5082 5988 8055 48 0 0 
1800 10729 11129 3941 5973 5489 9153 35 0 0 
1900 11422 11887 5109 6996 5091 10162 39 0 0 
2000 11861 12418 6073 7929 4788 10915 42 0 0 
2100 12254 12722 7032 8645 4663 11576 58 0 0 
2200 12550 13030 7499 9158 4722 11888 40 0 0 
2300 12344 13166 8252 9770 5308 12035 38 0 0 
2400 12364 13212 9166 10352 6422 12145 39 0 0 
2500 12346 13268 9683 10891 7471 12206 31 0 0 
2600 12450 13304 10138 11353 8491 12349 38 0 0 
2700 12605 13499 10503 11854 9497 12359 36 0 0 
2800 12722 13608 10908 12315 10460 12488 32 0 0 
2900 12733 13711 11131 12744 11317 12562 32 0 0 
3000 12726 13765 11440 13047 11905 12649 41 1 0 
3100 12851 13825 11546 13191 12293 12681 15 0 0 
3200 12945 13847 11588 13258 12422 12649 16 1 0 
3300 12927 13825 11633 13337 12460 12691 34 0 0 
3400 12947 13804 11742 13336 12400 12708 18 0 0 
3500 12814 13854 11716 13367 12479 12662 15 0 0 
3600 12863 13824 11670 13277 12416 12614 19 0 0 
3700 12748 13839 11652 13325 12415 12563 22 0 0 
3800 12894 13840 11716 13350 12462 12700 37 0 0 
3900 12945 13863 11712 13400 12568 12670 26 0 0 
4000 13030 13843 11630 13332 12451 12612 32 0 0 
4100 12926 13877 11756 13358 12553 12751 18 2 0 
4200 12981 13838 11768 13348 12500 12709 18 0 0 
4300 12946 13872 11692 13377 12459 12710 35 0 0 
4400 12923 13839 11723 13424 12537 12676 36 0 0 
4500 12928 13827 11704 13380 12592 12596 27 0 0 
4600 12983 13799 11681 13318 12500 12635 18 0 0 
4700 12995 13826 11711 13381 12491 12617 19 0 0 
4800 12989 13850 11722 13324 12554 12655 21 0 0 
4900 12921 13841 11673 13312 12460 12651 17 0 0 
5000 12992 13843 11788 13366 12543 12686 26 0 0 
5100 13101 13843 11758 13418 12454 12716 20 0 0 
5200 13066 13866 11732 13422 12609 12685 27 0 0 
5300 12999 13901 11767 13377 12564 12741 33 0 0 
5400 13124 13895 11746 13414 12544 12729 29 0 0 
5500 13099 13830 11760 13360 12515 12776 27 0 0 
5600 13103 13874 11782 13468 12678 12692 22 0 0 
5700 13065 13892 11738 13377 12557 12703 24 0 0 
5800 13032 13879 11756 13412 12513 12684 30 0 0 
5900 13086 13857 11748 13420 12575 12736 34 0 0 
6000 13089 13909 11860 13452 12610 12744 20 0 0 
6100 13141 13890 11757 13459 12533 12655 21 0 0 
6200 13117 13890 11757 13422 12552 12724 21 0 0 
6300 13120 13864 11847 13446 12583 12737 21 0 0 
6400 13111 13884 11927 13428 12605 12799 23 0 0 
6500 13148 13868 11809 13415 12579 12778 22 0 0 
6600 13034 13920 11954 13512 12698 12865 23 1 0 
6700 13100 13856 11808 13501 12593 12715 27 0 0 
6800 13143 13810 11866 13422 12581 12710 23 0 0 
6900 13092 13806 11891 13406 12594 12684 19 0 0 
7000 13202 13743 11882 13401 12601 12710 21 0 0 
7100 13171 13843 11854 13450 12636 12709 24 0 0 
7200 13201 13781 11920 13443 12569 12759 17 0 0 
7300 13152 13826 11913 13468 12599 12783 23 0 0 
7400 13199 13849 11908 13445 12642 12717 18 2 0 
7500 13193 13786 11927 13430 12602 12754 23 0 0 
7600 13239 13823 12027 13451 12676 12800 18 0 0 
7700 13221 13839 11926 13449 12629 12749 23 0 0 
7800 13228 13807 11912 13459 12606 12743 11 0 0 
7900 13161 13795 11996 13464 12610 12793 27 0 0 
8000 13253 13807 11826 13475 12643 12713 17 0 0 
8100 13216 13787 11903 13495 12674 12701 20 0 0 
8200 13171 13740 11940 13451 12636 12680 25 0 0 
8300 13281 13779 11947 13461 12604 12769 27 0 0 
8400 13259 13779 11890 13409 12525 12771 18 0 0 
8500 13179 13815 11840 13382 12597 12610 9 0 0 
8600 13224 13855 11942 13408 12543 12695 19 1 0 
8700 13279 13838 12008 13396 12590 12734 18 0 0 
8800 13221 13788 12026 13450 12541 12708 21 1 0 
8900 13167 13828 12024 13485 12683 12728 30 0 0 
9000 13224 13820 11879 13400 12564 12595 11 0 0 
9100 13218 13869 12162 13439 12673 12777 17 0 0 
9200 13236 13838 12061 13458 12619 12710 18 0 0 
9300 13252 13833 12081 13423 12593 12718 19 1 0 
9400 13210 13815 11910 13441 12677 12625 21 0 0 
9500 13247 13768 12004 13410 12572 12684 32 1 0 
9600 13284 13798 12055 13461 12614 12630 18 0 0 
9700 13249 13762 12114 13389 12578 12782 25 2 0 
9800 13249 13749 12073 13422 12619 12668 23 0 0 
9900 13246 13718 12093 13318 12471 12689 14 0 0 
10000 13281 13782 12149 13395 12592 12755 13 2 0 
