# Avida tasks data
# Mon Apr 17 06:43:11 2023
# First column gives the current update, next columns give the number
# of organisms that have the particular task as a component of their merit
#  1: Update
#  2: Not
#  3: Nand
#  4: And
#  5: OrNot
#  6: Or
#  7: AndNot
#  8: Nor
#  9: Xor
# 10: Equals

0 0 0 0 0 0 0 0 0 0 
100 0 0 0 0 0 0 0 0 0 
200 0 0 0 0 0 0 0 0 0 
300 0 0 0 0 0 0 0 0 0 
400 0 0 0 0 0 0 0 0 0 
500 69 0 0 0 0 0 0 0 0 
600 825 46 0 0 0 0 0 0 0 
700 1936 606 0 11 0 0 0 0 0 
800 2721 1847 0 48 2 5 0 0 0 
900 3819 3108 0 40 4 95 0 0 0 
1000 5233 4669 0 88 2 147 1 0 0 
1100 6684 6377 2 584 2 176 0 0 0 
1200 7828 7761 5 1385 81 449 0 0 0 
1300 8615 8497 10 1430 1019 1291 706 6 0 
1400 8818 8678 17 1441 2233 2439 1710 3 248 
1500 9397 9264 11 2976 3345 3118 2440 3 616 
1600 10305 10146 23 4026 3408 4116 3692 10 1684 
1700 10446 10357 22 4715 2667 4803 4424 5 2616 
1800 11064 10872 48 5943 2166 5999 5522 7 3958 
1900 11630 11338 96 7043 1852 7253 6496 10 5125 
2000 12185 11758 116 8045 1635 8234 7383 20 6129 
2100 12495 12127 120 8931 1427 9250 8038 24 7153 
2200 12546 12156 116 9079 1395 9456 8298 25 7367 
2300 12926 12512 125 10000 1239 10392 9088 19 8389 
2400 13073 12743 131 10468 1040 10874 9495 28 9064 
2500 13193 12908 154 10799 823 11280 9929 28 9625 
2600 13148 12966 161 11169 716 11597 10145 23 10228 
2700 13220 13015 97 11256 744 11652 10244 16 10348 
2800 13260 13050 101 11328 797 11761 10421 19 10467 
2900 13214 12957 137 11275 947 11708 10394 25 10517 
3000 13258 13054 140 11469 1206 11868 10503 24 10690 
3100 13296 13023 134 11400 1304 11826 10504 20 10626 
3200 13217 13046 135 11322 1581 11722 10314 26 10505 
3300 13218 12946 118 11418 1859 11718 10414 23 10553 
3400 13251 12968 119 11574 1875 11840 10567 19 10681 
3500 13277 13002 109 11609 1440 11887 10677 19 10719 
3600 13292 13031 110 11658 1434 11891 10726 18 10773 
3700 13306 13043 106 11673 1505 11939 10778 18 10781 
3800 13348 13061 102 11700 1915 11909 10836 16 10842 
3900 13377 13062 94 11725 2284 11931 10919 16 10901 
4000 13413 13085 86 11784 2674 11939 10960 15 10915 
4100 13441 13023 84 11803 2879 11933 10952 13 10907 
4200 13439 13044 84 11880 3345 11996 11054 15 10994 
4300 13446 13053 84 11845 3422 11988 11069 13 11031 
4400 13476 13062 76 11915 3751 11991 11095 13 10982 
4500 13496 13054 77 11977 4132 11997 11145 12 11028 
4600 13491 13053 80 11978 4306 12026 11167 12 11071 
4700 13496 13070 68 11998 4711 12026 11258 12 11086 
4800 13495 13038 64 11964 4856 12001 11250 12 11080 
4900 13521 13108 64 12008 5299 12035 11327 12 11219 
5000 13558 13073 62 12026 5536 12031 11292 11 11142 
5100 13531 13063 67 12033 5818 12028 11305 11 11190 
5200 13558 13088 62 12056 6205 12062 11350 11 11288 
5300 13571 13129 53 12122 6524 12105 11413 13 11292 
5400 13581 13087 52 12109 6948 12073 11434 10 11243 
5500 13632 13050 50 12142 7214 12042 11401 4 11252 
5600 13653 13082 53 12169 7343 12090 11478 4 11305 
5700 13637 13110 50 12203 7381 12114 11508 4 11335 
5800 13659 13094 48 12209 7684 12131 11532 4 11391 
5900 13678 13059 46 12222 7730 12065 11488 3 11313 
6000 13677 13058 44 12204 7783 12045 11477 3 11309 
6100 13680 13033 42 12216 7894 12063 11497 3 11308 
6200 13682 13077 43 12283 8426 12100 11575 2 11414 
6300 13716 13039 36 12324 8792 12075 11600 1 11388 
6400 13731 13064 32 12326 9032 12081 11614 1 11399 
6500 13759 12995 30 12321 9246 12061 11605 1 11392 
6600 13791 13050 33 12453 9639 12155 11726 0 11519 
6700 13798 13066 34 12472 9675 12175 11728 0 11515 
6800 13786 13074 35 12476 9758 12180 11777 1 11543 
6900 13794 13057 32 12491 9755 12178 11752 1 11499 
7000 13779 13068 30 12479 9830 12186 11750 0 11522 
7100 13809 13084 31 12501 10073 12156 11752 0 11530 
7200 13798 13078 28 12499 10191 12174 11800 0 11570 
7300 13799 13109 30 12516 10319 12192 11825 0 11596 
7400 13780 13053 31 12451 10311 12138 11742 0 11495 
7500 13785 13057 32 12369 10136 12148 11724 0 11516 
7600 13787 13060 32 12367 10138 12150 11727 0 11514 
7700 13788 13060 32 12366 10138 12149 11726 0 11513 
7800 13782 13038 32 11725 10285 12134 11730 0 11503 
7900 13792 13037 33 11248 10322 12154 11751 0 11528 
8000 13794 13039 33 11247 10324 12153 11752 0 11528 
8100 13796 13012 33 11103 10306 12128 11735 0 11509 
8200 13789 13018 31 10984 10243 12115 11711 0 11489 
8300 13776 13029 31 10654 10324 12160 11765 0 11555 
8400 13758 12951 40 9990 10201 12085 11710 0 11459 
8500 13777 12984 37 9821 10255 12097 11706 0 11519 
8600 13776 12981 37 9823 10252 12094 11702 0 11515 
8700 13777 12982 37 9822 10251 12093 11701 0 11514 
8800 13777 12982 37 9821 10251 12093 11702 0 11515 
8900 13775 12988 44 9754 10272 12106 11719 0 11501 
9000 13803 12996 36 10049 10292 12129 11691 0 11501 
9100 13605 13008 36 10038 9881 12146 11610 0 11538 
9200 13363 13002 36 9904 9620 12140 11059 0 11541 
9300 13311 13004 36 9893 9341 12156 10700 0 11550 
9400 13109 12820 36 9912 9100 12191 10410 0 11587 
9500 13295 12161 35 9966 8891 12203 10185 0 11595 
9600 13361 12072 35 9921 8401 12185 9693 0 11561 
9700 13370 12236 35 9944 8079 12212 9355 0 11602 
9800 13340 12348 35 9890 7754 12211 9048 0 11579 
9900 13336 12408 36 9860 7495 12224 8778 0 11579 
10000 13351 12497 35 9901 7221 12267 8507 1 11634 
