# Avida tasks data
# Mon Apr 17 03:34:05 2023
# First column gives the current update, next columns give the number
# of organisms that have the particular task as a component of their merit
#  1: Update
#  2: Not
#  3: Nand
#  4: And
#  5: OrNot
#  6: Or
#  7: AndNot
#  8: Nor
#  9: Xor
# 10: Equals

0 0 0 0 0 0 0 0 0 0 
100 0 0 0 0 0 0 0 0 0 
200 0 0 0 0 0 0 0 0 0 
300 0 0 0 0 0 0 0 0 0 
400 0 0 0 0 0 0 0 0 0 
500 0 1 0 0 0 0 0 0 0 
600 8 0 0 0 0 0 0 0 0 
700 16 0 0 0 0 0 0 0 0 
800 27 2 0 1 0 0 0 0 0 
900 75 3 0 61 0 0 0 0 0 
1000 234 101 0 203 0 50 0 0 0 
1100 280 1496 3 367 547 1365 0 0 0 
1200 2049 3709 14 3192 2853 3441 0 0 0 
1300 3715 5502 27 4728 4433 5251 1 0 0 
1400 5317 6965 45 5977 5663 6666 2 0 0 
1500 6389 8311 122 7055 6785 7950 1 0 0 
1600 6964 9007 155 7524 7235 8547 2 0 0 
1700 6965 9049 147 7537 7275 8623 2 0 0 
1800 6965 9049 147 7538 7276 8624 2 0 0 
1900 7260 9305 109 7781 7531 8906 4 0 0 
2000 7947 9611 75 8099 7813 9181 3 0 0 
2100 8308 9722 69 8176 7977 9241 676 0 0 
2200 8258 9741 51 8226 8043 9333 1376 0 0 
2300 7188 10136 45 8620 8517 9755 1380 0 0 
2400 7025 10362 46 8158 7976 9988 1380 0 0 
2500 6594 10392 813 7724 7645 10026 1380 0 0 
2600 6624 10479 1130 7538 7474 10103 1380 0 0 
2700 6373 10489 1404 7957 7231 10120 1377 0 0 
2800 5737 10513 1864 8123 6812 10170 1290 0 0 
2900 5551 10577 2055 8717 7110 10240 1266 0 0 
3000 5545 10616 2136 8841 7493 10267 1266 0 0 
3100 5512 10646 1957 8993 7754 10299 1266 0 0 
3200 5404 10668 1635 9064 7895 10322 1272 0 0 
3300 5391 10675 1487 9165 8138 10324 1268 0 0 
3400 5368 10678 1400 9297 8213 10343 1266 0 0 
3500 5337 10695 1288 9405 8246 10357 1268 0 0 
3600 5280 10744 1107 9518 8344 10420 1266 0 0 
3700 5260 10773 970 9644 8476 10438 1258 0 0 
3800 5207 10860 884 9761 8621 10524 1248 0 0 
3900 5201 10989 847 9908 8762 10656 1240 0 0 
4000 5810 11009 848 9969 8749 10681 1140 0 0 
4100 5311 11026 847 10045 8761 10705 955 0 0 
4200 5070 11039 844 10065 8755 10728 920 0 0 
4300 4679 11048 852 10096 8722 10745 840 0 0 
4400 4366 11069 862 10159 8799 10786 777 0 0 
4500 4042 11083 896 10194 8815 10808 722 0 0 
4600 3736 11076 934 10225 8787 10815 657 0 0 
4700 3484 11103 955 10260 8880 10848 605 0 0 
4800 3426 11129 951 10275 8927 10878 583 0 0 
4900 3382 11099 950 10249 8883 10848 575 0 0 
5000 3374 11114 947 10259 8860 10849 575 0 0 
5100 3365 11124 941 10224 8904 10843 578 0 0 
5200 3329 11120 916 10223 8940 10841 561 0 0 
5300 3280 11093 855 10232 8937 10828 533 0 0 
5400 2940 11097 838 10224 9004 10833 326 0 0 
5500 2656 11109 817 10258 9037 10845 197 0 0 
5600 2490 11120 768 10302 9078 10863 138 0 0 
5700 2372 11142 696 10316 9197 10885 97 0 0 
5800 2233 11136 634 10336 9216 10897 71 0 0 
5900 2108 11149 588 10371 9315 10927 48 0 0 
6000 2020 11211 549 10391 9352 10978 36 0 0 
6100 1892 11234 514 10362 9440 11023 21 0 0 
6200 1775 11269 495 10494 9463 11059 10 0 0 
6300 1681 11313 487 10502 9554 11096 4 0 0 
6400 1573 11356 460 10587 9648 11143 9 0 0 
6500 1480 11447 443 10621 9731 11242 3 0 0 
6600 1374 11460 422 10667 9775 11257 6 0 0 
6700 1312 11464 408 10670 9787 11286 3 0 0 
6800 1225 11490 400 10703 9814 11301 10 0 0 
6900 1154 11540 386 10750 9926 11354 4 0 0 
7000 1098 11607 353 10815 9974 11409 6 0 0 
7100 1049 11630 338 10845 10034 11442 3 0 0 
7200 994 11687 322 10898 10073 11499 2 0 0 
7300 918 11728 308 10917 10196 11543 5 0 0 
7400 844 11779 296 10969 10240 11596 1 0 0 
7500 798 11829 278 11057 10270 11642 5 0 0 
7600 764 11885 254 11093 10339 11696 5 0 0 
7700 744 11913 235 11121 10402 11737 6 2 0 
7800 724 12001 227 11179 10534 11844 4 1 0 
7900 680 12048 215 11279 10526 11872 9 1 0 
8000 664 12126 214 11339 10626 11939 8 1 0 
8100 629 12162 194 11387 10678 11986 10 1 0 
8200 589 12196 194 11396 10675 12050 9 1 0 
8300 578 12268 182 11443 10815 12143 12 0 0 
8400 539 12342 164 11561 10906 12206 12 0 0 
8500 512 12437 157 11639 10903 12287 7 0 0 
8600 492 12487 151 11681 11020 12332 5 0 0 
8700 507 12580 142 11743 11073 12448 7 0 0 
8800 458 12623 134 11843 11196 12473 8 0 0 
8900 436 12673 124 11908 11277 12511 12 0 0 
9000 397 12724 124 11947 11363 12573 11 0 0 
9100 387 12802 129 11973 11390 12676 15 2 0 
9200 382 12835 116 11975 11357 12696 13 1 0 
9300 365 12880 109 12010 11381 12736 14 1 0 
9400 330 12984 128 12169 11525 12817 16 0 0 
9500 344 13043 120 12238 11581 12880 15 0 0 
9600 341 13127 116 12308 11664 12972 12 0 0 
9700 310 13186 115 12318 11678 13028 16 0 0 
9800 269 13196 108 12333 11688 13048 15 0 0 
9900 295 13263 106 12368 11695 13120 21 0 0 
10000 262 13295 99 12377 11766 13159 12 0 0 
