# Avida tasks data
# Mon Apr 17 05:32:28 2023
# First column gives the current update, next columns give the number
# of organisms that have the particular task as a component of their merit
#  1: Update
#  2: Not
#  3: Nand
#  4: And
#  5: OrNot
#  6: Or
#  7: AndNot
#  8: Nor
#  9: Xor
# 10: Equals

0 0 0 0 0 0 0 0 0 0 
100 0 0 0 0 0 0 0 0 0 
200 0 0 0 0 0 0 0 0 0 
300 0 0 0 0 0 0 0 0 0 
400 0 0 0 0 0 0 0 0 0 
500 0 0 0 0 0 0 0 0 0 
600 0 0 0 0 0 0 0 0 0 
700 0 0 0 0 0 0 0 0 0 
800 0 0 0 0 0 0 0 0 0 
900 150 170 0 30 0 0 0 0 0 
1000 170 148 0 957 874 1 0 0 0 
1100 191 359 0 950 871 0 0 0 0 
1200 194 359 0 950 869 0 0 0 0 
1300 327 623 0 1010 924 1 0 0 0 
1400 2860 2566 0 3030 2784 0 13 0 0 
1500 3242 2140 0 3287 3058 19 16 0 0 
1600 3493 1990 0 3448 3209 51 9 0 0 
1700 3822 2257 0 3650 3429 71 13 0 0 
1800 3923 2571 1 3787 3562 73 10 0 0 
1900 4533 3545 1 4381 4073 74 23 0 0 
2000 4533 3545 1 4381 4073 74 23 0 0 
2100 4532 3544 1 4380 4072 74 23 0 0 
2200 4533 3545 1 4381 4073 74 23 0 0 
2300 4532 3544 1 4380 4072 74 23 0 0 
2400 4532 3544 1 4380 4072 74 23 0 0 
2500 4533 3545 1 4381 4073 74 23 0 0 
2600 4532 3544 1 4380 4072 74 23 0 0 
2700 4533 3545 1 4381 4073 74 23 0 0 
2800 4532 3544 1 4380 4072 74 23 0 0 
2900 4532 3544 1 4380 4072 74 23 0 0 
3000 4533 3545 1 4381 4073 74 23 0 0 
3100 4532 3544 1 4380 4072 74 23 0 0 
3200 4533 3545 1 4381 4073 74 23 0 0 
3300 4533 3545 1 4381 4073 74 23 0 0 
3400 4533 3545 1 4381 4073 74 23 0 0 
3500 4533 3545 1 4381 4073 74 23 0 0 
3600 4533 3545 1 4381 4073 74 23 0 0 
3700 4531 3543 1 4379 4071 74 23 0 0 
3800 4532 3544 1 4380 4072 74 23 0 0 
3900 4532 3544 1 4380 4072 74 23 0 0 
4000 4531 3543 1 4379 4071 74 23 0 0 
4100 4531 3543 1 4379 4071 74 23 0 0 
4200 4531 3543 1 4379 4071 74 23 0 0 
4300 4531 3543 1 4379 4071 74 23 0 0 
4400 4531 3543 1 4379 4071 74 23 0 0 
4500 4531 3543 1 4379 4071 74 23 0 0 
4600 4531 3543 1 4379 4071 74 23 0 0 
4700 4531 3543 1 4379 4071 74 23 0 0 
4800 4531 3543 1 4379 4071 74 23 0 0 
4900 4531 3543 1 4379 4071 74 23 0 0 
5000 4533 3545 1 4381 4074 74 23 0 0 
5100 4532 3544 1 4380 4073 74 23 0 0 
5200 4533 3545 1 4381 4074 74 23 0 0 
5300 4533 3545 1 4381 4074 74 23 0 0 
5400 4533 3545 1 4381 4074 74 23 0 0 
5500 4533 3545 1 4381 4074 74 23 0 0 
5600 4533 3545 1 4381 4074 74 23 0 0 
5700 4533 3545 1 4381 4074 74 23 0 0 
5800 4533 3545 1 4381 4074 74 23 0 0 
5900 4533 3545 1 4381 4074 74 23 0 0 
6000 4533 3545 1 4381 4074 74 23 0 0 
6100 4532 3544 1 4380 4071 74 23 0 0 
6200 4627 3555 0 4478 4145 96 34 0 0 
6300 4646 3550 0 4518 4146 80 27 0 0 
6400 5029 3466 0 4931 4468 39 22 0 0 
6500 5028 3466 0 4930 4466 39 22 0 0 
6600 5028 3465 0 4930 4468 39 22 0 0 
6700 5028 3465 0 4930 4466 39 22 0 0 
6800 5029 3465 0 4931 4467 39 22 0 0 
6900 5029 3465 0 4931 4468 39 22 0 0 
7000 5030 3465 0 4932 4470 39 22 0 0 
7100 5029 3465 0 4931 4469 39 22 0 0 
7200 5029 3465 0 4931 4469 39 22 0 0 
7300 5029 3465 0 4931 4467 39 22 0 0 
7400 5029 3465 0 4931 4467 39 22 0 0 
7500 5029 3465 0 4931 4467 39 22 0 0 
7600 5429 3091 0 5366 4835 23 28 0 0 
7700 5860 2954 0 5812 5176 18 27 0 0 
7800 5912 3122 0 5879 5214 14 33 0 0 
7900 5909 3121 0 5875 5211 14 33 0 0 
8000 5909 3121 0 5875 5211 14 33 0 0 
