# Avida tasks data
# Mon Apr 17 04:05:31 2023
# First column gives the current update, next columns give the number
# of organisms that have the particular task as a component of their merit
#  1: Update
#  2: Not
#  3: Nand
#  4: And
#  5: OrNot
#  6: Or
#  7: AndNot
#  8: Nor
#  9: Xor
# 10: Equals

0 0 0 0 0 0 0 0 0 0 
100 0 0 0 0 0 0 0 0 0 
200 0 0 0 0 0 0 0 0 0 
300 0 0 0 0 0 0 0 0 0 
400 0 0 0 0 0 0 0 0 0 
500 0 0 0 0 0 0 0 0 0 
600 0 0 0 0 0 0 0 0 0 
700 0 0 0 0 0 0 0 0 0 
800 62 0 0 0 0 0 0 0 0 
900 383 0 0 42 0 0 0 0 0 
1000 110 1093 0 2824 2765 0 0 0 0 
1100 280 2592 0 5110 4989 6 0 0 0 
1200 1324 1775 147 6365 6276 1685 2 0 0 
1300 2464 1356 61 6953 6824 3301 13 0 0 
1400 3508 1585 22 7620 7481 4586 11 0 0 
1500 4104 1917 29 8208 8078 5559 14 0 0 
1600 4855 2480 39 8818 8653 6393 21 0 0 
1700 5778 3011 36 9457 9307 7436 32 0 0 
1800 6486 3759 23 10078 9863 8367 56 0 0 
1900 7122 4478 37 10586 10407 9225 106 0 0 
2000 7573 5143 37 10974 10842 9847 199 0 0 
2100 7979 5805 52 11287 11121 10394 316 0 0 
2200 8229 6522 37 11599 11426 10857 459 0 0 
2300 8489 7161 56 11672 11503 11260 687 0 0 
2400 8845 7884 69 11855 11678 11545 990 0 0 
2500 9155 8400 99 12090 11898 11825 1406 0 0 
2600 9363 8776 110 12160 11972 11976 1779 0 0 
2700 9636 9206 113 12330 12158 12087 2198 0 0 
2800 9712 9536 110 12309 12123 12229 2551 0 0 
2900 9958 9846 174 12476 12228 12381 3014 0 0 
3000 9953 10171 209 12523 12256 12512 3364 0 0 
3100 10172 10333 215 12509 12244 12561 3883 0 0 
3200 10237 10430 224 12558 12345 12585 4169 0 0 
3300 10430 10474 290 12540 12299 12674 4463 0 0 
3400 10558 10546 375 12584 12356 12731 4894 0 0 
3500 10563 10581 456 12615 12373 12730 5217 0 0 
3600 10548 10747 529 12593 12328 12747 5499 0 0 
3700 10739 10696 727 12691 12443 12807 5634 0 0 
3800 10839 10731 899 12748 12531 12947 5898 0 0 
3900 10963 10689 1211 12729 12468 12804 5965 0 0 
4000 11030 10803 1552 12775 12516 12985 6049 0 0 
4100 11105 10755 1858 12791 12610 12974 6115 0 0 
4200 11225 10798 2190 12761 12521 13004 6168 0 0 
4300 11295 10857 2526 12703 12504 12954 6186 0 0 
4400 11216 10971 3050 12772 12553 12945 6007 0 0 
4500 11259 10930 3551 12839 12556 12891 5889 0 0 
4600 11335 11057 3947 12756 12492 12927 5758 0 0 
4700 11432 11066 4587 12821 12540 12977 5494 0 0 
4800 11337 11131 5215 12813 12552 13071 5269 0 0 
4900 11420 11027 5720 12877 12619 12942 5024 0 0 
5000 11428 11007 6217 12852 12576 13060 4693 0 0 
5100 11535 10922 6685 12890 12589 13012 4384 0 0 
5200 11641 11012 7165 12954 12668 13048 4068 0 0 
5300 11546 11062 7597 12906 12507 13061 3699 0 0 
5400 11649 11137 8119 12889 12574 13019 3425 0 0 
5500 11811 11287 8657 12777 12505 12984 3051 0 0 
5600 11810 11584 9040 12788 12489 13046 2799 0 0 
5700 11971 11557 9556 12829 12529 13079 2318 0 0 
5800 11945 11648 10177 12900 12600 13124 1935 0 0 
5900 12015 11699 10468 12909 12633 13083 1638 0 0 
6000 12053 11749 10999 12887 12626 13138 1276 0 0 
6100 12125 11926 11300 12947 12652 13105 1125 0 0 
6200 12183 11971 11490 12911 12628 13080 1001 0 0 
6300 12285 11924 11663 12857 12578 13100 829 0 0 
6400 12300 12119 11926 12940 12649 13100 753 0 0 
6500 12260 12173 12022 12964 12667 13093 727 0 0 
6600 12183 12124 12086 12921 12565 13071 702 0 0 
6700 12145 12219 12103 12882 12618 13110 734 0 0 
6800 12161 12311 12008 12897 12579 13066 740 0 0 
6900 12180 12428 12159 12896 12563 13083 789 0 0 
7000 12274 12334 12165 12959 12621 13153 852 0 0 
7100 12254 12458 12068 12861 12550 13192 907 0 0 
7200 12286 12468 12225 12987 12672 13079 1073 0 0 
7300 12361 12443 12292 12946 12641 13136 1100 0 0 
7400 12314 12455 12213 12891 12617 13102 1236 0 0 
7500 12315 12440 12219 12930 12626 13150 1354 0 0 
7600 12374 12315 12310 12907 12652 13096 1503 0 0 
7700 12257 12425 12285 12942 12666 13140 1644 0 0 
7800 12271 12442 12233 12885 12603 13122 1890 0 0 
7900 12243 12441 12230 13007 12718 13143 2065 0 0 
8000 12267 12417 12168 12990 12745 13098 2223 0 0 
8100 12261 12427 12163 12997 12723 13127 2436 0 0 
8200 12318 12440 12171 12959 12620 13067 2685 0 0 
8300 12415 12445 12136 13018 12750 13095 2851 0 0 
8400 12392 12350 12152 12981 12702 13113 3130 0 0 
8500 12308 12275 12107 12985 12700 13046 3243 0 0 
8600 12142 12346 12148 12902 12647 13124 3507 0 0 
8700 12081 12323 12067 12805 12592 13059 3658 0 0 
8800 12113 12384 12097 12917 12683 13095 3934 0 0 
8900 12161 12436 12123 12909 12653 13073 4125 0 0 
9000 12149 12429 12148 12897 12598 13124 4391 0 0 
9100 12039 12427 12115 12912 12580 13051 4612 0 0 
9200 12092 12321 12017 12880 12576 13062 4793 0 0 
9300 12112 12312 11944 12914 12574 13042 4992 0 0 
9400 12175 12375 11955 12986 12682 13074 5250 0 0 
9500 12077 12253 11967 12916 12632 13083 5363 0 0 
9600 12091 12286 11928 12973 12648 13005 5553 0 0 
9700 12104 12292 11978 12925 12640 13074 5711 0 0 
9800 12146 12325 12089 12905 12659 13108 5886 0 0 
9900 12055 12229 12045 12904 12646 13084 5927 0 0 
10000 12035 12215 11968 12878 12671 12958 6157 0 0 
