# Avida tasks data
# Mon Apr 17 04:44:55 2023
# First column gives the current update, next columns give the number
# of organisms that have the particular task as a component of their merit
#  1: Update
#  2: Not
#  3: Nand
#  4: And
#  5: OrNot
#  6: Or
#  7: AndNot
#  8: Nor
#  9: Xor
# 10: Equals

0 0 0 0 0 0 0 0 0 0 
100 0 0 0 0 0 0 0 0 0 
200 0 0 0 0 0 0 0 0 0 
300 0 0 0 0 0 0 0 0 0 
400 0 0 0 0 0 0 0 0 0 
500 0 0 0 0 0 0 0 0 0 
600 3 0 0 0 0 0 0 0 0 
700 37 0 0 0 0 0 0 0 0 
800 126 53 0 0 0 0 0 0 0 
900 105 322 0 355 0 0 0 0 0 
1000 83 411 0 853 0 0 0 0 0 
1100 74 412 0 874 0 0 0 0 0 
1200 75 383 0 842 0 0 0 0 0 
1300 76 368 0 854 0 0 0 0 0 
1400 76 367 0 854 0 0 0 0 0 
1500 78 364 0 849 0 0 0 0 0 
1600 77 363 0 843 0 0 0 0 0 
1700 77 362 2 841 0 0 0 0 0 
1800 79 364 2 845 0 0 0 0 0 
1900 81 359 0 857 0 0 0 0 0 
2000 82 359 0 844 0 0 0 0 0 
2100 80 357 0 858 0 0 0 0 0 
2200 80 355 0 860 0 0 0 0 0 
2300 71 344 0 885 0 0 0 0 0 
2400 72 333 0 888 0 0 0 0 0 
2500 67 334 0 893 0 0 0 0 0 
2600 63 332 0 901 0 0 0 0 0 
2700 61 333 0 889 0 0 0 0 0 
2800 60 316 0 896 0 0 0 0 0 
2900 62 308 0 911 0 0 0 0 0 
3000 62 301 1 930 0 0 0 0 0 
3100 61 301 1 921 0 0 0 0 0 
3200 61 301 1 929 0 0 0 0 0 
3300 50 301 1 958 0 0 0 0 0 
3400 44 303 5 966 0 0 0 0 0 
3500 42 303 3 963 0 0 0 0 0 
3600 41 293 0 998 0 0 0 0 0 
3700 98 275 0 993 0 0 0 0 0 
3800 163 273 0 1015 0 0 0 0 0 
3900 126 266 0 992 0 0 0 0 0 
4000 120 266 0 998 0 0 0 0 0 
4100 106 267 0 990 0 0 0 0 0 
4200 101 267 0 1010 0 0 0 0 0 
4300 99 268 0 1006 0 0 0 0 0 
4400 95 267 0 994 0 0 0 0 0 
4500 143 226 0 1029 0 0 0 0 0 
4600 237 218 0 1075 0 0 0 0 0 
4700 268 222 0 1091 0 0 0 0 0 
4800 279 215 2 1103 0 0 0 0 0 
4900 304 212 0 1104 0 0 0 0 0 
5000 399 186 0 1141 0 0 0 0 0 
5100 494 185 144 1043 0 2 0 0 0 
5200 522 179 182 1009 0 1 0 0 0 
5300 607 161 190 1076 0 1 0 0 0 
5400 698 163 209 1139 0 3 0 0 0 
5500 759 163 264 1140 0 3 0 0 0 
