# Avida tasks data
# Mon Apr 17 04:20:35 2023
# First column gives the current update, next columns give the number
# of organisms that have the particular task as a component of their merit
#  1: Update
#  2: Not
#  3: Nand
#  4: And
#  5: OrNot
#  6: Or
#  7: AndNot
#  8: Nor
#  9: Xor
# 10: Equals

0 0 0 0 0 0 0 0 0 0 
100 0 0 0 0 0 0 0 0 0 
200 0 0 0 0 0 0 0 0 0 
300 0 0 0 0 0 0 0 0 0 
400 0 0 0 0 0 0 0 0 0 
500 0 0 0 0 0 0 0 0 0 
600 0 0 0 0 0 0 0 0 0 
700 22 0 0 0 0 0 0 0 0 
800 81 0 0 0 0 0 0 0 0 
900 118 2 0 22 0 0 0 0 0 
1000 1573 22 0 1504 0 0 0 0 0 
1100 3654 624 0 3416 2 0 0 0 0 
1200 5254 1820 0 4965 18 2 0 0 0 
1300 6407 2861 511 6165 157 7 0 0 0 
1400 6900 4202 2431 6691 56 31 0 0 0 
1500 7523 5427 4038 7316 32 26 0 0 0 
1600 8295 6755 5482 8110 3 54 0 0 0 
1700 9093 7841 6767 8876 16 50 0 0 0 
1800 9755 8891 8048 9512 5 75 0 0 0 
1900 10404 9870 9174 10165 7 78 0 0 0 
2000 11102 10707 10073 10839 4 97 1 0 0 
2100 11440 11440 10708 11161 18 84 2 0 0 
2200 11665 11844 11106 11408 137 97 2 0 0 
2300 12061 12180 11470 11778 477 84 18 0 0 
2400 12225 12438 11558 11888 1150 91 4 0 0 
2500 12298 12642 11662 12002 2254 98 6 0 0 
2600 12412 12856 11922 12123 3217 64 12 0 0 
2700 12461 13007 12039 12321 4251 71 9 0 0 
2800 12450 13143 12082 12308 5140 50 12 0 0 
2900 12530 13141 12105 12374 6151 205 9 0 0 
3000 12421 13290 12174 12356 7087 898 8 0 0 
3100 12468 13278 12308 12353 7844 1796 10 0 0 
3200 12446 13346 12324 12417 8808 2804 9 0 0 
3300 12487 13348 12244 12349 9366 3835 10 0 0 
3400 12349 12626 12279 12331 9517 4106 14 0 637 
3500 12351 12071 12273 12305 9114 3943 18 0 1028 
3600 12289 11877 12299 12298 8747 3938 19 0 1223 
3700 12126 11839 12284 12277 8552 3942 20 0 1324 
3800 12144 11818 12287 12271 8483 3944 21 0 1405 
3900 12135 11706 12281 12262 8469 3942 20 0 1409 
4000 12114 11658 12281 12261 8457 3944 28 0 1416 
4100 12138 11602 12276 12270 8443 3947 29 0 1456 
4200 12164 11536 12286 12270 8430 3942 24 0 1515 
4300 12134 11543 12269 12256 8432 3946 23 0 1480 
4400 12155 11516 12276 12271 8421 3943 24 0 1488 
4500 12081 11499 12300 12290 8420 3937 21 0 1495 
4600 12143 11490 12285 12277 8419 3939 22 1 1464 
4700 12166 11493 12301 12292 8422 3941 27 0 1486 
4800 12185 11452 12310 12299 8412 3944 36 0 1511 
4900 12228 11443 12307 12290 8413 3937 35 0 1526 
5000 12237 11443 12302 12291 8413 3940 34 0 1524 
5100 12269 11435 12319 12312 8402 3941 34 0 1561 
5200 12295 11410 12316 12304 8400 3944 30 0 1571 
5300 12308 11404 12309 12283 8385 3943 23 0 1567 
5400 12304 11436 12284 12267 8383 3939 25 0 1548 
5500 12265 11456 12297 12260 8367 3941 23 0 1542 
5600 12262 11477 12279 12243 8365 3941 24 0 1527 
5700 12254 11474 12273 12235 8365 3941 23 0 1519 
5800 12255 11477 12274 12238 8364 3941 23 0 1523 
5900 12250 11472 12269 12233 8364 3941 23 0 1517 
6000 12264 11482 12282 12249 8364 3943 24 0 1531 
6100 12265 11484 12273 12239 8364 3943 22 0 1502 
6200 12265 11484 12269 12238 8366 3943 24 0 1513 
6300 12270 11495 12266 12235 8370 3944 23 2 1521 
6400 12268 11497 12268 12236 8370 3943 23 1 1523 
6500 12267 11497 12269 12235 8370 3942 23 0 1523 
6600 12265 11493 12265 12231 8370 3942 23 0 1519 
6700 12272 11499 12267 12232 8370 3942 23 0 1519 
6800 12271 11500 12263 12231 8370 3942 23 0 1518 
6900 12268 11500 12260 12226 8372 3942 23 0 1512 
7000 12272 11507 12267 12235 8371 3942 23 0 1521 
7100 12270 11505 12265 12235 8369 3942 25 0 1520 
7200 12268 11502 12264 12231 8371 3942 24 0 1519 
7300 12268 11504 12264 12232 8370 3942 23 0 1521 
7400 12266 11502 12261 12230 8370 3942 23 0 1520 
7500 12262 11498 12256 12224 8370 3942 23 0 1514 
7600 12267 11512 12260 12221 8370 3942 21 0 1515 
7700 12267 11514 12256 12220 8373 3942 21 0 1512 
7800 12267 11515 12253 12219 8370 3942 21 0 1509 
7900 12277 11531 12262 12233 8367 3942 23 0 1522 
8000 12299 11622 12253 12236 8359 3947 21 0 1529 
8100 12331 11773 12295 12275 8361 3942 26 0 1582 
8200 12317 11833 12268 12249 8358 3947 24 0 1555 
8300 12351 11972 12287 12282 8349 3944 25 0 1596 
8400 12330 12030 12284 12273 8341 3941 30 0 1595 
8500 12325 12053 12246 12247 8344 3949 28 2 1554 
8600 12322 12124 12272 12270 8348 3947 24 0 1593 
8700 12366 12201 12300 12294 8344 3944 26 2 1633 
8800 12380 12237 12283 12284 8328 3945 24 1 1633 
8900 12364 12274 12272 12266 8320 3941 20 0 1632 
9000 12356 12275 12240 12233 8302 3940 22 0 1631 
9100 12356 12269 12225 12227 8291 3943 23 0 1675 
9200 12333 12270 12222 12212 8292 3940 21 0 1662 
9300 12347 12293 12237 12224 8290 3945 18 0 1689 
9400 12330 12318 12273 12237 8279 3944 16 0 1751 
9500 12320 12308 12239 12215 8270 3948 15 0 1751 
9600 12315 12320 12240 12203 8258 3946 20 0 1778 
9700 12304 12326 12240 12209 8252 3946 17 0 1824 
9800 12329 12344 12254 12209 8255 3949 15 0 1882 
9900 12315 12335 12249 12209 8262 3942 24 0 1912 
10000 12315 12341 12239 12179 8244 3946 15 2 1947 
