# Avida tasks data
# Mon Apr 17 08:39:41 2023
# First column gives the current update, next columns give the number
# of organisms that have the particular task as a component of their merit
#  1: Update
#  2: Not
#  3: Nand
#  4: And
#  5: OrNot
#  6: Or
#  7: AndNot
#  8: Nor
#  9: Xor
# 10: Equals

0 0 0 0 0 0 0 0 0 0 
100 0 0 0 0 0 0 0 0 0 
200 0 0 0 0 0 0 0 0 0 
300 0 0 0 0 0 0 0 0 0 
400 0 0 0 0 0 0 0 0 0 
500 11 406 0 0 0 0 0 0 0 
600 1759 2243 1 1733 10 0 0 0 0 
700 3945 4238 1 3935 25 0 0 0 0 
800 6215 6348 0 6245 57 0 0 0 0 
900 8900 8831 135 8827 57 0 0 0 0 
1000 10631 10560 1625 10653 90 11 0 0 0 
1100 11396 11298 3060 11374 72 37 2 0 0 
1200 11947 11807 4476 12007 89 77 0 0 0 
1300 12540 12286 5895 12513 83 82 1 0 0 
1400 13209 12870 7411 13113 68 103 3 0 0 
1500 13409 13115 8617 13322 93 202 1 0 0 
1600 13379 13177 9564 13381 76 347 5 0 0 
1700 13378 13142 10220 13406 85 520 3 0 0 
1800 13412 13143 10806 13395 75 726 1 0 0 
1900 13436 13174 11317 13362 60 1009 0 0 0 
2000 13460 13199 11474 13445 71 1339 3 0 0 
2100 13436 13072 11452 13362 87 1767 1 0 0 
2200 13429 13081 11692 13372 83 2284 2 0 0 
2300 13364 13094 11819 13362 81 2708 12 0 0 
2400 13360 13113 11952 13343 69 3185 5 0 0 
2500 13441 13141 11940 13399 68 3725 0 0 0 
2600 13408 12982 11880 13326 107 4207 4 0 0 
2700 13458 13067 12007 13384 59 4769 4 0 0 
2800 13372 13038 11863 13407 75 5312 2 0 0 
2900 13372 13101 11945 13386 71 5766 2 0 0 
3000 13407 13046 11891 13382 76 6427 2 0 0 
3100 13436 13037 11872 13389 97 7104 8 0 0 
3200 13464 13055 11944 13385 86 7623 5 0 0 
3300 13400 12987 11857 13353 75 8230 0 0 0 
3400 13434 13014 11861 13377 92 8779 3 0 0 
3500 13482 13096 11984 13437 68 9305 1 0 0 
3600 13384 12928 11892 13376 119 9635 6 0 0 
3700 13378 13001 11901 13397 88 10189 4 0 0 
3800 13473 12998 11973 13428 75 10538 4 0 0 
3900 13470 12945 11887 13402 71 10973 7 0 0 
4000 13505 12963 11947 13413 84 11206 5 0 0 
4100 13466 12977 11894 13425 74 11343 1 0 0 
4200 13443 12892 11907 13368 66 11556 5 0 0 
4300 13508 12916 11990 13367 83 11816 4 0 0 
4400 13457 12991 12006 13452 63 11961 6 0 0 
4500 13509 12943 11995 13430 71 12011 6 0 0 
4600 13445 12946 11967 13447 72 12155 2 0 0 
4700 13472 12983 11938 13468 73 12248 4 0 0 
4800 13454 12974 12027 13443 75 12338 1 0 0 
4900 13480 12943 12082 13441 73 12436 5 0 0 
5000 13452 12919 12015 13399 68 12348 10 0 0 
5100 13474 12931 12024 13454 85 12446 6 0 0 
5200 13581 13039 12133 13468 61 12336 1 0 0 
5300 13498 13012 12129 13420 66 12443 2 0 0 
5400 13486 13101 12198 13497 75 12402 7 0 0 
5500 13430 12952 12017 13444 81 12348 3 0 0 
5600 13480 13000 12101 13425 67 12431 7 0 0 
5700 13552 12960 12036 13506 74 12401 3 0 0 
5800 13541 12986 12127 13459 78 12444 5 0 0 
5900 13521 12962 12102 13457 79 12429 3 0 0 
6000 13429 12893 11968 13435 83 12395 3 0 0 
6100 13541 13003 12176 13492 67 12433 4 0 0 
6200 13510 13010 12186 13513 62 12525 4 0 0 
6300 13519 13039 12233 13521 49 12498 4 0 0 
6400 13516 13007 12136 13512 67 12511 6 0 0 
6500 13521 12928 12106 13475 70 12474 2 0 0 
6600 13524 12988 12248 13512 59 12423 4 0 0 
6700 13534 13120 12281 13546 73 12558 7 0 0 
6800 13512 12964 12123 13438 73 12386 15 0 0 
6900 13531 12958 12154 13454 58 12446 4 0 0 
7000 13526 13022 12234 13511 70 12449 7 0 0 
7100 13541 13005 12205 13521 61 12385 11 0 0 
7200 13569 13042 12248 13576 64 12538 7 0 0 
7300 13573 13120 12369 13589 65 12635 5 0 0 
7400 13568 13078 12167 13536 66 12517 3 0 55 
7500 13593 13137 12079 13592 65 12478 12 0 315 
7600 13559 13119 11438 13467 70 12357 15 0 967 
7700 13620 13156 11850 13338 65 10578 21 0 2325 
7800 13634 13269 12388 13241 54 8694 21 0 3996 
7900 13561 13249 12410 13098 50 6769 31 0 5808 
8000 13604 13388 12520 13053 62 5087 215 0 7509 
8100 13671 13376 12440 12942 68 3774 1049 0 8795 
8200 13688 13475 12476 12915 60 2771 2344 0 9732 
8300 13541 13464 12425 12903 75 2528 2212 0 9951 
8400 12793 13462 12022 12951 73 2530 2190 0 9950 
8500 12761 13432 11537 12944 71 2525 2161 0 9923 
8600 12298 13439 11300 12949 71 2521 2045 0 9919 
8700 12159 13452 11188 12956 73 2520 2040 0 9926 
8800 12387 13457 11181 12975 72 2522 2041 0 9941 
8900 12487 13449 11156 12970 75 2521 2022 4 9925 
