# Avida tasks data
# Mon Apr 17 07:09:56 2023
# First column gives the current update, next columns give the number
# of organisms that have the particular task as a component of their merit
#  1: Update
#  2: Not
#  3: Nand
#  4: And
#  5: OrNot
#  6: Or
#  7: AndNot
#  8: Nor
#  9: Xor
# 10: Equals

0 0 0 0 0 0 0 0 0 0 
100 0 0 0 0 0 0 0 0 0 
200 0 0 0 0 0 0 0 0 0 
300 0 0 0 0 0 0 0 0 0 
400 0 0 0 0 0 0 0 0 0 
500 0 0 0 0 0 0 0 0 0 
600 0 0 0 0 0 0 0 0 0 
700 0 0 0 0 0 0 0 0 0 
800 392 0 0 0 0 0 0 0 0 
900 2385 6 0 1 0 0 0 0 0 
1000 4055 22 0 7 0 0 0 0 0 
1100 5006 21 0 12 812 0 0 0 0 
1200 5553 17 0 21 1293 0 0 0 0 
1300 6710 20 0 50 2813 0 0 0 0 
1400 8682 21 0 83 4905 0 0 0 0 
1500 9486 20 0 79 5824 0 0 0 0 
1600 10327 25 0 104 6776 0 0 0 0 
1700 10500 20 0 106 7061 1 0 0 0 
1800 10659 25 0 99 7122 0 0 0 0 
1900 11049 28 0 94 7422 0 0 0 0 
2000 11245 27 0 102 7574 0 0 0 0 
2100 11488 812 0 129 7715 2 0 0 0 
2200 11541 1728 2 143 7696 2 0 0 0 
2300 11541 1728 2 143 7696 2 0 0 0 
2400 11541 1727 2 143 7696 2 0 0 0 
2500 11539 1728 2 143 7695 2 0 0 0 
2600 11539 1728 2 143 7695 2 0 0 0 
2700 11539 1728 2 143 7695 2 0 0 0 
2800 11561 2110 2 145 7662 2 0 0 0 
2900 11576 2396 2 162 7611 8 0 0 0 
3000 11665 3278 2 162 7744 56 0 0 0 
3100 11728 3163 10 169 7155 909 0 0 0 
3200 11808 3157 19 162 6925 1274 0 0 0 
3300 11913 3153 17 168 6832 1538 0 0 0 
3400 11986 3152 22 161 6781 1789 0 0 0 
3500 12010 3155 22 164 6703 1913 0 0 0 
3600 12035 3155 25 160 6677 1962 0 0 0 
3700 12076 3156 29 154 6453 2249 0 0 0 
3800 12191 3162 26 173 6399 2414 0 0 0 
3900 12393 3423 24 178 6397 2704 0 0 0 
4000 12398 3421 25 177 6397 2717 0 0 0 
4100 12398 3421 25 176 6397 2717 0 0 0 
4200 12496 3257 34 186 6387 2901 0 0 0 
4300 12553 3204 36 182 6387 3134 0 0 0 
4400 12546 3204 42 211 6386 3130 0 0 0 
4500 12538 3204 42 210 6386 3121 0 0 0 
4600 12536 3204 42 210 6386 3120 0 0 0 
4700 12535 3204 42 210 6386 3119 0 0 0 
4800 12590 3188 44 179 6318 3264 0 0 0 
4900 12638 3135 53 172 6218 3697 0 0 0 
5000 12647 3129 66 181 6172 3972 1 0 0 
5100 12738 3102 61 185 6075 4511 0 0 0 
5200 12799 3102 71 200 6064 4656 0 0 0 
5300 12797 3101 68 200 6064 4651 0 0 0 
5400 12787 3101 67 204 6064 4644 0 0 0 
5500 12856 3105 72 195 6054 4720 0 0 0 
5600 12891 3104 67 195 5875 4948 0 0 0 
5700 12948 3104 62 237 6028 5279 0 0 0 
5800 12984 3494 62 232 6215 5581 2 0 0 
5900 13007 3987 60 244 6343 5839 1 0 0 
