# Avida tasks data
# Mon Apr 17 08:04:23 2023
# First column gives the current update, next columns give the number
# of organisms that have the particular task as a component of their merit
#  1: Update
#  2: Not
#  3: Nand
#  4: And
#  5: OrNot
#  6: Or
#  7: AndNot
#  8: Nor
#  9: Xor
# 10: Equals

0 0 0 0 0 0 0 0 0 0 
100 0 0 0 0 0 0 0 0 0 
200 0 0 0 0 0 0 0 0 0 
300 0 118 0 3 0 0 0 0 0 
400 10 1060 0 10 0 0 0 0 0 
500 107 2276 0 378 0 0 0 0 0 
600 2574 4615 5 1055 6 0 0 0 0 
700 5042 6654 15 2910 17 1 0 0 0 
800 7401 8652 10 4923 27 1 0 0 0 
900 9460 10410 12 6843 46 1 0 0 0 
1000 10454 11139 123 7999 61 0 0 0 0 
1100 11133 11586 591 8949 58 25 0 0 0 
1200 11601 11713 1291 9812 53 35 1 0 0 
1300 12027 11907 2179 10759 49 107 2 0 0 
1400 12343 11958 3030 11328 82 248 3 0 0 
1500 12551 12094 3996 11720 110 435 8 0 0 
1600 12608 12055 4715 11915 82 755 2 0 0 
1700 12783 12152 5474 12091 126 1001 1 0 0 
1800 12836 12149 6315 12303 125 1345 1 0 0 
1900 13018 12169 7036 12339 142 1801 3 0 0 
2000 13028 12148 7623 12378 229 2193 0 0 0 
2100 12995 12196 8258 12513 206 2502 0 0 0 
2200 13036 12229 8764 12514 216 2983 0 0 0 
2300 13115 12218 9185 12545 312 3573 0 0 0 
2400 13044 12261 9608 12394 367 4066 0 0 0 
2500 13081 12141 9873 12410 456 4706 2 0 0 
2600 13058 12223 10221 12462 737 5336 8 0 0 
2700 13072 12224 10492 12384 911 5824 16 0 0 
2800 13045 12188 10610 12405 1149 6324 13 0 0 
2900 13084 12256 10855 12466 1393 6719 13 1 0 
3000 13122 12334 11034 12498 1659 7104 4 0 0 
3100 13023 12341 11180 12460 1985 7429 5 0 0 
3200 13119 12322 11224 12563 2366 7636 2 1 0 
3300 13150 12334 11336 12560 2696 7838 2 0 0 
3400 13123 12316 11418 12573 3044 8289 1 0 0 
3500 13185 12308 11341 12479 3360 8393 3 4 0 
3600 13128 12398 11464 12543 3895 8736 6 3 0 
3700 13067 12343 11421 12589 4309 8940 6 3 0 
3800 13101 12394 11430 12500 4649 9103 0 1 0 
3900 13220 12343 11392 12534 5048 9250 8 0 0 
4000 13072 12392 11378 12524 5493 9418 10 3 0 
4100 13131 12356 11417 12482 5997 9662 15 0 0 
4200 13120 12416 11447 12460 6476 9856 10 7 0 
4300 13077 12436 11604 12664 6839 10024 6 63 0 
4400 13150 12464 11627 12680 7371 9940 83 194 0 
4500 13236 12475 11703 12664 7785 9746 258 364 5 
4600 13004 12415 11633 12582 7850 9398 605 550 14 
4700 13076 12384 11524 12680 8083 9188 714 655 291 
4800 13033 12458 11589 12667 7994 9077 409 731 1292 
4900 13104 12458 11450 12575 7926 9137 255 736 2016 
5000 13129 12439 11529 12616 8005 9174 212 761 2638 
5100 13114 12388 11388 12566 8062 9053 144 772 3141 
5200 13107 12401 11467 12618 8175 9195 111 757 3704 
5300 13123 12308 11366 12536 8184 9275 107 689 4203 
5400 13143 12234 11253 12468 8242 9311 97 639 4548 
5500 13117 12246 11374 12484 8501 9498 76 603 5176 
5600 13166 12226 11273 12385 8609 9584 60 543 5553 
5700 13136 12277 11269 12445 8057 9838 58 495 5894 
5800 13115 12317 11372 12461 7168 10043 24 494 6482 
5900 13138 12261 11399 12446 6383 10157 16 488 6920 
6000 13142 12285 11415 12540 5725 10211 11 482 7332 
6100 13164 12206 11399 12512 5168 10153 11 474 7564 
6200 13131 12175 11304 12422 4531 10177 19 468 7790 
6300 13105 12118 11337 12456 4025 10237 9 462 8158 
6400 13177 12059 11285 12440 3378 10247 14 455 8420 
6500 13152 12046 11325 12501 2850 10319 17 446 8758 
6600 13120 12028 11347 12487 2790 10295 16 446 8822 
6700 13131 12041 11309 12506 2234 10340 14 445 9012 
6800 13067 11890 11227 12383 1887 10322 11 429 9189 
6900 13068 12011 11306 12363 1490 10406 17 411 9526 
7000 13117 11987 11326 12441 1374 10418 10 397 9555 
7100 13163 12054 11465 12552 1113 10612 16 356 9829 
7200 13135 12076 11405 12536 888 10614 18 315 9904 
7300 12680 12079 11381 12565 852 10632 19 280 9983 
7400 12970 12034 11401 12549 1578 10649 16 273 10002 
7500 13023 12000 11385 12510 2006 10671 16 239 10026 
7600 13025 12026 11333 12496 2472 10803 20 147 10101 
7700 13024 12012 10588 12492 2974 10934 21 22 10241 
7800 13001 11981 9715 12470 3471 10963 21 0 10314 
7900 12983 12076 8949 12452 4003 11012 32 2 10412 
8000 13006 11991 8248 12409 4337 10933 30 0 10338 
8100 12968 12024 7715 12425 4624 10994 35 0 10394 
8200 12926 12033 7274 12436 4894 10968 30 2 10408 
8300 12913 12005 6794 12534 5247 10998 54 2 10442 
8400 12954 12100 6433 12506 5685 11005 35 2 10480 
8500 12929 12129 6122 12471 6035 11016 31 2 10509 
8600 12945 12102 6009 12499 6042 11033 27 1 10456 
8700 12953 12154 5908 12545 5999 11031 166 0 10472 
8800 12972 12137 5797 12534 5783 11017 438 4 10470 
8900 12937 12135 5701 12506 5758 11031 659 1 10481 
9000 12956 12122 5577 12517 5890 11057 824 0 10496 
9100 12952 12126 5436 12512 5990 11051 815 0 10506 
9200 12938 12137 5358 12512 6197 11059 934 1 10484 
9300 12896 12149 5280 12496 6217 11025 983 2 10483 
9400 12854 12197 5234 12494 6287 11076 978 1 10505 
9500 12867 12133 5157 12461 6268 11028 1000 2 10445 
9600 12905 12127 5066 12449 6385 11032 1109 2 10466 
9700 12909 12196 5055 12541 6491 11039 1222 0 10481 
9800 12837 12109 5105 12454 6428 10957 1274 1 10392 
9900 12826 12090 5141 12438 6426 10959 1401 0 10371 
10000 12805 12125 5200 12458 6532 10999 1588 3 10413 
