# Avida tasks data
# Mon Apr 17 05:52:09 2023
# First column gives the current update, next columns give the number
# of organisms that have the particular task as a component of their merit
#  1: Update
#  2: Not
#  3: Nand
#  4: And
#  5: OrNot
#  6: Or
#  7: AndNot
#  8: Nor
#  9: Xor
# 10: Equals

0 0 0 0 0 0 0 0 0 0 
100 0 0 0 0 0 0 0 0 0 
200 0 0 0 0 0 0 0 0 0 
300 0 0 0 0 0 0 0 0 0 
400 0 0 0 0 0 0 0 0 0 
500 0 0 0 0 0 0 0 0 0 
600 0 0 0 0 0 0 0 0 0 
700 0 0 0 0 0 0 0 0 0 
800 0 0 0 0 0 0 0 0 0 
900 0 35 0 0 0 0 0 0 0 
1000 1320 1340 0 1374 5 0 0 0 0 
1100 3013 3035 0 3015 723 50 0 0 0 
1200 4535 4534 4 4619 2436 633 0 0 0 
1300 6156 5519 15 6158 3861 1755 0 0 0 
1400 7167 5356 95 7194 4720 3222 2 0 0 
1500 7946 5026 995 8027 5490 4072 2 0 0 
1600 9022 6042 2744 9141 6668 6214 28 0 0 
1700 9853 7250 3878 10073 7395 7431 46 1 0 
1800 10520 8378 5174 10741 7992 8256 67 0 0 
1900 10993 9220 6309 11303 8551 8814 79 0 2 
2000 11499 10095 7307 11886 9110 9333 96 0 0 
2100 12117 10825 8237 12445 9721 9947 95 0 0 
2200 12477 11443 9124 12814 10127 10236 152 0 0 
2300 12621 11739 9642 12998 10486 10478 211 0 1 
2400 12791 11814 9872 13148 10675 10670 351 0 0 
2500 12861 11888 10117 13305 10817 10750 507 0 0 
2600 13029 12058 10415 13346 10974 10882 747 0 1 
2700 13071 12196 10759 13433 11298 11031 1019 1 0 
2800 13170 12225 10877 13531 11483 11131 1360 0 0 
2900 13115 12301 10963 13543 11592 11158 1741 0 0 
3000 13220 12265 11112 13579 11784 11149 2100 0 0 
3100 13184 12208 10955 13529 11553 11139 2618 0 0 
3200 13241 12232 11014 13503 11648 11203 3183 0 0 
3300 13277 12242 10979 13496 11624 11167 3660 0 0 
3400 13312 12345 11183 13527 11611 11254 4244 0 0 
3500 13293 12299 11051 13543 11553 11150 4666 0 0 
3600 13334 12331 11077 13495 11501 11208 5199 0 0 
3700 13317 12219 11080 13520 11517 11255 5818 0 0 
3800 13256 12225 11010 13437 11497 11166 6379 0 0 
3900 13287 12325 11149 13487 11430 11236 6833 0 0 
4000 13251 12384 11182 13438 11564 11397 7385 0 0 
4100 13281 12409 11277 13431 11579 11450 7818 0 0 
4200 13273 12323 11164 13368 11481 11326 8173 0 0 
4300 13328 12340 11115 13366 11445 11351 8642 0 0 
4400 13242 12443 11236 13467 11610 11491 9070 0 0 
4500 13272 12395 11173 13407 11574 11350 9147 0 0 
4600 13102 12449 11202 13417 11455 11476 9338 0 0 
4700 13177 12442 11227 13448 11552 11498 9611 0 0 
4800 13154 12377 11069 13409 11474 11348 9607 0 0 
4900 13217 12406 11238 13408 11555 11460 9897 0 0 
5000 13169 12385 11078 13303 11329 11401 9889 0 0 
5100 13170 12273 11166 13234 11341 11403 10128 0 0 
5200 13203 12389 11118 13258 11438 11329 10226 0 0 
5300 13175 12393 11235 13283 11503 11461 10309 0 0 
5400 13211 12382 11254 13306 11593 11450 10396 0 1 
5500 13146 12410 11228 13314 11562 11437 10375 0 0 
5600 13191 12511 11353 13276 11534 11515 10494 0 0 
5700 13167 12434 11313 13304 11599 11450 10456 0 0 
5800 13169 12324 11155 13254 11456 11370 10285 0 0 
5900 13223 12416 11197 13267 11487 11421 10417 0 0 
6000 13207 12417 11205 13289 11465 11375 10369 0 0 
6100 13271 12493 11280 13291 11609 11436 10549 0 0 
6200 13209 12470 11221 13233 11580 11374 10378 0 0 
6300 13149 12402 11107 13306 11440 11391 10331 0 0 
6400 13254 12462 11361 13271 11655 11463 10574 0 0 
6500 13227 12433 11229 13281 11566 11441 10446 0 0 
6600 13204 12583 11261 13268 11592 11533 10554 0 2 
6700 13220 12531 11336 13285 11673 11530 10656 0 0 
6800 13216 12501 11308 13160 11631 11512 10588 0 0 
6900 13248 12447 11287 13113 11592 11438 10576 0 0 
7000 13230 12455 11344 13184 11624 11497 10610 0 1 
7100 13227 12479 11311 13143 11669 11563 10453 0 0 
7200 13223 12444 11237 13143 11592 11400 10420 0 0 
7300 13253 12537 11283 13215 11671 11542 10487 0 0 
7400 13283 12527 11370 13189 11624 11528 10544 0 0 
7500 13380 12520 11455 13136 11753 11525 10705 0 0 
7600 13380 12546 11335 13169 11788 11439 10574 0 1 
7700 13314 12395 11379 13100 11742 11464 10526 0 7 
7800 13331 12521 11434 13142 11744 11558 10505 0 30 
7900 13355 12459 11424 13086 11675 11469 10567 0 58 
8000 13350 12492 11414 13084 11664 11506 10523 0 101 
8100 13317 12445 11334 13015 11466 11482 10398 0 151 
8200 13327 12416 11433 13015 11463 11541 10421 0 215 
8300 13256 12401 11334 13034 11297 11511 10233 0 318 
8400 13333 12503 11435 13001 11144 11541 10180 0 442 
8500 13339 12417 11435 12929 10953 11531 9999 0 686 
8600 13315 12450 11394 12977 11181 11529 9221 0 1284 
8700 13243 12344 11176 12985 11502 11289 7907 1 2279 
8800 13291 12440 11248 12998 11462 11407 6895 8 3160 
8900 13298 12438 11236 13020 11433 11371 6231 3 3698 
9000 13335 12500 11307 13042 11458 11455 6096 4 3931 
9100 13338 12489 11111 13049 11429 11273 5748 8 4243 
9200 13264 12554 10595 13058 10736 11467 5746 5 4261 
9300 13243 12640 10035 13072 10174 11567 5642 24 4446 
9400 13180 12677 10418 13066 9788 11577 5562 15 4468 
9500 13125 12710 10600 13054 9477 11592 5499 28 4530 
9600 13092 12767 10803 13044 9134 11627 5416 22 4624 
9700 13101 12810 10854 13047 8838 11650 5335 24 4727 
9800 13108 12882 10403 13063 8722 11756 5329 24 4851 
9900 13112 12916 10479 13075 8721 11807 5251 27 4978 
10000 13088 12931 10303 13082 8499 11754 5196 28 5023 
