# Avida tasks data
# Mon Apr 17 04:57:43 2023
# First column gives the current update, next columns give the number
# of organisms that have the particular task as a component of their merit
#  1: Update
#  2: Not
#  3: Nand
#  4: And
#  5: OrNot
#  6: Or
#  7: AndNot
#  8: Nor
#  9: Xor
# 10: Equals

0 0 0 0 0 0 0 0 0 0 
100 0 0 0 0 0 0 0 0 0 
200 0 0 0 0 0 0 0 0 0 
300 0 0 0 0 0 0 0 0 0 
400 0 0 0 0 0 0 0 0 0 
500 0 0 0 0 0 0 0 0 0 
600 0 0 0 0 0 0 0 0 0 
700 6 559 0 0 0 0 0 0 0 
800 105 1836 0 10 0 0 0 0 0 
900 1848 3922 0 46 0 0 0 0 0 
1000 4048 5446 10 107 2 0 0 0 0 
1100 5741 6604 4 133 12 5 0 0 0 
1200 7031 7616 3 326 15 29 0 0 0 
1300 7729 8026 7 645 561 1060 3 0 0 
1400 7689 8503 17 695 2314 2434 0 0 0 
1500 7934 8784 47 1403 3631 4004 0 0 0 
1600 8104 9176 28 2749 4803 5288 0 0 0 
1700 8452 9655 50 3901 5854 6533 0 0 0 
1800 8807 10155 57 5069 6769 7476 3 0 0 
1900 9474 10788 63 6255 7717 8583 1 0 0 
2000 9823 11256 64 7106 8262 9271 0 0 0 
2100 10427 11863 67 8053 8937 9971 0 0 0 
2200 10849 12210 67 8895 9453 10527 3 0 0 
2300 11050 12563 92 9338 9923 11044 0 0 0 
2400 11167 12661 95 9518 9981 11165 6 0 583 
2500 11329 12731 123 8326 10249 11352 38 0 2108 
2600 11165 12738 166 7293 10278 11481 45 2 3367 
2700 11352 12862 195 6282 10337 11565 57 1 4640 
2800 11231 12809 206 5802 10337 11535 79 0 5714 
2900 11377 12914 210 5562 10380 11761 54 0 6614 
3000 11577 12944 212 5465 10590 11859 74 1 7578 
3100 11447 13005 223 5715 10564 11868 82 1 8114 
3200 11639 13008 195 6098 10635 11951 87 0 8608 
3300 11864 13103 198 6458 10627 12059 88 0 9018 
3400 11798 13082 220 6912 10366 12043 67 0 9216 
3500 11870 13059 220 7313 10223 12113 89 0 9663 
3600 11852 13151 273 7934 9806 12051 87 0 9840 
3700 11895 13201 232 8329 9533 12110 84 0 10117 
3800 11826 13239 273 8869 9003 12020 83 0 10025 
3900 11781 13182 288 9205 8856 11996 75 0 9993 
4000 11876 13236 264 9345 9830 12078 77 0 10035 
4100 11830 13195 291 9500 10315 12010 77 0 10008 
4200 11800 13186 258 9606 10452 11924 88 1 9985 
4300 11691 13234 280 9805 10592 11883 72 0 10022 
4400 11824 13295 245 10389 10699 12049 51 0 10046 
4500 11963 13303 253 10738 10754 11973 40 0 10160 
4600 11928 13301 280 11092 10676 11943 43 0 10138 
4700 11976 13290 241 11504 10796 11960 62 2 10209 
4800 12037 13339 261 11820 10768 11997 43 2 10275 
4900 11963 13280 279 12146 10694 11857 30 2 10165 
5000 11973 13302 294 12360 10723 11925 41 1 10216 
5100 11968 13405 293 12588 10885 11900 38 0 10320 
5200 12091 13373 243 12760 10824 11992 47 1 10330 
5300 12010 13363 280 12774 10915 11951 59 1 10322 
5400 11978 13274 266 12890 10876 11965 38 0 10323 
5500 12067 13393 284 12902 10937 11997 37 2 10404 
5600 12060 13399 254 12907 10815 11983 46 2 10276 
5700 12085 13382 268 12822 10920 11935 40 0 10419 
5800 12100 13338 306 12810 10971 12106 36 0 10427 
5900 12001 13360 295 12824 10803 11916 46 0 10220 
6000 12156 13343 277 12847 10962 11996 58 0 10438 
6100 12094 13354 276 12910 10879 12022 39 0 10394 
6200 12117 13344 278 12894 10876 11991 41 0 10378 
6300 12118 13338 287 12892 10859 11981 39 0 10374 
6400 12112 13354 284 12892 10859 11997 38 0 10380 
6500 12099 13348 284 12882 10851 11982 38 0 10360 
6600 12097 13339 283 12879 10853 11985 36 0 10365 
6700 12099 13341 287 12879 10859 11985 36 0 10366 
6800 12051 13368 272 12880 10802 11849 38 0 10313 
6900 12121 13415 249 12883 10880 11902 31 0 10332 
7000 12036 13340 268 12935 10846 12015 35 1 10477 
7100 12114 13348 253 12886 10942 12038 49 0 10502 
7200 12202 13343 263 12784 10789 12184 19 0 10573 
7300 12057 13265 261 12757 10535 11970 37 0 10376 
7400 11957 13280 258 12724 10744 11937 42 0 10298 
7500 12061 13211 236 12787 10819 11880 60 1 10379 
7600 12053 13170 225 12809 10793 11850 62 1 10410 
7700 12092 13170 251 12690 10696 11846 60 0 10405 
7800 12111 13201 246 12701 10755 11907 63 2 10441 
7900 11961 13131 226 12600 10679 11832 63 0 10388 
8000 11995 13145 210 12657 10629 11848 51 2 10368 
8100 11962 13127 238 12714 10541 11829 60 3 10368 
8200 11962 13127 238 12714 10541 11829 60 3 10368 
8300 11963 13128 238 12715 10542 11830 60 3 10369 
8400 11963 13128 238 12715 10542 11830 60 3 10369 
8500 11962 13127 238 12714 10541 11829 60 3 10368 
8600 11962 13127 238 12714 10541 11829 60 3 10368 
8700 11963 13128 238 12715 10542 11830 60 3 10369 
8800 11962 13127 238 12714 10541 11829 60 3 10368 
8900 11962 13127 238 12714 10541 11829 60 3 10368 
9000 11960 13127 238 12714 10539 11829 60 3 10366 
9100 11962 13128 238 12715 10540 11830 60 3 10367 
9200 11961 13125 238 12714 10538 11830 60 3 10365 
9300 11960 13125 238 12714 10536 11827 60 3 10363 
9400 11962 13126 238 12715 10536 11829 60 3 10365 
9500 11962 13126 238 12715 10536 11829 60 3 10365 
9600 11961 13126 238 12715 10534 11828 60 3 10364 
9700 11961 13126 238 12715 10534 11828 60 3 10364 
9800 11961 13126 238 12715 10534 11828 60 3 10364 
9900 11962 13127 238 12716 10535 11829 60 3 10365 
10000 11961 13126 238 12715 10534 11828 60 3 10364 
