# Avida tasks data
# Mon Apr 17 05:10:16 2023
# First column gives the current update, next columns give the number
# of organisms that have the particular task as a component of their merit
#  1: Update
#  2: Not
#  3: Nand
#  4: And
#  5: OrNot
#  6: Or
#  7: AndNot
#  8: Nor
#  9: Xor
# 10: Equals

0 0 0 0 0 0 0 0 0 0 
100 0 0 0 0 0 0 0 0 0 
200 0 0 0 0 0 0 0 0 0 
300 0 0 0 0 0 0 0 0 0 
400 0 0 0 0 0 0 0 0 0 
500 0 0 0 0 0 0 0 0 0 
600 39 0 0 0 0 0 0 0 0 
700 1377 25 0 0 0 0 0 0 0 
800 4712 31 0 7 0 0 0 0 0 
900 7957 277 0 19 1 0 0 0 0 
1000 10052 456 0 28 4 0 0 0 0 
1100 10468 583 0 39 3 0 0 0 0 
1200 10577 1752 5 49 3 21 0 0 0 
1300 10607 2254 416 52 0 7 0 0 0 
1400 10619 2452 851 56 0 17 0 0 0 
1500 10605 2426 990 286 0 223 0 0 0 
1600 10642 2295 872 780 0 686 1 0 0 
1700 10668 2547 1086 803 0 707 0 0 0 
1800 10735 2918 1433 698 0 605 0 0 0 
1900 11097 3340 1813 709 0 611 0 0 0 
2000 11219 3512 1959 712 0 612 0 0 0 
2100 11299 3730 1884 724 0 613 0 0 0 
2200 11363 3802 1470 738 0 611 0 0 0 
2300 11460 3907 1279 710 0 605 0 0 0 
2400 11549 4018 1105 717 0 599 0 0 0 
2500 11717 4255 1001 717 0 587 0 0 0 
