# Avida tasks data
# Mon Apr 17 06:53:55 2023
# First column gives the current update, next columns give the number
# of organisms that have the particular task as a component of their merit
#  1: Update
#  2: Not
#  3: Nand
#  4: And
#  5: OrNot
#  6: Or
#  7: AndNot
#  8: Nor
#  9: Xor
# 10: Equals

0 0 0 0 0 0 0 0 0 0 
100 0 0 0 0 0 0 0 0 0 
200 0 0 0 0 0 0 0 0 0 
300 0 0 0 0 0 0 0 0 0 
400 0 0 0 0 0 0 0 0 0 
500 0 0 0 0 0 0 0 0 0 
600 0 1 0 0 0 0 0 0 0 
700 471 0 0 0 0 0 0 0 0 
800 2525 1 0 0 0 0 0 0 0 
900 5263 223 0 11 0 0 0 0 0 
1000 6759 1217 1 33 0 674 3 0 0 
1100 7278 2407 12 952 12 2182 21 0 0 
1200 7631 3694 51 3089 2310 3342 27 0 0 
1300 8099 5329 87 4959 3784 4492 62 0 0 
1400 8603 6803 113 6565 5059 5501 63 0 0 
1500 9174 8225 129 7993 6279 6538 74 0 0 
1600 9599 9428 156 9219 7139 7264 71 0 0 
1700 10146 10470 149 10251 8159 8227 66 0 0 
1800 10581 11377 142 11233 8824 8916 96 0 0 
1900 10795 11967 169 11685 9278 9375 100 0 0 
2000 11095 12459 146 12252 9726 9780 82 0 0 
2100 11332 12804 147 12594 10132 10162 92 0 0 
2200 11467 13066 179 12815 10236 10329 107 0 0 
2300 11607 13278 166 13065 10332 10413 88 0 0 
2400 11651 13330 179 13059 10470 10582 102 0 0 
2500 11731 13554 187 13329 10621 10708 88 0 0 
2600 11874 13664 173 13405 10717 10815 96 0 0 
2700 11724 13655 223 13452 10640 10716 91 0 0 
2800 11792 13629 164 13343 10736 10793 71 0 0 
2900 11900 13606 196 13367 10745 10801 84 0 0 
3000 11750 13634 218 13344 10667 10722 119 0 0 
3100 11948 13597 270 13320 10748 10837 103 0 0 
3200 11912 13563 418 13293 10678 10737 129 0 0 
3300 11931 13632 680 13308 10834 10945 115 0 0 
3400 11823 13624 1005 13262 10691 10849 138 0 0 
3500 11896 13611 1295 13355 10775 10882 133 0 0 
3600 11802 13691 1894 13368 10658 10809 117 0 0 
3700 11845 13642 2407 13337 10806 10895 102 0 0 
3800 11821 13600 2977 13304 10736 10856 131 0 0 
3900 11798 13633 3838 13358 10749 10822 127 0 0 
4000 11713 13554 4342 13263 10616 10719 130 0 0 
4100 11767 13633 4994 13328 10692 10827 111 0 0 
4200 11869 13655 5598 13314 10791 10884 114 0 0 
4300 11785 13640 6165 13324 10696 10856 148 0 0 
4400 11656 13554 6651 13300 10588 10699 120 0 0 
4500 11593 13539 7285 13285 10554 10643 136 0 0 
4600 11628 13535 7771 13275 10647 10722 121 0 0 
4700 11797 13557 8157 13363 10672 10762 101 0 0 
4800 11757 13593 8801 13370 10747 10814 115 0 0 
4900 11796 13534 9073 13412 10754 10878 122 0 0 
5000 11866 13603 9553 13426 10798 10874 119 0 0 
5100 11792 13519 9857 13379 10753 10851 137 0 0 
5200 11698 13521 9950 13380 10641 10737 129 0 0 
5300 11834 13565 10256 13342 10704 10833 174 0 0 
5400 11729 13536 10251 13325 10637 10798 132 0 0 
5500 11825 13556 10619 13332 10811 10924 117 0 0 
5600 11800 13532 10673 13367 10651 10798 117 0 0 
5700 11861 13538 10722 13330 10729 10898 117 0 0 
5800 11815 13629 10962 13380 10715 10789 114 0 0 
5900 11805 13514 10848 13370 10719 10804 116 0 0 
6000 11741 13517 10816 13362 10701 10757 110 0 0 
6100 11818 13549 10809 13373 10788 10828 122 0 0 
6200 11870 13553 10764 13371 10662 10685 133 0 0 
6300 11883 13592 10883 13380 10755 10829 124 0 0 
6400 11882 13629 10842 13443 10859 10939 106 0 0 
6500 11966 13619 10847 13457 11030 11157 101 0 0 
6600 11870 13646 11019 13415 10777 10873 126 0 0 
6700 11804 13638 10914 13420 10784 10861 140 0 0 
6800 11975 13551 10988 13416 10757 10992 137 0 0 
6900 11943 13709 11038 13503 10817 10998 127 0 0 
7000 11933 13614 11054 13460 10929 11066 108 0 0 
7100 11933 13658 11079 13392 10939 11048 116 0 0 
7200 11974 13644 11136 13404 10897 10988 122 0 0 
7300 11960 13563 11103 13387 10862 10967 138 0 0 
7400 11908 13638 11195 13472 10843 11046 132 0 0 
7500 11912 13649 11099 13383 10844 11016 125 0 0 
7600 12052 13624 10957 13374 10911 11192 121 0 0 
7700 12105 13640 11133 13403 11023 11233 116 0 0 
7800 12082 13613 11166 13451 10955 11202 132 0 0 
7900 12021 13642 11164 13445 10950 11236 129 0 0 
8000 12078 13587 11142 13415 10983 11325 120 0 0 
8100 12132 13638 11232 13429 11075 11378 183 0 0 
8200 12063 13615 11249 13456 11087 11403 198 0 0 
8300 12032 13676 11328 13441 10958 11311 234 0 0 
8400 12153 13667 11342 13463 11073 11446 321 0 0 
8500 12065 13735 11350 13495 11109 11456 386 0 0 
8600 12091 13601 11365 13458 10951 11428 461 0 0 
8700 12089 13645 11372 13441 11143 11644 435 0 0 
8800 11948 13628 11467 13399 11043 11522 492 0 0 
8900 12082 13665 11486 13446 11129 11629 587 0 0 
9000 12139 13651 11504 13465 11089 11629 625 0 0 
9100 11985 13635 11553 13400 10957 11607 753 0 0 
9200 12221 13716 11687 13550 11197 11800 1008 0 0 
9300 12049 13664 11583 13436 11126 11736 1157 0 0 
9400 12257 13668 11589 13463 11233 11877 1381 0 0 
9500 12239 13668 11601 13460 11225 11970 1560 0 0 
9600 12114 13723 11739 13521 11142 11871 1913 0 0 
9700 12290 13732 11770 13586 11328 12043 2215 0 0 
9800 12274 13632 11850 13514 11210 11861 2490 0 0 
9900 12150 13661 11805 13490 11200 12019 2727 0 0 
10000 12185 13673 11894 13494 11163 11981 3041 0 0 
