# Avida tasks data
# Mon Apr 17 01:35:16 2023
# First column gives the current update, next columns give the number
# of organisms that have the particular task as a component of their merit
#  1: Update
#  2: Not
#  3: Nand
#  4: And
#  5: OrNot
#  6: Or
#  7: AndNot
#  8: Nor
#  9: Xor
# 10: Equals

0 0 0 0 0 0 0 0 0 0 
100 0 0 0 0 0 0 0 0 0 
200 0 0 0 0 0 0 0 0 0 
300 0 0 0 0 0 0 0 0 0 
400 0 0 0 0 0 0 0 0 0 
500 0 0 0 0 0 0 0 0 0 
600 0 0 0 0 0 0 0 0 0 
700 5 0 0 0 0 0 0 0 0 
800 51 3 0 49 0 0 0 0 0 
900 89 70 0 394 0 0 0 0 0 
1000 130 881 0 1462 0 0 0 0 0 
1100 195 2230 0 3140 0 0 0 0 0 
1200 322 3894 2 4763 2 93 348 0 0 
1300 590 3465 2 6468 8 40 2395 0 0 
1400 1534 3164 16 7949 50 91 4119 0 0 
1500 2905 2960 10 9193 58 142 5645 0 0 
1600 4148 2541 25 10001 47 162 6872 0 0 
1700 5046 2142 26 10837 66 140 8136 0 0 
1800 6175 2287 32 11369 66 470 9073 0 0 
1900 6935 3514 31 11523 82 1800 9417 0 0 
2000 7887 4894 68 11638 120 3529 9806 0 0 
2100 8945 6277 154 11690 188 5051 10031 0 4 
2200 9807 6653 320 11707 315 5711 10174 0 628 
2300 10361 6200 359 11521 371 5521 10221 0 1671 
2400 11052 5741 397 11519 391 5229 10457 0 2654 
2500 11630 5090 423 11366 408 4952 10820 0 3478 
2600 12164 4597 417 11307 409 4574 11016 0 4298 
2700 12454 3998 410 11281 385 3944 11147 0 5131 
2800 12842 3229 385 11294 1752 3192 11337 0 6398 
2900 12937 2632 331 11259 3274 2597 11368 0 7221 
3000 12956 2125 286 11105 4530 2037 11300 0 7783 
3100 13051 1635 263 11172 5743 1536 11441 1 8517 
3200 13119 1318 202 11201 6804 1152 11526 1 8913 
3300 13181 990 178 11231 7950 842 11584 3 9327 
3400 13144 842 145 11229 8712 642 11515 0 9684 
3500 13170 697 125 11189 9224 953 11473 1 9717 
3600 13108 678 128 11027 9670 1929 11522 1 9755 
3700 13099 660 129 11137 9861 2187 11604 1 9835 
3800 13119 633 129 11121 9952 2686 11535 0 9735 
3900 13134 576 98 11116 10130 3747 11532 0 9882 
4000 13115 551 102 11136 10410 4794 11647 0 9982 
4100 13108 498 86 11173 10492 5118 11706 0 10073 
4200 12976 789 95 10909 10354 5076 11563 0 9924 
4300 12629 842 99 10083 9754 4325 11278 0 9734 
4400 11954 828 89 9728 9538 3866 11200 0 9670 
4500 11452 925 88 9315 9141 3490 10859 2 9434 
4600 11103 926 83 8980 8799 3398 10671 0 9359 
4700 11003 925 82 8895 8726 3382 10608 0 9327 
4800 10860 881 79 8769 8570 3325 10495 0 9268 
4900 10396 882 76 8331 8345 3469 10361 0 9150 
5000 9829 880 65 7897 7900 3304 9870 0 9137 
5100 9425 880 62 7961 7504 3195 9426 0 9169 
5200 9003 876 68 8182 7094 3097 8990 0 9192 
5300 8673 864 67 8284 6782 2819 8676 0 9235 
5400 8426 868 63 8348 6546 2650 8453 0 9192 
5500 8185 871 61 8458 6309 2504 8190 0 9220 
5600 8018 870 55 8503 6126 2403 7983 0 9265 
5700 7832 879 51 8605 5913 2286 7742 0 9260 
5800 7692 881 48 8666 5749 2214 7588 0 9253 
5900 7535 877 47 8778 5588 2156 7402 0 9239 
6000 7427 858 44 8868 5441 2108 7220 0 9236 
6100 7400 859 45 8897 5392 2088 7161 1 9256 
6200 7338 858 42 9013 5315 2038 7078 0 9315 
6300 7291 834 45 9152 5256 2008 6995 0 9434 
6400 7260 823 40 9221 5216 1994 6909 0 9425 
6500 7198 795 43 9345 5165 1970 6808 1 9493 
6600 7113 780 41 9506 5109 1960 6724 0 9566 
6700 7022 760 47 9658 5060 1939 6626 3 9608 
6800 6937 742 43 9683 5018 1913 6545 0 9632 
6900 6860 720 39 9800 4996 1901 6435 0 9698 
7000 6775 721 46 9815 4954 1868 6332 0 9678 
7100 6766 780 49 9870 4906 1844 6239 0 9644 
7200 6796 951 42 9959 4830 1806 6084 0 9719 
7300 6819 1130 50 10171 4738 1759 5905 0 9867 
7400 6889 1296 44 10178 4648 1714 5757 0 9856 
7500 6910 1476 43 10224 4564 1664 5725 0 9902 
7600 6943 1726 46 10197 4455 1607 5504 0 9921 
7700 7036 1988 45 10282 4329 1512 5255 0 9969 
7800 7051 2132 50 10399 4236 1476 5112 0 10012 
7900 7112 2394 38 10306 4300 1387 5046 0 10100 
8000 7108 2500 43 10245 4236 1355 4893 0 10021 
8100 7165 2651 44 10250 4122 1296 4759 1 9995 
8200 7264 2868 48 10339 3987 1219 4626 3 10065 
8300 7418 3099 42 10415 3853 1138 4475 0 10147 
8400 7463 3301 34 10528 3751 1107 4386 3 10235 
8500 7545 3478 36 10487 3625 1045 4275 3 10174 
8600 7673 3662 38 10458 3536 1008 4254 3 10204 
8700 7761 3827 37 10345 3440 945 4273 2 10126 
8800 7863 4024 41 10573 3355 900 4039 1 10274 
8900 7964 4169 41 10729 3222 863 3822 0 10308 
9000 8016 4381 40 10772 3092 803 3666 2 10386 
9100 8012 4445 39 10703 2972 759 3510 2 10184 
9200 8099 4676 41 10826 2864 715 3421 0 10277 
9300 8170 4790 50 10944 2787 690 3228 2 10260 
9400 8259 5013 44 11054 2697 664 3046 0 10288 
9500 8349 5215 50 11081 2564 609 2837 2 10292 
9600 8451 5442 49 11208 2457 575 2741 1 10421 
9700 8527 5588 41 11146 2356 552 2679 1 10347 
9800 8669 5839 48 11224 2264 530 2540 0 10401 
9900 8674 5951 44 11210 2226 508 2490 3 10314 
10000 8750 6206 44 11241 2070 472 2354 3 10391 
