# Avida tasks data
# Mon Apr 17 08:33:23 2023
# First column gives the current update, next columns give the number
# of organisms that have the particular task as a component of their merit
#  1: Update
#  2: Not
#  3: Nand
#  4: And
#  5: OrNot
#  6: Or
#  7: AndNot
#  8: Nor
#  9: Xor
# 10: Equals

0 0 0 0 0 0 0 0 0 0 
100 0 0 0 0 0 0 0 0 0 
200 0 0 0 0 0 0 0 0 0 
300 0 0 0 0 0 0 0 0 0 
400 0 0 0 0 0 0 0 0 0 
500 0 0 0 0 0 0 0 0 0 
600 0 0 0 0 0 0 0 0 0 
700 0 0 0 0 0 0 0 0 0 
800 983 977 6 13 0 0 0 0 0 
900 2660 2465 13 194 2 3 0 0 0 
1000 4652 3517 12 249 1 11 0 0 0 
1100 4652 3517 12 249 1 11 0 0 0 
1200 4651 3516 12 249 1 11 0 0 0 
1300 4651 3516 12 249 1 11 0 0 0 
1400 4653 3518 12 250 1 11 0 0 0 
1500 4653 3518 12 250 1 11 0 0 0 
1600 4653 3518 12 250 1 11 0 0 0 
1700 4652 3517 12 250 1 11 0 0 0 
1800 4652 3517 12 250 1 11 0 0 0 
1900 4671 3518 12 239 1 10 0 0 0 
2000 4671 3518 12 239 1 10 0 0 0 
2100 4671 3518 12 239 1 10 0 0 0 
2200 4672 3517 12 239 1 10 0 0 0 
2300 4833 3617 15 223 3 17 0 0 0 
2400 4833 3617 15 221 3 17 0 0 0 
2500 4833 3617 15 222 3 17 0 0 0 
2600 4834 3618 15 222 3 17 0 0 0 
2700 4834 3618 15 222 3 17 0 0 0 
2800 4869 3693 12 468 113 7 0 0 0 
2900 5146 4019 8 557 607 12 0 0 0 
3000 5139 4014 7 558 598 12 0 0 0 
3100 5139 4014 7 558 597 12 0 0 0 
3200 5137 4014 7 558 596 12 0 0 0 
3300 5136 4013 7 558 596 12 0 0 0 
3400 5137 4014 7 558 596 12 0 0 0 
3500 5137 4014 7 558 596 12 0 0 0 
3600 5136 4013 7 558 596 12 0 0 0 
3700 5137 4014 7 558 594 12 0 0 0 
3800 5155 4040 7 564 602 8 0 0 0 
3900 5386 4266 10 652 692 11 0 0 0 
4000 5445 4330 10 671 690 9 0 0 0 
4100 5521 4413 13 731 650 9 0 0 0 
4200 5711 4610 18 929 647 10 0 0 0 
4300 5737 4640 20 978 641 8 0 0 0 
4400 5803 4705 17 1070 621 7 0 0 0 
4500 5803 4705 17 1070 621 7 0 0 0 
4600 5795 4714 16 1090 621 8 0 0 0 
4700 5817 4737 14 1139 612 6 0 0 0 
4800 5817 4737 14 1137 612 6 0 0 0 
4900 5816 4736 14 1135 612 6 0 0 0 
5000 5816 4736 14 1135 612 7 0 0 0 
5100 5841 4759 13 1155 617 6 0 0 0 
5200 5890 4827 16 1252 589 4 0 0 0 
5300 5917 4866 14 1313 556 2 0 0 0 
5400 6000 4953 14 1411 538 2 0 0 0 
5500 6000 4953 14 1410 538 2 0 0 0 
5600 5998 4951 14 1410 538 2 0 0 0 
5700 6002 4955 14 1412 538 2 0 0 0 
5800 6073 5031 11 1438 531 1 0 0 0 
5900 6073 5031 11 1438 531 1 0 0 0 
6000 6072 5030 11 1437 531 1 0 0 0 
6100 6072 5030 11 1437 531 1 0 0 0 
6200 6072 5030 11 1438 531 1 0 0 0 
6300 6071 5029 11 1438 531 1 0 0 0 
6400 6071 5031 11 1438 531 1 0 0 0 
6500 6125 5084 10 1424 528 0 0 0 0 
6600 6144 5104 12 1445 520 0 0 0 0 
6700 6160 5131 11 1448 509 0 0 0 0 
6800 6203 5167 10 1473 506 0 0 0 0 
6900 6203 5167 10 1475 506 0 0 0 0 
7000 6190 5164 10 1472 506 0 0 0 0 
7100 6189 5163 10 1472 506 0 0 0 0 
7200 6191 5165 10 1472 506 0 0 0 0 
7300 6277 5256 8 1533 494 2 0 0 0 
7400 6266 5249 8 1527 494 2 0 0 0 
7500 6266 5250 8 1526 494 2 0 0 0 
7600 6358 5333 10 1482 493 4 0 0 0 
7700 6356 5327 10 1479 494 4 0 0 0 
7800 6395 5373 8 1509 495 8 0 0 0 
7900 6404 5383 8 1525 494 8 0 0 0 
8000 6404 5383 8 1525 494 8 0 0 0 
8100 6405 5380 8 1526 494 8 0 0 0 
8200 6405 5380 8 1526 494 8 0 0 0 
8300 6405 5380 8 1526 494 8 0 0 0 
8400 6405 5380 8 1526 494 8 0 0 0 
8500 6405 5380 8 1526 494 8 0 0 0 
8600 6406 5382 8 1525 494 8 0 0 0 
8700 6406 5382 8 1525 494 8 0 0 0 
8800 6420 5393 8 1526 490 9 0 0 0 
8900 6420 5394 8 1528 490 9 0 0 0 
9000 6420 5394 8 1528 490 9 0 0 0 
9100 6420 5394 8 1528 490 9 0 0 0 
9200 6420 5394 8 1528 490 9 0 0 0 
9300 6418 5394 8 1530 490 9 0 0 0 
9400 6452 5441 8 1548 475 4 0 0 0 
9500 6472 5462 8 1553 473 3 0 0 0 
9600 6481 5483 8 1553 464 2 0 0 0 
9700 6509 5537 11 1603 416 2 0 0 0 
9800 6508 5536 11 1603 416 2 0 0 0 
9900 6508 5536 11 1603 416 2 0 0 0 
10000 6507 5537 11 1603 416 2 0 0 0 
