# Avida tasks data
# Mon Apr 17 04:47:47 2023
# First column gives the current update, next columns give the number
# of organisms that have the particular task as a component of their merit
#  1: Update
#  2: Not
#  3: Nand
#  4: And
#  5: OrNot
#  6: Or
#  7: AndNot
#  8: Nor
#  9: Xor
# 10: Equals

0 0 0 0 0 0 0 0 0 0 
100 0 0 0 0 0 0 0 0 0 
200 0 0 0 0 0 0 0 0 0 
300 0 0 0 0 0 0 0 0 0 
400 0 0 0 0 0 0 0 0 0 
500 0 0 0 0 0 0 0 0 0 
600 0 0 0 0 0 0 0 0 0 
700 4 173 0 0 0 0 0 0 0 
800 320 795 0 11 0 0 0 0 0 
900 1774 2067 0 31 0 0 0 0 0 
1000 3651 3860 0 45 0 0 0 0 0 
1100 5359 5634 0 274 0 0 0 0 0 
1200 7333 7545 0 807 0 0 0 0 0 
1300 8511 8942 0 1546 0 0 0 0 0 
1400 9666 9935 0 2548 0 6 0 0 0 
1500 10527 10849 0 3854 0 20 0 0 0 
1600 11202 11577 12 4899 497 15 0 0 0 
1700 11547 11945 52 5978 1776 126 0 0 0 
1800 11746 12153 204 6743 3172 169 0 0 0 
1900 11846 12241 226 6180 4210 1851 4 0 0 
2000 11962 12368 58 6466 5407 3732 265 0 0 
2100 12042 12456 43 6946 6561 4983 674 0 0 
2200 11977 12546 52 7123 7530 5665 1272 0 0 
2300 12131 12721 55 7696 8472 6379 1676 0 0 
2400 12277 12906 60 8328 9312 6707 2235 0 0 
2500 12421 13015 77 9021 9965 6885 2698 0 0 
2600 12555 13139 77 9611 10590 6990 3156 0 0 
2700 12615 13231 64 10185 11012 7025 3671 0 0 
2800 12731 13243 79 10656 11413 7347 4296 0 0 
2900 12772 13329 64 11197 11789 8490 5109 0 0 
3000 12792 13387 54 11436 11954 9446 5932 0 0 
3100 12837 13318 52 11523 12059 10104 6636 0 0 
3200 12955 13368 48 11650 12153 10475 7305 0 0 
3300 13000 13271 45 11706 12068 10805 7991 0 0 
3400 13083 13371 42 11628 12204 11379 8822 1 0 
3500 13170 13352 35 11766 12212 11636 9490 0 0 
3600 13211 13343 25 11780 12201 11856 10011 0 0 
3700 13219 13396 19 11921 12346 12212 10652 0 0 
3800 13202 13347 26 11820 12264 12505 11010 0 1 
3900 13194 13378 22 11753 12295 12699 11387 0 0 
4000 13184 13330 10 11764 12293 12814 11616 0 1 
4100 13317 13365 15 11850 12175 12852 11730 0 0 
4200 13245 13315 9 11816 12229 13022 11860 0 22 
4300 13221 13390 13 11782 12292 13075 11886 0 100 
4400 13277 13386 8 11865 12208 13075 11758 0 213 
4500 13202 13332 9 12066 12092 13022 11509 0 396 
4600 13287 13393 9 12149 12288 13134 11497 0 603 
4700 13310 13348 14 11934 12202 13175 11104 0 860 
4800 12553 13233 81 11068 12146 12147 10399 9 1571 
4900 12059 13289 79 10681 12203 11747 10230 9 1796 
5000 11691 13262 77 10372 12168 11394 10061 9 1925 
5100 11412 13251 77 10122 12166 11089 9826 9 2156 
5200 11165 13285 77 9893 12198 10841 9614 9 2435 
5300 10941 13263 77 9693 12215 10619 9424 9 2602 
