# Avida tasks data
# Mon Apr 17 09:54:23 2023
# First column gives the current update, next columns give the number
# of organisms that have the particular task as a component of their merit
#  1: Update
#  2: Not
#  3: Nand
#  4: And
#  5: OrNot
#  6: Or
#  7: AndNot
#  8: Nor
#  9: Xor
# 10: Equals

0 0 0 0 0 0 0 0 0 0 
100 0 0 0 0 0 0 0 0 0 
200 0 0 0 0 0 0 0 0 0 
300 0 0 0 0 0 0 0 0 0 
400 0 0 0 0 0 0 0 0 0 
500 8 0 0 0 0 0 0 0 0 
600 175 0 0 0 0 0 0 0 0 
700 723 0 0 0 0 0 0 0 0 
800 1540 0 0 0 0 0 0 0 0 
900 2610 0 13 0 0 0 0 0 0 
1000 3385 29 130 0 0 0 0 0 0 
1100 3915 148 321 15 0 0 0 0 0 
1200 4346 543 238 779 0 605 0 0 0 
1300 4622 1722 1316 2763 0 2762 0 0 0 
1400 4992 2736 2427 4571 146 4575 24 0 0 
1500 5375 3757 2391 4762 1517 5630 881 0 0 
1600 6229 4700 2242 4929 2872 6505 1479 0 0 
1700 6573 5380 2188 4470 4064 7103 2535 0 0 
1800 7205 6177 2212 4820 5121 7775 3483 0 0 
1900 7810 6842 1956 6128 5901 8100 4160 0 0 
2000 8525 7628 1602 7302 6820 8532 4902 0 0 
2100 9437 8631 1228 8338 7815 9114 5826 0 0 
2200 10125 9491 912 9157 8692 9637 6697 0 0 
2300 10785 10173 706 9722 9276 10021 7399 0 0 
2400 11127 10778 517 10353 9882 10494 8168 0 0 
2500 11681 11363 344 10882 10469 10832 8843 0 0 
2600 12071 11806 214 11273 10849 11178 9345 0 0 
2700 12502 12085 152 11516 11160 11437 9837 0 0 
2800 12691 12347 134 11779 11385 11596 10081 0 0 
2900 13053 12662 132 12020 11631 11832 10385 0 0 
3000 13061 12772 106 12141 11770 12007 10510 0 0 
3100 13174 12791 103 12152 11773 11980 10658 0 0 
3200 13123 12787 117 12119 11720 11902 10579 1 0 
3300 13048 12890 115 12225 11750 11975 10592 0 0 
3400 13080 12819 129 12136 11683 12031 10470 0 0 
3500 13095 12828 119 12182 11790 12004 10527 0 0 
3600 13134 12856 111 12221 11847 12037 10577 0 2 
3700 13114 12796 139 12282 11823 12078 10726 0 0 
3800 13240 12752 138 12159 11740 12006 10610 0 0 
3900 13192 12948 117 12321 11970 12146 10729 0 0 
4000 13126 12935 113 12245 11902 12128 10656 0 1 
4100 13105 12924 108 12265 11832 12035 10632 0 0 
4200 13167 12906 134 12223 11856 12031 10584 0 0 
4300 12919 12883 144 12265 11852 12103 10684 0 0 
4400 13190 12919 110 12237 11808 12066 10600 0 0 
4500 13094 12818 129 12204 11871 12029 10597 0 0 
4600 13150 12873 125 12234 11800 12033 10670 0 0 
4700 13162 13014 132 12341 11903 12126 10734 0 0 
4800 13141 12996 128 12278 11941 12162 10670 0 0 
4900 13185 12974 128 12293 11911 12179 10704 1 0 
5000 13230 12942 130 12405 11930 12134 10791 0 0 
5100 13224 12998 110 12299 11980 12197 10797 0 1 
5200 13288 13031 111 12334 11993 12192 10713 0 0 
5300 13168 12954 100 12389 12007 12212 10926 0 0 
5400 13179 13022 115 12384 12031 12306 10914 0 0 
5500 13234 13011 126 12332 11996 12152 10951 1 0 
5600 13287 12953 100 12237 11955 12154 10799 0 0 
5700 13234 13029 105 12406 12099 12300 10898 0 1 
5800 13266 12998 79 12406 12059 12219 10956 0 0 
5900 13291 13121 112 12484 12172 12327 11074 0 0 
6000 13174 13007 113 12428 12045 12275 10944 0 0 
6100 13339 12984 118 12354 12048 12238 10983 0 0 
6200 13178 12934 128 12322 11956 12156 10846 0 0 
6300 13223 13089 106 12425 12109 12300 11006 0 0 
6400 13234 13068 108 12407 12001 12236 11003 5 1 
6500 13268 13055 92 12484 12129 12343 11096 0 0 
6600 13278 12963 85 12455 12086 12339 10956 0 0 
6700 13171 13047 87 12561 12178 12428 11115 0 0 
6800 13223 12988 89 12401 12073 12280 10972 0 2 
6900 13232 13083 93 12460 12204 12413 11076 3 2 
7000 13313 13048 100 12467 12134 12316 11020 1 0 
7100 13276 13050 102 12487 12163 12353 11080 0 0 
7200 13344 13042 125 12503 12260 12412 11047 0 0 
7300 13232 13117 103 12558 12185 12394 11201 0 0 
7400 13202 13019 132 12443 12126 12352 11130 0 0 
7500 13211 13085 113 12532 12134 12356 11152 0 0 
7600 13268 13054 110 12478 12218 12382 11195 0 0 
7700 13343 13159 89 12555 12291 12423 11300 0 0 
7800 13199 13068 120 12484 12181 12366 11149 0 0 
7900 13276 13035 102 12473 12214 12387 11153 0 0 
8000 13367 13056 103 12422 12204 12378 11074 3 0 
8100 13293 13160 98 12483 12207 12417 11114 0 0 
8200 13402 13067 92 12589 12337 12482 11271 0 0 
8300 13357 12984 102 12468 12249 12462 11125 0 0 
8400 13315 13071 100 12419 12172 12374 11118 0 2 
8500 13276 13149 120 12527 12184 12357 11161 1 1 
8600 13331 13140 98 12522 12209 12385 11215 0 0 
8700 13383 13191 123 12605 12278 12487 11276 0 0 
8800 13458 13054 122 12467 12062 12344 11035 2 0 
8900 13380 13106 110 12514 12222 12402 11100 0 0 
9000 13349 13111 118 12516 12209 12423 11099 0 0 
9100 13379 13086 109 12462 12158 12340 11167 0 1 
9200 13352 13154 93 12591 12343 12522 11289 0 0 
9300 13363 13069 99 12402 12113 12358 11041 0 0 
9400 13436 13165 117 12520 12215 12426 11145 0 0 
9500 13298 13143 109 12518 12219 12457 11115 2 2 
9600 13256 13204 89 12555 12259 12504 11227 0 1 
9700 13439 13135 119 12516 12227 12439 11113 0 0 
9800 13354 13144 102 12481 12231 12414 11206 0 0 
9900 13306 13036 79 12399 12100 12299 11067 0 0 
10000 13399 13149 106 12543 12177 12433 11243 0 0 
