# Avida tasks data
# Mon Apr 17 10:42:32 2023
# First column gives the current update, next columns give the number
# of organisms that have the particular task as a component of their merit
#  1: Update
#  2: Not
#  3: Nand
#  4: And
#  5: OrNot
#  6: Or
#  7: AndNot
#  8: Nor
#  9: Xor
# 10: Equals

0 0 0 0 0 0 0 0 0 0 
100 0 0 0 0 0 0 0 0 0 
200 0 0 0 0 0 0 0 0 0 
300 0 0 0 0 0 0 0 0 0 
400 0 0 0 0 0 0 0 0 0 
500 0 0 0 0 0 0 0 0 0 
600 0 0 0 0 0 0 0 0 0 
700 0 0 0 0 0 0 0 0 0 
800 0 0 0 0 0 0 0 0 0 
900 32 0 0 0 0 0 0 0 0 
1000 265 9 0 0 0 0 0 0 0 
1100 547 27 0 2 0 0 0 0 0 
1200 877 77 0 170 0 0 0 0 0 
1300 1136 189 0 870 136 0 0 0 0 
1400 1189 193 1 2259 1767 32 0 0 0 
1500 1760 314 1 2859 2411 31 0 0 0 
1600 1758 312 1 2864 2414 31 0 0 0 
1700 1759 314 1 2864 2414 31 0 0 0 
1800 1760 315 1 2862 2412 31 0 0 0 
1900 1767 313 1 2866 2415 31 0 0 0 
2000 1769 312 1 2871 2417 31 0 0 0 
2100 1926 303 1 2998 2542 31 0 0 0 
2200 2006 297 1 3044 2570 31 0 0 0 
2300 2033 279 1 3057 2600 31 0 0 0 
2400 2024 278 1 3051 2600 31 0 0 0 
2500 2027 282 1 3062 2609 31 0 0 0 
2600 2459 302 1 3328 2886 31 0 0 0 
2700 2476 297 1 3292 2843 31 0 0 0 
2800 2477 295 1 3295 2841 31 2 0 0 
2900 2497 297 1 3306 2848 31 2 0 0 
3000 2508 298 1 3296 2842 31 1 0 0 
3100 2516 297 1 3306 2856 31 1 0 0 
3200 2509 297 1 3296 2845 31 1 0 0 
3300 2504 299 1 3291 2843 31 1 0 0 
3400 2507 299 1 3294 2846 31 1 0 0 
3500 2506 299 1 3293 2845 31 1 0 0 
3600 2507 299 1 3294 2846 31 1 0 0 
3700 2507 299 1 3294 2846 31 1 0 0 
3800 2508 299 1 3295 2847 31 1 0 0 
3900 2506 299 1 3293 2845 31 1 0 0 
4000 2506 299 1 3293 2845 31 1 0 0 
4100 2506 299 1 3293 2845 31 1 0 0 
4200 2507 299 1 3293 2845 31 1 0 0 
4300 2506 299 1 3292 2844 31 1 0 0 
4400 2505 299 1 3291 2843 31 1 0 0 
4500 2506 299 1 3293 2845 31 1 0 0 
4600 2508 299 1 3295 2847 31 1 0 0 
4700 2506 299 1 3293 2845 31 1 0 0 
4800 2505 299 1 3292 2844 31 1 0 0 
4900 2504 299 1 3291 2843 31 1 0 0 
5000 2504 299 1 3291 2843 31 1 0 0 
5100 2505 299 1 3292 2844 31 1 0 0 
5200 2501 299 1 3291 2843 31 1 0 0 
5300 2502 299 1 3292 2844 31 1 0 0 
5400 2501 299 1 3291 2843 31 1 0 0 
5500 2502 299 1 3291 2843 31 1 0 0 
5600 2503 299 1 3292 2844 31 1 0 0 
5700 2504 299 1 3293 2845 31 1 0 0 
5800 2503 299 1 3292 2844 31 1 0 0 
5900 2503 299 1 3292 2844 31 1 0 0 
6000 2504 299 1 3293 2845 31 1 0 0 
6100 2505 299 1 3294 2846 31 1 0 0 
6200 2503 299 1 3292 2844 31 1 0 0 
6300 2502 299 1 3294 2845 31 1 0 0 
6400 2501 299 1 3293 2844 31 1 0 0 
6500 2511 294 1 3296 2847 31 1 0 0 
6600 2509 298 1 3292 2840 31 1 0 0 
6700 2510 296 1 3293 2841 31 1 0 0 
6800 2509 298 1 3292 2841 31 1 0 0 
6900 2503 298 1 3286 2835 31 1 0 0 
7000 2504 298 1 3289 2838 31 1 0 0 
7100 2502 298 1 3289 2838 31 1 0 0 
7200 2505 300 1 3290 2839 31 1 0 0 
7300 2512 308 1 3299 2838 31 0 0 0 
7400 2516 307 1 3297 2837 31 0 0 0 
7500 2508 307 1 3289 2827 31 0 0 0 
7600 2515 304 1 3295 2835 31 0 0 0 
7700 2515 304 1 3291 2831 31 0 0 0 
7800 2514 304 1 3293 2832 31 0 0 0 
7900 2515 304 1 3294 2833 31 0 0 0 
8000 2516 304 1 3295 2834 31 0 0 0 
8100 2516 304 1 3296 2836 31 0 0 0 
8200 2516 304 1 3296 2836 31 0 0 0 
8300 2514 305 1 3293 2832 31 0 0 0 
8400 2514 305 1 3292 2831 31 0 0 0 
8500 2513 305 1 3291 2830 31 0 0 0 
8600 2514 305 1 3292 2831 31 0 0 0 
8700 2514 305 1 3292 2831 31 0 0 0 
8800 2514 305 1 3292 2831 31 0 0 0 
8900 2514 305 1 3292 2831 31 0 0 0 
9000 2513 305 1 3291 2830 31 0 0 0 
9100 2515 305 1 3293 2832 31 0 0 0 
9200 2516 305 1 3294 2833 31 0 0 0 
9300 2516 305 1 3294 2833 31 0 0 0 
9400 2516 305 1 3294 2833 31 0 0 0 
9500 2516 305 1 3294 2833 31 0 0 0 
9600 2517 305 1 3295 2834 31 0 0 0 
9700 2517 305 1 3295 2834 31 0 0 0 
9800 2517 305 1 3295 2834 31 0 0 0 
9900 2516 305 1 3294 2833 31 0 0 0 
10000 2518 305 1 3296 2835 31 0 0 0 
