# Avida tasks data
# Mon Apr 17 09:03:27 2023
# First column gives the current update, next columns give the number
# of organisms that have the particular task as a component of their merit
#  1: Update
#  2: Not
#  3: Nand
#  4: And
#  5: OrNot
#  6: Or
#  7: AndNot
#  8: Nor
#  9: Xor
# 10: Equals

0 0 0 0 0 0 0 0 0 0 
100 0 0 0 0 0 0 0 0 0 
200 0 0 0 0 0 0 0 0 0 
300 0 0 0 0 0 0 0 0 0 
400 0 0 0 0 0 0 0 0 0 
500 0 0 0 0 0 0 0 0 0 
600 0 0 0 0 0 0 0 0 0 
700 0 0 0 0 0 0 0 0 0 
800 16 13 0 0 0 0 0 0 0 
900 25 242 0 267 0 0 0 0 0 
1000 149 701 0 1247 517 0 0 0 0 
1100 1062 374 0 2218 2154 15 590 0 0 
1200 988 239 0 3116 2970 24 2217 0 0 
1300 2317 1561 0 4166 3979 114 3387 0 0 
1400 4109 3386 0 5422 5307 348 4837 0 0 
1500 5641 4875 0 6250 6415 651 5949 0 0 
1600 6837 6139 0 6791 7161 925 6718 0 0 
1700 8103 7435 5 7433 7955 1273 7574 0 0 
1800 9296 8632 7 8068 8589 1387 8320 0 0 
1900 10114 9732 3 8568 9180 1624 8922 0 0 
2000 10787 10683 9 9190 9623 1679 9338 0 0 
2100 11308 11528 6 9403 9990 1897 9735 0 0 
2200 11845 11913 7 9609 10384 2232 10155 0 0 
2300 12064 12060 10 9929 10519 2601 10388 0 0 
2400 11986 11914 20 10143 10541 2967 10294 0 0 
2500 11990 11534 37 10745 10563 3543 10325 0 0 
2600 11893 11197 40 11008 10531 4238 10300 0 0 
2700 11873 11097 45 11170 10585 4947 10288 0 0 
2800 11824 10843 55 11530 10769 5768 10356 0 0 
2900 11794 10842 38 11615 10973 6562 10520 0 0 
3000 11916 10779 55 11818 10989 7248 10526 0 0 
3100 11985 10814 73 11971 11245 8017 10704 0 0 
3200 11922 10959 69 12055 11312 8712 10751 0 0 
3300 11932 10932 75 12063 11202 9138 10713 0 0 
3400 11884 11047 102 12102 11206 9477 10710 0 0 
3500 11910 11321 84 12183 11288 9844 10767 0 0 
3600 11855 11491 86 12175 11410 10232 10880 0 0 
3700 11899 11734 87 12198 11450 10550 10915 0 0 
3800 11941 11972 98 12201 11488 10730 10898 0 0 
3900 12035 12168 92 12117 11437 10817 10882 0 0 
4000 12130 12478 108 12265 11622 11141 11135 0 0 
4100 12154 12680 97 12316 11652 11213 11111 0 0 
4200 12121 13074 93 12261 11722 11374 11175 0 0 
4300 12246 13129 95 12309 11740 11451 11287 0 0 
4400 12367 13271 76 12153 11645 11285 11161 0 0 
4500 12345 13320 109 12265 11617 11287 11204 0 0 
4600 12470 13313 91 12373 11762 11444 11258 0 0 
4700 12617 13320 93 12353 11732 11333 11257 0 0 
4800 12525 13372 91 12377 11689 11410 11312 0 0 
4900 12650 13382 100 12480 11745 11429 11349 0 0 
5000 12616 13255 102 12463 11757 11439 11364 0 0 
5100 12613 13319 77 12354 11601 11282 11235 0 0 
5200 12634 13382 94 12414 11810 11527 11419 0 0 
5300 12643 13396 98 12475 11791 11525 11470 0 0 
5400 12680 13350 117 12423 11761 11467 11367 0 0 
5500 12686 13381 88 12532 11894 11609 11447 0 0 
5600 12582 13353 100 12378 11736 11472 11350 0 0 
5700 12610 13335 87 12394 11727 11450 11347 0 0 
5800 12726 13338 98 12371 11676 11415 11213 0 0 
5900 12720 13477 109 12415 11792 11556 11443 0 1 
6000 12676 13335 90 12461 11830 11561 11440 0 0 
6100 12737 13401 87 12400 11778 11536 11429 0 0 
6200 12777 13265 127 12416 11802 11447 11286 0 0 
6300 12793 13303 90 12454 11828 11497 11421 0 0 
6400 12716 13382 102 12421 11866 11507 11427 0 0 
6500 12676 13267 118 12293 11704 11424 11226 0 0 
6600 12691 13414 116 12364 11826 11507 11396 0 0 
6700 12799 13293 114 12333 11915 11523 11370 0 0 
6800 12911 13347 86 12411 11932 11581 11379 0 0 
6900 12669 13315 87 12346 11922 11576 11334 0 0 
7000 12738 13294 94 12383 11963 11649 11487 0 0 
7100 12782 13256 126 12342 11937 11574 11378 0 0 
7200 12749 13231 103 12298 11860 11508 11328 0 0 
7300 12796 13276 102 12262 11927 11615 11362 0 0 
7400 12764 13246 92 12202 11818 11381 11198 0 0 
7500 12935 13319 88 12311 11975 11639 11456 1 0 
7600 12831 13385 90 12328 12047 11667 11427 0 0 
7700 12843 13331 106 12325 11950 11541 11370 0 0 
7800 12785 13290 117 12368 11786 11466 11323 0 0 
7900 12914 13276 86 12393 12043 11698 11515 0 0 
8000 12853 13176 110 12354 11993 11553 11424 0 0 
8100 12894 13357 105 12274 11965 11600 11414 0 0 
8200 12950 13353 125 12440 12131 11804 11559 0 0 
8300 13026 13317 125 12398 12097 11689 11471 0 0 
8400 12903 13132 91 12339 12056 11668 11467 0 0 
8500 12920 13129 91 12372 12030 11696 11459 0 0 
8600 12955 13203 105 12376 12039 11698 11497 0 0 
8700 12990 13229 95 12358 12164 11780 11559 0 0 
8800 12985 13172 90 12284 12086 11683 11397 0 0 
8900 13022 13179 119 12382 12093 11766 11499 0 0 
9000 12928 13321 111 12309 12058 11722 11459 0 0 
9100 12986 13189 103 12375 12201 11813 11555 0 0 
9200 12934 13275 103 12329 12170 11850 11477 0 0 
9300 12957 13212 93 12357 12090 11756 11457 0 0 
9400 12874 13253 91 12297 12112 11710 11396 0 0 
9500 12964 13287 87 12275 12115 11752 11519 0 0 
9600 12942 13248 83 12303 12112 11716 11477 0 0 
9700 13008 13253 98 12440 12294 11843 11606 0 0 
9800 13025 13304 72 12346 12141 11770 11495 0 0 
9900 13006 13300 97 12291 12067 11745 11446 0 0 
10000 13077 13210 88 12400 12265 11847 11594 0 0 
