# Avida tasks data
# Mon Apr 17 09:36:02 2023
# First column gives the current update, next columns give the number
# of organisms that have the particular task as a component of their merit
#  1: Update
#  2: Not
#  3: Nand
#  4: And
#  5: OrNot
#  6: Or
#  7: AndNot
#  8: Nor
#  9: Xor
# 10: Equals

0 0 0 0 0 0 0 0 0 0 
100 0 0 0 0 0 0 0 0 0 
200 0 0 0 0 0 0 0 0 0 
300 0 0 0 0 0 0 0 0 0 
400 0 0 0 0 0 0 0 0 0 
500 0 0 0 0 0 0 0 0 0 
600 4 0 0 0 0 0 0 0 0 
700 16 0 0 0 0 0 0 0 0 
800 57 0 0 0 0 0 0 0 0 
900 138 1 0 0 0 0 0 0 0 
1000 267 22 0 0 0 0 0 0 0 
1100 524 58 0 2 0 0 0 0 0 
1200 798 97 0 111 0 0 0 0 0 
1300 1124 716 0 952 0 0 0 0 0 
1400 1264 2040 43 2570 0 7 0 0 0 
1500 1324 3599 129 4373 6 28 0 0 0 
1600 1768 4716 899 5995 8 52 41 0 0 
1700 1652 4073 499 6225 1619 1727 601 0 0 
1800 1259 3179 254 6072 3704 3638 560 0 0 
1900 1746 2715 402 6405 5242 4580 1346 0 0 
2000 3230 1147 244 6048 6437 5482 3818 0 0 
2100 5031 941 226 6764 7358 6506 5414 0 0 
2200 6116 1405 426 7579 8095 7379 6450 0 0 
2300 6899 1984 1277 8012 8604 7825 7066 0 0 
2400 7560 3069 2288 8601 9063 8376 7612 0 0 
2500 8204 3903 3359 9034 9383 8705 8084 0 0 
2600 8799 4800 4462 9518 9794 9110 8647 0 0 
2700 9217 5392 5406 9904 10131 9471 8984 0 0 
2800 9687 6052 6094 10141 10345 9671 9172 0 0 
2900 9913 6904 6950 10455 10629 9984 9611 0 0 
3000 10440 7835 7776 10809 11020 10384 9940 0 0 
3100 10909 8473 8573 11020 11360 10556 10172 0 0 
3200 11281 8910 9291 11306 11726 10781 10600 0 0 
3300 11668 9492 9849 11515 11951 11052 10778 0 0 
3400 11930 9942 10422 11857 12208 11369 11011 0 1 
3500 12065 10065 10531 11870 12246 11341 11094 0 1 
3600 12235 10315 10734 11992 12416 11495 11268 0 0 
3700 12312 10665 11096 12216 12620 11688 11496 0 0 
3800 12568 10633 11153 12202 12656 11724 11585 0 0 
3900 12519 10697 11217 12244 12700 11719 11597 0 0 
4000 12594 10695 11248 12250 12626 11701 11568 0 0 
4100 12681 10671 11288 12281 12605 11781 11534 0 0 
4200 12651 10734 11424 12400 12787 11781 11724 0 0 
4300 12660 10797 11347 12352 12613 11876 11613 0 0 
4400 12740 10731 11338 12240 12663 11703 11591 0 0 
4500 12685 10754 11276 12246 12535 11682 11522 0 0 
4600 12617 10827 11495 12425 12735 11869 11695 0 0 
4700 12662 10727 11394 12343 12666 11724 11644 0 0 
4800 12815 10816 11309 12347 12643 11807 11662 0 0 
4900 12767 10807 11463 12381 12738 11804 11651 0 0 
5000 12769 10798 11400 12286 12651 11825 11719 0 0 
5100 12760 10727 11302 12277 12637 11702 11552 0 0 
5200 12770 10721 11354 12325 12721 11744 11673 0 0 
5300 12783 10841 11420 12389 12761 11816 11684 0 0 
5400 12656 10774 11425 12406 12710 11747 11723 0 0 
5500 12642 10803 11470 12396 12707 11826 11675 0 2 
5600 12655 10569 11372 12367 12721 11811 11684 0 0 
5700 12696 10701 11337 12259 12653 11721 11662 0 0 
5800 12747 10670 11333 12265 12709 11688 11656 0 1 
5900 12712 10746 11444 12432 12852 11810 11709 0 0 
6000 12769 10808 11419 12305 12651 11782 11732 0 0 
6100 12654 10713 11370 12345 12636 11778 11666 0 1 
6200 12668 10745 11434 12439 12725 11764 11816 0 0 
6300 12765 10885 11518 12435 12762 11852 11792 0 2 
6400 12705 10823 11443 12349 12725 11773 11763 0 0 
6500 12812 10809 11432 12395 12774 11862 11763 0 0 
6600 12837 10944 11462 12372 12783 11829 11813 0 0 
6700 12736 10870 11626 12423 12787 11838 11970 0 0 
6800 12617 10909 11476 12389 12762 11863 11765 0 1 
6900 12643 10959 11625 12458 12775 11931 11787 0 0 
7000 12928 10854 11545 12428 12755 11915 11840 1 1 
7100 12886 10872 11515 12411 12846 11886 11804 0 0 
7200 12843 10909 11619 12497 12812 11910 11875 0 0 
7300 12672 10904 11521 12393 12727 11870 11804 0 0 
7400 12730 10845 11588 12444 12812 11854 11823 0 3 
7500 12772 10954 11549 12388 12710 11893 11907 0 0 
7600 12788 10973 11640 12429 12762 11882 11927 0 2 
7700 12813 11028 11670 12471 12817 11999 11896 0 3 
7800 12908 10928 11628 12411 12748 11919 11810 0 0 
7900 12862 10948 11635 12491 12843 11907 11908 0 0 
8000 12799 10818 11546 12372 12829 11868 11895 0 2 
8100 12804 11056 11606 12415 12836 11951 11887 0 3 
8200 12869 10874 11608 12404 12835 11928 11901 0 2 
8300 12929 11105 11726 12506 12865 12094 11950 0 4 
8400 12737 11030 11611 12499 12847 11955 11975 0 4 
8500 12677 10974 11633 12470 12847 11888 11938 0 10 
8600 12760 10879 11620 12450 12772 11894 11894 0 0 
8700 12857 11035 11728 12532 12877 11989 12052 0 3 
8800 12881 11059 11765 12550 12891 12009 11966 0 4 
8900 12868 10876 11592 12331 12838 11833 11929 0 0 
9000 12885 10901 11756 12527 12871 11937 11995 0 3 
9100 12997 10964 11767 12535 12886 11943 11974 0 0 
9200 12885 10822 11557 12351 12806 11885 11864 0 7 
9300 12878 10886 11702 12518 12885 11912 11924 0 0 
9400 12815 10957 11710 12551 12893 11947 11986 0 1 
9500 12766 10972 11729 12471 12828 11942 11969 0 1 
9600 12925 11120 11783 12616 12919 11983 12044 0 3 
9700 12767 10912 11703 12435 12860 11905 11987 0 1 
9800 12882 11020 11679 12474 12795 12027 11989 0 1 
9900 12858 10934 11659 12510 12883 11965 11932 0 2 
10000 12838 11168 11753 12535 12886 12049 12017 0 0 
