# Avida tasks data
# Mon Apr 17 10:27:59 2023
# First column gives the current update, next columns give the number
# of organisms that have the particular task as a component of their merit
#  1: Update
#  2: Not
#  3: Nand
#  4: And
#  5: OrNot
#  6: Or
#  7: AndNot
#  8: Nor
#  9: Xor
# 10: Equals

0 0 0 0 0 0 0 0 0 0 
100 0 0 0 0 0 0 0 0 0 
200 0 0 0 0 0 0 0 0 0 
300 0 0 0 0 0 0 0 0 0 
400 0 0 0 0 0 0 0 0 0 
500 0 0 0 0 0 0 0 0 0 
600 4 0 0 0 0 0 0 0 0 
700 42 0 0 0 0 0 0 0 0 
800 84 0 0 0 0 0 0 0 0 
900 204 0 0 0 0 0 0 0 0 
1000 368 2 0 0 0 0 0 0 0 
1100 598 31 0 2 0 0 0 0 0 
1200 1049 163 0 17 0 0 0 0 0 
1300 698 256 0 1482 1451 0 0 0 0 
1400 1450 306 0 3280 3294 8 0 0 0 
1500 2117 454 0 4380 4596 625 217 0 0 
1600 3527 683 8 5531 5982 2513 2087 0 0 
1700 5404 2507 11 6925 7384 4460 4107 0 0 
1800 7085 4222 13 8121 8473 6274 5576 0 0 
1900 8436 5915 25 9185 9410 7877 6917 0 0 
2000 9679 7516 31 10098 10219 9286 8075 0 0 
2100 10749 9033 10 10997 11060 10602 9294 0 0 
2200 11596 10076 17 11554 11572 11616 10157 0 0 
2300 12141 11073 41 11855 11852 12380 10821 0 0 
2400 12414 11731 47 12076 11988 12866 11174 0 0 
2500 12608 12179 30 12221 12183 13137 11553 0 0 
2600 12746 12444 44 12265 12186 13266 11595 0 0 
2700 12786 12623 26 12278 12223 13387 11674 0 0 
2800 12830 12706 22 12361 12344 13390 11775 0 0 
2900 12818 12823 38 12295 12246 13442 11689 0 0 
3000 12837 12853 36 12342 12318 13387 11753 0 0 
3100 12910 12836 27 12410 12349 13444 11792 0 0 
3200 12807 12971 34 12386 12323 13382 11779 0 1 
3300 12777 12920 32 12338 12311 13387 11722 0 0 
3400 12843 12965 42 12412 12357 13342 11857 0 0 
3500 12846 12930 57 12411 12319 13301 11720 0 0 
3600 12842 12983 46 12385 12302 13353 11745 0 0 
3700 12878 12942 44 12444 12432 13318 11822 0 0 
3800 12884 12979 45 12275 12216 13244 11673 0 0 
3900 12867 12993 36 12469 12374 13285 11870 0 0 
4000 12766 12972 37 12336 12296 13333 11739 0 0 
4100 12892 12925 58 12430 12366 13337 11861 0 0 
4200 12988 13010 49 12440 12410 13355 11921 0 0 
4300 13006 12884 53 12552 12518 13334 12036 0 0 
4400 12914 13007 31 12493 12398 13373 11867 0 0 
4500 12890 13027 34 12335 12348 13353 11811 0 0 
4600 12948 12990 47 12372 12387 13319 11797 0 0 
4700 12934 12971 27 12478 12352 13303 11821 0 0 
4800 12910 12966 37 12494 12403 13367 11863 0 2 
4900 12881 12946 32 12348 12395 13402 11793 0 0 
5000 12906 13051 25 12552 12497 13390 12010 0 0 
5100 12884 13054 26 12423 12414 13363 11872 0 0 
5200 13039 13089 17 12557 12541 13409 11990 0 0 
5300 12789 12986 23 12389 12277 13414 11791 0 0 
5400 13062 13101 29 12551 12528 13483 11987 0 0 
5500 13057 13062 25 12492 12508 13453 11991 0 0 
5600 13012 13128 20 12449 12466 13423 11959 0 0 
5700 13013 13131 38 12422 12370 13368 11855 0 0 
5800 13055 13075 29 12532 12444 13404 11914 0 0 
5900 13063 13192 28 12536 12482 13434 11986 0 0 
6000 13010 13100 42 12511 12474 13384 11987 0 0 
6100 12915 13016 26 12367 12366 13394 11823 0 0 
6200 12903 13063 53 12416 12347 13399 11888 0 0 
6300 12992 13117 35 12427 12447 13446 11942 0 0 
6400 13025 13040 33 12490 12461 13411 11939 0 0 
6500 12955 13045 64 12499 12406 13333 11891 0 0 
6600 13040 13144 159 12537 12458 13318 11971 0 56 
6700 12997 13131 428 12562 12445 12952 11951 0 397 
6800 13056 13130 817 12535 12523 11984 12015 0 1141 
6900 12999 13095 1210 12554 12373 11085 11824 0 1841 
7000 13087 13143 1702 12691 12464 10110 11883 0 2543 
7100 13022 13202 2035 12672 12370 9202 11857 0 3262 
7200 12998 13091 2366 12667 12311 8265 11821 0 3974 
7300 13066 13241 2625 12793 12334 7646 11799 0 4566 
7400 13146 13219 2858 12769 12347 6882 11838 0 5094 
7500 13080 13240 2872 12754 12396 6273 11850 0 5723 
7600 13051 13309 2805 12793 12352 5575 11833 0 6249 
7700 13101 13360 2734 12812 12265 4916 11780 0 6793 
7800 13031 13232 2732 12777 12313 4228 11761 0 7370 
7900 13067 13283 2530 12805 12310 3400 11759 0 8095 
8000 13100 13249 2507 12814 12334 2906 11756 0 8489 
8100 13030 13359 2315 12793 12295 2491 11818 0 8910 
8200 13038 13269 2115 12802 12225 2209 11703 0 9157 
8300 13034 13203 1967 12743 12242 2043 11672 0 9215 
8400 13040 13208 1824 12734 12225 1832 11654 0 9363 
8500 13117 13343 1599 12777 12281 1675 11759 0 9666 
8600 13152 13361 1432 12872 12383 1487 11742 0 9862 
8700 13142 13186 1116 12466 12290 1106 11774 0 10368 
8800 13108 13254 1496 11855 12216 1520 11700 0 10685 
8900 13106 13269 1886 11931 12205 1919 11671 0 10838 
