# Avida tasks data
# Mon Apr 17 10:49:22 2023
# First column gives the current update, next columns give the number
# of organisms that have the particular task as a component of their merit
#  1: Update
#  2: Not
#  3: Nand
#  4: And
#  5: OrNot
#  6: Or
#  7: AndNot
#  8: Nor
#  9: Xor
# 10: Equals

0 0 0 0 0 0 0 0 0 0 
100 0 0 0 0 0 0 0 0 0 
200 0 0 0 0 0 0 0 0 0 
300 0 0 0 0 0 0 0 0 0 
400 0 0 0 0 0 0 0 0 0 
500 0 0 0 0 0 0 0 0 0 
600 0 0 0 0 0 0 0 0 0 
700 0 26 0 4 0 0 0 0 0 
800 6 79 0 76 0 0 0 0 0 
900 36 145 0 312 1 2 0 0 0 
1000 756 147 0 558 848 0 0 0 0 
1100 1170 142 0 1856 1691 1137 20 0 0 
1200 2535 180 0 3164 2797 2608 40 0 0 
1300 3957 352 0 4334 3998 3808 64 0 0 
1400 5224 1028 2 5456 5087 4871 66 2 0 
1500 6299 1907 2 6601 6178 5913 84 0 0 
1600 7263 2923 0 7500 7078 6732 78 0 0 
1700 8306 3946 0 8598 8021 7652 101 0 0 
1800 9349 4748 0 9678 9058 8698 99 0 0 
1900 10129 5646 0 10498 9831 9369 123 0 0 
2000 10821 6740 2 11114 10396 9945 115 0 0 
2100 11508 7691 0 11520 10831 10346 110 0 0 
2200 11754 8377 0 11612 10896 10389 141 0 0 
2300 11940 9247 0 11700 10959 10434 141 0 0 
2400 12143 9859 2 11785 11107 10556 255 0 0 
2500 12191 10253 12 11707 11051 10572 571 0 0 
2600 12116 10170 8 11682 11022 10514 1316 0 0 
2700 12142 9816 20 11605 10930 10512 2135 0 0 
2800 12019 9127 32 11577 10952 10472 3110 0 0 
2900 12034 8339 37 11663 10925 10494 4092 0 0 
3000 12055 7457 65 11704 10932 10524 5042 0 0 
3100 12085 6387 73 11754 11006 10646 6049 0 0 
3200 12056 5449 65 11567 10871 10480 6807 0 0 
3300 12149 4552 69 11700 10958 10585 7749 0 0 
3400 12188 3766 82 11597 10901 10548 8476 0 0 
3500 12192 3011 184 11579 10965 10550 9108 0 0 
3600 12269 2380 659 11695 11006 10653 9770 0 0 
3700 12292 1813 1493 11662 10978 10609 10281 0 1 
3800 12335 1361 2268 11717 10979 10668 10693 0 2 
3900 12357 1225 3210 11773 11067 10728 10913 0 1 
4000 12382 1493 4086 11793 11077 10766 11123 0 2 
4100 12376 2007 5046 11785 11084 10790 11296 1 2 
4200 12424 2661 5796 11812 11155 10824 11421 0 1 
4300 12405 3360 6728 11797 11173 10896 11470 0 4 
4400 12497 4128 7506 11891 11256 10943 11589 1 0 
4500 12513 4877 8163 11931 11310 11046 11593 0 1 
4600 12567 5890 8658 11851 11272 10943 11519 0 7 
