# Avida tasks data
# Mon Apr 17 09:51:51 2023
# First column gives the current update, next columns give the number
# of organisms that have the particular task as a component of their merit
#  1: Update
#  2: Not
#  3: Nand
#  4: And
#  5: OrNot
#  6: Or
#  7: AndNot
#  8: Nor
#  9: Xor
# 10: Equals

0 0 0 0 0 0 0 0 0 0 
100 0 0 0 0 0 0 0 0 0 
200 0 0 0 0 0 0 0 0 0 
300 0 0 0 0 0 0 0 0 0 
400 0 0 0 0 0 0 0 0 0 
500 2 0 0 0 0 0 0 0 0 
600 0 4 0 0 0 0 0 0 0 
700 69 5 0 33 0 0 0 0 0 
800 329 7 0 245 0 0 0 0 0 
900 703 59 0 667 0 0 0 0 0 
1000 974 362 0 1575 20 0 0 0 0 
1100 1296 1107 0 2568 17 0 0 0 0 
1200 1292 1117 0 2575 16 0 0 0 0 
1300 1285 1120 0 2586 16 0 0 0 0 
1400 1163 1405 0 2795 17 0 0 0 0 
1500 926 2887 0 3623 544 9 1265 0 0 
1600 1339 4298 0 5108 2543 38 2873 0 0 
1700 1338 4295 0 5107 2542 38 2872 0 0 
1800 1404 4293 0 5175 2627 40 2939 0 0 
1900 1773 4166 1 5510 2944 41 3224 0 0 
2000 1773 4166 1 5510 2944 41 3224 0 0 
2100 1773 4166 1 5510 2944 41 3224 0 0 
2200 1773 4166 1 5510 2944 41 3224 0 0 
2300 3040 3787 4 6656 3892 114 4203 1 0 
2400 3039 3787 4 6655 3891 114 4202 1 0 
2500 3038 3787 4 6654 3891 114 4202 1 0 
2600 2750 4015 8 6770 4065 89 4280 0 0 
2700 2476 3750 2 6777 4082 95 4288 0 0 
2800 2119 3526 2 6809 4264 85 4502 0 0 
2900 2675 3001 3 6848 4439 91 4560 0 0 
3000 2318 3153 2 6843 4401 90 4513 0 0 
3100 2285 2454 2 6869 4596 100 4627 0 0 
