# Avida tasks data
# Mon Apr 17 13:52:43 2023
# First column gives the current update, next columns give the number
# of organisms that have the particular task as a component of their merit
#  1: Update
#  2: Not
#  3: Nand
#  4: And
#  5: OrNot
#  6: Or
#  7: AndNot
#  8: Nor
#  9: Xor
# 10: Equals

0 0 0 0 0 0 0 0 0 0 
100 0 0 0 0 0 0 0 0 0 
200 0 0 0 0 0 0 0 0 0 
300 0 0 0 0 0 0 0 0 0 
400 0 0 0 0 0 0 0 0 0 
500 0 0 0 0 0 0 0 0 0 
600 0 0 0 0 0 0 0 0 0 
700 8 0 0 0 0 0 0 0 0 
800 25 0 0 0 0 0 0 0 0 
900 65 0 0 0 0 0 0 0 0 
1000 92 9 0 0 0 0 0 0 0 
1100 135 4 0 0 0 0 0 0 0 
1200 190 24 0 0 0 0 0 0 0 
1300 354 85 0 30 0 0 0 0 0 
1400 440 165 0 298 0 0 0 0 0 
1500 672 859 0 1056 4 0 0 0 0 
1600 915 642 0 1810 2395 16 1633 0 0 
1700 3785 639 0 4647 4508 42 3985 0 0 
1800 5970 631 1 6532 5981 71 5594 0 0 
1900 7736 748 2 8194 7395 72 6961 0 0 
2000 9419 1063 17 9721 8769 102 8357 0 0 
2100 10733 659 5 10756 9851 808 9348 0 0 
2200 11341 755 17 11263 10316 2498 9877 0 0 
2300 11682 2314 27 11604 10715 3940 10210 2 0 
2400 12032 3688 24 11814 11063 5604 10566 0 0 
2500 12318 5068 36 12020 11322 6891 10823 0 0 
2600 12745 6413 745 12273 11664 8148 11091 3 0 
2700 12923 7755 2106 12602 12006 9136 11329 0 1 
2800 13176 8898 3364 12785 12161 9860 11507 0 0 
2900 13296 9982 4576 13014 12326 10442 11622 0 0 
3000 13345 10735 5635 13045 12364 11021 11675 1 0 
3100 13393 11434 6686 13151 12467 11523 11708 0 0 
3200 13470 11920 7544 13152 12440 11965 11649 1 1 
3300 13456 12159 8478 13140 12344 12228 11647 0 0 
3400 13492 12478 9317 13113 12416 12502 11591 1 0 
3500 13588 12599 10096 13213 12513 12603 11705 1 0 
3600 13585 12729 10516 13247 12521 12678 11793 2 1 
3700 13595 12731 10823 13183 12580 12703 11743 0 0 
3800 13534 12735 11059 13240 12614 12736 11793 0 0 
3900 13560 12790 11194 13158 12503 12662 11748 3 2 
4000 13587 12755 11310 13172 12516 12658 11786 2 1 
4100 13539 12761 11330 13180 12588 12665 11779 2 0 
4200 13511 12844 11227 13208 12579 12803 11748 0 0 
4300 13529 12828 11317 13255 12586 12657 11862 0 1 
4400 13507 12889 11295 13193 12595 12790 11790 0 0 
4500 13529 12766 11361 13201 12570 12628 11747 2 0 
4600 13512 12796 11200 13119 12549 12671 11659 1 0 
4700 13626 12680 11208 13178 12567 12622 11680 1 1 
4800 13563 12714 11274 13155 12605 12663 11767 1 0 
4900 13595 12718 11242 13261 12697 12693 11789 0 0 
5000 13556 12775 11150 13175 12534 12714 11682 3 0 
5100 13555 12692 11264 13199 12601 12751 11792 2 0 
5200 13530 12725 11270 13205 12546 12729 11784 0 0 
5300 13625 12801 11241 13222 12604 12768 11764 0 0 
5400 13641 12792 11341 13160 12577 12749 11818 0 3 
5500 13556 12840 11311 13197 12623 12737 11791 1 1 
5600 13527 12811 11357 13170 12583 12729 11805 0 0 
5700 13472 12841 11290 13162 12615 12838 11777 0 3 
5800 13558 12799 11337 13207 12605 12781 11809 0 0 
5900 13588 12781 11286 13167 12633 12782 11821 0 1 
6000 13571 12808 11320 13143 12525 12768 11761 0 1 
6100 13617 12945 11396 13281 12670 12880 11898 1 1 
6200 13617 12934 11356 13221 12683 12824 11852 2 0 
6300 13532 12863 11218 13126 12520 12753 11747 1 0 
6400 13601 12755 11344 13213 12648 12798 11768 1 1 
6500 13583 12744 11407 13218 12617 12802 11884 0 2 
6600 13581 12787 11400 13135 12598 12790 11845 0 0 
6700 13630 12816 11464 13248 12714 12824 11918 0 3 
6800 13513 12888 11370 13111 12636 12857 11872 1 0 
6900 13614 12854 11371 13194 12639 12809 11858 0 1 
7000 13608 12858 11367 13226 12629 12875 11827 0 0 
7100 13554 12780 11423 13172 12661 12841 11908 0 0 
7200 13597 12882 11391 13236 12693 12803 11892 0 1 
7300 13581 12946 11546 13200 12667 12889 11964 0 0 
7400 13573 12906 11387 13244 12637 12912 11870 0 0 
7500 13577 12928 11276 13164 12550 12954 11784 0 0 
7600 13636 12867 11397 13212 12621 12865 11879 0 2 
7700 13596 12892 11431 13204 12648 12889 11913 0 0 
7800 13543 13003 11296 13165 12515 12933 11726 0 0 
7900 13568 13039 11388 13171 12660 13047 11886 0 1 
8000 13571 12914 11407 13133 12604 12909 11899 0 0 
8100 13635 12870 11379 13245 12637 12919 11874 0 0 
8200 13599 12989 11398 13198 12671 12895 11874 0 0 
8300 13613 12965 11409 13214 12670 12891 11898 0 0 
8400 13642 12912 11421 13250 12701 12845 11854 0 3 
8500 13673 12986 11475 13216 12706 12895 11957 0 2 
8600 13632 12892 11390 13180 12656 12854 11858 0 1 
8700 13659 12954 11516 13272 12706 12926 11982 2 0 
8800 13573 12970 11388 13197 12612 12931 11860 0 0 
8900 13664 12920 11478 13198 12669 12916 11953 0 0 
9000 13654 12989 11468 13294 12741 12908 11932 0 0 
9100 13550 12910 11363 13107 12595 13010 11817 0 0 
9200 13573 12954 11486 13162 12724 12983 11971 0 3 
9300 13638 13017 11461 13258 12680 12977 11972 0 2 
9400 13621 12973 11481 13235 12740 12832 11911 0 0 
9500 13613 12944 11421 13235 12687 12988 11935 0 1 
9600 13598 13006 11403 13218 12666 12985 11871 0 1 
9700 13630 12882 11371 13223 12621 12919 11832 2 1 
9800 13662 12889 11383 13240 12686 12948 11891 0 0 
9900 13622 12975 11464 13276 12726 12984 11975 0 0 
10000 13670 12957 11510 13255 12732 12978 11955 2 2 
