# Avida tasks data
# Tue Apr 18 00:46:57 2023
# First column gives the current update, next columns give the number
# of organisms that have the particular task as a component of their merit
#  1: Update
#  2: Not
#  3: Nand
#  4: And
#  5: OrNot
#  6: Or
#  7: AndNot
#  8: Nor
#  9: Xor
# 10: Equals

0 0 0 0 0 0 0 0 0 0 
100 0 0 0 0 0 0 0 0 0 
200 0 0 0 0 0 0 0 0 0 
300 0 0 0 0 0 0 0 0 0 
400 0 0 0 0 0 0 0 0 0 
500 0 0 0 0 0 0 0 0 0 
600 0 0 0 0 0 0 0 0 0 
700 233 12 0 3 0 0 0 0 0 
800 2184 1311 0 11 0 0 0 0 0 
900 4882 4504 0 60 0 0 0 0 0 
1000 7644 7348 1 66 0 0 0 0 0 
1100 9291 8962 0 208 6 0 0 0 0 
1200 10253 10022 0 536 6 0 0 0 0 
1300 11052 10653 0 1218 7 0 0 0 0 
1400 11563 11271 0 2223 14 13 0 0 0 
1500 12059 11697 0 3239 19 408 2 0 0 
1600 12383 11877 3 3944 113 1493 5 0 0 
1700 12649 12067 17 4645 244 2790 325 0 0 
1800 12767 12063 19 5360 366 2727 1858 0 0 
1900 13186 12300 13 6280 350 2591 3246 0 0 
2000 13428 12498 27 7380 299 2380 4587 0 0 
2100 13530 12559 12 8590 185 2079 5954 0 0 
2200 13560 12486 8 9710 96 1590 7173 0 0 
2300 13654 12505 3 10664 39 1115 8364 0 0 
2400 13684 12483 13 11309 45 646 9350 0 0 
2500 13693 12512 10 11713 130 581 10086 0 0 
2600 13721 12476 12 11841 267 986 10442 0 0 
2700 13724 12510 28 11780 443 1987 10679 0 0 
2800 13690 12526 21 11588 642 3423 10966 0 0 
2900 13607 12520 36 11497 738 4665 10998 0 0 
3000 13707 12573 117 11527 796 5891 11029 0 0 
3100 13514 12478 143 11304 1049 7052 10960 0 0 
3200 13568 12522 105 11538 1914 8028 11045 2 0 
3300 13479 12549 89 11532 2986 8764 11082 0 0 
3400 13394 12527 44 11757 3931 9322 11146 0 0 
3500 13319 12499 51 11888 4976 9947 11099 0 0 
3600 13261 12519 33 12034 6063 10426 11107 0 0 
3700 13128 12443 144 12130 6761 10825 10993 0 0 
3800 13149 12629 347 12427 7637 11356 11101 0 0 
3900 13093 12566 595 12567 8298 11753 11152 2 0 
4000 13090 12672 975 12832 9085 12162 11306 0 0 
4100 12933 12554 1436 12860 9304 12246 11049 0 0 
4200 12963 12635 1851 12942 9845 12409 11176 0 0 
4300 12854 12641 2290 12904 10037 12515 11133 0 0 
4400 12789 12708 2807 12925 10366 12536 11199 0 0 
4500 12783 12797 3335 12964 10583 12661 11184 2 0 
4600 12724 12777 3843 12897 10686 12634 11158 0 0 
4700 12756 12809 4361 12934 10716 12681 11055 1 7 
4800 12664 12819 5051 12931 10863 12688 11064 0 9 
4900 12672 12867 5566 12848 10985 12583 11190 0 33 
5000 12699 12915 6296 12905 11062 12695 11238 2 48 
5100 12634 12912 6801 12892 11038 12677 11226 0 80 
5200 12645 12989 7397 12879 11002 12557 11189 0 110 
5300 12616 13028 8117 12903 11187 12606 11345 0 104 
5400 12641 13055 8590 12908 11155 12574 11300 0 93 
5500 12562 13106 9190 12843 11023 12531 11225 0 125 
5600 12608 13083 8893 12926 10519 11985 11297 0 681 
5700 12602 13073 8694 12939 10150 11579 11303 0 1061 
5800 12611 13070 8562 12937 10031 11447 11303 0 1197 
5900 12612 13064 8563 12936 10031 11449 11290 1 1177 
6000 12620 13068 8562 12936 10031 11447 11304 0 1189 
6100 12615 13047 8563 12919 10031 11450 11276 0 1161 
6200 12617 13055 8559 12925 10030 11453 11292 0 1173 
6300 12623 13064 8562 12931 10030 11455 11302 0 1189 
6400 12612 13057 8560 12924 10029 11460 11290 0 1176 
6500 12594 13056 8556 12920 10029 11459 11290 0 1162 
6600 12597 13062 8558 12923 10029 11457 11302 2 1186 
6700 12611 13068 8552 12927 10029 11459 11306 2 1193 
6800 12601 13053 8554 12914 10030 11458 11300 2 1193 
6900 12625 13078 8545 12940 10005 11426 11327 2 1247 
7000 12615 13073 8543 12929 9971 11393 11317 2 1269 
7100 12597 13045 8538 12910 9953 11374 11270 2 1240 
7200 12614 13055 8535 12926 9922 11343 11282 2 1287 
7300 12632 13070 8536 12936 9888 11303 11320 2 1346 
7400 12629 13068 8527 12931 9839 11249 11315 2 1389 
7500 12609 13055 8529 12926 9782 11188 11310 2 1439 
7600 12612 13074 8520 12934 9700 11102 11308 2 1513 
7700 12613 13062 8518 12925 9666 11070 11302 2 1536 
7800 12607 13052 8509 12918 9632 11025 11298 2 1572 
7900 12625 13068 8507 12935 9613 11006 11323 2 1609 
8000 12618 13061 8496 12924 9541 10918 11296 4 1657 
8100 12601 13048 8476 12878 9509 10889 11295 2 1678 
8200 12606 13062 8480 12777 9469 10843 11313 2 1731 
8300 12602 13068 8478 12700 9422 10788 11308 2 1781 
8400 12616 13063 8553 12795 9403 10773 11306 2 1793 
8500 12613 13063 8568 12805 9400 10773 11278 2 1769 
8600 12594 13044 8559 12815 9385 10762 11255 4 1770 
8700 12580 13031 8591 12810 9379 10750 11248 2 1759 
8800 12588 13049 8578 12736 9352 10724 11269 2 1814 
8900 12595 13042 8571 12696 9309 10677 11281 2 1858 
