# Avida tasks data
# Tue Apr 18 06:26:07 2023
# First column gives the current update, next columns give the number
# of organisms that have the particular task as a component of their merit
#  1: Update
#  2: Not
#  3: Nand
#  4: And
#  5: OrNot
#  6: Or
#  7: AndNot
#  8: Nor
#  9: Xor
# 10: Equals

0 0 0 0 0 0 0 0 0 0 
100 0 0 0 0 0 0 0 0 0 
200 0 0 0 0 0 0 0 0 0 
300 0 0 0 0 0 0 0 0 0 
400 0 0 0 0 0 0 0 0 0 
500 0 0 0 0 0 0 0 0 0 
600 0 0 0 0 0 0 0 0 0 
700 841 152 0 0 0 0 0 0 0 
800 2193 414 0 6 0 0 0 0 0 
900 3325 614 0 0 0 0 0 0 0 
1000 5555 1954 0 13 0 0 0 0 0 
1100 7528 3938 0 12 0 0 0 0 0 
1200 9010 5535 0 23 0 0 0 0 0 
1300 10076 6840 0 66 0 0 0 0 0 
1400 10479 7467 0 1102 0 0 0 0 0 
1500 10707 7795 0 2297 1 1 0 0 0 
1600 10905 8134 0 3400 1 2 0 0 0 
1700 11169 8602 0 4404 1 9 0 0 0 
1800 11338 8965 0 5444 2 5 0 0 0 
1900 11514 9430 0 6382 5 8 0 0 0 
2000 11792 10011 0 7336 6 8 0 0 0 
2100 12079 10591 0 8316 2 4 0 0 0 
2200 12310 11020 0 9176 9 0 0 0 0 
2300 12540 11503 0 9937 2 0 0 0 0 
2400 12654 11748 0 10469 7 0 0 0 0 
2500 12784 12027 0 11059 11 4 0 0 0 
2600 12879 12188 0 11513 9 1 0 0 0 
2700 13064 12522 0 11999 9 1 0 0 0 
2800 13070 12754 0 12430 8 0 0 0 0 
2900 13059 12886 0 12604 15 0 0 0 0 
3000 13072 13057 0 12899 14 0 0 0 0 
3100 13132 13067 0 13023 24 0 0 0 0 
3200 13140 13186 0 13089 10 0 0 0 0 
3300 13122 13153 0 13148 18 0 0 0 0 
3400 13139 13147 0 13170 22 0 0 0 0 
3500 13118 13104 0 13120 23 0 0 0 0 
3600 13159 13222 0 13172 18 0 0 0 0 
3700 13151 13252 0 13252 11 0 0 0 0 
3800 13142 13195 0 13200 22 0 0 0 0 
3900 13178 13155 0 13167 12 0 0 0 0 
4000 13153 13288 2 13247 19 0 0 0 0 
4100 13098 13110 0 13141 15 0 0 0 0 
4200 13098 13205 0 13219 11 0 0 0 0 
4300 13076 13198 0 13194 13 0 0 0 0 
4400 13171 13233 0 13194 18 0 0 0 0 
4500 13188 13166 0 13179 13 1 0 0 0 
4600 13196 13241 2 13224 11 0 0 0 0 
4700 13180 13233 0 13278 20 41 0 0 0 
4800 13190 13280 47 13253 14 101 0 0 0 
4900 13233 13281 485 13268 12 86 0 0 0 
5000 13183 13227 1232 13211 16 43 0 0 0 
5100 13180 13257 2037 13267 20 62 0 0 0 
5200 13138 13173 2805 13214 10 80 0 0 0 
5300 13136 13202 3695 13233 14 100 0 0 0 
5400 13092 13201 4574 13204 9 180 1 0 0 
5500 13116 13248 5610 13286 5 1009 0 0 0 
5600 13103 13204 6383 13223 6 1886 0 0 0 
5700 13092 13120 7300 13133 3 3071 3 0 0 
5800 13194 13114 8019 13160 16 4086 9 0 0 
5900 13210 13130 8723 13225 5 5047 5 0 0 
6000 13191 13133 9172 13154 12 5884 10 0 0 
6100 13103 13112 9569 13070 13 6764 10 0 0 
6200 13179 13097 10088 13127 15 7606 13 0 0 
6300 13119 13106 10479 13167 27 8382 20 0 0 
6400 13192 13134 10970 13102 15 9180 11 0 0 
6500 13059 13061 11350 13082 23 9792 19 0 0 
6600 13186 13155 11517 13179 12 10524 7 0 0 
6700 13279 13242 11692 13267 12 11079 13 0 0 
6800 13190 13156 11871 13120 17 11424 17 0 0 
6900 13217 13163 12082 13163 18 11749 15 0 0 
7000 13224 13174 12128 13194 20 11973 21 0 0 
7100 13245 13147 12157 13173 12 12123 8 0 0 
7200 13234 13155 12281 13180 25 12407 22 0 0 
7300 13216 13181 12419 13150 18 12524 17 0 0 
7400 13235 13238 12393 13254 16 12673 17 0 0 
7500 13265 13220 12477 13225 21 12814 20 0 0 
7600 13196 13122 12443 13170 25 12837 19 0 0 
7700 13280 13193 12503 13215 18 12936 15 0 0 
7800 13281 13261 12449 13253 15 12938 14 0 0 
7900 13165 13106 12408 13140 19 12868 22 0 0 
8000 13301 13199 12445 13200 15 12972 13 0 0 
8100 13236 13218 12433 13282 21 13019 15 0 0 
8200 13184 13164 12353 13214 26 12935 22 0 0 
8300 13250 13170 12442 13165 15 12941 14 0 0 
8400 13251 13169 12525 13172 29 12903 25 0 0 
8500 13231 13185 12462 13211 24 12962 14 0 0 
8600 13272 13223 12462 13209 25 12935 22 0 0 
8700 13351 13232 12382 13201 9 12990 11 0 0 
8800 13269 13240 12406 13192 12 12934 15 0 0 
8900 13262 13233 12454 13204 23 12960 23 0 0 
9000 13285 13280 12540 13238 16 13006 11 0 0 
9100 13279 13184 12457 13165 18 12993 11 0 0 
9200 13214 13117 12486 13146 15 12948 20 0 0 
9300 13270 13217 12486 13251 21 13001 18 0 0 
9400 13278 13261 12490 13269 19 12969 11 0 0 
9500 13340 13250 12528 13216 21 12939 22 0 0 
9600 13195 13095 12511 13115 23 12865 19 0 0 
9700 13321 13262 12587 13255 20 13054 14 0 0 
9800 13302 13233 12536 13240 26 12946 15 0 0 
9900 13327 13179 12364 13181 18 12969 17 0 0 
10000 13293 13271 12455 13308 26 13063 19 0 0 
