# Avida tasks data
# Tue Apr 18 01:48:32 2023
# First column gives the current update, next columns give the number
# of organisms that have the particular task as a component of their merit
#  1: Update
#  2: Not
#  3: Nand
#  4: And
#  5: OrNot
#  6: Or
#  7: AndNot
#  8: Nor
#  9: Xor
# 10: Equals

0 0 0 0 0 0 0 0 0 0 
100 0 0 0 0 0 0 0 0 0 
200 0 0 0 0 0 0 0 0 0 
300 0 0 0 0 0 0 0 0 0 
400 0 0 0 0 0 0 0 0 0 
500 0 0 0 0 0 0 0 0 0 
600 119 0 0 0 0 0 0 0 0 
700 880 0 2 0 0 0 0 0 0 
800 2249 0 1 0 0 0 0 0 0 
900 4213 0 0 0 0 0 0 0 0 
1000 6363 364 5 40 0 0 0 0 0 
1100 7561 1846 23 1108 0 0 0 0 0 
1200 8219 3286 18 1442 0 1664 0 0 0 
1300 8569 4754 724 1325 0 3386 0 0 0 
1400 8836 6017 2385 1295 3 4798 0 0 0 
1500 9066 7024 3519 1550 1114 5913 0 0 0 
1600 9964 8490 4427 3060 4297 7385 0 0 0 
1700 11191 9899 5867 5463 6784 9071 0 0 0 
1800 11755 10612 7004 6909 8119 10021 0 0 0 
1900 12087 10930 7933 7920 9135 10539 1 0 0 
2000 12235 11221 8884 8941 10002 11041 0 0 0 
2100 12507 11363 9512 9680 10728 11319 0 0 0 
2200 12713 11647 10447 10617 11458 11837 0 0 0 
2300 12870 11840 11009 10942 11986 12166 1 0 0 
2400 12985 12104 11469 11445 12293 12493 2 0 0 
2500 13049 12331 11761 11744 12554 12669 0 0 0 
2600 13120 12611 12104 12048 12750 12966 0 0 0 
2700 13154 12470 12059 12015 12813 13012 2 0 0 
2800 13119 12509 12012 12137 12826 12993 2 0 0 
2900 13138 12451 11977 12020 12820 12863 0 0 0 
3000 13136 12595 12215 12220 12845 12977 3 0 0 
3100 13089 12630 12192 12312 12817 13011 1 0 0 
3200 13161 12577 12136 12209 12873 13022 3 0 0 
3300 13223 12634 12135 12287 12934 13009 0 0 0 
3400 13148 12582 12172 12243 12858 12973 2 0 0 
3500 13208 12621 12200 12381 12960 13025 0 0 0 
3600 13154 12488 12026 12113 12893 13004 0 0 0 
3700 13221 12639 12261 12341 12916 13064 1 0 0 
3800 13135 12669 12211 12350 12877 13071 0 0 0 
3900 13214 12675 12311 12368 12899 13046 0 0 0 
4000 13218 12716 12286 12349 12913 13060 3 0 0 
4100 13257 12591 12207 12365 12972 13033 0 0 0 
4200 13315 12724 12267 12430 13004 13122 2 0 0 
4300 13269 12693 12252 12395 12958 13177 0 0 0 
4400 13313 12774 12297 12449 13019 13143 7 0 0 
4500 13217 12729 12377 12460 12929 13166 0 0 0 
4600 13267 12775 12326 12468 13005 13027 1 0 0 
4700 13249 12701 12313 12471 12955 13164 0 0 0 
4800 13221 12700 12287 12283 12959 13095 2 0 0 
4900 13211 12725 12295 12377 12913 13116 0 0 0 
5000 13319 12673 12305 12308 13030 13112 0 0 0 
5100 13264 12715 12354 12404 12954 13200 2 0 0 
5200 13230 12687 12257 12378 12975 13085 4 0 1 
5300 13271 12769 12413 12374 12949 13137 0 0 0 
5400 13270 12709 12298 12419 12962 13209 0 0 0 
5500 13202 12713 12308 12320 12940 13072 2 0 0 
5600 13226 12849 12460 12561 12977 13227 2 0 0 
5700 13230 12744 12402 12426 12924 13106 0 0 0 
5800 13328 12780 12404 12506 13023 13242 1 0 0 
5900 13265 12638 12327 12349 12968 13137 1 0 2 
6000 13276 12851 12453 12478 13020 13174 5 0 0 
6100 13287 12737 12389 12408 12925 13129 2 0 0 
6200 13244 12779 12406 12461 12953 13163 1 0 0 
6300 13258 12859 12391 12485 12973 13202 0 0 1 
6400 13232 12764 12375 12437 12956 13240 2 0 0 
6500 13313 12855 12445 12563 13004 13263 7 0 0 
6600 13287 12838 12419 12493 12981 13211 5 0 0 
6700 13249 12827 12419 12466 12994 13226 2 0 0 
6800 13194 12765 12347 12466 12913 13219 0 0 22 
6900 13272 12764 11113 12412 12974 13252 2 0 1188 
7000 13228 12780 9439 12441 12938 13248 0 0 2843 
7100 13220 12829 7982 12533 12867 13244 2 0 4348 
7200 13172 12727 6355 12432 12859 13181 1 0 5869 
7300 13156 12812 4894 12533 12787 13234 0 0 7404 
7400 13150 12831 3735 12489 12781 13216 0 0 8546 
7500 13150 12885 2675 12598 12824 13177 0 1 9535 
7600 13136 12871 2032 12605 12828 13233 1 2 10224 
7700 13080 12750 1552 12497 12751 13227 0 0 10551 
7800 13111 12800 1134 12581 12728 13210 0 0 11039 
7900 13049 12827 896 12670 12747 13258 0 0 11388 
8000 13109 12871 643 12625 12789 13239 0 0 11533 
8100 13077 12727 555 12462 12706 13221 0 0 11492 
8200 13039 12812 599 12522 12609 13270 0 0 11531 
8300 13120 12756 557 12460 12726 13209 0 0 11555 
8400 13071 12798 576 12595 12695 13227 0 0 11559 
8500 13126 12763 634 12503 12802 13150 0 0 11472 
8600 13081 12889 549 12570 12769 13223 0 0 11539 
8700 13106 12831 608 12618 12775 13179 0 0 11654 
8800 13191 12761 563 12516 12775 13261 0 0 11542 
8900 13076 12777 519 12504 12738 13228 1 0 11557 
9000 13084 12889 583 12646 12732 13226 1 0 11627 
9100 13140 12908 517 12674 12713 13303 0 0 11658 
9200 13185 12792 564 12530 12835 13161 0 0 11459 
9300 13164 12835 586 12624 12803 13244 0 1 11609 
9400 13148 12799 564 12558 12773 13267 0 0 11532 
9500 13023 12854 584 12648 12653 13250 0 0 11559 
9600 13162 12903 644 12644 12790 13239 0 0 11536 
9700 13054 12790 572 12516 12635 13228 0 0 11520 
9800 13124 12873 567 12645 12794 13187 1 0 11596 
9900 13082 12780 544 12471 12724 13207 0 0 11492 
10000 13119 12801 560 12577 12758 13210 1 0 11537 
