# Avida tasks data
# Mon Apr 17 16:05:58 2023
# First column gives the current update, next columns give the number
# of organisms that have the particular task as a component of their merit
#  1: Update
#  2: Not
#  3: Nand
#  4: And
#  5: OrNot
#  6: Or
#  7: AndNot
#  8: Nor
#  9: Xor
# 10: Equals

0 0 0 0 0 0 0 0 0 0 
100 0 0 0 0 0 0 0 0 0 
200 0 0 0 0 0 0 0 0 0 
300 0 0 0 0 0 0 0 0 0 
400 0 0 0 0 0 0 0 0 0 
500 0 0 0 0 0 0 0 0 0 
600 3 0 0 0 0 0 0 0 0 
700 10 0 0 0 0 0 0 0 0 
800 22 0 0 0 0 0 0 0 0 
900 72 0 0 0 0 0 0 0 0 
1000 140 0 0 0 0 0 0 0 0 
1100 262 0 0 0 0 0 0 0 0 
1200 504 0 0 2 0 0 0 0 0 
1300 953 16 0 30 0 0 0 0 0 
1400 1317 79 22 511 0 0 1 0 0 
1500 1605 217 50 1951 1 0 0 0 0 
1600 2464 935 117 3224 73 6 30 0 0 
1700 2997 1156 159 4707 379 17 1388 0 0 
1800 4330 1035 77 6164 1412 19 3056 0 0 
1900 5081 921 230 7292 2907 631 4222 0 0 
2000 4920 890 1156 8028 4043 1176 5183 0 0 
2100 5314 899 1938 8594 4802 1509 5864 0 0 
2200 5842 872 2663 9054 5400 1666 6446 0 0 
2300 6499 919 3479 9564 6003 1840 7136 0 1 
2400 7139 1078 4042 9920 6362 1913 7520 0 0 
2500 7668 1438 4568 10291 6870 2381 8111 0 0 
2600 8200 1977 5024 10448 7147 2782 8357 0 3 
2700 8633 2539 5490 10623 7486 3231 8605 0 7 
2800 9067 3283 5945 10808 7765 3868 8843 0 33 
2900 9362 3866 6251 10853 7943 4344 9023 0 48 
3000 9763 4613 6603 10994 8138 4913 9187 0 61 
3100 10035 5381 6984 11109 8480 5599 9350 0 29 
3200 10345 6161 7546 11219 8839 6245 9539 0 15 
3300 10684 6899 7920 11297 9046 6874 9718 0 24 
3400 10995 7693 8379 11483 9372 7480 9951 0 14 
3500 11317 8436 8747 11631 9641 8046 10170 0 11 
3600 11611 9018 9058 11656 9920 8584 10383 0 8 
3700 11959 9626 9344 11842 10141 9126 10578 0 19 
3800 12221 10168 9812 12090 10393 9564 10824 0 15 
3900 12491 10557 9934 12095 10524 9968 11023 0 28 
4000 12717 10979 10208 12278 10796 10396 11248 0 47 
4100 12884 11310 10438 12362 10971 10705 11416 0 62 
4200 13080 11659 10621 12337 11164 11094 11688 0 209 
4300 13259 11917 10770 12166 11285 11303 11799 0 524 
4400 13391 12194 10870 11739 11491 11550 12017 0 997 
4500 13460 12386 11060 11378 11691 11914 12285 0 1600 
4600 13522 10751 11147 9879 11893 12104 12456 2 3287 
4700 13554 9518 11209 9318 11970 12175 12514 2 4524 
4800 13537 8202 11156 9287 11928 12153 12493 3 5512 
4900 13520 8669 11159 9670 11940 12173 12524 6 5692 
5000 13543 8993 11204 10179 11945 12207 12556 7 6168 
5100 13566 9229 11231 10709 11989 12194 12549 10 6610 
5200 13564 9560 11254 11051 11995 12228 12535 8 7252 
5300 13587 9684 11400 11334 12050 12287 12625 20 7925 
5400 13559 9687 11357 11613 12008 12322 12628 27 8312 
5500 13575 9662 11376 11825 12072 12301 12605 26 8713 
5600 13592 9846 11405 12074 12115 12398 12670 28 9214 
5700 13644 10008 11464 12303 12128 12474 12721 29 9660 
5800 13700 10099 11548 12562 12221 12563 12778 33 10092 
5900 13716 10231 11587 12687 12251 12612 12829 27 10531 
6000 13754 10385 11660 12846 12372 12689 12904 34 10970 
6100 13783 10487 11696 12945 12400 12813 12981 26 11388 
6200 13857 10618 11779 13108 12453 12968 13101 40 11801 
6300 13859 10542 11820 13173 12505 13024 13119 28 12101 
6400 13876 10887 11873 13128 12550 13069 13158 28 12388 
6500 13882 10988 11951 13225 12599 13218 13262 42 12640 
6600 13924 11035 12052 13246 12670 13275 13329 25 12841 
6700 13963 11047 12072 13266 12699 13338 13399 37 13005 
6800 13976 11245 12099 13300 12748 13365 13362 22 13157 
6900 13986 11366 12105 13350 12823 13430 13443 36 13258 
7000 14018 11512 12121 13267 12729 13420 13413 30 13319 
7100 14006 11587 12207 13294 12790 13507 13431 12 13329 
7200 14036 11702 12165 13288 12802 13531 13471 24 13400 
7300 14053 11919 12154 13311 12762 13504 13423 31 13393 
7400 14031 11992 12255 13350 12859 13543 13478 21 13429 
7500 14040 12091 12176 13311 12845 13504 13435 14 13378 
7600 14023 11988 12230 13343 12812 13530 13471 21 13407 
7700 14056 12076 12277 13390 12875 13602 13513 20 13417 
7800 14058 12280 12214 13345 12848 13565 13483 22 13393 
7900 14047 12445 12230 13347 12892 13544 13503 19 13396 
8000 14044 12597 12254 13367 12904 13591 13533 18 13440 
8100 14059 12579 12232 13296 12837 13523 13459 12 13396 
8200 14066 12690 12320 13434 12906 13612 13523 17 13449 
8300 14064 12759 12303 13391 12954 13570 13471 18 13429 
8400 14063 12955 12327 13392 12937 13621 13545 15 13495 
8500 14058 12937 12331 13375 12891 13599 13557 7 13489 
8600 14086 12944 12377 13404 12921 13605 13554 8 13520 
8700 14040 13033 12260 13354 12863 13566 13492 7 13434 
8800 14079 13109 12320 13389 12833 13614 13549 11 13511 
8900 14082 13120 12410 13386 12925 13569 13526 11 13487 
9000 14067 13086 12242 13380 12853 13616 13572 11 13434 
9100 14077 13173 12301 13382 12936 13553 13510 10 13460 
9200 14081 13278 12347 13360 12931 13570 13534 10 13497 
9300 14069 13212 12355 13324 12922 13554 13504 20 13514 
9400 14057 13228 12246 13289 12827 13535 13483 16 13453 
9500 14051 13195 12212 13239 12805 13481 13438 14 13412 
9600 14034 13198 12154 13188 12734 13440 13404 17 13433 
9700 14070 13252 12125 13230 12774 13467 13425 14 13406 
9800 13988 13269 12055 13152 12635 13384 13340 12 13335 
9900 14053 13337 12120 13207 12744 13427 13386 9 13382 
10000 14009 13303 12028 13068 12673 13388 13349 16 13372 
