# Avida tasks data
# Tue Apr 18 05:04:03 2023
# First column gives the current update, next columns give the number
# of organisms that have the particular task as a component of their merit
#  1: Update
#  2: Not
#  3: Nand
#  4: And
#  5: OrNot
#  6: Or
#  7: AndNot
#  8: Nor
#  9: Xor
# 10: Equals

0 0 0 0 0 0 0 0 0 0 
100 0 0 0 0 0 0 0 0 0 
200 0 0 0 0 0 0 0 0 0 
300 0 0 0 0 0 0 0 0 0 
400 0 0 0 0 0 0 0 0 0 
500 39 0 0 0 0 0 0 0 0 
600 1774 16 0 22 2 0 0 0 0 
700 3651 1035 0 92 0 0 0 0 0 
800 4926 2583 0 162 2 0 0 0 0 
900 5727 3395 0 171 2 2 1 0 0 
1000 7767 5729 3 266 3 0 0 0 0 
1100 9920 7970 0 348 6 0 0 0 0 
1200 10027 8039 0 368 4 0 0 0 0 
1300 10384 8450 0 334 2 0 0 0 0 
1400 10383 8450 0 334 2 0 0 0 0 
1500 10733 8927 2 373 5 2 0 0 0 
1600 10733 8927 2 373 5 2 0 0 0 
1700 10733 8927 2 373 5 2 0 0 0 
1800 10733 8927 2 373 5 2 0 0 0 
1900 10734 8928 2 373 5 2 0 0 0 
2000 10827 9051 3 399 4 0 3 0 0 
2100 10775 9009 3 390 4 0 3 0 0 
2200 10770 9001 3 397 4 0 3 0 0 
2300 10769 9000 3 397 4 0 3 0 0 
2400 10768 9001 3 399 4 0 3 0 0 
2500 10770 9002 3 398 4 0 3 0 0 
2600 10770 9001 3 397 4 0 3 0 0 
2700 10770 9001 3 397 4 0 3 0 0 
2800 10771 9002 3 397 4 0 3 0 0 
2900 10755 8995 3 396 4 0 3 0 0 
3000 10755 8995 3 396 4 0 3 0 0 
3100 10734 8977 3 401 4 0 3 0 0 
3200 10734 8977 3 401 4 0 3 0 0 
3300 10734 8977 3 401 4 0 3 0 0 
3400 10736 8979 3 401 4 0 3 0 0 
3500 10736 8979 3 401 4 0 3 0 0 
3600 10736 8979 3 401 4 0 3 0 0 
3700 10736 8979 3 401 4 0 3 0 0 
3800 10736 8979 3 401 4 0 3 0 0 
3900 10738 8981 3 401 4 0 3 0 0 
4000 10739 8981 3 400 4 0 3 0 0 
4100 10739 8981 3 400 4 0 3 0 0 
4200 10739 8981 3 400 4 0 3 0 0 
4300 10739 8981 3 400 4 0 3 0 0 
4400 10739 8981 3 400 4 0 3 0 0 
4500 10738 9002 3 406 4 0 3 0 0 
4600 10738 9002 3 406 4 0 3 0 0 
4700 10740 9006 3 406 4 0 3 0 0 
4800 10740 9007 3 406 4 0 3 0 0 
4900 10739 9008 3 406 4 0 3 0 0 
5000 10738 9008 3 406 4 0 3 0 0 
5100 10738 9009 3 406 4 0 3 0 0 
5200 10738 9008 3 406 4 0 3 0 0 
5300 10738 9008 3 406 4 0 3 0 0 
5400 10738 9009 3 406 4 0 3 0 0 
5500 10711 9012 3 410 4 0 3 0 0 
5600 10790 9082 3 416 4 1 3 0 0 
5700 10852 9160 3 426 4 1 3 0 0 
5800 10875 9196 3 426 4 1 3 0 0 
5900 10875 9196 3 426 4 1 3 0 0 
6000 10874 9199 3 426 4 1 3 0 0 
6100 10874 9200 3 426 4 1 3 0 0 
6200 10873 9199 3 426 4 1 3 0 0 
6300 10873 9200 3 426 4 1 3 0 0 
6400 10872 9202 3 426 4 1 3 0 0 
6500 10872 9204 3 426 4 1 3 0 0 
6600 10871 9204 3 426 4 1 3 0 0 
6700 10876 9206 3 429 4 1 3 0 0 
6800 10874 9206 3 429 4 1 3 0 0 
6900 10874 9206 3 429 4 1 3 0 0 
7000 10910 9246 3 433 4 1 3 0 0 
7100 10919 9293 3 435 4 1 3 0 0 
7200 10936 9330 3 439 4 1 3 0 0 
7300 10936 9330 3 439 4 1 3 0 0 
7400 10936 9330 3 439 4 1 3 0 0 
7500 10935 9331 3 439 4 1 3 0 0 
7600 10936 9332 3 439 4 1 3 0 0 
7700 10936 9333 3 439 4 1 3 0 0 
7800 10985 9391 3 446 4 1 3 0 0 
7900 10986 9392 3 446 4 1 3 0 0 
8000 10986 9392 3 446 4 1 3 0 0 
8100 10986 9392 3 446 4 1 3 0 0 
8200 10986 9392 3 446 4 1 3 0 0 
8300 11040 9451 3 458 4 1 3 0 0 
8400 11070 9467 3 455 4 1 3 0 0 
8500 11131 9533 3 458 4 1 3 0 0 
8600 11217 9598 3 472 4 1 3 0 0 
8700 11229 9666 3 468 4 3 3 0 0 
8800 11213 9666 3 469 4 2 3 0 0 
8900 11208 9667 3 467 4 2 3 0 0 
9000 11207 9666 3 467 4 2 3 0 0 
9100 11208 9667 3 467 4 2 3 0 0 
9200 11208 9667 3 467 4 2 3 0 0 
9300 11207 9668 3 467 4 2 3 0 0 
9400 11206 9667 3 467 4 2 3 0 0 
9500 11206 9667 3 467 4 2 3 0 0 
9600 11208 9668 3 467 4 2 3 0 0 
9700 11206 9668 3 467 4 2 3 0 0 
9800 11206 9668 3 467 4 2 3 0 0 
9900 11206 9668 3 467 4 2 3 0 0 
10000 11208 9669 3 467 4 2 3 0 0 
