# Avida tasks data
# Mon Apr 17 15:01:04 2023
# First column gives the current update, next columns give the number
# of organisms that have the particular task as a component of their merit
#  1: Update
#  2: Not
#  3: Nand
#  4: And
#  5: OrNot
#  6: Or
#  7: AndNot
#  8: Nor
#  9: Xor
# 10: Equals

0 0 0 0 0 0 0 0 0 0 
100 0 0 0 0 0 0 0 0 0 
200 0 0 0 0 0 0 0 0 0 
300 4 0 0 0 0 0 0 0 0 
400 5 0 0 0 0 0 0 0 0 
500 1 0 0 0 0 0 0 0 0 
600 16 0 0 0 0 0 0 0 0 
700 10 0 0 0 0 0 0 0 0 
800 11 0 0 0 0 0 0 0 0 
900 33 0 0 0 0 0 0 0 0 
1000 141 11 0 0 0 0 0 0 0 
1100 396 145 0 31 0 0 0 0 0 
1200 612 563 0 729 0 0 0 0 0 
1300 572 1109 2 1370 0 344 0 1 0 
1400 544 1123 2 1574 0 266 0 1 0 
1500 540 1185 2 1740 0 266 0 1 0 
1600 546 1150 2 1824 0 266 0 1 0 
1700 541 1000 2 1818 0 235 1 1 0 
1800 529 851 2 1901 0 110 1 1 0 
1900 493 757 0 1970 0 57 1 1 0 
2000 451 721 1 2108 0 80 1 1 0 
2100 449 675 11 2147 0 396 1 1 0 
2200 460 636 25 2367 0 620 1 0 0 
2300 467 801 38 2394 0 854 1 0 0 
2400 466 925 38 2442 0 1008 1 0 0 
2500 465 984 40 2474 0 1127 1 0 0 
2600 455 1160 97 2618 2 1265 1 0 0 
2700 452 1386 393 2877 2 1476 1 0 0 
2800 448 1595 555 3098 2 1657 1 0 0 
2900 455 1813 745 3307 2 1841 1 0 0 
3000 450 1984 922 3465 2 2023 1 0 0 
3100 445 2154 1107 3604 2 2209 1 0 0 
3200 438 2350 1256 3748 0 2336 1 0 0 
3300 441 2461 1358 3823 0 2448 1 0 0 
3400 441 2608 1451 3898 0 2562 0 0 0 
3500 450 2699 1529 3944 0 2649 0 0 0 
3600 449 2906 1590 4089 0 2868 0 0 0 
3700 435 3047 1632 4138 9 3023 0 0 0 
3800 460 3404 1733 4466 108 3387 0 0 0 
3900 460 3501 1712 4570 192 3540 0 0 0 
4000 454 3704 1897 4758 229 3812 0 0 0 
4100 457 3878 2041 4947 229 3988 0 0 0 
4200 457 3907 2044 5006 229 4020 0 0 0 
4300 464 3950 2064 5031 230 4058 0 0 0 
4400 463 4011 2092 5100 229 4101 0 0 0 
4500 461 4134 2203 5242 229 4226 0 0 0 
4600 461 4189 2243 5294 229 4289 0 0 0 
4700 463 4223 2273 5322 229 4316 0 0 0 
4800 468 4262 2325 5389 229 4374 0 0 0 
4900 466 4315 2358 5448 229 4419 0 0 0 
5000 469 4380 2422 5493 221 4481 0 0 0 
5100 466 4373 2419 5501 221 4479 1 0 0 
5200 465 4357 2375 5486 220 4458 0 0 0 
5300 464 4436 2411 5543 219 4512 0 0 0 
5400 462 4439 2444 5529 217 4527 0 0 0 
5500 464 4548 2447 5643 217 4657 0 0 0 
5600 470 4582 2354 5672 215 4682 0 0 0 
5700 475 4592 2345 5663 206 4668 0 0 0 
5800 478 4671 2362 5756 206 4754 0 0 0 
5900 471 4790 2353 5823 206 4835 0 0 0 
6000 479 4814 2343 5859 206 4867 0 0 0 
6100 495 4832 2341 5880 197 4879 0 0 0 
6200 508 4877 2353 5904 169 4904 0 0 0 
6300 499 4859 2339 5921 149 4924 0 0 0 
6400 509 4879 2297 5928 143 4928 0 0 0 
6500 509 4884 2280 5946 139 4954 0 0 0 
6600 516 4903 2207 5938 96 4938 0 0 0 
6700 528 4956 2143 5986 65 4969 0 0 0 
6800 535 4992 2107 6025 50 4989 0 0 0 
6900 536 5032 2065 6061 45 4992 0 0 0 
7000 531 5049 2011 6066 38 5023 0 0 0 
7100 553 5069 1983 6100 32 5048 0 0 0 
7200 542 5176 1923 6179 23 5152 0 0 0 
7300 541 5221 1923 6211 21 5164 0 0 0 
7400 550 5270 1926 6231 21 5196 0 0 0 
7500 534 5326 1897 6280 20 5237 0 0 0 
7600 534 5358 1884 6323 20 5285 0 0 0 
7700 531 5371 1878 6347 20 5292 0 0 0 
7800 534 5409 1868 6373 20 5325 0 0 0 
7900 530 5423 1896 6386 20 5324 0 0 0 
8000 538 5425 1888 6412 21 5328 0 0 0 
8100 539 5430 1903 6436 20 5339 0 0 0 
8200 546 5464 1881 6476 20 5380 0 0 0 
8300 556 5485 1864 6509 19 5378 0 0 0 
8400 560 5537 1878 6560 19 5424 0 0 0 
8500 545 5566 1843 6571 19 5439 0 0 0 
8600 552 5624 1859 6609 15 5462 0 0 0 
8700 555 5627 1867 6618 15 5471 0 0 0 
8800 559 5671 1864 6637 8 5500 0 0 0 
8900 552 5753 1864 6673 6 5553 0 0 0 
9000 551 5760 1847 6664 6 5574 0 0 0 
9100 552 5776 1860 6673 5 5602 0 0 0 
9200 536 5785 1833 6670 5 5588 0 0 0 
9300 549 5817 1832 6683 5 5594 0 0 0 
9400 545 5831 1819 6679 5 5601 0 0 0 
9500 529 5845 1840 6704 5 5622 0 0 0 
9600 539 5833 1820 6700 5 5610 0 0 0 
9700 552 5888 1834 6750 5 5679 0 0 0 
9800 533 5940 1853 6781 6 5699 0 0 0 
9900 530 5938 1824 6767 8 5711 0 0 0 
10000 554 5965 1832 6821 6 5758 0 0 0 
