# Avida tasks data
# Mon Apr 17 17:37:17 2023
# First column gives the current update, next columns give the number
# of organisms that have the particular task as a component of their merit
#  1: Update
#  2: Not
#  3: Nand
#  4: And
#  5: OrNot
#  6: Or
#  7: AndNot
#  8: Nor
#  9: Xor
# 10: Equals

0 0 0 0 0 0 0 0 0 0 
100 0 0 0 0 0 0 0 0 0 
200 0 0 0 0 0 0 0 0 0 
300 0 0 0 0 0 0 0 0 0 
400 0 0 0 0 0 0 0 0 0 
500 0 3 0 122 2 0 0 0 0 
600 81 30 0 979 5 0 0 0 0 
700 417 117 0 2404 865 0 0 0 0 
800 921 145 0 4157 2673 1 0 0 0 
900 1759 183 0 5729 4260 6 0 0 0 
1000 2986 258 0 7403 5857 71 2 0 0 
1100 4083 239 0 8591 7232 1273 17 0 0 
1200 5332 236 1 9205 8044 2650 42 0 0 
1300 6510 209 0 9762 8634 3768 71 0 0 
1400 7365 280 0 10206 9231 4530 105 0 0 
1500 8257 486 1 10652 9688 5386 141 0 0 
1600 9212 738 1 11016 10081 6351 135 0 0 
1700 10250 1068 0 11609 10762 7542 115 0 0 
1800 11143 1408 0 11976 11054 8587 122 0 0 
1900 11931 1847 1 12187 11285 9295 150 0 0 
2000 12479 2490 0 12358 11396 10021 160 0 0 
2100 12761 3047 86 12308 11260 10243 197 0 0 
2200 13024 2933 1765 12301 11387 10553 196 0 5 
2300 13078 3558 3538 12318 11363 10541 246 0 17 
2400 13166 4488 4969 12313 11396 10655 227 0 17 
2500 13237 5403 6220 12372 11502 10759 298 0 47 
2600 13323 6472 7299 12319 11427 10754 291 0 189 
2700 13331 7649 8277 12334 11480 10760 343 0 382 
2800 13301 8661 9133 12369 11515 10793 364 0 612 
2900 13303 9175 9901 12322 11462 10723 387 0 953 
3000 13336 7934 10744 12412 11610 10796 422 3 1904 
3100 13222 6524 10768 12439 11635 10761 535 10 3305 
3200 13203 5524 10774 12411 11634 10668 563 9 4403 
3300 13275 4638 10944 12540 11804 10867 531 10 5661 
3400 13141 4171 11009 12566 11843 10864 559 22 6696 
3500 13218 3881 10999 12526 11811 10757 619 23 7675 
3600 13144 3783 11028 12446 11752 10734 606 44 8260 
3700 13281 3760 11259 12609 11870 10858 654 53 9083 
3800 13190 3941 11302 12590 11927 10755 713 75 9407 
3900 13176 4163 11520 12660 11959 10873 673 51 9845 
4000 13255 4522 11634 12580 11915 10823 680 79 10135 
4100 13353 5003 11920 12688 11952 10891 627 82 10360 
4200 13342 5572 11895 12670 11966 10855 626 65 10448 
4300 13298 6100 11981 12620 11828 10829 600 108 10505 
4400 13257 6616 12087 12576 11904 10832 661 167 10606 
4500 13291 7034 12121 12669 11882 10785 602 244 10569 
4600 13409 7372 12198 12692 11948 10843 639 317 10712 
4700 13362 7481 12266 12797 11961 10899 614 536 10801 
4800 13302 7538 12358 12617 11871 10798 566 756 10680 
4900 13354 7739 12467 12711 11978 10896 656 944 10933 
5000 13331 7693 12521 12726 12037 10912 583 1235 10935 
5100 13290 7572 12474 12758 11930 10953 535 1557 10933 
5200 13273 7499 12491 12674 11852 10835 516 1823 10786 
5300 13278 7395 12491 12737 11875 10916 576 2104 10819 
5400 13286 7003 12514 12622 11864 10895 578 2540 10820 
5500 13325 6645 12612 12609 11866 10815 693 2914 10752 
5600 13360 6415 12528 12595 11846 10885 733 3227 10749 
5700 13252 6136 12593 12605 11800 10895 812 3536 10807 
5800 13258 5685 12689 12546 11823 10852 973 3927 10703 
5900 13441 5298 12550 12692 11853 10927 1095 4290 10742 
6000 13394 4900 12542 12632 11762 10908 1121 4651 10637 
6100 13470 4528 12522 12616 11740 10783 1124 4933 10736 
6200 13410 3970 12642 12685 11788 10905 1266 5418 10684 
6300 13354 3565 12568 12600 11769 10718 1552 5609 10734 
6400 13418 3050 12519 12605 11784 10883 1621 5845 10666 
6500 13332 2643 12541 12591 11746 10879 1803 6194 10639 
6600 13346 2194 12514 12598 11751 10759 2044 6320 10564 
6700 13411 1833 12561 12607 11779 10825 2091 6784 10680 
6800 13275 1478 12543 12547 11677 10778 2089 6868 10643 
6900 13439 1238 12568 12650 11903 10938 2135 7197 10745 
7000 13280 1040 12547 12522 11779 10787 2097 7276 10559 
7100 13317 1009 12576 12673 11918 10998 2127 7545 10777 
7200 13343 1120 12625 12577 11772 10966 2317 7438 10750 
7300 13312 1312 12594 12612 11817 10885 2617 7144 10712 
7400 13343 1554 12569 12592 11820 10908 2809 6982 10698 
7500 13371 1854 12523 12545 11759 10839 3069 6715 10617 
7600 13437 2124 12594 12666 11910 10949 3333 6649 10769 
7700 13396 2470 12551 12577 11802 10816 3650 6354 10694 
7800 13464 2862 12598 12642 11921 10916 3958 6217 10780 
7900 13476 3433 12580 12647 11865 10869 4466 5649 10697 
8000 13446 3900 12570 12541 11746 10685 4837 5354 10595 
8100 13480 4480 12575 12673 11878 10855 5187 5114 10700 
8200 13560 5007 12569 12718 11938 10818 5620 4973 10792 
8300 13508 5656 12583 12632 11943 10731 6007 4527 10685 
8400 13517 6337 12435 12638 11839 10656 6382 4092 10688 
8500 13542 7003 12447 12616 11810 10522 6823 3778 10698 
8600 13573 7545 12506 12666 11921 10613 7320 3469 10729 
8700 13545 8240 12465 12715 11932 10565 7796 3068 10816 
8800 13550 8813 12460 12681 11841 10441 8189 2793 10721 
8900 13652 9493 12555 12719 11973 10567 8736 2378 10866 
9000 13599 10107 12499 12704 11937 10445 9117 1954 10773 
9100 13670 10766 12422 12706 11943 10464 9617 1542 10741 
9200 13617 11314 12438 12810 12052 10427 10055 1290 10829 
9300 13669 11819 12458 12820 12082 10414 10436 1024 10871 
9400 13607 12177 12449 12768 12030 10363 10696 708 10772 
9500 13697 12627 12486 12712 12010 10472 10983 538 10924 
9600 13697 12786 12526 12772 12032 10416 11153 371 10891 
9700 13721 12940 12494 12764 11990 10380 11257 270 10786 
9800 13682 13122 12482 12772 12023 10469 11397 189 10941 
9900 13670 13168 12476 12761 12010 10454 11443 126 10798 
10000 13695 13189 12478 12817 12073 10522 11631 114 10999 
