# Avida tasks data
# Tue Apr 18 04:49:33 2023
# First column gives the current update, next columns give the number
# of organisms that have the particular task as a component of their merit
#  1: Update
#  2: Not
#  3: Nand
#  4: And
#  5: OrNot
#  6: Or
#  7: AndNot
#  8: Nor
#  9: Xor
# 10: Equals

0 0 0 0 0 0 0 0 0 0 
100 0 0 0 0 0 0 0 0 0 
200 0 0 0 0 0 0 0 0 0 
300 0 0 0 0 0 0 0 0 0 
400 0 0 0 0 0 0 0 0 0 
500 0 0 0 0 0 0 0 0 0 
600 153 321 0 2 0 0 0 0 0 
700 2398 2433 0 31 0 221 12 0 0 
800 4107 4145 3 357 0 1015 0 0 0 
900 5555 5561 21 1004 1 1573 5 0 0 
1000 6606 6584 668 1902 20 1782 8 0 0 
1100 7261 7086 1491 2732 48 1790 7 0 0 
1200 7830 7599 2384 3514 65 1630 9 0 0 
1300 8625 8276 3361 4410 70 1521 8 0 0 
1400 9358 8968 4348 5371 87 1371 3 0 0 
1500 10081 9622 5398 6286 106 1276 1 0 0 
1600 10795 10270 6407 7255 106 1157 2 0 0 
1700 11313 10666 7206 8057 110 970 3 0 0 
1800 11746 11028 7846 8672 106 886 3 0 0 
1900 12093 11386 8629 9378 92 728 1 0 0 
2000 12438 11658 9368 10097 93 505 0 0 0 
2100 12769 11977 10029 10830 96 400 0 0 0 
2200 13084 12286 10671 11429 73 334 0 0 0 
2300 13182 12314 10964 11794 89 222 1 0 0 
2400 13436 12497 11398 12159 98 172 1 0 0 
2500 13624 12688 11669 12440 71 126 0 0 0 
2600 13716 12762 11815 12576 89 128 0 0 0 
2700 13839 12928 12051 12739 73 118 0 0 0 
2800 13805 12823 11959 12644 99 88 0 0 0 
2900 13887 12935 12045 12782 83 91 0 0 0 
3000 13862 12966 12087 12775 85 121 0 0 0 
3100 13850 12935 12045 12757 81 92 0 0 0 
3200 13786 12810 11872 12629 81 130 0 0 0 
3300 13784 12899 12062 12655 90 101 0 0 0 
3400 13813 12871 11991 12717 97 86 0 0 0 
3500 13897 12977 12122 12817 95 95 0 0 0 
3600 13813 12879 11966 12726 105 125 0 0 0 
3700 13828 12949 12120 12780 74 86 0 0 0 
3800 13842 12869 12026 12732 80 84 0 0 0 
3900 13885 12953 12168 12814 92 103 0 0 0 
4000 13827 12877 12076 12777 102 93 0 0 0 
4100 13807 12891 12046 12794 141 87 0 0 0 
4200 13847 12943 12064 12733 91 109 1 0 0 
4300 13861 12903 12020 12694 81 112 0 0 0 
4400 13898 12965 12143 12790 88 107 0 0 0 
4500 13823 12913 12078 12770 91 103 0 0 0 
4600 13884 12981 12105 12793 85 100 0 0 0 
4700 13836 12924 12051 12723 119 129 0 0 0 
4800 13871 12922 12120 12781 85 114 0 0 0 
4900 13899 12938 12142 12791 101 123 0 0 0 
5000 13871 12975 12113 12746 82 84 0 0 0 
5100 13831 12924 12064 12732 103 99 0 0 0 
5200 13846 13031 12207 12853 92 103 0 0 0 
5300 13851 12973 12110 12773 82 111 1 0 0 
5400 13898 13039 12198 12805 85 112 0 0 0 
5500 13890 13079 12204 12847 103 113 0 0 0 
5600 13838 12931 12147 12783 96 95 0 0 0 
5700 13858 13003 12173 12733 82 141 0 0 0 
5800 13815 12998 12116 12820 90 123 0 0 0 
5900 13865 12960 12091 12790 85 117 0 0 0 
6000 13879 12988 12156 12822 76 154 0 0 0 
6100 13855 12948 12166 12749 101 226 0 0 0 
6200 13889 13002 12133 12785 71 364 0 0 0 
6300 13896 12996 12131 12874 78 473 0 0 0 
6400 13849 12912 12074 12774 83 644 0 0 0 
6500 13854 12954 12109 12806 86 916 1 0 0 
6600 13950 13031 12233 12886 73 1070 2 0 0 
6700 13910 12993 12141 12776 87 1455 6 0 0 
6800 13900 13046 12239 12920 73 1787 15 0 0 
6900 13891 13042 12152 12811 78 2159 17 0 0 
7000 13914 13004 12210 12757 71 2516 42 0 0 
7100 13876 12991 12211 12707 86 2981 86 0 0 
7200 13874 12985 12116 12714 83 3395 100 0 0 
7300 13867 13013 12179 12702 70 3854 118 0 0 
7400 13924 12968 12089 12626 76 4117 158 0 0 
7500 13910 12993 12140 12640 86 4535 153 0 0 
7600 13862 12949 12100 12525 54 4823 192 0 0 
7700 13891 12969 12181 12647 84 5031 370 0 0 
7800 13939 12959 12089 12646 78 4864 1036 0 0 
7900 13904 12984 12189 12660 84 4723 1765 0 0 
8000 13898 12946 12122 12682 126 4413 2668 0 0 
8100 13886 12962 12097 12715 277 4102 3475 0 0 
8200 13894 12965 12116 12730 733 3894 4219 0 0 
8300 13921 13034 12209 12687 1262 3616 5130 0 0 
8400 13956 12980 12123 12631 1827 3303 6037 0 0 
8500 13911 13099 12244 12752 2533 2942 6872 0 0 
8600 13926 13056 12193 12645 3270 2451 7612 0 0 
8700 13932 12980 12078 12595 3759 2118 8193 0 0 
8800 13972 13066 12205 12672 4470 1962 8784 2 0 
8900 13979 13038 12188 12659 4977 1775 9159 0 0 
9000 13991 13126 12315 12728 5535 1644 9704 3 0 
9100 13942 13091 12245 12728 6116 1584 10112 4 0 
9200 13931 13147 12303 12704 6637 1662 10402 4 0 
9300 13964 13101 12210 12684 7204 1661 10671 1 0 
9400 13933 13041 12261 12659 7815 1628 10832 0 0 
9500 13949 13105 12249 12679 8376 1626 11111 0 0 
9600 13932 13102 12252 12700 9008 1747 11338 5 0 
9700 13962 13057 12188 12612 9422 1678 11353 2 0 
9800 13926 13118 12282 12664 9828 1731 11419 0 0 
9900 13938 13121 12302 12713 10077 1702 11517 0 0 
10000 13922 13076 12243 12633 10230 1684 11463 3 0 
