# Avida tasks data
# Mon Apr 17 13:35:05 2023
# First column gives the current update, next columns give the number
# of organisms that have the particular task as a component of their merit
#  1: Update
#  2: Not
#  3: Nand
#  4: And
#  5: OrNot
#  6: Or
#  7: AndNot
#  8: Nor
#  9: Xor
# 10: Equals

0 0 0 0 0 0 0 0 0 0 
100 0 0 0 0 0 0 0 0 0 
200 0 0 0 0 0 0 0 0 0 
300 0 0 0 0 0 0 0 0 0 
400 0 0 0 0 0 0 0 0 0 
500 2 0 0 0 0 0 0 0 0 
600 0 0 0 0 0 0 0 0 0 
700 1 0 0 0 0 0 0 0 0 
800 11 0 0 0 0 0 0 0 0 
900 41 0 0 0 0 0 0 0 0 
1000 128 0 0 0 0 0 0 0 0 
1100 368 0 0 0 0 0 0 0 0 
1200 796 3 0 0 0 0 0 0 0 
1300 1264 30 0 0 0 0 0 0 0 
1400 1868 88 0 32 0 0 0 0 0 
1500 2808 212 0 269 0 0 0 0 0 
1600 4052 253 0 1305 64 0 0 0 0 
1700 4475 321 0 2819 1348 0 0 0 0 
1800 4486 373 0 4052 3028 7 0 0 0 
1900 4851 387 0 5313 4381 4 0 0 0 
2000 5010 585 0 6293 5434 0 0 0 0 
2100 5571 1170 0 7124 6366 0 0 0 0 
2200 5977 2164 0 7965 7346 1 0 0 0 
2300 6659 3477 0 8609 8037 2 2 0 0 
2400 7382 4797 0 9383 8816 15 2 0 0 
2500 8046 5848 0 9918 9363 10 36 0 0 
2600 7449 6776 0 10281 9650 8 896 0 0 
2700 6962 6984 0 10493 9906 167 2605 0 0 
2800 6951 6271 0 10622 9960 1604 4332 0 0 
2900 6514 6001 16 11047 10289 2928 5748 0 0 
3000 6328 6347 26 11218 10495 4051 6672 0 0 
3100 5836 6753 56 11439 10557 5218 7555 0 0 
3200 5309 7105 32 11546 10679 6479 8282 0 0 
3300 5084 7438 38 11663 10799 7594 8747 0 0 
3400 5171 7872 25 11817 10765 8631 9213 0 0 
3500 5391 8195 23 11812 10779 9580 9591 0 0 
3600 5506 8442 15 12011 10934 10246 9985 0 0 
3700 5790 8827 11 12098 11011 10968 10240 0 0 
3800 6081 9280 30 12322 11172 11571 10544 0 0 
3900 6413 9496 17 12340 11179 11958 10686 0 0 
4000 6966 9792 26 12488 11449 12375 11019 0 0 
4100 7398 10393 23 12607 11496 12687 11178 0 0 
4200 8131 10876 29 12623 11485 12813 11333 0 0 
4300 8605 11138 24 12775 11699 12989 11517 0 0 
4400 9166 11325 9 12799 11712 13197 11544 0 0 
4500 9696 11724 16 12845 11753 13223 11586 0 0 
4600 10179 11866 28 12920 11737 13205 11710 0 0 
4700 10404 12031 45 12921 11751 13207 11629 0 0 
4800 10766 12267 30 12819 11756 13238 11691 0 0 
4900 10919 12461 21 12898 11761 13239 11661 0 0 
5000 11221 12432 22 12945 11770 13197 11703 0 0 
5100 11478 12578 40 12943 11751 13216 11655 0 0 
5200 11639 12535 29 12988 11890 13270 11783 0 0 
5300 11782 12543 18 12921 11784 13292 11711 0 0 
5400 11882 12662 15 12974 11878 13321 11826 0 0 
5500 12121 12605 11 12929 11787 13266 11702 0 0 
5600 12158 12563 13 12894 11835 13282 11717 0 0 
5700 12108 12646 19 12922 11803 13266 11742 0 0 
5800 12230 12682 22 12955 11840 13274 11808 0 0 
5900 12140 12680 42 12923 11856 13252 11787 0 0 
6000 12271 12661 43 12956 11743 13261 11700 0 0 
6100 12275 12657 93 12954 11843 13344 11789 0 0 
6200 12164 12748 321 12851 11722 13275 11660 0 0 
6300 12293 12840 615 12965 11861 13306 11748 0 0 
6400 12292 12656 1282 13035 11973 13268 11904 0 0 
6500 12208 12668 1899 12941 11865 13255 11714 0 0 
6600 12171 12630 2717 12974 11828 13253 11819 0 0 
6700 12282 12710 3711 12980 11863 13327 11766 0 0 
6800 12134 12529 4585 13062 11928 13189 11896 0 0 
6900 12062 12459 5690 12970 11807 13269 11827 0 0 
7000 11864 12568 6628 13005 11809 13238 11831 0 0 
7100 11862 12448 7608 13012 11790 13232 11782 0 0 
7200 11797 12527 8711 13065 11935 13261 11894 0 0 
7300 11633 12258 9592 12960 11714 13251 11728 0 0 
7400 11751 12280 10527 13030 11753 13205 11810 0 0 
7500 11758 12437 11319 13125 11861 13296 11891 0 1 
7600 11653 12354 11792 13037 11777 13244 11804 0 0 
7700 11828 12402 12226 13128 11943 13316 11929 0 0 
7800 11737 12341 12291 13089 11768 13208 11837 0 0 
7900 11661 12331 12524 13067 11762 13283 11860 0 0 
8000 11758 12274 12567 12979 11752 13239 11746 0 0 
8100 11729 12352 12778 13050 11774 13269 11827 0 0 
8200 11656 12311 12701 13055 11783 13284 11726 0 0 
8300 11851 12377 12668 13100 11838 13338 11844 0 0 
8400 11631 12385 12658 13068 11701 13284 11718 0 0 
8500 11591 12296 12703 13056 11800 13243 11838 0 0 
8600 11710 12338 12747 13005 11821 13296 11830 0 0 
8700 11796 12304 12778 12990 11750 13318 11722 0 0 
8800 11810 12350 12759 13019 11803 13337 11779 0 1 
8900 11728 12363 12800 13075 11790 13254 11844 0 0 
9000 11760 12434 12753 13088 11811 13389 11884 0 0 
9100 11689 12475 12783 13086 11833 13353 11837 0 0 
9200 11655 12451 12724 13115 11839 13294 11820 0 0 
9300 11650 12521 12673 13063 11850 13324 11783 0 1 
9400 11747 12504 12724 13052 11829 13306 11825 0 0 
9500 11697 12377 12728 13042 11827 13333 11807 0 0 
9600 11771 12396 12781 13194 11943 13305 11923 0 0 
9700 11913 12424 12851 13097 11940 13292 11906 0 0 
9800 11807 12552 12814 13163 11965 13339 11920 0 0 
9900 11799 12505 12784 13084 11920 13335 11868 0 0 
10000 11724 12564 12830 13075 12025 13334 11906 0 0 
