# Avida tasks data
# Mon Apr 17 12:47:43 2023
# First column gives the current update, next columns give the number
# of organisms that have the particular task as a component of their merit
#  1: Update
#  2: Not
#  3: Nand
#  4: And
#  5: OrNot
#  6: Or
#  7: AndNot
#  8: Nor
#  9: Xor
# 10: Equals

0 0 0 0 0 0 0 0 0 0 
100 0 0 0 0 0 0 0 0 0 
200 0 0 0 0 0 0 0 0 0 
300 0 0 0 0 0 0 0 0 0 
400 0 0 0 0 0 0 0 0 0 
500 2 0 0 0 0 0 0 0 0 
600 18 5 0 0 0 0 0 0 0 
700 62 48 0 0 0 0 0 0 0 
800 123 126 0 16 0 0 0 0 0 
900 260 195 0 218 0 0 0 0 0 
1000 395 323 0 892 0 0 0 0 0 
1100 664 1069 0 2174 9 0 0 0 0 
1200 944 2130 0 3744 339 2 0 0 0 
1300 795 2528 0 4641 942 2 0 0 0 
1400 790 2855 1 5258 1569 8 0 0 0 
1500 2860 2710 33 6613 3148 1794 96 0 0 
1600 4508 2712 38 7601 4427 2575 885 0 0 
1700 5830 4436 41 8720 5630 2547 2131 0 0 
1800 7021 6116 42 9655 6728 2240 3634 0 0 
1900 8027 7349 46 10316 7448 1926 4738 0 0 
2000 8936 8449 26 10743 8135 1627 5864 0 0 
2100 9581 9490 33 11047 8686 1261 6835 0 0 
2200 10322 10493 30 11526 9327 954 7836 0 0 
2300 11070 11322 12 11871 9980 781 8714 0 0 
2400 11559 11885 11 12110 10387 635 9268 0 0 
2500 12077 12433 17 12325 10793 480 9857 0 0 
2600 12363 12648 12 12489 11151 413 10278 0 0 
2700 12544 12704 7 12576 11215 318 10392 0 0 
2800 12795 12926 5 12562 11394 179 10720 0 0 
2900 12750 13054 1 12605 11340 119 10694 0 0 
3000 12746 13127 2 12550 11511 79 10990 0 0 
3100 12852 13115 1 12695 11569 63 10901 0 0 
3200 12765 13168 1 12518 11425 67 10954 0 0 
3300 12776 13179 0 12621 11488 87 10940 0 0 
3400 12839 13172 0 12674 11559 79 10953 0 0 
3500 12801 13089 0 12612 11542 62 10938 0 0 
3600 12819 13245 1 12671 11559 68 11067 0 0 
3700 12855 13216 0 12560 11499 83 11067 0 0 
3800 12844 13120 0 12622 11561 72 11043 0 0 
3900 12913 13066 2 12613 11519 71 10963 0 0 
4000 12823 13162 2 12564 11438 109 10974 0 0 
4100 12857 13166 1 12657 11523 101 11062 0 1 
4200 12862 13178 3 12607 11461 106 11074 0 0 
4300 12924 13102 0 12618 11451 86 10968 0 1 
4400 12784 13186 3 12631 11578 60 11112 0 0 
4500 12798 13156 4 12592 11504 53 11007 0 0 
4600 12939 13106 1 12610 11592 37 11022 0 0 
4700 12971 13063 1 12621 11600 49 11012 0 0 
4800 12960 13153 3 12683 11515 74 11131 0 0 
4900 12939 13242 3 12729 11604 106 11189 0 0 
5000 12917 13188 0 12721 11540 100 11059 0 0 
5100 12980 13218 0 12774 11705 75 11220 0 0 
5200 12948 13243 0 12632 11583 64 11169 0 0 
5300 12960 13206 0 12707 11577 96 11142 0 0 
5400 12950 13178 1 12709 11568 109 11167 0 0 
5500 13007 13183 3 12718 11558 129 11153 0 0 
5600 13032 13235 2 12760 11660 162 11210 0 0 
5700 12984 13318 4 12736 11704 112 11217 0 0 
5800 13116 13274 5 12813 11807 78 11385 0 0 
5900 13056 13227 3 12714 11695 99 11325 0 0 
6000 13146 13251 0 12751 11753 128 11321 0 0 
6100 13056 13167 9 12775 11759 82 11305 0 0 
6200 13087 13270 10 12708 11701 136 11314 0 0 
6300 12984 13315 4 12691 11664 125 11290 0 0 
6400 13035 13330 5 12675 11621 183 11234 0 0 
6500 13100 13337 18 12726 11544 216 11334 0 0 
6600 13155 13165 9 12785 11599 213 11270 0 0 
6700 13019 13242 3 12853 11563 321 11364 0 0 
6800 13043 13293 6 12839 11559 376 11401 0 0 
6900 13208 13294 8 12737 11499 353 11340 0 0 
7000 13170 13311 9 12885 11535 397 11431 0 0 
7100 13154 13295 4 12814 11553 336 11360 0 0 
7200 13047 13273 1 12727 11564 289 11355 0 0 
7300 13138 13241 1 12870 11613 376 11419 0 0 
7400 13181 13311 11 12846 11559 339 11395 0 0 
7500 13109 13246 8 12692 11503 284 11290 0 0 
7600 13180 13246 9 12745 11554 365 11402 0 0 
7700 13151 13304 12 12812 11596 349 11423 0 0 
7800 13166 13318 2 12796 11565 348 11446 0 0 
7900 13165 13333 5 12815 11500 390 11368 0 0 
8000 13099 13232 5 12844 11582 418 11420 0 0 
8100 13192 13205 1 12843 11523 407 11406 0 0 
8200 13210 13317 5 12862 11636 371 11490 0 0 
8300 13198 13294 0 12870 11558 440 11349 0 0 
8400 13179 13284 5 12890 11548 455 11478 0 0 
8500 13159 13321 6 12789 11396 469 11407 0 0 
8600 13084 13269 4 12839 11499 468 11415 0 0 
8700 13095 13256 6 12804 11521 438 11416 0 0 
8800 13204 13255 8 12792 11534 393 11441 0 0 
8900 13187 13209 4 12831 11710 305 11471 0 0 
9000 13224 13201 9 12789 11536 319 11319 0 0 
9100 13186 13250 8 12873 11827 202 11463 0 0 
9200 13305 13285 2 12948 11872 204 11576 0 0 
9300 13235 13344 2 12909 11790 205 11498 0 0 
9400 13196 13269 4 12880 11699 223 11417 0 0 
9500 13177 13246 7 12867 11715 261 11450 0 0 
9600 13259 13241 3 12868 11816 240 11503 0 0 
9700 13208 13262 1 12895 11779 247 11505 0 0 
9800 13190 13271 5 12826 11588 318 11389 0 0 
9900 13309 13350 11 12897 11654 360 11598 0 0 
10000 13378 13239 6 12982 11712 369 11556 0 0 
