# Avida tasks data
# Mon Apr 17 15:48:33 2023
# First column gives the current update, next columns give the number
# of organisms that have the particular task as a component of their merit
#  1: Update
#  2: Not
#  3: Nand
#  4: And
#  5: OrNot
#  6: Or
#  7: AndNot
#  8: Nor
#  9: Xor
# 10: Equals

0 0 0 0 0 0 0 0 0 0 
100 0 0 0 0 0 0 0 0 0 
200 0 0 0 0 0 0 0 0 0 
300 0 0 0 0 0 0 0 0 0 
400 0 0 0 0 0 0 0 0 0 
500 0 0 0 0 0 0 0 0 0 
600 7 0 0 0 0 0 0 0 0 
700 27 0 0 0 0 0 0 0 0 
800 75 0 0 0 0 0 0 0 0 
900 199 10 0 0 0 0 0 0 0 
1000 499 18 0 0 0 0 0 0 0 
1100 990 43 0 0 0 0 0 0 0 
1200 1529 86 0 139 0 0 0 0 0 
1300 2831 103 0 1427 2 0 0 0 0 
1400 4627 217 0 3142 15 0 0 0 0 
1500 5973 569 0 4802 354 50 0 0 0 
1600 7188 2047 133 6185 1097 362 432 0 0 
1700 7757 4092 236 7168 1142 166 2538 0 0 
1800 8504 5291 246 8069 1378 108 4354 0 0 
1900 9203 5590 247 8750 2138 81 5842 0 0 
2000 9777 5804 259 9451 3069 77 7050 0 0 
2100 10406 6151 266 9999 3882 98 8157 0 0 
2200 10819 6577 271 10482 4844 85 9179 0 0 
2300 11178 7058 200 10830 5526 446 9832 0 0 
2400 11408 7439 158 11047 6288 1043 10209 0 0 
2500 11620 8078 730 11346 7001 2179 10533 0 0 
2600 11646 7408 3172 11403 7784 3845 10576 0 0 
2700 11786 7263 4756 11530 8611 5268 10749 0 0 
2800 11824 6941 5799 11493 9010 6366 10619 0 0 
2900 11862 6660 6833 11483 9514 7396 10631 1 0 
3000 11950 6666 7722 11606 10008 8385 10683 0 0 
3100 12033 6638 8521 11679 10414 9171 10865 0 0 
3200 12165 6706 9231 11779 10882 9785 10965 0 0 
3300 12242 6860 9892 11874 11197 10457 11115 2 0 
3400 12413 7176 10240 12108 11366 10890 11245 0 0 
3500 12617 7517 10617 12283 11656 11350 11488 0 0 
3600 12755 8187 11108 12498 11969 11643 11694 0 0 
3700 12851 8442 11222 12612 12094 11797 11784 0 0 
3800 12866 8758 11211 12534 12056 11772 11732 3 1 
3900 12855 9015 11250 12554 12043 11849 11732 0 0 
4000 12939 9235 11297 12610 12047 11849 11777 0 2 
4100 12929 9504 11212 12570 11995 11841 11782 0 0 
4200 12866 9631 11170 12629 11994 11724 11680 0 0 
4300 12891 9772 11245 12635 12149 11880 11852 0 0 
4400 12966 9978 11306 12676 12098 11883 11907 1 2 
4500 13018 10023 11325 12676 12055 11794 11804 0 0 
4600 12981 10175 11238 12703 12097 11712 11801 0 0 
4700 12886 10187 11197 12663 11921 11697 11810 0 1 
4800 12932 10367 11309 12719 12092 11809 11901 0 0 
4900 13001 10479 11232 12616 12030 11791 11810 0 0 
5000 12995 10613 11239 12662 12037 11838 11865 0 0 
5100 13033 10772 11315 12640 12074 11836 11862 0 1 
5200 13061 10834 11266 12675 12016 11813 11900 0 0 
5300 13038 10864 11234 12666 11981 11709 11795 0 0 
5400 13009 11087 11290 12756 12072 11841 11877 0 1 
5500 13027 11071 11296 12731 12126 11889 11930 0 0 
5600 12993 11069 11175 12722 12009 11748 11778 0 0 
5700 13023 11113 11207 12741 12042 11753 11835 0 0 
5800 13071 11407 11325 12813 12052 11893 11923 0 0 
5900 13055 11379 11251 12764 12021 11765 11816 2 0 
6000 13014 11418 11214 12752 11984 11830 11859 2 0 
6100 13043 11594 11297 12847 12040 11992 11889 0 0 
6200 12944 11484 11133 12705 11963 11899 11800 0 0 
6300 13081 11573 11297 12824 12114 11891 11895 0 0 
6400 13090 11527 11321 12840 12056 11880 11970 0 0 
6500 13112 11601 11307 12840 12127 11989 11972 1 0 
6600 13012 11482 11152 12792 11986 11855 11854 1 0 
6700 13101 11523 11207 12866 12010 11902 11906 0 14 
6800 13094 11279 11256 12831 11875 11967 11911 0 333 
6900 13222 11842 11246 12847 11929 12052 11960 1252 1313 
7000 13280 11918 11152 12746 11767 11999 11890 2111 2208 
7100 13330 12011 11125 12702 11691 12026 11913 2971 3049 
7200 13393 12153 11126 12703 11636 12071 11911 3682 3716 
7300 13477 12230 11197 12771 11639 12131 11945 4321 4482 
7400 13459 12307 11096 12666 11466 12068 11856 4884 4995 
7500 13553 12442 11106 12711 11460 12063 11851 5484 5652 
7600 13561 12490 11135 12671 11388 12044 11837 6061 6216 
7700 13633 12657 11244 12727 11439 12187 11931 6739 6842 
7800 13636 12722 11117 12743 11315 12158 11852 7231 7318 
7900 13698 12709 11125 12673 11217 12005 11740 7645 7807 
8000 13726 12773 10984 12627 11242 12043 11771 8140 8252 
8100 13787 12876 11016 12648 11152 12000 11709 8464 8673 
8200 13807 12936 11095 12707 11158 11997 11738 8794 9027 
8300 13819 12912 11166 12678 11208 12056 11808 9158 9402 
8400 13843 12922 11046 12621 11073 11977 11726 9248 9466 
8500 13828 12855 10955 12586 10999 11988 11750 9274 9592 
8600 13851 12891 10910 12527 10956 12032 11737 9533 9680 
8700 13888 12999 10968 12621 11040 12100 11843 9820 9954 
8800 13859 12986 11056 12611 11112 12025 11792 9894 10176 
8900 13851 13005 11030 12570 11024 11977 11702 9940 10233 
9000 13864 12930 10924 12587 11032 11988 11681 10050 10242 
9100 13885 13024 10940 12627 11041 12018 11680 10155 10316 
9200 13883 13010 10936 12601 10979 12022 11673 10140 10363 
9300 13936 13074 10990 12669 11204 12133 11797 10319 10491 
9400 13926 13058 11065 12711 11247 12184 11864 10432 10606 
9500 13980 13052 11013 12694 11193 12046 11762 10322 10554 
9600 13972 13105 11147 12697 11274 12074 11836 10520 10682 
9700 13970 13015 11104 12681 11248 12007 11740 10440 10637 
9800 13940 13099 11219 12757 11266 12155 11891 10459 10704 
9900 13972 13068 11128 12739 11336 12081 11814 10418 10663 
10000 13986 13054 11119 12696 11259 12071 11756 10454 10656 
