# Avida tasks data
# Mon Apr 17 22:59:38 2023
# First column gives the current update, next columns give the number
# of organisms that have the particular task as a component of their merit
#  1: Update
#  2: Not
#  3: Nand
#  4: And
#  5: OrNot
#  6: Or
#  7: AndNot
#  8: Nor
#  9: Xor
# 10: Equals

0 0 0 0 0 0 0 0 0 0 
100 0 0 0 0 0 0 0 0 0 
200 0 0 0 0 0 0 0 0 0 
300 0 0 0 0 0 0 0 0 0 
400 0 0 0 0 0 0 0 0 0 
500 0 0 0 0 0 0 0 0 0 
600 71 73 0 0 0 0 0 0 0 
700 348 799 0 4 0 0 0 0 0 
800 740 1760 0 271 0 0 0 0 0 
900 1488 2590 0 1532 191 0 0 0 0 
1000 2318 1892 5 1954 1197 1117 0 0 0 
1100 2954 1490 7 2495 1978 1986 4 0 0 
1200 3589 1255 13 3005 2681 2634 1 0 0 
1300 4288 1129 20 3585 3315 3448 3 0 0 
1400 4978 1351 33 4259 3989 4068 7 0 0 
1500 5774 1773 26 5040 4825 4956 6 0 0 
1600 6439 2009 17 5589 5424 5614 6 0 0 
1700 7161 2545 34 6181 6054 6400 2 0 0 
1800 8020 3205 30 7052 6896 7189 2 0 0 
1900 8615 3785 50 7617 7364 7733 8 0 0 
2000 9422 4644 55 8355 8131 8474 5 0 0 
2100 9886 5317 46 8788 8566 8994 6 0 0 
2200 10339 5887 52 9166 8949 9388 6 0 0 
2300 10633 6245 72 9441 9213 9699 5 0 0 
2400 10972 6739 71 9782 9528 10044 6 0 0 
2500 11259 7158 75 10038 9871 10325 8 0 0 
2600 11498 7716 77 10197 9989 10475 8 0 0 
2700 11639 8100 76 10350 10134 10630 6 0 0 
2800 11805 8394 64 10482 10249 10738 7 0 0 
2900 12065 8794 79 10776 10605 11092 9 0 0 
3000 12247 9260 98 10946 10665 11248 3 0 0 
3100 12484 9580 83 11188 10920 11433 4 0 0 
3200 12676 10057 88 11312 11083 11587 7 0 0 
3300 12849 10366 89 11469 11311 11858 9 0 0 
3400 12870 10651 93 11478 11242 11861 8 0 0 
3500 12989 10977 118 11546 11286 12000 14 0 0 
3600 12957 11186 186 11556 11256 11884 15 0 0 
3700 13160 11453 252 11690 11441 11995 8 0 0 
3800 13110 11782 305 11704 11432 12052 6 0 0 
3900 13213 11915 380 11787 11443 12027 10 0 0 
4000 13181 11991 439 11712 11466 12053 10 0 0 
4100 13180 12039 553 11816 11526 12126 7 0 0 
4200 13159 11940 659 11722 11466 12088 16 0 0 
4300 13145 12005 797 11692 11372 12093 36 0 0 
4400 13167 12040 897 11724 11416 12210 58 0 0 
4500 13183 11978 1013 11845 11550 12181 103 0 0 
4600 13190 11858 1252 11748 11522 12175 181 0 0 
4700 13186 11852 1406 11793 11536 12157 208 0 0 
4800 13087 11817 1557 11639 11330 12187 136 0 0 
4900 13143 11781 1809 11743 11401 12197 145 0 0 
5000 13168 11914 2124 11778 11496 12215 102 0 0 
5100 13103 11906 2469 11772 11561 12308 62 0 0 
5200 13136 11976 2886 11831 11548 12265 49 0 0 
5300 13151 12055 3203 11734 11455 12241 42 0 0 
5400 13139 12130 3452 11683 11405 12333 27 0 0 
5500 13074 12237 3719 11763 11503 12363 22 0 0 
5600 13122 12376 3904 11790 11529 12445 22 0 0 
5700 13103 12440 4267 11753 11536 12473 25 0 0 
5800 13046 12455 4509 11738 11503 12405 28 0 0 
5900 13070 12418 4789 11745 11456 12478 36 0 0 
6000 13082 12501 5294 11793 11531 12521 22 0 0 
6100 13033 12527 5481 11686 11439 12473 25 0 0 
6200 13014 12604 5634 11624 11328 12531 20 0 0 
6300 13007 12668 5907 11720 11424 12560 29 0 0 
6400 12964 12689 6181 11684 11290 12628 22 0 0 
6500 12990 12691 6518 11650 11333 12650 36 0 0 
6600 13027 12776 6828 11690 11396 12670 24 0 0 
6700 12955 12838 7101 11603 11358 12626 22 0 0 
6800 12994 12797 7462 11670 11405 12640 28 0 0 
6900 13050 12886 7711 11695 11359 12713 34 0 0 
7000 12966 12906 8100 11623 11240 12686 32 0 0 
7100 12932 13045 8382 11615 11226 12745 31 0 0 
7200 12896 13047 8460 11521 11230 12781 18 0 0 
7300 13010 12985 8756 11661 11327 12741 36 0 0 
7400 12899 12922 8969 11490 11148 12788 27 0 0 
7500 12924 13007 9165 11568 11275 12823 28 0 0 
7600 12916 13002 9464 11622 11355 12804 27 0 0 
7700 12939 13016 9676 11601 11320 12829 26 0 0 
7800 12968 13000 9911 11660 11297 12772 37 0 0 
7900 12924 13030 10024 11522 11267 12889 40 0 0 
8000 12955 13020 10191 11513 11314 12825 37 0 0 
8100 12960 12906 10444 11619 11377 12857 28 0 0 
8200 12978 12960 10436 11675 11317 12888 22 0 0 
8300 13028 12949 10590 11711 11411 12960 27 0 0 
8400 13007 12912 10716 11621 11378 12893 45 0 0 
8500 12986 12956 10833 11641 11399 12997 34 0 0 
8600 12942 12932 10839 11486 11190 12884 30 0 0 
8700 12996 13016 11021 11577 11288 12968 28 0 0 
8800 12960 12941 11086 11570 11248 12987 34 0 0 
8900 12965 12930 11228 11557 11279 12966 28 0 0 
9000 13021 12983 11362 11598 11319 12967 58 0 0 
9100 12915 12982 11418 11522 11210 12965 43 0 0 
9200 12864 12966 11388 11529 11234 12915 47 0 0 
9300 12887 13108 11534 11541 11246 13020 52 0 0 
9400 12907 13084 11566 11705 11313 12939 32 0 0 
9500 12974 13096 11651 11709 11275 13063 19 0 0 
9600 12967 13084 11517 11665 11316 13028 43 0 0 
9700 12987 13105 11597 11587 11331 13016 22 0 0 
9800 12966 13054 11521 11753 11421 13049 27 0 0 
9900 12999 12930 11645 11631 11313 12969 25 0 0 
10000 12978 13073 11656 11629 11301 13038 37 0 0 
