# Avida tasks data
# Mon Apr 17 16:47:24 2023
# First column gives the current update, next columns give the number
# of organisms that have the particular task as a component of their merit
#  1: Update
#  2: Not
#  3: Nand
#  4: And
#  5: OrNot
#  6: Or
#  7: AndNot
#  8: Nor
#  9: Xor
# 10: Equals

0 0 0 0 0 0 0 0 0 0 
100 0 0 0 0 0 0 0 0 0 
200 0 0 0 0 0 0 0 0 0 
300 0 0 0 0 0 0 0 0 0 
400 0 0 0 0 0 0 0 0 0 
500 0 0 0 0 0 0 0 0 0 
600 0 0 0 0 0 0 0 0 0 
700 8 1 0 0 0 0 0 0 0 
800 45 0 0 0 0 0 0 0 0 
900 100 25 0 10 0 0 0 0 0 
1000 1264 160 72 1107 168 191 3 0 0 
1100 2863 54 39 524 2393 2341 27 0 0 
1200 4682 81 100 468 4258 4242 71 0 0 
1300 6580 120 143 397 6183 6208 91 0 0 
1400 8081 130 164 422 7643 7649 138 0 0 
1500 9596 157 187 458 9047 8997 142 0 0 
1600 10650 173 186 494 9999 10020 180 0 0 
1700 11219 183 197 565 10535 10509 198 0 0 
1800 11743 204 154 548 10993 11035 179 0 0 
1900 11904 224 192 679 11307 11298 177 0 0 
2000 11652 265 186 1195 11465 11472 191 0 0 
2100 11072 315 206 2117 11365 11395 209 0 0 
2200 10434 360 195 3189 11495 11538 176 0 0 
2300 9980 362 191 4124 11525 11522 191 0 0 
2400 9788 355 221 5063 11520 11472 202 0 0 
2500 9608 418 199 5989 11585 11567 180 0 0 
2600 9557 567 189 6842 11442 11389 248 0 0 
2700 9205 885 235 7776 11365 11348 225 0 0 
2800 9038 1250 195 8827 11622 11578 170 0 0 
2900 9069 1734 236 9655 11518 11462 229 0 0 
3000 9023 2211 180 10384 11624 11618 225 0 0 
3100 9098 2855 258 10871 11634 11590 211 0 0 
3200 9009 3327 715 11199 11684 11610 208 0 0 
3300 8494 3609 1512 11426 11582 11466 207 0 0 
3400 8099 4389 2529 11695 11699 11589 209 0 0 
3500 7591 5684 3594 11843 11701 11613 229 0 0 
3600 7562 6746 4607 12012 11753 11660 227 0 0 
3700 7922 7598 5538 11990 11636 11565 212 0 0 
3800 8302 8248 6280 12080 11717 11642 253 0 0 
3900 8542 8873 7151 12186 11762 11625 199 0 0 
4000 9080 9550 7978 12320 11758 11663 188 0 0 
4100 9306 10269 8824 12371 11795 11660 206 0 0 
4200 9900 10767 9373 12433 11679 11608 203 0 0 
4300 10327 11267 10001 12536 11782 11645 182 0 0 
4400 10428 11795 10639 12709 11810 11650 183 0 0 
4500 10752 12222 11199 12771 11803 11703 170 0 0 
4600 11134 12480 11682 12899 11774 11595 188 0 0 
4700 11546 12723 12111 12967 11853 11726 200 0 4 
4800 11711 12840 12487 12959 11662 11572 169 0 0 
4900 12072 13039 12811 12959 11734 11630 190 0 0 
5000 12284 12998 12956 12888 11759 11680 191 0 0 
5100 12406 12998 13046 12870 11691 11526 215 0 0 
5200 12550 13003 13102 12996 11857 11693 193 0 0 
5300 12556 13044 13222 12995 11733 11631 166 0 0 
5400 12653 12958 13231 12959 11768 11573 191 0 0 
5500 12738 13065 13299 13005 11756 11630 179 0 0 
5600 12759 13026 13243 12981 11747 11682 206 0 0 
5700 12874 13047 13264 13010 11848 11675 186 0 0 
5800 12833 13016 13173 12924 11743 11593 178 0 2 
5900 12831 13061 13266 12917 11678 11538 179 0 0 
6000 12930 13057 13180 13013 11828 11650 194 0 2 
6100 12931 13146 13236 13077 11783 11656 184 0 0 
6200 12907 13089 13253 13006 11838 11676 173 0 0 
6300 12815 13055 13216 13015 11839 11714 150 0 0 
6400 12955 13102 13175 13024 11742 11595 182 0 0 
6500 12952 13130 13222 13008 11788 11676 156 0 0 
6600 12910 12983 13153 12945 11769 11575 177 0 0 
6700 13008 13143 13225 13046 11823 11643 203 0 0 
6800 12898 13108 13268 12991 11724 11556 198 0 0 
6900 12906 13107 13255 13045 11859 11669 209 0 0 
7000 12961 13255 13253 13037 11885 11746 154 0 0 
7100 12994 13093 13268 13042 11858 11673 194 0 0 
7200 12933 13058 13231 12958 11936 11799 159 0 0 
7300 12996 13090 13252 13006 11818 11645 186 0 0 
7400 13167 13138 13320 13121 11984 11849 196 0 0 
7500 13141 13136 13264 13054 11901 11727 174 0 0 
7600 13009 13029 13195 13061 11872 11716 193 0 0 
7700 12971 13159 13240 12985 11799 11618 188 0 2 
7800 12944 13145 13300 13016 11897 11735 167 0 0 
7900 12906 13119 13263 13070 11905 11815 193 0 0 
8000 13049 13196 13363 13077 11943 11723 475 0 0 
8100 13016 13164 13253 12970 11852 11704 1136 0 0 
8200 13106 13290 13290 13112 11918 11772 1877 0 0 
8300 13078 13229 13260 13141 11934 11804 2803 0 135 
8400 13165 13247 13212 13222 11987 11855 2196 0 2618 
8500 13265 13335 13250 13339 12124 11918 1672 0 4816 
8600 13219 13481 13261 13366 12061 11932 1185 0 6366 
8700 13050 13586 13369 13504 11956 11833 824 0 7402 
8800 12889 13610 13332 13506 11964 11807 615 0 8057 
8900 12838 13631 13304 13519 11933 11810 476 0 8480 
9000 12345 13477 12886 13003 11446 11336 280 0 8726 
