# Avida tasks data
# Mon Apr 17 17:03:01 2023
# First column gives the current update, next columns give the number
# of organisms that have the particular task as a component of their merit
#  1: Update
#  2: Not
#  3: Nand
#  4: And
#  5: OrNot
#  6: Or
#  7: AndNot
#  8: Nor
#  9: Xor
# 10: Equals

0 0 0 0 0 0 0 0 0 0 
100 0 0 0 0 0 0 0 0 0 
200 0 0 0 0 0 0 0 0 0 
300 0 0 0 0 0 0 0 0 0 
400 0 0 0 0 0 0 0 0 0 
500 0 0 0 0 0 0 0 0 0 
600 5 0 0 0 0 0 0 0 0 
700 15 0 0 0 0 0 0 0 0 
800 55 0 0 0 0 0 0 0 0 
900 211 3 0 12 0 0 0 0 0 
1000 477 289 0 524 0 0 0 0 0 
1100 595 2587 0 2358 1918 10 2073 0 0 
1200 891 4468 0 4020 3520 57 3715 0 0 
1300 1610 5798 0 5243 4587 246 4831 0 0 
1400 2401 6992 1 6315 5637 429 5939 0 0 
1500 3186 8128 11 7435 6641 639 7000 0 0 
1600 3829 9072 9 8300 7343 881 7777 0 0 
1700 4504 9652 34 8813 7905 1252 8229 0 0 
1800 4924 10316 22 9445 8449 1606 8785 0 0 
1900 5291 10841 32 9944 8794 2050 9176 0 0 
2000 5388 11447 31 10503 9228 2734 9629 0 0 
2100 5663 11802 39 10861 9479 3257 9940 0 0 
2200 6049 12033 42 11095 9745 3959 10179 0 0 
2300 6246 12205 47 11312 9874 4765 10292 0 0 
2400 6532 12359 57 11592 10092 5497 10508 0 0 
2500 7043 12561 44 11733 10158 6390 10559 0 0 
2600 7412 12885 72 12074 10476 7011 10908 0 0 
2700 7791 13016 78 12155 10443 7582 10877 0 0 
2800 8196 13014 71 12206 10448 7946 10851 0 0 
2900 8539 13242 117 12390 10706 8485 11054 0 0 
3000 8933 13202 119 12289 10567 8720 11028 0 0 
3100 9200 13169 171 12328 10509 8962 10948 0 0 
3200 9598 13354 224 12442 10710 9405 11051 0 36 
3300 9812 13353 334 12514 10834 9533 10763 5 318 
3400 10154 13329 360 12478 10612 9713 10276 10 717 
3500 10321 13310 458 12487 10755 9856 9916 21 1250 
3600 10136 13328 869 12447 10612 9797 9306 17 1844 
3700 9658 13349 1744 12436 10623 9763 8620 23 2466 
3800 8947 13367 2539 12503 10747 9825 8292 30 2837 
3900 8010 13330 3603 12574 10809 9876 8056 31 3141 
4000 7452 13264 4557 12543 10681 9767 7845 32 3253 
4100 6806 13330 5439 12558 10670 9626 7744 27 3421 
4200 6334 13360 6397 12494 10630 9611 7777 26 3335 
4300 6133 13364 7349 12458 10752 9730 8017 20 3103 
4400 6118 13382 8481 12523 10841 9820 8365 27 2891 
4500 6198 13389 9113 12489 10794 9792 8559 30 2738 
4600 6061 13363 9604 12565 10717 9635 8818 36 3562 
4700 5151 13424 10246 12708 10861 9763 9386 32 4961 
4800 4684 13334 10637 12818 10791 9633 9665 27 5981 
4900 4088 13355 10885 12845 10811 9689 9989 22 6847 
5000 3428 13378 11174 12892 10758 9649 10235 18 7686 
5100 2837 13414 11513 12935 10773 9717 10507 16 8470 
5200 2337 13371 11886 12992 10803 9786 10741 14 8990 
5300 1839 13307 12157 12972 10851 9740 11041 9 9378 
5400 1427 13346 12445 12980 10777 9741 11198 7 9670 
5500 1365 13288 12651 13002 10816 9748 11489 1 9886 
5600 1177 13300 12641 13020 10872 9898 11644 4 10119 
5700 1263 13371 12882 13073 10933 9842 11823 1 10413 
5800 1438 13366 12937 13038 10903 9837 11809 1 10402 
5900 1601 13276 12942 13044 10846 9873 11773 0 10354 
6000 1734 13371 13098 13100 10885 9950 11936 1 10450 
6100 2013 13362 13046 13016 10756 9757 11818 6 10415 
6200 2261 13376 13029 13027 10820 9772 11870 2 10361 
6300 2631 13369 13094 13133 10921 9793 11962 9 10472 
6400 3121 13286 12997 13082 10830 9613 11873 4 10356 
6500 3558 13351 13042 13020 10798 9828 11830 1 10360 
6600 3939 13415 13042 13101 10915 9845 11945 4 10421 
6700 4370 13395 13108 13061 10882 9859 11908 9 10507 
6800 4997 13320 13067 13058 10825 9722 11855 9 10397 
6900 5431 13367 13097 13018 10810 9748 11854 1 10371 
7000 5936 13421 13099 13012 10959 9830 11858 4 10461 
7100 6530 13439 13030 13016 10899 9810 11913 5 10422 
7200 7329 13325 13038 12951 10749 9756 11776 0 10182 
7300 7877 13375 13051 12971 10801 9740 11773 3 10248 
7400 8474 13329 13112 12947 10842 9714 11788 1 10227 
7500 9320 13212 13042 12959 10855 9829 11691 3 10202 
7600 9843 13360 13026 12940 10761 9787 11754 8 10202 
7700 10388 13411 13039 13001 10873 9913 11883 5 10332 
7800 10814 13437 13125 13013 10943 9926 11846 1 10384 
7900 11338 13416 13176 13021 10935 9911 11886 3 10345 
8000 11714 13394 13094 12937 10827 9819 11790 0 10224 
8100 11936 13373 13112 12930 10842 9818 11730 1 10304 
8200 12092 13461 13124 13055 10958 9931 11922 0 10349 
8300 12271 13394 13148 12873 10887 9827 11750 1 10260 
8400 12368 13411 13135 12914 10891 9826 11867 2 10274 
8500 12375 13423 13087 12942 10926 9892 11880 10 10391 
8600 12594 13411 13046 13047 10932 9886 11875 16 10348 
8700 12579 13420 12992 13017 10888 9913 11819 9 10365 
8800 12778 13423 13018 13083 11037 10021 11941 5 10427 
8900 12782 13408 12956 13029 10926 9871 11826 0 10270 
9000 12777 13463 12916 12967 11008 10045 11897 9 10464 
9100 12829 13413 13005 13015 11014 9992 11918 5 10443 
9200 12879 13396 12998 12992 10967 9962 11869 4 10329 
9300 12784 13415 12953 13094 11068 10059 11972 4 10544 
9400 12869 13459 13043 13057 11183 10211 12068 4 10570 
9500 12819 13420 12986 13014 10933 9909 11889 0 10373 
9600 12811 13521 13055 13084 11085 10141 12020 1 10478 
9700 12807 13422 13056 13013 10943 9992 11838 7 10391 
9800 12796 13475 13016 13022 11009 9988 11976 3 10441 
9900 12826 13480 12934 13085 11035 10047 11937 1 10445 
10000 12897 13478 13000 13114 11042 10034 11990 7 10497 
