# Avida tasks data
# Mon Apr 17 14:52:47 2023
# First column gives the current update, next columns give the number
# of organisms that have the particular task as a component of their merit
#  1: Update
#  2: Not
#  3: Nand
#  4: And
#  5: OrNot
#  6: Or
#  7: AndNot
#  8: Nor
#  9: Xor
# 10: Equals

0 0 0 0 0 0 0 0 0 0 
100 0 0 0 0 0 0 0 0 0 
200 0 0 0 0 0 0 0 0 0 
300 0 0 0 0 0 0 0 0 0 
400 0 0 0 0 0 0 0 0 0 
500 0 0 0 0 0 0 0 0 0 
600 0 0 0 0 0 0 0 0 0 
700 2 0 0 0 0 0 0 0 0 
800 13 0 0 0 0 0 0 0 0 
900 41 6 0 0 0 0 0 0 0 
1000 143 27 0 0 0 0 0 0 0 
1100 260 81 0 0 0 0 0 0 0 
1200 540 266 0 158 1 0 0 0 0 
1300 1284 1134 0 1422 1405 14 0 0 0 
1400 2841 2573 0 3560 3510 223 243 0 0 
1500 4440 2699 0 5246 5187 194 2437 0 0 
1600 5771 3852 4 6317 6358 157 4055 0 0 
1700 6360 4588 1 7320 7442 650 5429 0 0 
1800 6446 5336 1 8296 8469 1797 6618 0 0 
1900 7356 6140 3 8724 8825 2538 7176 575 0 
2000 7874 6216 10 8859 9008 3446 7351 1945 0 
2100 8375 6480 6 9106 9178 4411 7548 3193 0 
2200 8872 6872 5 9452 9510 5339 7823 4232 2 
2300 9324 7212 9 9681 9727 6236 8144 5129 0 
2400 9747 7783 5 9916 9919 6957 8374 5950 0 
2500 10138 8197 8 10242 10260 7774 8782 6653 1 
2600 10633 8669 9 10430 10483 8329 9092 7265 1 
2700 11047 9159 7 10803 10914 8964 9607 7843 0 
2800 11457 9664 19 11258 11320 9551 10146 8418 0 
2900 11759 9962 16 11491 11513 9804 10346 8633 0 
3000 11952 10217 25 11790 11751 10109 10686 8901 0 
3100 12308 10608 36 12089 12098 10547 11111 9285 0 
3200 12416 10834 40 12310 12294 10688 11297 9436 0 
3300 12604 10975 49 12499 12439 10920 11498 9703 1 
3400 12814 11127 82 12712 12643 11138 11681 9853 0 
3500 12846 11162 96 12742 12697 11204 11763 9857 0 
3600 12982 11238 127 12827 12774 11213 11804 9885 0 
3700 12972 11226 119 12890 12811 11268 11858 10025 0 
3800 12938 11194 151 12838 12721 11131 11727 9810 8 
3900 13007 11256 88 12870 12853 11291 11855 10061 1013 
4000 12916 11128 116 12799 12775 11137 11770 9924 2160 
4100 12896 11129 128 12866 12823 11099 11746 9909 3112 
4200 12900 11070 133 12824 12751 11003 11648 9806 4023 
4300 12784 10982 183 12854 12761 10893 11592 9732 4948 
4400 12788 10989 212 12856 12757 10928 11615 9684 5811 
4500 12790 11051 197 12838 12729 10994 11630 9779 6017 
4600 12067 10398 175 12883 12788 11062 10944 9853 6120 
4700 11503 10127 162 12850 12738 11026 10351 9825 6118 
4800 11070 10112 144 12859 12729 11017 9932 9798 6102 
4900 10664 10266 144 12712 12710 10970 9533 9799 6141 
5000 10958 10491 143 12815 12718 10997 9285 9796 6134 
5100 11219 10690 132 12843 12714 11057 9001 9852 6231 
5200 11406 10803 125 12846 12684 11052 8818 9875 6211 
5300 11139 10132 127 12560 12294 10458 8378 9420 6248 
5400 11468 9529 113 12624 12500 9760 7878 8781 6225 
5500 11710 9032 104 12724 12658 9230 7489 8255 6324 
5600 11722 8645 102 12668 12634 8781 7199 7830 6337 
5700 11777 8222 102 12670 12659 8379 6917 7469 6498 
5800 11841 8079 102 12670 12262 8195 6796 7313 6478 
5900 11837 8080 100 12640 11921 8193 6785 7313 6449 
