# Avida tasks data
# Tue Apr 18 03:06:17 2023
# First column gives the current update, next columns give the number
# of organisms that have the particular task as a component of their merit
#  1: Update
#  2: Not
#  3: Nand
#  4: And
#  5: OrNot
#  6: Or
#  7: AndNot
#  8: Nor
#  9: Xor
# 10: Equals

0 0 0 0 0 0 0 0 0 0 
100 0 0 0 0 0 0 0 0 0 
200 0 0 0 0 0 0 0 0 0 
300 0 0 0 0 0 0 0 0 0 
400 0 0 0 0 0 0 0 0 0 
500 0 0 0 0 0 0 0 0 0 
600 0 0 0 0 0 0 0 0 0 
700 135 182 0 254 0 0 0 0 0 
800 1337 1450 6 1442 2 0 0 0 0 
900 2671 2767 3 2692 5 2 0 0 0 
1000 4132 4233 6 4146 8 1 0 0 0 
1100 5456 5613 2 5507 12 1 0 0 0 
1200 6618 6978 4 6734 18 2 0 0 0 
1300 7823 8149 923 7891 13 21 0 0 0 
1400 8319 8775 2019 8519 17 41 2 0 0 
1500 8896 9304 2840 8961 14 60 3 0 0 
1600 9751 10106 3911 9705 16 241 10 0 0 
1700 10277 10699 4770 10253 18 795 17 0 0 
1800 10751 10987 5476 10652 46 1580 19 0 0 
1900 11183 11317 6000 10828 35 2222 18 0 0 
2000 11500 11547 6582 10946 47 2830 18 0 0 
2100 11851 11742 7071 11119 46 3518 15 0 0 
2200 12065 11948 7482 11284 40 4095 26 0 0 
2300 12247 12037 7861 11296 46 4766 30 0 0 
2400 12339 12170 8200 11417 69 5449 32 0 0 
2500 12469 12251 8531 11408 284 6095 50 0 0 
2600 12639 12250 8580 11302 691 6386 64 0 0 
2700 12735 12520 8918 11361 1204 6796 107 0 0 
2800 12784 12419 9020 11355 1868 7029 178 0 0 
2900 12862 12515 9143 11316 2336 7297 223 0 0 
3000 12824 12611 9268 11263 2885 7637 316 0 0 
3100 12932 12645 9379 11321 3543 7902 367 0 0 
3200 12897 12673 9401 11266 4110 8098 396 0 0 
3300 12971 12705 9482 11207 4582 8381 387 0 2 
3400 13029 12702 9723 11316 5310 8690 427 1 0 
3500 13011 12601 9655 11203 5703 8772 460 1 0 
3600 13127 12736 9957 11298 6383 9238 461 0 0 
3700 13028 12685 9978 11195 6883 9355 475 0 0 
3800 13078 12718 10104 11272 7429 9577 480 0 0 
3900 13096 12728 10126 11189 7835 9674 478 0 0 
4000 13144 12810 10402 11317 8519 9982 399 0 0 
4100 13236 12827 10607 11409 9057 10286 391 0 0 
4200 13211 12832 10486 11263 9270 10280 343 0 0 
4300 13231 12855 10636 11296 9636 10481 330 1 0 
4400 13239 12826 10655 11261 9765 10637 319 0 0 
4500 13223 12801 10678 11184 9955 10723 295 2 0 
4600 13215 12744 10645 11184 10098 10722 254 0 0 
4700 13263 12809 10712 11123 10352 10857 232 0 0 
4800 13233 12773 10828 11254 10463 11041 283 0 0 
4900 13279 12872 10887 11299 10562 11112 298 0 0 
5000 13239 12821 10988 11335 10728 11190 327 0 0 
5100 13228 12864 10806 11252 10591 11050 381 0 2 
5200 13280 12814 10884 11260 10634 11067 440 0 0 
5300 13256 12785 10843 11215 10599 11034 578 0 0 
5400 13245 12817 10942 11261 10696 11125 774 1 0 
5500 13155 12736 10877 11294 10646 11126 836 0 0 
5600 13320 12785 10960 11301 10713 11119 1063 0 0 
5700 13281 12869 10895 11304 10680 11069 1212 0 0 
5800 13259 12777 10844 11240 10617 11112 1361 0 0 
5900 13176 12803 10892 11276 10700 11136 1518 0 0 
6000 13237 12864 11102 11466 10928 11356 1773 0 0 
6100 13212 12772 11048 11412 10842 11245 1875 0 0 
6200 13172 12808 11072 11449 10891 11336 2175 0 1 
6300 13206 12795 10987 11313 10769 11208 2469 0 0 
6400 13276 12789 10976 11351 10813 11250 2728 1 0 
6500 13238 12763 10928 11289 10790 11225 3099 0 0 
6600 13216 12813 10976 11368 10797 11187 3389 0 0 
6700 13205 12819 11083 11481 10927 11275 3762 0 0 
6800 13278 12799 11016 11384 10788 11244 3974 1 0 
6900 13225 12769 11059 11444 10894 11194 4172 0 0 
7000 13248 12815 11073 11449 10897 11288 4377 0 0 
7100 13289 12856 11247 11567 10981 11370 4696 0 0 
7200 13284 12807 11223 11508 11005 11366 4967 0 0 
7300 13289 12877 11281 11592 11066 11484 5202 0 0 
7400 13364 12930 11299 11595 11122 11442 5525 0 0 
7500 13287 12837 11119 11461 10875 11246 5728 0 0 
7600 13241 12812 11236 11536 11016 11337 6088 0 0 
7700 13297 12870 11183 11610 11033 11432 6245 0 0 
7800 13222 12805 11092 11459 10864 11328 6544 0 0 
7900 13221 12821 11181 11565 10992 11358 6827 0 0 
8000 13247 12882 11240 11516 10993 11429 7074 0 0 
8100 13225 12745 11245 11609 10995 11404 7346 0 0 
8200 13239 12775 11219 11641 11023 11462 7749 1 0 
8300 13268 12820 11266 11709 11097 11463 8116 0 0 
8400 13316 12844 11199 11588 10990 11396 8247 0 0 
8500 13229 12901 11247 11622 11068 11459 8497 0 0 
8600 13245 12800 11203 11574 10964 11357 8625 0 0 
8700 13287 12815 11248 11664 11042 11487 8924 0 0 
8800 13341 12855 11375 11739 11199 11624 9242 0 0 
8900 13225 12789 11350 11706 11122 11483 9236 0 0 
9000 13275 12851 11347 11716 11121 11564 9295 0 1 
9100 13338 12870 11309 11754 11162 11537 9563 0 0 
9200 13342 12815 11333 11673 11189 11474 9655 0 0 
9300 13351 12775 11283 11733 11160 11481 9724 0 0 
9400 13340 12847 11328 11713 11149 11547 9862 1 1 
9500 13307 12885 11315 11690 11168 11480 9853 1 1 
9600 13315 12897 11352 11825 11203 11585 9976 0 0 
9700 13293 12823 11316 11739 11142 11492 10044 2 4 
9800 13280 12740 11227 11659 11051 11458 10031 2 1 
9900 13339 12794 11193 11654 11062 11447 10084 0 0 
10000 13317 12750 11217 11631 11023 11425 10047 0 0 
