# Avida tasks data
# Mon Apr 17 16:23:01 2023
# First column gives the current update, next columns give the number
# of organisms that have the particular task as a component of their merit
#  1: Update
#  2: Not
#  3: Nand
#  4: And
#  5: OrNot
#  6: Or
#  7: AndNot
#  8: Nor
#  9: Xor
# 10: Equals

0 0 0 0 0 0 0 0 0 0 
100 0 0 0 0 0 0 0 0 0 
200 0 0 0 0 0 0 0 0 0 
300 0 0 0 0 0 0 0 0 0 
400 0 0 0 0 0 0 0 0 0 
500 0 0 0 0 0 0 0 0 0 
600 0 0 0 0 0 0 0 0 0 
700 0 0 0 0 0 0 0 0 0 
800 7 0 0 0 0 0 0 0 0 
900 45 10 0 403 0 2 0 0 0 
1000 323 36 225 1150 0 11 0 0 0 
1100 293 35 601 1526 0 13 0 0 0 
1200 285 46 653 1629 0 16 0 0 0 
1300 276 51 759 1647 0 17 0 0 0 
1400 189 33 996 1684 0 12 0 0 0 
1500 107 92 1222 1699 0 19 0 0 0 
1600 99 196 1081 1673 0 15 0 0 0 
1700 104 350 1002 1738 0 15 0 0 0 
1800 128 465 957 1831 0 15 0 0 0 
1900 181 381 956 1912 0 18 0 0 0 
2000 168 343 959 2050 2 15 0 0 0 
2100 212 337 958 2256 2 15 0 0 0 
2200 212 558 956 2317 4 15 0 0 0 
2300 272 696 924 2457 2 15 0 0 0 
2400 281 827 924 2634 3 15 0 0 0 
2500 285 844 924 2673 2 15 0 0 0 
2600 275 886 924 2693 7 15 0 0 0 
2700 280 979 923 2736 6 15 0 0 0 
2800 288 1007 924 2767 4 17 0 0 0 
2900 299 1030 923 2790 5 15 0 0 0 
3000 290 1169 924 2966 8 16 0 0 0 
3100 316 1233 924 3065 14 16 0 0 0 
3200 340 1300 923 3122 8 17 0 0 0 
3300 345 1490 903 3352 8 17 0 0 0 
3400 362 1513 869 3370 10 13 0 0 0 
3500 365 1479 869 3356 11 13 0 0 0 
3600 329 1630 842 3359 11 13 0 0 0 
3700 353 1682 828 3374 11 13 0 0 0 
3800 389 1736 763 3346 11 12 0 0 0 
3900 410 1794 763 3369 11 12 0 0 0 
4000 486 1932 749 3479 20 12 0 0 0 
4100 505 2026 747 3586 19 11 0 0 0 
4200 473 2043 717 3596 15 11 0 0 0 
4300 446 2066 712 3608 16 11 0 0 0 
4400 430 2140 709 3636 16 11 0 0 0 
4500 453 2180 709 3655 15 11 0 0 0 
4600 437 2182 709 3656 15 11 0 0 0 
4700 435 2184 701 3622 16 11 0 0 0 
4800 443 2207 686 3632 18 11 0 0 0 
4900 466 2227 659 3660 23 10 0 0 0 
5000 471 2216 653 3670 21 10 0 0 0 
5100 475 2198 660 3673 21 9 0 0 0 
5200 438 2282 617 3694 22 8 0 0 0 
5300 452 2410 588 3803 21 7 0 0 0 
5400 475 2476 585 3901 18 7 0 0 0 
5500 498 2746 577 4210 19 7 0 0 0 
5600 546 2890 546 4319 18 8 0 0 0 
5700 530 2908 518 4317 20 5 0 0 0 
5800 528 2918 513 4331 16 5 0 0 0 
5900 516 2914 517 4323 18 5 0 0 0 
6000 550 2938 461 4304 15 4 0 0 0 
6100 513 2955 452 4315 17 3 0 0 0 
6200 514 3123 382 4406 16 2 0 0 0 
6300 545 3116 382 4404 17 2 0 0 0 
6400 555 3111 381 4416 19 2 0 0 0 
6500 517 3112 381 4416 18 2 0 0 0 
6600 523 3091 553 4388 21 3 0 0 0 
6700 507 3101 529 4417 24 2 0 0 0 
6800 538 3091 491 4414 21 3 0 0 0 
6900 531 3105 492 4462 18 3 0 0 0 
7000 537 3094 491 4406 25 3 0 0 0 
7100 522 3116 584 4414 21 6 0 0 0 
7200 523 3094 640 4427 25 3 0 0 0 
7300 527 3067 627 4399 26 2 0 0 0 
7400 528 3156 617 4458 23 2 0 0 0 
7500 533 3247 631 4552 22 2 0 0 0 
7600 541 3323 578 4615 16 2 0 0 0 
7700 563 3353 578 4638 17 2 0 0 0 
7800 621 3437 578 4746 19 2 0 0 0 
7900 665 3609 578 4952 20 2 0 0 0 
8000 695 3663 578 5054 25 2 0 0 0 
8100 676 3695 578 5046 28 2 0 0 0 
8200 619 3736 580 5050 26 5 0 0 0 
8300 751 3736 580 5048 30 3 0 0 0 
8400 945 3729 574 5034 29 5 0 0 0 
8500 854 3778 593 5060 27 5 0 0 0 
8600 795 3797 595 5055 24 5 0 0 0 
8700 797 3794 592 5068 26 5 0 0 0 
8800 771 3802 588 5084 21 5 0 0 0 
8900 745 3826 587 5085 20 5 0 0 0 
9000 988 3604 585 5042 35 5 0 0 0 
9100 1227 3352 584 4993 24 5 0 0 0 
9200 1411 3147 584 4941 23 5 1 0 0 
9300 1523 3063 584 4941 22 5 1 0 0 
9400 1793 2855 584 4926 16 5 0 0 0 
9500 2026 2669 584 4869 14 5 0 0 0 
9600 2151 2544 573 4767 13 5 0 0 0 
9700 2297 2437 573 4822 12 5 0 0 0 
9800 2343 2382 564 4802 12 5 0 0 0 
9900 2484 2258 564 4772 13 5 0 0 0 
10000 2681 2130 546 4806 16 5 0 0 0 
