# Avida tasks data
# Mon Apr 17 15:39:35 2023
# First column gives the current update, next columns give the number
# of organisms that have the particular task as a component of their merit
#  1: Update
#  2: Not
#  3: Nand
#  4: And
#  5: OrNot
#  6: Or
#  7: AndNot
#  8: Nor
#  9: Xor
# 10: Equals

0 0 0 0 0 0 0 0 0 0 
100 0 0 0 0 0 0 0 0 0 
200 0 0 0 0 0 0 0 0 0 
300 0 0 0 0 0 0 0 0 0 
400 0 0 0 0 0 0 0 0 0 
500 0 0 0 0 0 0 0 0 0 
600 4 0 0 0 0 0 0 0 0 
700 38 0 0 0 0 0 0 0 0 
800 113 0 0 12 0 0 0 0 0 
900 236 0 0 54 0 0 0 0 0 
1000 432 6 0 146 0 0 0 0 0 
1100 738 7 0 383 0 0 0 0 0 
1200 887 49 0 1105 1046 9 4 0 0 
1300 917 57 755 1770 1758 494 4 0 0 
1400 917 57 755 1769 1757 493 4 0 0 
1500 917 57 755 1769 1757 493 4 0 0 
1600 917 57 755 1769 1757 493 4 0 0 
1700 916 57 755 1772 1759 495 4 0 0 
1800 917 60 753 1768 1756 493 4 0 0 
1900 917 60 751 1768 1756 491 4 0 0 
2000 917 60 751 1768 1756 491 4 0 0 
2100 917 60 751 1769 1757 492 4 0 0 
2200 917 60 751 1769 1757 492 4 0 0 
2300 917 60 751 1768 1756 491 4 0 0 
2400 919 60 751 1770 1758 494 4 0 0 
2500 919 60 751 1769 1757 493 4 0 0 
2600 919 59 750 1768 1758 491 4 0 0 
2700 919 59 750 1768 1758 491 4 0 0 
2800 919 59 750 1768 1758 491 4 0 0 
2900 919 59 750 1769 1759 492 4 0 0 
3000 919 59 750 1768 1758 491 4 0 0 
3100 919 59 750 1768 1758 491 4 0 0 
3200 919 59 750 1768 1758 491 4 0 0 
3300 919 59 750 1768 1758 491 4 0 0 
3400 919 59 750 1768 1758 491 4 0 0 
3500 920 59 750 1767 1757 491 4 0 0 
3600 920 59 750 1767 1757 491 4 0 0 
3700 919 58 749 1770 1757 493 4 0 0 
3800 919 58 749 1769 1756 492 4 0 0 
3900 919 58 749 1769 1756 492 4 0 0 
4000 919 58 749 1769 1756 492 4 0 0 
4100 919 57 749 1769 1757 493 4 0 0 
4200 918 57 749 1769 1757 493 4 0 0 
4300 918 57 749 1770 1758 494 4 0 0 
4400 918 57 749 1769 1757 493 4 0 0 
4500 918 57 749 1770 1758 494 4 0 0 
4600 918 57 749 1770 1758 494 4 0 0 
4700 918 57 749 1770 1758 494 4 0 0 
4800 918 57 749 1770 1758 494 4 0 0 
4900 918 57 749 1770 1758 494 4 0 0 
5000 920 59 749 1771 1758 494 4 0 0 
5100 901 65 881 1795 1792 750 6 0 0 
5200 884 114 1063 1987 1971 979 447 0 0 
5300 875 70 1270 2106 2078 1136 728 1 0 
5400 878 62 1382 2107 2082 1257 954 2 0 
5500 1169 220 1516 2217 2207 1411 1196 0 0 
5600 1169 220 1516 2217 2207 1411 1196 0 0 
5700 1169 220 1516 2217 2207 1411 1196 0 0 
5800 1169 220 1516 2217 2207 1411 1196 0 0 
5900 1169 220 1516 2217 2207 1411 1196 0 0 
6000 1169 220 1516 2217 2207 1411 1196 0 0 
6100 1169 220 1516 2217 2207 1411 1196 0 0 
6200 1169 220 1516 2217 2207 1411 1196 0 0 
6300 1169 220 1518 2219 2209 1413 1196 0 0 
6400 1168 219 1518 2219 2211 1413 1195 0 0 
6500 1139 274 1543 2251 2234 1443 1227 0 0 
6600 1119 484 1693 2401 2388 1691 1480 2 0 
6700 1138 444 1834 2603 2564 1937 1702 4 0 
6800 1140 337 1888 2656 2661 2000 1321 4 0 
6900 1148 240 1850 2784 2792 2125 1093 2 0 
7000 1143 193 1823 2898 2948 2253 953 2 0 
7100 1148 175 1754 3036 3122 2425 870 2 0 
7200 1179 167 1628 3154 3255 2543 809 2 0 
7300 1175 131 1467 3267 3398 2698 750 2 0 
7400 1234 120 1483 3383 3541 2875 709 0 0 
7500 1740 133 1477 3647 3769 3121 709 0 0 
7600 1745 364 1379 3807 3929 3244 702 0 0 
7700 1786 756 1773 4057 4174 3471 702 0 0 
7800 1785 1047 2120 4250 4365 3659 702 0 0 
7900 1783 1354 2393 4478 4575 3867 701 0 0 
8000 1738 1522 2603 4505 4591 3900 703 0 0 
8100 1675 1790 2778 4546 4616 3905 704 0 0 
8200 1637 1910 2811 4550 4614 3907 697 0 0 
8300 1628 2043 2881 4564 4627 3906 661 0 0 
8400 1570 2203 2871 4563 4624 3906 579 0 0 
8500 1518 2344 2964 4609 4668 3912 529 0 0 
8600 1475 2480 3024 4627 4681 3944 474 0 0 
8700 1432 2648 3085 4662 4729 3980 404 0 0 
8800 1381 2852 3189 4700 4783 4042 339 0 0 
8900 1351 3059 3297 4786 4845 4141 314 0 0 
9000 1335 3111 3385 4811 4901 4168 290 0 0 
9100 1288 3306 3536 4912 4965 4260 279 0 0 
9200 1269 3391 3668 4962 5016 4309 264 0 0 
9300 1862 3530 3787 5058 5134 4412 261 0 0 
9400 2242 3624 3878 5115 5222 4525 260 0 0 
9500 2521 3685 3963 5186 5294 4607 260 0 0 
9600 2758 3736 4032 5251 5352 4661 259 0 0 
9700 2986 3816 4082 5315 5405 4728 260 0 0 
9800 3223 3875 4137 5373 5466 4804 246 0 0 
9900 3480 3997 4236 5426 5520 4891 239 0 0 
10000 3703 4054 4234 5466 5563 4944 230 0 0 
