# Avida tasks data
# Tue Apr 18 01:28:27 2023
# First column gives the current update, next columns give the number
# of organisms that have the particular task as a component of their merit
#  1: Update
#  2: Not
#  3: Nand
#  4: And
#  5: OrNot
#  6: Or
#  7: AndNot
#  8: Nor
#  9: Xor
# 10: Equals

0 0 0 0 0 0 0 0 0 0 
100 0 0 0 0 0 0 0 0 0 
200 0 0 0 0 0 0 0 0 0 
300 0 0 0 0 0 0 0 0 0 
400 0 0 0 0 0 0 0 0 0 
500 0 0 0 0 0 0 0 0 0 
600 439 386 0 4 0 1 0 0 0 
700 1592 1493 0 20 0 1 0 0 0 
800 2782 2586 0 290 2 0 0 0 0 
900 3420 3349 17 1412 0 6 1081 0 0 
1000 4547 4620 13 2959 0 33 2748 0 0 
1100 5741 6109 41 4400 2 46 4167 0 0 
1200 7570 7944 28 6386 7 66 6162 0 0 
1300 9267 9988 51 8217 2 98 7967 0 0 
1400 10692 11499 58 9800 7 96 9553 0 0 
1500 11506 12473 57 10755 7 129 10518 0 0 
1600 11960 13025 85 11164 1 131 10877 0 0 
1700 12294 13140 103 11460 6 114 11200 0 0 
1800 12359 13276 87 11614 5 110 11255 0 0 
1900 12463 13239 103 11690 4 92 11328 0 0 
2000 12340 13200 360 11528 13 129 11186 0 0 
2100 12439 13300 877 11642 6 110 11333 0 0 
2200 12333 13161 1551 11604 5 142 11315 0 0 
2300 12519 13138 2362 11670 10 148 11317 0 0 
2400 12479 13170 3392 11689 5 154 11344 0 0 
2500 12471 13150 4122 11748 7 167 11399 0 0 
2600 12499 13024 4926 11695 12 221 11308 0 0 
2700 12519 13124 5919 11806 3 185 11418 0 0 
2800 12539 13076 6769 11757 5 225 11263 0 0 
2900 12642 13107 7685 11996 5 213 11584 0 0 
3000 12678 13054 8549 11934 12 225 11529 0 0 
3100 12625 13012 9252 11825 3 248 11398 0 0 
3200 12716 13019 9728 12030 5 225 11559 0 0 
3300 12683 12949 10289 11929 15 252 11465 0 0 
3400 12817 12970 10547 12103 5 259 11683 0 0 
3500 12808 12923 10895 12110 6 273 11633 0 0 
3600 12750 13062 11245 11985 7 282 11483 0 0 
3700 12780 12953 11370 11994 13 316 11525 0 0 
3800 12854 12926 11557 12132 12 327 11696 0 0 
3900 12885 12926 11673 12123 18 307 11503 0 0 
4000 12942 12935 11813 12161 12 339 11712 0 0 
4100 12865 12863 11775 12193 4 302 11609 0 0 
4200 12879 12858 11775 12036 13 287 11557 0 0 
4300 12918 12892 11837 12153 8 270 11665 0 0 
4400 13025 12982 11920 12178 8 276 11702 0 0 
4500 12906 12947 11937 12095 6 278 11662 0 0 
4600 12896 12939 12045 12103 5 231 11604 0 0 
4700 12888 12937 11928 12049 11 252 11598 0 0 
4800 12948 12985 12052 12223 9 283 11732 0 0 
4900 12893 12927 11955 12153 8 254 11634 0 0 
5000 13024 12960 11978 12262 11 281 11762 0 0 
5100 12984 12959 11896 12133 7 297 11624 0 0 
5200 13036 12973 11984 12215 5 297 11748 0 0 
5300 12978 12997 11968 12177 9 255 11731 0 0 
5400 12964 12954 11937 12226 16 281 11734 0 0 
5500 12912 12901 11849 12169 11 274 11639 0 0 
5600 12928 12957 11971 12189 7 297 11679 0 0 
5700 12966 12950 11935 12117 15 280 11633 0 0 
5800 12997 12920 11916 12193 7 265 11673 0 0 
5900 13050 12981 11958 12243 8 294 11813 0 0 
6000 13018 12968 12030 12191 14 276 11711 0 0 
6100 13028 12970 11967 12273 7 263 11799 0 0 
6200 13013 12968 11985 12214 4 263 11653 0 0 
6300 12944 12998 12033 12253 12 270 11743 0 0 
6400 13023 12985 11991 12318 13 297 11850 0 0 
6500 13028 12883 11936 12236 6 261 11759 0 0 
6600 13112 13024 12037 12287 13 225 11776 0 0 
6700 13135 12970 12007 12306 12 251 11883 0 0 
6800 13120 13007 12077 12296 6 242 11819 0 0 
6900 13065 13028 12047 12297 10 270 11820 0 0 
7000 13160 13037 12107 12366 11 249 11895 0 0 
7100 13151 12962 11977 12415 8 277 11949 0 0 
7200 13085 13020 12034 12339 7 284 11815 0 0 
7300 13030 12935 11958 12205 15 318 11693 0 0 
7400 13108 12990 12049 12334 19 255 11833 0 0 
7500 13142 13087 12130 12352 11 275 11838 0 0 
7600 13050 12946 12051 12225 8 282 11757 0 0 
7700 13067 12929 11946 12343 8 265 11839 0 0 
7800 13092 13019 12153 12427 8 252 11926 0 0 
7900 13099 12966 12012 12331 19 295 11853 0 0 
8000 13162 13021 12114 12377 6 254 11937 0 0 
8100 13148 13093 12114 12339 16 268 11905 0 0 
8200 13181 13075 12116 12444 18 277 11966 0 0 
8300 13201 13038 12022 12380 10 290 11885 0 0 
8400 13083 13047 11999 12253 12 324 11714 0 0 
8500 13208 13031 12089 12383 10 275 11912 0 0 
8600 13234 13036 12036 12413 3 244 11998 0 0 
8700 13158 12950 12008 12322 13 301 11826 0 0 
8800 13206 13053 12050 12442 8 294 12007 0 0 
8900 13308 13053 12045 12434 10 308 12004 0 0 
9000 13247 12996 12029 12421 14 327 11927 0 0 
9100 13308 13123 12169 12455 5 300 12030 0 0 
9200 13258 13015 12079 12504 12 375 12006 0 0 
9300 13279 13030 12132 12486 7 493 11986 0 0 
9400 13294 13072 11997 12502 7 568 12065 0 0 
9500 13273 13056 12055 12555 4 728 12136 0 0 
9600 13266 13107 12094 12411 5 786 11993 0 0 
9700 13296 13066 12043 12499 10 859 12002 0 0 
9800 13221 13078 12055 12455 44 1137 12026 0 0 
9900 13329 13080 12123 12486 63 1332 12051 0 0 
10000 13211 13074 12079 12502 137 1606 12075 0 0 
