# Avida tasks data
# Mon Apr 17 13:05:00 2023
# First column gives the current update, next columns give the number
# of organisms that have the particular task as a component of their merit
#  1: Update
#  2: Not
#  3: Nand
#  4: And
#  5: OrNot
#  6: Or
#  7: AndNot
#  8: Nor
#  9: Xor
# 10: Equals

0 0 0 0 0 0 0 0 0 0 
100 0 0 0 0 0 0 0 0 0 
200 0 0 0 0 0 0 0 0 0 
300 0 0 0 0 0 0 0 0 0 
400 0 0 0 0 0 0 0 0 0 
500 0 0 0 0 0 0 0 0 0 
600 1 0 0 0 0 0 0 0 0 
700 5 7 0 0 0 0 0 0 0 
800 52 33 0 0 0 0 0 0 0 
900 233 106 0 7 0 0 0 0 0 
1000 589 306 0 111 0 0 0 0 0 
1100 901 637 0 562 0 0 0 0 0 
1200 1344 685 1 1587 29 0 0 0 0 
1300 1937 1141 48 2921 121 0 0 0 0 
1400 2016 1723 86 4354 1070 1 0 0 0 
1500 1830 1802 94 4886 2460 144 1357 0 0 
1600 1761 2800 96 6437 3849 826 2355 0 0 
1700 1795 2965 19 7074 5177 1156 3529 24 1295 
1800 1764 2480 2 7547 6783 1265 4921 53 3008 
1900 1968 2142 7 8211 7984 1316 6087 85 4443 
2000 2556 1817 4 8834 8972 1239 7062 107 5690 
2100 3248 1590 4 9553 9881 1164 8044 114 6773 
2200 3980 1394 8 10150 10619 1123 8930 140 7845 
2300 4432 1215 13 10608 11105 1699 9537 158 8511 
2400 4431 962 48 10628 11198 2615 9879 151 8883 
2500 4106 683 72 10788 11504 3565 10430 162 9507 
2600 3810 521 94 10841 11739 4415 10753 157 9843 
2700 3507 372 106 10775 11960 5296 11042 162 10213 
2800 3206 291 94 10392 12119 5937 11176 148 10463 
2900 2735 264 141 10456 12215 6800 11400 178 10747 
3000 2321 252 139 10512 12279 7467 11474 149 10760 
3100 1799 221 159 9837 12266 8155 11538 122 10815 
3200 3093 1575 157 9851 12319 8205 11510 137 10832 
3300 4108 2681 148 9884 12318 8236 11465 126 10784 
3400 5196 3769 147 10019 12254 8408 11463 127 10848 
3500 5836 4549 167 10180 12325 8817 11478 146 10828 
3600 6622 5428 174 10391 12354 9105 11528 153 10843 
3700 7341 6233 192 10576 12371 9202 11544 185 10909 
3800 8041 6893 197 10661 12277 9313 11471 188 10824 
3900 8479 7514 195 10684 12348 9290 11496 189 10814 
4000 8887 8029 204 10836 12299 9528 11479 196 10982 
4100 9263 8546 191 10960 12356 9552 11481 182 11054 
4200 9744 9040 203 11159 12381 9756 11517 194 11126 
4300 10146 9448 190 11220 12381 9771 11465 177 11125 
4400 10415 9777 203 11328 12460 10004 11542 178 11250 
4500 10835 10142 217 11493 12494 10168 11568 191 11340 
4600 11203 10649 216 11582 12395 10321 11513 214 11283 
4700 11623 11057 211 11639 12540 10539 11614 210 11350 
4800 11797 11206 191 11620 12447 10512 11536 196 11287 
4900 11765 11197 231 11681 12332 10444 11505 206 11165 
5000 11866 11382 250 11744 12418 10555 11550 230 11278 
5100 11909 11567 217 11730 12346 10530 11482 206 11271 
5200 11921 11528 211 11775 12446 10565 11584 198 11306 
5300 11893 11628 214 11674 12393 10703 11441 182 11347 
5400 12012 11795 227 11723 12396 10708 11438 198 11251 
5500 12048 11859 244 11719 12344 10663 11417 204 11221 
5600 12039 11736 211 11766 12359 10698 11438 193 11254 
5700 12010 11791 242 11702 12340 10655 11411 214 11196 
5800 11733 11598 215 11753 12383 10589 11411 185 11202 
5900 11715 11305 219 11802 12374 10498 11397 211 11133 
6000 11601 11052 213 11705 12313 10485 11335 275 11050 
6100 11607 10996 234 11730 12285 10399 11318 306 11134 
6200 11706 11082 224 11750 12325 10477 11377 295 11182 
6300 11791 11188 231 11737 12371 10452 11339 315 11184 
6400 11631 11112 222 11694 12352 10452 11299 312 11138 
6500 11445 11072 232 11713 12389 10436 11286 382 11164 
6600 11274 11019 226 11754 12316 10449 11245 342 11150 
6700 11326 10992 220 11691 12323 10341 11245 350 11154 
6800 11200 10735 216 11683 12214 10377 11223 348 10988 
6900 11000 10306 222 11621 12218 9952 10730 351 10902 
7000 10588 10014 213 11681 12224 9700 10421 346 10933 
7100 10115 9480 200 11676 12195 9180 9842 340 10920 
7200 9996 9315 196 11654 12179 9004 9667 340 10913 
7300 9629 8978 190 11684 12185 8676 9294 338 10944 
7400 9586 8944 190 11683 12144 8654 9269 336 10924 
7500 9420 8783 184 11671 12139 8512 9120 333 10939 
7600 9364 8707 183 11540 11839 8428 9036 330 10858 
7700 9160 8519 177 11537 11472 8243 8841 323 10853 
7800 9108 8462 173 11346 11317 8193 8791 321 10815 
7900 9082 8379 170 10914 10956 8123 8717 317 10744 
8000 8901 8210 159 10480 10505 7965 8536 306 10715 
8100 8761 8074 155 10240 10269 7855 8406 303 10674 
8200 8636 7967 153 10268 9989 7765 8303 303 10619 
8300 8590 7940 153 10486 9799 7710 8246 303 10626 
8400 8487 7846 151 10523 9598 7585 8115 300 10650 
8500 8426 7798 149 10529 9485 7489 8012 299 10655 
