# Avida tasks data
# Mon Apr 17 16:29:15 2023
# First column gives the current update, next columns give the number
# of organisms that have the particular task as a component of their merit
#  1: Update
#  2: Not
#  3: Nand
#  4: And
#  5: OrNot
#  6: Or
#  7: AndNot
#  8: Nor
#  9: Xor
# 10: Equals

0 0 0 0 0 0 0 0 0 0 
100 0 0 0 0 0 0 0 0 0 
200 0 0 0 0 0 0 0 0 0 
300 0 0 0 0 0 0 0 0 0 
400 0 0 0 0 0 0 0 0 0 
500 0 0 0 0 0 0 0 0 0 
600 0 0 0 0 0 0 0 0 0 
700 0 0 0 0 0 0 0 0 0 
800 17 2 0 0 0 0 0 0 0 
900 39 41 0 452 0 0 0 0 0 
1000 25 535 0 1752 0 0 0 0 0 
1100 485 1837 7 3157 96 0 0 0 0 
1200 246 1389 16 4243 2242 69 0 0 0 
1300 1435 1124 16 5940 4244 102 505 0 0 
1400 2535 934 12 7025 5747 72 1758 0 0 
1500 3253 511 8 7733 6964 1019 2222 0 0 
1600 4413 2168 7 8076 7464 3101 2665 0 0 
1700 5577 3938 6 8677 7994 4610 3614 0 0 
1800 6641 5508 3 9293 8581 5891 4931 0 0 
1900 7584 6771 3 9881 9243 6963 6069 0 0 
2000 8509 8052 0 10459 9858 8199 7219 0 0 
2100 9512 9231 0 10901 10300 9214 8298 0 0 
2200 10141 10106 2 11408 10847 9995 9259 0 0 
2300 10736 11037 0 11729 11227 10820 10048 0 0 
2400 11222 11579 3 11977 11514 11430 10548 0 0 
2500 11343 11994 1 12204 11698 11761 10969 0 0 
2600 11483 12090 4 12260 11797 11919 11209 0 0 
2700 11802 12444 20 12304 11858 12181 11274 0 0 
2800 11664 12591 739 12629 12140 12350 11527 0 0 
2900 11285 12580 2056 12537 12078 12423 11466 0 0 
3000 10870 12657 3681 12651 12093 12439 11495 0 0 
3100 10547 12616 5069 12658 12182 12433 11541 0 0 
3200 10391 12621 6133 12602 12201 12376 11574 0 0 
3300 10332 12609 7140 12687 12208 12506 11586 0 0 
3400 10232 12655 8196 12798 12292 12565 11686 0 0 
3500 10268 12634 9050 12696 12204 12626 11605 0 0 
3600 10305 12637 9664 12785 12248 12501 11601 1 0 
3700 10432 12671 10123 12810 12362 12554 11701 0 0 
3800 10635 12670 10554 12779 12249 12472 11582 0 0 
3900 10848 12733 11045 12808 12360 12545 11730 0 0 
4000 11026 12715 11286 12754 12197 12529 11649 0 0 
4100 11045 12648 11612 12792 12278 12528 11674 0 0 
4200 11238 12773 11835 12731 12231 12564 11685 0 0 
4300 11246 12622 11913 12815 12265 12433 11637 0 0 
4400 11599 12741 12178 12789 12322 12551 11675 0 0 
4500 11616 12734 12109 12840 12292 12424 11749 1 0 
4600 11729 12792 12178 12819 12282 12454 11594 0 0 
4700 11760 12775 12268 12855 12339 12535 11683 1 0 
4800 11943 12765 12313 12803 12279 12565 11647 0 0 
4900 12173 12864 12374 12948 12406 12605 11816 0 0 
5000 12117 12774 12337 12844 12379 12566 11758 0 0 
5100 12098 12852 12274 12769 12281 12500 11762 0 0 
5200 12079 12837 12284 12934 12430 12529 11741 2 0 
5300 12057 12754 12282 12884 12426 12537 11788 2 0 
5400 11985 12877 12360 12909 12343 12624 11711 0 0 
5500 12088 12741 12253 12843 12330 12505 11735 1 0 
5600 12147 12822 12317 12811 12350 12488 11690 0 0 
5700 12177 12846 12324 12846 12295 12576 11598 2 0 
5800 12236 12713 12226 12821 12293 12423 11733 1 0 
5900 12292 12856 12369 12776 12314 12578 11707 0 0 
6000 12294 12784 12331 12919 12356 12565 11716 0 0 
6100 12331 12795 12382 12725 12287 12575 11640 0 0 
6200 12247 12783 12327 12838 12376 12534 11684 0 0 
6300 12268 12799 12269 12878 12364 12513 11795 0 0 
6400 12342 12799 12272 12815 12409 12523 11692 1 0 
6500 12393 12799 12316 12778 12350 12585 11671 1 0 
6600 12360 12721 12247 12731 12326 12516 11743 0 0 
6700 12334 12789 12358 12903 12375 12617 11807 2 0 
6800 12411 12817 12349 12790 12296 12565 11671 1 0 
6900 12441 12840 12292 12887 12494 12558 11941 1 0 
7000 12505 12943 12452 12969 12528 12697 11917 0 0 
7100 12435 12808 12244 12897 12437 12471 11843 0 0 
7200 12428 12836 12396 12858 12397 12612 11757 0 0 
7300 12431 12816 12400 12776 12400 12645 11799 2 0 
7400 12351 12916 12397 12847 12433 12575 11844 1 0 
7500 12509 12866 12395 12801 12449 12574 11866 0 0 
7600 12657 12963 12380 12924 12460 12654 11885 0 0 
7700 12574 12971 12398 12829 12443 12629 11762 0 0 
7800 12651 12856 12368 12839 12370 12592 11841 0 0 
7900 12634 12832 12373 12928 12448 12541 11847 0 0 
8000 12675 12819 12414 12919 12555 12693 11930 0 0 
8100 12657 12935 12387 12856 12434 12594 11815 0 0 
8200 12646 12911 12415 12888 12543 12662 11942 0 0 
8300 12727 12804 12412 12849 12471 12592 11889 0 0 
8400 12737 12847 12380 12916 12535 12534 11948 0 0 
8500 12721 12919 12508 12897 12468 12720 11817 1 0 
8600 12738 12976 12457 12897 12550 12657 11971 0 0 
8700 12720 12893 12361 12870 12513 12641 11877 0 0 
8800 12684 12836 12421 12861 12440 12637 11866 1 0 
8900 12717 13022 12565 12882 12546 12739 11952 0 0 
9000 12847 12909 12552 12965 12567 12738 11978 0 0 
9100 12827 12982 12487 12958 12526 12689 11967 0 0 
9200 12811 12938 12429 12904 12459 12674 11879 0 0 
9300 12851 13022 12536 12980 12624 12794 12139 0 0 
9400 12783 12997 12541 12972 12615 12758 11973 1 0 
9500 12757 12999 12427 12954 12609 12664 11980 0 0 
9600 12782 12897 12464 12958 12584 12654 12007 0 0 
9700 12781 13002 12473 12975 12586 12736 11980 0 0 
9800 12819 12956 12493 12921 12507 12687 11988 0 0 
9900 12766 12992 12506 12993 12587 12687 12005 1 0 
10000 12853 12955 12458 12994 12564 12702 11995 0 0 
