# Avida tasks data
# Mon Apr 17 23:12:25 2023
# First column gives the current update, next columns give the number
# of organisms that have the particular task as a component of their merit
#  1: Update
#  2: Not
#  3: Nand
#  4: And
#  5: OrNot
#  6: Or
#  7: AndNot
#  8: Nor
#  9: Xor
# 10: Equals

0 0 0 0 0 0 0 0 0 0 
100 0 0 0 0 0 0 0 0 0 
200 0 0 0 0 0 0 0 0 0 
300 0 50 0 2 0 0 0 0 0 
400 277 535 247 524 5 9 0 0 0 
500 1126 1270 1002 1212 11 41 0 0 0 
600 2601 2692 1720 2631 31 640 0 0 0 
700 4251 4213 2056 4160 44 1708 0 0 0 
800 6352 6286 2447 6290 71 3250 0 0 0 
900 8678 8596 2651 8706 85 5251 0 0 0 
1000 10362 10268 2509 10418 104 6935 0 0 0 
1100 11570 11395 2198 11638 96 8199 0 0 0 
1200 12087 11981 1935 12308 109 9105 0 0 0 
1300 12285 12081 1513 12480 110 9679 1 0 0 
1400 12302 12056 1333 12415 1513 9753 0 0 0 
1500 12310 12037 2236 12437 2937 10067 3 0 0 
1600 12442 12076 3759 12528 4153 10455 1 0 0 
1700 12512 11974 4965 12557 5204 10811 1 0 0 
1800 12478 12058 6013 12620 6117 11050 2 0 0 
1900 12600 11946 6894 12582 6951 11117 4 0 0 
2000 12568 11997 7810 12565 7858 11386 6 1 0 
2100 12697 11966 8616 12674 8648 11527 5 3 0 
2200 12709 11935 9270 12604 9285 11537 3 0 0 
2300 12655 11900 9624 12663 9591 11487 2 0 0 
2400 12692 11948 10160 12694 10141 11625 5 0 0 
2500 12674 11859 10356 12590 10294 11544 2 0 0 
2600 12778 11742 10604 12615 10536 11572 0 0 0 
2700 12636 11940 10843 12635 10808 11685 7 0 0 
2800 12714 11925 10751 12598 10738 11594 5 0 0 
2900 12710 11774 10703 12556 10665 11523 2 0 0 
3000 12822 11979 10854 12726 10807 11701 6 0 0 
3100 12687 11846 10682 12583 10693 11529 3 0 0 
3200 12842 11924 10842 12618 10738 11581 3 0 0 
3300 12693 11880 10848 12675 10792 11589 7 0 0 
3400 12725 11905 10883 12674 10818 11624 5 0 0 
3500 12762 11951 10854 12635 10793 11574 7 0 0 
3600 12707 11840 10809 12612 10706 11552 3 0 0 
3700 12740 11813 10866 12629 10828 11586 2 0 0 
3800 12739 11896 10858 12640 10862 11623 7 0 0 
3900 12743 11938 10854 12688 10800 11633 2 1 0 
4000 12797 11992 10901 12717 10877 11655 2 0 0 
4100 12799 11930 10940 12586 10820 11568 4 0 0 
4200 12732 11862 10859 12611 10849 11608 2 0 0 
4300 12869 12136 11080 12765 10980 11762 2 0 0 
4400 12781 11944 10938 12572 10861 11589 7 0 0 
4500 12779 11948 10949 12649 10837 11603 7 0 0 
4600 12741 11980 10986 12719 10921 11699 5 0 0 
4700 12823 11971 10954 12687 10882 11634 1 0 0 
4800 12802 12076 10940 12787 10927 11709 5 0 0 
4900 12725 12011 11014 12653 10995 11749 1 0 0 
5000 12854 12000 10897 12729 10849 11666 0 0 0 
5100 12827 12012 11041 12703 11008 11719 2 0 0 
5200 12866 12007 11039 12717 10964 11708 6 0 0 
5300 12767 12051 11111 12724 11056 11738 3 0 0 
5400 12884 12073 10977 12727 10885 11604 7 0 0 
5500 12872 12139 11116 12752 11064 11799 5 0 0 
5600 12869 12044 10987 12640 10896 11666 4 0 0 
5700 12808 12010 10998 12634 10943 11656 0 0 0 
5800 12817 12073 11032 12668 10986 11752 2 0 0 
5900 12893 12070 11108 12726 11011 11749 1 0 0 
6000 12805 12001 11031 12730 10981 11686 2 0 0 
6100 12858 12051 11005 12743 10978 11748 5 0 0 
6200 12893 12114 11202 12683 11127 11823 3 0 0 
6300 12786 12126 11112 12688 11127 11808 3 0 0 
6400 12793 11969 10973 12546 10934 11606 1 0 0 
6500 12875 11992 10989 12708 10925 11724 7 0 0 
6600 12896 12088 11098 12768 11033 11728 2 0 0 
6700 12875 11921 10971 12680 10930 11669 2 0 0 
6800 12811 12020 11018 12709 10986 11721 0 0 0 
6900 12887 12081 11052 12703 11034 11743 8 0 0 
7000 12808 12056 10964 12641 10968 11699 8 0 0 
7100 12933 12100 11134 12789 11097 11873 1 1 0 
7200 12862 12008 11036 12640 11036 11677 4 0 0 
7300 12922 11986 10977 12689 11029 11774 3 0 0 
7400 12830 12080 11004 12704 11016 11780 4 0 0 
7500 12800 11998 11001 12646 10940 11696 3 0 0 
7600 12880 12034 11042 12735 10980 11788 3 0 0 
7700 12855 11991 10918 12620 10919 11678 3 0 0 
7800 12808 12005 10945 12690 10954 11709 1 0 0 
7900 12920 12134 11113 12696 11088 11820 4 0 0 
8000 12932 12043 11057 12750 11073 11735 2 0 0 
8100 12851 11999 11106 12710 11078 11808 3 0 0 
8200 12888 11947 10964 12623 10962 11697 1 0 0 
8300 12848 11969 10965 12700 11038 11748 3 0 0 
8400 12865 12064 11083 12706 11082 11792 0 1 0 
8500 12925 12059 11033 12682 11080 11784 5 0 0 
8600 12959 11986 10930 12622 10946 11680 7 0 0 
8700 12908 11971 11050 12620 11009 11719 1 0 0 
8800 12923 11988 10962 12645 10916 11664 0 0 0 
8900 12907 12054 11067 12706 11049 11820 1 0 0 
9000 12861 11959 10963 12646 10933 11717 3 0 0 
9100 12832 11886 10910 12630 10906 11673 0 0 0 
9200 12887 12020 11043 12656 11034 11727 3 1 0 
9300 12894 12020 11043 12612 11041 11759 1 0 0 
9400 12912 11952 10980 12649 10929 11733 2 0 0 
9500 12919 11944 10824 12601 10838 11631 3 0 0 
9600 12807 11870 10997 12529 10977 11671 1 0 0 
9700 12872 12087 11113 12630 11073 11815 1 0 0 
9800 12905 11935 10969 12616 10918 11698 7 0 0 
9900 12885 12045 10988 12628 10933 11712 1 0 0 
10000 12771 11796 10810 12539 10777 11514 3 0 0 
