# Avida tasks data
# Mon Apr 17 11:35:30 2023
# First column gives the current update, next columns give the number
# of organisms that have the particular task as a component of their merit
#  1: Update
#  2: Not
#  3: Nand
#  4: And
#  5: OrNot
#  6: Or
#  7: AndNot
#  8: Nor
#  9: Xor
# 10: Equals

0 0 0 0 0 0 0 0 0 0 
100 0 0 0 0 0 0 0 0 0 
200 0 0 0 0 0 0 0 0 0 
300 0 0 0 0 0 0 0 0 0 
400 0 0 0 0 0 0 0 0 0 
500 0 0 0 0 0 0 0 0 0 
600 2 0 0 0 0 0 0 0 0 
700 6 0 0 0 0 0 0 0 0 
800 53 0 0 0 0 0 0 0 0 
900 187 15 0 0 0 0 0 0 0 
1000 376 56 0 50 0 0 0 0 0 
1100 675 31 0 282 0 0 0 0 0 
1200 980 66 4 684 0 270 0 0 0 
1300 1295 619 24 1321 0 925 58 0 0 
1400 1708 1016 113 2001 229 1329 603 0 0 
1500 1716 584 59 1419 2568 2605 2528 1 0 
1600 2392 460 137 926 3970 3552 4081 142 0 
1700 3930 352 27 1824 5249 3540 5478 1283 3 
1800 5658 384 21 3487 6592 3167 6888 2862 10 
1900 6903 446 42 4828 7555 2784 7884 4078 17 
2000 8142 471 27 6077 8508 2497 8903 5176 69 
2100 9195 589 60 7148 9316 2224 9748 6123 78 
2200 10073 700 149 8071 10091 2035 10527 6980 78 
2300 10758 860 214 9040 10535 1917 11023 7681 153 
2400 11104 861 166 9319 10723 2890 11253 8066 188 
2500 11369 944 153 9699 10800 3970 11367 8362 185 
2600 11429 1203 110 9878 10927 5261 11431 8803 167 
2700 11482 1169 115 9878 11150 6410 11604 9105 405 
2800 11020 1739 114 9962 11230 7203 11645 9510 1329 
2900 9628 3599 98 10738 11406 8207 11754 9963 2713 
3000 9082 5056 111 11006 11517 9030 11871 10028 3858 
3100 8570 6303 112 11279 11510 9767 11883 10032 4867 
3200 8187 7487 114 11582 11679 10545 12021 10213 5932 
3300 8052 8399 118 11703 11863 11059 12164 10496 6931 
3400 7643 9290 121 11786 11904 11301 12186 10504 7754 
3500 7491 10023 138 11734 11768 11391 12098 10333 8309 
3600 7327 10606 110 11774 11842 11667 12216 10378 8911 
3700 7564 11129 114 11851 11895 11847 12243 10469 9361 
3800 7734 11525 93 11781 11807 11822 12145 10430 9624 
3900 7772 11848 116 11818 11858 11924 12117 10421 9979 
4000 7907 12135 118 11859 11833 12026 12176 10434 10260 
4100 8052 12297 136 11920 11927 12145 12283 10483 10527 
4200 8252 12474 105 11861 11868 12049 12190 10439 10580 
4300 8582 12644 126 11952 11747 11959 12121 10308 10535 
4400 8946 12719 120 11903 11840 12089 12132 10467 10800 
4500 9224 12875 130 11954 11910 12138 12242 10523 10951 
4600 9685 13041 127 11957 11849 12077 12179 10501 10992 
4700 9976 12951 125 12009 11981 12210 12345 10530 11084 
4800 10229 13007 109 12013 11907 12119 12257 10488 11009 
4900 10512 13069 127 11969 11732 11943 12077 10301 10879 
5000 10901 13124 138 12040 11872 12094 12174 10442 10956 
5100 11018 13092 121 11989 11873 12105 12281 10528 11005 
5200 11273 13081 115 11981 11829 12116 12163 10443 11023 
5300 11480 13052 133 11986 11936 12188 12253 10499 11008 
5400 11622 13093 141 12103 11907 12193 12273 10545 11005 
5500 11726 13068 144 12069 11874 12110 12161 10503 10998 
5600 11985 13115 119 12044 11814 12070 12162 10362 10931 
5700 11912 13033 143 12049 11850 12045 12135 10461 10922 
5800 11845 13039 126 11901 11812 12028 12082 10398 10966 
5900 11782 13041 117 12045 11877 12132 12174 10519 11052 
6000 12021 13101 116 12069 11850 12005 12176 10478 10947 
6100 11964 13038 105 12116 11781 11980 12094 10395 10945 
6200 12103 13026 112 12032 11803 12028 12130 10423 10913 
6300 12041 13029 140 12062 11809 12057 12133 10278 10922 
6400 12067 13087 128 12150 11816 11987 12116 10394 10924 
6500 11930 13099 139 12219 11877 12165 12207 10490 11020 
6600 12016 13081 143 12097 11828 12064 12084 10398 10903 
6700 12173 13158 134 12087 11790 12071 12122 10356 10916 
6800 12105 13058 128 12065 11904 12168 12232 10496 11044 
6900 12097 13067 117 11975 11808 12044 12072 10355 10968 
7000 12223 13144 134 12104 11772 12052 12125 10422 10949 
7100 12136 13117 144 12059 11739 12056 12075 10391 10866 
7200 12256 13101 144 12064 11791 12086 12182 10373 10872 
7300 12209 13133 118 12144 11816 11966 12164 10371 10938 
7400 12232 13128 143 11965 11786 12036 12133 10382 10984 
7500 12255 13192 121 12106 11925 12161 12203 10446 11020 
7600 12265 13138 141 12117 11891 12149 12184 10504 11017 
7700 12363 13118 139 12051 11846 12131 12150 10518 10955 
7800 12326 13155 138 12156 11843 12152 12134 10411 10967 
7900 12136 13084 146 12123 11989 12195 12230 10576 11087 
8000 12198 13125 134 12224 11876 12116 12180 10496 10986 
8100 12355 13110 133 12003 11695 11923 12026 10279 10797 
8200 12105 13144 151 12086 11738 11980 12071 10416 10840 
8300 12133 13182 125 12011 11892 12113 12173 10481 11055 
8400 12262 13234 145 12163 11928 12161 12149 10637 11116 
8500 12353 13225 128 12132 11832 12187 12229 10569 11054 
8600 12261 13242 136 12236 11975 12166 12251 10575 11123 
8700 12388 13171 155 12036 11860 12128 12057 10528 11026 
8800 12249 13214 145 12214 11933 12154 12210 10693 11109 
8900 12251 13234 136 12288 11936 12198 12203 10622 11085 
9000 12379 13246 128 12218 11872 12177 12240 10502 10984 
9100 12314 13240 133 12246 11937 12186 12176 10554 11056 
9200 12202 13313 147 12228 12000 12252 12173 10693 11177 
9300 12242 13304 146 12398 11953 12217 12256 10687 11153 
9400 12231 13261 152 12333 11885 12121 12191 10603 11056 
9500 12367 13118 115 12167 11945 12133 12244 10656 11090 
9600 12391 13238 154 12353 11887 12138 12236 10634 11083 
9700 12309 13304 135 12330 12007 12248 12313 10738 11186 
9800 12376 13291 125 12265 11910 12197 12189 10609 11104 
9900 12294 13290 109 12275 11966 12156 12263 10692 11149 
10000 12327 13213 123 12266 12072 12313 12348 10795 11273 
