# Avida tasks data
# Mon Apr 17 23:28:47 2023
# First column gives the current update, next columns give the number
# of organisms that have the particular task as a component of their merit
#  1: Update
#  2: Not
#  3: Nand
#  4: And
#  5: OrNot
#  6: Or
#  7: AndNot
#  8: Nor
#  9: Xor
# 10: Equals

0 0 0 0 0 0 0 0 0 0 
100 0 0 0 0 0 0 0 0 0 
200 0 0 0 0 0 0 0 0 0 
300 0 0 0 0 0 0 0 0 0 
400 0 0 0 0 0 0 0 0 0 
500 0 0 0 0 0 0 0 0 0 
600 447 2 0 0 0 0 0 0 0 
700 2008 73 0 0 0 0 0 0 0 
800 3395 448 0 783 4 0 0 0 0 
900 4028 2285 689 2865 4 8 0 0 0 
1000 6663 4451 3508 4965 8 22 0 0 0 
1100 8260 6404 5579 6869 16 46 0 0 0 
1200 9775 8285 7488 8652 18 46 0 0 0 
1300 10428 9616 8766 9861 14 90 0 0 0 
1400 11028 10682 9755 10834 24 98 0 0 0 
1500 11451 11572 10521 11532 25 121 0 0 0 
1600 12034 12392 11283 12207 15 132 0 0 0 
1700 12528 12979 11941 12802 25 119 0 0 0 
1800 12707 13178 12085 12761 22 109 0 0 0 
1900 12769 13195 12110 12859 29 116 0 0 0 
2000 12784 13243 12137 12795 24 164 0 0 0 
2100 12839 13220 12119 12826 18 259 338 0 0 
2200 12792 13174 12137 12823 18 336 1290 0 0 
2300 12849 13140 11971 12748 21 478 2462 0 0 
2400 12777 13233 12102 12834 20 530 3691 0 0 
2500 12932 13180 12069 12775 36 596 4745 0 0 
2600 12801 13111 11976 12725 22 541 5614 0 0 
2700 12877 13174 12104 12864 35 503 6752 0 0 
2800 12967 13159 12038 12811 70 504 7665 0 0 
2900 12936 13154 12013 12791 127 473 8253 0 0 
3000 12906 13217 12078 12880 202 383 8964 0 0 
3100 12920 13162 12020 12775 298 354 9388 0 0 
3200 12982 13226 12090 12844 453 275 9851 0 0 
3300 12951 13180 12047 12803 658 243 10190 0 0 
3400 12886 13211 12131 12800 854 239 10390 0 0 
3500 12915 13251 12088 12834 1213 201 10576 0 0 
3600 12936 13225 12080 12788 1582 157 10641 0 0 
3700 13034 13280 12175 12915 1929 163 10904 0 0 
3800 13012 13264 12039 12872 2446 121 10904 0 0 
3900 13014 13212 12033 12799 2845 145 10905 0 0 
4000 13008 13205 12093 12778 3136 138 10964 0 0 
4100 13039 13195 11999 12757 3508 126 10909 0 0 
4200 12986 13205 12014 12801 3932 128 11042 0 0 
4300 12876 13191 11984 12780 4278 125 10870 0 0 
4400 12943 13238 12043 12816 4726 160 10991 0 0 
4500 12964 13173 12011 12739 5139 149 10997 0 0 
4600 12947 13204 12040 12801 5476 159 10914 0 0 
4700 12908 13217 12068 12787 6014 182 10981 0 0 
4800 12953 13248 12056 12816 6362 192 11024 0 0 
4900 12995 13230 12026 12841 6725 181 11028 0 0 
5000 12953 13278 12135 12872 7118 204 11064 0 0 
5100 12926 13309 12070 12850 7442 217 11053 0 0 
5200 12959 13263 12122 12898 7960 251 11007 0 0 
5300 12964 13190 11982 12756 8157 274 10903 0 0 
5400 12920 13236 12047 12811 8460 293 10969 0 0 
5500 12864 13196 12010 12845 8674 306 10869 0 0 
5600 12929 13294 12158 12901 8896 370 10996 0 0 
5700 12880 13262 12051 12818 9156 370 10943 0 0 
5800 12800 13236 12089 12865 9658 371 11065 0 0 
5900 12950 13306 12153 12869 9906 448 11096 0 2 
6000 12967 13357 12197 12929 10040 445 11101 0 0 
6100 12945 13315 12053 12836 9904 586 10961 0 0 
6200 12900 13324 12148 12952 10254 636 11118 0 0 
6300 12985 13363 12144 12906 10279 845 11051 0 0 
6400 12927 13331 12165 12946 10317 1145 11141 0 0 
6500 12958 13281 12152 12885 10241 1384 11051 0 0 
6600 12946 13240 12059 12859 10152 1712 10979 0 0 
6700 12847 13356 12161 12931 10241 2053 11128 0 0 
6800 12950 13316 12115 12898 10203 2534 11062 0 0 
6900 12911 13311 12163 12799 10318 2963 11083 0 0 
7000 12979 13340 12222 12884 10250 3447 11023 0 0 
7100 12981 13284 12101 12778 10236 3915 10994 0 0 
7200 12916 13322 12094 12849 10144 4531 10965 0 0 
7300 12949 13308 12129 12882 10292 4974 11128 0 0 
7400 12952 13347 12215 12915 10277 5499 11056 0 0 
7500 12972 13366 12177 12895 10302 6009 11071 0 0 
7600 12916 13342 12164 12861 10322 6452 11052 0 0 
7700 12944 13318 12200 12865 10403 6777 11059 0 0 
7800 12982 13328 12230 12949 10471 7270 11104 0 0 
7900 13030 13262 12206 12851 10469 7825 11047 0 0 
8000 13025 13282 12264 12882 10494 8282 11087 0 0 
8100 13043 13303 12186 12809 10377 8882 11004 0 0 
8200 13080 13302 12193 12865 10437 9148 11065 0 0 
8300 13104 13264 12205 12861 10470 9584 10950 0 0 
8400 13173 13221 12054 12760 10370 9864 10875 0 0 
8500 13055 13306 12247 12844 10574 10179 11082 0 0 
8600 13171 13338 12253 12898 10634 10475 11034 3 0 
8700 13128 13336 12201 12891 10551 10669 10986 0 0 
8800 13094 13361 12261 12897 10608 10786 10974 0 1 
8900 13075 13286 12202 12863 10648 10891 11101 0 0 
9000 13140 13310 12230 12910 10740 11192 11099 0 0 
9100 13155 13343 12188 12918 10668 11275 11077 0 0 
9200 13183 13254 12231 12853 10678 11408 11102 2 0 
9300 13207 13375 12304 12962 10659 11606 11207 2 0 
9400 13194 13274 12209 12893 10548 11676 11034 0 0 
9500 13204 13396 12289 12972 10654 11732 11071 0 1 
9600 13233 13278 12214 12877 10678 11572 11101 0 0 
9700 13274 13243 12215 12847 10723 11647 11128 0 0 
9800 13370 13355 12298 12902 10738 11782 11206 0 0 
9900 13333 13235 12264 12865 10543 11759 11048 0 0 
10000 13153 13300 12263 12860 10698 11582 11132 0 0 
