# Avida tasks data
# Tue Apr 18 02:35:35 2023
# First column gives the current update, next columns give the number
# of organisms that have the particular task as a component of their merit
#  1: Update
#  2: Not
#  3: Nand
#  4: And
#  5: OrNot
#  6: Or
#  7: AndNot
#  8: Nor
#  9: Xor
# 10: Equals

0 0 0 0 0 0 0 0 0 0 
100 0 0 0 0 0 0 0 0 0 
200 0 0 0 0 0 0 0 0 0 
300 0 0 0 0 0 0 0 0 0 
400 0 0 0 0 0 0 0 0 0 
500 1 0 0 0 0 0 0 0 0 
600 602 0 0 0 0 0 0 0 0 
700 2226 0 0 0 0 0 0 0 0 
800 4295 562 0 134 25 0 2 0 0 
900 6027 2169 115 1750 0 0 0 0 0 
1000 7808 4305 519 3513 2 14 0 0 0 
1100 9484 6481 1047 5034 1 63 0 0 0 
1200 10271 7761 1218 6227 4 150 0 0 0 
1300 11091 9172 1354 7474 2 185 0 0 0 
1400 11772 10409 1646 8474 4 354 0 0 0 
1500 12142 11363 1680 9519 5 619 0 0 0 
1600 12522 11898 2894 10460 10 431 0 0 0 
1700 12741 12182 4614 11384 3 251 2 0 0 
1800 12674 12328 6110 11897 1 170 0 0 0 
1900 12739 12573 7352 12268 0 115 0 0 0 
2000 12828 12746 8405 12625 2 125 0 0 0 
2100 12801 12944 9265 12860 2 123 0 0 0 
2200 12923 12995 10265 12942 1 269 0 0 0 
2300 13113 13137 11057 13083 1 356 0 0 0 
2400 13142 13283 11744 13196 4 533 0 0 0 
2500 13188 13218 12181 13171 2 845 0 0 0 
2600 13150 13273 12552 13199 1 1102 2 0 0 
2700 13238 13307 12591 13197 1 1383 1 0 0 
2800 13209 13242 12639 13155 1 1757 2 0 0 
2900 13173 13310 12674 13183 2 2111 2 0 0 
3000 13219 13269 12656 13121 0 2492 4 0 0 
3100 13286 13324 12600 13158 0 2880 2 0 0 
3200 13271 13319 12677 13189 1 3407 3 0 0 
3300 13305 13330 12690 13205 1 3929 5 0 0 
3400 13296 13341 12661 13170 3 4460 3 0 0 
3500 13278 13357 12641 13216 7 5133 2 0 0 
3600 13167 13341 12562 13141 3 5643 4 0 0 
3700 13247 13311 12617 13234 0 6289 4 0 0 
3800 13213 13302 12647 13117 0 7054 6 0 0 
3900 13304 13342 12626 13223 0 7692 11 0 0 
4000 13266 13323 12705 13160 11 8441 9 0 0 
4100 13339 13355 12619 13114 17 9059 4 0 0 
4200 13284 13287 12697 13141 32 9793 3 0 0 
4300 13310 13259 12518 13110 43 10171 11 0 0 
4400 13246 13278 12514 13105 23 10672 4 0 0 
4500 13334 13360 12517 13057 26 11114 6 0 0 
4600 13292 13271 12470 13079 66 11365 4 0 0 
4700 13335 13317 12650 13114 76 11661 17 1 0 
4800 13270 13265 12599 13059 93 11708 7 0 0 
4900 13288 13255 12560 13074 109 11786 8 0 0 
5000 13335 13273 12653 13094 137 11754 11 0 0 
5100 13330 13278 12598 13048 173 11803 12 0 0 
5200 13385 13259 12563 13065 277 11812 6 0 0 
5300 13369 13314 12576 13133 482 11828 15 0 0 
5400 13366 13342 12632 13183 705 11929 6 0 0 
5500 13358 13245 12663 13124 1001 11914 6 1 0 
5600 13329 13323 12673 13107 1450 11966 5 4 0 
5700 13463 13333 12680 13220 1946 12112 8 0 0 
5800 13337 13299 12593 13126 2347 12099 7 0 0 
5900 13312 13340 12670 13107 2770 12130 2 15 0 
6000 13373 13243 12667 13174 3129 12030 5 99 0 
6100 13350 13280 12629 13160 3402 12176 12 291 0 
6200 13384 13282 12637 13138 3647 12120 9 627 0 
6300 13475 13218 12502 13174 3751 11965 11 984 0 
6400 13344 13263 12607 13198 3806 12129 10 1513 0 
6500 13373 13234 12660 13218 3948 12176 4 2122 0 
6600 13428 13223 12470 13201 4026 12088 10 2632 0 
6700 13334 13279 12514 13210 4014 12091 12 3250 0 
6800 13405 13220 12593 13189 3978 12159 8 3816 0 
6900 13358 13221 12593 13216 3894 12194 10 4463 0 
7000 13303 13162 12560 13129 3687 12112 10 5025 0 
7100 13362 13113 12503 13202 3400 12055 6 5833 0 
7200 13396 13156 12591 13286 3198 12091 6 6545 0 
7300 13331 13125 12578 13312 2917 12170 6 7234 0 
7400 13347 13152 12667 13356 2683 12337 9 7879 0 
7500 13378 13154 12705 13301 2287 12401 0 8515 0 
7600 13428 13069 12700 13332 1969 12256 2 8948 0 
7700 13331 13062 12765 13293 1591 12255 0 9564 0 
7800 13350 13085 12814 13362 1284 12339 3 10081 0 
7900 13435 13121 12883 13373 1013 12359 0 10455 0 
8000 13391 13132 12930 13330 765 12419 1 10696 0 
8100 13352 12988 12764 13318 580 12317 2 10739 0 
8200 13362 13120 12895 13403 389 12402 2 11138 0 
8300 13416 12971 12830 13338 257 12302 3 11113 0 
8400 13348 12970 12858 13340 201 12362 3 11264 0 
8500 13357 13015 12841 13307 146 12292 2 11290 0 
8600 13405 12976 12855 13326 95 12284 3 11339 0 
8700 13346 12998 12868 13344 79 12318 4 11348 0 
8800 13477 13028 12901 13361 83 12419 1 11440 0 
8900 13410 13027 12883 13327 93 12305 4 11347 0 
9000 13411 13013 12907 13397 81 12375 0 11376 0 
9100 13426 12970 12850 13406 81 12344 4 11369 0 
9200 13438 13046 12938 13344 70 12381 2 11456 0 
9300 13448 12969 12848 13356 80 12329 0 11249 0 
9400 13433 12994 12975 13418 56 12412 3 11410 0 
9500 13507 13082 12933 13407 61 12346 3 11442 0 
9600 13444 12973 12909 13403 77 12308 0 11357 0 
9700 13419 13001 12971 13401 71 12386 3 11402 0 
9800 13492 13055 12990 13420 98 12375 2 11440 0 
9900 13541 13050 13012 13419 63 12386 0 11524 0 
10000 13508 13057 12973 13433 38 12338 2 11539 0 
