# Avida tasks data
# Mon Apr 17 12:18:08 2023
# First column gives the current update, next columns give the number
# of organisms that have the particular task as a component of their merit
#  1: Update
#  2: Not
#  3: Nand
#  4: And
#  5: OrNot
#  6: Or
#  7: AndNot
#  8: Nor
#  9: Xor
# 10: Equals

0 0 0 0 0 0 0 0 0 0 
100 0 0 0 0 0 0 0 0 0 
200 0 0 0 0 0 0 0 0 0 
300 0 0 0 0 0 0 0 0 0 
400 0 0 0 0 0 0 0 0 0 
500 0 0 0 0 0 0 0 0 0 
600 0 0 0 0 0 0 0 0 0 
700 2 0 0 0 0 0 0 0 0 
800 0 0 0 0 0 0 0 0 0 
900 27 10 0 0 0 0 0 0 0 
1000 256 169 0 15 0 0 0 0 0 
1100 603 587 0 233 0 143 0 0 0 
1200 1136 1478 1 913 0 1081 0 0 0 
1300 2381 2932 5 3199 119 2777 29 0 0 
1400 3609 4549 210 4657 1974 4154 1632 0 0 
1500 5666 6109 57 6368 4103 5821 3551 0 0 
1600 7070 7405 87 7702 5712 7221 5124 0 0 
1700 8389 8602 111 8749 7137 8468 6464 0 0 
1800 9389 9607 107 9609 8405 9486 7770 0 0 
1900 10421 10533 81 10488 9570 10341 8816 1 0 
2000 11084 11182 122 11124 10381 10960 9612 0 0 
2100 11563 11717 89 11537 10886 11481 10133 1 0 
2200 12145 12137 117 12133 11391 11978 10622 0 0 
2300 12387 12433 174 12392 11701 12381 10985 0 0 
2400 12674 12808 539 12673 11970 12640 11124 0 0 
2500 12871 12946 1159 12858 12180 12677 11349 0 0 
2600 13022 13064 1958 12994 12240 12928 11447 0 0 
2700 13043 13127 2888 12996 12203 12921 11353 2 0 
2800 13102 13070 3819 13013 12354 12874 11539 1 0 
2900 13046 13164 4862 13041 12236 12841 11464 0 0 
3000 13083 13098 5730 12977 12249 12958 11380 0 0 
3100 13083 13289 6839 13010 12306 12933 11435 0 0 
3200 13043 13173 7695 12989 12173 12897 11354 0 0 
3300 13006 13247 8558 13062 12234 12957 11439 0 0 
3400 12976 13230 9334 12990 12261 12945 11368 0 0 
3500 13011 13145 9855 13030 12247 12901 11402 0 0 
3600 13006 13193 10495 13038 12221 12879 11272 0 0 
3700 13094 13165 10920 13003 12252 12953 11284 0 0 
3800 13017 13200 11187 13064 12171 12967 11292 0 0 
3900 13022 13153 11519 13089 12194 12915 11360 0 0 
4000 12939 13203 11614 12969 12171 12951 11339 0 0 
4100 12998 13356 11879 13019 12212 13000 11410 0 0 
4200 12998 13284 12075 13087 12284 12904 11399 0 0 
4300 13094 13387 12224 13102 12238 13014 11417 0 0 
4400 13019 13312 12175 12986 12153 13033 11313 0 0 
4500 13075 13292 12361 13115 12250 12910 11422 0 0 
4600 13050 13230 12195 12980 12176 12940 11338 0 0 
4700 13135 13306 12076 13126 12273 12908 11401 0 0 
4800 13097 13297 12102 13114 12218 13032 11398 0 0 
4900 13177 13296 12090 13008 12236 12907 11423 0 0 
5000 13190 13319 12240 13039 12134 13034 11219 0 0 
5100 13100 13236 12169 13054 12222 12986 11408 0 0 
5200 13131 13226 12063 13022 12149 12841 11375 0 0 
5300 13064 13328 12141 13039 12114 12928 11348 0 0 
5400 13081 13241 12290 13003 12039 12989 11293 0 0 
5500 13121 13325 12286 13048 12185 12977 11372 0 0 
5600 13062 13231 12097 13015 12183 12968 11354 0 0 
5700 13181 13285 12239 13143 12267 12996 11435 0 0 
5800 13192 13354 12281 13050 12125 13050 11382 0 0 
5900 13220 13318 12255 13107 12192 13001 11456 0 0 
6000 13238 13318 12235 13128 12338 12961 11567 0 0 
6100 13149 13375 12245 13073 12272 12890 11432 0 0 
6200 13169 13245 12322 13061 12294 12981 11431 0 0 
6300 13128 13296 12268 13104 12276 12985 11558 0 0 
6400 13161 13243 12226 13179 12329 12905 11507 0 0 
6500 13172 13255 12223 13044 12260 13019 11460 0 0 
6600 13217 13285 12256 13138 12259 12981 11533 0 0 
6700 13193 13370 12253 13080 12278 13018 11518 0 0 
6800 13185 13334 12273 13069 12265 13015 11519 0 0 
6900 13207 13330 12196 13110 12153 12967 11348 0 0 
7000 13200 13288 12158 13146 12314 12964 11488 0 0 
7100 13264 13363 12309 13081 12242 13030 11472 0 0 
7200 13210 13241 12299 13113 12326 12950 11511 0 0 
7300 13234 13280 12165 13133 12275 12946 11440 0 0 
7400 13238 13413 12373 13152 12281 13029 11479 0 0 
7500 13264 13336 12239 13186 12273 13089 11472 0 0 
7600 13262 13402 12291 13160 12393 13013 11599 0 0 
7700 13286 13386 12331 13203 12306 13032 11487 0 0 
7800 13312 13422 12285 13279 12414 12998 11618 0 0 
7900 13253 13379 12286 13208 12305 12964 11575 0 0 
8000 13206 13350 12248 13195 12344 12959 11582 0 0 
8100 13257 13426 12311 13241 12463 13105 11672 0 0 
8200 13273 13410 12325 13199 12293 13031 11530 0 0 
8300 13349 13419 12250 13140 12291 13122 11534 0 0 
8400 13277 13344 12292 13129 12287 13031 11484 0 0 
8500 13396 13387 12368 13257 12472 13073 11717 0 0 
8600 13365 13390 12227 13298 12445 12930 11739 0 0 
8700 13398 13417 12246 13265 12435 13080 11725 0 0 
8800 13352 13456 12263 13232 12316 13047 11539 0 0 
8900 13355 13460 12304 13195 12368 13061 11600 0 0 
9000 13431 13395 12269 13257 12452 13071 11682 0 0 
9100 13338 13389 12243 13278 12501 13044 11760 0 0 
9200 13301 13353 12198 13216 12368 12974 11587 0 0 
9300 13321 13503 12343 13227 12389 13020 11642 0 0 
9400 13282 13393 12303 13279 12408 13081 11635 0 0 
9500 13280 13408 12190 13284 12402 13163 11626 0 0 
9600 13276 13524 12251 13219 12446 13134 11709 0 0 
9700 13222 13306 12095 13164 12345 13004 11519 0 0 
9800 13320 13341 12167 13270 12362 13017 11546 0 0 
9900 13402 13372 12271 13216 12426 13055 11630 0 0 
10000 13345 13386 12323 13263 12468 13103 11692 0 0 
