# Avida tasks data
# Mon Apr 17 22:43:39 2023
# First column gives the current update, next columns give the number
# of organisms that have the particular task as a component of their merit
#  1: Update
#  2: Not
#  3: Nand
#  4: And
#  5: OrNot
#  6: Or
#  7: AndNot
#  8: Nor
#  9: Xor
# 10: Equals

0 0 0 0 0 0 0 0 0 0 
100 0 0 0 0 0 0 0 0 0 
200 0 0 0 0 0 0 0 0 0 
300 0 0 0 0 0 0 0 0 0 
400 0 0 0 0 0 0 0 0 0 
500 0 0 0 0 0 0 0 0 0 
600 0 0 0 0 0 0 0 0 0 
700 9 0 0 0 0 0 0 0 0 
800 276 0 0 0 0 0 0 0 0 
900 1479 645 0 705 1 0 0 0 0 
1000 3704 2874 0 2884 27 0 0 0 0 
1100 5538 4762 0 4924 53 0 0 0 0 
1200 7322 6610 0 6673 47 0 0 0 0 
1300 8584 7996 4 8012 57 0 0 0 0 
1400 9499 8909 0 9011 56 0 0 0 0 
1500 10399 9762 7 9865 78 0 0 0 0 
1600 11039 10495 20 10513 77 2 0 0 0 
1700 11566 11097 19 11162 71 2 0 0 0 
1800 11973 11596 25 11631 73 2 0 0 0 
1900 12193 11853 33 11842 79 0 0 0 0 
2000 12520 12290 51 12187 76 5 0 0 0 
2100 12551 12283 71 12361 60 3 0 0 0 
2200 12626 12367 133 12360 71 6 0 0 0 
2300 12661 12504 700 12473 57 20 0 0 0 
2400 12621 12535 1796 12557 53 40 0 0 0 
2500 12646 12510 2996 12494 68 57 0 0 0 
2600 12624 12501 4133 12533 78 78 0 0 0 
2700 12661 12453 5272 12529 71 124 0 0 0 
2800 12665 12520 6297 12531 60 199 0 0 0 
2900 12743 12429 7156 12621 120 342 1 0 0 
3000 12762 12454 8036 12471 177 460 0 0 0 
3100 12883 12480 8963 12596 265 730 0 0 0 
3200 12771 12283 9376 12419 429 1115 5 0 0 
3300 12792 12437 9969 12537 531 1455 0 0 0 
3400 12950 12550 10305 12617 647 1714 0 0 0 
3500 12944 12418 10576 12574 811 2253 0 0 0 
3600 12841 12507 10815 12532 908 2507 11 0 0 
3700 12858 12385 10928 12452 1081 2983 24 0 0 
3800 12888 12379 10991 12369 1235 3345 65 0 0 
3900 12930 12402 11059 12435 1378 3769 76 0 0 
4000 12934 12381 11077 12387 1533 4002 72 0 0 
4100 12926 12452 11102 12484 1671 4359 82 0 0 
4200 12946 12357 10901 12320 1749 4706 99 0 0 
4300 12922 12376 10881 12355 1966 5147 129 0 0 
4400 12938 12348 10738 12356 2069 5695 177 0 0 
4500 12935 12349 10668 12284 2249 5952 247 0 0 
4600 13054 12415 10436 12336 2283 6295 480 0 0 
4700 12899 12267 10077 12274 2253 6717 714 0 0 
4800 13034 12359 10076 12240 2416 7066 860 0 0 
4900 13044 12331 9685 12280 2618 7279 1189 0 0 
5000 13008 12405 9967 12323 3010 7165 1617 0 0 
5100 13047 12468 10694 12225 3989 6111 2636 0 0 
5200 13115 12380 10939 12056 4920 5342 3721 0 0 
5300 13196 12382 11139 12071 5786 4666 4633 0 0 
5400 13260 12364 11210 12062 6745 3822 5597 0 0 
5500 13342 12463 11371 12108 7718 3056 6583 0 0 
5600 13397 12496 11463 12009 8630 2330 7512 0 0 
5700 13445 12616 11583 12015 9259 1673 8300 0 0 
5800 13470 12622 11661 12037 9703 1155 8715 0 0 
5900 13475 12597 11748 11945 10247 828 9401 0 1 
6000 13509 12577 11743 12032 10456 694 9656 0 0 
6100 13437 12635 11878 11921 10505 567 9866 0 0 
6200 13479 12531 11770 11913 10547 456 9890 0 0 
6300 13492 12513 11935 11940 10758 383 10052 0 0 
6400 13522 12569 11945 11919 10863 387 10254 0 0 
6500 13500 12592 11926 11952 11061 565 10391 0 0 
6600 13546 12640 12023 11989 11062 780 10404 0 0 
6700 13605 12740 12093 12140 11111 1088 10446 0 0 
6800 13488 12644 12022 11967 10981 1523 10404 0 4 
6900 13561 12649 12053 12126 11109 2080 10418 0 0 
7000 13570 12606 11963 12045 11074 2760 10392 0 0 
7100 13518 12668 12061 11965 10990 3364 10483 0 0 
7200 13503 12717 12055 12049 11091 4007 10496 0 0 
7300 13545 12718 12109 12009 11171 4612 10506 0 0 
7400 13542 12672 12087 11997 11094 5409 10364 0 2 
7500 13488 12658 11996 11904 11108 6310 10358 0 0 
7600 13459 12698 12076 11958 11039 7032 10429 0 0 
7700 13436 12678 11977 11977 11088 7791 10378 0 2 
7800 13502 12682 12051 12025 11038 8583 10434 0 0 
7900 13544 12800 12143 12065 11185 9490 10627 2 0 
8000 13542 12714 12092 12064 11140 10146 10364 0 0 
8100 13499 12689 12062 12038 10931 10779 10436 0 0 
8200 13476 12722 12117 12011 11024 11194 10347 0 0 
8300 13534 12663 12043 12067 11075 11482 10466 0 0 
8400 13548 12769 12072 12089 11100 11486 10576 0 0 
8500 13543 12739 12143 12109 11147 11768 10584 1 0 
8600 13604 12782 12179 12168 11216 12052 10565 0 0 
8700 13570 12827 12240 12141 11175 11989 10609 0 0 
8800 13551 12841 12238 12145 11222 12126 10622 0 0 
8900 13551 12847 12290 12166 11115 12139 10544 0 0 
9000 13511 12808 12201 12146 11138 12131 10586 0 0 
9100 13546 12751 12136 12174 11097 12132 10516 0 0 
9200 13537 12835 12208 12154 11172 12182 10635 0 0 
9300 13537 12836 12213 12128 11069 12188 10598 0 0 
9400 13530 12785 12179 12040 11103 12075 10626 0 0 
9500 13527 12833 12166 12149 11214 12102 10710 0 0 
9600 13587 12856 12224 12227 11211 12228 10658 0 0 
9700 13608 12958 12340 12282 11375 12291 10775 0 0 
9800 13545 12945 12322 12192 11249 12202 10701 0 5 
9900 13602 12803 12164 12203 11088 12185 10594 0 11 
10000 13618 12874 12328 12192 11139 12074 10671 0 4 
