# Avida tasks data
# Tue Apr 18 06:10:47 2023
# First column gives the current update, next columns give the number
# of organisms that have the particular task as a component of their merit
#  1: Update
#  2: Not
#  3: Nand
#  4: And
#  5: OrNot
#  6: Or
#  7: AndNot
#  8: Nor
#  9: Xor
# 10: Equals

0 0 0 0 0 0 0 0 0 0 
100 0 0 0 0 0 0 0 0 0 
200 0 0 0 0 0 0 0 0 0 
300 0 0 0 0 0 0 0 0 0 
400 0 0 0 0 0 0 0 0 0 
500 0 0 0 0 0 0 0 0 0 
600 0 0 0 0 0 0 0 0 0 
700 997 1920 121 1763 1 42 0 0 0 
800 3853 4551 145 4250 1 60 0 0 0 
900 6516 6955 272 6477 2 65 1 0 0 
1000 8090 8445 1714 7976 0 93 0 0 0 
1100 9217 9474 3790 9168 1 304 0 0 0 
1200 9748 9936 5375 9663 1 1320 6 0 0 
1300 9949 10059 6624 9895 1 2527 22 0 0 
1400 10109 10228 7669 10103 0 3734 15 0 0 
1500 10393 10440 8501 10324 0 4823 14 0 0 
1600 10747 10743 9090 10605 0 5808 33 0 0 
1700 11053 11072 9760 10871 0 6750 29 0 0 
1800 11354 11249 10319 11162 0 7561 33 0 0 
1900 11660 11500 10705 11436 0 8300 41 0 0 
2000 11866 11653 11136 11600 0 8933 56 0 0 
2100 12087 11908 11401 11851 0 9671 50 0 0 
2200 12445 12104 11661 12023 0 10309 43 0 0 
2300 12527 12260 11843 12161 1 10610 56 0 0 
2400 12627 12379 11999 12323 1 10880 55 0 0 
2500 12767 12393 12127 12376 0 11011 60 0 0 
2600 12838 12615 12249 12526 1 11289 60 0 0 
2700 12931 12642 12285 12596 0 11492 56 0 0 
2800 12946 12589 12296 12589 0 11569 53 0 0 
2900 13003 12638 12420 12721 2 11810 53 0 0 
3000 13126 12644 12390 12748 8 11862 47 0 0 
3100 13059 12617 12297 12688 3 11778 46 0 0 
3200 12984 12635 12392 12681 1 11693 53 0 0 
3300 12997 12719 12380 12617 2 11760 63 0 0 
3400 13113 12819 12456 12734 0 11779 64 0 0 
3500 13047 12673 12384 12657 0 11714 64 0 0 
3600 13048 12791 12488 12786 1 11858 54 0 0 
3700 12929 12703 12274 12558 0 11713 58 0 0 
3800 13047 12684 12445 12680 146 11904 60 0 0 
3900 12992 12681 12397 12692 673 11852 65 0 0 
4000 13068 12709 12301 12652 1315 11948 49 0 0 
4100 13075 12705 12460 12686 2256 11866 33 2 0 
4200 13077 12791 12484 12664 3096 11959 46 0 0 
4300 13082 12828 12514 12755 4155 11942 55 0 0 
4400 13029 12804 12426 12777 5035 11867 61 0 0 
4500 12984 12833 12534 12773 6024 11829 67 0 0 
4600 13050 12802 12572 12750 6937 11795 49 2 0 
4700 13012 12809 12586 12796 7933 11786 34 0 2 
4800 13058 12897 12471 12667 8747 11939 52 0 0 
4900 13128 12849 12542 12732 9469 11931 49 1 0 
5000 13007 12864 12601 12771 10089 11848 61 0 8 
5100 13033 12811 12614 12790 10636 11885 36 0 0 
5200 13102 12904 12624 12810 11179 11987 44 0 0 
5300 12992 12831 12598 12789 11532 12016 39 0 0 
5400 13045 12920 12609 12757 11762 11978 56 1 0 
5500 13051 12963 12734 12814 11983 11965 57 1 0 
5600 13056 12960 12721 12869 12147 11997 45 0 0 
5700 12991 12881 12655 12792 12177 12025 41 0 61 
5800 13064 12786 12718 12821 12113 12027 49 0 144 
5900 13025 12738 12625 12751 12112 11849 58 0 315 
6000 13048 12829 12600 12676 12091 10618 43 0 1443 
6100 12912 12713 12669 12632 12103 9046 57 0 3055 
6200 12906 12612 12715 12623 12114 8332 72 0 4412 
6300 12814 12646 12726 12616 12126 8628 55 0 5462 
6400 12785 12606 12726 12540 12115 9173 98 2 6316 
6500 12748 12577 12617 12400 11986 9825 116 0 6954 
6600 12830 12602 12736 12469 12144 10319 120 0 7869 
6700 12865 12635 12623 12384 12034 10884 121 0 8534 
6800 12786 12553 12615 12427 12022 11297 129 0 9251 
6900 12765 12562 12697 12574 12051 11523 125 0 9855 
7000 12768 12502 12615 12513 12017 11919 167 0 10351 
7100 12826 12622 12578 12548 11942 12170 151 1 10659 
7200 12799 12569 12623 12637 11960 12457 191 0 10981 
7300 12788 12565 12643 12698 11965 12552 173 0 11204 
7400 12846 12578 12624 12742 11980 12647 155 0 11319 
7500 12768 12555 12682 12865 12022 12829 204 1 11578 
7600 12873 12611 12576 12783 11996 12797 183 1 11600 
7700 12874 12626 12656 12873 12018 12789 171 1 11573 
7800 12852 12585 12670 12860 12051 12862 173 0 11652 
7900 12977 12742 12715 12908 12010 12815 164 0 11667 
8000 12920 12685 12662 12806 11987 12840 194 1 11603 
8100 12893 12643 12648 12895 11922 12769 251 1 11577 
8200 12933 12735 12601 12774 11931 12742 328 1 11531 
8300 13029 12810 12624 12857 12010 12766 500 2 11698 
8400 12891 12748 12683 12761 11885 12789 594 2 11554 
8500 12907 12749 12648 12891 11925 12789 785 1 11557 
8600 12851 12814 12606 12877 11961 12833 1060 2 11613 
8700 12915 12876 12640 12846 11994 12831 1372 0 11637 
8800 12902 12937 12653 12840 11959 12745 1662 0 11609 
8900 12832 12911 12606 12851 11941 12707 2006 1 11590 
9000 12829 12940 12676 12819 11965 12709 2432 3 11613 
9100 12845 12964 12666 12893 11921 12821 2825 2 11611 
9200 12872 13010 12603 12809 11912 12699 3309 5 11515 
9300 12780 13083 12657 12799 11863 12726 3790 4 11554 
9400 12698 13127 12621 12818 11832 12723 4140 2 11497 
9500 12820 13210 12653 12905 11908 12783 4766 2 11649 
9600 12712 13285 12589 12844 11840 12858 5233 3 11537 
9700 12740 13255 12660 12881 11914 12768 5675 4 11621 
9800 12684 13320 12548 12795 11784 12786 6153 5 11473 
9900 12652 13335 12638 12868 11855 12704 6745 6 11620 
10000 12568 13445 12645 12840 11874 12784 7344 11 11602 
