# Avida tasks data
# Mon Apr 17 18:09:48 2023
# First column gives the current update, next columns give the number
# of organisms that have the particular task as a component of their merit
#  1: Update
#  2: Not
#  3: Nand
#  4: And
#  5: OrNot
#  6: Or
#  7: AndNot
#  8: Nor
#  9: Xor
# 10: Equals

0 0 0 0 0 0 0 0 0 0 
100 0 0 0 0 0 0 0 0 0 
200 0 0 0 0 0 0 0 0 0 
300 0 0 0 0 0 0 0 0 0 
400 27 0 0 0 0 0 0 0 0 
500 741 2 0 0 0 0 0 0 0 
600 2120 7 0 0 0 0 0 0 0 
700 3886 16 0 0 0 0 0 0 0 
800 6029 157 0 5 0 0 0 0 0 
900 8019 1131 4 10 24 236 2 0 0 
1000 9050 3074 8 38 185 2131 1222 0 0 
1100 9938 4828 31 274 300 3843 3601 0 0 
1200 11337 7143 24 1371 205 6160 5818 0 0 
1300 11824 8423 24 2191 215 7420 6928 0 1 
1400 12004 9546 47 3185 318 8469 7928 0 0 
1500 12205 10382 63 4057 367 9406 8756 0 0 
1600 12404 11209 114 5002 518 10240 9557 0 0 
1700 12600 11983 235 5974 743 11019 10241 0 0 
1800 13030 12569 372 6464 1483 11674 10945 0 0 
1900 13143 12655 348 6485 2618 11926 11168 1 0 
2000 13252 12560 286 6562 3921 12012 11396 0 0 
2100 13196 12720 397 6681 5064 12053 11472 0 0 
2200 13218 12907 654 6691 6124 12007 11449 0 0 
2300 13331 12947 986 7015 7285 12105 11632 2 0 
2400 13326 12995 1401 7631 8054 12135 11593 0 0 
2500 13437 13161 1878 8271 8725 12208 11627 1 0 
2600 13543 13382 2264 9003 9259 12273 11781 1 0 
2700 13554 13396 2851 9845 9760 12250 11745 3 0 
2800 13564 13523 3450 10512 10199 12299 11767 6 0 
2900 13579 13496 3974 10905 10579 12311 11789 1 0 
3000 13687 13421 4383 11190 10579 12262 11620 1 0 
3100 13625 13465 4817 11553 10677 12269 11684 2 0 
3200 13705 13491 5211 11826 10566 12280 11627 1 0 
3300 13677 13477 5631 11992 10554 12349 11664 2 2 
3400 13637 13453 5938 11981 10483 12234 11564 5 1 
3500 13704 13420 6400 12124 10418 12289 11604 5 0 
3600 13646 13447 6824 12070 10416 12305 11641 3 0 
3700 13710 13455 7098 12093 10300 12308 11555 5 0 
3800 13645 13428 7677 12011 10352 12358 11601 4 0 
3900 13668 13479 7880 12196 10238 12317 11589 0 0 
4000 13642 13387 8228 12122 10213 12294 11558 2 0 
4100 13694 13412 8859 12101 10345 12376 11565 3 1 
4200 13692 13440 9023 12144 10131 12401 11569 6 0 
4300 13712 13409 9405 12121 10198 12339 11566 5 0 
4400 13726 13456 9687 12233 10189 12500 11713 2 0 
4500 13728 13422 9818 12227 10061 12396 11624 18 0 
4600 13670 13428 9937 12283 10085 12421 11595 26 0 
4700 13730 13465 9943 12127 10056 12260 11499 28 0 
4800 13709 13430 10057 12177 10114 12413 11582 24 0 
4900 13710 13516 10251 12315 10224 12412 11635 26 0 
5000 13646 13486 10524 12370 10462 12502 11768 11 0 
5100 13729 13465 10265 12387 10164 12485 11675 4 0 
5200 13664 13449 10362 12299 10191 12389 11682 1 0 
5300 13691 13428 10363 12264 10359 12387 11654 4 0 
5400 13647 13474 10411 12274 10386 12398 11701 1 0 
5500 13663 13444 10313 12302 10255 12414 11697 3 0 
5600 13751 13489 10467 12243 10415 12517 11807 5 0 
5700 13734 13542 10531 12287 10483 12528 11778 5 0 
5800 13760 13576 10451 12286 10387 12497 11778 1 0 
5900 13757 13485 10562 12307 10504 12542 11831 0 0 
6000 13766 13495 10487 12314 10437 12429 11768 5 0 
6100 13687 13468 10395 12334 10392 12464 11764 6 0 
6200 13724 13490 10516 12349 10412 12447 11745 5 2 
6300 13728 13448 10502 12372 10465 12499 11782 3 0 
6400 13741 13537 10506 12419 10423 12511 11820 3 0 
6500 13711 13446 10654 12363 10558 12542 11832 5 1 
6600 13714 13438 10506 12353 10441 12498 11718 0 0 
6700 13712 13495 10434 12355 10338 12499 11811 0 0 
6800 13717 13550 10522 12354 10363 12508 11666 3 0 
6900 13740 13517 10554 12242 10548 12564 11775 1 0 
7000 13761 13513 10488 12193 10494 12488 11757 6 1 
7100 13722 13483 10497 12258 10574 12554 11772 0 0 
7200 13720 13527 10592 12394 10552 12605 11872 4 0 
7300 13739 13556 10552 12481 10502 12608 11873 2 0 
7400 13833 13459 10419 12376 10428 12514 11772 6 0 
7500 13753 13524 10563 12363 10561 12590 11814 5 0 
7600 13774 13523 10603 12426 10596 12639 11875 7 0 
7700 13739 13525 10474 12417 10492 12652 11868 12 0 
7800 13779 13587 10437 12502 10486 12669 11854 10 0 
7900 13820 13519 10549 12607 10657 12697 11948 3 0 
8000 13764 13535 10506 12486 10559 12612 11852 4 0 
8100 13821 13555 10652 12510 10775 12693 11916 2 0 
8200 13755 13549 10499 12517 10527 12585 11821 9 1 
8300 13769 13375 10425 12523 10531 12654 11860 5 82 
8400 13764 13261 10298 12338 10586 12653 11865 1 228 
8500 13784 12972 10195 12015 10794 12633 11886 6 472 
8600 13810 12417 9716 11487 10715 12630 11950 8 942 
8700 13742 13219 8870 10617 10822 12601 11917 6 1822 
8800 13694 13448 7591 9117 11122 12585 12080 2 3181 
8900 13685 13448 6379 7777 11294 12529 12136 0 4467 
9000 13658 13451 5235 6386 11617 12425 12184 0 5877 
9100 13589 13461 4087 5440 11750 12475 12222 0 7071 
9200 13552 13425 3242 5253 12020 12408 12323 3 7960 
9300 13582 13410 2480 5312 12047 12239 12287 1 8726 
9400 13553 13410 2004 5748 12166 12182 12291 1 9326 
9500 13499 13366 1588 6172 12389 12254 12464 1 9920 
9600 13513 13462 1302 7020 12403 12226 12431 1 10255 
9700 13482 13401 1081 7658 12406 12347 12425 125 10501 
9800 13442 13402 1001 6879 12553 12285 12614 1226 10711 
9900 13448 13362 895 5918 12561 12409 12572 2459 10821 
10000 13563 13404 889 4955 12665 12389 12615 3705 10949 
