# Avida tasks data
# Mon Apr 17 17:20:19 2023
# First column gives the current update, next columns give the number
# of organisms that have the particular task as a component of their merit
#  1: Update
#  2: Not
#  3: Nand
#  4: And
#  5: OrNot
#  6: Or
#  7: AndNot
#  8: Nor
#  9: Xor
# 10: Equals

0 0 0 0 0 0 0 0 0 0 
100 0 0 0 0 0 0 0 0 0 
200 0 0 0 0 0 0 0 0 0 
300 0 0 0 0 0 0 0 0 0 
400 0 0 0 0 0 0 0 0 0 
500 0 0 0 0 0 0 0 0 0 
600 0 0 0 0 0 0 0 0 0 
700 19 4 0 0 0 0 0 0 0 
800 54 153 0 245 0 0 0 0 0 
900 2015 1196 0 3096 0 2 0 0 0 
1000 3154 2771 618 5284 50 84 0 0 0 
1100 2854 4194 2355 6504 46 93 3 0 0 
1200 2702 5535 3582 7483 42 140 2 0 0 
1300 2525 6565 4632 8264 21 197 1 0 0 
1400 2383 7374 5556 8762 7 230 0 0 0 
1500 2071 8249 6498 9273 0 243 2 0 0 
1600 1820 9046 7369 9776 1 297 2 0 0 
1700 1697 9683 8039 10178 9 361 0 0 0 
1800 1856 10161 8665 10484 5 699 2 0 0 
1900 1937 10539 9152 10784 5 1264 7 0 0 
2000 1921 10858 9490 10932 18 1984 2 0 0 
2100 1776 11264 9835 11187 23 2735 1 0 0 
2200 1654 11612 10089 11209 22 3544 1 0 0 
2300 1802 11595 10480 11413 11 4364 2 0 0 
2400 1815 11636 10579 11504 24 5085 4 0 0 
2500 1899 11750 10762 11535 18 5729 2 0 0 
2600 2129 11721 11050 11832 33 6460 3 0 0 
2700 2249 11676 11085 11850 83 7267 2 0 0 
2800 2618 11647 11133 11790 79 7940 2 0 0 
2900 3027 11562 11225 11811 68 8706 5 0 0 
3000 3384 11445 11246 11901 146 9346 1 0 0 
3100 3671 11344 11385 11954 277 10026 6 0 0 
3200 3875 10956 11389 11968 531 10344 3 0 0 
3300 4040 10688 11252 11951 841 10595 3 0 0 
3400 4414 10321 11277 11974 1365 10859 11 0 0 
3500 5224 9860 11431 12044 1893 11094 3 0 0 
3600 6202 9088 11374 11995 2452 11206 5 0 0 
3700 7106 8417 11407 12135 3174 11366 12 0 0 
3800 7842 8020 11414 12030 3670 11425 7 0 0 
3900 8379 7156 11409 12088 4698 11516 9 0 0 
4000 9052 6501 11543 12209 5492 11594 17 0 0 
4100 9681 6024 11302 12044 6046 11373 10 0 0 
4200 10032 5608 11247 11980 6635 11313 12 0 0 
4300 10359 5092 11231 11966 7432 11303 17 0 0 
4400 10604 5088 11345 11989 7794 11412 28 0 0 
4500 10870 4830 11126 11903 8145 11228 25 0 0 
4600 10930 4783 11234 11951 8626 11369 28 0 0 
4700 11121 4907 11258 11956 8995 11309 40 0 0 
4800 11355 5109 11250 12011 9416 11414 31 0 0 
4900 11491 5399 11276 12040 9658 11388 39 0 0 
5000 11686 5743 11271 12020 9853 11379 52 0 0 
5100 11898 6196 11395 12143 10097 11503 49 0 0 
5200 11794 6545 11501 12130 10355 11597 50 0 0 
5300 11908 6874 11520 12109 10549 11563 38 0 0 
5400 11835 7197 11757 12267 10856 11768 37 0 0 
5500 11867 7638 11507 12104 10816 11603 45 0 0 
5600 11905 7762 11584 12162 10984 11611 55 0 0 
5700 11971 8158 11598 12187 11094 11700 62 0 0 
5800 11915 8562 11558 12099 11166 11561 47 0 0 
5900 11976 9015 11787 12288 11484 11791 75 0 0 
6000 12128 9340 11705 12221 11364 11724 53 0 0 
6100 12294 9741 11821 12298 11506 11843 59 0 0 
6200 12269 9892 11762 12270 11510 11800 68 0 0 
6300 12235 10128 11764 12284 11439 11838 62 0 0 
6400 12358 10409 11762 12263 11510 11768 74 0 0 
6500 12360 10524 11742 12266 11530 11743 65 0 0 
6600 12338 10774 11873 12351 11604 11927 76 0 0 
6700 12448 11026 11963 12378 11641 12001 70 0 0 
6800 12442 11252 11929 12359 11626 11922 76 0 0 
6900 12437 11457 11989 12387 11635 11967 60 0 0 
7000 12436 11691 11949 12365 11635 11992 78 0 0 
7100 12475 11805 11865 12337 11563 11855 77 2 0 
7200 12507 12105 11981 12396 11638 11943 61 1 0 
7300 12417 12229 12056 12406 11745 11972 90 0 0 
7400 12598 12316 11913 12305 11551 11990 58 0 0 
7500 12647 12301 11977 12373 11680 11975 58 0 0 
7600 12512 12373 11890 12385 11602 11930 61 0 0 
7700 12598 12430 12040 12353 11724 12027 64 0 0 
7800 12520 12393 12078 12478 11841 12044 68 1 0 
7900 12623 12434 11966 12430 11697 11986 80 0 0 
8000 12624 12639 12134 12506 11738 12114 60 0 0 
8100 12688 12623 12121 12584 11819 12088 65 0 0 
8200 12544 12525 12104 12555 11833 12168 71 0 0 
8300 12690 12457 12146 12512 11838 12087 77 0 0 
8400 12573 12541 12149 12534 11889 12081 86 2 0 
8500 12644 12608 12156 12554 11869 12154 57 0 0 
8600 12727 12454 12156 12529 11824 12116 73 1 0 
8700 12732 12558 12151 12550 11844 12125 50 0 0 
8800 12736 12571 12128 12522 11841 12168 63 0 0 
8900 12656 12528 12151 12534 11816 12111 49 0 0 
9000 12638 12471 12079 12572 11809 12091 73 0 0 
9100 12545 12413 12079 12520 11775 11963 79 0 0 
9200 12666 12517 12106 12463 11693 12077 61 0 0 
9300 12650 12574 12177 12649 11869 12183 72 0 0 
9400 12743 12516 12074 12552 11773 12025 53 0 0 
9500 12749 12496 12148 12561 11843 12231 51 0 0 
9600 12680 12486 12117 12482 11788 12082 55 0 0 
9700 12517 12438 12179 12551 11816 12131 68 0 0 
9800 12719 12413 12145 12577 11897 12137 49 2 0 
9900 12742 12433 12073 12466 11755 12028 60 0 0 
10000 12754 12574 12118 12545 11786 12179 47 2 0 
