# Avida tasks data
# Mon Apr 17 23:44:26 2023
# First column gives the current update, next columns give the number
# of organisms that have the particular task as a component of their merit
#  1: Update
#  2: Not
#  3: Nand
#  4: And
#  5: OrNot
#  6: Or
#  7: AndNot
#  8: Nor
#  9: Xor
# 10: Equals

0 0 0 0 0 0 0 0 0 0 
100 0 0 0 0 0 0 0 0 0 
200 0 0 0 0 0 0 0 0 0 
300 0 0 0 0 0 0 0 0 0 
400 0 0 0 0 0 0 0 0 0 
500 0 0 0 0 0 0 0 0 0 
600 5 0 0 0 0 0 0 0 0 
700 636 873 149 978 1 5 0 0 0 
800 2400 3173 1057 2091 0 15 0 0 0 
900 3640 5347 2256 3669 0 27 0 0 0 
1000 4072 7488 4666 6014 2 19 0 0 0 
1100 5292 9496 7159 8001 5 49 0 0 0 
1200 6720 10846 8800 9358 4 52 0 0 0 
1300 7686 11425 9702 10077 8 122 0 0 0 
1400 8619 11898 10455 10659 7 212 2 0 0 
1500 9498 12235 11180 10992 15 384 0 0 0 
1600 10236 12481 11624 11342 6 621 1 0 0 
1700 10659 12652 11948 11564 6 946 0 0 0 
1800 11184 12746 12065 11705 9 1298 2 0 0 
1900 11509 12852 12318 11775 18 1612 23 0 0 
2000 11690 12762 12273 11714 69 1890 89 0 0 
2100 12015 12810 12261 11755 159 2491 163 0 0 
2200 12007 12770 12273 11723 164 2755 407 0 0 
2300 11991 12647 12335 11675 118 2731 1040 0 0 
2400 12095 12478 12346 11546 123 2620 1728 0 0 
2500 12323 12379 12381 11449 117 2297 2677 0 0 
2600 12412 12161 12327 11214 130 1691 3785 0 0 
2700 12499 12005 12387 11162 139 1422 4754 0 0 
2800 12573 11960 12401 11108 146 1480 5598 0 0 
2900 12665 11952 12498 11164 209 1465 6353 0 0 
3000 12615 11847 12488 11048 267 1535 6947 0 0 
3100 12708 11789 12515 11023 383 1713 7538 0 2 
3200 12738 11800 12499 11015 698 2098 8197 0 1 
3300 12762 11659 12494 10877 1047 2474 8562 0 0 
3400 12781 11640 12522 10823 1462 2994 8815 0 2 
3500 12814 11531 12613 10850 2053 3730 9159 1 7 
3600 12792 11542 12581 10866 2323 4262 9409 0 2 
3700 12732 11434 12572 10687 2815 4742 9529 0 4 
3800 12806 11365 12585 10900 3328 5336 9874 0 5 
3900 12738 11404 12653 10824 3845 5756 9861 0 5 
4000 12714 11326 12599 10780 4260 6190 9937 0 2 
4100 12838 11378 12617 10902 4807 6691 10148 0 0 
4200 12847 11261 12650 10736 5042 6996 10039 0 0 
4300 12804 11201 12538 10814 5501 7336 10032 0 0 
4400 12786 11256 12579 10865 5900 7726 10070 0 1 
4500 12766 11103 12632 10669 6178 7950 9970 0 0 
4600 12843 11086 12613 10691 6547 8205 9876 0 0 
4700 12790 10991 12689 10577 6773 8384 9924 0 0 
4800 12766 10984 12568 10729 7252 8729 9971 0 0 
4900 12722 10913 12624 10691 7367 8941 9892 0 0 
5000 12754 10880 12621 10606 7893 9241 9898 0 0 
5100 12711 10775 12633 10627 8147 9455 9851 0 0 
5200 12625 10613 12624 10419 8325 9629 9713 0 0 
5300 12689 10714 12642 10532 8491 9717 9690 0 0 
5400 12585 10670 12648 10474 8676 9761 9626 0 0 
5500 12644 10686 12680 10492 8724 9859 9765 0 0 
5600 12588 10624 12668 10438 8785 9861 9718 0 0 
5700 12702 10714 12677 10632 9078 9932 9783 0 0 
5800 12614 10610 12702 10526 9041 9834 9740 0 0 
5900 12568 10574 12647 10493 9045 9748 9634 0 0 
6000 12559 10654 12544 10439 9205 9836 9732 0 0 
6100 12576 10535 12654 10360 9192 9746 9607 0 0 
6200 12566 10539 12709 10461 9360 9828 9649 0 0 
6300 12726 10436 12738 10458 9393 9810 9746 0 0 
6400 12465 10470 12694 10416 9363 9710 9585 0 0 
6500 12511 10527 12619 10316 9300 9687 9593 0 0 
6600 12570 10763 12761 10563 9568 9909 9801 0 0 
6700 12501 10563 12609 10384 9464 9704 9580 0 0 
6800 12494 10510 12646 10412 9339 9750 9689 0 0 
6900 12523 10604 12714 10468 9407 9787 9666 0 0 
7000 12495 10559 12697 10479 9454 9764 9672 0 0 
7100 12549 10603 12680 10403 9428 9817 9662 0 0 
7200 12413 10646 12705 10536 9492 9762 9711 0 0 
7300 12537 10629 12667 10515 9498 9847 9642 0 0 
7400 12545 10586 12724 10503 9451 9806 9693 0 0 
7500 12475 10516 12655 10491 9515 9743 9660 0 0 
7600 12544 10607 12564 10472 9493 9812 9651 0 0 
7700 12477 10627 12612 10529 9468 9805 9688 0 0 
7800 12462 10536 12637 10363 9355 9728 9616 0 0 
7900 12508 10705 12697 10519 9449 9848 9757 0 0 
8000 12579 10673 12698 10617 9535 9901 9856 0 0 
8100 12498 10597 12671 10447 9471 9770 9626 0 0 
8200 12489 10620 12752 10568 9549 9839 9728 0 0 
8300 12453 10704 12662 10579 9447 9854 9793 0 0 
8400 12472 10653 12696 10551 9525 9797 9742 0 0 
8500 12373 10719 12666 10564 9492 9741 9703 0 0 
8600 12335 10597 12723 10471 9465 9739 9589 0 0 
8700 12425 10721 12736 10559 9537 9774 9687 0 0 
8800 12528 10688 12753 10602 9571 9837 9792 0 0 
8900 12519 10891 12773 10760 9730 10121 10038 0 0 
9000 12462 10792 12764 10647 9619 9866 9789 0 0 
9100 12529 10706 12724 10542 9488 9742 9680 0 0 
9200 12434 10661 12622 10532 9485 9766 9663 0 0 
9300 12516 10763 12783 10635 9658 9948 9913 0 0 
9400 12477 10780 12641 10641 9547 9836 9776 0 0 
9500 12474 10724 12729 10599 9569 9802 9718 0 0 
9600 11981 10738 12104 10541 8929 9870 9281 0 498 
9700 11021 10723 11953 10259 8272 9948 8430 0 1420 
9800 10421 10368 10879 9870 7697 8863 8121 3 1828 
9900 9447 10079 9712 9410 6956 7836 7424 3 2549 
10000 8631 9872 8790 9088 6359 7007 6850 3 3215 
