# Avida tasks data
# Tue Apr 18 02:04:18 2023
# First column gives the current update, next columns give the number
# of organisms that have the particular task as a component of their merit
#  1: Update
#  2: Not
#  3: Nand
#  4: And
#  5: OrNot
#  6: Or
#  7: AndNot
#  8: Nor
#  9: Xor
# 10: Equals

0 0 0 0 0 0 0 0 0 0 
100 0 0 0 0 0 0 0 0 0 
200 0 0 0 0 0 0 0 0 0 
300 2 0 0 0 0 0 0 0 0 
400 372 331 0 0 0 0 0 0 0 
500 1438 1098 0 15 0 0 0 0 0 
600 3389 2781 0 70 0 0 0 0 0 
700 5355 4685 0 685 1 34 0 0 0 
800 6863 5862 0 1632 403 66 0 0 0 
900 7958 6409 1 2772 1192 32 0 0 0 
1000 9021 6748 1 4137 1990 5 0 0 0 
1100 10364 7266 1 6253 3704 7 14 0 0 
1200 12468 7806 10 9319 6613 1873 39 0 0 
1300 12740 8662 17 10474 7881 3765 63 0 0 
1400 12813 10680 24 11032 8475 5398 25 0 0 
1500 12816 11779 37 11414 8929 6765 13 0 0 
1600 12835 12276 44 11833 9704 8170 29 0 0 
1700 12807 12789 57 12181 10398 9580 29 0 0 
1800 12852 12990 55 12431 11001 10897 26 0 0 
1900 12845 13119 84 12631 11379 11989 39 0 0 
2000 12935 13251 46 12672 11655 12738 36 0 0 
2100 12874 13386 69 12681 11748 13043 26 0 0 
2200 12974 13498 66 12736 11952 13344 27 0 0 
2300 13041 13593 73 12823 12041 13456 34 0 0 
2400 12935 13570 73 12674 11866 13407 28 0 0 
2500 12991 13601 84 12823 11953 13373 40 0 0 
2600 13012 13623 61 12844 12125 13405 43 0 0 
2700 12969 13523 84 12697 11986 13386 40 0 0 
2800 13044 13625 53 12850 12077 13427 53 0 0 
2900 13076 13648 66 12802 12033 13504 53 0 0 
3000 13035 13557 47 12815 11970 13491 90 0 0 
3100 12973 13612 75 12787 12033 13378 158 0 0 
3200 13058 13588 60 12770 12032 13432 260 0 0 
3300 12991 13658 86 12762 11978 13368 512 0 0 
3400 13045 13604 263 12854 12008 13457 699 0 0 
3500 13073 13614 1023 12847 12096 13417 707 0 0 
3600 12981 13565 2341 12848 11980 13432 674 0 0 
3700 13018 13528 4030 12914 12093 13361 666 0 0 
3800 13011 13334 5606 12884 12052 13274 656 0 0 
3900 13034 13354 7142 12963 12080 13306 673 0 0 
4000 12956 13312 8353 12950 12147 13364 599 0 0 
4100 12955 13278 9370 12956 12155 13313 504 0 0 
4200 12979 13322 10543 13038 12194 13323 394 0 0 
4300 12955 13302 11423 13038 12184 13297 255 0 0 
4400 12967 13303 12152 13041 12218 13335 158 0 0 
4500 12905 13348 12623 12936 12138 13373 133 0 0 
4600 12955 13329 12855 13088 12267 13367 82 0 0 
4700 12883 13263 12998 13055 12189 13338 33 0 0 
4800 12967 13353 13091 13136 12287 13344 38 0 0 
4900 13004 13405 13071 13237 12409 13321 29 0 0 
5000 12915 13377 13172 13148 12337 13336 24 0 0 
5100 12860 13387 13172 13205 12340 13368 41 0 0 
5200 12908 13383 13196 13138 12300 13305 15 0 0 
5300 12846 13442 13209 13266 12350 13400 18 0 0 
5400 12915 13404 13202 13239 12382 13369 20 0 0 
5500 12828 13426 13249 13226 12325 13372 19 0 0 
5600 12856 13411 13274 13165 12355 13345 28 0 0 
5700 12929 13437 13285 13290 12387 13385 11 0 0 
5800 12840 13427 13281 13251 12361 13360 23 0 0 
5900 12896 13420 13328 13163 12366 13389 16 0 0 
6000 12862 13446 13283 13184 12391 13292 21 0 0 
6100 12768 13415 13329 13183 12290 13347 17 0 0 
6200 12871 13498 13313 13247 12396 13371 12 0 0 
6300 12808 13423 13363 13195 12283 13396 15 0 0 
6400 12901 13420 13382 13234 12443 13409 20 0 0 
6500 12958 13495 13286 13279 12419 13339 12 0 0 
6600 12937 13520 13355 13300 12405 13388 18 0 0 
6700 12925 13545 13321 13254 12492 13359 21 0 0 
6800 12908 13448 13331 13251 12437 13376 15 0 0 
6900 12881 13510 13362 13268 12404 13390 16 0 0 
7000 12909 13461 13331 13207 12417 13358 25 0 0 
7100 12820 13469 13340 13216 12265 13383 16 0 0 
7200 12828 13512 13284 13240 12364 13360 18 0 0 
7300 12976 13476 13263 13241 12512 13357 29 0 0 
7400 12889 13455 13331 13207 12380 13400 10 0 0 
7500 12939 13492 13323 13244 12458 13342 19 0 0 
7600 12859 13560 13356 13246 12405 13357 21 0 0 
7700 12987 13498 13406 13278 12453 13459 14 0 0 
7800 12947 13483 13403 13279 12475 13451 12 0 0 
7900 12970 13520 13360 13268 12440 13378 21 0 0 
8000 12911 13515 13326 13274 12460 13407 31 0 0 
8100 12877 13511 13399 13310 12482 13430 23 0 0 
8200 12909 13555 13351 13256 12448 13451 21 0 0 
8300 12943 13540 13350 13275 12579 13387 27 0 0 
8400 12958 13530 13392 13268 12509 13444 29 0 0 
8500 12983 13576 13386 13323 12576 13401 21 0 0 
8600 12911 13486 13324 13251 12380 13433 21 0 0 
8700 13029 13523 13387 13280 12570 13428 33 0 0 
8800 13008 13513 13429 13308 12579 13449 20 0 0 
8900 12979 13502 13376 13289 12519 13392 18 0 0 
9000 12923 13485 13335 13251 12448 13401 22 0 0 
9100 12955 13443 13396 13243 12449 13444 27 0 0 
9200 12974 13510 13302 13280 12543 13358 24 0 0 
9300 12935 13565 13411 13301 12515 13430 25 0 0 
9400 12986 13507 13382 13253 12496 13394 21 0 0 
9500 13009 13555 13370 13290 12548 13466 18 0 0 
9600 12949 13512 13311 13265 12484 13322 26 0 0 
9700 12985 13496 13338 13282 12530 13398 21 0 0 
9800 12923 13564 13295 13321 12533 13386 40 0 0 
9900 13030 13481 13349 13257 12544 13406 28 0 0 
10000 12959 13459 13341 13205 12475 13320 28 0 0 
