# Avida tasks data
# Tue Apr 18 00:59:01 2023
# First column gives the current update, next columns give the number
# of organisms that have the particular task as a component of their merit
#  1: Update
#  2: Not
#  3: Nand
#  4: And
#  5: OrNot
#  6: Or
#  7: AndNot
#  8: Nor
#  9: Xor
# 10: Equals

0 0 0 0 0 0 0 0 0 0 
100 0 0 0 0 0 0 0 0 0 
200 0 0 0 0 0 0 0 0 0 
300 0 0 0 0 0 0 0 0 0 
400 0 0 0 0 0 0 0 0 0 
500 0 0 0 0 0 0 0 0 0 
600 9 148 0 0 0 0 0 0 0 
700 2027 2365 0 125 0 0 0 0 0 
800 4301 4424 0 191 0 0 0 0 0 
900 6367 6245 0 260 0 0 0 0 0 
1000 8159 7935 0 321 3 0 0 0 0 
1100 9027 8747 0 446 30 0 0 0 0 
1200 9586 9118 0 847 183 10 0 0 0 
1300 10074 9253 0 1467 582 25 61 0 0 
1400 10367 8838 2 2151 1379 30 479 0 0 
1500 10700 8050 3 2930 2340 30 1230 0 0 
1600 10727 7791 15 3461 3461 58 2235 0 263 
1700 10885 9190 47 5208 4925 45 1104 0 2747 
1800 11099 10055 89 6695 6241 18 594 0 4481 
1900 11362 10990 145 7959 7445 8 254 0 6104 
2000 11523 11623 158 8823 8464 5 104 0 7294 
2100 11804 12186 183 9924 9496 4 46 0 8449 
2200 12072 12625 167 10734 10328 15 70 0 9405 
2300 12356 12931 191 11177 10883 7 73 0 9923 
2400 12522 13215 208 11624 11397 17 122 0 10563 
2500 12720 13394 198 11826 11751 34 228 0 10900 
2600 12886 13488 219 11858 12015 20 433 0 11067 
2700 12795 13533 204 11607 12233 11 856 1 11300 
2800 12830 13527 284 11114 12250 13 1450 2 11323 
2900 12851 13506 235 10500 12427 23 2162 0 11554 
3000 12930 13451 254 9688 12350 7 2956 0 11477 
3100 12870 13415 257 8852 12452 1 3845 0 11611 
3200 12905 13527 270 8024 12417 6 4667 0 11532 
3300 12776 13488 277 7195 12303 1127 5425 0 11505 
3400 12744 13452 296 7536 12326 3249 5060 0 11503 
3500 12809 13505 304 8441 12460 5288 4205 1 11552 
3600 12900 13536 296 9118 12452 6837 3609 0 11635 
3700 12849 13507 318 9880 12505 8404 2840 0 11665 
3800 12860 13487 306 10555 12584 9722 2208 4 11640 
3900 12810 13482 283 11091 12591 10737 1719 0 11671 
4000 12787 13501 269 11272 12631 11532 1414 0 11666 
4100 12768 13541 280 11376 12616 12026 1343 0 11708 
4200 12897 13495 256 11256 12603 12356 1524 0 11665 
4300 12888 13442 316 10886 12456 12657 1773 0 11475 
4400 12872 13427 289 10526 12428 12805 2175 0 11563 
4500 12981 13297 296 10034 12403 12857 2626 1 11495 
4600 12919 13345 320 9365 12345 12966 3285 0 11546 
4700 12966 13292 301 8504 12327 12983 4088 0 11538 
4800 13061 13261 344 7517 12213 12938 5070 2 11488 
4900 12911 13195 322 6558 12089 12948 5994 0 11372 
5000 12918 13127 307 5724 12109 12929 6793 0 11426 
5100 12942 13113 337 4934 11992 12974 7503 0 11320 
5200 12948 13203 329 4288 12134 12955 8274 0 11519 
5300 12887 13111 379 3631 11958 12863 8805 0 11306 
5400 12849 13117 307 2940 12003 12889 9532 0 11440 
5500 12956 13068 343 2336 11857 12885 10210 0 11418 
5600 12917 13044 350 1819 11819 12894 10627 0 11327 
5700 12981 13116 304 1335 11881 12928 11126 0 11444 
5800 12971 13079 370 1083 11694 12856 11277 0 11322 
5900 12918 13058 318 920 11787 12874 11500 1 11311 
6000 12946 13057 326 762 11803 12892 11666 0 11419 
6100 12913 12966 354 665 11656 12802 11653 0 11196 
6200 13070 13061 303 624 11714 12899 11833 0 11319 
6300 12940 13050 345 605 11739 12847 11812 0 11275 
6400 12973 12991 338 565 11808 12826 11907 0 11382 
6500 12910 13014 348 698 11698 12854 11798 0 11261 
6600 13010 13029 310 883 11737 12844 11827 2 11356 
6700 12967 12961 356 1217 11700 12839 11729 0 11205 
6800 12927 13046 335 1576 11791 12886 11709 0 11352 
6900 12967 13040 337 1930 11765 12826 11654 1 11231 
7000 12965 13123 313 2562 11829 12897 11602 0 11387 
7100 13001 13002 358 3042 11687 12813 11387 1 11256 
7200 12983 13105 323 3747 11780 12879 11448 0 11307 
7300 12949 13101 345 4375 11789 12913 11341 1 11322 
7400 12943 13192 320 5301 11878 12976 11261 0 11363 
7500 12958 13180 289 6294 11951 12943 11224 0 11449 
7600 12997 13215 288 7395 11924 12977 11023 1 11431 
7700 13038 13251 291 8436 11941 13060 11059 2 11478 
7800 13009 13290 244 9547 12042 12980 10909 2 11468 
7900 13032 13266 248 10305 12061 13049 10923 0 11548 
8000 13036 13314 250 11032 12068 13070 10821 0 11547 
8100 13018 13355 212 11517 12162 13158 10753 0 11600 
8200 13108 13307 254 11671 12092 13067 10834 0 11508 
8300 12993 13339 260 11868 12074 13113 10781 0 11625 
8400 13036 13281 226 11828 12044 13033 10735 0 11528 
8500 13072 13304 225 11994 12083 13037 10785 0 11578 
8600 13045 13252 251 12140 12041 13004 10715 0 11501 
8700 13127 13223 271 12199 11951 13039 10713 0 11473 
8800 13095 13317 238 12226 12081 13089 10791 0 11595 
8900 13093 13335 252 12378 12138 13101 10875 0 11634 
9000 13129 13304 220 12211 12033 13038 10640 0 11540 
9100 13051 13301 239 12071 11912 13032 10676 3 11467 
9200 13161 13322 238 12280 12051 13102 10869 0 11603 
9300 13085 13266 268 12278 11988 12955 10725 0 11508 
9400 13090 13270 256 12297 11984 13070 10747 0 11495 
9500 13049 13271 276 12301 11989 13010 10710 0 11506 
9600 13113 13265 267 12281 12006 13021 10787 0 11473 
9700 13124 13270 265 12278 11963 13048 10730 0 11436 
9800 13068 13257 222 12164 11972 13014 10674 2 11450 
9900 13107 13239 265 12207 11947 13017 10728 0 11482 
10000 13144 13271 260 12282 12036 13023 10782 0 11583 
