# Avida tasks data
# Tue Apr 18 03:58:29 2023
# First column gives the current update, next columns give the number
# of organisms that have the particular task as a component of their merit
#  1: Update
#  2: Not
#  3: Nand
#  4: And
#  5: OrNot
#  6: Or
#  7: AndNot
#  8: Nor
#  9: Xor
# 10: Equals

0 0 0 0 0 0 0 0 0 0 
100 0 0 0 0 0 0 0 0 0 
200 0 0 0 0 0 0 0 0 0 
300 0 0 0 0 0 0 0 0 0 
400 0 0 0 0 0 0 0 0 0 
500 0 0 0 0 0 0 0 0 0 
600 22 547 0 2 0 0 0 0 0 
700 2116 3110 0 187 202 0 0 0 0 
800 3574 4534 0 358 2102 0 0 0 0 
900 5106 5996 3 1659 3879 1091 7 0 0 
1000 6241 7160 10 3737 4913 3190 1 0 0 
1100 7971 8829 30 5294 6370 5186 11 0 592 
1200 9031 9960 66 5202 7625 6560 18 0 3240 
1300 10104 10943 135 6125 8959 7898 28 0 5543 
1400 10768 11398 150 6911 9724 8899 62 0 7101 
1500 11368 11842 178 7630 10260 9750 40 2 8165 
1600 11984 12259 217 8558 10850 10471 55 0 9104 
1700 12432 12458 214 9387 11263 10988 80 1 9799 
1800 12643 12758 250 9861 11455 11499 68 0 10139 
1900 13061 12895 220 10554 11881 11746 79 2 10546 
2000 13170 13013 212 11010 11971 11874 72 1 10634 
2100 13227 13196 242 11447 11977 12110 81 3 10740 
2200 13245 13151 246 11841 11991 12070 72 2 10758 
2300 13263 13213 285 12282 11997 12079 85 0 10739 
2400 13261 13222 255 12534 12011 12059 78 2 10764 
2500 13251 13168 235 12748 11863 12095 77 1 10701 
2600 13221 13118 253 12885 11878 12029 84 2 10652 
2700 13258 13119 247 13002 12013 12047 71 3 10764 
2800 13273 13209 239 13084 11977 12171 57 0 10822 
2900 13266 13214 263 13108 11952 12129 82 4 10733 
3000 13293 13171 250 13183 11972 12085 77 1 10825 
3100 13381 13218 211 13123 11995 12154 72 0 10862 
3200 13293 13241 255 13211 12060 12127 85 0 10765 
3300 13285 13142 296 13135 12058 12090 66 1 10770 
3400 13292 13158 392 13144 12006 12124 80 2 10842 
3500 13354 13211 518 13150 12075 12137 83 0 10780 
3600 13308 13230 635 13240 12017 12175 75 0 10751 
3700 13382 13191 937 13323 12160 12150 93 0 11014 
3800 13381 13092 1265 13290 12104 12068 85 0 10791 
3900 13397 13216 1676 13276 12172 12210 77 0 10917 
4000 13338 13201 2273 13258 12104 12194 84 2 10893 
4100 13377 13295 2992 13263 12080 12172 81 1 10886 
4200 13291 13236 3766 13282 12098 12166 79 0 10887 
4300 13418 13239 4468 13365 12175 12201 88 0 10941 
4400 13369 13229 5024 13312 12089 12198 78 2 10854 
4500 13420 13209 5819 13395 12263 12233 68 2 10972 
4600 13335 13218 6396 13353 12213 12333 61 1 11025 
4700 13404 13225 6953 13387 12222 12346 161 0 11091 
4800 13379 13279 7425 13391 12359 12403 388 0 11180 
4900 13444 13322 7846 13410 12252 12263 714 1 11036 
5000 13466 13331 8168 13402 12302 12277 1232 2 11076 
5100 13483 13339 8304 13394 12317 12328 1822 0 11117 
5200 13459 13270 8102 13433 12380 12265 2546 2 11012 
5300 13423 13308 8068 13394 12305 12410 3284 0 11080 
5400 13431 13354 7546 13429 12413 12283 4167 1 11151 
5500 13438 13392 6923 13476 12367 12319 4980 0 11163 
5600 13437 13367 6345 13466 12381 12255 5743 0 11105 
5700 13422 13421 5720 13458 12354 12190 6564 6 11078 
5800 13478 13445 4957 13513 12345 12296 7268 2 11105 
5900 13426 13466 4156 13466 12423 12349 8191 1 11061 
6000 13439 13417 3544 13417 12336 12196 8838 0 10879 
6100 13393 13412 2794 13469 12299 12316 9597 1 10851 
6200 13484 13404 2231 13468 12371 12244 10275 1 10933 
6300 13329 13380 1735 13432 12344 12145 10731 1 10903 
6400 13385 13437 1421 13432 12313 12378 11075 0 11014 
6500 13372 13380 1185 13416 12357 12159 11352 0 10833 
6600 13377 13401 902 13380 12353 12258 11694 1 10814 
6700 13431 13407 701 13381 12307 12259 11834 1 10766 
6800 13444 13462 515 13357 12359 12362 12094 2 10978 
6900 13423 13431 408 13466 12381 12361 12223 0 10950 
7000 13339 13417 368 13482 12293 12215 12197 1 10838 
7100 13370 13399 298 13383 12299 12338 12229 0 10848 
7200 13361 13343 287 13474 12410 12261 12325 1 10795 
7300 13315 13411 271 13340 12290 12254 12309 4 10798 
7400 13354 13390 267 13395 12364 12303 12337 0 10819 
7500 13383 13465 272 13502 12335 12373 12393 0 10864 
7600 13352 13384 243 13402 12319 12335 12261 1 10857 
7700 13331 13395 273 13355 12365 12340 12321 3 10937 
7800 13384 13408 248 13456 12357 12301 12339 0 10916 
7900 13410 13454 252 13473 12404 12370 12354 2 10871 
8000 13387 13381 251 13434 12340 12379 12370 0 10841 
8100 13355 13410 242 13378 12378 12351 12323 0 10846 
8200 13380 13520 224 13467 12313 12413 12385 3 10929 
8300 13367 13439 266 13421 12353 12321 12319 1 10866 
8400 13382 13367 264 13446 12312 12324 12293 0 10885 
8500 13397 13445 297 13359 12340 12363 12384 1 10877 
8600 13373 13453 245 13471 12357 12301 12410 0 10992 
8700 13371 13450 229 13428 12319 12355 12307 0 10887 
8800 13353 13427 237 13462 12306 12335 12348 1 10888 
8900 13395 13456 247 13445 12352 12363 12429 0 10855 
9000 13375 13372 248 13446 12378 12254 12402 2 10800 
9100 13354 13399 270 13365 12230 12243 12293 0 10789 
9200 13410 13453 271 13387 12333 12416 12345 1 10868 
9300 13402 13455 251 13514 12450 12430 12459 0 10982 
9400 13406 13444 274 13496 12405 12391 12366 2 10964 
9500 13350 13491 283 13397 12367 12432 12290 0 10877 
9600 13403 13504 438 13477 12397 12473 12388 3 10968 
9700 13367 13422 529 13536 12428 12472 12448 1 11009 
9800 13443 13477 738 13504 12374 12321 12430 0 10862 
9900 13432 13490 945 13489 12442 12387 12479 0 10997 
10000 13369 13431 1176 13436 12385 12337 12380 6 10869 
