# Avida tasks data
# Mon Apr 17 11:13:02 2023
# First column gives the current update, next columns give the number
# of organisms that have the particular task as a component of their merit
#  1: Update
#  2: Not
#  3: Nand
#  4: And
#  5: OrNot
#  6: Or
#  7: AndNot
#  8: Nor
#  9: Xor
# 10: Equals

0 0 0 0 0 0 0 0 0 0 
100 0 0 0 0 0 0 0 0 0 
200 0 0 0 0 0 0 0 0 0 
300 0 0 0 0 0 0 0 0 0 
400 0 0 0 0 0 0 0 0 0 
500 0 0 0 0 0 0 0 0 0 
600 0 0 0 0 0 0 0 0 0 
700 0 0 0 0 0 0 0 0 0 
800 0 1 0 0 0 0 0 0 0 
900 0 0 0 0 0 0 0 0 0 
1000 23 1 0 0 0 0 0 0 0 
1100 28 0 0 0 0 0 0 0 0 
1200 75 11 0 4 0 0 0 0 0 
1300 235 46 0 0 0 0 0 0 0 
1400 435 165 0 0 0 0 0 0 0 
1500 786 340 0 0 0 0 0 0 0 
1600 1315 1008 2 599 401 0 0 0 0 
1700 1274 1814 6 2823 2705 1182 10 0 0 
1800 3375 1626 0 4263 4157 620 2367 0 0 
1900 5204 1571 2 5521 5346 233 4191 0 0 
2000 6746 1839 3 6712 6460 671 5621 0 0 
2100 7191 3201 9 7072 6778 2463 5978 0 0 
2200 7645 4253 15 7420 7143 3722 6366 0 0 
2300 8314 5388 18 8053 7777 5048 7034 0 0 
2400 9015 6501 12 8781 8365 6253 7555 0 0 
2500 9628 7485 36 9438 9038 7410 8195 0 0 
2600 10294 8336 41 10006 9545 8492 8806 0 0 
2700 10890 9329 46 10545 10075 9521 9192 0 0 
2800 11261 10011 46 10928 10457 10235 9507 0 0 
2900 11586 10734 41 11188 10765 10970 9831 0 0 
3000 12004 11237 35 11637 11146 11558 10237 0 0 
3100 12283 11596 46 11849 11414 11822 10502 0 0 
3200 12455 11831 40 12068 11601 12070 10643 0 0 
3300 12658 12015 48 12308 11807 12323 10816 0 2 
3400 12742 12114 59 12450 11930 12551 10934 0 0 
3500 12925 12239 45 12503 11996 12691 10925 0 0 
3600 13051 12318 43 12683 12208 12715 11159 0 0 
3700 13138 12381 53 12763 12217 12823 11249 0 0 
3800 13167 12475 53 12843 12235 12820 11373 0 0 
3900 13174 12568 47 12832 12365 12885 11327 0 0 
4000 13196 12597 67 12755 12279 12853 11220 0 0 
4100 13225 12517 210 12865 12249 12814 11345 0 0 
4200 13103 12594 624 12673 12153 12675 11072 0 0 
4300 13109 12505 1265 12737 12161 12707 11223 0 0 
4400 13194 12551 1990 12636 12060 12649 11200 0 0 
4500 13162 12491 2798 12690 12136 12597 11257 0 0 
4600 13155 12554 3685 12483 12030 12493 11081 0 0 
4700 13135 12672 4437 12517 12074 12523 11198 0 0 
4800 13117 12776 5404 12420 11936 12394 11033 0 0 
4900 13197 12841 6222 12441 12016 12327 11138 0 0 
5000 13221 12873 7042 12382 12056 12431 11349 0 0 
5100 13210 12901 7776 12312 11916 12299 11168 0 0 
5200 13264 12741 8519 12239 11904 12222 11177 0 0 
5300 13328 12850 9217 12201 11864 12190 11048 0 0 
5400 13242 12890 9804 12058 11689 12096 10939 0 0 
5500 13278 12929 10346 12137 11840 12218 11212 3 0 
5600 13327 13038 10729 12156 11786 12180 11120 0 0 
5700 13205 13025 11103 12009 11640 12101 10969 2 0 
5800 13250 13052 11350 12011 11622 12196 10981 2 0 
5900 13231 12998 11642 11988 11739 12198 11082 0 0 
6000 13372 12934 11882 12013 11769 12144 11005 0 0 
6100 13341 13012 11888 12048 11813 12128 11137 0 0 
6200 13447 13066 12116 12059 11872 12240 11149 0 0 
6300 13359 13015 11924 12028 11912 12300 11130 0 0 
6400 13346 13065 12021 12088 11923 12259 11124 0 0 
6500 13333 13017 11969 12066 11959 12260 11083 0 0 
6600 13292 12982 11891 12069 11864 12398 11037 0 0 
6700 13348 13026 11939 12055 11903 12363 11032 0 0 
6800 13372 13036 12072 12203 11987 12467 11148 0 0 
6900 13402 12944 11958 12134 12044 12434 11190 0 0 
7000 13364 13004 11971 12206 12008 12463 11258 0 0 
7100 13337 13026 11928 12176 12112 12466 11180 0 0 
7200 13370 12927 11976 12197 12256 12545 11283 0 0 
7300 13461 13029 12017 12257 12221 12639 11269 0 0 
7400 13352 13013 11963 12160 12237 12572 11225 0 0 
7500 13464 13063 11958 12248 12341 12636 11313 0 0 
7600 13379 13089 11928 12190 12245 12699 11319 0 0 
7700 13397 13007 11816 12137 12244 12663 11165 0 0 
7800 13447 12994 11960 12206 12307 12699 11303 0 0 
7900 13311 13014 11793 12192 12237 12703 11150 0 3 
8000 13377 13055 11890 12371 12377 12825 11311 96 11 
8100 13412 12989 11365 12334 12454 12763 11298 474 0 
8200 13418 12901 10535 12365 12445 12734 11264 1106 0 
8300 13358 12997 9883 12410 12424 12679 11258 1699 0 
8400 13333 12976 9000 12500 12451 12592 11320 2453 0 
8500 13267 13066 8080 12486 12385 12567 11330 3239 2 
8600 13271 12963 6999 12682 12553 12492 11426 4191 0 
8700 13223 12998 6034 12673 12546 12473 11439 5090 0 
8800 13187 12912 5053 12539 12454 12285 11329 5877 0 
8900 13161 12816 4155 12762 12536 12178 11361 6611 0 
9000 13142 12931 3387 12885 12531 12274 11466 7465 0 
9100 13038 12870 2734 12840 12458 12082 11297 7898 0 
9200 13023 12872 2070 12839 12449 12020 11387 8454 0 
9300 13074 12915 1695 12840 12508 11993 11402 8764 0 
9400 12983 13008 1286 12866 12412 11948 11310 9137 0 
9500 13046 12914 1043 12918 12403 11949 11375 9248 0 
9600 13137 12978 763 12998 12550 12131 11579 9811 0 
9700 12969 13065 606 12967 12428 11899 11339 9748 0 
9800 12998 12951 418 12915 12440 11900 11409 9875 0 
9900 13073 12945 299 12936 12474 11959 11519 10044 0 
10000 12977 12959 283 12989 12523 11862 11378 9947 2 
