# Avida tasks data
# Mon Apr 17 21:30:14 2023
# First column gives the current update, next columns give the number
# of organisms that have the particular task as a component of their merit
#  1: Update
#  2: Not
#  3: Nand
#  4: And
#  5: OrNot
#  6: Or
#  7: AndNot
#  8: Nor
#  9: Xor
# 10: Equals

0 0 0 0 0 0 0 0 0 0 
100 0 0 0 0 0 0 0 0 0 
200 0 0 0 0 0 0 0 0 0 
300 0 0 0 0 0 0 0 0 0 
400 0 0 0 0 0 0 0 0 0 
500 0 0 0 0 0 0 0 0 0 
600 0 0 0 0 0 0 0 0 0 
700 0 0 0 0 0 0 0 0 0 
800 3 47 0 0 0 0 0 0 0 
900 146 323 0 0 0 0 0 0 0 
1000 814 855 0 9 0 8 0 0 0 
1100 2852 2300 12 357 1 2333 10 0 0 
1200 5364 4668 29 1495 605 4675 22 0 0 
1300 7324 6629 61 1773 2781 6484 25 0 0 
1400 8775 7974 79 1709 4315 7778 25 2 0 
1500 9861 9177 103 1493 5821 8865 25 0 0 
1600 10607 9882 98 1303 6992 9523 48 0 0 
1700 11193 10651 88 1096 8222 10241 36 1 0 
1800 11561 11079 116 1047 9057 10630 37 2 0 
1900 11974 11435 215 1276 9722 10907 36 0 0 
2000 12216 11711 371 1714 10138 11162 43 0 0 
2100 12376 11878 454 1762 10352 11291 445 0 0 
2200 12473 11989 499 2402 10560 11363 1433 2 0 
2300 12732 12146 444 3611 10807 11549 2689 1 0 
2400 12648 12047 288 4529 10666 11370 3772 0 0 
2500 12783 12239 228 5751 10902 11597 5021 0 0 
2600 12829 12195 185 6638 10922 11606 5989 0 0 
2700 12904 12333 122 7568 11094 11633 6998 0 0 
2800 13021 12385 142 8232 11100 11688 7802 0 0 
2900 13033 12334 136 8834 11074 11682 8426 2 0 
3000 13056 12405 115 9436 11162 11740 9023 0 0 
3100 13083 12457 143 9857 11242 11748 9517 0 0 
3200 13119 12384 109 10113 11166 11690 9735 0 0 
3300 13176 12485 110 10482 11325 11797 10163 0 0 
3400 13241 12479 125 10606 11346 11766 10238 0 0 
3500 13122 12500 76 10732 11338 11729 10317 1 0 
3600 13120 12525 107 10737 11394 11752 10254 0 0 
3700 13217 12565 139 10978 11582 11941 10537 2 0 
3800 13242 12511 102 10913 11451 11875 10405 0 0 
3900 13187 12580 128 10958 11438 11886 10510 0 0 
4000 13198 12497 116 10789 11401 11793 10386 1 0 
4100 13289 12600 112 11114 11568 11936 10503 0 0 
4200 13260 12598 106 10964 11545 11894 10512 0 0 
4300 13178 12507 118 10911 11473 11846 10413 0 0 
4400 13273 12502 117 10920 11432 11847 10377 0 0 
4500 13246 12586 114 10904 11450 11764 10402 2 0 
4600 13199 12546 103 10918 11499 11821 10392 1 0 
4700 13172 12546 117 11019 11484 11885 10535 0 0 
4800 13190 12636 114 11099 11595 11965 10571 0 13 
4900 13253 12563 110 10969 11554 11903 10454 0 64 
5000 13228 12589 107 10900 11614 11918 10365 0 181 
5100 13157 12530 140 10774 11499 11900 10193 0 328 
5200 13198 12582 194 10623 11547 11942 10071 0 500 
5300 13126 12571 296 9866 11424 11845 9935 162 1110 
5400 13025 12565 296 9021 11430 11981 9778 527 2055 
5500 13038 12585 313 7819 11411 12017 9539 711 3271 
5600 12956 12541 343 6645 11337 11980 9131 873 4423 
5700 12879 12392 382 5550 11166 11878 8817 1025 5415 
5800 12885 12487 386 4520 11178 11973 8503 1332 6417 
5900 12811 12397 379 3747 11058 11854 8268 1401 7078 
6000 12831 12494 385 3003 11101 11982 8017 1709 7915 
6100 12793 12469 371 2265 11046 11950 7650 1899 8545 
6200 12803 12555 344 1780 11061 11975 7392 2131 9095 
6300 12677 12369 334 1474 10891 11884 7175 2197 9307 
6400 12726 12412 288 1207 10829 11835 7097 2248 9558 
6500 12787 12443 243 1006 10865 11951 7000 2283 9722 
6600 12725 12398 212 909 10919 11901 7143 2309 10020 
6700 12846 12522 171 737 11069 12059 7550 2144 10237 
6800 12737 12470 160 686 10941 11901 7202 2156 10159 
6900 12713 12433 137 590 10890 11920 7179 2343 10321 
7000 12671 12445 102 503 11011 11965 7175 2346 10409 
7100 12669 12389 96 480 10868 11919 7107 2340 10377 
7200 12750 12356 118 489 10901 11955 7150 2189 10335 
7300 12738 12397 115 462 10861 11907 7159 2142 10379 
7400 12628 12300 98 473 10874 11950 7153 2155 10400 
7500 12692 12403 122 483 10879 11952 7182 2124 10319 
7600 12685 12390 94 503 10899 11921 7292 2185 10398 
7700 12742 12379 104 478 10929 11938 7097 2364 10400 
7800 12733 12507 95 364 11074 12112 7070 2390 10537 
7900 12703 12393 113 508 10904 11932 7149 2276 10378 
8000 12774 12407 109 509 11013 11922 7267 2271 10465 
8100 12764 12463 88 475 10946 11992 7049 2380 10436 
8200 12730 12473 114 470 11052 12052 7260 2257 10490 
8300 12734 12428 97 468 11046 12059 7309 2222 10448 
8400 12727 12320 90 479 10940 11930 7292 2148 10415 
8500 12763 12378 108 424 10977 11961 7575 1964 10516 
8600 12721 12366 166 471 10934 11924 7578 1922 10462 
8700 12776 12434 292 431 11114 12052 7769 1848 10588 
8800 12813 12376 402 451 10944 11944 7593 1893 10462 
8900 12830 12511 450 449 11111 12069 7732 1940 10597 
9000 12976 12526 567 424 11056 12110 7862 1741 10543 
9100 12858 12476 826 487 11138 12124 8026 1702 10619 
9200 12854 12423 889 495 11151 12006 7936 1803 10592 
9300 12785 12471 1085 505 11131 12098 7956 1719 10565 
9400 12834 12564 1364 449 11263 12188 8174 1614 10695 
9500 12871 12590 1600 455 11197 12153 8219 1585 10714 
9600 12887 12693 1946 449 11358 12242 8383 1505 10821 
9700 12864 12454 2222 503 11089 12053 8244 1382 10541 
9800 12842 12541 2455 502 11309 12179 8271 1561 10711 
9900 12736 12452 2726 465 11112 12013 8086 1482 10519 
10000 12728 12450 3025 505 11129 12088 8280 1430 10581 
