# Avida tasks data
# Tue Apr 18 03:42:57 2023
# First column gives the current update, next columns give the number
# of organisms that have the particular task as a component of their merit
#  1: Update
#  2: Not
#  3: Nand
#  4: And
#  5: OrNot
#  6: Or
#  7: AndNot
#  8: Nor
#  9: Xor
# 10: Equals

0 0 0 0 0 0 0 0 0 0 
100 0 0 0 0 0 0 0 0 0 
200 0 0 0 0 0 0 0 0 0 
300 0 0 0 0 0 0 0 0 0 
400 0 0 0 0 0 0 0 0 0 
500 435 61 0 2 0 0 0 0 0 
600 1932 313 0 4 0 0 0 0 0 
700 4478 2963 0 54 1 0 0 0 0 
800 7019 5681 0 113 0 0 0 0 0 
900 9386 8156 0 197 1 1 0 0 0 
1000 10508 9471 0 210 2 5 0 0 0 
1100 11011 10234 0 290 4 0 0 0 0 
1200 11415 10912 4 441 7 89 3 0 0 
1300 11572 11119 6 782 17 517 12 0 0 
1400 11742 11232 7 1319 24 1295 15 0 0 
1500 11913 11335 7 1827 39 2184 33 0 0 
1600 12169 11532 16 2430 45 3298 37 0 0 
1700 12311 11686 20 3151 44 4100 42 0 0 
1800 12404 11606 24 3647 66 4765 48 0 0 
1900 12602 11810 28 4293 99 5527 61 0 0 
2000 12567 11830 50 4575 126 6125 59 0 0 
2100 12548 11780 42 4872 144 6549 62 0 0 
2200 12531 11724 55 5040 173 7007 104 0 0 
2300 12599 11828 70 5437 170 7636 106 0 0 
2400 12629 11890 232 5835 289 8254 137 0 0 
2500 12617 11894 678 6152 653 8688 114 0 0 
2600 12704 11999 1135 6625 1236 9259 146 0 0 
2700 12660 11919 1542 7135 1930 9486 129 0 0 
2800 12783 12072 1945 7670 2793 9607 206 0 0 
2900 12792 12095 2331 8359 3623 9821 215 0 0 
3000 12810 12072 2695 9019 4543 10043 168 0 0 
3100 12868 12152 2975 9613 5305 10237 186 0 0 
3200 12958 12143 3346 9937 6154 10368 454 0 0 
3300 12931 12099 3665 9846 6906 10511 1125 0 0 
3400 13063 12120 3953 9297 7531 10522 2132 0 0 
3500 13112 12119 3876 8683 8268 10832 3161 0 0 
3600 13120 12088 3638 7922 8851 10871 4050 0 0 
3700 13145 11964 3317 6932 9370 10892 5061 0 0 
3800 13136 12056 2937 6250 9876 10932 5908 0 0 
3900 13204 11922 2617 5441 10121 10961 6761 0 0 
4000 13177 11819 2239 4897 10604 10870 7646 0 0 
4100 13178 11788 1843 4418 10995 10855 8509 0 0 
4200 13170 11697 1487 4304 11238 10869 9198 0 0 
4300 13121 11727 1193 4177 11430 10713 9799 0 0 
4400 13079 11584 878 4277 11566 10713 10299 0 0 
4500 13146 11639 624 4411 11719 10848 10747 0 0 
4600 13103 11618 453 4609 11810 10783 11185 0 0 
4700 13199 11722 260 4787 11751 10829 11389 0 0 
4800 13198 11689 139 5343 11981 10849 11708 0 0 
4900 13141 11751 75 5719 12005 10867 11773 0 0 
5000 13119 11734 69 6600 12043 10799 11769 0 0 
5100 13197 11826 75 7185 11985 10927 11793 0 0 
5200 13116 11657 46 7719 11975 10780 11721 0 0 
5300 13075 11652 50 8209 11970 10768 11740 0 0 
5400 13123 11743 73 8763 12085 10847 11798 0 0 
5500 13074 11679 62 9267 12016 10772 11820 0 0 
5600 13032 11568 57 9644 11993 10730 11710 0 0 
5700 13093 11653 66 9944 11979 10740 11687 0 0 
5800 13078 11596 87 10241 12003 10776 11780 0 0 
5900 13071 11690 53 10476 12072 10833 11857 0 0 
6000 13030 11698 69 10844 12010 10738 11790 0 0 
6100 13023 11684 61 11087 12072 10814 11859 0 0 
6200 12981 11677 57 11107 12044 10783 11846 0 0 
6300 13037 11700 58 11181 12060 10819 11795 0 0 
6400 13057 11651 68 11495 12095 10849 11827 0 0 
6500 12971 11654 75 11421 12007 10685 11758 0 0 
6600 13008 11701 70 11481 12021 10872 11808 0 0 
6700 13045 11767 81 11438 12076 10903 11820 0 0 
6800 12949 11690 113 11499 11995 10845 11728 0 0 
6900 13050 11728 169 11534 12031 10792 11808 0 0 
7000 13104 11841 219 11558 12042 10944 11793 0 0 
7100 13096 11672 239 11566 11959 10919 11769 0 0 
7200 13089 11704 325 11656 12068 10920 11781 0 0 
7300 13070 11700 451 11701 12059 10885 11825 0 0 
7400 13023 11634 688 11763 12073 10806 11813 0 0 
7500 13061 11827 833 11712 12093 11036 11836 0 0 
7600 13067 11722 996 11707 12077 10946 11819 0 0 
7700 13068 11710 1207 11673 12117 10974 11907 0 0 
7800 13021 11741 1550 11538 12178 10925 11998 0 0 
7900 13045 11759 1816 11766 12141 11036 11878 0 0 
8000 13051 11771 2271 11845 12122 11008 11864 0 0 
8100 13073 11714 2671 11715 11924 10918 11760 0 0 
8200 12963 11761 3109 11825 12040 11056 11820 0 0 
8300 12967 11684 3524 11894 12153 10873 11925 0 0 
8400 13004 11779 3962 11850 12221 10941 11983 0 0 
8500 13017 11643 4468 11756 12089 10900 11898 0 0 
8600 13092 11769 4913 11811 12058 11032 11881 0 0 
8700 12989 11676 5423 11825 12104 10928 11905 0 0 
8800 13018 11811 5848 11945 12111 11141 11864 0 0 
8900 12936 11694 6319 11815 12062 11080 11845 0 0 
9000 13030 11706 6590 11963 12137 11054 11950 0 0 
9100 13017 11858 7159 12017 12147 11148 11956 0 0 
9200 12984 11809 7389 11968 12155 11106 11970 0 0 
9300 13076 11794 7676 12072 12106 11170 11984 0 0 
9400 12971 11770 8071 12186 12217 11156 11997 0 0 
9500 13026 11733 8326 12178 12228 11138 11991 0 0 
9600 13012 11773 8508 12099 12238 11096 12036 0 0 
9700 13000 11797 8574 12191 12191 11144 11996 0 0 
9800 13121 11929 8819 12231 12195 11295 12035 0 0 
9900 13017 11811 8728 12137 12215 11126 11951 0 0 
10000 13013 11787 8818 12283 12266 11097 12046 0 0 
