# Avida tasks data
# Tue Apr 18 04:28:45 2023
# First column gives the current update, next columns give the number
# of organisms that have the particular task as a component of their merit
#  1: Update
#  2: Not
#  3: Nand
#  4: And
#  5: OrNot
#  6: Or
#  7: AndNot
#  8: Nor
#  9: Xor
# 10: Equals

0 0 0 0 0 0 0 0 0 0 
100 0 0 0 0 0 0 0 0 0 
200 0 0 0 0 0 0 0 0 0 
300 0 0 0 0 0 0 0 0 0 
400 0 0 0 0 0 0 0 0 0 
500 23 0 0 0 0 0 0 0 0 
600 1208 0 0 0 0 0 0 0 0 
700 2874 485 0 65 0 0 0 0 0 
800 5899 3773 16 99 0 0 0 0 0 
900 7210 5081 19 104 0 0 0 0 0 
1000 7211 5081 19 104 0 0 0 0 0 
1100 7214 5083 19 104 0 0 0 0 0 
1200 7225 5101 18 104 0 0 0 0 0 
1300 7520 5371 15 112 0 0 0 0 0 
1400 8076 5923 28 152 0 1 0 0 0 
1500 8175 6030 33 154 0 1 0 0 0 
1600 8220 6125 19 133 0 1 0 0 0 
1700 8340 6312 23 142 0 3 0 0 0 
1800 8368 6372 22 145 0 4 0 0 0 
1900 8442 6407 31 137 0 0 0 0 0 
2000 8577 6562 26 175 0 0 0 0 0 
2100 8892 6875 28 180 0 1 0 0 0 
2200 9143 7159 37 211 0 1 0 0 0 
2300 9353 7376 44 232 0 0 0 0 0 
2400 9953 7996 39 241 5 0 0 0 0 
2500 10302 8387 40 265 1 0 0 0 0 
2600 10556 8719 38 247 0 0 0 0 0 
2700 10980 9244 37 269 0 2 0 0 0 
2800 11349 9887 50 329 0 0 0 0 0 
2900 11631 10298 51 349 0 0 0 0 0 
3000 11794 10547 61 348 0 0 0 0 0 
3100 11904 10744 60 385 0 1 0 0 0 
3200 12037 10942 56 362 0 0 0 0 0 
3300 12193 11185 62 338 0 0 0 0 0 
3400 12348 11324 59 361 2 0 0 0 0 
3500 12387 11474 65 362 1 0 0 0 0 
3600 12431 11619 88 395 0 3 0 0 0 
3700 12452 11719 93 404 1 2 0 0 0 
3800 12453 11807 101 424 0 3 0 0 0 
3900 12500 11900 102 415 0 4 0 0 0 
4000 12530 11973 104 429 0 4 0 0 0 
4100 12542 12085 121 424 0 1 0 0 0 
4200 12612 12242 117 417 1 6 0 0 0 
4300 12605 12304 112 453 0 0 0 0 0 
4400 12626 12405 126 464 1 3 0 0 0 
4500 12691 12512 125 479 0 2 0 0 0 
4600 12727 12589 134 498 0 3 0 0 0 
4700 12789 12668 146 517 1 2 0 0 0 
4800 12808 12710 131 482 1 2 0 0 0 
4900 12897 12775 160 555 0 5 0 0 0 
5000 12963 12863 150 509 0 6 0 0 0 
5100 13037 12962 145 498 0 5 0 0 0 
5200 13122 12997 149 542 0 0 0 0 0 
