# Avida tasks data
# Tue Apr 18 01:43:22 2023
# First column gives the current update, next columns give the number
# of organisms that have the particular task as a component of their merit
#  1: Update
#  2: Not
#  3: Nand
#  4: And
#  5: OrNot
#  6: Or
#  7: AndNot
#  8: Nor
#  9: Xor
# 10: Equals

0 0 0 0 0 0 0 0 0 0 
100 0 0 0 0 0 0 0 0 0 
200 0 0 0 0 0 0 0 0 0 
300 0 0 0 0 0 0 0 0 0 
400 0 0 0 0 0 0 0 0 0 
500 0 0 0 0 0 0 0 0 0 
600 0 0 0 0 0 0 0 0 0 
700 548 425 0 9 0 0 0 0 0 
800 2255 2156 2 60 0 0 0 0 0 
900 4169 4047 0 97 0 0 0 0 0 
1000 6111 5975 1 117 0 0 0 0 0 
1100 8070 7985 4 339 7 0 0 0 0 
1200 9756 9534 4 1023 22 0 0 0 0 
1300 10813 10749 0 1987 22 0 0 0 0 
1400 11589 11487 2 3133 32 0 0 0 0 
1500 12131 11984 2 4384 74 0 0 0 0 
1600 12256 12052 2 5705 75 0 0 0 0 
1700 12351 12133 1 6753 98 0 0 0 0 
1800 12312 12146 6 7763 97 0 0 0 0 
1900 12349 12210 179 8662 109 2 0 0 0 
2000 12364 12203 799 9369 139 5 0 0 0 
2100 12423 12305 1683 9865 107 2 0 0 0 
2200 12499 12372 2738 10423 129 11 0 0 0 
2300 12580 12368 3888 10846 133 16 0 0 0 
2400 12547 12330 4862 11119 124 23 0 0 0 
2500 12649 12519 5776 11408 92 97 133 0 0 
2600 12473 12532 6110 11518 125 67 816 0 0 
2700 12509 12619 6990 11745 90 80 2370 0 0 
2800 12597 12771 7674 11852 90 70 3959 0 0 
2900 12593 12935 8357 12142 75 92 5471 0 1 
3000 12635 13034 9034 12285 54 112 6848 0 0 
3100 12675 13206 9736 12611 66 121 8264 0 0 
3200 12773 13304 10416 12851 70 168 9284 0 0 
3300 12708 13310 10796 12989 72 168 10039 0 43 
3400 12739 13361 9987 13164 88 197 10564 0 1028 
3500 12742 13425 9085 13235 106 164 10839 0 2036 
3600 12801 13432 7979 13277 126 132 10948 0 3070 
3700 12729 13451 7064 13338 142 153 11169 0 4036 
3800 12771 13400 6515 12747 174 185 11190 0 4538 
3900 12765 13390 6167 12791 180 193 11184 0 4853 
4000 12778 13391 5863 12780 187 199 11217 0 5163 
4100 12811 13343 5595 12157 197 197 11236 0 5401 
4200 12809 13403 5461 11772 223 206 11260 0 5520 
4300 12793 13390 5447 11328 232 199 11280 0 5547 
