# Avida tasks data
# Mon Apr 17 13:17:04 2023
# First column gives the current update, next columns give the number
# of organisms that have the particular task as a component of their merit
#  1: Update
#  2: Not
#  3: Nand
#  4: And
#  5: OrNot
#  6: Or
#  7: AndNot
#  8: Nor
#  9: Xor
# 10: Equals

0 0 0 0 0 0 0 0 0 0 
100 0 0 0 0 0 0 0 0 0 
200 0 0 0 0 0 0 0 0 0 
300 0 0 0 0 0 0 0 0 0 
400 0 0 0 0 0 0 0 0 0 
500 3 2 0 0 0 0 0 0 0 
600 8 319 0 322 0 0 0 0 0 
700 31 2235 0 2194 0 0 3 0 0 
800 281 4253 0 3098 0 0 1059 0 0 
900 664 5569 4 3767 16 0 2526 0 0 
1000 590 7675 3 4489 1710 0 4714 0 0 
1100 604 9550 7 5714 3437 2 6747 0 0 
1200 828 10470 8 7026 4767 151 7965 0 0 
1300 1131 11139 14 7357 6003 885 8936 0 0 
1400 1493 11815 16 7455 7267 1615 9862 0 0 
1500 1767 12338 21 7437 8235 2453 10525 0 0 
1600 2179 12634 33 7739 9352 3368 10972 0 0 
1700 2396 12882 58 8210 10075 4554 11279 0 0 
1800 2735 13190 75 8738 10669 5605 11600 0 0 
1900 2846 13125 73 9147 10888 6442 11610 0 0 
2000 3285 13184 68 9629 11004 7324 11725 0 0 
2100 3535 13231 80 9974 11042 7973 11733 0 0 
2200 3804 13169 94 10220 11127 8510 11631 0 0 
2300 4020 13128 80 10441 11107 9049 11650 0 0 
2400 4361 13221 87 10750 11211 9664 11707 0 0 
2500 4534 13254 96 10902 11284 10173 11719 0 1 
2600 5002 13289 103 10973 11238 10600 11754 0 0 
2700 5559 13280 124 11289 11308 11026 11778 0 0 
2800 6248 13315 155 11320 11254 11309 11727 0 0 
2900 6825 13295 110 11335 11266 11527 11722 0 0 
3000 7501 13277 114 11525 11312 11804 11811 0 0 
3100 8217 13277 113 11398 11356 12001 11837 0 0 
3200 8702 13328 118 11464 11346 12245 11858 0 0 
3300 8922 13255 111 11498 11249 12259 11748 0 0 
3400 9389 13411 111 11646 11475 12533 11893 0 0 
3500 9955 13266 117 11538 11312 12411 11812 0 0 
3600 10238 13402 124 11662 11464 12553 11978 0 0 
3700 10359 13304 105 11594 11376 12472 11840 0 0 
3800 10709 13353 136 11585 11369 12465 11836 0 0 
3900 10928 13300 96 11590 11353 12466 11819 0 0 
4000 11257 13320 121 11661 11338 12490 11843 0 0 
4100 11543 13421 89 11686 11517 12624 11988 0 0 
4200 11565 13362 104 11647 11443 12540 11915 0 1 
4300 11592 13391 119 11565 11453 12502 11931 0 0 
4400 11609 13369 110 11670 11466 12559 11935 0 0 
4500 11574 13353 117 11533 11361 12483 11844 0 2 
4600 11619 13327 117 11500 11350 12461 11840 0 0 
4700 11706 13401 103 11624 11459 12554 11943 0 2 
4800 11704 13415 108 11669 11475 12624 11971 0 0 
4900 11590 13402 108 11720 11528 12565 11992 0 0 
5000 11575 13355 101 11680 11477 12556 11899 0 2 
5100 11624 13416 97 11844 11628 12663 12035 0 0 
5200 11807 13406 103 11704 11550 12639 12014 0 0 
5300 11833 13412 110 11745 11511 12542 11963 0 0 
5400 11864 13423 101 11773 11497 12601 11963 0 1 
5500 11804 13411 118 11709 11542 12602 12003 0 0 
5600 11747 13447 139 11661 11499 12562 11918 0 21 
5700 11783 13379 120 11746 11545 12607 12012 0 73 
5800 11777 13395 129 11832 11520 12499 12002 0 185 
5900 11633 13413 179 11769 11498 12567 11990 0 237 
6000 11375 13431 226 11782 11498 12591 11993 0 342 
6100 11086 13403 439 11834 11503 12561 11979 0 541 
6200 10762 13347 618 11934 11547 12569 11939 0 669 
6300 10227 13415 804 12019 11643 12652 12100 0 883 
6400 9667 13419 1201 11959 11564 12572 11961 0 955 
6500 9416 13447 1491 12073 11607 12685 11954 0 1049 
6600 8916 13382 1914 12086 11585 12664 12017 0 1223 
6700 8669 13365 2374 12235 11656 12627 12022 0 1405 
6800 8527 13357 2663 12147 11484 12591 11919 0 1619 
6900 8434 13392 3015 12261 11634 12607 11966 1 1986 
7000 8430 13395 3434 12213 11585 12573 11882 0 2183 
7100 8301 13347 3905 12289 11544 12598 11916 0 2314 
7200 8177 13434 4448 12499 11603 12686 11915 0 2629 
7300 8271 13383 4868 12485 11547 12656 11854 0 2931 
7400 8556 13327 5149 12514 11549 12638 11863 0 3307 
7500 8841 13317 5469 12433 11423 12580 11783 0 3389 
7600 9328 13408 5560 12505 11533 12560 11793 0 3624 
7700 9766 13393 5750 12531 11421 12552 11776 0 3745 
7800 10291 13408 5803 12433 11491 12617 11765 0 4037 
7900 10343 13359 5671 12454 11343 12493 11673 0 4223 
8000 10766 13387 5824 12411 11431 12563 11735 0 4375 
8100 11098 13303 5844 12447 11381 12502 11673 0 4402 
8200 11264 13420 5926 12412 11501 12599 11742 1 4569 
8300 11292 13383 6039 12455 11409 12578 11725 0 4503 
8400 11480 13413 6109 12497 11449 12580 11705 0 4540 
8500 11814 13355 6188 12458 11414 12592 11746 0 4481 
8600 11955 13348 6152 12476 11328 12526 11723 0 4513 
8700 12074 13365 6200 12540 11409 12607 11709 10 4478 
8800 11884 13351 6238 12436 11323 12493 11612 142 4319 
8900 10978 13352 5705 12422 11313 12482 11643 1042 4888 
9000 9502 13429 5082 12377 11381 12504 11691 2328 5622 
9100 8005 13376 4007 12148 11261 12389 11596 3522 6545 
9200 6736 13454 3019 12106 11408 12526 11809 4752 7594 
9300 5464 13368 2033 11772 11299 12482 11681 5859 8514 
9400 4314 13434 1315 11681 11333 12512 11794 6775 9112 
9500 3251 13392 791 11658 11324 12397 11802 7823 9617 
9600 2364 13295 447 11551 11202 12341 11689 8480 9868 
9700 1826 13411 365 11597 11334 12485 11881 9190 10177 
9800 1508 13431 273 11655 11394 12544 11922 9622 10260 
9900 1374 13339 230 11687 11326 12456 11860 9771 10299 
10000 1300 13391 218 11647 11390 12504 11940 9952 10314 
