# Avida tasks data
# Mon Apr 17 15:09:53 2023
# First column gives the current update, next columns give the number
# of organisms that have the particular task as a component of their merit
#  1: Update
#  2: Not
#  3: Nand
#  4: And
#  5: OrNot
#  6: Or
#  7: AndNot
#  8: Nor
#  9: Xor
# 10: Equals

0 0 0 0 0 0 0 0 0 0 
100 0 0 0 0 0 0 0 0 0 
200 0 0 0 0 0 0 0 0 0 
300 0 0 0 0 0 0 0 0 0 
400 0 0 0 0 0 0 0 0 0 
500 0 0 0 0 0 0 0 0 0 
600 9 0 0 0 0 0 0 0 0 
700 40 2 0 0 0 0 0 0 0 
800 101 37 0 0 2 0 0 0 0 
900 331 180 0 3 0 0 0 0 0 
1000 1683 343 2 1081 818 124 0 0 0 
1100 4476 441 0 3780 3148 291 2 0 0 
1200 6222 477 6 5441 4670 448 82 0 0 
1300 7554 533 5 6259 5864 527 594 0 0 
1400 8517 497 10 6717 6814 608 1461 0 0 
1500 9148 445 4 7669 7699 1832 1666 0 0 
1600 9997 843 5 8424 8400 3065 1577 0 0 
1700 10480 1394 13 8906 8874 4308 1253 0 0 
1800 10870 2138 10 9300 9234 5647 1146 0 0 
1900 10949 2942 6 9439 9539 6889 1287 0 0 
2000 10736 3418 3 9572 10036 7911 1903 0 0 
2100 10651 3955 0 9684 10315 8695 2366 0 0 
2200 10575 4422 0 10030 10677 9394 2840 0 0 
2300 10472 4779 2 10275 10771 9868 3407 0 0 
2400 10658 4964 0 10481 10962 10228 4086 0 0 
2500 10885 4794 7 10653 11075 10486 4849 0 0 
2600 11143 4879 1 10915 11093 10648 5444 0 0 
2700 11205 5453 6 11136 11204 10755 6149 0 0 
2800 11342 5884 6 11521 11429 11105 7235 0 0 
2900 11448 6277 6 11703 11297 11136 7859 0 0 
3000 11457 6797 3 11709 11305 11148 8622 0 0 
3100 11565 7253 5 11915 11395 11280 9424 0 0 
3200 11560 7956 6 12090 11435 11344 9863 0 0 
3300 11815 8776 4 12186 11518 11367 10286 0 0 
3400 12033 9705 4 12383 11541 11497 10548 0 0 
3500 12188 10499 4 12382 11513 11469 10748 0 0 
3600 12200 11184 7 12452 11563 11425 10825 1 0 
3700 12164 11855 9 12322 11520 11397 10998 0 0 
3800 12269 12285 11 12406 11546 11566 11177 0 0 
3900 12482 12593 4 12584 11672 11653 11390 0 0 
4000 12587 12939 5 12452 11747 11627 11403 0 0 
4100 12590 13098 6 12462 11594 11583 11341 0 0 
4200 12734 13330 9 12548 11737 11683 11448 0 0 
4300 12831 13419 6 12536 11704 11651 11447 0 0 
4400 12874 13324 7 12618 11695 11635 11470 0 0 
4500 12786 13412 2 12424 11610 11490 11192 0 0 
4600 12828 13467 8 12537 11620 11627 11373 0 0 
4700 12834 13459 12 12595 11766 11716 11457 0 0 
4800 12884 13444 10 12573 11799 11769 11590 0 0 
4900 12913 13367 9 12603 11774 11684 11537 0 0 
5000 12961 13367 10 12630 11783 11725 11557 0 0 
5100 12911 13392 11 12576 11767 11688 11595 0 0 
5200 12958 13417 14 12671 11861 11752 11667 0 0 
5300 13030 13473 6 12672 11902 11819 11685 0 0 
5400 13100 13558 9 12713 11897 11823 11668 0 0 
5500 13021 13542 6 12616 11831 11753 11573 0 0 
5600 13090 13382 4 12819 12036 11897 11712 0 0 
5700 13122 13418 11 12776 11847 11813 11634 0 0 
5800 13140 13534 12 12739 11892 11798 11639 0 0 
5900 13062 13511 238 12820 11969 11802 11704 0 0 
6000 13077 13519 1254 12725 11898 11792 11641 0 0 
6100 13109 13462 2637 12774 11994 11839 11712 0 0 
6200 13063 13490 3883 12752 12001 11849 11696 0 0 
6300 12990 13515 5331 12741 11892 11794 11628 0 0 
6400 13052 13577 6866 12788 11988 11855 11716 0 0 
6500 13006 13509 8057 12720 11906 11710 11648 0 0 
6600 13119 13597 9083 12830 12036 11841 11684 0 0 
6700 13059 13584 9800 12796 11990 11817 11721 0 0 
6800 13053 13451 10355 12648 12038 11732 11606 0 0 
6900 13018 13605 10925 12694 12035 11807 11722 0 0 
7000 13018 13621 11076 12732 11982 11742 11587 0 0 
7100 13022 13614 11071 12728 11888 11697 11612 0 2 
7200 13192 13598 11177 12788 12031 11727 11657 0 0 
7300 13142 13582 11307 12796 12076 11899 11782 0 0 
7400 13109 13617 11208 12815 12070 11787 11646 0 0 
7500 13182 13539 11161 12685 11995 11797 11722 0 0 
7600 13149 13605 11222 12716 12003 11815 11661 0 3 
7700 13223 13628 11270 12772 12154 11878 11781 0 0 
7800 13263 13661 11385 12787 12170 11968 11922 0 0 
7900 13100 13524 11188 12772 12062 11762 11721 0 0 
8000 13187 13527 11175 12703 12023 11751 11676 0 0 
8100 13135 13485 11124 12757 12012 11670 11677 0 0 
8200 13224 13639 11235 12820 12108 11873 11757 0 0 
8300 13258 13606 11164 12853 12076 11761 11709 1 0 
8400 13294 13462 11345 12878 12117 11859 11850 0 0 
8500 13183 13526 11215 12747 11993 11764 11661 0 0 
8600 13348 13627 11347 12906 12132 11873 11819 0 0 
8700 13260 13570 11299 12868 12077 11817 11761 0 0 
8800 13332 13599 11314 12926 12102 11907 11820 0 0 
8900 13316 13562 11351 12817 12129 11880 11827 0 0 
9000 13279 13558 11320 12895 12142 11869 11901 0 0 
9100 13355 13593 11356 12905 12227 11881 11848 0 1 
9200 13327 13609 11338 12903 12197 11965 11892 0 1 
9300 13330 13620 11275 12901 12141 11852 11773 0 1 
9400 13326 13508 11384 12918 12197 11911 11848 0 3 
9500 13331 13627 11236 12929 12097 11834 11772 0 2 
9600 13304 13581 11275 12907 12139 11873 11827 0 0 
9700 13317 13595 11435 12898 12180 11937 11830 0 0 
9800 13292 13522 11207 12849 12102 11838 11758 0 0 
9900 13348 13655 11425 12959 12247 12008 11884 0 0 
10000 13362 13560 11349 12824 12140 11864 11824 0 2 
