# Avida tasks data
# Mon Apr 17 11:31:11 2023
# First column gives the current update, next columns give the number
# of organisms that have the particular task as a component of their merit
#  1: Update
#  2: Not
#  3: Nand
#  4: And
#  5: OrNot
#  6: Or
#  7: AndNot
#  8: Nor
#  9: Xor
# 10: Equals

0 0 0 0 0 0 0 0 0 0 
100 0 0 0 0 0 0 0 0 0 
200 0 0 0 0 0 0 0 0 0 
300 0 0 0 0 0 0 0 0 0 
400 0 0 0 0 0 0 0 0 0 
500 0 0 0 0 0 0 0 0 0 
600 0 0 0 0 0 0 0 0 0 
700 2 4 0 0 0 0 0 0 0 
800 18 4 0 0 0 0 0 0 0 
900 58 10 0 0 0 0 0 0 0 
1000 104 13 0 50 0 11 0 0 0 
1100 630 541 20 1077 7 505 1065 0 0 
1200 709 461 10 1863 386 1135 2242 0 0 
1300 923 427 29 1532 2069 807 3503 0 0 
1400 1562 312 31 1064 3625 524 4642 1 0 
1500 2154 241 32 910 4366 411 5166 2 0 
1600 2154 241 32 910 4366 411 5166 2 0 
1700 2155 241 32 911 4365 411 5165 2 0 
1800 2155 241 32 911 4365 411 5165 2 0 
1900 2155 241 32 911 4365 411 5165 2 0 
2000 2155 241 32 912 4364 411 5164 2 0 
2100 2155 241 32 912 4364 411 5164 2 0 
2200 2608 225 35 853 4775 346 5516 2 0 
2300 2608 225 35 855 4775 346 5516 2 0 
2400 2825 210 45 844 5049 358 5735 3 0 
2500 2825 210 45 844 5051 358 5737 3 0 
2600 2825 210 45 844 5051 358 5737 3 0 
2700 2825 210 45 843 5051 358 5737 3 0 
2800 2824 210 45 842 5052 358 5736 3 0 
2900 2822 210 45 842 5051 358 5735 3 0 
3000 2823 210 45 843 5050 358 5735 4 0 
3100 2825 211 46 843 5051 358 5736 4 0 
3200 2824 211 46 843 5050 358 5735 4 0 
3300 2825 211 46 845 5050 358 5737 4 0 
3400 2824 211 46 845 5053 358 5740 4 0 
3500 2826 211 46 845 5056 359 5740 4 0 
3600 2826 211 46 845 5057 359 5741 4 0 
3700 2826 211 46 844 5056 359 5740 4 0 
3800 2825 210 45 844 5058 359 5742 4 0 
3900 2825 210 45 846 5057 359 5741 4 0 
4000 2823 210 45 846 5054 359 5738 4 0 
4100 2824 210 45 846 5055 359 5739 4 0 
4200 3098 201 33 823 5467 357 6163 5 0 
4300 3946 170 55 834 5957 351 6703 3 0 
4400 4341 136 29 773 6503 316 7168 2 0 
4500 5259 133 58 772 6922 319 7546 3 0 
4600 5686 119 52 1011 7027 567 7617 4 1 
4700 5735 609 48 1347 6684 894 7267 4 1 
4800 5785 1145 47 1651 6406 1176 6993 4 1 
