# Avida tasks data
# Tue Apr 18 04:34:42 2023
# First column gives the current update, next columns give the number
# of organisms that have the particular task as a component of their merit
#  1: Update
#  2: Not
#  3: Nand
#  4: And
#  5: OrNot
#  6: Or
#  7: AndNot
#  8: Nor
#  9: Xor
# 10: Equals

0 0 0 0 0 0 0 0 0 0 
100 0 0 0 0 0 0 0 0 0 
200 0 0 0 0 0 0 0 0 0 
300 0 0 0 0 0 0 0 0 0 
400 0 0 0 0 0 0 0 0 0 
500 277 0 0 0 0 0 0 0 0 
600 2272 2166 0 164 1 0 0 0 0 
700 4037 4135 0 1011 3 8 0 0 0 
800 5307 5463 4 2178 12 250 4 0 0 
900 6629 6860 31 3198 10 654 3 0 0 
1000 7984 8186 228 4579 32 1077 0 0 0 
1100 9033 9205 710 5655 32 1305 6 0 0 
1200 9919 10167 1359 6725 39 1418 9 0 0 
1300 10473 10727 2221 7658 35 1371 8 0 0 
1400 10993 11157 3016 8422 41 1247 9 0 0 
1500 11207 11493 3723 9102 50 1037 15 0 0 
1600 11591 11827 4442 9681 48 936 11 0 0 
1700 11843 12077 5161 10248 44 805 13 0 0 
1800 12107 12307 5809 10654 38 680 6 0 0 
1900 12228 12512 6613 11007 40 608 8 0 0 
2000 12481 12714 7412 11461 31 578 9 0 0 
2100 12529 12750 7939 11671 47 783 10 0 0 
2200 12718 12859 8671 11956 40 914 5 0 0 
2300 12878 12982 9231 12262 56 1172 10 0 0 
2400 12972 13085 9666 12434 44 1383 27 0 0 
2500 12963 13079 10009 12533 56 1680 34 0 0 
2600 13037 13126 10274 12671 59 1970 83 0 0 
2700 13092 13163 10525 12724 52 2286 168 0 0 
2800 13170 13161 10633 12829 62 2556 249 0 0 
2900 13167 13221 10856 12862 49 2880 310 0 0 
3000 13067 13169 11024 12848 54 3247 371 0 0 
3100 13112 13131 11178 12892 45 3561 492 0 0 
3200 13203 13136 11321 12866 51 3851 553 0 0 
3300 13159 13152 11431 13003 59 4222 639 0 0 
3400 13213 13131 11314 13004 45 4700 731 0 0 
3500 13287 13133 11335 13019 61 5020 886 0 0 
3600 13261 13121 11447 12936 52 5400 873 0 0 
3700 13259 13073 11346 12880 66 5731 991 0 0 
3800 13296 13150 11350 12994 51 5991 1050 0 0 
3900 13265 13141 11247 12998 62 6472 1125 0 0 
4000 13302 13149 11194 13017 53 6826 1156 0 0 
4100 13333 13164 11246 13001 56 7142 1221 0 0 
4200 13309 13210 11138 13115 56 7677 1297 0 0 
4300 13375 13112 10933 13067 69 8010 1381 0 0 
4400 13390 13187 11063 13163 68 8343 1463 0 0 
4500 13340 13197 10990 13138 60 8676 1515 0 0 
4600 13351 13175 10905 13123 59 8977 1518 0 0 
4700 13376 13179 10823 13154 47 9118 1612 0 0 
4800 13392 13262 10976 13155 58 9353 1558 0 0 
4900 13410 13162 10828 13160 56 9762 1551 0 0 
5000 13368 13165 10886 13116 69 9945 1493 0 0 
5100 13385 13186 10931 13134 65 10103 1475 0 0 
5200 13376 13173 10903 13095 78 10281 1514 0 0 
5300 13352 13164 10898 13088 88 10515 1516 0 0 
5400 13419 13122 10947 13131 104 10614 1407 0 0 
5500 13525 13220 11126 13156 59 10806 1309 0 0 
5600 13499 13156 11242 13205 85 10751 1214 0 0 
5700 13464 13151 11244 13179 83 10753 1248 0 0 
5800 13498 13193 11317 13284 141 10880 1209 0 0 
5900 13498 13212 11448 13243 145 11155 1021 0 0 
6000 13491 13239 11643 13249 164 11334 884 0 0 
6100 13547 13217 11863 13206 184 11427 692 0 0 
6200 13508 13200 11944 13277 224 11464 642 0 0 
6300 13525 13219 11885 13209 178 11486 661 0 0 
6400 13528 13270 12103 13295 137 11609 551 0 0 
6500 13615 13212 12079 13242 168 11667 488 0 0 
6600 13582 13207 12186 13323 131 11787 461 0 0 
6700 13560 13153 12116 13223 152 11812 403 0 0 
6800 13612 13274 12324 13280 102 11816 364 0 0 
6900 13570 13256 12330 13327 107 11973 344 0 0 
7000 13546 13219 12290 13298 111 11846 304 0 0 
7100 13564 13235 12366 13344 85 11842 294 0 0 
7200 13581 13240 12435 13291 50 12105 180 0 0 
7300 13508 13235 12437 13307 70 12139 142 0 0 
7400 13635 13258 12581 13318 44 12126 96 0 0 
7500 13585 13330 12584 13307 45 12183 86 0 0 
7600 13585 13242 12563 13295 55 12216 99 0 0 
7700 13558 13260 12623 13321 59 12238 68 0 0 
7800 13559 13230 12656 13325 46 12231 37 0 0 
7900 13520 13303 12683 13361 42 12198 31 0 0 
8000 13620 13225 12571 13281 64 12247 25 0 0 
8100 13580 13302 12725 13388 63 12393 13 0 0 
8200 13603 13297 12748 13358 42 12360 0 0 0 
8300 13676 13341 12806 13390 46 12438 0 0 0 
8400 13580 13283 12660 13377 65 12422 3 0 0 
8500 13568 13229 12717 13367 48 12296 7 0 0 
8600 13590 13294 12680 13321 40 12273 5 0 0 
8700 13643 13253 12657 13316 46 12382 4 0 0 
8800 13654 13304 12776 13404 50 12397 2 0 0 
8900 13626 13300 12712 13350 42 12325 3 0 0 
9000 13579 13279 12684 13348 51 12254 1 0 0 
9100 13547 13281 12610 13335 58 12196 3 0 0 
9200 13595 13196 12602 13261 34 12131 1 0 0 
9300 13592 13264 12640 13304 51 12417 4 0 0 
9400 13601 13257 12708 13302 47 12278 0 0 0 
9500 13621 13251 12659 13376 65 12306 5 0 0 
9600 13608 13409 12858 13481 39 12266 1 0 0 
9700 13630 13267 12707 13365 40 12175 2 0 0 
9800 13588 13308 12746 13397 45 12346 0 0 0 
9900 13585 13299 12750 13383 59 12452 5 0 0 
10000 13568 13288 12778 13402 59 12382 2 0 0 
