# Avida tasks data
# Mon Apr 17 21:46:58 2023
# First column gives the current update, next columns give the number
# of organisms that have the particular task as a component of their merit
#  1: Update
#  2: Not
#  3: Nand
#  4: And
#  5: OrNot
#  6: Or
#  7: AndNot
#  8: Nor
#  9: Xor
# 10: Equals

0 0 0 0 0 0 0 0 0 0 
100 0 0 0 0 0 0 0 0 0 
200 0 0 0 0 0 0 0 0 0 
300 0 0 0 0 0 0 0 0 0 
400 0 0 0 0 0 0 0 0 0 
500 0 0 0 0 0 0 0 0 0 
600 0 15 0 0 0 0 0 0 0 
700 0 728 0 0 0 0 0 0 0 
800 674 2412 5 21 0 0 0 0 0 
900 2980 4721 15 635 288 0 0 0 0 
1000 5659 7085 12 583 3430 0 0 0 0 
1100 7335 8351 15 1712 5189 2 69 0 0 
1200 8209 8977 23 2060 6090 1098 860 0 0 
1300 8800 9587 28 3877 6733 3301 540 0 0 
1400 9590 10353 33 5555 7642 5095 336 0 0 
1500 10474 11175 50 7093 8681 6823 170 0 0 
1600 11178 11886 74 8417 9607 8256 125 0 0 
1700 11682 12405 66 9449 10354 9449 138 0 0 
1800 12004 12718 68 10118 10870 10240 115 0 0 
1900 12217 12921 68 10758 11183 11015 139 0 0 
2000 12582 13268 63 11359 11712 11662 300 0 0 
2100 12780 13382 106 11846 12093 12087 732 0 0 
2200 12916 13547 108 12300 12287 12117 1533 0 0 
2300 12958 13509 97 12455 12374 12073 2377 0 0 
2400 12999 13518 113 12361 12457 12064 3406 1 0 
2500 13007 13468 129 12289 12405 11943 4472 0 0 
2600 13076 13481 107 12260 12415 11971 5753 0 0 
2700 13129 13447 135 12436 12499 11969 6856 0 0 
2800 13213 13431 126 12310 12571 11907 7894 1 0 
2900 13215 13493 130 12359 12508 11862 8732 0 0 
3000 13242 13421 130 12369 12555 11912 9380 0 0 
3100 13296 13487 143 12460 12563 11791 10178 2 0 
3200 13321 13532 147 12565 12653 12032 10659 0 0 
3300 13366 13587 127 12711 12593 12106 11098 0 0 
3400 13450 13548 98 12754 12656 12279 11591 0 0 
3500 13356 13543 113 12792 12460 12227 11670 1 48 
3600 13392 13527 108 12766 12653 12333 11701 0 181 
3700 13413 13574 114 12722 12643 12416 11657 0 322 
3800 13322 13520 153 12741 12597 12390 11518 1 519 
3900 13345 13448 248 12765 12615 12533 11055 0 971 
4000 13424 13578 258 12908 12665 12593 10631 0 1483 
4100 13301 13408 234 12860 12643 12508 10457 0 1925 
4200 13323 13348 170 12911 12554 12583 10636 0 2372 
4300 13342 13430 153 13017 12663 12639 11047 0 2915 
4400 13335 13372 197 13115 12646 12687 11489 0 3555 
4500 13253 13290 233 13033 12587 12627 11732 0 3997 
4600 13342 13340 264 13097 12612 12620 11921 0 4656 
4700 13252 13382 411 13162 12558 12551 12083 1 5260 
4800 13290 13337 281 13145 12565 11754 12073 0 5359 
4900 13308 13334 267 13192 12620 11158 12119 0 5415 
5000 13300 13349 259 13233 12649 10559 12115 0 5703 
5100 13264 13309 256 13238 12624 10387 12101 0 5918 
5200 13279 13305 266 13257 12631 10715 12073 0 6174 
5300 13266 13323 266 13270 12612 10880 12037 0 6366 
5400 13271 13287 257 13277 12672 11063 12049 1 6561 
5500 13286 13285 258 13267 12691 11362 12044 1 6646 
5600 13258 13285 271 13271 12660 11386 12001 1 6880 
5700 13273 13307 288 13281 12661 11466 12048 1 7082 
5800 13277 13335 275 13285 12657 11589 12091 0 7286 
5900 13301 13325 270 13321 12711 11661 12090 0 7427 
6000 13304 13325 276 13333 12706 11691 12083 0 7557 
6100 13310 13336 293 13319 12709 11741 12110 0 7653 
6200 13312 13304 273 13348 12712 11758 12140 0 7736 
6300 13324 13326 263 13364 12726 11801 12171 0 7868 
6400 13311 13311 269 13367 12702 11836 12193 1 8022 
6500 13339 13311 276 13371 12737 11897 12230 0 8149 
6600 13335 13318 297 13383 12718 11953 12244 0 8249 
6700 13325 13298 295 13381 12765 11962 12230 0 8336 
6800 13336 13309 286 13414 12788 12024 12257 0 8369 
6900 13317 13305 293 13404 12752 12036 12218 0 8417 
7000 13355 13325 286 13438 12800 12037 12252 0 8448 
7100 13316 13286 286 13423 12769 12022 12233 0 8487 
7200 13338 13301 276 13439 12805 12032 12251 0 8556 
7300 13314 13300 288 13457 12758 12016 12247 0 8629 
7400 13345 13354 275 13481 12800 12029 12300 0 8696 
7500 13332 13288 276 13456 12784 12017 12237 2 8721 
7600 13341 13323 299 13482 12776 12004 12308 0 8830 
7700 13337 13287 275 13491 12781 12047 12310 0 8834 
7800 13301 13242 291 13470 12746 12004 12234 0 8796 
7900 13313 13237 312 13472 12752 12032 12278 0 8960 
8000 13333 13277 309 13481 12787 12028 12225 0 9060 
8100 13311 13300 303 13524 12771 11998 12320 0 9132 
8200 13278 13242 303 13474 12752 12011 12211 0 9139 
8300 13284 13292 298 13547 12770 12022 12248 0 9243 
8400 13285 13242 304 13526 12767 11997 12226 0 9281 
8500 13303 13258 298 13563 12789 12018 12237 0 9368 
8600 13364 13333 280 13596 12848 12130 12350 0 9614 
8700 13359 13281 288 13565 12810 12072 12353 2 9620 
8800 13316 13292 297 13558 12782 12078 12355 1 9619 
8900 13330 13298 307 13587 12841 12090 12373 0 9661 
9000 13330 13325 306 13581 12831 12081 12353 0 9649 
9100 13332 13331 308 13584 12837 12136 12352 0 9705 
9200 13317 13327 307 13550 12842 12256 12355 0 9722 
9300 13313 13317 308 13572 12852 12390 12367 0 9718 
9400 13346 13318 303 13537 12850 12434 12357 2 9776 
9500 13330 13361 316 13546 12862 12481 12376 0 9827 
9600 13354 13340 312 13545 12896 12486 12375 0 9925 
9700 13336 13319 324 13545 12861 12537 12356 0 9925 
9800 13376 13324 297 13535 12895 12566 12346 0 9966 
9900 13352 13326 287 13514 12949 12579 12361 0 10049 
10000 13360 13365 294 13541 12902 12640 12377 0 9984 
