# Avida tasks data
# Mon Apr 17 17:53:11 2023
# First column gives the current update, next columns give the number
# of organisms that have the particular task as a component of their merit
#  1: Update
#  2: Not
#  3: Nand
#  4: And
#  5: OrNot
#  6: Or
#  7: AndNot
#  8: Nor
#  9: Xor
# 10: Equals

0 0 0 0 0 0 0 0 0 0 
100 0 0 0 0 0 0 0 0 0 
200 0 0 0 0 0 0 0 0 0 
300 0 0 0 0 0 0 0 0 0 
400 0 17 0 0 0 0 0 0 0 
500 7 11 0 340 0 0 0 0 0 
600 33 300 0 1663 4 0 0 0 0 
700 298 1045 2 3230 6 16 0 0 0 
800 830 2251 2 4980 9 12 0 0 0 
900 1385 3523 0 6996 446 28 0 0 0 
1000 2200 4282 3 8715 1424 22 2 0 0 
1100 3683 4481 24 10289 2738 101 2 0 0 
1200 4713 4390 1253 10733 3384 210 8 0 0 
1300 5566 4004 2649 10710 4274 351 15 0 0 
1400 6383 4281 4048 10801 4992 367 30 0 0 
1500 7052 4696 5105 10735 5581 369 24 0 0 
1600 7729 5328 6093 10829 6265 383 41 0 0 
1700 8559 6059 7146 11000 7053 511 55 0 0 
1800 8817 6576 7752 11040 7515 1578 55 0 0 
1900 9130 6940 8144 11221 7805 2560 86 0 0 
2000 9286 7470 8412 11412 7986 3457 81 0 0 
2100 9509 8221 8680 11585 8250 4310 66 0 0 
2200 9792 8811 8979 11765 8551 5221 93 0 0 
2300 10116 9380 9350 11948 8787 6061 118 0 0 
2400 10252 9975 9565 12153 9091 6676 95 0 0 
2500 10403 10463 9795 12273 9216 7352 125 0 0 
2600 10676 11083 10109 12407 9479 8012 144 0 0 
2700 10783 11569 10311 12501 9676 8429 125 0 0 
2800 11011 11869 10501 12539 9826 8826 167 0 0 
2900 11169 12075 10680 12612 10082 9217 156 0 0 
3000 11444 12299 10922 12701 10148 9592 154 0 0 
3100 11541 12421 11057 12693 10285 9817 209 0 0 
3200 11570 12599 11119 12780 10430 9983 194 0 0 
3300 11730 12805 11411 12879 10645 10314 158 0 0 
3400 11840 12969 11469 12964 10661 10363 183 0 0 
3500 12004 13031 11489 12970 10706 10460 174 0 0 
3600 11976 13047 11507 12961 10775 10606 194 0 0 
3700 12048 13063 11572 12978 10817 10620 194 0 0 
3800 11974 13132 11619 13015 10873 10662 184 0 0 
3900 12023 13089 11590 12965 10831 10555 209 0 0 
4000 12026 12982 11492 12920 10779 10538 172 0 0 
4100 12024 13145 11558 12954 10775 10595 249 0 0 
4200 11997 13082 11593 12971 10799 10502 249 0 0 
4300 12098 13128 11620 12997 10741 10465 236 0 0 
4400 12224 13186 11706 13048 10887 10668 206 0 0 
4500 12163 13164 11719 12947 10918 10718 266 0 0 
4600 12093 13226 11826 13054 10915 10677 321 0 0 
4700 11979 13199 11650 13047 10836 10644 516 0 0 
4800 12056 13105 11614 12978 10901 10664 667 0 0 
4900 12080 13137 11741 12894 10913 10658 1026 0 0 
5000 12093 13104 11659 12827 10793 10586 1374 0 0 
5100 12126 13009 11659 12719 10845 10665 1757 0 0 
5200 12171 13027 11689 12543 10845 10700 2221 0 0 
5300 12142 12979 11600 12453 10870 10669 2768 0 0 
5400 12076 12966 11624 12364 10669 10553 3270 0 0 
5500 12272 12923 11713 12256 10860 10747 3913 0 0 
5600 12308 12814 11686 12136 10798 10709 4411 0 0 
5700 12200 12899 11738 12055 10808 10766 4994 0 0 
5800 12053 12771 11588 11812 10728 10692 5402 0 0 
5900 12166 12706 11591 11664 10587 10573 5885 0 0 
6000 12254 12758 11687 11596 10775 10647 6429 0 0 
6100 12337 12680 11715 11482 10752 10722 6995 0 0 
6200 12311 12711 11700 11491 10757 10696 7383 0 0 
6300 12339 12744 11749 11473 10813 10735 7765 0 0 
6400 12405 12661 11706 11235 10744 10690 8105 0 0 
6500 12443 12604 11788 11236 10806 10748 8443 0 0 
6600 12371 12631 11618 11077 10754 10579 8568 0 0 
6700 12478 12622 11775 11120 10761 10724 8837 0 0 
6800 12361 12617 11715 11017 10756 10669 8905 0 0 
6900 12462 12601 11733 10977 10700 10742 9273 0 0 
7000 12456 12570 11643 10965 10721 10671 9323 0 0 
7100 12478 12611 11666 10896 10722 10590 9461 0 0 
7200 12486 12666 11795 10948 10710 10679 9629 0 0 
7300 12528 12701 11702 10900 10752 10777 9621 0 0 
7400 12528 12610 11690 10890 10772 10739 9633 0 0 
7500 12443 12567 11730 10809 10671 10694 9547 0 0 
7600 12599 12662 11752 10866 10809 10774 9575 0 0 
7700 12684 12800 11874 10999 10846 10871 9773 0 0 
7800 12619 12683 11710 10932 10777 10777 9649 0 0 
7900 12587 12615 11794 10857 10803 10795 9582 0 0 
8000 12752 12643 11816 10966 10749 10730 9612 0 0 
8100 12599 12630 11656 10691 10647 10660 9551 0 0 
8200 12633 12616 11825 10872 10800 10767 9651 0 0 
8300 12643 12614 11783 10900 10885 10813 9775 0 0 
8400 12710 12552 11839 10981 10964 10915 9835 0 0 
8500 12669 12589 11784 10951 10811 10825 9712 0 0 
8600 12636 12563 11751 10840 10720 10709 9577 0 0 
8700 12672 12673 11745 10812 10725 10636 9597 0 0 
8800 12693 12664 11817 10914 10843 10788 9733 0 0 
8900 12710 12629 11816 10825 10819 10849 9714 0 0 
9000 12669 12570 11725 10855 10801 10790 9731 0 0 
9100 12642 12695 11845 10842 10795 10789 9734 0 0 
9200 12772 12642 11816 10911 10980 10962 9839 0 0 
9300 12720 12572 11860 10851 10951 10933 9883 0 0 
9400 12712 12720 11991 10905 10948 11042 9834 0 0 
9500 12799 12506 11850 10838 10945 10916 9879 0 0 
9600 12673 12515 11663 10883 10811 10783 9775 0 0 
9700 12744 12766 11856 10835 10905 10847 9812 0 0 
9800 12787 12654 11859 10859 10867 10875 9870 0 0 
9900 12678 12622 11810 10847 10871 10840 9712 0 0 
10000 12913 12666 11964 10984 10993 10925 9925 0 0 
