# Avida tasks data
# Tue Apr 18 03:19:53 2023
# First column gives the current update, next columns give the number
# of organisms that have the particular task as a component of their merit
#  1: Update
#  2: Not
#  3: Nand
#  4: And
#  5: OrNot
#  6: Or
#  7: AndNot
#  8: Nor
#  9: Xor
# 10: Equals

0 0 0 0 0 0 0 0 0 0 
100 0 0 0 0 0 0 0 0 0 
200 0 0 0 0 0 0 0 0 0 
300 0 0 0 0 0 0 0 0 0 
400 0 0 0 0 0 0 0 0 0 
500 0 0 0 0 0 0 0 0 0 
600 6 54 0 0 0 0 0 0 0 
700 111 2768 0 2683 0 2 0 0 0 
800 539 3091 0 3113 0 1 0 0 0 
900 919 3528 0 3465 0 1 0 0 0 
1000 1817 4914 0 4873 0 1 0 0 0 
1100 2194 5282 1 5247 0 1 1 0 0 
1200 3020 6161 1 6132 0 1 0 0 0 
1300 3476 6609 1 6577 0 1 0 0 0 
1400 3866 7015 1 6985 3 1 2 0 0 
1500 4543 7778 3 7748 12 1 4 0 0 
1600 4994 8247 2 8214 20 1 3 0 0 
1700 5324 8569 2 8540 20 1 3 0 0 
1800 5625 8854 1 8821 19 1 3 0 0 
1900 5934 9116 1 9090 16 1 3 0 0 
2000 6265 9388 1 9369 26 1 1 0 0 
2100 6471 9626 1 9609 32 1 3 0 0 
2200 6697 9812 1 9797 33 1 1 0 0 
2300 6914 9979 1 9960 27 1 1 0 0 
2400 7078 10111 2 10092 30 1 4 0 0 
2500 7290 10247 1 10228 27 1 4 0 0 
2600 7468 10366 1 10349 52 4 2 0 0 
2700 7627 10487 1 10471 33 2 1 0 0 
2800 7727 10574 1 10563 43 3 2 0 0 
2900 7837 10654 1 10638 50 2 1 0 0 
3000 7932 10732 1 10734 34 2 5 0 0 
3100 8044 10801 1 10807 32 3 2 0 0 
3200 8131 10880 1 10878 32 2 3 0 0 
3300 8302 10965 1 10968 41 1 4 0 0 
3400 8405 10993 1 10997 52 2 1 0 0 
3500 8469 11071 0 11080 54 3 1 0 0 
3600 8550 11121 0 11131 51 2 1 0 0 
3700 8705 11205 1 11207 55 1 2 0 0 
3800 8806 11247 0 11248 53 1 2 0 0 
3900 8891 11332 2 11334 39 1 3 0 0 
4000 9049 11397 1 11392 54 1 3 0 0 
4100 9096 11458 0 11452 50 2 8 0 0 
4200 9109 11457 0 11444 51 1 3 0 0 
4300 9130 11537 0 11521 60 1 4 0 0 
4400 9216 11579 0 11557 52 1 2 0 0 
4500 9295 11607 1 11603 44 1 2 0 0 
4600 9411 11638 2 11649 57 1 3 0 0 
4700 9488 11675 2 11681 58 3 3 0 0 
4800 9572 11731 0 11735 48 1 2 0 0 
4900 9663 11783 0 11786 49 1 2 0 0 
5000 9722 11799 0 11793 57 1 2 0 0 
5100 9824 11826 0 11823 48 0 6 0 0 
5200 9864 11857 0 11853 50 0 2 0 0 
5300 9957 11867 0 11867 44 0 1 0 0 
5400 10050 11903 0 11915 54 0 1 0 0 
5500 10148 11905 0 11921 57 0 1 0 0 
5600 10160 11905 0 11922 57 0 1 0 0 
5700 10159 11911 0 11932 54 0 1 0 0 
5800 10160 11910 0 11929 52 0 1 0 0 
5900 10227 11919 26 11937 65 2 1 0 0 
6000 10269 11910 15 11931 62 0 1 0 0 
6100 10408 11936 10 11955 64 0 1 0 0 
6200 10500 11958 4 11977 70 0 1 0 0 
6300 10559 11960 1 11977 67 0 3 0 0 
6400 10593 11970 2 11986 65 2 1 0 0 
6500 10661 12005 1 12018 69 2 1 0 0 
6600 10712 12033 0 12043 68 2 1 0 0 
6700 10751 12065 4 12074 75 0 1 0 0 
6800 10799 12104 2 12110 81 0 1 0 0 
6900 10842 12165 2 12178 66 0 1 0 0 
7000 10891 12239 0 12242 71 2 1 0 0 
7100 10964 12284 0 12288 61 2 1 0 0 
7200 11020 12364 0 12379 74 0 2 0 0 
7300 11080 12412 0 12417 85 0 1 0 0 
7400 11158 12448 1 12458 79 0 1 0 0 
7500 11197 12486 4 12496 76 0 1 0 0 
7600 11253 12556 6 12560 72 0 1 0 0 
7700 11319 12586 4 12595 63 0 1 0 0 
