# Avida tasks data
# Mon Apr 17 23:59:42 2023
# First column gives the current update, next columns give the number
# of organisms that have the particular task as a component of their merit
#  1: Update
#  2: Not
#  3: Nand
#  4: And
#  5: OrNot
#  6: Or
#  7: AndNot
#  8: Nor
#  9: Xor
# 10: Equals

0 0 0 0 0 0 0 0 0 0 
100 0 0 0 0 0 0 0 0 0 
200 0 0 0 0 0 0 0 0 0 
300 0 0 0 0 0 0 0 0 0 
400 0 0 0 0 0 0 0 0 0 
500 0 0 0 0 0 0 0 0 0 
600 0 0 0 0 0 0 0 0 0 
700 0 8 0 613 0 0 0 0 0 
800 6 686 0 772 0 0 0 0 0 
900 15 1147 0 1148 0 0 0 0 0 
1000 455 1493 0 1479 0 0 0 0 0 
1100 1075 2016 0 1978 5 0 0 0 0 
1200 1468 2360 0 2328 8 0 0 0 0 
1300 1540 2411 0 2404 2 0 0 0 0 
1400 1687 2456 0 2477 12 0 0 0 0 
1500 2109 2853 0 2883 5 2 0 0 0 
1600 2304 3009 0 3053 8 0 0 0 0 
1700 2559 3253 0 3310 8 0 0 0 0 
1800 2730 3426 0 3485 10 2 0 0 0 
1900 2993 3663 0 3756 14 0 0 0 0 
2000 3484 4125 0 4254 15 0 0 0 0 
2100 3804 4422 0 4555 14 1 0 0 0 
2200 4047 4665 0 4808 18 1 0 0 0 
2300 4249 4865 0 5005 22 1 0 0 0 
2400 4473 5082 0 5223 25 2 0 0 0 
2500 4520 5134 0 5288 26 4 0 0 0 
2600 4515 5147 0 5291 28 3 0 0 0 
