# Avida tasks data
# Tue Apr 18 00:32:35 2023
# First column gives the current update, next columns give the number
# of organisms that have the particular task as a component of their merit
#  1: Update
#  2: Not
#  3: Nand
#  4: And
#  5: OrNot
#  6: Or
#  7: AndNot
#  8: Nor
#  9: Xor
# 10: Equals

0 0 0 0 0 0 0 0 0 0 
100 0 0 0 0 0 0 0 0 0 
200 0 0 0 0 0 0 0 0 0 
300 0 0 0 0 0 0 0 0 0 
400 0 0 0 0 0 0 0 0 0 
500 0 0 0 0 0 0 0 0 0 
600 0 0 0 0 0 0 0 0 0 
700 871 70 0 0 0 0 0 0 0 
800 2972 324 0 4 0 0 0 0 0 
900 4327 1463 0 682 0 0 0 0 0 
1000 5915 3613 0 2653 0 0 0 0 0 
1100 7148 5255 0 4310 2 0 0 0 0 
1200 8255 6681 0 5540 25 0 0 0 0 
1300 8729 7501 0 6188 131 0 0 0 0 
1400 9156 8296 0 6581 435 0 0 0 0 
1500 9546 8949 0 6992 722 0 0 0 0 
1600 9881 9619 0 7264 903 0 0 0 0 
1700 10347 10261 0 7637 1223 0 0 0 0 
1800 10586 10761 0 7727 1664 0 0 0 0 
1900 10752 11303 0 7746 2096 0 0 0 0 
2000 11026 11755 0 7785 2521 5 0 0 0 
2100 11207 12183 0 7659 2954 0 0 0 0 
2200 11599 12534 0 7429 3666 0 0 0 0 
2300 11562 12778 0 7007 4111 0 0 0 0 
2400 11679 12982 0 6766 4583 0 0 0 0 
2500 11862 13044 0 6383 5164 3 0 0 0 
2600 11904 13189 0 6085 5623 5 0 0 0 
2700 11896 13235 0 5729 6094 23 0 0 0 
2800 11937 13311 0 5204 6662 67 0 0 0 
2900 11919 13231 0 4892 6947 194 1 0 0 
3000 11809 13273 2 4492 7217 376 1 0 0 
3100 11949 13272 1 4213 7606 541 2 0 0 
3200 11906 13297 5 3939 7911 782 0 0 0 
3300 11866 13248 2 3785 8065 969 3 0 0 
3400 11823 13210 7 3583 8310 1098 3 0 0 
3500 11721 13288 4 3306 8383 1227 10 0 0 
3600 11894 13255 6 3122 8748 1429 13 0 0 
3700 11855 13225 10 2998 8822 1620 22 0 0 
3800 11850 13315 5 2862 8974 1904 19 0 0 
3900 11990 13273 10 2771 9124 2158 17 0 0 
4000 11900 13299 12 2785 9160 2416 3 0 0 
4100 11876 13234 8 2594 9288 2684 6 0 0 
4200 11903 13207 14 2494 9395 3016 8 0 0 
4300 12052 13298 16 2469 9582 3396 2 0 0 
4400 12055 13229 18 2461 9617 3737 4 0 0 
4500 11915 13205 23 2569 9452 4140 2 0 0 
4600 12011 13253 22 2556 9405 4701 3 0 0 
4700 11994 13242 31 2717 9355 5120 5 0 0 
4800 12012 13226 16 2805 9280 5654 6 0 0 
4900 12015 13199 36 2669 9402 5936 4 0 0 
5000 11874 13211 40 2622 9320 6429 6 0 0 
5100 11977 13192 48 2577 9415 6896 8 0 0 
5200 11986 13264 55 2734 9357 7490 6 0 0 
5300 12046 13263 46 2662 9450 8057 18 0 0 
5400 12032 13362 45 2739 9376 8706 5 0 0 
5500 12071 13274 45 2686 9498 9023 9 0 0 
5600 11889 13258 42 2554 9451 9517 9 0 0 
5700 12008 13268 49 2507 9674 9992 12 0 0 
5800 12017 13300 56 2322 9839 10383 12 0 0 
5900 11902 13224 53 2307 9834 10661 8 0 0 
6000 11999 13287 75 2059 10097 11147 8 0 0 
6100 12006 13269 60 1864 10365 11453 19 0 0 
6200 11934 13237 84 1695 10538 11724 12 0 0 
6300 11961 13277 66 1599 10673 11929 18 0 0 
6400 12028 13250 61 1446 10899 12156 22 0 0 
6500 11935 13255 86 1305 11030 12404 16 0 0 
6600 12054 13251 71 1145 11231 12615 17 0 0 
6700 12055 13286 80 1070 11340 12773 15 0 0 
6800 12080 13237 72 959 11427 12847 38 0 0 
6900 11967 13234 72 972 11456 12950 34 0 0 
7000 12082 13255 62 876 11655 12958 33 0 0 
7100 12156 13243 70 861 11805 12923 30 0 0 
7200 12157 13228 63 879 11799 13001 40 0 0 
7300 12026 13280 61 1079 11665 12997 22 0 0 
7400 12093 13342 52 1193 11783 13084 13 0 0 
7500 12080 13340 71 1494 11764 13080 21 0 0 
7600 12169 13339 77 1819 11897 13041 19 0 0 
7700 12074 13205 88 2160 11786 12931 17 0 0 
7800 12113 13308 75 2461 11849 13028 13 0 0 
7900 12161 13295 70 2930 11824 13077 21 0 0 
8000 12285 13210 55 3395 11967 13029 28 0 0 
8100 12134 13239 63 4045 11762 13017 14 0 0 
8200 12352 13298 67 4424 11918 13010 19 0 0 
8300 12232 13333 62 5053 11858 13026 23 0 0 
8400 12186 13273 55 5907 11791 13008 24 0 0 
8500 12223 13287 65 6542 11717 12986 19 0 0 
8600 12101 13281 63 7323 11577 13038 34 0 0 
8700 12201 13248 61 7850 11755 12962 28 0 0 
8800 12194 13278 60 8290 11723 13033 40 0 0 
8900 12192 13316 54 8884 11632 12993 32 0 0 
9000 12217 13378 62 9392 11621 13083 27 0 0 
9100 12419 13364 49 9875 11810 13039 26 0 0 
9200 12348 13327 57 10142 11751 13026 31 0 0 
9300 12281 13316 45 10523 11629 13085 41 0 0 
9400 12322 13359 44 10947 11709 13105 49 0 0 
9500 12352 13358 67 11254 11731 13097 28 0 0 
9600 12271 13348 43 11401 11628 13121 33 0 0 
9700 12310 13407 39 11639 11623 13085 44 0 0 
9800 12389 13311 50 11806 11710 13030 37 0 0 
9900 12360 13334 52 12077 11688 13035 26 0 0 
10000 12350 13349 49 12126 11671 13085 34 0 0 
