# Avida tasks data
# Tue Apr 18 02:50:59 2023
# First column gives the current update, next columns give the number
# of organisms that have the particular task as a component of their merit
#  1: Update
#  2: Not
#  3: Nand
#  4: And
#  5: OrNot
#  6: Or
#  7: AndNot
#  8: Nor
#  9: Xor
# 10: Equals

0 0 0 0 0 0 0 0 0 0 
100 0 0 0 0 0 0 0 0 0 
200 0 0 0 0 0 0 0 0 0 
300 0 0 0 0 0 0 0 0 0 
400 0 0 0 0 0 0 0 0 0 
500 0 0 0 0 0 0 0 0 0 
600 277 323 0 378 2 0 0 0 0 
700 1156 853 2 1657 16 0 1 0 0 
800 2524 1340 456 2458 13 13 0 0 0 
900 3010 2273 1590 2814 13 30 0 0 0 
1000 4270 3801 3062 3982 8 35 0 0 0 
1100 6100 5787 4728 5668 12 93 0 0 0 
1200 8181 7948 6635 7749 8 434 0 0 0 
1300 10207 10060 8307 9539 7 1015 2 0 0 
1400 11718 11614 9744 11061 13 1679 7 0 0 
1500 12557 12500 10477 11972 10 2566 27 0 0 
1600 13123 12941 10867 12454 10 3326 57 0 0 
1700 13431 13253 11146 12724 7 4285 91 0 0 
1800 13534 13358 11281 12941 16 5167 79 0 0 
1900 13478 13402 11352 12996 8 6045 92 0 0 
2000 13579 13382 11314 13026 6 6921 93 0 0 
2100 13607 13351 11238 13140 5 7906 89 0 0 
2200 13581 13357 11410 13125 6 8925 77 0 0 
2300 13622 13479 11524 13184 2 9596 51 0 0 
2400 13655 13484 11528 13292 5 10140 39 0 0 
2500 13562 13395 11457 13245 1 10543 16 0 0 
2600 13579 13420 11546 13265 4 11013 21 0 0 
2700 13570 13393 11560 13305 2 11372 17 0 0 
2800 13630 13403 11617 13267 8 11603 14 0 0 
2900 13620 13335 11605 13314 6 11848 11 0 0 
3000 13617 13396 11694 13330 6 12063 13 0 0 
3100 13618 13391 11732 13268 13 12098 18 0 0 
3200 13648 13469 11776 13380 36 12173 19 0 0 
3300 13620 13419 11877 13288 306 12265 21 0 0 
3400 13687 13504 11950 13340 742 12398 16 0 0 
3500 13672 13441 11973 13322 1575 12348 27 0 0 
3600 13703 13427 12062 13401 2274 12340 26 0 0 
3700 13650 13483 12205 13344 3138 12426 17 0 0 
3800 13622 13362 12105 13316 3923 12426 30 0 0 
3900 13659 13429 12207 13365 4968 12416 29 0 0 
4000 13617 13467 12400 13314 6069 12627 21 0 0 
4100 13605 13461 12399 13388 7005 12528 16 2 0 
4200 13559 13444 12581 13421 8030 12646 21 1 0 
4300 13603 13435 12443 13371 8817 12560 29 1 0 
4400 13662 13436 12527 13348 9485 12591 12 7 0 
4500 13634 13465 12465 13406 9961 12619 19 2 0 
4600 13588 13412 12503 13304 10250 12554 14 2 0 
4700 13667 13425 12554 13351 10629 12646 26 0 0 
4800 13674 13433 12587 13360 10775 12730 12 0 0 
4900 13660 13444 12512 13396 10972 12669 11 1 0 
5000 13669 13470 12495 13430 10983 12709 16 3 0 
5100 13669 13489 12617 13438 11028 12754 16 0 0 
5200 13661 13502 12517 13382 11005 12679 19 0 0 
5300 13660 13440 12479 13408 10944 12587 22 0 0 
5400 13765 13426 12473 13416 10890 12611 16 1 0 
5500 13733 13460 12580 13360 11010 12668 15 0 0 
5600 13716 13452 12539 13365 11038 12675 13 2 0 
5700 13740 13480 12512 13449 11057 12676 20 4 0 
5800 13683 13439 12543 13419 10968 12680 17 0 0 
5900 13700 13436 12714 13321 11109 12792 16 2 0 
6000 13714 13463 12523 13380 10918 12647 19 0 0 
6100 13674 13483 12570 13369 10980 12732 14 1 0 
6200 13760 13432 12572 13395 10946 12660 15 0 0 
6300 13717 13499 12607 13382 11139 12737 17 0 0 
6400 13696 13456 12539 13407 11036 12704 14 2 0 
6500 13705 13412 12552 13379 10966 12691 20 3 0 
6600 13794 13491 12662 13419 11071 12724 21 0 0 
6700 13726 13433 12539 13374 11091 12661 14 2 0 
6800 13710 13454 12601 13356 11015 12702 25 6 0 
6900 13783 13443 12573 13367 11091 12710 10 2 0 
7000 13707 13393 12678 13381 11091 12802 7 3 0 
7100 13713 13384 12617 13361 11100 12776 19 0 0 
7200 13770 13473 12700 13467 11096 12797 7 3 0 
7300 13677 13491 12612 13397 11150 12719 18 5 0 
7400 13747 13425 12605 13334 11221 12729 8 0 0 
7500 13785 13439 12658 13401 11090 12800 15 0 0 
7600 13808 13467 12640 13384 11208 12806 13 1 0 
7700 13775 13463 12630 13432 11173 12797 18 2 0 
7800 13722 13499 12664 13429 11195 12806 15 0 0 
7900 13734 13446 12619 13355 11186 12803 9 0 0 
8000 13769 13497 12745 13439 11249 12810 20 0 0 
8100 13738 13467 12736 13441 11383 12883 14 1 0 
8200 13743 13465 12631 13429 11236 12800 23 1 0 
8300 13751 13503 12692 13480 11214 12855 22 1 0 
8400 13852 13519 12694 13517 11247 12838 15 0 0 
8500 13818 13533 12683 13484 11279 12824 13 2 0 
8600 13826 13570 12658 13503 11173 12812 19 1 0 
8700 13823 13478 12668 13462 11276 12789 15 0 0 
8800 13779 13457 12681 13409 11313 12850 12 0 0 
8900 13847 13549 12757 13492 11322 12878 12 3 0 
9000 13783 13461 12656 13418 11251 12864 21 1 0 
9100 13783 13471 12696 13447 11235 12848 15 0 0 
9200 13850 13474 12748 13496 11367 12902 12 0 0 
9300 13765 13490 12686 13490 11158 12812 11 2 0 
9400 13741 13431 12682 13398 11306 12857 8 0 0 
9500 13826 13526 12593 13466 11162 12774 5 3 0 
9600 13788 13496 12784 13489 11290 12920 15 3 0 
9700 13784 13500 12766 13440 11337 12894 17 1 0 
9800 13795 13539 12675 13473 11320 12905 16 1 0 
9900 13845 13535 12807 13540 11354 12955 11 1 0 
10000 13817 13430 12751 13432 11296 12930 14 0 0 
