# Avida tasks data
# Tue Apr 18 03:28:23 2023
# First column gives the current update, next columns give the number
# of organisms that have the particular task as a component of their merit
#  1: Update
#  2: Not
#  3: Nand
#  4: And
#  5: OrNot
#  6: Or
#  7: AndNot
#  8: Nor
#  9: Xor
# 10: Equals

0 0 0 0 0 0 0 0 0 0 
100 0 0 0 0 0 0 0 0 0 
200 0 0 0 0 0 0 0 0 0 
300 0 0 0 0 0 0 0 0 0 
400 0 0 0 0 0 0 0 0 0 
500 0 0 0 0 0 0 0 0 0 
600 0 0 0 0 0 0 0 0 0 
700 400 0 0 0 0 0 0 0 0 
800 2831 1882 10 19 0 1296 2 0 0 
900 5633 4776 17 50 1 4321 12 0 0 
1000 8055 7193 48 110 0 6705 10 0 0 
1100 9146 8421 56 204 0 7995 23 0 0 
1200 9804 9113 55 330 0 8727 21 0 0 
1300 10346 9733 46 565 1 9334 26 0 0 
1400 10798 10236 54 865 0 9841 22 0 0 
1500 11144 10568 59 1349 1 10206 46 0 0 
1600 11502 11041 89 1920 0 10626 29 0 0 
1700 11867 11462 98 2603 0 11124 32 0 0 
1800 11938 11687 101 3415 4 11188 29 0 0 
1900 12219 11868 166 4332 1 11459 36 0 0 
2000 12391 12009 253 5121 3 11529 35 0 0 
2100 12364 12091 256 5981 1 11524 38 0 0 
2200 12471 12188 323 6694 5 11582 70 0 0 
2300 12498 12299 293 7495 10 11633 102 0 0 
2400 12610 12263 344 8058 20 11553 412 0 0 
2500 12515 12396 299 8307 19 11640 939 0 0 
2600 12561 12354 281 8099 13 11628 1518 0 0 
2700 12480 12295 283 7636 10 11621 2297 0 0 
2800 12426 12382 270 7091 3 11621 3260 0 0 
2900 12471 12319 249 6478 18 11696 4215 0 0 
3000 12471 12247 210 5801 6 11636 4947 0 0 
3100 12406 12402 159 5206 4 11811 5878 0 0 
3200 12324 12341 133 4591 4 11744 6655 0 0 
3300 12323 12323 103 4015 4 11724 7320 0 0 
3400 12439 12334 66 3328 12 11760 8210 0 0 
3500 12298 12192 95 2879 3 11731 8724 0 0 
3600 12346 12296 83 2432 7 11796 9329 0 0 
3700 12400 12133 76 2208 8 11700 9771 0 0 
3800 12323 12161 77 2206 9 11676 10174 0 0 
3900 12351 12259 79 2221 9 11847 10670 0 0 
4000 12348 12141 58 2327 8 11698 10719 0 0 
4100 12404 12174 78 2803 10 11762 10986 0 0 
4200 12381 12131 73 3368 19 11699 10952 0 0 
4300 12378 12179 60 4017 13 11750 11103 0 0 
4400 12424 12132 84 4614 14 11687 11100 0 2 
4500 12445 12041 72 5272 15 11688 11060 0 0 
4600 12450 12093 68 5840 21 11698 11037 0 0 
4700 12435 12084 65 6580 26 11654 11013 0 0 
4800 12432 12029 70 6976 33 11737 11009 0 0 
4900 12399 12007 60 7534 28 11588 10918 0 0 
5000 12465 11958 50 8033 40 11537 10965 0 0 
5100 12425 11915 71 8372 46 11582 10932 0 0 
5200 12492 12065 67 8816 35 11743 11043 0 0 
5300 12481 12040 84 9278 37 11631 11126 0 0 
5400 12475 12047 139 9579 52 11628 11011 0 11 
5500 12487 12040 294 9846 32 11651 10689 0 225 
5600 12463 12009 773 9881 35 11742 10293 0 689 
5700 12499 12012 1267 9677 41 11629 9776 0 1228 
5800 12503 12120 1852 9445 40 11721 9067 0 2006 
5900 12566 12193 2465 9056 33 11818 8365 0 2645 
6000 12453 12259 3086 8452 33 11859 7747 0 3392 
6100 12565 12407 3717 7913 26 11926 7005 0 4133 
6200 12520 12366 4353 7383 24 11864 6279 0 4869 
6300 12556 12485 4913 7074 16 11981 5652 0 5589 
6400 12538 12499 5685 6607 16 12103 4806 0 6426 
6500 12397 12408 6332 6223 16 11942 4011 0 7126 
6600 12559 12525 6868 6316 22 12053 3288 0 7922 
6700 12644 12559 7315 6702 30 12093 2668 0 8539 
6800 12557 12640 7747 6868 20 12237 2186 0 9160 
6900 12545 12611 8165 6910 22 12119 1785 0 9459 
7000 12617 12657 8528 7074 19 12172 1444 0 9854 
7100 12522 12711 8932 7477 27 12233 1150 0 10356 
7200 12490 12701 9228 7708 25 12183 970 0 10417 
7300 12556 12761 9402 8146 32 12271 759 0 10543 
7400 12515 12804 9789 8319 29 12275 564 0 10776 
7500 12613 12964 10045 8815 21 12445 495 0 10973 
7600 12673 12885 10294 9206 26 12445 403 0 11054 
7700 12515 12981 10369 9433 31 12430 364 0 11120 
7800 12663 12916 10441 9747 48 12349 301 0 11144 
7900 12612 12979 10661 9778 63 12434 247 0 11269 
8000 12499 13005 10828 9986 167 12414 208 0 11290 
8100 12628 13093 10942 10228 244 12524 150 0 11342 
8200 12578 12995 11044 10270 433 12373 137 0 11268 
8300 12584 13075 11118 10366 709 12496 154 0 11328 
8400 12621 13127 11163 10524 969 12531 170 0 11392 
8500 12575 13105 11289 10431 1392 12445 139 0 11437 
8600 12578 13089 11113 10249 1811 12546 135 0 11357 
8700 12566 13100 10947 10072 2314 12533 147 0 11467 
8800 12559 13073 10921 9889 2822 12542 130 0 11508 
8900 12652 13162 10664 9710 3457 12601 118 0 11498 
9000 12515 13126 10439 9387 3869 12561 129 0 11474 
9100 12548 13150 10318 9268 4454 12577 88 0 11515 
9200 12587 13303 10163 8975 5055 12731 143 0 11581 
9300 12557 13272 9837 8823 5651 12783 115 0 11646 
9400 12399 13183 9511 8465 6224 12592 125 0 11537 
9500 12484 13251 9278 8235 6763 12608 138 0 11537 
9600 12447 13186 8908 7939 7312 12553 133 0 11425 
9700 12459 13190 8641 7722 7841 12592 104 0 11563 
9800 12423 13263 8573 7493 8304 12682 149 0 11557 
9900 12430 13202 8196 7409 8769 12669 121 0 11607 
10000 12452 13155 7829 7244 9329 12630 115 1 11527 
