# Avida tasks data
# Tue Apr 18 04:14:37 2023
# First column gives the current update, next columns give the number
# of organisms that have the particular task as a component of their merit
#  1: Update
#  2: Not
#  3: Nand
#  4: And
#  5: OrNot
#  6: Or
#  7: AndNot
#  8: Nor
#  9: Xor
# 10: Equals

0 0 0 0 0 0 0 0 0 0 
100 0 0 0 0 0 0 0 0 0 
200 0 0 0 0 0 0 0 0 0 
300 0 0 0 0 0 0 0 0 0 
400 0 0 0 0 0 0 0 0 0 
500 0 0 0 0 0 0 0 0 0 
600 0 0 0 0 0 0 0 0 0 
700 425 299 0 4 0 0 0 0 0 
800 1963 1826 0 22 0 0 0 0 0 
900 3672 3418 0 54 0 0 0 0 0 
1000 5831 5491 0 72 0 0 0 0 0 
1100 8171 7699 0 208 4 0 0 0 0 
1200 10039 9567 1 616 1 4 0 0 0 
1300 11730 11202 0 1170 4 2 0 0 0 
1400 12585 12149 2 1932 11 0 0 0 0 
1500 12780 12415 2 2498 28 2 0 0 0 
1600 12879 12393 2 3129 24 0 0 0 0 
1700 12885 12390 2 3699 29 4 0 0 0 
1800 12965 12349 0 4436 28 1 0 0 0 
1900 12927 12346 6 5113 36 0 0 0 0 
2000 12868 12331 3 6078 44 0 0 0 0 
2100 12964 12390 12 6963 45 1 0 0 0 
2200 12872 12279 3 7810 47 2 0 0 0 
2300 12938 12385 13 8830 188 415 0 0 0 
2400 12934 12492 34 9708 683 1363 0 0 0 
2500 12946 12532 69 10164 1282 2481 0 0 0 
2600 12927 12623 77 10258 1856 3518 2 0 0 
2700 13016 12818 83 10475 2645 4311 1 0 0 
2800 12952 12882 111 10584 4028 4977 1 0 0 
2900 12914 12877 115 10693 5473 5880 1 1 0 
3000 12966 12909 132 10906 6650 6852 3 1 0 
3100 12880 13069 176 11295 7613 7899 6 0 0 
3200 12902 13086 179 11390 8388 8530 5 1 0 
3300 12843 13174 173 11655 9276 9298 10 0 0 
3400 12873 13215 172 11807 9823 9749 5 1 0 
3500 12823 13266 169 12077 10199 10152 13 0 0 
3600 12730 13198 179 12294 10554 10556 7 0 0 
3700 12824 13311 209 12463 10842 10785 7 0 0 
3800 12843 13309 205 12670 10949 11074 8 0 0 
3900 12826 13258 201 12710 11091 11299 16 0 0 
4000 12968 13273 236 12836 11319 11470 13 0 0 
4100 12907 13293 214 12855 11287 11595 85 0 0 
4200 12899 13281 215 12882 11386 11491 442 0 0 
4300 12948 13303 236 12914 11356 11608 1084 0 0 
4400 12946 13324 228 12955 11488 11655 1778 1 0 
4500 12969 13395 207 12910 11480 11631 2759 0 0 
4600 12942 13330 230 12880 11441 11563 3751 0 0 
4700 13031 13350 199 12930 11478 11674 4777 2 0 
4800 12952 13417 228 12975 11467 11649 5764 0 0 
4900 13068 13383 228 12922 11451 11671 6794 0 0 
5000 12999 13419 255 13054 11577 11729 7709 0 0 
5100 13127 13475 235 13077 11512 11691 8526 0 0 
5200 13109 13454 226 13009 11540 11789 9298 0 0 
5300 13084 13535 234 12996 11479 11707 9873 0 0 
5400 13078 13454 197 12993 11517 11708 10337 2 0 
5500 13178 13521 214 13043 11611 11725 10845 0 0 
5600 13151 13456 196 13080 11753 11842 11067 0 0 
5700 13249 13415 190 13034 11597 11738 11386 3 0 
5800 13281 13394 189 12947 11520 11730 11812 0 0 
5900 13249 13352 165 12944 11478 11691 11978 0 0 
6000 13198 13443 205 13020 11643 11841 12178 1 0 
6100 13272 13407 198 12987 11587 11750 12242 0 0 
6200 13154 13351 205 12926 11530 11683 12207 0 0 
6300 13254 13469 215 13018 11593 11761 12328 0 0 
6400 13325 13473 169 13073 11675 11912 12207 0 0 
6500 13212 13443 189 13002 11517 11746 12256 0 0 
6600 13260 13435 198 13024 11595 11790 12378 3 0 
6700 13274 13456 185 13089 11649 11858 12302 1 0 
6800 13244 13419 188 13003 11634 11825 12122 0 0 
6900 13255 13418 172 13039 11649 11825 12249 0 0 
7000 13263 13394 222 12993 11530 11650 12309 1 0 
7100 13283 13444 190 13034 11567 11744 12269 0 0 
7200 13292 13459 171 13008 11687 11911 12292 0 0 
7300 13302 13449 183 13075 11647 11868 12338 0 0 
7400 13342 13464 189 13037 11601 11803 12413 0 0 
7500 13297 13469 200 13047 11611 11937 12366 0 103 
7600 13266 13431 187 13022 11102 11812 12292 0 499 
7700 13287 13522 194 13153 10521 11953 12336 0 1211 
7800 13204 13424 195 13067 9371 11802 12309 0 2064 
7900 13356 13437 197 13040 8555 11787 12372 0 2976 
8000 13352 13435 200 13038 8552 11777 12374 0 2969 
8100 13347 13438 201 13042 8551 11782 12371 0 2970 
8200 13349 13435 200 13044 8547 11781 12372 0 2971 
8300 13344 13435 197 13049 8548 11793 12358 0 2977 
8400 13347 13443 196 13058 8549 11798 12361 0 2978 
8500 13333 13439 194 13050 8550 11793 12352 0 2977 
8600 13340 13444 196 13057 8547 11802 12364 0 2986 
8700 13336 13439 194 13054 8537 11792 12360 0 2983 
8800 13306 13472 237 13132 7884 11763 12377 0 3675 
8900 13308 13473 237 13133 7881 11766 12364 0 3675 
9000 13344 13489 188 13110 6717 11726 12351 0 4771 
9100 13370 13435 236 13025 5779 11669 12368 0 5732 
9200 13282 13500 255 13105 5370 11736 12413 0 6720 
9300 13333 13524 284 13080 6681 11654 12477 0 7111 
9400 13280 13514 275 13127 8075 11782 12478 0 7499 
9500 13332 13479 279 13052 9463 11789 12494 0 7700 
9600 13377 13568 337 13153 10712 11892 12527 0 8059 
9700 13362 13445 308 13082 11660 11810 12539 0 8353 
9800 13367 13519 374 13126 12262 11857 12609 0 9094 
9900 13369 13483 379 13106 12487 11879 12636 0 9744 
10000 13380 13499 350 13097 12515 11841 12596 0 10253 
