# Avida tasks data
# Tue Apr 18 17:51:04 2023
# First column gives the current update, next columns give the number
# of organisms that have the particular task as a component of their merit
#  1: Update
#  2: Not
#  3: Nand
#  4: And
#  5: OrNot
#  6: Or
#  7: AndNot
#  8: Nor
#  9: Xor
# 10: Equals

0 0 0 0 0 0 0 0 0 0 
100 0 0 0 0 0 0 0 0 0 
200 0 0 0 0 0 0 0 0 0 
300 0 0 0 0 0 0 0 0 0 
400 0 0 0 0 0 0 0 0 0 
500 0 0 0 0 0 0 0 0 0 
600 0 0 0 0 0 0 0 0 0 
700 0 0 0 0 0 0 0 0 0 
800 0 0 0 0 0 0 0 0 0 
900 181 15 0 0 0 0 0 0 0 
1000 1116 237 0 0 0 0 0 0 0 
1100 3121 1687 0 1613 0 0 0 0 0 
1200 4633 3794 0 3716 4 0 0 0 0 
1300 6051 5656 0 5611 63 0 0 0 0 
1400 7380 7132 0 7179 237 1 0 0 0 
1500 8538 8233 95 8724 658 1 0 0 0 
1600 8972 8767 565 9688 1155 60 0 0 0 
1700 7606 9949 2339 10372 605 2230 0 0 0 
1800 6408 10523 4005 10887 862 3823 0 0 0 
1900 5920 10769 4640 11179 2688 4499 0 0 0 
2000 5514 11207 5395 11617 4243 5205 0 0 0 
2100 5056 11686 6303 12160 5701 6149 0 0 0 
2200 4512 12119 7345 12601 6927 7074 0 0 0 
2300 4192 12499 8220 12918 7959 7974 0 0 0 
2400 4490 12839 8927 13161 8764 8675 0 0 0 
2500 4878 13094 9828 13357 9430 9518 0 0 0 
2600 5370 13306 10477 13411 9954 10132 0 0 0 
2700 6212 13455 11033 13575 10492 10742 0 0 0 
2800 6778 13584 11380 13596 10644 10994 0 0 0 
2900 7539 13559 11669 13615 10921 11270 0 0 0 
3000 8224 13584 11929 13596 11184 11572 0 0 0 
3100 8771 13577 12020 13569 11273 11650 0 0 0 
3200 9507 13491 12261 13527 11513 11922 0 0 0 
3300 10342 13558 12336 13575 11575 11962 0 2 0 
3400 11062 13652 12404 13587 11730 12096 3 0 0 
3500 11613 13651 12466 13612 11755 12139 0 0 0 
3600 12114 13580 12560 13598 11857 12238 0 0 0 
3700 12266 13655 12703 13650 11939 12331 0 0 0 
3800 12532 13595 12595 13597 11844 12282 0 1 0 
3900 12611 13591 12635 13636 11885 12273 0 2 0 
4000 12706 13597 12633 13584 11949 12289 0 0 0 
4100 12841 13648 12664 13627 11881 12301 0 0 0 
4200 12781 13612 12644 13588 12013 12378 0 0 0 
4300 12732 13584 12671 13623 11931 12369 0 0 0 
4400 12755 13626 12689 13633 12047 12425 0 0 0 
4500 12815 13634 12665 13629 11997 12355 0 0 0 
4600 12807 13651 12685 13640 12037 12419 0 0 0 
4700 12803 13666 12675 13704 12015 12411 0 0 0 
4800 12780 13635 12726 13679 12008 12410 0 0 0 
4900 12748 13639 12585 13655 11948 12366 0 0 0 
5000 12834 13673 12702 13635 12030 12406 0 0 0 
5100 12797 13587 12609 13603 11960 12379 0 0 0 
5200 12794 13592 12691 13612 11964 12338 0 0 0 
