# Avida tasks data
# Tue Apr 18 12:59:18 2023
# First column gives the current update, next columns give the number
# of organisms that have the particular task as a component of their merit
#  1: Update
#  2: Not
#  3: Nand
#  4: And
#  5: OrNot
#  6: Or
#  7: AndNot
#  8: Nor
#  9: Xor
# 10: Equals

0 0 0 0 0 0 0 0 0 0 
100 0 0 0 0 0 0 0 0 0 
200 0 0 0 0 0 0 0 0 0 
300 0 0 0 0 0 0 0 0 0 
400 0 0 0 0 0 0 0 0 0 
500 0 0 0 0 0 0 0 0 0 
600 4 0 0 55 0 0 0 0 0 
700 1633 46 0 1848 4 0 0 0 0 
800 3491 302 0 4162 1172 0 0 0 0 
900 5507 817 0 6307 3201 2 0 0 0 
1000 7661 1788 0 8502 5497 12 0 0 0 
1100 8909 2669 0 9863 7204 19 0 0 0 
1200 9675 3420 0 10555 8319 37 24 0 0 
1300 10096 3401 647 10807 8865 34 560 0 0 
1400 10334 2976 1795 10903 9131 1175 751 0 1 
1500 10549 2303 2934 11017 9232 2719 458 0 0 
1600 10972 1696 4176 11223 9497 4112 219 0 1 
