# Avida tasks data
# Tue Apr 18 11:25:31 2023
# First column gives the current update, next columns give the number
# of organisms that have the particular task as a component of their merit
#  1: Update
#  2: Not
#  3: Nand
#  4: And
#  5: OrNot
#  6: Or
#  7: AndNot
#  8: Nor
#  9: Xor
# 10: Equals

0 0 0 0 0 0 0 0 0 0 
100 0 0 0 0 0 0 0 0 0 
200 0 0 0 0 0 0 0 0 0 
300 0 0 0 0 0 0 0 0 0 
400 0 0 0 0 0 0 0 0 0 
500 0 0 0 0 0 0 0 0 0 
600 0 0 0 0 0 0 0 0 0 
700 3 4 0 67 0 0 0 0 0 
800 118 20 3 565 531 0 0 0 0 
900 224 652 1 2357 2177 2 0 0 0 
1000 345 1841 0 3924 3771 10 0 0 0 
1100 521 3234 0 5686 5446 13 0 0 0 
1200 699 4534 0 6917 6697 32 0 0 0 
1300 769 5813 0 7947 7695 36 2 0 0 
1400 928 7387 2 8961 8645 47 3 0 0 
1500 1042 8455 2 9633 9247 78 2 0 0 
1600 1177 9170 0 10018 9560 93 0 0 0 
1700 1317 9842 3 10468 9974 120 0 0 0 
1800 1441 10501 0 10917 10440 111 0 0 0 
1900 1735 10972 0 11212 10727 121 7 0 0 
2000 1955 11591 0 11496 11022 157 52 0 0 
2100 2250 11867 3 11727 11202 147 300 0 0 
2200 2174 12155 12 11905 11409 665 407 0 0 
2300 2135 12357 16 11914 11532 2358 82 0 0 
2400 2498 12510 23 11919 11656 3543 51 0 0 
2500 3374 12592 40 11947 11664 4691 53 0 0 
2600 4093 12714 43 11982 11828 5649 91 0 0 
2700 5074 12916 40 11981 11922 6618 78 0 0 
2800 6014 12985 48 12019 12067 7212 90 0 0 
2900 7056 13062 60 12096 12142 7920 86 0 0 
3000 7988 13159 45 12111 12206 8571 112 0 0 
3100 8942 13148 41 12014 12160 9040 120 0 0 
3200 9431 13233 76 12101 12211 9505 143 0 0 
3300 9985 13313 69 12237 12320 10004 120 0 0 
3400 10480 13310 62 12212 12393 10297 133 0 0 
3500 10854 13265 66 12172 12509 10589 122 0 0 
3600 11407 13320 73 12142 12402 10802 117 0 0 
3700 11783 13488 89 12332 12484 11045 138 0 0 
3800 11943 13472 753 12190 12501 11067 132 0 0 
3900 12089 13371 1942 12376 12539 11246 126 0 0 
4000 12274 13417 3178 12323 12488 11269 135 0 0 
4100 12444 13437 4281 12359 12419 11219 127 0 2 
4200 12459 13525 5358 12431 12343 11341 214 0 0 
4300 12559 13410 6496 12515 12441 11481 982 0 0 
4400 12728 13210 7349 12626 12399 11466 1763 0 476 
4500 12717 13283 7883 12685 12320 11471 1254 0 1958 
4600 12645 13406 8452 12819 12227 11476 895 0 3314 
4700 11807 13497 7874 12810 11380 10659 696 0 4001 
4800 11137 12822 7223 12736 10653 9958 658 0 4127 
4900 10975 12541 7089 12762 10513 9824 632 0 4244 
5000 10839 12630 6966 12749 10384 9694 565 0 4357 
5100 10361 12601 6503 12774 9893 9210 531 0 4808 
5200 10127 12561 6258 12780 9635 8956 493 0 5036 
5300 10012 12565 6165 12764 9533 8850 480 0 5127 
5400 9685 12531 5865 12778 9237 8548 338 0 5314 
5500 9607 12531 5786 12793 9134 8464 337 0 5433 
5600 9456 12562 5645 12791 9002 8325 330 0 5538 
5700 9304 12539 5491 12770 8826 8160 324 0 5565 
5800 9127 12509 5341 12756 8671 8006 312 0 5558 
5900 9030 12516 5244 12727 8573 7911 302 0 5617 
6000 8671 12498 4899 12777 8203 7565 301 0 5925 
6100 8410 12482 4697 12783 7954 7328 300 0 6099 
6200 8367 12496 4677 12805 7919 7288 302 0 6170 
6300 8336 12457 4651 12794 7857 7221 298 0 6187 
6400 8251 12497 4577 12783 7755 7134 293 0 6232 
6500 8211 12495 4544 12796 7715 7094 293 0 6254 
6600 8111 12478 4460 12792 7632 7012 293 0 6298 
6700 8025 12478 4380 12805 7543 6926 297 0 6355 
6800 7945 12501 4317 12817 7488 6864 302 0 6393 
6900 7939 12510 4317 12824 7486 6864 299 0 6416 
7000 7878 12508 4273 12825 7426 6815 304 0 6432 
7100 7793 12503 4207 12847 7361 6749 310 0 6467 
7200 7695 12503 4120 12833 7244 6641 306 0 6558 
7300 7682 12521 4110 12832 7227 6627 296 0 6581 
7400 7695 12511 4109 12838 7231 6627 291 0 6581 
