# Avida tasks data
# Tue Apr 18 16:29:15 2023
# First column gives the current update, next columns give the number
# of organisms that have the particular task as a component of their merit
#  1: Update
#  2: Not
#  3: Nand
#  4: And
#  5: OrNot
#  6: Or
#  7: AndNot
#  8: Nor
#  9: Xor
# 10: Equals

0 0 0 0 0 0 0 0 0 0 
100 0 0 0 0 0 0 0 0 0 
200 0 0 0 0 0 0 0 0 0 
300 0 0 0 0 0 0 0 0 0 
400 0 0 0 0 0 0 0 0 0 
500 0 0 0 0 0 0 0 0 0 
600 0 0 0 0 0 0 0 0 0 
700 0 0 0 0 0 0 0 0 0 
800 26 0 0 0 0 0 0 0 0 
900 424 0 0 0 0 0 0 0 0 
1000 1205 28 0 0 0 0 0 0 0 
1100 2210 1245 4 1252 5 3 0 0 0 
1200 3671 2548 843 3399 12 10 0 0 0 
1300 4783 3967 2840 4783 5 36 0 0 0 
1400 5732 5538 4473 5956 4 46 0 0 0 
1500 6673 6847 5891 7077 4 53 0 0 0 
1600 7780 8015 7115 8165 2 72 0 0 0 
1700 8924 9381 8436 9442 1 84 0 0 0 
1800 10315 10844 9779 10937 2 122 0 0 0 
1900 11675 12287 11178 12412 4 177 0 0 0 
2000 12176 12841 11750 12994 4 253 0 0 0 
2100 12444 13068 12056 13212 0 339 0 0 0 
2200 12513 13151 12097 13258 0 523 0 0 0 
2300 12608 13318 12199 13332 4 720 0 0 0 
2400 12648 13291 12253 13351 1 926 0 0 0 
2500 12657 13287 12196 13286 3 1244 1 0 0 
2600 12760 13311 12295 13312 6 1502 1 0 0 
2700 12737 13301 12316 13279 5 1948 0 0 0 
2800 12732 13318 12293 13353 1 2402 0 0 0 
2900 12724 13308 12318 13345 1 2841 0 0 0 
3000 12780 13326 12400 13377 1 3406 1 0 0 
3100 12730 13303 12395 13331 4 3933 2 0 0 
3200 12780 13314 12437 13386 1 4336 0 0 0 
3300 12897 13361 12510 13438 6 4928 0 0 0 
3400 12915 13426 12542 13462 6 5437 0 0 0 
3500 12913 13346 12516 13507 10 5883 0 0 0 
3600 12844 13350 12555 13491 12 6304 1 0 0 
3700 12956 13462 12674 13481 15 7086 1 0 0 
3800 12905 13455 12697 13610 23 7589 2 2 0 
3900 12879 13373 12635 13473 8 7994 0 0 5 
4000 12983 13451 12775 13554 5 8516 0 0 4 
4100 12955 13463 12813 13577 7 8981 0 2 0 
4200 13019 13487 12882 13561 5 9433 4 0 0 
4300 13043 13461 12775 13607 9 9575 22 2 0 
4400 12893 13489 12819 13562 20 9821 91 0 0 
4500 12747 13531 12909 13669 16 10110 309 0 0 
4600 12533 13566 12808 13620 8 10215 538 0 0 
4700 12160 13537 12837 13625 17 10583 910 0 0 
4800 11915 13453 12741 13537 28 10791 1370 0 0 
4900 12338 13355 12568 13445 38 10851 2068 0 3 
5000 12831 13335 12404 13429 66 11046 2986 0 8 
5100 13095 13364 12341 13415 324 11300 4290 0 25 
5200 13130 13178 12080 13249 860 11425 5496 0 26 
5300 13199 13219 11964 13251 1452 11530 6580 0 17 
5400 13283 13064 11858 13166 2021 11655 7535 0 8 
5500 13288 13057 11692 13114 2701 11712 8564 0 2 
5600 13267 12988 11480 13036 3270 11746 9396 0 9 
5700 13295 12925 11377 12948 4117 11885 10290 0 4 
5800 13354 12945 11311 13017 4756 11922 10905 0 2 
5900 13346 12848 11244 12853 5473 11973 11417 18 5 
6000 13341 12868 11298 12934 6055 12099 11836 433 0 
6100 13311 12841 11188 12883 6406 12178 12245 1276 3 
6200 13393 12840 11201 12912 6416 12263 12732 2257 1 
6300 13367 12821 11072 12817 5972 12228 12822 3232 1 
6400 13347 12779 10980 12808 5330 12155 12873 4212 7 
6500 13344 12753 11011 12814 4866 12192 12844 5012 4 
6600 13320 12759 11098 12801 4306 12219 12799 5840 9 
6700 13338 12787 11060 12800 3538 12178 12786 6739 4 
6800 13316 12753 11030 12816 2831 12240 12825 7629 2 
6900 13290 12777 11019 12802 2129 12170 12776 8404 8 
7000 13322 12775 11038 12837 1690 12268 12812 8843 5 
7100 13283 12754 10997 12798 1319 12211 12784 9331 8 
7200 13252 12740 10907 12755 998 12143 12702 9544 4 
7300 13272 12677 10921 12794 783 12191 12752 9797 9 
7400 13234 12730 10952 12720 565 12181 12812 10069 4 
7500 13361 12833 11079 12886 367 12333 12921 10354 6 
7600 13265 12728 11024 12752 267 12118 12768 10434 7 
7700 13256 12613 10898 12697 170 12047 12741 10359 5 
7800 13281 12683 11007 12795 141 12152 12773 10506 9 
7900 13261 12639 10942 12744 195 12156 12784 10447 19 
8000 13315 12818 11094 12894 162 12208 12795 10557 11 
8100 13260 12677 10938 12763 139 12210 12718 10433 7 
8200 13301 12649 10954 12769 160 12183 12775 10484 19 
8300 13241 12679 11023 12778 168 12162 12743 10572 12 
8400 13284 12651 10918 12701 161 12132 12785 10383 9 
8500 13359 12749 10956 12855 154 12231 12900 10412 7 
8600 13293 12724 10923 12735 188 12110 12808 10425 8 
8700 13420 12741 11038 12775 181 12228 12860 10524 3 
8800 13362 12751 11068 12809 155 12236 12827 10603 4 
8900 13417 12774 10912 12830 177 12189 12887 10473 9 
9000 13319 12711 11038 12748 147 12217 12798 10540 3 
9100 13285 12693 10938 12707 190 12156 12719 10379 11 
9200 13436 12780 11076 12839 160 12303 12900 10606 1 
9300 13375 12780 11120 12839 184 12283 12868 10664 4 
9400 13291 12762 11039 12775 159 12274 12803 10552 5 
9500 13413 12839 11217 12924 156 12321 12890 10744 7 
9600 13425 12825 11112 12850 149 12200 12818 10649 10 
9700 13340 12896 11156 12896 139 12285 12910 10688 12 
9800 13387 12797 11136 12855 151 12285 12821 10687 8 
9900 13366 12800 11190 12829 165 12281 12842 10714 4 
10000 13319 12824 11176 12879 158 12282 12842 10662 10 
