# Avida tasks data
# Tue Apr 18 07:22:44 2023
# First column gives the current update, next columns give the number
# of organisms that have the particular task as a component of their merit
#  1: Update
#  2: Not
#  3: Nand
#  4: And
#  5: OrNot
#  6: Or
#  7: AndNot
#  8: Nor
#  9: Xor
# 10: Equals

0 0 0 0 0 0 0 0 0 0 
100 0 0 0 0 0 0 0 0 0 
200 0 0 0 0 0 0 0 0 0 
300 0 0 0 0 0 0 0 0 0 
400 0 0 0 0 0 0 0 0 0 
500 0 0 0 0 0 0 0 0 0 
600 0 0 0 0 0 0 0 0 0 
700 0 5 0 0 0 0 0 0 0 
800 3 17 0 0 0 0 0 0 0 
900 83 60 0 0 0 0 0 0 0 
1000 306 157 0 1 0 0 0 0 0 
1100 626 289 0 4 0 0 0 0 0 
1200 1081 601 0 108 49 0 0 0 0 
1300 3105 2034 7 2363 2352 20 2180 0 0 
1400 5132 4133 8 4426 4246 23 4010 0 0 
1500 6680 5638 8 6100 5839 20 5491 0 0 
1600 8132 7249 8 7682 7393 34 6969 0 0 
1700 9357 8485 8 9050 8696 28 8136 0 0 
1800 10230 9525 8 10070 9711 50 9069 0 0 
1900 10876 10320 5 10769 10382 51 9773 0 0 
2000 11482 10948 0 11432 11043 41 10446 0 0 
2100 11875 11370 0 11781 11400 55 10748 0 0 
2200 12049 11679 0 12010 11664 61 10958 0 0 
2300 12420 12014 0 12353 11958 46 11225 0 0 
2400 12596 12212 0 12596 12195 54 11521 0 0 
2500 12739 12363 0 12728 12315 58 11607 0 0 
2600 12883 12508 0 12815 12463 69 11674 0 0 
2700 12929 12365 0 12830 12417 94 11710 0 0 
2800 12826 12146 0 12811 12368 316 11668 0 0 
2900 12819 11643 0 12752 12391 1094 11787 0 0 
3000 12885 11690 5 12876 12428 2404 11757 0 0 
3100 12882 11844 6 12881 12399 3661 11726 0 0 
3200 12957 12103 9 12943 12557 5151 11867 0 0 
3300 12965 12077 10 12926 12507 6604 11774 0 0 
3400 13050 12240 19 13027 12525 7841 11784 0 0 
3500 13090 12297 29 12966 12486 8896 11744 0 0 
3600 13133 12317 17 13036 12575 10025 11737 0 0 
3700 13149 12457 8 13010 12537 10909 11834 0 0 
3800 13123 12613 17 13121 12674 11653 11953 0 0 
3900 13052 12728 6 13043 12534 12070 11740 0 0 
4000 13112 12807 17 13050 12675 12452 11849 0 0 
4100 13116 12799 7 13023 12517 12772 11766 0 0 
4200 13102 12818 6 13061 12546 12939 11841 0 0 
4300 13110 12841 13 13041 12636 13088 11900 0 0 
4400 13101 12877 12 13071 12537 13087 11777 0 0 
4500 13129 12893 10 13140 12645 13148 11889 0 0 
4600 13062 12858 15 13033 12558 13170 11817 0 0 
4700 13131 12880 13 13091 12586 13088 11805 0 0 
4800 13130 12884 17 13042 12655 13112 11895 0 0 
4900 13050 12932 12 13035 12571 13179 11829 0 0 
5000 13106 12958 8 13041 12594 13188 11901 0 0 
5100 13124 12834 12 13046 12627 13139 11873 0 0 
5200 13143 12892 9 13088 12538 13095 11827 0 0 
5300 13133 12890 13 13100 12603 13184 11960 0 0 
5400 13224 12926 10 13100 12691 13120 11915 0 0 
5500 13032 12962 17 12993 12565 13197 11840 0 0 
5600 13120 12909 14 13016 12527 13098 11832 0 0 
5700 13127 12991 16 13040 12576 13127 11811 0 0 
5800 13103 12955 11 13115 12658 13190 11934 0 0 
5900 13110 12945 11 13030 12606 13246 12030 0 0 
6000 13175 12947 7 13033 12619 13150 11964 0 0 
6100 13171 13063 9 13034 12621 13211 11885 0 0 
6200 13124 13021 4 13043 12657 13248 11900 0 0 
6300 13090 13079 1 13045 12614 13245 11978 0 0 
6400 13181 13003 14 13092 12728 13268 12034 0 0 
6500 13098 13049 15 13065 12651 13167 11919 0 0 
6600 13074 13027 9 13060 12532 13159 11915 0 0 
6700 13146 13102 6 13065 12640 13164 11959 0 0 
6800 13108 13143 10 13100 12633 13213 11953 0 0 
6900 13158 13131 10 13131 12718 13268 12036 0 0 
7000 13148 13118 17 13111 12715 13231 12095 0 0 
7100 13080 13136 4 13034 12685 13239 12057 0 0 
7200 13150 13130 10 13122 12686 13230 12043 0 0 
7300 13218 13265 14 13199 12772 13251 12156 0 0 
7400 13196 13165 11 13162 12786 13242 12194 0 0 
7500 13218 13163 7 13133 12719 13189 12157 0 0 
7600 13230 13179 9 13102 12786 13324 12222 0 0 
7700 13237 13129 3 13202 12755 13291 12206 0 0 
7800 13157 13200 10 13096 12720 13252 12160 0 0 
7900 13240 13197 14 13142 12774 13293 12216 0 0 
8000 13071 13148 10 13158 12757 13353 12123 0 0 
8100 13144 13226 10 13117 12708 13276 12101 0 0 
8200 13168 13137 6 13115 12744 13228 12146 0 0 
8300 13115 13240 7 13086 12716 13286 12166 0 0 
8400 13175 13245 9 13115 12766 13328 12221 0 0 
8500 13195 13180 7 13133 12739 13239 12174 0 0 
8600 13158 13178 18 13210 12805 13236 12244 0 0 
8700 13215 13271 17 13151 12763 13301 12199 0 0 
8800 13218 13226 9 13235 12840 13370 12276 0 0 
8900 13199 13173 12 13134 12765 13294 12198 0 0 
9000 13233 13187 10 13133 12743 13290 12181 0 0 
9100 13175 13209 14 13187 12859 13259 12290 0 0 
9200 13154 13275 13 13125 12882 13281 12301 0 0 
9300 13201 13270 10 13188 12872 13309 12224 0 0 
9400 13240 13136 14 13135 12783 13349 12161 0 0 
9500 13271 13144 14 13192 12815 13217 12215 0 0 
9600 13194 13156 10 13154 12804 13228 12163 0 0 
9700 13297 13193 13 13166 12834 13297 12201 0 0 
9800 13193 13132 11 13140 12791 13222 12174 0 0 
9900 13137 13237 4 13155 12764 13344 12242 0 0 
10000 13093 13182 18 13240 12761 13339 12228 0 0 
