# Avida tasks data
# Tue Apr 18 17:06:24 2023
# First column gives the current update, next columns give the number
# of organisms that have the particular task as a component of their merit
#  1: Update
#  2: Not
#  3: Nand
#  4: And
#  5: OrNot
#  6: Or
#  7: AndNot
#  8: Nor
#  9: Xor
# 10: Equals

0 0 0 0 0 0 0 0 0 0 
100 0 0 0 0 0 0 0 0 0 
200 0 0 0 0 0 0 0 0 0 
300 0 0 0 0 0 0 0 0 0 
400 0 0 0 0 0 0 0 0 0 
500 2 0 0 0 0 0 0 0 0 
600 204 0 0 0 0 0 0 0 0 
700 740 0 0 0 0 0 0 0 0 
800 1980 11 0 0 0 0 0 0 0 
900 3138 40 118 154 0 0 0 0 0 
1000 3113 42 273 293 1 4 0 0 0 
1100 3143 51 504 530 0 3 0 0 0 
1200 3202 67 714 724 1 3 0 0 0 
1300 3201 67 712 723 1 3 0 0 0 
1400 3201 67 712 723 1 3 0 0 0 
1500 3558 309 1119 1138 0 8 1 0 0 
1600 3604 224 1177 1225 0 6 3 0 0 
1700 3598 226 1193 1290 0 7 5 0 0 
1800 4529 324 2104 2318 0 12 4 0 0 
1900 5316 888 2875 3186 1 18 6 0 0 
2000 5706 1071 3249 3617 1 27 9 0 0 
2100 6155 1230 3732 4142 2 32 9 0 0 
2200 6538 1271 4125 4544 1 44 6 0 0 
2300 6872 1316 4424 4895 0 36 10 0 0 
2400 7005 1582 4572 5073 0 33 8 0 0 
2500 7025 1427 4549 5075 0 33 8 0 0 
2600 7028 1440 4562 5097 0 32 8 0 0 
2700 7051 1418 4574 5135 0 32 8 0 0 
2800 7024 1346 4546 5124 0 35 10 0 0 
2900 7019 1282 4565 5112 1 33 13 0 0 
3000 6994 1253 4509 5114 0 33 11 0 0 
3100 7033 1240 4530 5173 0 34 11 0 0 
3200 7042 1239 4583 5188 0 30 9 0 0 
3300 7063 1254 4599 5194 4 31 10 0 0 
3400 7050 1223 4602 5184 1 30 10 0 0 
3500 7029 1292 4661 5230 2 32 9 0 0 
3600 6928 1607 4661 5225 1 56 9 0 0 
3700 6884 1753 4638 5219 1 61 9 0 0 
3800 6940 1895 4659 5249 1 58 9 0 0 
3900 7157 2100 4804 5450 20 59 9 0 0 
4000 7358 2336 4936 5683 16 57 9 0 0 
4100 7442 2423 4801 5766 13 58 9 0 0 
4200 7476 2465 4713 5804 5 61 9 0 0 
4300 7575 2587 4684 5919 5 60 9 0 0 
4400 7701 2751 4684 6088 5 60 9 0 0 
4500 7758 2831 4683 6172 5 59 9 0 0 
4600 7866 2944 4683 6286 7 60 9 0 0 
4700 7940 3047 4683 6385 8 62 9 0 0 
4800 8037 3142 4682 6491 7 60 9 0 0 
4900 8157 3267 4682 6613 5 59 9 0 0 
5000 8280 3388 4682 6735 6 59 9 0 0 
5100 8407 3512 4682 6861 11 59 9 0 0 
