# Avida tasks data
# Tue Apr 18 09:06:23 2023
# First column gives the current update, next columns give the number
# of organisms that have the particular task as a component of their merit
#  1: Update
#  2: Not
#  3: Nand
#  4: And
#  5: OrNot
#  6: Or
#  7: AndNot
#  8: Nor
#  9: Xor
# 10: Equals

0 0 0 0 0 0 0 0 0 0 
100 0 0 0 0 0 0 0 0 0 
200 0 0 0 0 0 0 0 0 0 
300 0 0 0 0 0 0 0 0 0 
400 0 0 0 0 0 0 0 0 0 
500 0 0 0 0 0 0 0 0 0 
600 0 0 0 0 0 0 0 0 0 
700 19 0 0 0 0 0 0 0 0 
800 39 4 0 2 0 0 0 0 0 
900 107 74 0 23 0 0 0 0 0 
1000 270 586 0 593 0 0 0 0 0 
1100 601 1917 0 1923 686 6 0 0 0 
1200 2095 3208 0 3249 2422 8 0 0 0 
1300 3164 4006 0 4334 3745 50 331 0 0 
1400 3377 4248 4 5458 4837 50 1389 0 0 
1500 3342 4846 0 6523 5810 35 2480 0 0 
1600 3334 5692 4 7321 6727 37 3421 0 0 
1700 3632 6470 11 8055 7435 52 4253 0 0 
1800 4176 7242 26 8809 8133 70 5093 0 0 
1900 4796 8070 4 9659 8923 72 5932 0 0 
2000 5469 9043 5 10448 9737 108 6855 0 0 
2100 6192 9932 43 11256 10386 112 7667 0 0 
2200 6865 10725 224 11978 11085 128 8537 0 0 
2300 7131 11307 244 12505 11614 546 9338 0 0 
2400 7227 11621 242 12599 11713 1355 9828 0 0 
2500 7183 11852 168 12680 12006 2684 10337 0 0 
2600 7131 11999 163 12862 12124 4039 10648 0 0 
2700 7265 11992 536 12875 12069 5086 10719 0 0 
2800 7437 12087 1336 12848 12159 6043 10919 0 0 
2900 7726 12183 2184 12839 12189 6764 11064 0 0 
3000 8125 12093 2913 12761 12167 7406 11174 0 0 
3100 8597 12294 3839 12818 12204 8035 11289 0 0 
3200 8928 12186 4672 12791 12254 8738 11380 0 0 
3300 9114 12229 5374 12847 12240 9318 11445 0 0 
3400 9410 12256 6057 12754 12245 9947 11429 0 0 
3500 9821 12300 6954 12726 12313 10477 11530 0 0 
3600 10114 12384 7661 12750 12305 10979 11558 0 0 
3700 10500 12355 8341 12778 12373 11430 11750 0 0 
3800 10885 12376 9020 12774 12467 11772 11853 0 0 
3900 11138 12403 9560 12672 12409 12193 11845 0 0 
4000 11307 12454 9882 12741 12509 12411 11998 0 0 
4100 11444 12438 10240 12726 12444 12505 11936 0 0 
4200 11545 12414 10563 12746 12446 12567 11909 0 0 
4300 11773 12505 10939 12798 12511 12707 11999 0 0 
4400 11885 12607 11013 12745 12498 12683 12037 0 0 
4500 12236 12669 11240 12783 12654 12690 12142 0 0 
4600 12328 12638 11340 12646 12528 12630 12109 0 0 
4700 12482 12682 11630 12818 12572 12688 12122 0 0 
4800 12444 12693 11721 12639 12491 12637 11981 0 0 
4900 12509 12697 11803 12584 12506 12563 12005 0 1 
5000 12675 12724 12043 12601 12572 12648 12096 0 0 
5100 12746 12759 12086 12654 12459 12645 12031 0 0 
5200 12699 12710 12065 12655 12456 12563 12014 0 0 
5300 12754 12757 11974 12723 12450 12651 11977 0 0 
5400 12763 12730 12030 12746 12474 12651 12019 0 0 
5500 12776 12695 12021 12583 12437 12690 11960 0 0 
5600 12915 12762 12102 12697 12510 12699 12069 0 0 
5700 12853 12874 12126 12662 12580 12645 12097 0 0 
5800 12969 12857 12080 12688 12606 12655 12161 0 0 
5900 12814 12830 12062 12635 12611 12598 12177 0 0 
6000 12855 12726 12088 12707 12589 12666 12107 0 0 
6100 12770 12655 12089 12678 12641 12669 12180 0 0 
6200 12892 12679 12070 12679 12602 12662 12127 0 0 
6300 12775 12749 12064 12666 12682 12577 12099 0 0 
6400 12851 12834 12183 12679 12558 12668 12100 0 0 
6500 12947 12854 12200 12694 12546 12679 12125 0 0 
6600 12956 12836 12252 12744 12633 12737 12182 0 0 
6700 12922 12844 12182 12728 12541 12630 12043 0 0 
6800 12937 12805 12083 12642 12543 12626 12070 0 0 
6900 12898 12798 12197 12713 12547 12654 12080 0 0 
7000 12905 12754 12163 12668 12501 12659 12000 0 0 
7100 12828 12732 12076 12618 12569 12620 12103 0 0 
7200 12866 12800 12139 12728 12670 12706 12206 0 0 
7300 12927 12900 12182 12694 12541 12694 12119 0 0 
7400 12815 12867 12164 12661 12521 12634 12069 0 0 
7500 12932 12869 12165 12609 12488 12692 12048 0 0 
7600 12964 12758 12210 12704 12631 12754 12238 0 0 
7700 13003 12810 12266 12788 12594 12736 12142 0 0 
7800 12983 12770 12122 12733 12541 12701 12090 0 0 
7900 13038 12840 12186 12734 12563 12780 12145 0 0 
8000 13011 12918 12181 12746 12600 12752 12173 0 0 
8100 13057 12853 12138 12674 12604 12664 12204 0 0 
8200 12970 12838 12167 12679 12630 12818 12227 0 0 
8300 13074 12904 12247 12791 12652 12763 12255 0 0 
8400 13002 12720 12223 12726 12610 12686 12184 0 0 
8500 13047 12873 12196 12738 12630 12733 12186 0 0 
8600 13084 12856 12136 12687 12595 12705 12204 0 0 
8700 12879 12851 12260 12738 12688 12747 12235 0 0 
8800 12959 12850 12312 12790 12756 12867 12317 0 0 
8900 13015 13017 12263 12773 12695 12726 12232 0 0 
9000 12984 12879 12104 12708 12599 12660 12245 0 0 
9100 13002 12883 12256 12708 12626 12694 12213 0 0 
9200 12952 12868 12078 12639 12548 12756 12141 0 0 
9300 13048 12958 12309 12806 12705 12865 12250 0 0 
9400 13069 13127 12218 12666 12644 12779 12275 0 0 
9500 13009 12977 12310 12852 12640 12873 12280 0 0 
9600 12870 12951 12268 12792 12683 12821 12241 0 0 
9700 12918 13043 12188 12689 12640 12709 12297 0 0 
9800 12957 13073 12234 12737 12603 12796 12177 0 0 
9900 12929 13022 12196 12715 12677 12808 12247 0 0 
10000 12898 13063 12311 12850 12704 12861 12348 0 0 
