# Avida tasks data
# Tue Apr 18 10:54:14 2023
# First column gives the current update, next columns give the number
# of organisms that have the particular task as a component of their merit
#  1: Update
#  2: Not
#  3: Nand
#  4: And
#  5: OrNot
#  6: Or
#  7: AndNot
#  8: Nor
#  9: Xor
# 10: Equals

0 0 0 0 0 0 0 0 0 0 
100 0 0 0 0 0 0 0 0 0 
200 0 0 0 0 0 0 0 0 0 
300 0 0 0 0 0 0 0 0 0 
400 0 0 0 0 0 0 0 0 0 
500 0 0 0 0 0 0 0 0 0 
600 6 0 0 0 0 0 0 0 0 
700 47 2 0 0 0 0 0 0 0 
800 107 16 0 6 0 0 0 0 0 
900 347 222 0 547 0 0 0 0 0 
1000 929 1023 629 1790 6 90 0 0 0 
1100 456 663 2567 3246 1708 2017 0 1 0 
1200 306 809 4293 4815 3376 3710 0 0 0 
1300 258 1116 5726 6223 4751 5124 0 0 0 
1400 244 1632 6620 7088 5727 6020 0 1 0 
1500 220 2084 7438 7938 6596 6968 0 2 0 
1600 267 2841 8161 8563 7261 7609 0 2 0 
1700 274 3447 8595 9024 7750 8075 2 0 0 
1800 329 4075 9258 9665 8468 8840 1 0 2 
1900 444 4860 9663 10112 8840 9216 12 7 1 
2000 722 5484 10042 10470 9221 9651 18 18 0 
2100 997 6224 10541 10859 9636 10099 32 19 0 
2200 1230 6574 10970 11336 10013 10472 412 25 0 
2300 1430 6421 11072 11482 10159 10677 1231 39 0 
2400 1450 6108 11220 11609 10298 10792 2151 16 0 
2500 1740 5984 11387 11745 10510 10988 2924 10 1 
2600 2011 5975 11575 11923 10639 11138 3719 8 0 
2700 2374 5993 11560 11903 10634 11145 4398 27 4 
2800 2912 6298 11737 12082 10744 11303 5112 92 57 
2900 2771 6421 11710 11993 10653 11147 5286 150 1241 
3000 4077 7543 11761 12021 10736 11239 5787 150 2200 
3100 4930 8181 11768 12020 10752 11231 6223 150 2981 
3200 5744 8711 11827 12047 10831 11302 6718 149 3741 
3300 6378 9122 11921 12128 10927 11438 7164 149 4365 
3400 6943 9519 11891 12090 10921 11401 7435 149 4881 
3500 7444 9868 12051 12219 11108 11572 7953 145 5661 
3600 8007 10297 12186 12329 11287 11701 8421 138 6328 
3700 8433 10508 12183 12379 11277 11771 8621 131 6589 
3800 8716 10704 12329 12473 11391 11891 8861 130 6991 
3900 8190 10035 12433 12502 11552 12036 8418 124 7715 
4000 8145 9553 12450 12613 11518 12007 9445 126 8386 
4100 7992 9159 12473 12712 11583 12079 9882 122 8577 
4200 7762 8814 12436 12731 11558 12053 9967 123 8620 
4300 7766 8814 12436 12731 11554 12049 9965 123 8620 
4400 7603 8565 12430 12783 11552 12032 10051 132 8672 
4500 7374 8247 12401 12779 11490 11941 9994 128 8689 
4600 7199 8316 12392 12781 11451 11969 10070 123 8783 
4700 7168 8627 12403 12791 11473 11985 10157 126 8852 
4800 7157 8759 12418 12770 11492 11982 10213 122 8944 
4900 7071 8885 12460 12796 11533 12027 10367 124 9117 
5000 7014 8994 12373 12719 11445 11933 10429 123 9152 
5100 6941 9032 12406 12780 11486 11981 10579 127 9380 
5200 6804 9133 12387 12843 11448 11940 10637 137 9449 
5300 6648 9080 12332 12861 11391 11881 10633 137 9535 
5400 6489 9354 12376 12902 11385 11877 10715 150 9681 
5500 6325 9399 12401 12856 11437 11906 10804 154 9789 
5600 6226 9295 12329 12852 11311 11811 10782 163 9794 
5700 6057 9352 12283 12882 11333 11829 10793 162 9875 
5800 5926 9385 12275 12905 11321 11807 10751 148 9905 
5900 5745 9293 12369 12956 11393 11860 10805 161 10068 
6000 5540 9403 12331 12940 11310 11779 10797 205 10112 
6100 5373 9399 12329 12961 11259 11786 10695 204 10149 
6200 5167 9365 12317 12947 11309 11799 10779 181 10226 
6300 4961 9460 12289 12995 11286 11773 10806 199 10365 
6400 4791 9503 12286 13032 11287 11732 10852 190 10438 
6500 4580 9496 12295 13039 11357 11827 10838 134 10593 
6600 4426 9557 12306 13038 11350 11835 10836 131 10697 
6700 4338 9601 12357 13131 11417 11924 10936 135 10803 
6800 4338 9601 12357 13131 11417 11924 10936 135 10803 
6900 4338 9601 12357 13131 11417 11924 10936 135 10803 
7000 4338 9601 12357 13131 11417 11924 10936 135 10803 
7100 4341 9599 12355 13132 11415 11921 10934 135 10801 
7200 4343 9597 12356 13133 11414 11920 10934 135 10802 
7300 4343 9597 12356 13132 11414 11920 10934 135 10802 
7400 4260 9611 12336 13068 11434 11905 10838 124 10847 
7500 4152 9663 12265 13114 11341 11845 10767 117 10851 
7600 4136 9643 12282 13118 11336 11855 10785 115 10862 
7700 4126 9659 12300 13136 11360 11866 10770 112 10878 
7800 3872 9664 12252 13076 11258 11799 10741 121 10912 
7900 3692 9695 12189 13095 11255 11734 10753 111 10936 
8000 3503 9757 12142 13129 11237 11733 10813 134 11062 
8100 3380 9691 12096 13102 11150 11598 10668 136 11055 
8200 3148 9708 12180 13107 11285 11714 10738 103 11294 
8300 2961 9742 12215 13164 11297 11742 10719 92 11368 
8400 2817 9777 12285 13173 11336 11796 10744 92 11465 
8500 2662 9772 12236 13192 11347 11782 10781 93 11469 
8600 2464 9800 12298 13168 11358 11844 10821 86 11583 
8700 2376 9787 12218 13187 11249 11737 10676 74 11474 
8800 2239 9962 12375 13237 11486 11931 10811 80 11735 
8900 2166 9973 12297 13203 11387 11841 10721 74 11651 
9000 2108 9877 12239 13200 11329 11773 10761 90 11655 
9100 1974 9999 12276 13198 11279 11760 10660 117 11632 
9200 1916 10000 12264 13253 11270 11757 10717 127 11709 
9300 1876 10056 12318 13294 11266 11741 10749 168 11794 
9400 1897 9954 12278 13275 11184 11689 10572 174 11738 
9500 1903 9931 12250 13231 11165 11669 10518 174 11720 
9600 1900 9961 12264 13193 11159 11660 10495 191 11727 
9700 1908 9956 12276 13201 11173 11674 10499 186 11741 
9800 1909 9931 12260 13051 11153 11664 10444 183 11713 
9900 1902 9888 12266 12977 11153 11664 10411 181 11713 
10000 1902 9888 12265 12977 11152 11663 10411 181 11712 
