# Avida tasks data
# Tue Apr 18 13:16:19 2023
# First column gives the current update, next columns give the number
# of organisms that have the particular task as a component of their merit
#  1: Update
#  2: Not
#  3: Nand
#  4: And
#  5: OrNot
#  6: Or
#  7: AndNot
#  8: Nor
#  9: Xor
# 10: Equals

0 0 0 0 0 0 0 0 0 0 
100 0 0 0 0 0 0 0 0 0 
200 0 0 0 0 0 0 0 0 0 
300 0 0 0 0 0 0 0 0 0 
400 0 0 0 0 0 0 0 0 0 
500 0 0 0 0 0 0 0 0 0 
600 0 40 0 37 0 0 0 0 0 
700 107 13 0 1173 0 0 0 0 0 
800 468 58 0 2450 0 173 0 0 0 
900 973 981 1917 4242 0 2247 0 0 0 
1000 1999 2573 4104 6160 768 4519 4 0 0 
1100 3280 3836 4917 6666 2252 5310 21 2 0 
1200 4811 5202 6018 7510 3950 6465 23 0 0 
1300 6523 6967 7239 8695 5865 7829 29 4 0 
1400 7907 8365 8400 9645 7441 9000 45 1 0 
1500 9291 9624 9308 10502 8831 9949 39 3 0 
1600 10557 10759 10376 11451 10064 11104 71 0 0 
1700 11355 11551 11133 12111 10796 11781 46 0 0 
