# Avida tasks data
# Tue Apr 18 07:39:09 2023
# First column gives the current update, next columns give the number
# of organisms that have the particular task as a component of their merit
#  1: Update
#  2: Not
#  3: Nand
#  4: And
#  5: OrNot
#  6: Or
#  7: AndNot
#  8: Nor
#  9: Xor
# 10: Equals

0 0 0 0 0 0 0 0 0 0 
100 0 0 0 0 0 0 0 0 0 
200 0 0 0 0 0 0 0 0 0 
300 0 0 0 0 0 0 0 0 0 
400 0 0 0 0 0 0 0 0 0 
500 0 8 0 9 0 0 0 0 0 
600 3 28 0 141 0 0 0 0 0 
700 18 526 0 614 0 1 0 0 0 
800 75 1733 6 1550 0 1000 0 0 0 
900 174 2990 32 2742 1212 2402 2 0 0 
1000 689 4649 47 4473 3000 4008 15 0 0 
1100 1797 6442 77 6176 4714 5631 27 0 0 
1200 3116 8220 336 7920 6528 7362 42 0 0 
1300 4145 9408 759 9063 7543 8400 88 2 0 
1400 4711 10353 1237 9980 8489 9186 273 0 0 
1500 5064 11024 1526 10649 8991 9771 1435 0 0 
1600 5822 11516 1609 11035 9340 10211 2717 0 0 
1700 6756 11975 1462 11465 9665 10652 3893 0 0 
1800 7465 12358 1264 11836 9961 11013 4916 0 0 
1900 8233 12587 1125 11944 10072 11115 5690 0 0 
2000 9145 12786 981 12197 10295 11356 6594 0 0 
2100 9817 12832 816 12221 10280 11408 7463 0 0 
2200 10335 12910 640 12302 10257 11439 8105 0 0 
2300 10938 13039 470 12419 10366 11610 8821 0 0 
2400 11263 13087 307 12449 10438 11648 9221 0 0 
2500 11454 13235 208 12566 10546 11800 9629 0 0 
2600 11728 13300 190 12662 10565 11806 9771 0 0 
2700 11912 13362 160 12734 10621 11890 9932 0 0 
2800 12038 13505 143 12813 10775 12015 10021 0 0 
2900 12116 13549 142 12932 10896 12132 10218 0 1 
3000 12152 13566 142 12827 10704 12016 10055 0 0 
3100 12195 13587 130 12894 10896 12070 10202 0 0 
3200 12183 13442 115 12879 10698 12002 10042 0 0 
3300 12059 13447 131 12844 10798 12027 10144 0 1 
3400 12043 13500 135 12866 10815 11978 10128 2 2 
3500 12063 13568 136 12899 10795 12060 10136 0 1 
3600 12040 13469 127 12785 10709 12006 10041 1 1 
3700 12034 13503 105 12858 10757 12026 10124 0 0 
3800 12080 13555 94 12936 10865 12175 10246 0 0 
3900 12251 13484 129 12904 10850 12084 10262 0 0 
4000 12242 13529 124 12911 10843 12108 10159 0 0 
4100 12111 13515 143 12808 10711 11956 10118 4 4 
4200 12205 13486 94 12851 10843 12121 10209 0 0 
4300 12236 13489 120 12895 10881 12084 10176 2 2 
4400 12227 13491 123 12891 10923 12089 10271 0 0 
4500 12291 13513 130 12895 10805 12028 10192 0 2 
4600 12294 13580 144 12902 10840 12111 10191 0 0 
4700 12216 13587 110 12895 10921 12103 10270 0 0 
4800 12141 13500 153 12852 10882 12006 10253 0 0 
4900 12221 13543 120 12957 10947 12138 10365 0 0 
5000 12243 13559 127 13000 10946 12114 10318 0 0 
5100 12274 13572 103 12938 10924 12172 10330 4 4 
5200 12072 13552 136 12860 10792 12024 10168 0 0 
5300 12205 13513 132 12905 10927 12054 10291 0 0 
5400 12073 13432 106 12935 10914 12089 10347 1 1 
5500 12233 13554 107 12913 10928 12069 10282 1 2 
5600 12179 13540 136 12987 10946 12188 10399 0 0 
5700 12326 13589 122 13028 11076 12228 10454 0 0 
5800 12336 13586 90 12933 10972 12093 10360 0 2 
5900 12318 13542 134 12892 10872 12112 10298 1 1 
6000 12389 13544 148 12908 10933 12026 10355 2 4 
6100 12163 13506 218 12934 10977 12134 10372 2 4 
6200 11991 13555 349 12992 11016 12140 10435 0 0 
6300 11913 13653 454 12978 11115 12241 10529 1 1 
6400 11865 13536 574 12944 11049 12140 10490 1 0 
6500 11547 13560 731 13008 11057 12197 10459 0 0 
6600 11255 13654 991 13013 11109 12156 10504 0 0 
6700 10908 13627 1384 12950 11064 12137 10544 1 1 
6800 10642 13597 1782 12930 11044 12146 10483 1 0 
6900 10285 13606 2179 12919 10946 12080 10337 2 3 
7000 10163 13641 2390 12993 11017 12190 10446 0 0 
7100 9566 13680 2844 12967 11047 12226 10479 0 0 
7200 9488 13722 3134 13058 11139 12280 10535 0 0 
7300 9190 13710 3489 13105 11183 12280 10589 2 0 
7400 8718 13726 3893 13052 11150 12279 10566 0 0 
7500 8104 13731 4500 13033 11086 12291 10559 0 0 
7600 7631 13716 5002 13022 11129 12274 10583 0 0 
7700 7087 13755 5704 13023 11058 12298 10487 0 0 
7800 6646 13794 6173 13129 11128 12289 10523 0 1 
7900 6064 13747 6786 12996 11081 12236 10557 0 0 
8000 5488 13768 7361 12936 11137 12294 10576 0 0 
8100 4916 13735 8123 12955 11124 12265 10606 0 0 
8200 4399 13742 8653 12919 11028 12224 10481 0 0 
8300 3931 13748 9120 12967 11100 12260 10536 0 2 
8400 3591 13785 9655 12976 11043 12219 10468 0 0 
8500 3301 13731 10025 12955 11105 12249 10502 0 0 
8600 3047 13779 10323 13024 11158 12292 10622 0 2 
8700 2858 13676 10758 12881 10948 12102 10430 0 0 
8800 2853 13748 11128 12902 10988 12132 10407 0 1 
8900 3017 13716 11275 12988 11136 12321 10619 0 0 
9000 3147 13747 11504 13042 11233 12318 10672 0 0 
9100 3421 13754 11552 13012 11220 12336 10622 1 1 
9200 3591 13755 11734 12971 11108 12211 10504 0 0 
9300 3869 13716 12036 13064 11294 12330 10674 0 0 
9400 4275 13726 12051 13033 11189 12347 10594 1 1 
9500 4756 13754 12082 12982 11115 12281 10535 0 0 
9600 5231 13752 12115 13016 11165 12296 10642 0 1 
9700 5675 13731 12171 13031 11139 12279 10607 0 0 
9800 6204 13741 12107 13041 11242 12286 10660 0 2 
9900 6718 13760 12297 13000 11153 12261 10506 1 1 
10000 7243 13754 12180 13000 11253 12271 10665 0 0 
