# Avida tasks data
# Tue Apr 18 17:10:04 2023
# First column gives the current update, next columns give the number
# of organisms that have the particular task as a component of their merit
#  1: Update
#  2: Not
#  3: Nand
#  4: And
#  5: OrNot
#  6: Or
#  7: AndNot
#  8: Nor
#  9: Xor
# 10: Equals

0 0 0 0 0 0 0 0 0 0 
100 0 0 0 0 0 0 0 0 0 
200 0 0 0 0 0 0 0 0 0 
300 0 0 0 0 0 0 0 0 0 
400 0 0 0 0 0 0 0 0 0 
500 0 0 0 0 0 0 0 0 0 
600 0 0 0 0 0 0 0 0 0 
700 8 0 0 0 0 0 0 0 0 
800 847 0 0 0 0 0 0 0 0 
900 2475 0 0 39 0 0 0 0 0 
1000 3762 36 0 1120 0 0 0 0 0 
1100 4648 97 7 2010 3 4 0 0 0 
1200 5440 95 21 2836 7 3 0 0 0 
1300 6290 158 25 3632 14 4 0 0 0 
1400 7043 153 22 4479 16 8 1 0 0 
1500 7929 143 19 5248 29 9 2 0 0 
1600 8813 273 14 6038 25 16 0 0 0 
1700 9458 675 12 6732 37 13 0 0 0 
1800 9885 1335 22 7345 29 7 0 0 0 
1900 10116 1476 844 7658 17 1125 0 5 0 
2000 10533 1018 2839 8405 18 3161 0 0 0 
2100 10877 1777 4550 8999 15 4612 2 0 0 
2200 11254 3996 6002 9582 16 5913 0 0 0 
