# Avida tasks data
# Tue Apr 18 16:47:03 2023
# First column gives the current update, next columns give the number
# of organisms that have the particular task as a component of their merit
#  1: Update
#  2: Not
#  3: Nand
#  4: And
#  5: OrNot
#  6: Or
#  7: AndNot
#  8: Nor
#  9: Xor
# 10: Equals

0 0 0 0 0 0 0 0 0 0 
100 0 0 0 0 0 0 0 0 0 
200 0 0 0 0 0 0 0 0 0 
300 0 0 0 0 0 0 0 0 0 
400 0 0 0 0 0 0 0 0 0 
500 0 1 0 0 0 0 0 0 0 
600 0 147 0 0 0 0 0 0 0 
700 271 485 60 0 0 0 0 0 0 
800 408 1243 1283 147 0 0 0 0 0 
900 1303 1634 1698 979 0 8 0 0 0 
1000 2413 2386 2235 1800 1 16 0 0 0 
1100 3318 2994 2801 2570 0 34 2 0 0 
1200 4254 3844 3621 3499 0 24 11 0 0 
1300 5562 5033 4724 4766 1 32 6 0 0 
1400 7074 6388 5971 6053 0 35 4 0 0 
1500 8948 8044 7525 7736 1 90 13 0 0 
1600 10554 9538 8999 9192 1 82 13 0 0 
1700 11876 10750 10077 10234 1 101 13 0 0 
1800 12773 11461 10828 11093 6 95 6 0 0 
1900 13084 11821 11176 11406 6 107 136 0 0 
2000 13284 11952 11258 11609 4 131 852 0 0 
2100 13391 11970 11356 11511 10 98 1807 0 0 
2200 13432 12138 11418 11625 8 100 2868 0 0 
2300 13415 12080 11328 11532 9 102 3623 0 1 
2400 13472 12197 11426 11618 10 92 4550 0 0 
2500 13457 12089 11369 11462 11 118 5435 0 1 
2600 13476 12065 11331 11505 19 122 6314 0 0 
2700 13546 12128 11364 11550 28 115 7254 0 0 
2800 13521 12102 11368 11480 116 100 7902 0 0 
2900 13483 12062 11357 11407 148 103 8590 0 1 
3000 13542 12204 11527 11508 280 103 9359 0 1 
3100 13536 12149 11498 11562 420 87 9827 0 0 
3200 13517 12103 11459 11453 661 113 10112 0 1 
3300 13475 12091 11530 11475 963 113 10447 0 0 
3400 13522 12054 11432 11392 1281 120 10541 0 2 
3500 13509 12021 11372 11437 1597 181 10753 0 0 
3600 13595 12191 11505 11543 2054 257 11014 0 23 
3700 13486 12083 11440 11395 2453 365 11005 0 93 
3800 13543 12051 11444 11250 2861 588 11022 0 228 
3900 13604 12080 11523 11052 3081 673 11042 0 327 
4000 13468 12049 11510 11151 3517 835 11063 0 425 
4100 13534 12116 11541 11792 3322 840 11108 0 1703 
4200 13524 12072 11507 12113 2751 861 11085 0 3296 
4300 13502 12136 11649 12424 2245 896 11178 0 4751 
4400 13500 12303 11814 12657 1701 891 11290 0 6067 
4500 13487 12231 11689 12790 1306 848 11176 0 7114 
4600 13519 12334 11834 13068 960 770 10832 0 8193 
4700 13441 12381 11871 13117 696 699 10014 0 8872 
4800 13489 12311 11792 13180 531 647 9053 0 9139 
4900 13426 12421 11896 13242 357 570 8979 2 9616 
5000 13435 12402 11941 13281 325 550 9575 2 9740 
5100 13412 12413 11942 13301 313 546 9770 1 9755 
5200 13437 12483 11997 13280 310 519 10073 0 9927 
5300 13420 12494 12030 13342 312 541 10223 0 9908 
5400 13479 12495 12004 13410 303 530 10495 0 9957 
5500 13502 12424 11925 13405 200 516 10771 0 9988 
5600 13440 12379 11904 13411 77 382 10880 1 10375 
5700 13401 12334 11731 13354 56 185 10833 0 10421 
5800 13294 12358 11761 13370 61 137 10895 0 10553 
5900 13313 12467 11905 13444 59 114 11002 0 10735 
6000 13298 12459 11940 13493 44 97 11115 0 10831 
6100 13346 12480 12006 13537 46 95 11219 0 10892 
6200 13326 12503 12010 13511 43 104 11315 0 10884 
6300 13297 12616 12170 13549 31 85 11376 0 10953 
6400 13272 12575 12097 13467 28 117 11389 0 10869 
6500 13281 12545 12145 13474 18 100 11452 0 10958 
6600 13306 12578 12183 13559 25 117 11512 0 10905 
6700 13301 12698 12265 13589 35 95 11694 0 11108 
6800 13315 12571 12184 13518 32 96 11498 0 10922 
6900 13272 12594 12152 13480 32 110 11465 1 10914 
7000 13332 12669 12233 13543 23 93 11573 0 10964 
7100 13316 12715 12271 13539 33 88 11599 0 11024 
7200 13394 12571 12156 13502 36 99 11535 0 10951 
7300 13298 12614 12277 13534 30 101 11567 0 11009 
7400 13378 12637 12267 13601 22 83 11570 0 11023 
7500 13340 12631 12238 13444 37 104 11563 0 10871 
7600 13451 12638 12300 13537 24 97 11588 0 11028 
7700 13424 12752 12349 13616 22 78 11645 0 11070 
7800 13417 12635 12186 13494 26 88 11538 0 10870 
7900 13375 12577 12198 13557 37 107 11526 0 10949 
8000 13371 12647 12221 13522 19 80 11605 0 11023 
8100 13382 12555 12211 13478 22 77 11596 0 10940 
8200 13419 12579 12178 13478 21 90 11540 0 10917 
8300 13358 12604 12201 13505 24 101 11609 0 10971 
8400 13515 12597 12202 13508 36 100 11511 0 10917 
8500 13525 12658 12216 13525 32 78 11607 0 10947 
8600 13551 12689 12247 13531 32 80 11648 0 11045 
8700 13478 12639 12210 13479 36 93 11544 0 11003 
8800 13365 12552 12150 13470 35 97 11501 0 10852 
8900 13475 12612 12245 13512 23 94 11626 0 11065 
9000 13528 12633 12243 13492 26 118 11547 1 10919 
9100 13528 12603 12182 13489 23 88 11559 0 10970 
9200 13436 12598 12194 13535 24 98 11565 0 10974 
9300 13434 12649 12159 13439 37 74 11607 0 10928 
9400 13448 12632 12232 13493 37 100 11657 0 10992 
9500 13473 12600 12216 13463 27 109 11548 0 10917 
9600 13478 12637 12201 13521 39 95 11652 0 11000 
9700 13406 12565 12172 13454 28 104 11516 0 10880 
9800 13495 12643 12300 13475 35 105 11576 0 10982 
9900 13450 12568 12068 13432 44 103 11542 0 10870 
10000 13430 12611 12199 13476 22 74 11573 0 10987 
