# Avida tasks data
# Tue Apr 18 15:52:58 2023
# First column gives the current update, next columns give the number
# of organisms that have the particular task as a component of their merit
#  1: Update
#  2: Not
#  3: Nand
#  4: And
#  5: OrNot
#  6: Or
#  7: AndNot
#  8: Nor
#  9: Xor
# 10: Equals

0 0 0 0 0 0 0 0 0 0 
100 0 0 0 0 0 0 0 0 0 
200 0 0 0 0 0 0 0 0 0 
300 0 0 0 0 0 0 0 0 0 
400 0 0 0 0 0 0 0 0 0 
500 0 0 0 0 0 0 0 0 0 
600 0 0 0 0 0 0 0 0 0 
700 6 0 0 0 0 0 0 0 0 
800 158 2 0 0 0 0 0 0 0 
900 429 33 0 0 0 0 0 0 0 
1000 963 110 0 180 4 0 0 0 0 
1100 1957 1036 0 1490 397 0 0 0 0 
1200 3331 751 0 3432 2520 2430 26 0 0 
1300 5140 2389 0 5119 4324 4228 44 0 0 
1400 6454 4237 0 6430 5659 5465 63 0 0 
1500 7687 5911 0 7625 6812 6535 98 0 0 
1600 8824 7446 0 8646 7798 7501 95 0 0 
1700 10027 9094 0 9899 9067 8768 107 0 0 
1800 10849 10230 0 10807 9891 9584 116 0 0 
1900 11510 11049 0 11506 10634 10202 134 0 0 
2000 11897 11658 0 11996 11086 10686 126 0 0 
2100 12299 12240 14 12372 11454 11042 124 0 0 
2200 12670 12691 16 12750 11837 11459 141 0 0 
2300 12941 13075 17 12981 12107 11679 135 0 0 
2400 13013 13264 46 12968 12077 11744 155 0 0 
2500 13056 13309 122 13112 12185 11818 238 0 0 
2600 13078 13316 139 13082 12192 11776 301 0 0 
2700 13119 13204 265 13018 12236 11861 450 0 0 
2800 13091 13125 334 13110 12188 11835 563 0 0 
2900 13060 13005 445 13111 12265 11858 634 0 0 
3000 13033 12883 580 13120 12315 11860 888 0 0 
3100 13093 12929 642 13070 12243 11812 1161 0 0 
3200 13049 13061 1012 13080 12233 11833 1291 0 0 
3300 13010 13217 1838 12976 12134 11610 1503 0 0 
3400 13030 13266 2798 12989 12298 11847 1370 0 0 
3500 13080 13251 3863 13030 12174 11755 1393 0 0 
3600 13063 13148 4877 13022 12165 11761 1250 0 0 
3700 13116 13235 6055 13089 12281 11897 1079 0 0 
3800 13045 13109 7031 12951 12126 11745 924 0 0 
3900 13181 13056 8101 13034 12234 11860 666 0 0 
4000 13157 13077 9091 13021 12274 11831 563 0 0 
4100 13159 12912 10003 13049 12222 11904 434 0 2 
4200 13136 13015 10878 13042 12220 11891 293 0 0 
4300 13093 12825 11342 13002 12136 11790 222 0 0 
4400 13092 12863 11830 12945 12136 11823 150 0 0 
4500 13152 12912 12384 13009 12219 11951 169 0 0 
4600 13130 12955 12660 13000 12182 11852 154 0 0 
4700 13082 12954 12767 13001 12211 11881 175 0 0 
4800 13217 12929 12779 13003 12330 12014 146 0 0 
4900 13242 12987 12831 13045 12281 12026 155 0 0 
5000 13132 12916 12767 13090 12204 11958 153 0 0 
5100 13200 13066 12858 13100 12309 11989 156 0 0 
5200 13251 13012 12901 13094 12349 12051 148 0 0 
5300 13251 13021 12930 13102 12405 12067 113 0 0 
5400 13266 13035 12939 13176 12385 12120 147 1 0 
5500 13233 13116 12926 13118 12313 12018 142 0 0 
5600 13270 12971 12871 13106 12344 12019 150 0 0 
5700 13217 13039 12930 13062 12349 11978 156 0 0 
5800 13242 12959 12848 13110 12262 11986 159 0 0 
5900 13257 13014 12926 13166 12302 12106 149 0 0 
6000 13270 13006 12906 13168 12394 12200 125 0 0 
6100 13262 12968 12892 13148 12308 12046 169 0 0 
6200 13275 13077 12982 13140 12407 12118 146 0 0 
6300 13262 13016 12934 13126 12436 12195 136 0 0 
6400 13244 13006 12931 13116 12332 12032 128 0 0 
6500 13287 13024 12908 13185 12430 12112 142 0 0 
6600 13318 13041 12952 13134 12336 12012 151 0 0 
6700 13303 12984 12936 13180 12398 12092 131 0 0 
6800 13314 13034 12922 13215 12483 12220 133 0 0 
6900 13241 13050 12890 13172 12385 12104 132 0 0 
7000 13288 13149 12999 13212 12435 12099 167 0 0 
7100 13302 13049 12930 13230 12503 12193 141 0 0 
7200 13334 13059 12882 13139 12465 12164 118 0 0 
7300 13343 13079 12937 13212 12469 12175 154 0 0 
7400 13338 13030 12893 13236 12433 12163 177 0 0 
7500 13319 13086 12995 13213 12489 12185 123 0 0 
7600 13421 13081 12919 13227 12545 12222 107 0 0 
7700 13308 13042 12951 13211 12467 12180 126 0 0 
7800 13304 13001 12894 13174 12477 12195 100 0 0 
7900 13293 13119 12964 13130 12412 12138 133 0 0 
8000 13320 13142 12974 13150 12357 12101 135 0 0 
8100 13341 13095 12937 13202 12393 12125 154 0 0 
8200 13334 13054 12887 13254 12511 12223 134 0 0 
8300 13358 12991 12838 13205 12500 12180 137 0 0 
8400 13306 13040 12926 13091 12378 12046 131 0 0 
8500 13348 13079 12965 13163 12393 12109 128 0 0 
8600 13334 13085 12927 13170 12471 12190 137 0 0 
8700 13333 13149 12995 13186 12484 12189 116 0 0 
8800 13341 13114 13003 13161 12424 12138 125 0 0 
8900 13462 13023 12929 13261 12545 12310 133 0 0 
9000 13370 13013 12846 13143 12468 12165 109 0 0 
9100 13385 13041 12880 13217 12566 12284 139 0 0 
9200 13373 13073 12982 13211 12515 12206 129 0 0 
9300 13359 13094 12989 13196 12580 12180 114 0 0 
9400 13450 13033 12908 13189 12483 12203 138 0 0 
9500 13408 13083 12918 13183 12513 12217 123 0 0 
9600 13463 13067 12974 13173 12547 12234 134 0 0 
9700 13424 13056 12943 13119 12463 12181 140 0 0 
9800 13435 13020 12904 13137 12465 12132 121 0 0 
9900 13414 13026 12958 13152 12481 12171 134 0 0 
10000 13513 13060 12940 13234 12549 12267 123 0 0 
