# Avida tasks data
# Tue Apr 18 15:51:09 2023
# First column gives the current update, next columns give the number
# of organisms that have the particular task as a component of their merit
#  1: Update
#  2: Not
#  3: Nand
#  4: And
#  5: OrNot
#  6: Or
#  7: AndNot
#  8: Nor
#  9: Xor
# 10: Equals

0 0 0 0 0 0 0 0 0 0 
100 0 0 0 0 0 0 0 0 0 
200 0 0 0 0 0 0 0 0 0 
300 0 0 0 0 0 0 0 0 0 
400 0 0 0 0 0 0 0 0 0 
500 0 0 0 0 0 0 0 0 0 
600 6 0 0 0 0 0 0 0 0 
700 128 39 0 0 0 0 0 0 0 
800 556 173 0 7 0 0 0 0 0 
900 710 331 0 35 0 0 0 0 0 
1000 941 1016 0 462 2 1 0 0 0 
1100 1070 1085 0 556 3 1 0 0 0 
1200 2292 2423 22 1889 14 4 0 0 0 
1300 2934 3075 387 2639 15 12 0 0 0 
1400 3335 3463 738 3006 13 16 0 0 0 
1500 3837 4005 1234 3542 12 11 0 0 0 
1600 3948 4124 1374 3656 13 19 2 0 0 
1700 3949 4125 1376 3657 13 19 2 0 0 
1800 4036 4237 1465 3765 15 22 2 0 0 
1900 4678 4920 2082 4460 17 35 2 0 0 
2000 5057 5149 2452 4849 16 33 2 0 0 
2100 5338 5402 2718 5168 21 41 2 0 0 
2200 5459 5506 2853 5300 17 36 2 0 0 
2300 5789 5812 3240 5710 16 31 2 0 0 
2400 6130 6140 3598 6105 21 29 2 0 0 
