# Avida tasks data
# Tue Apr 18 15:24:13 2023
# First column gives the current update, next columns give the number
# of organisms that have the particular task as a component of their merit
#  1: Update
#  2: Not
#  3: Nand
#  4: And
#  5: OrNot
#  6: Or
#  7: AndNot
#  8: Nor
#  9: Xor
# 10: Equals

0 0 0 0 0 0 0 0 0 0 
100 0 0 0 0 0 0 0 0 0 
200 0 0 0 0 0 0 0 0 0 
300 0 0 0 0 0 0 0 0 0 
400 0 0 0 0 0 0 0 0 0 
500 2 31 0 0 0 0 0 0 0 
600 10 262 0 1 0 0 0 0 0 
700 70 730 0 9 0 0 0 0 0 
800 41 1260 1 14 0 0 0 0 0 
900 55 2135 0 23 0 0 0 0 0 
1000 35 2333 5 56 0 315 0 0 0 
1100 35 2334 5 56 0 316 0 0 0 
1200 35 2333 5 56 0 315 0 0 0 
1300 35 2334 5 56 0 316 0 0 0 
1400 35 2333 5 56 0 315 0 0 0 
1500 35 2333 5 56 0 315 0 0 0 
1600 34 2333 5 56 0 316 0 0 0 
1700 34 2333 5 56 0 316 0 0 0 
1800 34 2334 5 56 0 317 0 0 0 
1900 34 2333 5 56 0 315 0 0 0 
2000 34 2333 5 56 0 315 0 0 0 
2100 34 2333 5 56 0 316 0 0 0 
2200 33 2331 5 56 0 314 0 0 0 
2300 33 2332 5 56 0 315 0 0 0 
2400 33 2332 5 58 0 315 0 0 0 
2500 33 2333 5 58 0 316 0 0 0 
2600 33 2332 5 58 0 315 0 0 0 
2700 33 2333 5 58 0 316 0 0 0 
2800 33 2332 5 58 0 315 0 0 0 
2900 33 2332 5 58 0 315 0 0 0 
3000 33 2330 5 57 0 313 0 0 0 
3100 33 2332 5 57 0 315 0 0 0 
3200 33 2332 5 56 0 315 0 0 0 
3300 33 2332 5 56 0 315 0 0 0 
3400 33 2332 5 56 0 315 0 0 0 
3500 33 2332 5 56 0 315 0 0 0 
3600 33 2332 5 56 0 315 0 0 0 
3700 33 2334 5 58 0 317 0 0 0 
3800 35 2333 5 60 0 317 0 0 0 
3900 35 2333 5 60 0 317 0 0 0 
4000 35 2333 5 60 0 317 0 0 0 
4100 34 2349 6 52 0 434 0 0 0 
4200 34 2349 6 52 0 434 0 0 0 
4300 34 2348 6 52 0 435 0 0 0 
4400 35 2349 6 52 0 436 0 0 0 
4500 35 2348 6 52 0 435 0 0 0 
4600 35 2348 6 52 0 435 0 0 0 
4700 83 2651 10 58 0 1102 1 0 0 
4800 83 2652 10 58 0 1103 1 0 0 
4900 83 2652 10 58 0 1103 1 0 0 
5000 83 2651 10 58 0 1102 1 0 0 
5100 83 2651 10 58 0 1102 1 0 0 
5200 83 2651 10 58 0 1102 1 0 0 
5300 83 2651 10 58 0 1102 1 0 0 
5400 83 2652 10 58 0 1103 1 0 0 
5500 83 2651 10 58 0 1102 1 0 0 
5600 83 2651 10 58 0 1102 1 0 0 
5700 83 2652 10 58 0 1103 1 0 0 
5800 83 2652 10 58 0 1103 1 0 0 
5900 117 2835 14 62 0 1337 0 0 0 
6000 117 2835 14 62 0 1337 0 0 0 
6100 117 2835 14 62 0 1337 0 0 0 
6200 117 2834 14 62 0 1336 0 0 0 
6300 117 2834 14 62 0 1336 0 0 0 
6400 117 2834 14 62 0 1336 0 0 0 
6500 117 2835 14 62 0 1337 0 0 0 
6600 117 2834 14 62 0 1336 0 0 0 
6700 117 2835 14 62 0 1337 0 0 0 
6800 117 2835 14 62 0 1337 0 0 0 
6900 117 2835 14 62 0 1337 0 0 0 
7000 117 2834 14 62 0 1336 0 0 0 
7100 117 2834 14 62 0 1336 0 0 0 
7200 117 2834 14 62 0 1336 0 0 0 
7300 117 2835 14 62 0 1337 0 0 0 
7400 117 2835 14 62 0 1337 0 0 0 
7500 117 2834 14 62 0 1336 0 0 0 
7600 117 2834 14 62 0 1336 0 0 0 
7700 117 2835 14 62 0 1337 0 0 0 
7800 117 2835 14 62 0 1337 0 0 0 
7900 117 2835 14 62 0 1335 0 0 0 
8000 117 2835 14 62 0 1335 0 0 0 
8100 117 2835 14 62 0 1335 0 0 0 
8200 117 2835 14 62 0 1335 0 0 0 
8300 117 2835 14 62 0 1335 0 0 0 
8400 117 2835 14 62 0 1335 0 0 0 
8500 140 3215 14 71 0 1753 0 0 0 
8600 140 3216 14 71 0 1754 0 0 0 
8700 140 3216 14 71 0 1755 0 0 0 
8800 140 3214 14 71 0 1753 0 0 0 
8900 140 3215 14 71 0 1752 0 0 0 
9000 139 3214 14 71 0 1749 0 0 0 
9100 139 3214 14 71 0 1747 0 0 0 
9200 139 3214 14 71 0 1744 0 0 0 
9300 139 3214 14 71 0 1745 0 0 0 
9400 205 3711 18 85 0 2410 0 0 0 
9500 260 4156 25 146 0 2924 1 0 0 
9600 259 4155 25 146 0 2923 1 0 0 
9700 259 4155 25 146 0 2923 1 0 0 
9800 259 4156 25 146 0 2924 1 0 0 
9900 259 4156 25 146 0 2924 1 0 0 
10000 260 4157 25 148 0 2921 1 0 0 
