# Avida tasks data
# Tue Apr 18 09:47:47 2023
# First column gives the current update, next columns give the number
# of organisms that have the particular task as a component of their merit
#  1: Update
#  2: Not
#  3: Nand
#  4: And
#  5: OrNot
#  6: Or
#  7: AndNot
#  8: Nor
#  9: Xor
# 10: Equals

0 0 0 0 0 0 0 0 0 0 
100 0 0 0 0 0 0 0 0 0 
200 0 0 0 0 0 0 0 0 0 
300 0 0 0 0 0 0 0 0 0 
400 0 0 0 0 0 0 0 0 0 
500 0 0 0 0 0 0 0 0 0 
600 0 0 0 0 0 0 0 0 0 
700 0 0 0 0 0 0 0 0 0 
800 5 2 0 0 0 0 0 0 0 
900 23 42 0 0 0 0 0 0 0 
1000 60 121 0 54 0 0 0 0 0 
1100 148 1519 6 1692 0 1575 5 0 0 
1200 203 3615 238 3387 1372 2195 1370 1 470 
1300 891 4347 255 3760 1937 2278 2105 1423 1598 
1400 2261 5482 296 4799 2807 2476 3360 2615 2691 
1500 2844 6866 343 6013 4358 3062 4695 3780 3855 
1600 2796 7034 344 6115 4523 3164 4798 3880 3959 
1700 2802 7127 353 6217 4616 3237 4946 3987 4068 
1800 2779 7202 337 6307 4768 3328 5003 4105 4189 
1900 2876 7555 369 6562 5104 3627 5374 4339 4392 
2000 3325 8601 417 7390 5903 4735 6239 5039 5113 
2100 3597 9242 445 7929 6380 5815 6886 5545 5648 
2200 4105 9330 432 8005 6314 6529 6961 5615 5711 
2300 4887 9599 464 8239 6626 7401 7310 5980 6111 
2400 5931 9941 499 8528 6954 8143 7761 6296 6433 
2500 6505 10230 489 8655 7237 8666 8138 6609 6747 
2600 7278 10609 448 8891 7627 9119 8563 6961 7139 
2700 8151 10936 451 9094 8024 9672 8974 7350 7547 
2800 9006 11448 398 9504 8513 10251 9495 7863 8015 
2900 9803 11849 390 9756 8814 10707 9890 8208 8354 
3000 10400 12287 401 10115 9172 11159 10312 8592 8736 
3100 10855 12438 457 10277 9329 11371 10459 8748 8924 
3200 11301 12735 400 10387 9559 11667 10756 8865 9109 
3300 11799 12895 440 10612 9816 11938 11115 9162 9340 
3400 12144 13235 419 10887 10052 12103 11278 9370 9579 
3500 12518 13277 441 11055 10337 12376 11635 9671 9829 
3600 12536 13426 406 11050 10329 12341 11548 9742 9925 
3700 12527 13540 372 11066 10498 12443 11750 9884 10081 
3800 12472 13433 436 10951 10393 12342 11620 9735 9976 
3900 12522 13550 396 11146 10431 12477 11720 9796 10000 
4000 12557 13540 424 11042 10235 12470 11781 9782 9965 
4100 12544 13483 423 11028 10226 12433 11766 9764 9958 
4200 12539 13533 435 11038 10178 12399 11757 9839 10067 
4300 12670 13560 432 11052 9720 12450 11691 9730 9966 
4400 12533 13492 447 10910 9134 12364 11629 9676 9877 
4500 12515 13500 400 10950 9089 12326 11657 9722 9969 
4600 12498 13507 419 10975 9072 12345 11679 9730 9944 
4700 12505 13473 450 10920 8967 12308 11622 9636 9844 
4800 12488 13421 437 10972 8420 12367 11695 9707 9914 
4900 12524 13521 444 11008 7963 12342 11630 9657 9864 
5000 12373 13504 397 11041 7646 12347 11738 9782 9957 
5100 12517 13418 410 10904 6913 12296 11601 9582 9820 
5200 12469 13546 412 11032 6481 12368 11749 9774 10012 
5300 12610 13501 405 11017 5832 12317 11693 9777 9964 
5400 12604 13447 450 10977 5215 12274 11656 9680 9886 
5500 12625 13466 639 10806 4555 12222 11628 9593 9747 
5600 10541 13479 643 10750 3741 12169 11567 9495 9740 
5700 9919 13518 520 9526 3521 12153 11597 9398 9721 
5800 8955 13509 412 8080 3213 12204 11515 9332 9859 
5900 7341 13527 415 6572 2761 11232 11371 9236 9920 
6000 6221 13535 361 5610 2443 9812 11470 9265 10151 
6100 5100 13531 366 4564 1996 8160 11539 9168 10234 
6200 4285 13573 306 3843 1527 6999 11674 9322 10515 
6300 3464 13552 287 3013 1045 5809 11625 9262 10574 
6400 2870 13601 287 2461 742 4934 11711 9341 10807 
6500 2361 13593 265 1970 482 4145 11603 9295 10797 
6600 2138 13541 248 1732 318 3785 11567 9248 10861 
6700 1963 13527 247 1545 247 3508 11672 9393 10933 
