# Avida tasks data
# Tue Apr 18 10:10:40 2023
# First column gives the current update, next columns give the number
# of organisms that have the particular task as a component of their merit
#  1: Update
#  2: Not
#  3: Nand
#  4: And
#  5: OrNot
#  6: Or
#  7: AndNot
#  8: Nor
#  9: Xor
# 10: Equals

0 0 0 0 0 0 0 0 0 0 
100 0 0 0 0 0 0 0 0 0 
200 0 0 0 0 0 0 0 0 0 
300 0 0 0 0 0 0 0 0 0 
400 0 0 0 0 0 0 0 0 0 
500 0 0 0 0 0 0 0 0 0 
600 0 0 0 0 0 0 0 0 0 
700 0 0 0 0 0 0 0 0 0 
800 2 0 0 0 0 0 0 0 0 
900 27 2 0 0 0 0 0 0 0 
1000 148 8 0 15 0 0 0 0 0 
1100 313 43 0 192 29 0 0 0 0 
1200 593 415 34 708 418 299 0 0 0 
1300 923 2066 13 3059 2593 2328 2 0 0 
1400 1738 4344 679 4952 4220 4186 683 0 0 
1500 1210 5952 2939 5909 5114 5611 2929 0 0 
1600 654 7197 4781 6902 6178 6827 4883 0 0 
1700 486 8374 6277 7925 7251 7939 6351 0 0 
1800 577 9623 7611 8889 8279 9092 7746 0 0 
1900 775 10592 8610 9805 9016 9972 8721 0 0 
2000 971 11321 9480 10486 9762 10682 9668 0 0 
2100 1429 11917 10177 11056 10355 11300 10325 0 0 
2200 2003 12220 10430 11336 10552 11535 10588 0 0 
2300 2531 12517 10752 11649 10801 11875 10923 0 0 
2400 3106 12808 11017 11916 11062 12058 11212 0 0 
2500 3634 12954 11141 12085 11110 12208 11306 0 0 
2600 4340 13077 11231 12206 11257 12417 11496 0 0 
2700 5137 13260 11374 12374 11444 12561 11638 0 0 
2800 5867 13343 11556 12483 11570 12614 11721 0 0 
2900 6749 13423 11639 12480 11613 12682 11817 0 0 
3000 7571 13477 11609 12536 11578 12782 11867 0 0 
3100 8172 13373 11571 12560 11613 12710 11781 0 0 
3200 8701 13371 11504 12516 11501 12731 11742 1 0 
3300 9371 13439 11582 12574 11683 12756 11827 0 0 
3400 9880 13497 11547 12565 11642 12792 11854 0 0 
3500 10465 13508 11647 12666 11695 12816 11914 0 0 
3600 10895 13462 11490 12554 11564 12732 11774 0 0 
3700 11286 13519 11628 12651 11658 12694 11846 0 0 
3800 11643 13452 11589 12578 11657 12776 11934 0 0 
3900 12061 13404 11588 12586 11649 12709 11830 0 0 
4000 12304 13498 11679 12603 11695 12800 11931 0 0 
4100 12283 13476 11626 12584 11632 12610 11800 0 0 
4200 12186 13481 11635 12635 11591 12777 11869 0 0 
4300 12299 13448 11601 12597 11578 12791 11910 0 0 
4400 12252 13463 11618 12595 11695 12720 11854 0 0 
4500 12268 13484 11581 12661 11638 12692 11821 0 0 
4600 12190 13501 11499 12539 11588 12645 11741 0 0 
4700 12358 13458 11635 12633 11644 12824 11873 0 1 
4800 12218 13442 11679 12633 11683 12753 11887 0 0 
4900 12318 13519 11557 12639 11619 12805 11891 0 0 
5000 12331 13476 11663 12637 11683 12838 11945 1 0 
5100 12279 13492 11695 12615 11658 12828 11964 0 0 
5200 12351 13533 11644 12647 11730 12849 11997 1 0 
5300 12314 13518 11706 12671 11634 12751 11879 0 0 
5400 12325 13411 11662 12624 11653 12732 11884 0 0 
5500 12482 13463 11771 12661 11751 12825 11965 0 0 
5600 12453 13498 11742 12641 11708 12821 11964 0 1 
5700 12447 13519 11711 12626 11731 12858 12035 0 0 
5800 12414 13498 11771 12681 11781 12808 12017 0 0 
5900 12527 13524 11793 12747 11813 12893 12016 0 2 
6000 12524 13480 11729 12642 11737 12856 12035 0 0 
6100 12462 13478 11743 12704 11774 12815 11966 0 0 
6200 12451 13517 11837 12723 11804 12793 12007 1 0 
6300 12475 13501 11784 12665 11822 12847 12043 0 0 
6400 12467 13521 11712 12634 11714 12795 11997 0 2 
6500 12466 13512 11802 12678 11750 12856 12059 0 2 
6600 12503 13484 11792 12641 11702 12840 11965 0 0 
6700 12530 13511 11887 12707 11803 12895 12071 0 0 
6800 12638 13487 11806 12752 11794 12806 12067 0 0 
6900 12629 13553 11879 12799 11872 12945 12137 0 0 
7000 12473 13523 11829 12702 11734 12879 12062 0 0 
7100 12729 13456 11893 12752 11826 12894 12135 0 0 
7200 12639 13563 11962 12799 11948 12946 12156 0 0 
7300 12660 13508 11855 12740 11891 12920 12090 0 0 
7400 12631 13507 11748 12680 11703 12894 12068 0 0 
7500 12624 13532 11924 12728 11831 12938 12153 0 0 
7600 12815 13646 11976 12854 11966 13020 12224 0 2 
7700 12583 13539 11985 12771 11918 12943 12127 0 0 
7800 12726 13546 11973 12781 11955 12965 12190 0 0 
7900 12577 13558 11941 12796 11928 12929 12172 0 0 
8000 12689 13565 11918 12757 11876 12949 12216 0 0 
8100 12683 13581 11994 12746 11881 12995 12226 2 0 
8200 12637 13522 11890 12704 11913 12949 12184 0 0 
8300 12672 13550 11969 12768 11968 12925 12174 0 0 
8400 12636 13538 11921 12806 11976 12987 12268 0 172 
8500 12585 13507 10865 12726 11929 12948 12158 0 1092 
8600 12628 13569 9552 12776 11892 12992 12185 0 2324 
8700 12621 13550 8090 12841 11849 12959 12150 0 3682 
8800 11059 13590 7036 12842 11915 12978 12099 3 4795 
8900 8735 13530 5820 12780 11810 12941 12004 1 5853 
9000 7071 13551 4776 12735 11758 12848 11973 2 6861 
9100 5673 13543 3829 12716 11719 12897 11974 3 7686 
9200 5613 13487 3806 12693 11685 11876 11980 2 7720 
9300 5601 13467 3801 12696 11679 11647 11996 2 7726 
9400 5605 13413 3935 12703 11296 11831 11856 2 7723 
