# Avida tasks data
# Tue Apr 18 06:56:23 2023
# First column gives the current update, next columns give the number
# of organisms that have the particular task as a component of their merit
#  1: Update
#  2: Not
#  3: Nand
#  4: And
#  5: OrNot
#  6: Or
#  7: AndNot
#  8: Nor
#  9: Xor
# 10: Equals

0 0 0 0 0 0 0 0 0 0 
100 0 0 0 0 0 0 0 0 0 
200 0 0 0 0 0 0 0 0 0 
300 0 0 0 0 0 0 0 0 0 
400 0 0 0 0 0 0 0 0 0 
500 0 0 0 0 0 0 0 0 0 
600 0 0 0 0 0 0 0 0 0 
700 0 0 0 0 0 0 0 0 0 
800 0 6 0 0 0 0 0 0 0 
900 19 50 0 0 0 0 0 0 0 
1000 186 186 0 32 0 5 0 0 0 
1100 377 593 0 385 0 20 0 0 0 
1200 639 1497 3 1246 0 49 0 0 0 
1300 1223 1960 268 2303 131 413 0 0 0 
1400 2376 2223 383 3455 79 1807 45 0 0 
1500 2794 2822 342 4308 176 2932 126 0 0 
1600 3468 3439 227 5111 194 3888 241 0 0 
1700 4177 4173 186 5834 269 4703 330 0 0 
1800 4718 4978 187 6533 382 5597 373 0 0 
1900 5245 5636 126 7054 488 6118 555 0 0 
2000 5438 6489 81 7756 952 6442 1023 0 0 
2100 4707 6923 73 8104 2177 5870 2136 0 0 
2200 3934 7459 72 8462 3663 4748 3682 0 0 
2300 3898 8176 64 9002 4936 4138 4910 0 0 
2400 4504 8701 66 9431 6023 3655 5774 0 0 
2500 5050 9099 74 9783 6929 3254 6570 0 0 
2600 5350 9747 69 10216 7970 2795 7503 0 0 
2700 5910 10230 27 10837 9054 2432 8677 0 0 
2800 6476 10574 14 11323 9862 2398 9480 0 0 
2900 6591 10373 19 11465 10261 2743 9950 0 0 
3000 6621 10298 38 11707 10607 3259 10376 0 0 
3100 6394 10323 104 11795 10834 4065 10615 0 0 
3200 6633 9631 557 11927 11027 4963 10765 0 0 
3300 7510 8396 1864 12032 11197 5748 11039 0 0 
3400 8172 7515 3038 12031 11244 6415 11117 0 0 
3500 8963 7102 4344 12183 11389 7159 11280 0 0 
3600 9661 7122 5427 12120 11481 7702 11407 0 0 
3700 10382 7097 6584 12190 11769 8371 11631 0 0 
3800 10944 7055 7387 12082 11891 8883 11819 2 0 
3900 11421 7394 8279 12252 12129 9583 12029 0 0 
4000 11785 7830 8777 12330 12271 9981 12195 0 0 
4100 11970 8387 9061 12223 12246 10120 12153 0 0 
4200 12338 8929 9641 12411 12412 10501 12302 0 0 
4300 12592 9293 10163 12468 12478 10783 12435 0 0 
4400 12885 9887 10483 12432 12502 11002 12426 0 0 
4500 12957 10243 10651 12447 12487 11078 12365 0 0 
4600 13168 10696 10890 12428 12426 11244 12270 0 0 
4700 13204 11058 11205 12503 12542 11473 12417 3 0 
4800 13149 11451 11340 12458 12470 11519 12418 0 0 
4900 13120 11945 11341 12418 12379 11478 12405 0 0 
5000 13182 12260 11459 12489 12484 11597 12394 0 0 
5100 13218 12606 11551 12574 12579 11751 12537 0 0 
5200 13206 12630 11429 12416 12428 11561 12349 1 0 
5300 13212 12796 11424 12521 12498 11644 12415 0 0 
5400 13239 13023 11538 12598 12636 11696 12418 2 0 
5500 13165 13017 11516 12528 12574 11647 12416 1 0 
5600 13214 13184 11639 12558 12563 11675 12552 3 2 
5700 13214 13158 11447 12495 12467 11578 12428 1 0 
5800 13192 13127 11370 12416 12412 11511 12376 1 0 
5900 13308 13166 11490 12531 12494 11605 12418 1 0 
6000 13394 13354 11526 12546 12564 11679 12445 3 0 
6100 13196 13258 11403 12470 12438 11586 12274 0 0 
6200 13237 13262 11450 12419 12495 11578 12382 3 0 
6300 13225 13173 11392 12457 12461 11520 12346 0 0 
6400 13244 13298 11473 12497 12461 11654 12435 0 0 
6500 13210 13215 11532 12547 12557 11717 12476 0 0 
6600 13291 13279 11475 12473 12479 11643 12417 0 0 
6700 13327 13331 11596 12571 12598 11734 12464 0 0 
6800 13241 13257 11476 12518 12554 11636 12398 0 0 
6900 13250 13272 11288 12449 12440 11467 12278 0 0 
7000 13260 13295 11352 12419 12439 11485 12252 0 0 
7100 13330 13208 11538 12566 12565 11691 12470 1 0 
7200 13266 13263 11408 12521 12505 11584 12408 0 0 
7300 13262 13171 11443 12451 12449 11478 12402 0 95 
7400 13286 11325 11462 12569 12509 11542 12294 0 1565 
7500 13151 10534 11467 12535 12473 11487 11801 0 2313 
7600 13087 9436 11436 12545 12460 11474 11828 0 3278 
7700 12995 9080 11482 12612 12517 11473 11804 1 3668 
7800 12306 8555 11408 12562 12188 11380 11736 4 4083 
7900 11939 8184 11395 12557 11510 11369 11703 7 4354 
