# Avida tasks data
# Tue Apr 18 15:27:53 2023
# First column gives the current update, next columns give the number
# of organisms that have the particular task as a component of their merit
#  1: Update
#  2: Not
#  3: Nand
#  4: And
#  5: OrNot
#  6: Or
#  7: AndNot
#  8: Nor
#  9: Xor
# 10: Equals

0 0 0 0 0 0 0 0 0 0 
100 0 0 0 0 0 0 0 0 0 
200 0 0 0 0 0 0 0 0 0 
300 0 0 0 0 0 0 0 0 0 
400 0 0 0 0 0 0 0 0 0 
500 2 0 0 0 0 0 0 0 0 
600 202 0 0 13 0 0 0 0 0 
700 1337 211 0 804 3 0 0 0 0 
800 2668 475 0 2084 13 0 0 0 0 
900 4218 821 32 3588 6 0 0 0 0 
1000 5442 3355 2460 5121 13 29 1951 0 2 
1100 8129 6258 4987 7263 15 92 4274 0 2 
1200 10022 8367 7068 8912 14 104 6124 0 3 
1300 10677 9323 7986 9431 10 110 6958 0 6 
1400 11297 10193 8903 9856 17 127 7704 0 35 
1500 11760 11057 9615 10083 11 157 8175 0 114 
1600 12176 11806 10357 10459 11 166 8789 0 266 
1700 12476 12357 10779 10631 11 214 8984 0 400 
1800 12901 12826 11244 10986 8 182 9158 0 589 
1900 13113 13056 11555 11114 7 190 9326 0 779 
2000 13189 13217 11594 11128 8 184 9122 0 972 
2100 13270 13333 11673 11270 10 211 8898 0 1204 
2200 13388 13387 11836 11318 7 202 8714 0 1554 
2300 13430 13498 11866 11250 7 209 8390 0 1874 
2400 13407 13454 11840 11257 8 218 8072 0 2097 
2500 13403 13506 11889 11361 8 214 7716 0 2489 
2600 13413 13495 11771 11255 12 218 7230 0 2917 
2700 13433 13449 11856 11242 12 223 6783 0 3351 
2800 13399 13513 11927 11393 15 203 6327 0 3868 
2900 13378 13513 11896 11339 3 206 5914 0 4279 
3000 13438 13487 11800 11236 7 234 5328 0 4729 
3100 13477 13475 11888 11349 8 208 4913 0 5171 
3200 13401 13580 11888 11298 8 220 4307 0 5770 
3300 13386 13583 11925 11241 5 195 3882 0 6235 
3400 13437 13569 11821 11180 6 217 3284 0 6744 
3500 13408 13628 11921 11161 10 227 2854 0 7156 
3600 13420 13608 11840 11255 12 205 2418 0 7535 
3700 13410 13590 11873 11270 5 225 2018 0 7958 
3800 13373 13603 11840 11272 8 231 1619 0 8402 
3900 13398 13598 11914 11255 9 214 1382 0 8687 
4000 13342 13613 11935 11171 6 225 1002 0 8883 
4100 13378 13543 11867 11087 6 207 823 0 8958 
4200 13428 13550 11890 11205 7 231 720 0 9124 
4300 13413 13532 11860 11157 8 253 633 0 9165 
4400 13439 13509 11899 11291 1 233 550 0 9369 
4500 13329 13592 11794 11130 7 247 505 0 9298 
4600 13406 13581 11807 11210 7 227 438 0 9421 
4700 13449 13549 11825 11298 4 196 447 1 9474 
4800 13409 13582 11822 11301 6 219 398 0 9546 
4900 13384 13566 11748 11197 8 169 393 0 9424 
5000 13447 13656 11951 11388 10 205 406 0 9625 
5100 13448 13558 11912 11388 6 174 399 1 9690 
5200 13393 13598 11906 11354 4 194 380 1 9576 
5300 13426 13620 11876 11322 8 206 369 0 9568 
5400 13397 13638 11874 11336 10 217 389 0 9601 
5500 13431 13552 11852 11316 10 187 397 0 9575 
5600 13439 13584 11776 11261 3 231 334 0 9620 
5700 13339 13572 11862 11312 5 235 369 0 9586 
5800 13410 13618 11786 11239 3 238 355 0 9572 
5900 13429 13629 11850 11386 5 208 340 0 9614 
6000 13430 13634 11842 11342 6 206 370 2 9636 
6100 13526 13681 11936 11430 1 211 400 0 9790 
6200 13431 13671 11824 11522 1 207 364 0 9622 
6300 13450 13652 11814 11442 3 200 327 0 9639 
6400 13445 13661 11913 11496 3 218 309 0 9865 
6500 13483 13608 11984 11546 10 184 329 0 9868 
6600 13432 13645 11815 11406 10 188 327 0 9639 
6700 13465 13604 11964 11618 7 205 317 0 9951 
6800 13478 13649 11876 11505 7 200 320 1 9769 
6900 13369 13632 11899 11512 2 193 305 0 9788 
7000 13499 13603 11859 11598 4 202 295 1 9764 
7100 13549 13661 11862 11541 0 193 296 0 9817 
7200 13526 13592 12014 11560 3 180 319 0 9849 
7300 13494 13645 11920 11500 5 195 327 0 9849 
7400 13561 13618 11902 11540 8 172 315 0 9896 
7500 13568 13633 11866 11493 5 179 360 0 9720 
7600 13459 13675 11929 11556 5 216 345 0 9909 
7700 13523 13590 11927 11690 7 176 316 0 9921 
7800 13559 13640 11911 11648 7 177 327 0 9840 
7900 13535 13670 11989 11712 5 202 297 0 10083 
8000 13492 13603 11952 11695 3 182 255 1 9959 
8100 13551 13597 11987 11719 6 177 285 0 10057 
8200 13540 13592 11927 11681 1 206 268 0 9954 
8300 13564 13673 11973 11610 3 185 281 0 10016 
8400 13564 13615 12045 11710 5 159 306 0 10017 
8500 13534 13586 12006 11653 3 175 322 0 10025 
8600 13596 13681 11993 11606 3 181 309 0 9916 
8700 13555 13636 11958 11537 0 188 322 0 9914 
8800 13556 13717 12019 11733 10 175 243 0 10107 
8900 13628 13631 11946 11630 7 183 278 0 10002 
9000 13562 13577 11901 11621 7 206 247 0 9961 
9100 13545 13628 12002 11674 3 205 296 0 10024 
9200 13522 13649 11997 11699 2 224 312 0 10099 
9300 13508 13597 11823 11563 3 212 274 1 9923 
9400 13550 13698 12026 11790 3 190 262 1 10097 
9500 13541 13725 11914 11606 4 191 282 0 10003 
9600 13515 13676 11945 11618 6 191 253 0 9922 
9700 13508 13675 11937 11626 3 202 520 0 10055 
9800 13494 13651 11975 11587 6 213 2194 1 10083 
9900 13555 13649 11989 11544 5 178 3857 0 10112 
10000 13564 13679 12160 11553 11 168 5284 0 10237 
