# Avida tasks data
# Tue Apr 18 16:11:00 2023
# First column gives the current update, next columns give the number
# of organisms that have the particular task as a component of their merit
#  1: Update
#  2: Not
#  3: Nand
#  4: And
#  5: OrNot
#  6: Or
#  7: AndNot
#  8: Nor
#  9: Xor
# 10: Equals

0 0 0 0 0 0 0 0 0 0 
100 0 0 0 0 0 0 0 0 0 
200 0 0 0 0 0 0 0 0 0 
300 0 0 0 0 0 0 0 0 0 
400 0 0 0 0 0 0 0 0 0 
500 6 0 0 0 0 0 0 0 0 
600 136 2 0 0 0 0 0 0 0 
700 506 364 0 148 0 0 0 0 0 
800 1780 1391 0 1655 9 0 0 0 0 
900 3300 1846 6 3392 706 200 0 0 0 
1000 4931 2176 18 4901 2137 707 1 0 0 
1100 6489 3372 15 6268 2830 1821 5 0 0 
1200 8268 5282 1593 7939 4468 3542 19 0 0 
1300 9521 7130 3461 9016 5809 4955 17 0 0 
1400 10721 8652 5031 10170 7064 6218 8 0 0 
1500 11614 9965 6398 10909 8110 7361 6 0 0 
1600 12194 11029 7622 11415 8956 8386 1 0 0 
1700 12643 11707 8529 11722 9526 9212 4 0 0 
1800 12789 12476 9200 11752 9776 9849 6 0 0 
1900 12959 12817 9904 11832 10214 10383 7 0 0 
2000 12993 13160 10178 11942 10340 10634 8 0 0 
2100 13037 13294 10397 11884 10468 10794 8 0 0 
2200 13049 13399 10477 12015 10464 10914 8 0 0 
2300 13072 13308 10450 12024 10513 10888 10 0 0 
2400 13013 13366 10278 11916 10345 10772 9 0 0 
2500 13098 13344 10458 12002 10388 10932 5 0 0 
2600 13082 13298 10463 12108 10547 10938 6 0 2 
2700 13176 13354 10464 12065 10478 10958 7 0 0 
2800 13167 13279 10685 12090 10629 11057 3 0 0 
2900 13116 13360 10625 12000 10545 11042 6 0 0 
3000 13200 13428 10594 11987 10576 10965 11 0 0 
3100 13148 13382 10531 11971 10545 10953 7 0 0 
3200 13234 13384 10714 12084 10682 11092 7 0 0 
3300 13236 13349 10714 12078 10726 11084 7 0 0 
3400 13275 13477 10732 12102 10685 11132 7 0 0 
3500 13194 13390 10655 12022 10705 11040 10 0 0 
3600 13281 13441 10804 12152 10777 11151 5 0 0 
3700 13251 13401 10631 12034 10642 11116 7 0 0 
3800 13279 13479 10804 12206 10822 11236 9 0 0 
3900 13297 13361 10766 12069 10776 11198 10 0 0 
4000 13276 13428 10823 12218 10845 11279 16 0 0 
4100 13241 13285 10768 12106 10766 11130 6 0 0 
4200 13331 13382 10867 12135 10897 11299 9 0 0 
4300 13360 13387 10931 12230 10945 11360 8 0 0 
4400 13300 13405 10895 12182 10883 11256 18 0 0 
4500 13343 13318 10776 12125 10779 11205 14 0 0 
4600 13331 13303 10952 12204 10969 11368 6 0 0 
4700 13364 13399 10816 12188 10850 11252 11 0 0 
4800 13329 13344 10982 12213 10907 11392 11 0 0 
4900 13348 13423 10934 12180 10934 11356 8 0 0 
5000 13375 13477 11003 12274 10996 11456 8 0 0 
5100 13351 13484 11124 12263 11121 11506 4 0 0 
5200 13367 13441 11116 12248 11057 11499 9 0 0 
5300 13405 13452 10930 12298 10997 11407 8 0 0 
5400 13449 13510 11097 12348 11081 11477 9 0 0 
5500 13471 13354 11051 12334 11087 11405 9 0 0 
5600 13458 13404 11026 12334 11073 11403 9 0 0 
5700 13536 13525 11277 12485 11300 11619 1 0 0 
5800 13478 13486 11163 12387 11113 11558 10 0 0 
5900 13445 13419 11244 12371 11225 11565 16 0 0 
6000 13426 13377 11121 12358 11137 11558 16 0 0 
6100 13465 13462 11185 12383 11157 11565 11 0 0 
6200 13462 13510 11240 12455 11246 11722 10 0 0 
6300 13561 13411 11269 12447 11282 11677 9 0 0 
6400 13491 13439 11139 12365 11165 11560 11 0 0 
6500 13483 13423 11186 12366 11217 11637 10 0 0 
6600 13433 13448 11200 12380 11201 11627 6 0 0 
6700 13532 13471 11197 12335 11227 11560 4 0 0 
6800 13489 13411 11323 12479 11340 11726 7 0 0 
6900 13457 13492 11286 12441 11311 11679 8 0 0 
7000 13612 13447 11316 12506 11323 11754 9 0 0 
7100 13518 13461 11424 12523 11448 11852 17 0 0 
7200 13588 13440 11340 12551 11390 11779 16 0 0 
7300 13530 13480 11352 12511 11361 11795 5 0 0 
7400 13605 13462 11453 12577 11501 11903 14 0 0 
7500 13574 13490 11469 12518 11532 11900 12 0 0 
7600 13593 13519 11441 12475 11448 11857 6 0 1 
7700 13529 13457 11366 12447 11362 11793 14 0 0 
7800 13499 13506 11376 12437 11353 11796 9 0 0 
7900 13572 13477 11469 12553 11447 11897 9 0 0 
8000 13653 13466 11498 12587 11556 11879 16 0 0 
8100 13544 13529 11454 12604 11437 11912 9 0 0 
8200 13605 13484 11538 12583 11543 11904 12 0 0 
8300 13576 13522 11437 12470 11450 11835 16 0 0 
8400 13606 13539 11467 12549 11441 11899 12 0 0 
8500 13616 13488 11408 12544 11407 11877 8 0 0 
8600 13554 13527 11386 12485 11374 11905 10 0 0 
8700 13544 13501 11429 12485 11477 11926 21 0 0 
8800 13578 13494 11440 12541 11486 11957 10 0 0 
8900 13580 13446 11428 12565 11489 11878 12 0 0 
9000 13520 13485 11458 12494 11521 11877 10 0 0 
9100 13607 13481 11440 12480 11425 11879 14 0 0 
9200 13579 13447 11463 12523 11540 11909 12 0 0 
9300 13642 13522 11634 12615 11643 12034 8 0 1 
9400 13607 13417 11487 12506 11565 11869 17 0 0 
9500 13601 13500 11512 12551 11532 11943 8 0 0 
9600 13575 13422 11504 12489 11580 11941 18 0 0 
9700 13600 13470 11528 12541 11546 11953 27 0 0 
9800 13620 13475 11481 12511 11486 11907 66 0 0 
9900 13561 13466 11403 12419 11411 11854 170 0 0 
10000 13574 13540 11445 12442 11479 11870 415 0 0 
