# Avida tasks data
# Tue Apr 18 13:32:57 2023
# First column gives the current update, next columns give the number
# of organisms that have the particular task as a component of their merit
#  1: Update
#  2: Not
#  3: Nand
#  4: And
#  5: OrNot
#  6: Or
#  7: AndNot
#  8: Nor
#  9: Xor
# 10: Equals

0 0 0 0 0 0 0 0 0 0 
100 0 0 0 0 0 0 0 0 0 
200 0 0 0 0 0 0 0 0 0 
300 0 0 0 0 0 0 0 0 0 
400 0 0 0 0 0 0 0 0 0 
500 0 0 0 0 0 0 0 0 0 
600 4 0 0 0 0 0 0 0 0 
700 11 0 0 0 0 0 0 0 0 
800 29 0 0 0 0 0 0 0 0 
900 67 0 0 0 0 0 0 0 0 
1000 143 10 0 203 0 0 0 0 0 
1100 255 1094 140 1649 0 1331 0 0 0 
1200 1691 2877 2866 3445 5 3235 3 0 0 
1300 2781 4640 4638 5037 4 4882 0 0 0 
1400 4013 6522 6413 6726 12 6601 5 0 0 
1500 5183 7966 7804 8143 20 8071 14 0 0 
1600 6324 9074 8886 9232 12 9209 8 0 0 
1700 7180 9964 9691 10106 14 10054 10 0 0 
1800 7824 10593 10431 10792 80 10787 9 0 0 
1900 8654 10811 10881 11313 369 11388 13 0 0 
2000 9330 11047 11394 11839 1212 11813 5 0 0 
2100 9991 11061 11641 12160 2160 12019 10 0 0 
2200 10266 11483 11942 12513 3134 12429 12 0 0 
2300 10834 11507 12202 12690 4286 12519 19 0 0 
2400 11261 11853 12273 12780 5447 12613 17 0 0 
2500 11296 11953 12316 12819 6745 12649 18 0 0 
2600 11487 12083 12413 12945 7886 12714 17 0 0 
2700 11685 12078 12364 12861 8792 12755 10 0 0 
2800 11897 12161 12453 12933 9525 12773 9 0 0 
2900 11934 12205 12457 12954 10048 12756 4 0 0 
3000 12048 12471 12553 13013 10475 12751 6 0 0 
3100 12117 12521 12472 12927 10823 12712 5 0 0 
3200 12219 12496 12537 13030 11272 12793 3 0 0 
3300 12365 12613 12552 12985 11555 12764 8 0 0 
3400 12212 12799 12487 12999 11737 12778 4 0 0 
3500 12177 12840 12550 13033 11799 12752 14 0 0 
3600 12118 12785 12554 13011 11902 12699 8 0 0 
3700 12238 12823 12514 12946 11867 12767 3 0 0 
3800 12276 12938 12501 12973 11885 12776 11 0 0 
3900 12230 12758 12428 12924 11927 12774 7 0 0 
4000 12296 12805 12576 13033 11934 12823 7 0 0 
4100 12295 12747 12426 12918 11910 12784 9 0 0 
4200 12320 12795 12620 13064 11821 12718 9 0 0 
4300 12427 12868 12553 12992 11853 12728 8 0 0 
4400 12320 12847 12595 12995 11830 12675 14 0 0 
4500 12385 12841 12642 13075 11961 12751 145 0 0 
4600 12431 12859 12668 13034 12043 12859 619 0 0 
4700 12389 12834 12608 13005 11912 12857 1294 0 0 
4800 12403 12961 12644 12989 12045 12923 2030 0 0 
4900 12429 12682 12607 12982 11950 12830 2789 0 0 
5000 12394 12692 12631 12999 11918 12803 3616 0 0 
5100 12484 12610 12668 13011 11996 12832 4560 0 0 
5200 12452 12628 12598 12925 11970 12857 5376 0 0 
5300 12451 12646 12681 13025 11992 12885 6445 0 0 
5400 12374 12591 12652 12959 11992 12872 7219 0 1 
5500 12374 12540 12654 12982 12030 12888 8005 0 1 
5600 12300 12573 12700 12957 12060 12885 8642 0 1 
5700 12339 12611 12648 12992 11894 12918 9409 0 0 
5800 12442 12709 12607 12905 11959 12973 10083 0 1 
5900 12297 12661 12598 12902 11980 12936 10592 1 0 
6000 12353 12593 12684 12962 11971 12910 11104 0 0 
6100 12460 12654 12561 12872 11992 12923 11416 0 0 
6200 12423 12603 12632 12866 11958 12914 11703 0 0 
6300 12557 12524 12627 12847 11897 12809 11816 0 2 
6400 12442 12521 12556 12840 11943 12895 11844 0 0 
6500 12418 12538 12605 12834 11944 12915 11882 0 2 
6600 12529 12530 12571 12887 12051 12934 11906 0 0 
6700 12461 12589 12676 12970 12012 12901 12025 0 0 
6800 12495 12615 12649 12967 11928 12847 11935 0 0 
6900 12553 12522 12698 12971 12173 12975 11995 0 0 
7000 12622 12599 12677 12966 11967 12925 12020 0 0 
7100 12667 12658 12620 12920 12029 12946 11980 0 0 
7200 12721 12703 12720 13013 12118 12973 12123 0 0 
7300 12629 12613 12640 12903 12001 12941 11997 0 2 
7400 12658 12641 12804 13073 12075 12919 12115 0 0 
7500 12685 12645 12741 13037 12153 12958 12092 0 0 
7600 12688 12760 12705 12960 12140 12969 12003 0 2 
7700 12740 12857 12655 12910 12220 13003 11994 0 0 
7800 12645 12738 12664 12966 12071 13000 12050 0 0 
7900 12820 12780 12629 12976 12051 12968 11985 0 1 
8000 12741 12708 12684 12971 12074 13031 12013 0 0 
8100 12800 12704 12687 12966 12129 13056 11959 0 0 
8200 12740 12672 12718 12979 12066 13001 12012 0 0 
8300 12764 12752 12628 12964 12094 13042 11973 0 0 
8400 12792 12751 12710 13058 12142 13046 12053 0 0 
8500 12800 12713 12766 13018 12125 12963 12039 0 0 
8600 12886 12842 12797 13088 12240 13116 12156 0 0 
8700 12835 12783 12666 12981 12149 13059 12083 0 0 
8800 12889 12904 12809 13081 12161 13029 12173 0 2 
8900 12923 12823 12747 13075 12186 13019 12217 0 0 
9000 12954 12783 12743 13027 12118 13047 12131 0 0 
9100 12961 12852 12776 13028 12136 13046 12096 0 0 
9200 12871 12832 12728 13014 12205 13076 12076 0 0 
9300 13105 12996 12752 13068 12242 13083 12102 0 2 
9400 12988 12917 12710 12987 12208 13061 12131 0 0 
9500 13116 12947 12772 13036 12116 12961 12168 0 0 
9600 12899 12858 12762 12979 12194 13065 12084 0 0 
9700 12956 12875 12806 12997 12241 13079 12100 0 0 
9800 13067 12869 12754 13040 12193 13041 12114 0 0 
9900 12967 12919 12763 13000 12094 13031 12110 0 0 
10000 12953 12908 12761 13023 12209 13033 12143 0 0 
