# Avida tasks data
# Tue Apr 18 15:14:54 2023
# First column gives the current update, next columns give the number
# of organisms that have the particular task as a component of their merit
#  1: Update
#  2: Not
#  3: Nand
#  4: And
#  5: OrNot
#  6: Or
#  7: AndNot
#  8: Nor
#  9: Xor
# 10: Equals

0 0 0 0 0 0 0 0 0 0 
100 0 0 0 0 0 0 0 0 0 
200 0 0 0 0 0 0 0 0 0 
300 0 0 0 0 0 0 0 0 0 
400 0 0 0 0 0 0 0 0 0 
500 0 0 0 0 0 0 0 0 0 
600 0 0 0 0 0 0 0 0 0 
700 106 9 0 0 0 0 0 0 0 
800 480 25 0 3 0 0 0 0 0 
900 1124 322 0 0 0 0 0 0 0 
1000 1858 1432 0 8 0 0 0 0 0 
1100 3007 3406 0 293 1069 0 0 0 0 
1200 4333 4989 1 1873 3374 0 0 0 0 
1300 6095 6525 1 3241 5483 0 3 0 2 
1400 7181 7518 21 3975 6693 1747 33 0 6 
1500 8360 8579 32 4992 8056 3464 148 0 0 
1600 10032 10050 34 4930 9662 5124 1796 0 0 
1700 11694 11645 48 4921 11296 6768 3543 0 0 
1800 12518 12491 59 5079 12071 7941 5053 0 0 
1900 12935 12881 39 5140 12431 8819 6259 0 0 
2000 13089 13067 18 5213 12546 9566 7526 0 0 
2100 13174 13157 11 5421 12716 10225 8536 0 0 
2200 13254 13316 6 5768 12670 10617 9273 0 0 
2300 13318 13376 11 6373 12767 10967 9781 0 0 
2400 13502 13478 11 6923 12980 11455 10257 2 1 
2500 13432 13581 3 7412 12885 11470 10458 0 0 
2600 13523 13619 4 8060 12973 11747 10798 1 7 
2700 13566 13620 3 8611 12984 11864 10995 0 7 
2800 13601 13609 2 9212 12978 11843 10992 0 2 
2900 13568 13571 4 9639 12997 12013 11277 0 2 
3000 13632 13662 3 10220 13011 12158 11427 0 0 
3100 13615 13641 1 10835 13063 12211 11536 8 2 
3200 13662 13653 1 11194 12951 12065 11482 4 2 
3300 13617 13632 0 11596 12897 12124 11504 0 4 
3400 13651 13669 3 11882 13013 12202 11537 0 2 
3500 13623 13683 2 12021 13051 12128 11452 0 5 
3600 13705 13691 0 12060 13012 12113 11530 0 0 
3700 13657 13691 0 12235 13044 12202 11546 0 9 
3800 13610 13648 1 12326 12999 12049 11508 0 5 
3900 13626 13644 0 12357 12947 12106 11500 1 3 
4000 13642 13691 0 12373 12949 12076 11508 0 3 
4100 13662 13658 2 12480 13093 12168 11499 0 3 
4200 13688 13665 4 12516 13061 12213 11641 3 1 
4300 13615 13687 1 12459 12965 12188 11562 0 5 
4400 13651 13651 1 12389 13007 12134 11441 0 1 
4500 13633 13626 2 12437 12987 12092 11549 0 2 
4600 13633 13692 3 12437 13006 12182 11571 0 1 
4700 13656 13711 1 12514 13082 12266 11651 0 8 
4800 13632 13661 0 12445 13033 12207 11548 0 60 
4900 13651 13675 0 12498 13054 12193 11193 4 318 
5000 13591 13633 7 12461 12935 12058 10478 15 964 
5100 13710 13730 3 12419 12975 12128 9603 15 1840 
5200 13663 13683 22 12620 12942 12063 8751 37 2709 
5300 13677 12613 21 11617 12978 12064 8739 26 2684 
5400 13693 12210 22 11320 12979 12026 8737 31 2637 
5500 13679 11949 26 11500 12948 12002 8687 36 2626 
5600 13649 11590 30 11567 12954 12046 8613 65 2752 
