# Avida tasks data
# Tue Apr 18 06:40:29 2023
# First column gives the current update, next columns give the number
# of organisms that have the particular task as a component of their merit
#  1: Update
#  2: Not
#  3: Nand
#  4: And
#  5: OrNot
#  6: Or
#  7: AndNot
#  8: Nor
#  9: Xor
# 10: Equals

0 0 0 0 0 0 0 0 0 0 
100 0 0 0 0 0 0 0 0 0 
200 0 0 0 0 0 0 0 0 0 
300 0 0 0 0 0 0 0 0 0 
400 0 7 0 0 0 0 0 0 0 
500 6 0 0 10 0 0 0 0 0 
600 123 30 0 190 0 0 0 0 0 
700 97 179 0 1755 1658 0 22 0 0 
800 158 495 1 3775 3844 6 1148 0 0 
900 608 621 0 6624 6501 13 4024 0 0 
1000 1296 627 0 8701 8646 18 6411 0 0 
1100 2643 908 0 10167 10119 28 8137 0 0 
1200 3669 1462 285 10851 10887 26 9106 0 0 
1300 4510 2335 599 11182 11242 461 9598 0 0 
1400 5498 3428 231 11508 11452 1960 9930 0 0 
1500 6400 4752 110 11667 11475 3499 10198 0 0 
1600 7247 5872 111 11732 11597 4800 10416 0 0 
1700 8045 6828 138 11805 11636 5888 10662 0 0 
1800 8507 7324 113 12013 11812 6539 10930 0 0 
1900 9045 8148 139 12135 12049 7288 11228 1 0 
2000 9324 8849 185 12323 12085 7846 11348 0 0 
2100 9674 9598 336 12531 12344 8700 11606 0 0 
2200 10019 10064 534 12618 12471 9061 11763 4 0 
2300 10188 10474 692 12710 12665 9653 11895 4 0 
2400 10441 10891 989 12796 12694 10071 12017 2 0 
2500 10567 11189 1361 12778 12766 10496 12039 3 0 
2600 10688 11579 1964 12867 12789 10789 12116 0 0 
2700 10703 11813 2743 12951 12855 10903 12141 0 0 
2800 10925 11932 3545 12953 12882 10986 12138 0 0 
2900 11050 12004 4380 12897 12911 11108 12180 0 0 
3000 11324 11960 5149 12903 12793 11004 12114 0 0 
3100 11631 11995 6014 13037 12866 11146 12180 0 0 
3200 11805 12100 6820 13076 12880 11210 12200 0 0 
3300 12033 12095 7522 13021 12877 11263 12135 0 0 
3400 12158 12117 8164 12979 12925 11191 12211 0 0 
3500 12346 12082 8706 13040 12951 11229 12250 0 0 
3600 12540 11998 9318 13040 12857 11260 12103 0 0 
3700 12624 11960 9556 13086 12861 11242 12208 0 325 
3800 12490 11776 10166 13058 12848 11151 12181 2 2339 
3900 12420 11737 10337 13125 12751 11034 11989 2 3845 
4000 12277 11690 10744 13038 12888 10960 12090 8 5079 
4100 12468 11821 11002 13166 12778 10948 12043 3 6220 
4200 12296 11778 11286 13181 12842 11015 12107 8 7098 
4300 12354 11769 11392 13302 12808 11092 12043 5 7958 
4400 12474 11737 11519 13195 12816 11010 12122 12 8597 
4500 12499 11613 11534 13168 12785 10863 12046 11 8983 
4600 12561 11656 11609 13256 12801 11007 12098 6 9504 
4700 12489 11539 11733 13207 12793 10840 12048 3 9729 
4800 12684 11540 11722 13296 12854 10888 12145 6 9989 
4900 12823 11691 11714 13248 12768 10922 12079 15 10118 
5000 12791 11733 11820 13270 12852 10940 12132 9 10355 
5100 12761 11712 11760 13247 12814 10935 12035 8 10168 
5200 12818 11571 11800 13195 12828 10857 12092 8 10152 
5300 12767 11608 11701 13245 12779 10820 12081 8 10192 
5400 12760 11562 11801 13198 12786 10870 12145 5 10157 
5500 12786 11624 11744 13202 12789 10857 12120 15 10125 
5600 12914 11634 11721 13267 12854 10857 12141 8 10170 
5700 12799 11659 11829 13216 12788 10899 12147 7 10236 
5800 12687 11521 11700 13226 12809 10855 12056 7 10135 
5900 12659 11647 11759 13264 12789 10911 12118 9 10245 
6000 12724 11650 11814 13218 12811 10844 12144 11 10113 
6100 12747 11652 11841 13245 12863 10925 12131 6 10242 
6200 12762 11692 11775 13266 12785 10992 12062 7 10248 
6300 12765 11689 11742 13244 12838 10950 12096 10 10238 
6400 12702 11782 11868 13229 12970 10994 12151 10 10297 
6500 12732 11598 11823 13252 12809 10916 12149 8 10324 
6600 12691 11632 11841 13301 12896 10998 12189 4 10378 
6700 12565 11526 11960 13293 12821 10981 12254 5 10313 
6800 12660 11699 11793 13279 12810 11018 12094 7 10374 
6900 12885 11719 11861 13309 12793 10959 12134 7 10365 
7000 12883 11678 11860 13258 12857 10932 12153 9 10261 
7100 12834 11805 11985 13295 12908 11105 12298 13 10436 
7200 12958 11815 11935 13318 12853 10877 12223 9 10372 
7300 12913 11714 11830 13297 12892 10974 12184 11 10337 
7400 12785 11615 11948 13216 12887 10881 12221 5 10275 
7500 12830 11771 11977 13371 12930 11101 12252 6 10461 
7600 12870 11744 11887 13333 12842 11115 12164 4 10448 
7700 12901 11731 12055 13301 12955 10987 12309 5 10405 
7800 12836 11751 12007 13365 12943 11084 12281 8 10507 
7900 12919 11823 11926 13347 12914 11066 12217 11 10528 
8000 12923 11704 11970 13312 12933 11041 12237 10 10426 
8100 12903 11870 12009 13340 12930 11093 12259 6 10473 
8200 12820 11832 12004 13303 12985 11066 12317 7 10406 
8300 12957 11840 11891 13300 12862 11030 12208 12 10427 
8400 12881 11752 11931 13274 12891 10952 12198 8 10385 
8500 12839 11778 12012 13319 12903 11092 12211 7 10514 
8600 12826 11841 11968 13446 12956 11203 12275 3 10701 
8700 12900 11744 11832 13325 12882 10970 12194 12 10433 
8800 12954 11759 11867 13348 12888 11064 12189 9 10506 
8900 12855 11812 11901 13380 12869 10987 12253 5 10494 
9000 12828 11810 11921 13364 12898 11138 12192 6 10603 
9100 12932 11805 11958 13297 12962 11036 12283 16 10500 
9200 12964 11881 12044 13403 13035 11242 12342 4 10666 
9300 12895 11889 12027 13352 12986 11195 12329 5 10679 
9400 13031 11883 11967 13374 12942 11106 12304 11 10514 
9500 13001 11860 11992 13308 12963 11137 12292 7 10639 
9600 12935 11862 12169 13360 13041 11219 12383 4 10709 
9700 12939 11786 11940 13390 12948 11115 12199 4 10514 
9800 12933 11914 12146 13403 12996 11245 12379 9 10707 
9900 12771 11939 11983 13351 12853 11181 12204 9 10650 
10000 12831 11809 11986 13375 12932 11096 12282 9 10547 
