# Avida tasks data
# Tue Apr 18 08:51:09 2023
# First column gives the current update, next columns give the number
# of organisms that have the particular task as a component of their merit
#  1: Update
#  2: Not
#  3: Nand
#  4: And
#  5: OrNot
#  6: Or
#  7: AndNot
#  8: Nor
#  9: Xor
# 10: Equals

0 0 0 0 0 0 0 0 0 0 
100 0 0 0 0 0 0 0 0 0 
200 0 0 0 0 0 0 0 0 0 
300 0 0 0 0 0 0 0 0 0 
400 0 0 0 0 0 0 0 0 0 
500 0 0 0 0 0 0 0 0 0 
600 4 0 0 0 0 0 0 0 0 
700 4 0 0 0 0 0 0 0 0 
800 11 0 0 0 0 0 0 0 0 
900 43 0 0 0 0 0 0 0 0 
1000 145 0 0 0 0 0 0 0 0 
1100 230 26 0 0 0 0 0 0 0 
1200 495 87 0 10 0 0 0 0 0 
1300 856 184 0 145 2 0 0 0 0 
1400 1093 440 0 1517 953 0 0 0 0 
1500 1086 1987 2 3839 2991 4 88 0 0 
1600 2562 2318 9 5409 4700 47 1956 0 0 
1700 3370 2244 13 6622 5825 610 3399 0 0 
1800 4229 2147 21 7764 6825 2112 4534 0 0 
1900 5259 1826 27 8598 7582 3424 5633 0 0 
2000 6267 1527 46 9142 7957 4547 6361 0 0 
2100 7206 1210 44 9629 8446 5613 7236 0 0 
2200 7977 1110 37 10172 8910 6635 8010 0 0 
2300 8780 1251 39 10692 9386 7659 8600 0 0 
2400 9672 1593 46 11306 10012 8584 9344 0 0 
2500 10643 2152 30 11892 10642 9554 10100 0 0 
2600 11256 2784 39 12244 10931 10198 10466 0 0 
2700 11760 3572 62 12422 11208 10623 10794 0 0 
2800 12109 4363 41 12638 11497 11041 11031 0 0 
2900 12456 5199 33 12802 11665 11384 11336 0 0 
3000 12622 6008 46 12944 11858 11566 11379 0 0 
3100 12826 6889 39 13023 12030 11704 11674 0 0 
3200 12775 7559 38 12948 11949 11760 11556 0 0 
3300 12738 8013 50 13008 11931 11678 11532 0 0 
3400 12874 8491 57 12979 11950 11712 11587 0 0 
3500 12822 8999 44 13056 11972 11817 11686 0 0 
3600 12868 9440 55 13025 11991 11802 11630 0 1 
3700 12857 9971 63 13051 12066 11782 11639 0 0 
3800 12934 10457 74 12993 11947 11717 11652 0 0 
3900 12965 10868 46 12984 12047 11724 11691 0 0 
4000 12952 11060 57 13012 11951 11722 11570 0 0 
4100 13029 11547 76 13015 12055 11808 11641 0 0 
4200 12905 11731 66 13076 12076 11785 11665 0 0 
4300 12956 12107 77 13130 12121 11860 11656 0 0 
4400 12948 12130 143 13063 12057 11764 11698 0 0 
4500 13002 12120 227 13059 12071 11857 11688 0 0 
4600 13045 11928 392 13014 12009 11698 11718 0 0 
4700 12942 11793 569 12990 12001 11703 11617 0 0 
4800 13045 11693 798 13061 12106 11932 11720 0 0 
4900 12941 11222 1105 13023 12061 11777 11626 0 0 
5000 12879 10847 1436 13076 12018 11812 11686 0 0 
5100 12929 10516 1779 13051 12117 11829 11661 0 0 
5200 12916 9902 2260 13028 11999 11736 11595 0 2 
5300 12995 9358 2870 13028 12127 11820 11687 0 0 
5400 13022 8648 3480 13061 12121 11800 11754 0 0 
5500 12916 8074 3947 13066 12118 11827 11689 34 0 
5600 12966 7637 4265 13069 12089 11817 11644 275 2 
5700 12911 6779 4297 13026 11991 11772 11680 884 0 
5800 12932 6248 4292 13006 12023 11750 11653 1641 0 
5900 12874 5596 4179 13038 12110 11808 11750 2537 0 
6000 12861 5067 3902 13046 12072 11834 11738 3318 0 
6100 12913 4647 3591 12970 11989 11801 11599 4115 0 
6200 12878 4508 3376 12982 11947 11747 11547 4703 0 
6300 12906 4344 3046 13009 12010 11780 11580 5390 0 
6400 12964 4270 2837 12990 11945 11807 11645 6090 0 
6500 12937 4211 2479 12925 11951 11820 11669 6772 0 
6600 13040 4593 2211 13019 12105 11904 11704 7372 0 
6700 13032 5254 2018 13083 12112 11970 11758 7820 0 
6800 12920 5640 1750 13064 12097 11896 11740 8049 0 
6900 12914 6180 1492 13017 12013 11851 11721 8413 0 
7000 13045 6653 1313 13082 12158 11994 11776 8733 0 
7100 12990 7381 1081 13125 12090 11956 11712 8814 0 
7200 13106 8002 919 13039 12133 11985 11780 9217 0 
7300 13032 8545 699 12931 12144 11833 11709 9225 0 
7400 13089 9217 575 13053 12156 11924 11680 9437 0 
7500 13060 9673 458 13042 12117 11972 11703 9687 0 
7600 13139 10083 365 13053 12194 11962 11830 9672 0 
7700 13143 10463 315 13050 12248 11977 11777 9770 2 
7800 13153 10752 213 13070 12214 11968 11806 9852 0 
7900 13135 11022 176 13034 12191 12005 11797 9969 1 
8000 13135 11312 107 13113 12151 12059 11805 10051 0 
8100 13217 11464 152 13105 12154 12066 11807 9979 0 
8200 13162 11466 112 13051 12245 12037 11831 9995 0 
8300 13103 11575 140 13112 12218 12020 11784 10053 0 
8400 13235 11564 153 13091 12279 12035 11797 10070 0 
8500 13145 11599 124 13137 12260 12080 11835 10185 0 
8600 13205 11645 129 13189 12330 12119 11888 10133 0 
8700 13127 11679 117 13099 12353 12093 11829 10078 0 
8800 13180 11625 79 13076 12297 12053 11796 10084 0 
8900 13212 11619 122 13113 12304 12041 11741 10044 2 
9000 13158 11657 112 13102 12299 12014 11739 10142 1 
9100 13089 11487 106 13004 12150 11989 11657 9884 0 
9200 13050 11551 137 13025 12213 12035 11707 9957 0 
9300 13130 11589 100 13028 12233 11942 11789 10076 0 
9400 13046 11522 142 13115 12244 12017 11765 9968 1 
9500 13119 11706 124 13058 12254 11932 11739 10077 1 
9600 13136 11764 111 13090 12283 12073 11788 10181 0 
9700 13153 11806 141 13155 12350 12102 11855 10152 0 
9800 13143 11685 118 13110 12261 12054 11787 10117 0 
9900 13102 11690 125 13208 12321 12067 11773 10121 0 
10000 13131 11737 99 13078 12334 12095 11836 10122 0 
