# Avida tasks data
# Tue Apr 18 14:57:13 2023
# First column gives the current update, next columns give the number
# of organisms that have the particular task as a component of their merit
#  1: Update
#  2: Not
#  3: Nand
#  4: And
#  5: OrNot
#  6: Or
#  7: AndNot
#  8: Nor
#  9: Xor
# 10: Equals

0 0 0 0 0 0 0 0 0 0 
100 0 0 0 0 0 0 0 0 0 
200 0 0 0 0 0 0 0 0 0 
300 0 0 0 0 0 0 0 0 0 
400 0 0 0 0 0 0 0 0 0 
500 0 0 0 0 0 0 0 0 0 
600 0 0 0 0 0 0 0 0 0 
700 0 0 0 0 0 0 0 0 0 
800 4 0 0 0 0 0 0 0 0 
900 64 0 0 0 0 0 0 0 0 
1000 994 2 0 11 0 0 0 0 0 
1100 2572 63 0 340 518 0 0 0 0 
1200 4568 2241 1 2742 2694 487 2 0 0 
1300 5261 2984 1 3967 3789 2059 4 0 0 
1400 5834 4575 8 5115 4833 3275 1 0 0 
1500 6708 6058 2 6112 5737 4380 0 0 0 
1600 7553 7226 5 6995 6479 5416 1 0 0 
1700 8512 8248 3 7922 7402 6651 2 0 0 
1800 9242 9068 5 8709 8052 7682 2 0 0 
1900 9958 9870 11 9428 8694 8654 3 0 0 
2000 10631 10587 11 10108 9331 9439 3 0 0 
2100 11314 11291 7 10802 9938 10320 2 0 0 
2200 11777 11772 5 11246 10302 10924 2 0 0 
2300 12159 12222 6 11648 10625 11429 1 0 0 
2400 12376 12437 8 11895 10889 11755 2 0 0 
2500 12584 12709 7 12162 11195 12114 2 0 0 
2600 12716 12901 5 12252 11241 12320 5 0 0 
2700 13027 13007 17 12592 11576 12430 5 0 0 
2800 13198 13240 15 12740 11666 12687 1 0 0 
2900 13334 13417 16 12792 11727 12803 6 0 0 
3000 13354 13387 35 12712 11740 12737 0 0 0 
3100 13325 13457 30 12856 11878 12889 2 0 0 
3200 13335 13434 50 12781 11774 12814 0 0 0 
3300 13402 13417 45 12792 11813 12800 1 0 0 
3400 13425 13463 40 12746 11957 12869 2 0 0 
3500 13380 13429 91 12709 11837 12799 3 0 0 
3600 13372 13438 112 12734 11810 12775 2 0 0 
3700 13417 13388 122 12828 11937 12820 3 0 0 
3800 13353 13471 175 12802 11833 12889 6 0 0 
3900 13382 13443 267 12732 11826 12826 27 0 0 
4000 13431 13354 403 12810 11897 12738 15 0 0 
4100 13373 13433 418 12638 11799 12811 24 0 0 
4200 13360 13468 464 12763 11931 12952 17 0 0 
4300 13431 13484 582 12722 11888 12874 39 0 0 
4400 13347 13429 698 12674 11909 12775 47 0 0 
4500 13437 13429 852 12611 11852 12781 71 0 0 
4600 13376 13470 958 12493 11909 12836 198 0 4 
4700 13352 13481 1063 12247 11899 12865 441 0 0 
4800 13286 13437 1117 11891 11881 12883 749 0 0 
4900 13367 13466 1200 11530 11906 12849 1113 0 0 
5000 13282 13403 1063 10826 11668 12774 1632 0 0 
5100 13307 13491 1069 10265 11816 12871 2278 0 0 
5200 13309 13383 1052 9671 11694 12751 2944 0 0 
5300 13285 13359 1030 9948 11665 12776 3563 1 0 
5400 13355 13427 904 10664 11719 12878 4412 0 0 
5500 13365 13402 788 11158 11694 12873 5332 0 0 
5600 13341 13339 684 11651 11626 12755 6227 0 0 
5700 13357 13411 602 12019 11594 12852 7188 0 0 
5800 13320 13475 495 12255 11620 12863 8054 0 0 
5900 13383 13465 357 12308 11592 12882 8765 0 0 
6000 13410 13459 282 12468 11536 12883 9298 0 0 
6100 13385 13416 188 12636 11591 12838 9931 0 0 
6200 13348 13388 137 12818 11549 12777 10393 0 0 
6300 13328 13430 93 12942 11410 12837 10685 0 0 
6400 13372 13450 70 13134 11570 12835 10978 0 0 
6500 13426 13362 56 13258 11554 12711 11116 0 0 
6600 13290 13372 42 13341 11447 12745 11012 0 0 
6700 13402 13509 50 13420 11610 12825 11210 0 0 
6800 13384 13474 68 13388 11526 12724 11114 0 0 
6900 13320 13402 50 13400 11514 12751 11162 0 0 
7000 13361 13453 34 13416 11597 12889 11290 0 0 
7100 13337 13416 35 13469 11580 12826 11173 0 0 
7200 13366 13418 55 13436 11579 12765 11166 0 0 
7300 13463 13457 59 13429 11732 12798 11414 0 0 
7400 13413 13381 43 13398 11748 12807 11343 0 0 
7500 13415 13379 69 13384 11639 12717 11289 0 0 
7600 13421 13461 57 13373 11752 12790 11425 0 0 
7700 13393 13493 61 13372 11668 12790 11300 0 0 
7800 13388 13439 60 13328 11692 12841 11293 0 0 
7900 13393 13426 64 13371 11724 12789 11360 0 0 
8000 13468 13460 67 13418 11838 12815 11498 0 0 
8100 13377 13506 98 13499 11716 12822 11367 0 0 
8200 13410 13386 90 13318 11725 12682 11389 0 0 
8300 13434 13413 78 13363 11720 12794 11347 0 0 
8400 13382 13378 46 13412 11776 12733 11434 0 0 
8500 13397 13398 63 13455 11852 12806 11495 0 0 
8600 13384 13424 46 13466 11860 12825 11454 0 0 
8700 13382 13413 47 13324 11841 12721 11483 0 0 
8800 13429 13417 46 13394 11799 12796 11456 0 0 
8900 13424 13506 39 13429 11881 12889 11497 0 0 
9000 13506 13453 45 13432 11808 12835 11499 0 0 
9100 13482 13391 48 13444 11903 12825 11556 0 0 
9200 13422 13449 37 13390 11910 12856 11481 0 1 
9300 13397 13469 47 13402 11993 12774 11651 0 0 
9400 13395 13448 45 13522 11878 12829 11536 0 0 
9500 13460 13450 44 13469 11983 12821 11683 0 0 
9600 13437 13537 34 13422 11908 12883 11554 0 0 
9700 13395 13466 37 13415 11925 12866 11612 0 0 
9800 13413 13548 38 13469 11942 12985 11638 0 2 
9900 13402 13467 34 13458 11970 12883 11618 0 0 
10000 13424 13474 31 13389 12091 12844 11773 0 0 
