# Avida tasks data
# Tue Apr 18 09:56:41 2023
# First column gives the current update, next columns give the number
# of organisms that have the particular task as a component of their merit
#  1: Update
#  2: Not
#  3: Nand
#  4: And
#  5: OrNot
#  6: Or
#  7: AndNot
#  8: Nor
#  9: Xor
# 10: Equals

0 0 0 0 0 0 0 0 0 0 
100 0 0 0 0 0 0 0 0 0 
200 0 0 0 0 0 0 0 0 0 
300 0 0 0 0 0 0 0 0 0 
400 0 0 0 0 0 0 0 0 0 
500 0 0 0 0 0 0 0 0 0 
600 48 41 0 4 0 0 0 0 0 
700 35 12 0 29 338 81 0 0 0 
800 107 27 2 502 590 578 0 0 0 
900 335 80 6 1255 504 1359 0 0 0 
1000 611 161 6 1928 419 2042 0 0 0 
1100 874 259 5 2621 347 2732 0 0 0 
1200 1103 344 4 3273 416 3343 0 0 0 
1300 964 195 10 3695 1146 3803 1 0 0 
1400 858 148 8 4535 2047 4658 0 0 0 
1500 723 128 19 5363 3063 5481 0 0 0 
1600 674 165 18 6164 4049 6267 3 0 0 
1700 719 248 19 6856 5158 6910 3 0 0 
1800 1050 625 23 7496 6072 7587 5 0 0 
1900 1648 1179 31 7931 6685 7990 1 0 0 
2000 2292 1817 24 8425 7295 8467 3 0 0 
2100 3050 2526 26 9145 8135 9145 3 0 0 
2200 3780 3193 26 9715 8765 9669 1 0 1 
2300 4575 3875 51 10250 9378 10129 8 3 0 
2400 5298 4543 55 10458 9652 10356 10 0 0 
2500 5901 4959 178 10728 9893 10426 172 4 0 
2600 6419 5051 452 10715 9980 10507 541 2 4 
2700 7054 5249 780 10849 10132 10626 927 1 12 
2800 7385 5222 1127 10810 10153 10611 1355 2 17 
2900 7679 4991 1453 10821 10260 10609 1912 0 21 
3000 8002 4918 1756 10784 10186 10542 2272 1 25 
3100 8366 4890 1933 10855 10286 10631 2674 1 15 
3200 8717 4888 2153 10893 10312 10687 3058 0 8 
3300 9135 5012 2432 10941 10319 10706 3352 3 8 
3400 9457 5018 2644 10846 10274 10606 3675 4 12 
3500 9816 4981 2862 10807 10252 10586 4048 4 6 
3600 10261 5042 3133 10904 10345 10629 4401 4 7 
3700 10435 5032 3222 10762 10242 10573 4637 3 1 
3800 10596 4972 3245 10722 10203 10540 4884 117 0 
3900 10841 4991 3483 10866 10356 10645 5115 554 0 
4000 10989 5107 3818 10828 10465 10572 5177 1025 0 
4100 11146 5230 4098 10824 10380 10487 5163 1588 0 
4200 11293 5434 4483 10903 10496 10597 5149 2241 0 
4300 11303 5567 4727 10788 10409 10409 4985 2771 0 
4400 11413 5822 5089 10821 10404 10425 4810 3323 0 
4500 11664 6321 5531 11059 10612 10544 4607 3908 3 
4600 11620 6528 5776 10985 10513 10460 4362 4261 2 
4700 11699 6853 6071 10979 10468 10443 4154 4737 0 
4800 11740 7176 6368 10899 10443 10378 3843 5180 0 
4900 11747 7366 6672 10906 10505 10283 3620 5597 0 
5000 11844 7847 7087 11040 10610 10397 3289 6251 1 
5100 11864 8066 7459 11020 10508 10317 2938 6745 1 
5200 11884 8383 7842 11075 10552 10336 2685 7178 0 
5300 11870 8548 7930 10914 10414 10126 2393 7425 0 
5400 11931 8819 8266 10992 10433 10101 2137 7815 0 
5500 11942 9125 8503 11044 10449 10176 1915 8123 2 
5600 11985 9336 8783 11005 10483 10183 1608 8423 2 
5700 11946 9597 9040 11055 10494 10085 1361 8692 0 
5800 11815 9798 9257 11049 10333 10048 1113 8845 2 
5900 11902 10023 9452 11022 10408 10024 891 9048 2 
6000 12064 10396 9797 11196 10554 10158 745 9372 0 
6100 12021 10400 9853 11112 10512 10101 709 9483 6 
6200 11955 10543 10008 11042 10501 10151 678 9650 8 
6300 12080 10806 10183 11215 10580 10264 662 9759 49 
6400 12072 10740 10221 11159 10563 10172 797 9668 99 
6500 12088 10792 10183 11172 10474 10133 1039 9625 560 
6600 12107 10820 10181 11200 10444 10152 1293 9618 1055 
6700 12133 10833 10206 11212 10475 10146 1625 9635 1472 
6800 12132 10852 10253 11256 10488 10191 1932 9697 1805 
6900 12174 10885 10222 11283 10498 10199 2222 9713 2131 
7000 12113 10870 10251 11322 10504 10184 2541 9703 2466 
7100 12129 10840 10223 11274 10491 10177 2859 9731 2749 
7200 12153 10808 10215 11314 10479 10173 3103 9746 3021 
7300 12226 10903 10273 11360 10540 10280 3475 9829 3385 
7400 12217 10903 10306 11381 10492 10274 3767 9829 3695 
7500 12210 10879 10267 11392 10489 10263 4031 9777 3949 
7600 12282 11003 10383 11506 10599 10388 4418 9871 4350 
7700 12319 11000 10301 11480 10532 10349 4650 9827 4577 
7800 12352 10960 10314 11508 10501 10323 4770 9788 4736 
7900 12359 11027 10351 11534 10492 10387 5029 9844 5023 
8000 12321 10989 10397 11546 10534 10427 5236 9879 5208 
8100 12335 10967 10352 11508 10529 10373 5382 9820 5377 
8200 12403 11088 10462 11628 10591 10487 5729 9944 5747 
8300 12403 11092 10433 11607 10560 10453 5860 9934 5889 
8400 12466 11178 10499 11669 10589 10510 6075 9966 6114 
8500 12364 11132 10426 11635 10535 10433 6163 9883 6252 
8600 12412 11235 10545 11759 10612 10563 6508 10007 6566 
8700 12447 11142 10494 11709 10552 10525 6626 9942 6684 
8800 12487 11151 10537 11696 10582 10563 6908 10028 7003 
8900 12467 11186 10503 11708 10592 10550 7086 9986 7191 
9000 12486 11245 10505 11743 10567 10536 7135 9921 7317 
9100 12436 11141 10455 11714 10520 10511 7257 9894 7421 
9200 12480 11183 10547 11742 10623 10571 7526 9981 7688 
9300 12541 11190 10516 11718 10571 10551 7650 10006 7812 
9400 12589 11268 10596 11853 10676 10611 7803 10063 8008 
9500 12580 11352 10727 11886 10763 10737 8030 10199 8269 
9600 12573 11343 10665 11857 10691 10695 8050 10125 8305 
9700 12523 11303 10614 11835 10622 10621 8112 10050 8368 
9800 12529 11334 10627 11866 10620 10658 8285 10124 8556 
9900 12566 11400 10678 11940 10683 10729 8461 10200 8750 
10000 12530 11340 10658 11923 10644 10672 8487 10111 8733 
