# Avida tasks data
# Tue Apr 18 09:31:19 2023
# First column gives the current update, next columns give the number
# of organisms that have the particular task as a component of their merit
#  1: Update
#  2: Not
#  3: Nand
#  4: And
#  5: OrNot
#  6: Or
#  7: AndNot
#  8: Nor
#  9: Xor
# 10: Equals

0 0 0 0 0 0 0 0 0 0 
100 0 0 0 0 0 0 0 0 0 
200 0 0 0 0 0 0 0 0 0 
300 0 0 0 0 0 0 0 0 0 
400 0 0 0 0 0 0 0 0 0 
500 0 0 0 0 0 0 0 0 0 
600 0 0 0 0 0 0 0 0 0 
700 0 8 0 0 0 0 0 0 0 
800 6 43 0 5 0 0 0 0 0 
900 30 88 0 131 0 0 0 0 0 
1000 87 513 0 642 2 0 0 0 0 
1100 281 1375 0 1592 271 0 0 0 0 
1200 1705 778 0 1048 2603 6 2114 0 0 
1300 2787 530 0 3004 3468 1709 3100 0 0 
1400 4229 486 0 4535 4315 3301 4209 0 0 
1500 5686 461 0 5679 5253 4461 5352 0 0 
1600 7328 607 0 6927 6276 5538 6541 0 0 
1700 8664 864 1 8081 7360 6733 7656 0 0 
1800 9790 1179 3 9017 8163 7455 8466 0 0 
1900 10800 1708 0 10008 9061 8395 9446 0 0 
2000 11705 2302 6 10837 9839 9179 10273 0 0 
2100 12250 2896 2 11262 10280 9682 10767 0 0 
2200 12650 3781 371 11716 10684 10064 11133 0 0 
2300 12840 4773 1409 11871 10795 10103 11252 3 0 
2400 13028 5760 2585 12076 10940 10321 11402 0 0 
2500 13061 6992 3825 12130 11027 10403 11525 0 0 
2600 13108 7999 4984 12192 11041 10466 11559 1 0 
2700 13099 8793 5842 12201 11044 10389 11536 1 0 
2800 13230 9450 6749 12309 11108 10517 11682 1 0 
2900 13217 10094 7421 12331 11097 10525 11616 2 0 
3000 13197 10700 8354 12287 11006 10397 11600 0 0 
3100 13269 11352 9104 12382 11184 10547 11679 0 0 
3200 13302 11704 9536 12392 11169 10467 11670 0 0 
3300 13277 12080 10007 12448 11282 10645 11795 0 0 
3400 13333 12434 10070 12398 11094 10490 11646 0 0 
3500 13437 12542 10388 12423 11258 10586 11772 0 2 
3600 13484 12738 10602 12476 11271 10700 11847 7 1 
3700 13549 12814 10578 12517 11193 10533 11778 18 0 
3800 13627 12916 10647 12536 11264 10678 11852 17 0 
3900 13582 12967 10651 12452 11259 10610 11801 19 2 
4000 13503 12993 10563 12385 11225 10571 11685 12 0 
4100 13569 12932 10561 12536 11281 10621 11768 7 0 
4200 13598 12996 10625 12450 11333 10605 11754 0 0 
4300 13614 13048 10611 12551 11357 10661 11856 1 0 
4400 13630 13037 10721 12544 11395 10773 11905 1 0 
4500 13594 13133 10666 12570 11319 10705 11872 0 3 
4600 13638 13118 10722 12510 11420 10805 11902 0 0 
4700 13640 13120 10648 12427 11331 10745 11815 0 0 
4800 13658 12978 10624 12504 11367 10696 11875 0 0 
4900 13589 13158 10592 12579 11346 10680 11826 0 0 
5000 13632 13158 10648 12529 11430 10736 11791 0 0 
5100 13634 13281 10775 12557 11517 10843 11937 0 0 
5200 13667 13127 10732 12633 11466 10876 11954 0 0 
5300 13607 13101 10539 12420 11292 10670 11826 1 0 
5400 13589 13187 10561 12557 11353 10744 11849 0 0 
5500 13655 13176 10633 12498 11332 10731 11779 0 1 
5600 13723 13219 10651 12544 11386 10790 11895 0 0 
5700 13657 13239 10747 12657 11500 10895 11985 0 1 
5800 13728 13229 10858 12616 11545 10960 11987 0 2 
5900 13606 13172 10700 12555 11410 10772 11898 1 0 
6000 13680 13295 10736 12533 11428 10856 11892 0 0 
6100 13594 13329 10912 12624 11526 10942 11959 0 2 
6200 13688 13212 10847 12684 11477 10874 11927 0 0 
6300 13686 13237 10747 12629 11406 10773 11931 0 1 
6400 13609 13247 10845 12523 11453 10793 11841 0 0 
6500 13704 13273 10932 12640 11543 10997 11966 0 0 
6600 13636 13335 10943 12620 11532 10941 11945 0 0 
6700 13723 13206 10977 12607 11576 10958 11965 0 0 
6800 13698 13246 10980 12680 11578 10992 11996 0 2 
6900 13727 13213 10982 12768 11627 11057 12085 0 0 
7000 13697 13230 10985 12684 11596 10963 12046 0 0 
7100 13718 13245 10943 12655 11539 10936 11953 0 1 
7200 13725 13103 10954 12628 11655 11032 12078 0 0 
7300 13742 13247 11051 12683 11737 11128 12106 0 0 
