# Avida tasks data
# Tue Apr 18 15:45:42 2023
# First column gives the current update, next columns give the number
# of organisms that have the particular task as a component of their merit
#  1: Update
#  2: Not
#  3: Nand
#  4: And
#  5: OrNot
#  6: Or
#  7: AndNot
#  8: Nor
#  9: Xor
# 10: Equals

0 0 0 0 0 0 0 0 0 0 
100 0 0 0 0 0 0 0 0 0 
200 0 0 0 0 0 0 0 0 0 
300 0 0 0 0 0 0 0 0 0 
400 0 0 0 0 0 0 0 0 0 
500 13 0 0 0 0 0 0 0 0 
600 215 0 0 0 0 0 0 0 0 
700 634 17 0 0 0 0 0 0 0 
800 1202 31 0 0 0 0 0 0 0 
900 1739 1130 0 583 0 0 0 0 0 
1000 3033 2778 111 2515 0 10 0 0 0 
1100 3346 3951 699 3800 0 92 0 0 0 
1200 3763 5453 1497 5349 0 520 0 0 0 
1300 4798 6839 2339 6804 2 1103 2 0 0 
1400 6130 7659 2986 7508 1 2052 1 0 0 
1500 7515 8465 3831 8329 6 3056 1 0 0 
1600 9051 9706 5309 9568 5 4632 0 0 0 
1700 10063 10644 6676 10473 76 5965 0 0 0 
1800 11056 11398 7879 11305 186 7214 0 0 0 
1900 11810 12069 8995 11964 304 8183 2 0 0 
2000 12406 12656 9956 12638 524 9106 0 0 0 
2100 12804 13033 10562 13034 853 9615 1 0 0 
2200 12853 13193 11042 13204 1156 10058 0 0 0 
2300 13043 13213 11298 13307 1426 10292 2 0 0 
2400 13094 13281 11248 13335 1391 10395 0 159 179 
2500 13091 13282 11215 13322 1366 10360 0 156 194 
2600 13089 13281 11200 13329 1348 10339 0 167 217 
2700 13085 13281 11205 13325 1348 10339 0 167 214 
2800 13100 13291 10999 13339 1136 10135 5 184 438 
2900 13089 13287 11004 13325 1135 10133 5 176 425 
3000 13079 13277 10978 13303 1101 10103 5 163 436 
3100 13075 13283 10938 13316 1067 10065 3 160 470 
3200 13098 13294 10814 13331 965 9950 1 153 613 
3300 13098 13286 10726 13305 903 9870 6 116 668 
3400 13130 12979 10587 13302 784 9744 7 40 865 
3500 13117 13037 9955 13264 686 9144 10 40 1462 
3600 13111 13008 9389 13233 663 8621 11 40 2008 
3700 13122 13013 9053 13237 636 8289 16 40 2457 
3800 13091 13019 8805 13201 637 8051 14 41 2688 
3900 13137 13061 8551 13245 637 7829 15 41 2992 
4000 13122 13097 8360 13203 637 7629 15 41 3152 
4100 13116 13080 8172 13185 650 7447 21 40 3354 
4200 13170 13167 7940 13230 641 7264 14 40 3625 
4300 13149 13141 7720 13188 659 7065 24 42 3824 
4400 13133 13160 7522 13203 628 6866 18 32 4016 
4500 13127 13161 7314 13176 655 6661 19 30 4257 
