# Avida tasks data
# Tue Apr 18 14:44:37 2023
# First column gives the current update, next columns give the number
# of organisms that have the particular task as a component of their merit
#  1: Update
#  2: Not
#  3: Nand
#  4: And
#  5: OrNot
#  6: Or
#  7: AndNot
#  8: Nor
#  9: Xor
# 10: Equals

0 0 0 0 0 0 0 0 0 0 
100 0 0 0 0 0 0 0 0 0 
200 0 0 0 0 0 0 0 0 0 
300 0 0 0 0 0 0 0 0 0 
400 0 0 0 0 0 0 0 0 0 
500 0 0 0 0 0 0 0 0 0 
600 0 24 0 0 0 0 0 0 0 
700 0 387 0 10 0 0 0 0 0 
800 426 1243 1 6 0 1 0 0 0 
900 1123 1561 0 32 2 0 0 0 0 
1000 1556 1067 0 62 0 0 0 0 0 
1100 1947 1099 0 83 0 0 0 0 0 
1200 2254 1422 0 84 1 0 0 0 0 
1300 2240 2172 0 67 0 0 0 0 0 
1400 2312 2223 1 59 0 0 0 0 0 
1500 2373 1750 0 46 0 0 0 0 0 
1600 2503 1360 0 36 0 0 0 0 0 
1700 2699 1058 0 27 0 0 0 0 0 
1800 2989 886 0 24 0 0 0 0 0 
1900 3178 769 0 30 0 0 0 0 0 
2000 3439 671 0 16 0 0 0 0 0 
2100 3732 586 0 21 0 0 0 0 0 
2200 4038 502 1 19 0 0 0 0 0 
2300 4360 433 1 19 0 0 0 0 0 
2400 4638 350 1 16 0 0 0 0 0 
2500 4944 321 1 10 0 0 0 0 0 
2600 5262 313 1 10 0 0 0 0 0 
2700 5611 291 0 15 0 0 0 0 0 
2800 6001 284 0 16 0 0 0 0 0 
2900 6369 285 0 13 0 0 0 0 0 
3000 6686 316 0 18 0 0 0 0 0 
3100 7215 317 0 27 1 0 0 0 0 
3200 7747 358 1 20 0 0 0 0 0 
3300 8219 363 1 30 0 0 0 0 0 
3400 8456 728 6 22 0 0 0 0 0 
3500 8417 1164 3 19 0 0 0 0 0 
3600 8395 1316 3 24 0 0 0 0 0 
3700 8387 1558 3 28 0 0 0 0 0 
3800 8402 1778 5 38 0 0 0 0 0 
3900 8536 2089 7 40 0 0 0 0 0 
4000 8703 2380 8 58 0 0 0 0 0 
4100 8882 2666 5 47 0 0 0 0 0 
4200 9111 2950 3 51 0 0 0 0 0 
4300 9504 3380 6 47 0 0 0 0 0 
4400 9723 3655 3 48 0 0 0 0 0 
4500 9984 4055 3 45 0 0 0 0 0 
4600 10278 4426 2 54 0 0 0 0 0 
4700 10549 4721 2 59 0 0 0 0 0 
4800 10927 5112 2 59 0 0 0 0 0 
4900 11282 5507 6 59 0 0 0 0 0 
5000 11500 5796 5 68 0 0 0 0 0 
5100 11735 6139 7 77 0 0 0 0 0 
5200 11913 6418 8 82 0 0 0 0 0 
5300 12089 6767 5 75 0 1 0 0 0 
5400 12201 6970 4 84 0 0 0 0 0 
5500 12340 7262 5 90 0 0 0 0 0 
5600 12390 7477 2 86 0 0 0 0 0 
5700 12600 7746 6 93 0 0 0 0 0 
5800 12595 7932 9 93 0 0 0 0 0 
5900 12737 8150 4 97 0 0 0 0 0 
6000 12766 8377 8 81 0 0 0 0 0 
6100 12861 8579 6 76 0 0 0 0 0 
6200 12837 8670 5 101 0 0 0 0 0 
6300 12850 8809 7 100 0 0 0 0 0 
6400 12959 9035 6 97 0 0 0 0 0 
6500 12906 9098 6 102 0 0 0 0 0 
6600 12936 9244 17 114 0 0 0 0 0 
6700 12938 9362 14 116 0 0 0 0 0 
6800 12923 9475 7 103 0 0 0 0 0 
6900 12995 9671 3 87 0 1 0 0 0 
7000 13002 9774 2 105 1 0 0 0 0 
7100 13024 9926 2 119 1 0 0 0 0 
7200 13024 10089 4 133 0 0 0 0 0 
7300 13058 10238 8 138 0 0 0 0 0 
7400 13090 10369 5 123 0 0 0 0 0 
7500 13107 10506 8 111 0 0 0 0 0 
7600 13121 10641 12 130 0 0 0 0 0 
7700 13056 10754 11 129 0 0 0 0 0 
7800 13053 10839 6 132 0 0 0 0 0 
7900 13103 10980 5 141 1 1 0 0 0 
8000 13144 11125 3 140 0 0 0 0 0 
8100 13229 11248 9 144 0 0 0 0 0 
8200 13246 11371 9 129 0 0 0 0 0 
8300 13247 11506 13 111 0 0 0 0 0 
8400 13279 11607 11 117 0 0 0 0 0 
8500 13219 11683 11 114 1 0 0 0 0 
8600 13242 11775 16 112 0 0 0 0 0 
8700 13247 11809 17 142 0 1 0 0 0 
8800 13295 11970 18 128 1 0 0 0 0 
8900 13263 11980 15 144 0 0 0 0 0 
9000 13252 12069 17 142 0 1 0 0 0 
9100 13216 12126 15 141 0 0 0 0 0 
9200 13235 12207 14 126 0 0 0 0 0 
9300 13285 12349 9 136 0 0 0 0 0 
9400 13260 12417 11 126 0 0 0 0 0 
9500 13257 12440 8 125 0 0 0 0 0 
9600 13301 12519 6 129 0 0 0 0 0 
9700 13288 12560 9 116 0 0 0 0 0 
9800 13308 12649 5 128 0 0 0 0 0 
9900 13295 12670 7 135 0 0 0 0 0 
10000 13270 12729 10 119 0 0 0 0 0 
