# Avida tasks data
# Tue Apr 18 11:07:24 2023
# First column gives the current update, next columns give the number
# of organisms that have the particular task as a component of their merit
#  1: Update
#  2: Not
#  3: Nand
#  4: And
#  5: OrNot
#  6: Or
#  7: AndNot
#  8: Nor
#  9: Xor
# 10: Equals

0 0 0 0 0 0 0 0 0 0 
100 0 0 0 0 0 0 0 0 0 
200 0 0 0 0 0 0 0 0 0 
300 0 0 0 0 0 0 0 0 0 
400 0 0 0 0 0 0 0 0 0 
500 0 0 0 0 0 0 0 0 0 
600 0 0 0 0 0 0 0 0 0 
700 0 0 0 0 0 0 0 0 0 
800 2 0 0 0 0 0 0 0 0 
900 2 0 0 0 0 0 0 0 0 
1000 11 21 0 0 0 0 0 0 0 
1100 70 46 0 2 0 0 0 0 0 
1200 279 38 0 1590 1563 0 0 0 0 
1300 968 536 0 3672 3564 5 877 0 0 
1400 2612 217 30 4659 4529 2358 550 0 0 
1500 4079 355 46 5542 5415 3955 167 0 0 
1600 5509 794 63 6627 6463 5447 44 0 0 
1700 6621 1543 81 7592 7371 6566 34 0 0 
1800 7627 2351 76 8622 8421 7693 89 0 0 
1900 8546 3320 108 9580 9314 8641 483 0 0 
2000 9087 4000 258 10426 10162 9471 1382 0 0 
2100 9206 5034 1008 10870 10587 9880 2288 0 0 
2200 9608 5763 2388 11123 10769 10127 2146 0 0 
2300 10115 6338 3954 11325 10968 10369 1782 0 0 
2400 10797 7363 5510 11511 11186 10501 1210 0 0 
2500 11292 8464 6855 12007 11674 11091 981 0 0 
2600 11763 9516 8185 12548 12146 11552 694 0 0 
2700 12003 10378 9111 12700 12381 11788 427 0 0 
2800 12128 11024 9921 12759 12449 11841 306 0 0 
2900 12307 11667 10786 12976 12599 12053 263 0 0 
3000 12272 12012 11293 12984 12682 12173 221 0 0 
3100 12278 12139 11699 13014 12681 12145 246 0 0 
3200 12268 12400 12031 13132 12774 12298 403 0 0 
3300 12137 12458 12041 13120 12820 12226 553 0 0 
3400 11870 12395 12044 13114 12848 12268 760 0 0 
3500 11772 12508 12090 13117 12806 12268 967 0 0 
3600 11439 12587 12209 13074 12825 12309 1262 0 0 
3700 11223 12716 12240 13143 12900 12372 1459 0 0 
3800 10968 12767 12179 13103 12773 12253 1789 0 0 
3900 10573 12620 12145 13054 12833 12234 2279 0 0 
4000 10320 12693 12259 13107 12825 12346 2702 0 0 
4100 10376 12759 12334 13091 12796 12305 3014 0 0 
4200 10329 12805 12387 13104 12800 12355 3574 0 0 
4300 10455 12872 12324 13023 12729 12289 4113 0 0 
4400 10712 12907 12392 13091 12832 12247 4587 0 0 
4500 10830 12844 12404 13126 12852 12363 5328 0 1 
4600 11101 12957 12483 13073 12827 12277 6004 0 0 
4700 11343 13023 12571 13140 12744 12267 6603 4 0 
4800 11657 12979 12593 13122 12772 12328 7136 25 0 
4900 11827 13005 12752 13149 12802 12380 7710 121 0 
5000 11844 13062 12796 13165 12803 12373 8267 208 7 
5100 10744 13003 12548 13151 12662 12285 8379 33 1408 
5200 9406 12927 12395 13197 12693 12365 8481 32 2841 
5300 8312 12840 12374 13211 12709 12553 8763 47 4260 
5400 7986 12770 12199 13246 12791 12527 9041 60 5313 
5500 8098 12770 12040 13290 12708 12580 9316 78 6299 
5600 8409 12710 12122 13335 12724 12658 9717 44 7335 
5700 9018 12599 12101 13354 12744 12780 9983 75 8319 
5800 9860 12594 11892 13380 12682 12773 10331 62 8929 
5900 10474 12738 11878 13418 12726 12742 10608 90 9407 
6000 11081 12681 11789 13402 12568 12705 10651 167 9526 
6100 11306 12888 11849 13442 12623 12669 10888 316 9905 
6200 11216 12953 11785 13462 12655 12678 11181 528 10055 
6300 11123 13002 11990 13468 12706 12765 11409 831 10357 
6400 11052 13090 12004 13482 12763 12755 11668 1371 10584 
6500 11376 13101 12023 13445 12746 12783 11875 1758 10736 
6600 11757 13284 12090 13532 12863 12811 12087 2459 10992 
6700 12099 13270 12044 13489 12705 12713 11997 3108 10826 
6800 12523 13351 12127 13484 12717 12750 12004 3749 10886 
6900 12825 13335 12203 13490 12853 12859 12219 4865 11085 
7000 13008 13362 12214 13445 12772 12924 12126 5800 10991 
7100 13066 13393 12385 13539 12784 12926 12123 6770 11130 
7200 13187 13425 12357 13523 12771 12968 12111 7609 11044 
7300 13261 13421 12292 13460 12769 12873 12029 8215 10872 
7400 13407 13477 12438 13469 12754 12928 12034 8932 10995 
7500 13408 13431 12418 13450 12706 12894 12045 9263 10965 
7600 13469 13459 12493 13378 12689 12938 12019 9558 10945 
7700 13503 13559 12470 13466 12726 12998 12128 9822 11011 
7800 13477 13482 12557 13483 12800 13017 12145 10172 11237 
7900 13554 13512 12533 13461 12819 13020 12096 10249 11149 
8000 13582 13565 12429 13423 12690 12926 12123 10099 10986 
8100 13647 13499 12465 13415 12724 12931 12063 10149 10978 
8200 13497 13413 12432 13407 12667 12855 12046 10005 10898 
8300 13536 13446 12509 13431 12809 13009 12180 10267 11086 
8400 13511 13456 12494 13481 12744 12925 12047 10288 11013 
8500 13602 13520 12560 13493 12794 12993 12222 10401 11147 
8600 13571 13454 12443 13436 12744 12943 12146 10318 11090 
8700 13617 13554 12501 13513 12758 12976 12120 10390 11130 
8800 13492 13430 12461 13449 12767 12911 12132 10302 11068 
8900 13528 13447 12468 13476 12718 12859 12079 10262 10973 
9000 13605 13527 12538 13501 12757 12922 12197 10503 11178 
9100 13552 13536 12513 13548 12770 12849 12162 10401 11087 
9200 13585 13497 12509 13535 12735 12857 12130 10350 11070 
9300 13586 13477 12444 13499 12762 12907 12116 10340 11098 
9400 13612 13496 12431 13564 12788 12880 12162 10422 11070 
9500 13662 13453 12394 13469 12742 12816 12160 10250 11030 
9600 13614 13446 12517 13509 12730 12912 12160 10372 11091 
9700 13685 13504 12541 13536 12787 12911 12187 10526 11210 
9800 13592 13547 12485 13545 12795 12961 12239 10495 11165 
9900 13634 13446 12411 13512 12706 12818 12131 10354 11000 
10000 13558 13453 12513 13477 12745 12885 12215 10420 11091 
