# Avida tasks data
# Tue Apr 18 13:14:44 2023
# First column gives the current update, next columns give the number
# of organisms that have the particular task as a component of their merit
#  1: Update
#  2: Not
#  3: Nand
#  4: And
#  5: OrNot
#  6: Or
#  7: AndNot
#  8: Nor
#  9: Xor
# 10: Equals

0 0 0 0 0 0 0 0 0 0 
100 0 0 0 0 0 0 0 0 0 
200 0 0 0 0 0 0 0 0 0 
300 0 0 0 0 0 0 0 0 0 
400 0 0 0 0 0 0 0 0 0 
500 16 15 0 0 0 0 0 0 0 
600 39 18 0 450 0 0 0 0 0 
700 61 1078 0 1860 0 0 0 0 0 
800 585 1418 0 3406 0 0 0 0 0 
900 1597 1982 0 6243 5 0 6 0 0 
1000 3267 3027 34 7502 16 2 0 0 0 
1100 3348 3283 15 7495 16 2 0 0 0 
1200 3347 3279 15 7492 16 2 0 0 0 
1300 3347 3278 15 7492 16 2 0 0 0 
1400 3347 3278 15 7492 16 2 0 0 0 
1500 3354 3309 22 7505 18 2 0 0 0 
1600 3359 3320 23 7505 18 1 0 0 0 
1700 3366 3336 26 7511 17 0 0 0 0 
1800 3374 3340 24 7513 16 0 0 0 0 
1900 3363 3335 23 7503 18 0 0 0 0 
2000 3364 3338 23 7506 18 0 0 0 0 
2100 3367 3337 23 7508 18 0 0 0 0 
2200 3373 3342 19 7503 19 2 0 0 0 
2300 3371 3346 18 7502 19 2 0 0 0 
2400 3393 3372 2 7511 18 4 0 0 0 
2500 3410 3412 2 7517 17 3 0 0 0 
2600 3242 3455 0 7514 16 9 0 0 0 
2700 3852 4198 2 7623 4 14 0 0 0 
2800 2906 5665 0 8899 11 9 0 0 0 
2900 4244 6600 0 9540 13 28 0 0 0 
