# Avida tasks data
# Tue Apr 18 14:08:24 2023
# First column gives the current update, next columns give the number
# of organisms that have the particular task as a component of their merit
#  1: Update
#  2: Not
#  3: Nand
#  4: And
#  5: OrNot
#  6: Or
#  7: AndNot
#  8: Nor
#  9: Xor
# 10: Equals

0 0 0 0 0 0 0 0 0 0 
100 0 0 0 0 0 0 0 0 0 
200 0 0 0 0 0 0 0 0 0 
300 0 0 0 0 0 0 0 0 0 
400 0 0 0 0 0 0 0 0 0 
500 0 0 0 0 0 0 0 0 0 
600 0 0 0 0 0 0 0 0 0 
700 419 240 0 4 0 0 0 0 0 
800 2878 2748 0 43 4 0 0 0 0 
900 5472 5339 1 115 0 0 0 0 0 
1000 7562 7405 0 472 8 43 0 0 0 
1100 8413 8260 17 2459 3 2263 0 0 0 
1200 8632 8430 32 3813 4 3995 0 0 0 
1300 9025 8738 43 5271 0 5609 0 0 0 
1400 9442 9182 47 6485 0 6992 0 0 0 
1500 10159 9850 63 7823 2 8365 0 0 0 
1600 11032 10665 58 9094 1 9775 0 0 0 
1700 11496 11175 99 9862 5 10515 1 0 0 
1800 11983 11687 73 10340 4 11107 47 0 0 
1900 12260 11898 78 9948 3 11373 1017 0 0 
2000 12306 12100 78 8633 1 11518 2433 0 0 
2100 12307 12210 58 7609 3 11726 3887 0 0 
2200 12136 12298 50 6944 1 11921 5354 0 0 
2300 12119 12356 46 6665 0 12020 6599 0 0 
2400 12025 12344 42 6862 14 11993 7691 0 0 
2500 12077 12295 41 6869 202 12152 8698 0 0 
2600 12065 12052 50 6935 880 12259 9519 2 0 
2700 12034 12071 61 6881 1804 12520 10275 0 0 
2800 11875 11808 280 6927 2643 12496 10610 0 0 
2900 12028 11830 867 7329 3522 12456 10832 0 0 
3000 11961 11825 1906 7657 4578 12564 11135 0 0 
3100 12225 11996 3356 7994 5557 12647 11270 0 0 
3200 12301 12220 4906 8275 6708 12735 11370 0 0 
3300 12371 12302 6051 8803 7704 12707 11499 0 0 
3400 12402 12475 7312 9258 8722 12751 11703 0 0 
3500 12448 12817 8662 9826 9577 12881 11859 0 0 
3600 12568 12866 9484 10068 10223 12951 12087 0 0 
3700 12652 13027 10231 10523 10750 13021 12216 0 0 
3800 12658 13000 10757 10826 11300 12983 12327 0 0 
3900 12815 13130 11412 11051 11568 13039 12324 1 0 
4000 12836 13175 11665 11271 11953 13127 12451 0 0 
4100 12884 13168 11904 11315 12328 13248 12599 0 0 
4200 12977 13206 12115 11384 12447 13196 12634 0 0 
4300 12951 13305 12333 11485 12633 13275 12712 0 0 
4400 13048 13294 12296 11529 12632 13306 12658 0 0 
4500 13040 13316 12362 11716 12585 13256 12662 0 0 
4600 13084 13278 12317 11531 12486 13263 12589 17 19 
4700 12961 13324 12323 11566 12309 13318 12419 206 207 
4800 12956 11797 10930 10348 12402 13335 12447 1053 1065 
4900 12923 10523 9540 9288 12413 13413 12397 2313 2329 
5000 12941 10417 9452 9200 12391 13377 12382 2371 2391 
5100 12941 10235 9293 9063 12407 13396 12394 2526 2539 
5200 12936 9907 9006 8835 12398 13389 12210 2783 2815 
5300 12937 9671 8796 8657 12407 13381 12020 3001 3011 
5400 12943 9523 8652 8524 12382 13390 11906 3126 3146 
5500 12933 9369 8505 8422 12328 13340 11871 3238 3258 
5600 12755 9145 8299 8294 11930 12748 11447 3192 3394 
5700 12771 8887 8050 8101 11992 12474 11286 3162 3554 
5800 12797 8871 8037 8211 11903 12451 11284 3136 3556 
5900 12785 8701 7868 8338 11603 12258 11130 3099 3635 
6000 12805 8585 7789 8457 11354 11978 10966 2966 3670 
6100 12808 8532 7785 8568 11188 11900 10860 2821 3663 
6200 12805 8523 7785 8632 11130 11786 10827 2764 3635 
6300 12793 8533 7780 8748 11039 11602 10785 2686 3641 
6400 12801 8540 7782 8881 10924 11476 10713 2583 3637 
6500 12794 8543 7782 8904 10891 11438 10686 2555 3621 
6600 12796 8541 7782 8915 10890 11435 10684 2552 3632 
6700 12776 8549 7779 9034 10770 11306 10573 2451 3613 
6800 12770 8543 7777 8954 10744 11267 10505 2427 3604 
6900 12779 8541 7778 9069 10679 11194 10396 2376 3624 
7000 12711 8552 7779 9197 10582 11062 10281 2277 3628 
7100 12713 8548 7779 9212 10564 11046 10264 2270 3639 
7200 12730 8547 7778 9222 10550 11026 10249 2254 3629 
7300 12730 8544 7779 9250 10510 10992 10212 2229 3648 
7400 12626 8530 7775 9278 10479 10959 10183 2208 3665 
7500 12625 8530 7777 9272 10479 10959 10183 2208 3659 
