# Avida tasks data
# Tue Apr 18 20:01:51 2023
# First column gives the current update, next columns give the number
# of organisms that have the particular task as a component of their merit
#  1: Update
#  2: Not
#  3: Nand
#  4: And
#  5: OrNot
#  6: Or
#  7: AndNot
#  8: Nor
#  9: Xor
# 10: Equals

0 0 0 0 0 0 0 0 0 0 
100 0 0 0 0 0 0 0 0 0 
200 0 0 0 0 0 0 0 0 0 
300 0 0 0 0 0 0 0 0 0 
400 7 0 0 0 0 0 0 0 0 
500 8 0 0 0 0 0 0 0 0 
600 12 1 0 0 0 0 0 0 0 
700 53 0 0 0 0 0 0 0 0 
800 126 1 0 3 0 0 0 0 0 
900 305 12 0 34 0 0 0 0 0 
1000 501 46 2 185 0 0 0 0 0 
1100 1023 256 21 711 0 0 0 0 0 
1200 1100 729 491 2505 771 71 0 0 0 
1300 995 2400 1976 3859 2176 276 0 0 0 
1400 1098 3915 3537 5098 3529 671 0 0 0 
1500 2140 4216 4096 5442 3992 2367 0 0 0 
1600 3459 5400 5135 6147 4810 3800 1 0 0 
1700 4743 6392 5836 6685 5571 4859 10 1 0 
1800 6011 7416 6764 7623 6573 6074 57 12 0 
1900 7208 8429 7578 8609 7606 6958 46 2 0 
2000 8348 9167 8292 9393 8500 7908 58 1 0 
2100 9126 9900 8811 9957 9164 8469 117 0 0 
2200 9868 10636 9469 10704 9689 9101 350 2 0 
2300 10420 11259 9808 11126 10023 9457 551 3 0 
2400 10954 11826 10183 11539 10034 9932 898 2 0 
2500 11270 12097 10306 11508 10062 10106 1355 0 0 
2600 11378 12259 10644 11412 10305 10498 2050 1 1 
2700 11094 11736 10779 11079 10536 10590 3401 0 0 
2800 10603 11107 10603 10935 10827 10475 4491 3 0 
2900 10396 10545 10705 11103 11002 10564 5324 2 1 
3000 9838 10170 10669 11240 11237 10519 6134 3 0 
3100 9766 9770 10671 11339 11248 10571 6851 3 0 
3200 9768 9596 10639 11341 11313 10628 7800 1 1 
3300 9760 9426 10809 11410 11397 10684 8440 0 2 
3400 9726 9371 10747 11483 11330 10696 9038 0 1 
3500 9800 9356 10877 11639 11501 10763 9674 0 0 
3600 9607 9416 10844 11708 11373 10796 10047 0 2 
3700 9809 9504 10833 11641 11389 10806 10552 0 0 
3800 9843 9471 10730 11640 11393 10771 10927 0 7 
3900 9995 9772 10704 11675 11353 10787 11205 0 30 
4000 10118 10141 10671 11718 11398 10789 11263 0 54 
4100 10440 10649 10733 11879 11428 10916 11361 0 87 
4200 10576 10979 10772 11955 11468 11032 11496 0 138 
4300 10795 11457 10912 12076 11585 11185 11553 0 161 
4400 10899 11594 10703 12125 11426 11125 11502 0 204 
4500 10946 11799 10651 12153 11509 11085 11505 0 285 
4600 10604 11769 10346 12044 11487 11170 11440 0 589 
4700 10002 11203 9676 11956 11402 10953 11433 0 1078 
4800 9533 10291 9000 11961 11440 10963 11505 0 1830 
4900 8735 9438 8253 11964 11509 10898 11525 2 2627 
5000 8119 8626 7379 11827 11450 10703 11464 0 3403 
5100 7855 7933 6827 11785 11291 10676 11383 5 3899 
5200 7718 7123 6138 11756 11361 10652 11453 1 4662 
5300 7444 6369 5451 11701 11226 10486 11371 3 5211 
5400 7293 5618 4797 11572 11304 10392 11469 7 5829 
5500 7168 4958 4246 11647 11312 10374 11430 3 6399 
5600 7162 4367 3690 11632 11252 10205 11393 5 6886 
5700 7274 3745 3190 11655 11391 10210 11542 12 7447 
5800 7316 3167 2673 11546 11348 10155 11464 8 7927 
5900 7512 2682 2179 11518 11329 10153 11482 10 8403 
6000 7621 2209 1800 11500 11334 10074 11486 5 8801 
6100 7916 1962 1511 11507 11358 10042 11497 10 9052 
6200 8276 1728 1166 11551 11294 10078 11483 9 9381 
6300 8850 1678 909 11546 11282 10013 11451 9 9580 
6400 9266 1856 854 11426 11209 9927 11418 10 9608 
6500 9880 2015 668 11454 11284 10069 11445 4 9851 
6600 10454 2238 501 11469 11245 9994 11445 2 9990 
6700 10966 2613 404 11487 11272 10069 11466 2 10077 
6800 11268 2870 249 11395 11242 10040 11434 1 10254 
6900 11314 2897 229 11397 11259 10061 11470 3 10296 
7000 11315 2899 229 11396 11259 10061 11470 3 10296 
7100 11317 2898 228 11395 11259 10062 11469 3 10295 
7200 11476 3153 173 11427 11299 10068 11479 4 10353 
7300 11875 3466 166 11335 11302 10004 11424 4 10344 
7400 12235 3873 170 11430 11367 10124 11517 2 10405 
7500 12401 4466 150 11409 11381 10241 11541 5 10545 
7600 12472 5007 159 11452 11447 10160 11564 8 10490 
7700 12585 5400 180 11447 11477 10253 11592 7 10557 
7800 12739 5895 178 11270 11352 10204 11483 3 10439 
7900 12700 6107 179 11312 11471 10235 11607 9 10485 
8000 12538 6312 179 11213 11358 10184 11448 1 10430 
8100 12606 6233 181 11154 11485 10161 11542 2 10448 
8200 12613 5979 190 11158 11422 10211 11494 5 10455 
8300 12727 5546 195 11224 11584 10317 11636 5 10622 
8400 12696 5105 185 11174 11504 10176 11620 4 10475 
8500 12675 4547 180 11197 11450 10119 11554 4 10436 
8600 12667 4058 181 11139 11387 10144 11515 3 10413 
8700 12637 3507 181 11142 11359 10081 11497 6 10388 
8800 12606 3375 190 11172 11416 10117 11587 4 10434 
8900 12567 2813 190 11082 11424 10055 11492 5 10337 
9000 12627 2054 190 11221 11479 10167 11612 7 10484 
9100 12772 1638 183 11224 11462 10131 11575 3 10463 
9200 12815 1275 157 11251 11507 10261 11654 3 10608 
9300 12789 939 194 11170 11500 10070 11597 6 10518 
9400 12813 680 178 11188 11421 10177 11599 14 10468 
9500 12721 516 169 11162 11483 10175 11591 5 10505 
9600 12823 405 154 11245 11499 10174 11639 12 10566 
9700 12748 405 172 11257 11536 10194 11686 68 10550 
9800 12914 376 214 11260 11592 10290 11724 638 10628 
9900 13084 384 198 11275 11710 10221 11846 1583 10687 
10000 13129 381 216 11373 11796 10303 11917 2316 10733 
