# Avida tasks data
# Wed Apr 19 00:42:40 2023
# First column gives the current update, next columns give the number
# of organisms that have the particular task as a component of their merit
#  1: Update
#  2: Not
#  3: Nand
#  4: And
#  5: OrNot
#  6: Or
#  7: AndNot
#  8: Nor
#  9: Xor
# 10: Equals

0 0 0 0 0 0 0 0 0 0 
100 0 0 0 0 0 0 0 0 0 
200 0 0 0 0 0 0 0 0 0 
300 0 0 0 0 0 0 0 0 0 
400 0 0 0 0 0 0 0 0 0 
500 0 2 0 0 0 0 0 0 0 
600 0 23 0 0 0 0 0 0 0 
700 5 56 0 0 0 2 0 0 0 
800 53 39 348 677 0 7 0 0 0 
900 66 41 1491 1620 0 28 0 0 0 
1000 202 111 2675 2824 4 47 0 0 0 
1100 839 494 4148 4365 5 115 0 0 0 
1200 2502 1525 5838 6144 9 192 2 0 0 
1300 4527 3144 7803 8244 21 209 0 0 0 
1400 6466 4485 9307 9844 29 278 61 0 0 
1500 7977 5575 10231 10819 41 978 645 0 0 
1600 8967 5725 10861 11400 610 2081 1997 0 0 
1700 9683 5300 11035 11639 1310 2781 3481 0 19 
1800 9981 5288 11079 11672 2128 3298 4881 0 72 
1900 9975 5691 11095 11766 3142 3909 6120 0 73 
2000 10082 5864 11057 11703 4386 4705 7114 2 84 
2100 10011 6109 11055 11759 5632 5480 7886 1 129 
2200 10142 6415 11147 11837 6766 6353 8603 0 155 
2300 10158 6557 11250 11946 7426 6948 9076 1 172 
2400 10358 6980 11373 12054 7980 7751 9456 0 189 
2500 10439 7487 11192 11963 8353 8184 9650 2 183 
2600 10453 8009 11336 12071 8946 8752 10117 1 153 
2700 10579 8497 11253 11968 9201 9097 10317 1 137 
2800 10808 8931 11373 12044 9801 9616 10679 1 121 
2900 11007 9586 11477 12175 10086 9978 10891 0 79 
3000 11197 10038 11498 12182 10418 10298 11016 0 55 
3100 11162 10611 11393 12139 10525 10528 11112 0 36 
3200 11308 11157 11483 12215 10768 10759 11272 1 19 
3300 11441 11541 11565 12398 10943 10966 11436 1 8 
3400 11620 11864 11537 12339 10886 11019 11372 0 1 
3500 11584 12099 11525 12236 10912 11053 11375 0 0 
3600 11656 12310 11639 12359 10803 11023 11351 0 0 
3700 11845 12525 11573 12299 10833 10979 11386 0 0 
3800 11898 12703 11748 12383 11010 11184 11511 1 1 
3900 11942 12924 11739 12426 11103 11227 11590 0 0 
4000 12044 12801 11636 12352 10965 11159 11425 0 0 
4100 11945 12802 11589 12352 10837 11008 11369 0 0 
4200 11996 12858 11716 12378 11062 11128 11549 0 0 
4300 12114 12811 11729 12439 11065 11157 11545 0 0 
4400 12047 12859 11691 12331 11009 11145 11463 1 1 
4500 12172 12949 11781 12400 11067 11232 11552 0 0 
4600 12218 12934 11785 12431 11108 11242 11572 0 0 
4700 12282 12969 11896 12602 11187 11297 11698 2 2 
4800 12169 13007 11837 12491 11069 11235 11607 0 0 
4900 12312 12934 11772 12497 11181 11276 11620 0 0 
5000 12373 12956 11809 12500 11209 11261 11642 0 0 
5100 12301 12849 11787 12534 11125 11172 11522 0 0 
5200 12373 13010 11976 12594 11292 11387 11759 0 0 
5300 12490 13014 11899 12603 11220 11372 11697 2 2 
5400 12511 13015 11884 12536 11235 11350 11710 0 0 
5500 12487 13051 11916 12635 11241 11384 11720 0 0 
5600 12488 13078 11870 12607 11259 11389 11760 2 2 
5700 12551 13119 11828 12560 11183 11357 11697 0 0 
5800 12560 13096 11906 12602 11259 11433 11758 0 0 
5900 12520 13138 11899 12563 11290 11406 11746 0 1 
6000 12567 13099 11927 12605 11218 11384 11733 0 1 
6100 12638 13071 12024 12729 11431 11558 11895 0 0 
6200 12539 13095 11947 12638 11461 11468 11844 0 0 
6300 12664 13059 11986 12683 11386 11529 11804 1 1 
6400 12612 13066 11969 12574 11426 11498 11810 0 0 
6500 12643 13134 11954 12646 11475 11550 11883 0 0 
6600 12630 13080 12031 12690 11421 11531 11907 0 0 
6700 12555 13140 11993 12655 11386 11476 11858 0 0 
6800 12618 13142 11943 12635 11395 11505 11872 0 0 
6900 12608 13114 12009 12710 11352 11557 11868 0 0 
7000 12689 13087 12099 12791 11484 11601 11920 0 2 
7100 12677 13055 12175 12885 11550 11690 12010 4 1 
7200 12813 13136 12056 12757 11509 11604 11963 0 0 
7300 12773 13122 12017 12684 11446 11462 11818 2 4 
7400 12772 13178 11968 12696 11428 11586 11924 0 0 
7500 12883 13083 12055 12744 11376 11603 11904 0 0 
7600 12930 13138 12113 12753 11489 11673 11939 1 0 
7700 12881 13154 12032 12725 11380 11447 11825 0 0 
7800 12791 13133 11998 12699 11406 11587 11856 0 0 
7900 12781 13042 12053 12760 11495 11584 11934 0 1 
8000 12869 13076 12126 12854 11504 11619 11949 0 0 
8100 12790 13154 12055 12687 11381 11567 11873 0 0 
8200 12872 13071 12050 12690 11358 11557 11883 0 0 
8300 12829 13122 12109 12784 11515 11582 11957 0 0 
8400 12862 13107 12066 12742 11441 11619 11929 0 0 
8500 12841 13066 12160 12863 11551 11688 11988 0 0 
8600 12924 13162 12153 12821 11594 11695 12041 0 0 
8700 12937 13143 12070 12765 11516 11553 11896 0 0 
8800 12982 13249 12175 12905 11657 11728 12124 0 0 
8900 13001 13259 12159 12895 11563 11668 11993 0 0 
9000 13013 13273 12086 12822 11591 11750 12064 0 0 
9100 13150 13162 12191 12812 11545 11687 11996 0 0 
9200 13113 13158 12196 12803 11607 11694 12048 0 0 
9300 12989 13281 12167 12806 11517 11689 12025 0 1 
9400 13137 13269 12154 12826 11574 11656 12018 0 0 
9500 13156 13241 12089 12853 11573 11677 11984 0 0 
9600 13184 13313 12111 12745 11501 11690 11971 0 0 
9700 13185 13180 12235 12842 11654 11715 12066 0 0 
9800 13139 13274 12086 12817 11559 11678 11975 0 0 
9900 13208 13290 12143 12797 11485 11622 11908 1 0 
10000 13121 13201 12075 12776 11459 11629 12017 0 0 
