# Avida tasks data
# Wed Apr 19 05:01:43 2023
# First column gives the current update, next columns give the number
# of organisms that have the particular task as a component of their merit
#  1: Update
#  2: Not
#  3: Nand
#  4: And
#  5: OrNot
#  6: Or
#  7: AndNot
#  8: Nor
#  9: Xor
# 10: Equals

0 0 0 0 0 0 0 0 0 0 
100 0 0 0 0 0 0 0 0 0 
200 0 0 0 0 0 0 0 0 0 
300 0 0 0 0 0 0 0 0 0 
400 4 0 0 0 0 0 0 0 0 
500 60 0 0 0 0 0 0 0 0 
600 573 14 0 0 0 0 0 0 0 
700 847 1605 0 2310 2 0 0 0 0 
800 1354 3658 1 4864 1 363 0 0 0 
900 2792 3991 19 6490 17 2035 10 0 0 
1000 3943 4134 13 7516 23 3629 20 0 0 
1100 4993 5078 30 8417 19 5039 17 0 0 
1200 5746 6088 206 9109 21 5861 19 0 0 
1300 6483 6904 1078 9658 18 6471 15 0 0 
1400 7343 7967 2999 10027 12 7351 10 0 0 
1500 8159 8680 4697 10310 100 8196 9 0 0 
1600 9133 8875 6207 10784 750 9004 14 0 0 
1700 10307 9040 8015 11596 1881 10065 14 1 18 
1800 11269 9143 9054 11997 2733 10755 29 6 162 
1900 11896 8802 9687 12156 3663 11263 21 5 411 
2000 12549 8305 10006 12295 4497 11739 33 2 752 
2100 12746 7971 9609 12133 5323 11770 58 6 1192 
2200 12868 8878 8986 12254 6037 11827 93 31 1920 
2300 13024 9983 7714 12389 6766 11825 107 39 3146 
2400 13073 10906 6538 12333 7445 11747 148 52 4117 
2500 13044 11507 5388 12283 8181 11637 183 54 5054 
2600 13063 12050 4222 12388 9140 11632 237 51 6254 
2700 13136 12499 3130 12434 10052 11650 258 68 7162 
2800 13136 12766 2375 12411 10691 11667 311 51 7954 
2900 13168 12939 1660 12558 11357 11688 332 67 8500 
3000 13252 12981 1266 12539 11901 11796 332 69 9083 
3100 13226 12903 979 12498 12168 11613 321 76 9119 
3200 13300 12948 817 12668 12449 11748 343 76 9402 
3300 13418 12919 650 12603 12769 11734 351 89 9618 
3400 13340 12978 522 12567 12819 11688 391 86 9609 
3500 13414 12906 495 12593 13045 11756 340 77 9851 
3600 13370 12939 417 12681 12983 11727 356 65 9984 
3700 13406 13012 444 12719 13065 11780 333 89 9904 
3800 13422 13067 705 12734 13077 11758 349 72 10106 
3900 13417 12983 2283 12730 13052 11831 342 85 9945 
4000 13425 13057 3801 12709 12998 11924 348 66 9982 
4100 13389 12979 5516 12752 13011 11942 348 63 10030 
4200 13402 13022 6893 12747 12996 11947 339 59 10020 
4300 13438 13008 8234 12701 13071 11916 322 70 9983 
4400 13456 12958 9044 12656 13025 11884 344 71 9892 
4500 13419 12915 9801 12736 12976 11943 337 55 9866 
4600 13348 12913 10375 12659 12976 11887 346 58 9934 
4700 13360 12921 10907 12710 12972 11948 373 40 9847 
4800 13413 13021 11322 12699 13012 11934 346 55 9842 
4900 13422 13064 11685 12767 12993 11991 356 66 9989 
5000 13436 12904 11664 12691 13056 11909 366 56 9908 
5100 13412 12901 11645 12694 12967 11888 366 76 9864 
5200 13452 12958 11776 12723 13059 11985 358 56 9968 
5300 13351 12971 11700 12776 12951 11946 364 59 9812 
5400 13381 12943 11604 12684 12934 11866 360 67 9852 
5500 13438 13021 11832 12779 13058 12080 323 58 10199 
5600 13398 12914 11632 12678 12998 11895 325 54 9935 
5700 13398 13019 11720 12823 12997 12004 373 72 10044 
5800 13401 13033 11833 12787 13019 12095 343 45 10126 
5900 13391 13002 11728 12694 13007 11952 331 46 9991 
6000 13364 12923 11642 12671 12988 11836 356 63 9867 
6100 13393 13029 11807 12759 12991 11998 341 57 10061 
6200 13315 12986 11707 12705 12954 11899 366 58 9887 
6300 13416 13063 11760 12756 12985 12033 345 44 10087 
6400 13412 12944 11718 12735 12983 11988 309 58 10085 
6500 13464 13020 11879 12850 13051 12061 362 61 10099 
6600 13436 13094 11871 12809 13006 12069 300 62 10115 
6700 13470 13064 11906 12821 13043 12117 323 55 10228 
6800 13393 13093 11941 12873 12978 12131 376 52 10280 
6900 13518 13073 11901 12823 13108 12093 335 59 10333 
7000 13517 12945 11783 12788 13124 11973 323 56 10193 
7100 13477 13089 11991 12930 13082 12187 341 49 10387 
7200 13478 13129 11957 12924 13108 12165 325 49 10329 
7300 13495 13089 11968 12866 13107 12150 340 58 10382 
7400 13510 13061 11882 12823 13156 12084 347 65 10269 
7500 13520 13103 11937 12877 13155 12149 330 44 10368 
7600 13589 13109 11930 12881 13188 12100 291 52 10351 
7700 13478 13076 11971 12910 13108 12120 334 47 10334 
7800 13520 13074 12041 12866 13118 12163 319 48 10345 
7900 13529 13167 12001 12853 13162 12181 295 52 10370 
8000 13544 13106 12011 12872 13134 12168 301 44 10394 
8100 13608 13061 11917 12809 13224 12133 290 47 10426 
8200 13562 13203 12131 13022 13192 12312 294 49 10564 
8300 13528 13087 11941 12862 13126 12172 312 48 10342 
8400 13495 13066 11975 12849 13099 12165 371 37 10401 
8500 13533 13053 12010 12849 13197 12144 314 49 10400 
8600 13562 13152 12084 12967 13149 12295 321 57 10580 
8700 13545 13161 12018 12917 13203 12216 322 45 10438 
8800 13515 13065 11900 12855 13156 12094 300 58 10347 
8900 13502 13117 12086 12976 13146 12293 337 43 10470 
9000 13555 13165 12038 12956 13178 12235 270 61 10527 
9100 13553 13106 11996 12888 13192 12190 286 54 10444 
9200 13527 13134 12113 12998 13223 12200 359 51 10529 
9300 13576 13058 11942 12919 13244 12176 308 59 10329 
9400 13572 13149 12069 13008 13203 12293 294 62 10559 
9500 13562 13186 12100 12962 13200 12307 305 54 10611 
9600 13489 13201 12073 12984 13113 12270 333 63 10520 
9700 13596 13222 12179 13026 13197 12337 276 51 10609 
9800 13539 13120 12094 13001 13144 12313 298 33 10479 
9900 13566 13114 12024 12928 13219 12268 291 57 10568 
10000 13533 13109 12080 12986 13230 12323 297 58 10574 
