# Avida tasks data
# Wed Apr 19 06:04:34 2023
# First column gives the current update, next columns give the number
# of organisms that have the particular task as a component of their merit
#  1: Update
#  2: Not
#  3: Nand
#  4: And
#  5: OrNot
#  6: Or
#  7: AndNot
#  8: Nor
#  9: Xor
# 10: Equals

0 0 0 0 0 0 0 0 0 0 
100 0 0 0 0 0 0 0 0 0 
200 0 0 0 0 0 0 0 0 0 
300 0 0 0 0 0 0 0 0 0 
400 0 0 0 0 0 0 0 0 0 
500 0 0 0 0 0 0 0 0 0 
600 0 0 0 0 0 0 0 0 0 
700 2 5 0 0 0 0 0 0 0 
800 1222 1219 0 19 1 0 0 0 0 
900 3279 3230 7 1281 340 1169 0 0 0 
1000 4055 3957 25 1005 2286 3020 0 1 0 
1100 5690 5553 45 793 4081 4912 6 5 0 
1200 7561 7339 64 801 6021 6902 4 0 0 
1300 9518 9201 63 969 7860 8782 6 6 0 
1400 10797 10379 81 1430 9056 9891 3 2 0 
1500 11356 10959 86 2118 9554 10500 4 1 0 
1600 11730 11379 85 2837 9968 10833 7 3 0 
1700 12180 11777 65 3444 10412 11139 7 2 0 
1800 12464 12062 63 4274 10770 11512 12 3 0 
1900 12675 12271 78 5098 10884 11639 9 2 0 
2000 12900 12414 58 5814 10942 11737 8 2 40 
2100 12934 12553 77 6491 10985 11850 5 4 204 
2200 13068 12579 74 7032 10700 11871 1 8 491 
2300 13190 12687 70 7852 10372 12026 5 5 906 
2400 13188 12766 60 8176 10007 11987 4 4 1287 
2500 13099 12748 59 8685 9476 11971 6 5 1796 
2600 13196 12799 58 9131 9008 12059 8 2 2324 
2700 13196 12809 69 9728 8545 11938 3 4 2809 
2800 13139 12725 58 10048 7822 11813 4 3 3339 
2900 13177 12712 65 10397 7254 11788 10 2 3811 
3000 13218 12683 54 10750 6834 11885 8 3 4342 
3100 13236 12766 58 11184 6280 11833 9 5 4901 
3200 13190 12696 81 11370 7197 11752 8 3 5766 
3300 13249 12759 69 11558 8222 11850 7 5 6580 
3400 13321 12813 88 11734 8926 11870 2 2 7408 
3500 13298 12835 75 11945 9548 11864 1 7 7984 
3600 13323 12944 83 12093 10147 11913 2 11 8619 
3700 13301 13039 75 12366 10707 12010 4 5 9225 
3800 13291 12962 77 12503 11052 11892 2 9 9572 
3900 13355 12992 99 12635 11275 11945 1 16 9944 
4000 13365 13002 126 12737 11427 12008 6 10 10358 
4100 13396 13013 94 12794 11441 12056 6 5 10616 
4200 13371 13011 113 12933 11408 12025 2 6 10827 
4300 13346 12879 150 13044 11360 11885 2 7 10825 
4400 13382 12896 258 13140 11343 11881 6 8 10960 
4500 13383 12964 400 13111 11361 11916 0 5 10979 
4600 13369 12980 577 13103 11425 12014 3 12 11084 
4700 13351 12994 732 13104 11402 11954 3 4 11009 
4800 13320 12892 952 13027 11322 11931 2 8 10936 
4900 13338 12913 1208 12986 11307 11940 8 6 10974 
5000 13372 12919 1423 12984 11411 12023 83 11 11107 
5100 13392 12982 1921 12997 11391 12022 724 11 11114 
5200 13338 12866 2551 12940 11268 11904 1598 6 10903 
5300 13277 12950 3381 12957 11295 11930 2579 4 10955 
5400 13286 12987 4249 13079 11339 12019 3481 9 11017 
5500 13207 12852 5134 13020 11169 11868 4579 5 10830 
5600 13183 12967 6071 13081 11342 11986 5641 2 10987 
5700 13189 12972 7071 13090 11341 11965 6519 12 10999 
5800 13229 12962 7831 13033 11404 12033 7328 13 11049 
5900 13107 12866 8602 12931 11215 11892 8124 20 10865 
6000 13187 12928 9432 13024 11272 11937 8913 14 10909 
6100 13153 12960 10075 13034 11250 11898 9517 11 10880 
6200 13117 12913 10584 13026 11250 11944 9994 11 10869 
6300 13055 12784 10951 12936 11102 11825 10417 19 10750 
6400 13137 12983 11398 12992 11365 12013 10875 23 11021 
6500 13052 12915 11633 12985 11348 12009 10842 16 10971 
6600 13169 12938 11797 12976 11171 11860 11111 8 10872 
6700 12982 12855 12008 12917 11244 11912 11198 15 10907 
6800 13080 12949 12166 12937 11256 11908 11392 23 10885 
6900 13026 12912 12169 12994 11166 11855 11526 11 10821 
7000 13136 12890 12284 13045 11265 11989 11620 15 10972 
7100 13097 13005 12376 12912 11398 12057 11538 21 11084 
7200 13092 12907 12409 12963 11299 11982 11727 10 10919 
7300 13064 12897 12313 12922 11305 11970 11743 7 10974 
7400 13078 12837 12270 12902 11244 11871 11762 14 10870 
7500 13040 12907 12328 12957 11277 11949 11739 7 10925 
7600 13087 12939 12316 12980 11281 11982 11849 13 10903 
7700 13089 12942 12393 13000 11366 12061 11842 13 10951 
7800 13151 12923 12308 13044 11373 12011 11903 14 10984 
7900 13072 12929 12325 12991 11285 11990 11775 12 11029 
8000 13019 13002 12334 12946 11275 11969 11812 5 10971 
8100 13085 12902 12323 12923 11236 11987 11686 12 10933 
8200 13080 12805 12263 12899 11232 11974 11644 18 10874 
8300 13065 12873 12182 12933 11243 11939 11689 10 10877 
8400 13131 12935 12294 13049 11320 12015 11814 14 10975 
8500 13187 12925 12269 13073 11274 11923 11852 12 10882 
8600 13082 12938 12280 12949 11306 12029 11687 9 11014 
8700 13180 12943 12316 12914 11252 11950 11693 10 10878 
8800 13137 12809 12233 12904 11164 11877 11829 24 10822 
8900 13154 12896 12315 12949 11307 11992 11871 5 10892 
9000 13143 12943 12277 12940 11348 11992 11718 8 10937 
9100 13177 12936 12287 12979 11355 12070 11773 21 10969 
9200 13116 12901 12391 12929 11331 12007 11678 9 10936 
9300 13078 12890 12212 12940 11190 11923 11666 14 10791 
9400 13120 12856 12179 12958 11310 12006 11738 16 10915 
9500 13140 12963 12290 12966 11311 12033 11771 5 10897 
9600 13181 12853 12148 12994 11300 12015 11789 18 10886 
9700 13205 12934 12160 12966 11349 12001 11883 7 10996 
9800 13134 12908 12135 12953 11339 11970 11801 16 10894 
9900 13152 12904 12140 12979 11314 11982 11929 5 10916 
10000 13175 12965 12202 12921 11340 11973 11785 10 10959 
