# Avida tasks data
# Wed Apr 19 02:20:18 2023
# First column gives the current update, next columns give the number
# of organisms that have the particular task as a component of their merit
#  1: Update
#  2: Not
#  3: Nand
#  4: And
#  5: OrNot
#  6: Or
#  7: AndNot
#  8: Nor
#  9: Xor
# 10: Equals

0 0 0 0 0 0 0 0 0 0 
100 0 0 0 0 0 0 0 0 0 
200 0 0 0 0 0 0 0 0 0 
300 0 0 0 0 0 0 0 0 0 
400 0 0 0 0 0 0 0 0 0 
500 46 0 0 0 0 0 0 0 0 
600 321 0 0 3 0 0 0 0 0 
700 930 6 0 29 0 0 27 0 0 
800 2212 330 3 48 1170 1 1358 0 0 
900 4807 3742 2 137 3653 13 3747 0 0 
1000 7629 7507 5 160 6318 19 6335 0 0 
1100 9391 9801 18 249 7841 30 7866 0 0 
1200 10359 11165 9 242 8877 27 8884 0 0 
1300 10744 11851 4 285 9191 102 9187 0 0 
1400 10994 12352 18 288 9710 258 9697 0 0 
1500 11169 12637 6 741 9950 934 9961 0 0 
1600 11189 12837 21 2344 10038 2517 10052 0 0 
1700 11267 12959 177 3677 10166 3788 10072 0 2 
1800 11339 13055 604 4745 10340 4865 10213 0 3 
1900 11398 13063 1185 5885 10313 5873 10209 0 1 
2000 11612 13108 1905 6754 10466 6763 10328 0 1 
2100 11783 13194 2650 7728 10570 7533 10332 0 0 
2200 11997 13340 3167 8519 10576 8126 10331 0 1 
2300 12204 13523 4039 9306 10759 8754 10439 0 3 
2400 12482 13686 4622 9831 10933 9273 10583 0 2 
2500 12599 13848 5240 10275 11036 9681 10647 0 0 
2600 12664 13824 5779 10476 11033 9805 10517 0 2 
2700 12695 13865 6363 10841 11122 10228 10771 0 1 
2800 12692 13776 6874 11026 11136 10279 10593 0 2 
2900 12725 13858 7300 11134 11198 10504 10700 0 0 
3000 12685 13833 7757 11229 11192 10593 10615 0 1 
3100 12756 13806 8005 11193 11126 10542 10577 0 2 
3200 12749 13832 8279 11325 11209 10643 10697 0 1 
3300 12739 13823 8755 11400 11300 10736 10698 0 2 
3400 12714 13829 8975 11436 11325 10767 10724 0 0 
3500 12740 13880 9038 11333 11209 10619 10611 0 0 
3600 12826 13851 9379 11456 11313 10754 10726 0 4 
3700 12789 13855 9401 11379 11267 10691 10635 0 0 
3800 12695 13814 9363 11336 11226 10708 10665 0 0 
3900 12824 13889 9593 11395 11354 10833 10752 0 0 
4000 12754 13874 9466 11398 11252 10627 10633 0 0 
4100 12746 13827 9569 11351 11283 10778 10732 0 0 
4200 12791 13853 9638 11455 11310 10771 10752 0 0 
4300 12779 13803 9647 11471 11387 10831 10768 0 0 
4400 12779 13847 9614 11487 11389 10823 10813 0 0 
4500 12725 13864 9515 11433 11284 10750 10764 0 0 
4600 12687 13825 9595 11312 11175 10636 10624 0 0 
4700 12720 13915 9703 11497 11393 10811 10822 0 0 
4800 12721 13863 9643 11529 11327 10723 10814 0 0 
4900 12746 13838 9761 11416 11365 10815 10751 0 0 
5000 12739 13846 9655 11387 11313 10749 10736 0 0 
5100 12742 13818 9814 11374 11276 10740 10712 0 1 
5200 12701 13826 9685 11297 11211 10723 10668 0 2 
5300 12847 13839 9777 11478 11329 10753 10728 1 35 
5400 12725 13353 8637 10251 11337 9501 9525 4 1150 
5500 12718 13492 8356 9965 11321 9199 9220 4 1437 
5600 12713 13484 8027 9618 11374 8833 8849 6 1812 
5700 12694 13451 7933 9493 11367 8733 8748 5 1911 
5800 12679 13248 7823 9379 11376 8619 8641 5 2048 
5900 12669 13015 7573 9114 11385 8364 8379 5 2305 
6000 12654 12999 7464 8989 11384 8249 8258 5 2424 
