# Avida tasks data
# Wed Apr 19 08:23:35 2023
# First column gives the current update, next columns give the number
# of organisms that have the particular task as a component of their merit
#  1: Update
#  2: Not
#  3: Nand
#  4: And
#  5: OrNot
#  6: Or
#  7: AndNot
#  8: Nor
#  9: Xor
# 10: Equals

0 0 0 0 0 0 0 0 0 0 
100 0 0 0 0 0 0 0 0 0 
200 0 0 0 0 0 0 0 0 0 
300 0 0 0 0 0 0 0 0 0 
400 0 0 0 0 0 0 0 0 0 
500 2 166 0 2 0 0 0 0 0 
600 1809 1729 0 464 2 0 0 0 0 
700 3993 3777 0 1756 16 0 0 0 0 
800 6377 5998 0 3262 24 0 90 0 0 
900 8600 8098 0 4485 40 2 783 0 0 
1000 9764 9188 2 5526 89 0 2040 0 0 
1100 10520 9852 6 5591 944 221 3533 0 0 
1200 11031 10411 14 5899 1737 1032 4872 0 0 
1300 11487 10687 36 6615 2268 1946 5916 0 0 
1400 11830 11049 66 7502 2648 2592 6754 0 0 
1500 12153 11315 67 8112 2735 3377 7518 0 0 
1600 12419 11576 190 8356 3100 3934 8185 0 0 
1700 12683 11726 328 8493 3564 4508 8803 0 2 
1800 12839 11997 533 8442 4295 5142 9421 0 0 
1900 12864 11980 873 7847 5195 5700 9823 0 0 
2000 12930 12062 1200 7423 5972 6252 10130 0 0 
2100 13014 12090 1467 6882 6545 6511 10147 0 2 
2200 13136 12136 1590 6442 7176 6822 10328 0 0 
2300 13300 12444 1788 6131 7837 7183 10515 0 0 
2400 13262 12412 2025 6034 8184 7298 10483 0 2 
2500 13263 12517 2225 5865 8660 7568 10504 0 2 
2600 13266 12449 2343 6112 8924 7841 10571 0 0 
2700 13296 12469 2466 6281 9277 7922 10553 0 0 
2800 13342 12450 2419 6568 9601 8174 10543 0 1 
2900 13299 12517 2514 6892 9713 8282 10543 0 2 
3000 13379 12474 2456 7154 9854 8437 10524 0 19 
3100 13409 12530 2495 7301 10115 8644 10549 0 24 
3200 13340 12580 2460 7689 10220 8929 10568 0 34 
3300 13373 12566 2373 7959 10275 8974 10612 0 24 
3400 13303 12520 2265 8275 10404 9139 10672 0 50 
3500 13384 12586 2085 8571 10319 9412 10614 0 54 
3600 13458 12655 1749 8798 10365 9777 10652 0 38 
3700 13402 12682 1547 9129 10421 9995 10659 0 70 
3800 13434 12650 1381 9486 10289 10098 10522 0 106 
3900 13419 12677 1151 9655 10132 10408 10330 0 217 
4000 13501 12729 1095 10077 10078 10850 10247 0 455 
4100 13470 12676 1239 10256 9632 10938 9881 0 755 
4200 13473 12721 1537 10512 9348 11095 9578 0 1106 
4300 13491 12820 2002 10725 8972 11144 9167 0 1588 
4400 13507 12813 2548 10852 8315 11148 8549 0 2134 
4500 13506 12845 3094 11070 7864 11280 8072 0 2711 
4600 13558 12835 3835 11198 7201 11151 7423 0 3366 
4700 13483 12746 4365 11093 6519 10965 6700 0 3910 
4800 13495 12842 4947 11292 6098 11025 6230 0 4500 
4900 13447 12818 5760 11483 5482 11108 5657 0 5245 
5000 13538 12843 6240 11333 4918 10931 5058 0 5668 
5100 13508 12883 7081 11426 4294 10987 4436 0 6413 
5200 13478 12881 7819 11548 3670 11026 3794 0 7190 
5300 13577 12867 8402 11519 3107 11022 3228 0 7752 
5400 13561 12903 9008 11543 2466 11006 2622 0 8325 
5500 13533 12990 9596 11689 2174 10939 2350 0 8879 
5600 13562 12912 9917 11558 2198 10789 2128 0 9130 
5700 13475 12925 10287 11685 2454 10951 1911 3 9494 
5800 13448 12988 10473 11620 2970 10932 1677 8 9663 
5900 13399 13012 10611 11638 3434 11256 1542 44 9869 
6000 13441 13063 10886 11686 3978 11562 1367 128 10018 
6100 13394 13059 11011 11796 4158 11750 1104 561 10238 
6200 13417 13071 11279 11695 4201 12055 828 1298 10442 
6300 13417 13102 11468 11800 4105 12204 574 2185 10589 
6400 13422 13203 11670 11864 4003 12436 406 3066 10820 
6500 13386 13233 11842 11828 3894 12725 237 3797 11017 
6600 13404 13273 11837 11849 3646 12832 164 4561 10937 
6700 13377 13348 12109 11957 3389 12970 132 5560 11176 
6800 13359 13320 12066 11928 2983 13081 96 6337 11149 
6900 13317 13297 12003 11886 2451 13200 87 7240 11045 
7000 13352 13334 12101 11949 2054 13357 66 8120 11143 
7100 13383 13344 11960 11831 1692 13372 76 8723 11066 
7200 13442 13355 12028 11930 1458 13481 93 9181 11056 
7300 13454 13378 12152 12027 1145 13487 68 9722 11205 
7400 13438 13438 11992 11915 949 13503 117 9926 11018 
7500 13323 13404 12064 12001 726 13500 82 10182 11080 
7600 13384 13420 12162 12061 535 13552 85 10550 11222 
7700 13335 13250 11962 11832 390 13559 96 10498 11012 
7800 13457 13459 12095 11981 243 13511 67 10796 11225 
7900 13456 13363 12134 12083 186 13574 75 10809 11166 
8000 13475 13400 12089 11997 136 13538 92 10812 11118 
8100 13490 13347 12078 11969 101 13473 92 10888 11078 
8200 13415 13407 12090 12060 90 13546 83 10875 11135 
8300 13450 13486 12128 12090 84 13561 72 10924 11181 
8400 13461 13458 12118 12008 87 13561 92 10922 11176 
8500 13490 13428 12168 12066 78 13572 73 11020 11225 
8600 13390 13426 12097 12036 90 13525 86 10859 11114 
8700 13518 13417 12159 11983 70 13555 73 10956 11254 
8800 13521 13405 12156 12023 88 13539 87 10993 11281 
8900 13487 13435 12188 12062 96 13525 94 11062 11289 
9000 13469 13435 12118 12013 100 13492 111 10919 11161 
9100 13523 13486 12211 12133 71 13457 86 11085 11334 
9200 13446 13468 12214 12061 82 13475 88 11068 11313 
9300 13474 13397 12099 11986 72 13511 71 10939 11210 
9400 13441 13407 12062 11998 79 13557 73 10886 11138 
9500 13470 13425 12092 12060 76 13562 92 11019 11156 
9600 13423 13393 12106 12019 104 13534 94 10921 11179 
9700 13535 13492 12185 12055 59 13542 66 10980 11259 
9800 13503 13421 12147 12067 93 13489 98 10985 11253 
9900 13464 13406 12110 12116 93 13575 90 10965 11169 
10000 13533 13387 12111 12036 64 13519 91 10957 11170 
