# Avida tasks data
# Wed Apr 19 03:08:02 2023
# First column gives the current update, next columns give the number
# of organisms that have the particular task as a component of their merit
#  1: Update
#  2: Not
#  3: Nand
#  4: And
#  5: OrNot
#  6: Or
#  7: AndNot
#  8: Nor
#  9: Xor
# 10: Equals

0 0 0 0 0 0 0 0 0 0 
100 0 0 0 0 0 0 0 0 0 
200 0 0 0 0 0 0 0 0 0 
300 0 0 0 0 0 0 0 0 0 
400 0 0 0 0 0 0 0 0 0 
500 0 0 0 0 0 0 0 0 0 
600 0 0 0 0 0 0 0 0 0 
700 0 0 0 0 0 0 0 0 0 
800 0 0 0 0 0 0 0 0 0 
900 2 3 0 0 0 0 0 0 0 
1000 4 119 0 0 0 0 0 0 0 
1100 970 1130 0 532 0 0 0 0 0 
1200 3658 3669 25 3472 3 2 0 0 0 
1300 5529 5234 305 5379 5 2 0 0 0 
1400 6914 6579 1418 6716 18 677 0 0 0 
1500 7865 7480 3222 7657 556 2646 0 0 0 
1600 8747 8325 4796 8571 1077 3706 0 535 0 
1700 9166 8727 5534 8916 584 2578 0 2371 0 
1800 9673 9244 6396 9493 284 1567 0 4292 0 
1900 10511 10049 7561 10322 145 1085 0 5872 0 
2000 11294 10791 8732 11062 90 773 0 7160 0 
2100 11960 11401 9645 11779 31 668 2 8206 707 
2200 12258 11668 10186 12014 44 596 13 8668 2776 
2300 12890 12227 10998 12549 38 558 13 9411 4538 
2400 13218 12593 11631 12977 41 483 18 10070 5908 
2500 13400 12799 12090 13152 49 387 29 10626 7133 
2600 13477 12873 12259 13239 57 261 35 10903 8139 
2700 13514 12840 12392 13269 60 274 38 11001 8924 
2800 13573 12942 12551 13335 80 456 61 11130 9661 
2900 13575 12959 12532 13340 75 717 55 11051 10191 
3000 13609 12994 12639 13443 70 1037 45 11198 10613 
3100 13660 13091 12659 13423 37 1389 30 11272 10846 
3200 13615 13035 12513 13373 72 1835 54 11172 10803 
3300 13615 13015 12581 13376 53 2019 762 11120 10773 
3400 13638 13056 12615 13382 56 1626 2232 11144 10797 
3500 13659 13047 12549 13350 70 1378 3516 11181 10869 
3600 13694 13054 12599 13426 66 1105 4692 11247 10902 
3700 13624 12988 12523 13404 76 915 5659 11175 10810 
3800 13585 12979 12532 13346 71 716 6585 11178 10834 
3900 13653 12972 12509 13279 44 550 7555 11093 10785 
4000 13587 12905 12538 13365 55 465 8407 11057 10715 
4100 13645 12973 12580 13343 55 352 8991 11098 10733 
4200 13594 12903 12539 13337 47 270 9424 11052 10723 
4300 13593 12944 12540 13310 64 184 9873 11093 10790 
4400 13641 12978 12581 13411 49 158 10136 11163 10810 
4500 13626 12990 12537 13360 44 154 10363 11195 10851 
4600 13597 12894 12562 13392 61 150 10393 11054 10774 
4700 13635 12913 12557 13349 69 164 10569 11160 10833 
4800 13601 12963 12597 13347 72 125 10603 11095 10753 
4900 13545 12915 12508 13352 57 177 10595 11081 10749 
5000 13640 12980 12547 13391 62 184 10665 11151 10891 
5100 13689 12981 12505 13347 46 192 10591 11078 10815 
5200 13636 12970 12585 13366 44 230 10626 11166 10858 
5300 13591 12970 12592 13425 53 334 10650 11151 10854 
5400 13637 13075 12677 13384 40 492 10767 11238 10956 
5500 13583 12964 12579 13395 65 645 10693 11151 10918 
5600 13589 12975 12562 13345 81 854 10650 11110 10830 
5700 13610 12940 12574 13350 64 1130 10578 11078 10804 
5800 13601 12891 12523 13297 50 1498 10563 11091 10764 
5900 13591 12964 12526 13344 53 1950 10608 11045 10790 
6000 13627 12890 12524 13401 52 2537 10591 11051 10758 
6100 13596 13016 12629 13405 51 3235 10796 11251 10978 
6200 13598 13009 12610 13438 47 4162 10670 11170 10854 
6300 13623 12999 12645 13379 51 5020 10651 11146 10892 
6400 13639 12949 12580 13395 66 6014 10682 11219 10860 
6500 13620 12970 12633 13381 54 6836 10703 11163 10873 
6600 13578 12955 12531 13383 60 7696 10631 11155 10801 
6700 13581 12925 12494 13354 75 8428 10547 11001 10676 
6800 13565 12993 12598 13410 72 9115 10632 11102 10815 
6900 13556 12925 12528 13352 58 9605 10674 11133 10754 
7000 13628 12990 12564 13370 71 9987 10592 11088 10806 
7100 13585 12906 12498 13343 67 10234 10583 11078 10676 
7200 13611 12948 12529 13351 66 10702 10645 11111 10835 
7300 13625 12973 12637 13405 74 10957 10716 11142 10800 
7400 13660 13012 12630 13386 79 11121 10675 11129 10823 
7500 13660 13020 12614 13411 56 11396 10783 11263 10909 
7600 13606 12962 12590 13400 91 11614 10711 11175 10898 
7700 13584 12989 12561 13353 67 11840 10621 11078 10724 
7800 13555 12957 12573 13362 64 11984 10769 11185 10832 
7900 13651 13072 12693 13446 73 12037 10813 11216 10902 
8000 13589 12967 12640 13385 65 12213 10711 11197 10819 
8100 13615 12993 12627 13421 68 12223 10743 11192 10890 
8200 13614 12992 12590 13373 65 12281 10640 11115 10779 
8300 13644 12955 12589 13385 68 12210 10648 11113 10826 
8400 13641 13083 12704 13469 64 12325 10849 11349 11008 
8500 13605 12998 12636 13410 80 12317 10668 11194 10899 
8600 13610 12963 12530 13312 60 12487 10670 11148 10884 
8700 13697 12988 12581 13350 70 12327 10651 11116 10784 
8800 13564 12988 12615 13359 63 12305 10743 11211 10865 
8900 13585 12960 12607 13354 48 12429 10775 11202 10895 
9000 13652 13021 12663 13395 59 12347 10780 11239 10904 
9100 13629 13031 12686 13420 58 12353 10829 11296 10965 
9200 13609 13006 12665 13422 62 12254 10792 11301 10890 
9300 13699 13107 12772 13485 58 12389 10824 11358 11105 
9400 13605 12962 12578 13363 72 12401 10778 11261 10937 
9500 13578 13007 12621 13398 71 12408 10841 11284 10925 
9600 13624 13007 12668 13414 66 12356 10688 11193 10823 
9700 13596 12995 12608 13424 65 12276 10756 11186 10864 
9800 13667 12992 12649 13413 74 12223 10741 11239 10889 
9900 13681 13103 12685 13483 66 12368 10848 11288 10957 
10000 13631 12958 12568 13367 62 12466 10888 11277 10971 
