# Avida tasks data
# Wed Apr 19 07:14:22 2023
# First column gives the current update, next columns give the number
# of organisms that have the particular task as a component of their merit
#  1: Update
#  2: Not
#  3: Nand
#  4: And
#  5: OrNot
#  6: Or
#  7: AndNot
#  8: Nor
#  9: Xor
# 10: Equals

0 0 0 0 0 0 0 0 0 0 
100 0 0 0 0 0 0 0 0 0 
200 0 0 0 0 0 0 0 0 0 
300 0 0 0 0 0 0 0 0 0 
400 0 0 0 0 0 0 0 0 0 
500 6 0 0 0 0 0 0 0 0 
600 674 0 0 0 0 0 0 0 0 
700 3079 111 0 6 0 0 0 0 0 
800 5487 2543 0 1095 213 0 0 0 0 
900 6181 4576 0 2953 1755 0 0 0 0 
1000 7184 6511 0 4667 3718 0 0 0 0 
1100 8694 8876 0 6753 5903 0 4 0 0 
1200 9696 10224 0 8144 7457 0 7 0 0 
1300 10503 11197 0 9172 8535 0 0 0 0 
1400 11007 11964 0 10048 9584 0 0 0 0 
1500 11537 12682 0 10757 10386 0 2 0 0 
1600 11988 13205 0 11279 10880 1 1 0 0 
1700 12239 13546 0 11661 11192 0 0 0 0 
1800 12305 13684 0 11652 11375 0 0 0 0 
1900 12338 13675 1 11796 11358 0 1 0 0 
2000 12348 13729 0 11721 11355 0 3 0 0 
2100 12454 13730 0 11855 11382 0 0 0 0 
2200 12314 13709 0 11723 11319 0 1 0 0 
2300 12371 13673 1 11716 11210 6 0 0 0 
2400 12415 13692 2 11839 11376 3 0 0 0 
2500 12387 13751 0 11852 11426 9 0 0 0 
2600 12222 13722 0 11630 11292 12 0 0 0 
2700 12479 13711 0 11836 11432 4 2 0 0 
2800 12418 13691 0 11773 11408 2 3 0 0 
2900 12493 13685 0 11912 11592 0 1 0 0 
3000 12599 13743 0 11976 11586 0 2 0 0 
3100 12476 13691 0 11855 11491 1 4 0 0 
3200 12391 13702 0 11813 11407 1 3 0 0 
3300 12452 13764 0 11837 11389 10 3 0 0 
3400 12421 13673 2 11665 11403 82 0 0 0 
3500 12489 13758 6 11508 11543 437 1 0 0 
3600 12381 13716 15 10874 11403 1044 1 0 0 
3700 12315 13693 19 10252 11468 1707 2 0 0 
3800 12186 13701 51 9444 11427 2547 1 0 0 
3900 12003 13583 59 8963 11267 3528 4 0 0 
4000 12030 13607 79 9315 11358 4567 3 0 0 
4100 12089 13572 81 9784 11398 5421 4 0 0 
4200 11970 13514 93 10113 11274 6170 2 0 0 
4300 11978 13542 105 10440 11303 7151 2 0 0 
4400 11762 13508 119 10508 11089 7902 8 0 0 
4500 11842 13540 137 10818 11106 8688 2 0 0 
4600 11887 13633 152 11093 11244 9316 2 0 0 
4700 11839 13662 131 11242 11103 9640 4 0 0 
4800 11796 13731 180 11382 11082 9978 3 0 0 
4900 11928 13739 169 11653 11263 10356 5 0 0 
5000 11836 13713 164 11878 11163 10602 8 0 0 
5100 11835 13655 164 11805 11057 10737 7 0 0 
5200 11846 13653 187 11954 11194 10978 2 0 0 
5300 11813 13650 176 11896 11156 11008 4 0 0 
5400 11913 13707 169 11895 11174 11031 3 0 0 
5500 11817 13691 190 11897 11165 11010 9 0 0 
5600 11916 13702 150 11937 11160 10942 5 0 0 
5700 11907 13667 190 11889 11190 10893 6 0 0 
5800 11843 13708 171 11902 11160 10976 8 0 0 
5900 11761 13667 153 11800 11037 10928 6 1 0 
6000 11822 13719 173 11903 11171 10881 2 0 0 
6100 11831 13696 178 11895 11145 11015 7 0 0 
6200 11811 13639 170 11893 11224 11052 7 0 0 
6300 11820 13673 170 11829 11130 10963 10 0 0 
6400 11916 13699 205 11902 11222 10998 7 0 0 
6500 11831 13659 193 11953 11237 11157 7 0 0 
6600 11845 13673 156 11887 11177 10981 1 0 0 
6700 11814 13666 162 11971 11195 11145 2 0 0 
6800 11875 13698 163 11945 11273 11059 6 0 0 
6900 12034 13708 181 12029 11391 11206 12 0 0 
7000 11905 13678 180 11910 11301 11020 7 0 0 
7100 11913 13714 196 11869 11223 11043 9 0 0 
7200 11841 13732 159 11911 11161 11052 8 0 0 
7300 12032 13711 152 11998 11245 11083 9 0 0 
7400 11944 13691 177 11948 11232 11107 2 0 0 
7500 12015 13704 155 11955 11283 11113 5 0 0 
7600 11924 13644 164 11890 11254 11047 6 0 0 
7700 12067 13764 162 12062 11357 11200 5 0 0 
7800 12013 13631 176 12106 11283 11244 1 0 0 
7900 11967 13777 169 12011 11272 11133 11 0 0 
8000 11932 13717 157 11996 11254 11165 5 0 0 
8100 11992 13742 141 11986 11372 11181 6 0 0 
8200 11983 13722 205 11911 11319 11072 9 0 9 
8300 11793 13766 304 12084 11320 11227 22 0 196 
8400 11237 13769 606 12093 11423 11197 13 0 660 
8500 10528 13755 987 12208 11431 11178 37 0 1382 
8600 9848 13720 1403 12155 11297 11113 39 0 1958 
8700 9136 13747 1740 12217 11335 11183 38 0 2520 
8800 8562 13669 2164 12212 11176 11052 66 0 2947 
8900 8033 13717 2548 12289 11132 11227 83 0 3609 
9000 7234 13661 2869 12305 10721 11114 75 0 4190 
9100 7003 13574 3335 12366 10447 11144 101 0 4476 
9200 7428 13572 3347 12275 10151 11068 115 0 5005 
9300 8266 13642 3046 12364 10416 11050 133 0 5630 
9400 8825 13655 2793 12357 10459 10977 138 2 6102 
9500 8830 13659 2795 12353 10456 10969 146 2 6097 
9600 8826 13652 2794 12342 10459 10978 149 2 6110 
9700 8827 13644 2804 12353 10459 10980 150 2 6114 
9800 8830 13642 2810 12361 10462 10993 147 2 6105 
9900 8831 13640 2810 12352 10451 10984 147 2 6090 
10000 9146 13715 2705 12409 10507 11023 149 0 6535 
