# Avida tasks data
# Wed Apr 19 12:41:59 2023
# First column gives the current update, next columns give the number
# of organisms that have the particular task as a component of their merit
#  1: Update
#  2: Not
#  3: Nand
#  4: And
#  5: OrNot
#  6: Or
#  7: AndNot
#  8: Nor
#  9: Xor
# 10: Equals

0 0 0 0 0 0 0 0 0 0 
100 0 0 0 0 0 0 0 0 0 
200 0 0 0 0 0 0 0 0 0 
300 0 0 0 0 0 0 0 0 0 
400 0 0 0 0 0 0 0 0 0 
500 4 0 0 0 0 0 0 0 0 
600 4 1025 0 0 0 2 0 0 0 
700 1091 1761 1 794 4 0 0 0 0 
800 2322 2544 0 2115 11 2 0 0 0 
900 4333 4391 1 4113 22 6 0 0 0 
1000 6601 6662 6 6368 43 296 0 0 0 
1100 8591 8448 8 8314 49 1223 2 0 0 
1200 9897 9744 66 9545 41 2336 3 0 0 
1300 10927 10830 411 10585 37 3390 5 0 0 
1400 11720 11630 1085 11385 89 4181 1 0 0 
1500 12378 12352 1998 11897 53 4541 5 0 0 
1600 12634 12541 3146 12174 43 4443 2 0 0 
1700 12749 12684 3897 12316 76 4858 2 0 0 
1800 12780 12775 4485 12326 177 5752 6 0 0 
1900 12838 12844 4891 12358 308 6701 17 0 0 
2000 12806 12934 5420 12375 478 7584 22 0 0 
2100 12855 13010 5838 12390 630 8350 27 0 0 
2200 12894 13032 6506 12420 740 9053 39 0 0 
2300 12889 13146 7248 12386 821 9655 36 0 0 
2400 12971 13266 8085 12448 784 10307 38 0 0 
2500 12927 13269 8855 12454 786 10814 74 0 0 
2600 13057 13330 9606 12535 676 11396 66 0 0 
2700 13054 13411 10170 12446 560 11771 54 0 0 
2800 13106 13529 10733 12564 439 12096 67 0 0 
2900 13170 13537 11214 12628 313 12331 87 0 0 
3000 13269 13601 11494 12663 239 12460 63 0 0 
3100 13242 13622 11615 12603 252 12574 91 0 0 
3200 13196 13643 11815 12604 225 12699 102 0 0 
3300 13258 13632 11972 12665 237 12778 152 0 0 
3400 13278 13608 12044 12635 240 12803 170 0 0 
3500 13272 13631 12207 12639 211 12775 236 0 0 
3600 13280 13689 12383 12681 200 12856 296 0 0 
3700 13253 13658 12358 12736 166 12931 388 0 0 
3800 13280 13668 12378 12721 162 12834 443 0 0 
3900 13234 13655 12403 12656 158 12851 577 0 0 
4000 13313 13713 12473 12788 148 12888 698 0 0 
4100 13317 13692 12494 12784 140 12936 780 0 0 
4200 13260 13675 12514 12771 103 12924 937 0 3 
4300 13257 13628 12435 12782 142 12441 1040 0 400 
4400 13360 13644 12495 12785 123 11256 1221 0 1461 
4500 13296 13677 12399 12696 90 10299 1179 0 2473 
4600 13358 13625 12385 12769 103 10529 1170 0 3204 
4700 13351 13606 12386 12770 84 11320 1160 0 3882 
4800 13348 13611 12436 12766 92 11983 1160 0 4937 
4900 13315 13628 12446 12767 90 12310 1145 0 5927 
5000 13371 13609 12432 12789 79 12443 1224 0 7008 
5100 13327 13605 12474 12793 75 12477 1187 0 7538 
5200 13431 13518 12429 12764 51 12491 1165 1 7917 
5300 13358 13530 12391 12794 32 12531 1056 1 8316 
5400 13361 13531 12244 12695 52 12570 1027 0 8648 
5500 13361 13575 12271 12759 47 12637 1004 0 8725 
5600 13362 13578 12253 12727 49 12627 990 0 8670 
5700 13368 13597 12261 12730 46 12662 983 0 8681 
5800 13319 13585 12238 12717 45 12644 1007 8 8668 
5900 13304 13596 12183 12688 42 12620 1023 1 8626 
6000 12712 13613 12146 12631 37 12600 1019 0 8586 
6100 12285 13615 12130 12667 44 12623 1035 5 8585 
6200 12569 13587 12132 12690 40 12476 1015 11 8573 
6300 12611 13583 11510 12643 42 11860 1022 15 8609 
6400 12755 13577 11232 12674 40 11570 1034 24 8562 
6500 12763 13583 11066 12652 41 11461 1035 23 8567 
