# Avida tasks data
# Wed Apr 19 02:50:41 2023
# First column gives the current update, next columns give the number
# of organisms that have the particular task as a component of their merit
#  1: Update
#  2: Not
#  3: Nand
#  4: And
#  5: OrNot
#  6: Or
#  7: AndNot
#  8: Nor
#  9: Xor
# 10: Equals

0 0 0 0 0 0 0 0 0 0 
100 0 0 0 0 0 0 0 0 0 
200 0 0 0 0 0 0 0 0 0 
300 0 0 0 0 0 0 0 0 0 
400 0 0 0 0 0 0 0 0 0 
500 1 0 0 0 0 0 0 0 0 
600 2 0 0 0 0 0 0 0 0 
700 48 133 0 0 0 0 0 0 0 
800 305 597 0 3 0 0 0 0 0 
900 499 1421 0 7 0 0 0 0 0 
1000 1161 3028 0 22 0 0 0 0 0 
1100 2510 4673 0 24 0 0 0 0 0 
1200 3702 5940 0 59 100 0 0 0 0 
1300 4943 5725 6 150 1235 0 0 0 0 
1400 5901 6799 0 191 2521 0 0 0 0 
1500 6276 7328 1 183 3206 1534 0 0 0 
1600 7138 7987 5 304 4255 2894 0 0 0 
1700 7686 8469 11 821 5044 4012 2 0 0 
1800 8302 9009 13 1552 5902 4994 8 0 0 
1900 8918 9485 18 2145 6710 5769 4 0 0 
2000 9365 9956 17 2811 7454 6696 9 0 0 
2100 9829 10181 29 3271 8151 7328 4 0 0 
2200 10349 10579 20 3964 8816 7992 5 0 0 
2300 10673 10889 96 4554 9374 8482 8 0 0 
2400 11055 11157 227 5266 9991 9116 8 0 0 
2500 11399 11422 365 5833 10405 9642 11 0 0 
2600 11579 11560 580 6443 10724 9961 19 0 0 
2700 11759 11740 877 7150 11030 10155 13 0 0 
2800 12039 12031 1214 7788 11413 10706 12 0 0 
2900 12237 12253 1473 8406 11643 10958 13 0 0 
3000 12445 12433 1756 8937 11897 11180 7 0 0 
3100 12626 12699 2012 9527 12036 11486 16 0 0 
3200 12729 12724 2317 10030 12189 11591 21 0 0 
3300 12880 12802 2693 10610 12366 11663 23 0 0 
3400 12995 12853 3072 10933 12526 11693 28 0 0 
3500 13021 13062 3320 11302 12601 11985 24 0 0 
3600 13113 13067 3542 11546 12667 12030 30 0 0 
3700 13194 13108 3916 11844 12769 12052 36 0 0 
3800 13085 13267 4235 12111 12722 12178 32 0 0 
3900 13174 13306 4567 12324 12705 12265 21 0 0 
4000 13197 13261 4876 12483 12767 12290 29 0 0 
4100 13165 13292 5108 12559 12746 12294 42 0 0 
4200 13163 13309 5431 12612 12805 12331 35 0 0 
4300 13059 13237 5756 12790 12739 12294 36 0 0 
4400 13161 13248 5973 12843 12696 12271 44 0 0 
4500 13213 13260 6338 12897 12733 12368 32 0 0 
4600 13050 13249 6619 12969 12644 12386 41 0 0 
4700 13067 13302 7131 12973 12602 12374 30 0 0 
4800 13096 13276 7446 12975 12703 12415 33 0 0 
4900 13125 13290 7780 12955 12741 12434 29 0 0 
5000 13063 13244 8066 12974 12702 12434 29 0 0 
5100 13109 13296 8384 13044 12727 12470 35 0 0 
5200 13157 13303 8723 13087 12770 12366 34 0 0 
5300 13124 13263 9162 13068 12721 12383 40 0 0 
5400 13088 13258 9606 13120 12752 12500 39 0 0 
5500 13030 13340 10017 13112 12679 12533 32 0 0 
5600 13079 13325 10217 13187 12775 12516 36 0 0 
5700 13070 13312 10419 13077 12640 12427 42 0 0 
5800 13065 13343 10622 13180 12664 12554 40 0 0 
5900 13100 13341 10738 13079 12696 12563 48 0 0 
6000 13146 13438 10927 13165 12840 12661 26 0 0 
6100 13090 13290 10928 13112 12711 12567 49 0 0 
6200 13096 13352 11129 13166 12727 12566 36 0 0 
6300 13040 13402 11292 13207 12751 12655 28 0 0 
6400 12948 13302 11140 13125 12653 12521 30 0 0 
6500 12988 13301 11162 13168 12670 12571 30 0 0 
6600 13005 13285 11090 13130 12685 12495 45 0 0 
6700 13043 13316 11263 13111 12753 12532 35 0 0 
6800 13009 13324 11374 13242 12759 12638 41 0 0 
6900 13001 13355 11335 13174 12655 12617 43 0 0 
7000 13055 13315 11295 13069 12712 12565 33 0 0 
7100 13061 13259 11244 13147 12765 12536 36 0 0 
7200 13035 13287 11227 13147 12777 12545 29 0 0 
7300 13019 13306 11216 13166 12762 12514 36 0 0 
7400 13050 13412 11464 13256 12686 12639 43 0 0 
7500 13022 13273 11398 13229 12743 12583 61 0 0 
7600 13089 13370 11354 13181 12795 12631 50 0 0 
7700 13019 13428 11345 13224 12743 12635 35 0 0 
7800 13070 13323 11277 13206 12765 12484 95 0 0 
7900 13126 13284 11102 13196 12797 12601 229 0 0 
8000 13081 13329 10810 13181 12736 12630 554 0 0 
8100 13073 13322 10431 13230 12795 12626 925 0 0 
8200 13152 13373 10014 13193 12864 12672 1388 0 0 
8300 13066 13397 9485 13182 12774 12698 1920 0 0 
8400 13153 13421 8949 13284 12855 12661 2260 0 116 
8500 13056 13360 8369 13198 12749 12648 2313 0 557 
8600 13111 13339 7812 13193 12763 12715 1992 0 1492 
8700 13099 13336 7113 13127 12634 12657 3073 0 2872 
8800 13076 13368 6303 13087 12535 12694 4231 0 3788 
8900 13106 13339 5560 13121 12476 12588 5306 0 4651 
9000 13016 13310 4776 13060 12397 12651 6305 0 5450 
9100 13014 13287 3972 13024 12292 12610 7319 0 6197 
9200 13024 13301 3260 13158 12190 12621 8274 0 6868 
9300 12998 13311 2724 13119 12196 12640 8951 0 7492 
9400 13002 13276 2166 13050 12150 12598 9672 0 7930 
9500 12937 13278 1710 12958 12044 12597 10221 0 8360 
9600 12940 13228 1460 12882 12043 12593 10589 0 8647 
9700 12987 13279 1437 12833 12048 12632 10688 0 8762 
9800 12971 13254 1384 12725 12009 12661 10720 1 8856 
9900 13004 13285 1304 12778 12031 12665 10861 1 9011 
10000 12982 13238 1240 12755 12012 12598 10892 0 9040 
