# Avida tasks data
# Wed Apr 19 11:25:16 2023
# First column gives the current update, next columns give the number
# of organisms that have the particular task as a component of their merit
#  1: Update
#  2: Not
#  3: Nand
#  4: And
#  5: OrNot
#  6: Or
#  7: AndNot
#  8: Nor
#  9: Xor
# 10: Equals

0 0 0 0 0 0 0 0 0 0 
100 0 0 0 0 0 0 0 0 0 
200 0 0 0 0 0 0 0 0 0 
300 0 0 0 0 0 0 0 0 0 
400 0 0 0 0 0 0 0 0 0 
500 0 0 0 0 0 0 0 0 0 
600 0 0 0 0 0 0 0 0 0 
700 44 0 0 0 0 0 0 0 0 
800 985 0 0 0 0 0 0 0 0 
900 989 0 0 0 0 0 0 0 0 
1000 1030 0 0 0 0 0 0 0 0 
1100 1214 0 0 0 0 0 0 0 0 
1200 1278 0 0 0 0 0 0 0 0 
1300 1298 0 0 0 0 0 0 0 0 
1400 1307 0 0 0 0 0 0 0 0 
1500 1320 0 0 0 0 0 0 0 0 
1600 1338 0 0 0 0 0 0 0 0 
1700 1364 0 0 0 0 0 0 0 0 
1800 1383 0 0 0 0 0 0 0 0 
1900 1404 0 0 0 0 0 0 0 0 
2000 1430 0 0 0 0 0 0 0 0 
2100 1464 0 0 0 0 0 0 0 0 
2200 1979 0 0 0 0 0 0 0 0 
2300 2609 0 0 0 0 0 0 0 0 
2400 2608 0 0 0 0 0 0 0 0 
2500 2609 0 0 0 0 0 0 0 0 
2600 2691 0 0 0 0 0 0 0 0 
2700 2868 0 0 0 0 0 0 0 0 
2800 2868 0 0 0 0 0 0 0 0 
2900 2892 0 0 0 0 0 0 0 0 
3000 2893 0 0 0 0 0 0 0 0 
3100 2893 0 0 0 0 0 0 0 0 
3200 2895 0 0 0 0 0 0 0 0 
3300 2895 0 0 0 0 0 0 0 0 
3400 2894 0 0 0 0 0 0 0 0 
3500 2894 0 0 0 0 0 0 0 0 
3600 2894 0 0 0 0 0 0 0 0 
3700 3062 0 0 2 0 0 0 0 0 
3800 3463 0 0 22 0 0 0 0 0 
3900 3489 27 0 496 0 0 0 0 0 
4000 3623 16 0 875 0 0 0 0 0 
4100 3636 9 0 899 0 0 0 0 0 
4200 3631 13 0 896 0 0 0 0 0 
4300 3630 13 0 897 0 0 0 0 0 
4400 3794 26 0 1090 0 0 0 0 0 
4500 3792 26 0 1088 0 0 0 0 0 
4600 3792 25 0 1087 0 0 0 0 0 
4700 3806 21 0 1108 0 0 0 0 0 
4800 3815 25 0 1117 0 0 0 0 0 
4900 3814 24 0 1119 0 0 0 0 0 
5000 3813 24 0 1118 0 0 0 0 0 
5100 3812 24 0 1117 0 0 0 0 0 
5200 3818 23 0 1125 0 0 0 0 0 
5300 3826 23 0 1131 0 0 0 0 0 
5400 3826 23 0 1127 0 0 0 0 0 
5500 3826 23 0 1127 0 0 0 0 0 
5600 3825 23 0 1126 0 0 0 0 0 
5700 3828 23 0 1130 0 0 0 0 0 
5800 3849 18 0 1149 0 0 0 0 0 
5900 3843 20 0 1143 0 0 0 0 0 
6000 3861 21 0 1159 0 0 0 0 0 
6100 3880 21 0 1176 0 0 0 0 0 
6200 3877 21 0 1173 0 0 0 0 0 
6300 3885 19 0 1186 0 0 0 0 0 
6400 3882 18 0 1184 0 0 0 0 0 
6500 3886 17 0 1190 0 0 0 0 0 
6600 3920 17 0 1230 0 0 0 0 0 
6700 3919 16 0 1227 0 0 0 0 0 
6800 3929 15 0 1233 0 0 0 0 0 
6900 3945 13 0 1255 0 0 0 0 0 
7000 3946 13 0 1258 0 0 0 0 0 
7100 3985 13 0 1294 0 0 0 0 0 
7200 3988 13 0 1301 0 0 0 0 0 
7300 3989 15 0 1306 0 0 0 0 0 
7400 4122 22 0 1419 0 0 0 0 0 
7500 4372 24 0 1653 0 0 0 0 0 
7600 4688 28 0 1955 0 0 0 0 0 
7700 4949 26 0 2237 0 0 0 0 0 
7800 5008 26 0 2288 0 0 0 0 0 
7900 5009 25 0 2289 0 0 0 0 0 
8000 5101 27 0 2388 0 0 0 0 0 
8100 5403 31 0 2660 0 0 0 0 0 
8200 5594 32 0 2858 0 0 0 0 0 
8300 5808 31 0 3058 0 0 0 0 0 
8400 6116 24 0 3374 0 0 0 0 0 
8500 6532 24 0 3777 0 0 0 0 0 
8600 7179 22 0 4451 0 0 0 0 0 
8700 7832 22 0 5107 0 0 0 0 0 
8800 8103 22 0 5367 0 0 0 0 0 
8900 8544 25 0 5796 0 0 0 0 0 
9000 8737 23 0 6020 0 0 0 0 0 
9100 8880 28 0 6218 0 0 0 0 0 
