# Avida tasks data
# Wed Apr 19 08:49:31 2023
# First column gives the current update, next columns give the number
# of organisms that have the particular task as a component of their merit
#  1: Update
#  2: Not
#  3: Nand
#  4: And
#  5: OrNot
#  6: Or
#  7: AndNot
#  8: Nor
#  9: Xor
# 10: Equals

0 0 0 0 0 0 0 0 0 0 
100 0 0 0 0 0 0 0 0 0 
200 0 0 0 0 0 0 0 0 0 
300 0 0 0 0 0 0 0 0 0 
400 0 0 0 0 0 0 0 0 0 
500 0 0 0 0 0 0 0 0 0 
600 0 0 0 0 0 0 0 0 0 
700 703 499 0 2 0 0 2 0 0 
800 2699 2584 8 37 0 9 0 0 0 
900 4525 4400 86 284 0 0 0 0 0 
1000 6211 6056 239 670 0 0 0 0 0 
1100 7521 7357 261 1583 1 850 4 0 0 
1200 8101 8045 325 2467 214 2071 206 0 0 
1300 8494 8472 277 3246 658 2793 739 0 0 
1400 8869 8788 196 4150 1395 3621 941 0 0 
1500 9306 9375 188 5183 2486 4567 727 0 0 
1600 10001 10059 174 6136 3739 5471 620 0 0 
1700 10709 10709 194 7046 4791 6371 486 0 0 
1800 11294 11365 205 7921 5966 7149 379 0 0 
1900 11737 11723 229 8636 6912 7775 258 0 0 
2000 11905 12018 213 9266 7826 8273 211 0 0 
2100 12095 12157 232 9614 8479 8680 156 0 0 
2200 12180 12274 190 9952 9205 9001 124 0 0 
2300 12183 12439 204 10314 9568 9293 113 0 0 
2400 12335 12550 239 10593 10004 9559 108 0 0 
2500 12413 12680 217 10984 10428 9884 109 0 0 
2600 12532 12863 223 11288 10727 10220 134 0 0 
2700 12628 12832 182 11448 10937 10343 377 0 0 
2800 12701 12927 176 11739 11345 10561 773 0 0 
2900 12860 12916 182 11884 11535 10909 1268 0 0 
3000 12753 13043 157 12014 11758 11060 1869 0 0 
3100 12841 12997 214 12093 11765 11207 2403 0 0 
3200 12771 13001 236 12210 11877 11260 3281 0 0 
3300 12760 13048 270 12251 11867 11250 3999 0 0 
3400 12797 13021 289 12329 11917 11331 4872 0 0 
3500 12728 13052 277 12397 11987 11296 5683 0 0 
3600 12783 13033 290 12323 12031 11419 6437 0 0 
3700 12767 13037 346 12245 11919 11370 6969 0 0 
3800 12822 13076 424 12321 11982 11434 7743 0 0 
3900 12851 13007 609 12334 12096 11468 8408 2 0 
4000 12798 13051 742 12290 11938 11422 8792 0 0 
4100 12858 13043 863 12428 12111 11540 9324 0 0 
4200 12844 13147 1027 12450 12141 11603 9792 0 0 
4300 12877 12990 1211 12345 12070 11470 10072 0 0 
4400 12883 13027 1411 12304 11966 11489 10287 0 0 
4500 12854 13015 1612 12336 12066 11447 10531 1 0 
4600 12794 13051 1883 12405 12074 11502 10697 0 0 
4700 12740 13062 2290 12385 12087 11541 10901 0 0 
4800 12645 12963 2431 12353 12028 11400 11035 0 0 
4900 12729 13045 2704 12341 12129 11417 11138 0 0 
5000 12669 13015 3043 12416 12038 11565 11262 0 0 
5100 12637 12977 3315 12404 12106 11516 11340 0 0 
5200 12586 12940 3673 12306 12059 11510 11427 0 0 
5300 12602 12970 4039 12383 12093 11513 11555 0 0 
5400 12584 12966 4416 12392 12027 11483 11592 0 0 
5500 12695 12937 4757 12467 12078 11611 11556 0 0 
5600 12597 12921 5074 12395 12146 11539 11615 0 0 
5700 12537 12862 5294 12373 12059 11470 11586 0 0 
5800 12478 12906 5724 12531 12046 11591 11566 0 0 
5900 12360 12827 5923 12382 11987 11397 11556 0 0 
6000 12478 12729 6536 12304 12014 11497 11536 0 0 
6100 12429 12807 6873 12462 12045 11591 11568 0 0 
6200 12390 12682 6992 12359 12102 11422 11597 0 0 
6300 12367 12774 7553 12427 12065 11559 11540 0 0 
6400 12354 12752 7814 12397 12044 11457 11567 0 0 
6500 12307 12667 8100 12372 12020 11436 11523 0 0 
6600 12236 12656 8341 12375 11996 11486 11516 0 0 
6700 12138 12581 8609 12303 11928 11418 11500 0 0 
6800 12234 12616 9056 12348 12072 11450 11620 0 0 
6900 12218 12635 9289 12405 11990 11456 11553 0 0 
7000 12219 12628 9697 12475 12111 11494 11679 0 0 
7100 12099 12529 9773 12317 11934 11392 11523 0 0 
7200 12074 12565 10038 12418 12016 11583 11616 0 0 
7300 12095 12484 10127 12348 12035 11478 11573 0 0 
7400 12118 12494 10266 12325 11959 11435 11562 0 0 
7500 12031 12466 10363 12281 11917 11472 11498 0 0 
7600 12034 12374 10466 12295 11933 11445 11583 0 0 
7700 12151 12439 10572 12439 11984 11495 11582 0 0 
7800 12123 12456 10648 12363 12081 11471 11590 0 0 
7900 11969 12246 10571 12248 11875 11365 11429 0 0 
8000 12074 12267 10730 12263 12006 11410 11538 67 0 
8100 12108 12363 10736 12290 11913 11373 11478 166 0 
8200 12054 12335 10847 12252 11895 11454 11448 287 0 
8300 12140 12371 10908 12374 11958 11519 11528 437 0 
8400 12126 12358 10887 12328 11862 11399 11470 732 0 
8500 12061 12341 10891 12277 11865 11462 11407 973 0 
8600 12064 12457 11019 12297 12039 11514 11527 1416 0 
8700 11985 12373 10902 12304 11930 11446 11461 1816 0 
8800 11978 12399 10913 12235 11957 11431 11427 2043 1105 
8900 11876 12442 10840 12191 11904 11433 11350 2442 2010 
9000 11924 12525 10921 12292 11887 11456 11365 3211 2951 
9100 11962 12560 10915 12266 11892 11386 11321 3902 3746 
9200 11861 12586 10805 12295 11802 11407 11343 4382 4220 
9300 11848 12614 10741 12272 11883 11386 11307 4733 4631 
9400 11751 12566 10660 12140 11822 11270 11274 5110 4909 
9500 11842 12630 10868 12237 11937 11427 11396 5816 5623 
9600 11811 12605 10674 12254 11910 11336 11410 6128 5935 
9700 11754 12626 10790 12216 11798 11350 11201 6475 6273 
9800 11810 12689 10776 12201 11828 11342 11337 6854 6621 
9900 11743 12704 10724 12299 11842 11409 11293 7262 7083 
10000 11734 12700 10774 12295 11912 11385 11271 7474 7283 
