# Avida tasks data
# Wed Apr 19 07:46:22 2023
# First column gives the current update, next columns give the number
# of organisms that have the particular task as a component of their merit
#  1: Update
#  2: Not
#  3: Nand
#  4: And
#  5: OrNot
#  6: Or
#  7: AndNot
#  8: Nor
#  9: Xor
# 10: Equals

0 0 0 0 0 0 0 0 0 0 
100 0 0 0 0 0 0 0 0 0 
200 0 0 0 0 0 0 0 0 0 
300 0 0 0 0 0 0 0 0 0 
400 0 0 0 0 0 0 0 0 0 
500 0 0 0 0 0 0 0 0 0 
600 23 0 0 0 0 0 0 0 0 
700 1166 0 0 0 0 0 0 0 0 
800 2306 4 0 3 0 0 0 0 0 
900 2765 99 0 6 1 0 0 0 0 
1000 2830 843 0 20 0 0 0 0 0 
1100 2830 841 2 20 0 0 0 0 0 
1200 2830 838 0 20 0 0 0 0 0 
1300 2830 835 0 20 0 0 0 0 0 
1400 2828 851 0 22 0 0 0 0 0 
1500 2854 916 0 20 0 0 0 0 0 
1600 2858 916 0 20 0 0 0 0 0 
1700 2873 934 4 24 0 0 0 0 0 
1800 2872 931 4 24 0 0 0 0 0 
1900 2872 931 4 24 0 0 0 0 0 
2000 2871 929 4 23 0 1 0 0 0 
2100 2872 930 4 23 0 1 0 0 0 
2200 2873 929 4 23 0 0 0 0 0 
2300 2885 972 0 26 2 2 0 0 0 
2400 2884 966 2 26 2 2 0 0 0 
2500 2923 1010 1 57 1 1 0 0 0 
2600 2926 1011 1 58 1 1 0 0 0 
2700 2927 1011 1 56 1 1 0 0 0 
2800 3023 1112 0 186 1 1 0 0 0 
2900 3030 1117 0 197 1 1 0 0 0 
3000 3031 1118 0 196 1 1 0 0 0 
3100 3031 1115 0 195 1 1 0 0 0 
3200 3026 1112 0 189 1 1 0 0 0 
3300 3028 1109 0 188 1 1 0 0 0 
3400 3027 1106 0 185 1 1 0 0 0 
3500 3028 1102 0 184 1 1 0 0 0 
3600 3028 1102 0 183 1 1 0 0 0 
3700 3088 1189 0 272 2 1 1 0 0 
3800 3087 1185 0 268 2 1 1 0 0 
3900 3181 1294 0 402 0 0 6 0 0 
4000 3190 1305 0 410 0 0 2 0 0 
4100 3197 1317 0 424 0 0 2 0 0 
4200 3197 1317 0 424 0 0 2 0 0 
4300 3212 1330 0 438 0 0 3 0 0 
4400 3277 1403 0 523 0 0 1 0 0 
4500 3278 1404 0 522 0 0 1 0 0 
4600 3333 1465 0 587 1 0 3 0 0 
4700 3361 1494 0 611 1 2 2 0 0 
4800 3361 1492 0 611 1 2 2 0 0 
4900 3361 1492 0 610 1 2 2 0 0 
5000 3362 1491 0 611 1 2 2 0 0 
5100 3387 1517 0 635 1 4 1 0 0 
5200 3391 1526 0 636 4 2 2 0 0 
5300 3615 1780 5 931 6 3 5 0 0 
5400 3807 1961 6 1079 14 3 3 0 0 
5500 4111 2259 293 1367 15 6 4 0 0 
5600 4298 2447 95 1546 15 5 4 0 0 
5700 4399 2541 24 1632 29 11 5 0 0 
5800 4477 2619 19 1698 23 15 6 0 0 
5900 4973 3111 17 2156 24 22 4 0 0 
6000 6142 4310 32 3267 39 42 4 0 0 
6100 6614 4784 37 3702 39 64 8 0 0 
6200 7347 5533 43 4456 85 79 5 0 0 
6300 7457 5647 38 4581 77 76 5 0 0 
6400 7470 5679 35 4617 85 78 7 0 0 
6500 7543 5752 33 4690 88 74 7 0 0 
6600 7570 5778 33 4708 75 73 7 0 0 
6700 7566 5772 33 4706 80 65 8 0 0 
6800 7635 5856 31 4783 75 56 6 0 0 
6900 7730 5947 27 4889 83 50 8 0 0 
7000 7848 6060 31 5044 84 48 6 0 0 
7100 7970 6182 27 5183 91 40 6 0 0 
7200 8101 6304 28 5331 101 43 5 0 0 
7300 8203 6407 23 5435 116 41 5 0 0 
7400 8426 6631 24 5657 111 42 5 0 0 
7500 8588 6788 22 5821 117 42 5 0 0 
7600 8588 6790 22 5823 125 38 5 0 0 
7700 8588 6796 22 5822 105 38 5 0 0 
7800 8596 6796 22 5826 102 38 7 0 0 
7900 8614 6811 22 5846 98 40 7 0 0 
8000 8680 6887 22 5910 106 38 7 0 0 
8100 8793 6988 23 6024 106 39 5 0 0 
8200 8863 7058 22 6100 103 38 5 0 0 
8300 8891 7078 22 6139 104 38 5 0 0 
8400 8891 7077 22 6144 107 37 5 0 0 
8500 8883 7070 22 6140 94 34 5 0 0 
8600 8904 7100 21 6174 99 29 5 0 0 
8700 8923 7115 21 6206 90 26 5 0 0 
8800 8960 7185 20 6280 91 23 4 0 0 
8900 8979 7222 17 6329 98 23 3 0 0 
9000 9032 7290 17 6409 110 22 3 0 0 
9100 9130 7395 17 6526 112 23 3 0 0 
9200 9149 6755 18 6547 117 24 3 0 0 
9300 9147 6313 17 6546 120 26 3 0 0 
