# Avida tasks data
# Tue Apr 18 23:45:30 2023
# First column gives the current update, next columns give the number
# of organisms that have the particular task as a component of their merit
#  1: Update
#  2: Not
#  3: Nand
#  4: And
#  5: OrNot
#  6: Or
#  7: AndNot
#  8: Nor
#  9: Xor
# 10: Equals

0 0 0 0 0 0 0 0 0 0 
100 0 0 0 0 0 0 0 0 0 
200 0 0 0 0 0 0 0 0 0 
300 0 0 0 0 0 0 0 0 0 
400 0 0 0 0 0 0 0 0 0 
500 1 6 0 114 0 0 0 0 0 
600 19 246 25 699 0 0 0 0 0 
700 118 1292 4 2108 0 0 0 0 0 
800 366 2733 0 3851 0 0 0 0 0 
900 653 4222 216 5838 117 3 0 0 0 
1000 1251 5375 748 7808 203 14 0 0 0 
1100 2211 6013 1424 8994 270 16 0 0 0 
1200 3209 6291 2498 10118 292 57 0 0 0 
1300 4019 6469 3842 10930 266 437 0 0 0 
1400 4878 6944 5028 11453 97 1456 0 0 0 
1500 5798 7491 6285 11741 19 2742 0 0 0 
1600 6583 8204 7219 11911 29 4169 0 0 0 
1700 7322 8386 7837 11912 175 5058 7 1 0 
1800 8062 8577 8446 12034 541 6110 8 0 0 
1900 8683 8739 8990 11989 846 6993 14 0 0 
2000 9395 8697 9457 11992 1297 7769 25 0 0 
2100 10018 8399 9865 12022 1924 8530 35 0 0 
2200 10502 8110 10088 11974 2571 9053 61 0 0 
2300 10949 8103 10138 12157 2981 9395 1042 0 0 
2400 11176 9405 10139 12258 3565 9398 2640 0 0 
2500 11574 10345 10252 12354 4332 9612 3749 0 0 
2600 12121 10717 10410 12511 5364 9779 4865 0 0 
2700 12567 11028 10480 12507 6306 9850 5818 0 0 
2800 12905 11035 10346 12607 7101 9800 6520 0 0 
2900 13154 11240 10314 12533 7815 9889 7155 0 0 
3000 13432 11160 10327 12622 8575 10007 7872 0 0 
3100 13525 11341 10273 12584 9197 10114 8362 0 0 
3200 13643 11480 10324 12691 9764 10235 8980 0 0 
3300 13698 11743 10345 12628 10091 10326 9247 0 0 
3400 13707 11914 10218 12649 10266 10293 9507 0 0 
3500 13756 12075 10260 12677 10499 10354 9611 0 0 
3600 13756 12251 10375 12738 10692 10513 9917 0 0 
3700 13796 12229 10182 12688 10696 10449 9841 0 0 
3800 13841 12165 10234 12810 10820 10544 9911 0 2 
3900 13781 12143 10244 12741 10868 10498 9951 0 0 
4000 13873 12260 10239 12796 10844 10482 10000 0 0 
4100 13869 12385 10300 12792 10924 10570 10011 0 3 
4200 13828 12398 10265 12717 10855 10568 9992 0 0 
4300 13833 12308 10309 12765 10871 10553 10014 0 0 
4400 13863 12211 10361 12761 10926 10626 10118 0 0 
4500 13877 12413 10390 12786 10959 10710 10086 0 0 
4600 13797 12342 10313 12716 10865 10526 10044 0 0 
4700 13866 12344 10366 12759 10908 10599 10079 0 0 
4800 13833 12243 10443 12815 10982 10654 10168 0 1 
4900 13829 12365 10391 12672 10902 10601 10102 0 0 
5000 13794 12456 10482 12770 10967 10711 10251 0 0 
5100 13819 12466 10466 12631 10871 10643 10103 0 0 
5200 13778 12445 10337 12584 10821 10627 10056 0 0 
5300 13799 12295 10390 12649 10928 10732 10047 0 2 
5400 13856 12481 10543 12754 11183 10754 10236 0 0 
5500 13809 12552 10380 12622 10969 10707 10045 0 0 
5600 13828 12534 10533 12702 11066 10816 10212 0 0 
5700 13878 12471 10480 12732 11002 10760 10185 2 0 
5800 13839 12600 10454 12703 10974 10753 10112 0 0 
5900 13840 12602 10483 12705 11009 10816 10264 0 0 
6000 13836 12651 10638 12690 11165 10880 10389 0 0 
6100 13843 12491 10584 12653 11052 10854 10222 2 3 
6200 13855 12553 10502 12625 10974 10883 10211 0 0 
6300 13837 12611 10553 12737 10940 10738 10207 0 0 
6400 13865 12612 10565 12706 11020 10878 10237 0 0 
6500 13843 12504 10608 12699 11058 10822 10292 0 0 
6600 13866 12569 10622 12736 11060 10896 10325 0 2 
6700 13890 12608 10613 12741 11065 10988 10345 0 0 
6800 13869 12708 10535 12666 10968 10827 10275 0 0 
6900 13840 12579 10680 12721 11038 10916 10330 0 0 
7000 13853 12713 10767 12703 11103 11001 10353 0 1 
7100 13876 12719 10686 12702 11056 10933 10444 0 0 
7200 13877 12580 10725 12738 11083 11084 10426 0 0 
7300 13838 12605 10590 12572 10991 10881 10272 0 0 
7400 13843 12639 10757 12719 11042 11024 10412 0 0 
7500 13829 12679 10722 12673 11090 11153 10403 0 0 
7600 13846 12775 10739 12631 11083 11067 10404 0 0 
7700 13825 12641 10723 12700 11131 11120 10421 0 0 
7800 13890 12621 10816 12696 11165 11208 10530 0 0 
7900 13849 12633 10769 12639 11066 11073 10427 0 0 
8000 13900 12650 10763 12674 11102 11153 10508 0 0 
8100 13872 12608 10848 12634 11147 11306 10560 0 0 
8200 13881 12698 10767 12705 11093 11300 10484 0 0 
8300 13857 12675 10831 12701 11174 11348 10556 0 0 
8400 13861 12554 10756 12640 11104 11228 10500 0 0 
8500 13872 12584 10744 12675 11081 11277 10468 0 0 
8600 13868 12635 10804 12638 11198 11294 10522 0 0 
8700 13928 12763 10792 12670 11108 11284 10573 0 0 
8800 13861 12760 10773 12625 11087 11345 10552 0 0 
8900 13926 12783 10862 12759 11204 11432 10615 0 0 
9000 13874 12824 10830 12683 11151 11378 10517 0 0 
9100 13825 12658 10885 12689 11126 11507 10541 0 0 
9200 13840 12509 10800 12643 11068 11412 10470 0 0 
9300 13874 12655 10894 12768 11191 11605 10614 0 0 
9400 13898 12671 10746 12606 11060 11477 10458 0 0 
9500 13890 12768 10735 12763 11072 11568 10475 0 0 
9600 13883 12782 10744 12696 11030 11527 10482 0 0 
9700 13904 12750 10704 12721 10970 11552 10443 0 0 
9800 13871 12692 10765 12697 11036 11617 10498 0 0 
9900 13916 12800 10701 12773 11049 11645 10468 0 0 
10000 13913 12746 10797 12749 11069 11762 10536 0 0 
