# Avida tasks data
# Tue Apr 18 21:46:33 2023
# First column gives the current update, next columns give the number
# of organisms that have the particular task as a component of their merit
#  1: Update
#  2: Not
#  3: Nand
#  4: And
#  5: OrNot
#  6: Or
#  7: AndNot
#  8: Nor
#  9: Xor
# 10: Equals

0 0 0 0 0 0 0 0 0 0 
100 0 0 0 0 0 0 0 0 0 
200 0 0 0 0 0 0 0 0 0 
300 0 0 0 0 0 0 0 0 0 
400 0 0 0 0 0 0 0 0 0 
500 2 0 0 0 0 0 0 0 0 
600 12 2 0 0 0 0 0 0 0 
700 100 141 0 62 0 0 0 0 0 
800 210 1550 3 2018 0 1820 0 0 0 
900 437 4444 7 4840 6 4446 0 0 0 
1000 991 6321 8 6838 18 6274 0 0 0 
1100 1380 7683 8 8252 6 7560 0 0 0 
1200 1986 8327 11 9048 15 8372 1 0 0 
1300 2475 9004 25 9739 27 9033 2 0 0 
1400 3156 9599 20 10326 27 9529 0 0 0 
1500 4086 10141 24 10770 37 9852 22 0 0 
1600 4853 10420 36 10956 48 10003 137 4 0 
1700 5561 10715 50 11401 65 10126 428 23 0 
1800 6389 10909 50 11526 117 9889 749 18 0 
1900 7106 11120 57 11610 207 9634 1224 12 0 
2000 7947 11110 70 11612 254 9978 2320 9 0 
2100 8695 11224 80 11540 217 10605 3606 0 0 
2200 9472 11322 75 11499 190 11119 4890 0 0 
2300 10091 11436 59 11618 154 11549 6101 0 0 
2400 10704 11331 64 11538 248 11807 7133 0 0 
2500 11090 11064 64 11619 1469 11947 8221 0 0 
2600 11350 11341 72 11723 2851 11999 8806 0 0 
2700 11412 11273 67 11760 4200 12121 9291 0 0 
2800 11592 11341 62 11880 5479 12160 9776 0 0 
2900 11722 11302 65 11963 6575 12235 10203 0 0 
3000 11874 11283 64 12234 7721 12470 10646 0 0 
3100 12038 11190 62 12151 8596 12320 10924 0 0 
3200 12193 11275 85 12265 9346 12470 11134 0 0 
3300 12397 11371 176 12358 9880 12487 11300 12 12 
3400 12420 11534 549 12452 10272 12480 11333 70 71 
3500 12538 11650 1254 12508 10563 12279 11293 191 193 
3600 12621 11488 2156 12521 10547 12135 11040 347 348 
3700 12533 11490 3049 12414 10552 12025 10938 444 441 
3800 12509 11430 4060 12413 10349 11787 10608 654 655 
3900 12439 11674 5052 12457 10353 11561 10442 882 885 
4000 12519 11689 5759 12516 10372 11585 10439 937 941 
4100 12631 11761 6571 12562 10383 11620 10463 971 976 
4200 12595 11697 7371 12449 10217 11444 10316 1030 1038 
4300 12510 11784 8163 12422 10134 11431 10246 1055 1066 
4400 12498 11807 8708 12431 10241 11518 10345 1018 1030 
4500 12561 11892 9271 12452 10341 11555 10399 987 989 
4600 12644 12072 9762 12541 10399 11749 10511 930 945 
4700 12674 12084 10131 12476 10589 11842 10689 791 798 
4800 12702 12179 10481 12485 10634 11875 10731 696 700 
4900 12712 12315 10671 12490 10858 12007 10963 607 613 
5000 12577 12284 10936 12455 11012 12087 11104 462 468 
5100 12623 12386 11288 12358 11007 12074 11117 381 385 
5200 12653 12475 11338 12442 11150 12229 11255 343 348 
5300 12695 12476 11578 12331 11184 12129 11240 292 292 
5400 12609 12402 11523 12440 11211 12297 11295 276 278 
5500 12658 12493 11719 12437 11167 12352 11303 193 202 
5600 12693 12519 11727 12362 11272 12356 11356 145 150 
5700 12770 12613 11938 12418 11420 12382 11505 78 75 
5800 12704 12630 11860 12443 11528 12457 11647 23 25 
5900 12732 12686 11990 12497 11538 12497 11620 9 9 
6000 12726 12700 11874 12472 11546 12473 11634 7 7 
6100 12567 12679 11927 12400 11405 12415 11524 8 9 
6200 12647 12703 11897 12486 11547 12571 11667 5 5 
6300 12585 12705 11899 12522 11543 12513 11607 1 1 
6400 12609 12755 11915 12428 11436 12446 11548 0 0 
6500 12582 12753 11867 12494 11551 12546 11683 0 0 
6600 12633 12729 11898 12502 11596 12528 11686 0 0 
6700 12626 12823 12024 12477 11507 12510 11647 0 0 
6800 12542 12815 11968 12403 11503 12444 11630 0 0 
6900 12520 12956 11998 12515 11591 12516 11730 0 0 
7000 12461 12918 11982 12539 11600 12572 11723 0 0 
7100 12576 12833 12033 12546 11583 12591 11722 0 0 
7200 12552 12822 11936 12540 11700 12577 11819 0 0 
7300 12518 12817 12004 12495 11579 12499 11671 0 0 
7400 12449 12958 11889 12560 11663 12492 11705 0 0 
7500 12484 12924 11918 12434 11614 12429 11702 0 0 
7600 12372 12918 11974 12512 11694 12513 11776 0 0 
7700 12520 12990 12089 12542 11704 12613 11866 0 0 
7800 12519 12801 11964 12524 11692 12565 11811 0 0 
7900 12384 12986 11934 12514 11630 12529 11740 1 0 
8000 12292 12997 12050 12536 11668 12595 11803 0 0 
8100 12441 13017 11909 12596 11659 12598 11733 0 0 
8200 12338 13052 11948 12555 11744 12603 11823 0 0 
8300 12300 13119 12039 12559 11819 12629 11921 0 0 
8400 12441 13117 11904 12541 11623 12545 11740 0 0 
8500 12379 13152 11947 12528 11675 12589 11789 0 0 
8600 12432 13110 12055 12590 11634 12637 11750 0 0 
8700 12266 13108 12040 12463 11679 12493 11775 0 0 
8800 12230 13174 11963 12614 11781 12640 11859 0 0 
8900 12392 13123 11965 12562 11602 12625 11718 0 0 
9000 12352 13166 12062 12616 11710 12663 11819 0 0 
9100 12321 13177 12072 12616 11807 12673 11939 0 0 
9200 12360 13197 12090 12712 11809 12707 11846 0 0 
9300 12484 13135 11979 12650 11723 12719 11858 0 0 
9400 12342 13098 12056 12580 11768 12625 11879 0 0 
9500 12311 13168 12045 12559 11717 12613 11832 0 0 
9600 12254 13148 11976 12631 11730 12686 11869 0 0 
9700 12188 13157 12081 12654 11815 12693 11956 0 0 
9800 12300 13170 12055 12623 11758 12709 11893 0 0 
9900 12152 13239 12029 12663 11807 12731 11937 0 0 
10000 12187 13295 12128 12698 11876 12690 11951 1 0 
