# Avida tasks data
# Wed Apr 19 12:14:17 2023
# First column gives the current update, next columns give the number
# of organisms that have the particular task as a component of their merit
#  1: Update
#  2: Not
#  3: Nand
#  4: And
#  5: OrNot
#  6: Or
#  7: AndNot
#  8: Nor
#  9: Xor
# 10: Equals

0 0 0 0 0 0 0 0 0 0 
100 0 0 0 0 0 0 0 0 0 
200 0 0 0 0 0 0 0 0 0 
300 0 0 0 0 0 0 0 0 0 
400 0 0 0 0 0 0 0 0 0 
500 0 0 0 0 0 0 0 0 0 
600 0 0 0 0 0 0 0 0 0 
700 0 0 0 0 0 0 0 0 0 
800 1939 1440 0 28 0 11 0 0 0 
900 3734 3331 0 81 1 3 0 0 0 
1000 3800 3456 0 72 1 2 0 0 0 
1100 3805 3455 0 74 1 2 0 0 0 
1200 3731 3499 0 69 1 2 0 0 0 
1300 3829 3585 0 69 1 2 0 0 0 
1400 3826 3583 0 69 1 2 0 0 0 
1500 3923 3644 0 75 1 2 0 0 0 
1600 3941 3647 0 76 1 2 0 0 0 
1700 3978 3717 0 78 1 1 0 0 0 
1800 4005 3727 0 77 1 1 0 0 0 
1900 4011 3775 0 77 1 1 0 0 0 
2000 4071 3889 0 75 1 1 0 0 0 
2100 4146 3966 0 73 1 1 0 0 0 
2200 4202 4017 0 80 1 6 0 0 0 
2300 4304 4111 0 80 1 2 0 0 0 
2400 4353 4189 0 77 1 1 0 0 0 
2500 4420 4221 0 79 1 1 0 0 0 
2600 4478 4295 0 75 1 1 0 0 0 
2700 4534 4337 0 84 1 1 0 0 0 
2800 4613 4425 0 88 1 1 0 0 0 
2900 4618 4421 0 95 1 1 0 0 0 
3000 4618 4428 0 104 1 1 0 0 0 
3100 4640 4452 0 137 1 1 0 0 0 
3200 4636 4456 0 144 1 3 0 0 0 
3300 4668 4462 0 159 1 2 0 0 0 
3400 4767 4580 0 158 1 1 0 0 0 
3500 4945 4763 0 160 1 1 0 0 0 
3600 5051 4865 0 162 1 1 0 0 0 
3700 5144 4945 0 166 1 2 0 0 0 
3800 5226 5055 0 172 1 2 0 0 0 
3900 5325 5141 0 162 1 2 0 0 0 
4000 5405 5238 0 172 1 2 0 0 0 
4100 5454 5299 0 182 1 2 0 0 0 
4200 5561 5389 0 178 1 2 0 0 0 
4300 5607 5449 0 171 1 1 0 0 0 
4400 5741 5581 0 183 1 1 0 0 0 
4500 5811 5652 0 185 1 1 0 0 0 
4600 5871 5715 0 203 1 5 0 0 0 
4700 5957 5806 0 194 1 1 0 0 0 
4800 6024 5897 0 186 1 1 0 0 0 
4900 6163 6021 0 183 1 1 0 0 0 
5000 6277 6128 0 189 1 1 0 0 0 
5100 6410 6284 0 187 1 1 0 0 0 
5200 6499 6400 0 203 1 1 0 0 0 
5300 6591 6489 0 218 1 1 0 0 0 
5400 6685 6600 0 222 1 2 0 0 0 
5500 6850 6754 0 218 1 1 0 0 0 
5600 6968 6875 0 207 1 1 0 0 0 
5700 7056 6974 0 199 1 1 0 0 0 
5800 7212 7136 0 188 1 1 0 0 0 
5900 7358 7270 0 200 1 1 0 0 0 
6000 7480 7361 0 189 1 1 0 0 0 
6100 7491 7385 0 209 1 1 0 0 0 
6200 7497 7395 0 230 1 2 0 0 0 
6300 7523 7417 0 217 1 1 0 0 0 
6400 7521 7407 0 220 1 1 0 0 0 
6500 7530 7436 0 238 1 1 0 0 0 
6600 7542 7443 0 230 1 1 0 0 0 
6700 7578 7479 0 223 1 1 0 0 0 
6800 7601 7499 0 245 1 2 0 0 0 
6900 7663 7552 0 240 1 2 0 0 0 
7000 7709 7602 1 244 1 2 0 0 0 
7100 7761 7657 1 253 1 2 0 0 0 
7200 7777 7702 1 257 1 2 0 0 0 
7300 7803 7726 1 256 1 1 0 0 0 
7400 7843 7789 1 270 1 1 0 0 0 
