# Avida tasks data
# Wed Apr 19 04:02:58 2023
# First column gives the current update, next columns give the number
# of organisms that have the particular task as a component of their merit
#  1: Update
#  2: Not
#  3: Nand
#  4: And
#  5: OrNot
#  6: Or
#  7: AndNot
#  8: Nor
#  9: Xor
# 10: Equals

0 0 0 0 0 0 0 0 0 0 
100 0 0 0 0 0 0 0 0 0 
200 0 0 0 0 0 0 0 0 0 
300 0 0 0 0 0 0 0 0 0 
400 0 0 0 0 0 0 0 0 0 
500 4 0 0 0 0 0 0 0 0 
600 478 22 0 0 0 0 0 0 0 
700 1755 49 0 0 0 0 0 0 0 
800 3349 132 0 49 0 0 0 0 0 
900 3013 865 0 1684 1042 2 0 0 0 
1000 3720 2765 0 2809 2203 10 1 0 0 
1100 5688 5189 6 5035 4322 89 2 0 0 
1200 7549 7544 9 7237 6182 169 10 0 0 
1300 8709 9075 17 8562 7378 260 8 0 0 
1400 9524 10056 34 9520 8208 296 16 0 0 
1500 10121 10938 28 10304 8610 676 31 0 0 
1600 10606 11465 17 10699 8777 1122 55 0 0 
1700 11143 11944 29 11082 8924 1607 136 0 0 
1800 11342 12155 34 11399 9023 2356 133 0 0 
1900 11735 12336 43 11478 9337 3745 73 0 0 
2000 12084 12486 56 11625 9465 4948 51 0 0 
2100 12416 12735 60 11839 9747 6087 35 0 0 
2200 12661 12897 107 11873 9900 7224 35 0 0 
2300 12841 12945 105 12010 10084 8175 20 0 0 
2400 13008 13106 111 12094 10227 9074 23 0 0 
2500 13092 13129 159 12095 10431 9736 24 0 0 
2600 13192 13159 478 12093 10504 10296 52 0 0 
2700 13285 13347 1229 12189 10794 10891 83 0 0 
2800 13278 13377 2001 12297 10977 11278 150 0 0 
2900 13315 13393 2938 12220 10991 11647 206 0 0 
3000 13327 13386 3700 12230 10974 11873 163 0 0 
3100 13354 13451 4543 12199 10984 12033 121 0 0 
3200 13372 13433 5268 12131 11043 11974 103 0 0 
3300 13290 13528 6047 12240 11028 12065 83 0 0 
3400 13371 13576 6702 12200 11084 12096 66 0 0 
3500 13259 13553 7479 12230 10997 12098 68 0 0 
3600 13256 13604 8175 12254 11141 12185 64 0 0 
3700 13131 13522 8526 12238 10963 12063 65 0 0 
3800 13216 13533 8851 12213 10963 12104 64 0 0 
3900 13272 13545 9104 12138 10878 12144 82 2 45 
4000 13219 13554 9262 12138 10995 12173 73 7 163 
4100 13229 13526 9107 12251 10950 12068 63 0 598 
4200 13310 13553 8569 12142 10871 12094 52 2 1182 
4300 13331 13528 8368 12099 10844 12018 59 2 1410 
4400 13342 13498 8039 12129 10806 12012 58 4 1667 
4500 13338 13514 7893 12145 10808 12013 62 4 1811 
4600 13347 13487 7608 12160 10825 12002 57 2 2054 
4700 13350 13490 7607 12165 10820 12007 59 2 2048 
4800 13350 13494 7498 12158 10819 12000 68 0 2142 
4900 13345 13463 7326 12146 10772 11961 61 0 2288 
5000 13343 13460 7323 12143 10765 11956 61 0 2286 
5100 13310 13487 6903 12142 10775 11033 67 3 2652 
5200 13297 13463 6605 12149 10788 10277 68 9 2831 
5300 13330 13500 6301 12197 10814 9601 71 6 3155 
5400 13326 13473 6016 12185 10790 8982 72 12 3364 
5500 13328 13465 5974 12139 10741 8916 69 9 3344 
5600 13307 13422 5951 12145 10744 8797 103 14 3340 
5700 13317 13427 5918 12084 10773 9049 668 6 3387 
5800 13338 13435 5849 11974 10758 9511 1264 8 3459 
5900 13311 13427 5680 11872 10703 9709 1734 6 3570 
6000 13338 13441 5515 11802 10687 9861 2191 6 3708 
6100 13372 13447 5300 11792 10646 10026 2660 5 3953 
6200 13365 13401 5108 11649 10563 10022 2967 6 4028 
6300 13305 13395 4928 11644 10611 10151 3369 5 4265 
6400 13334 13373 4733 11626 10595 10307 3665 7 4458 
6500 13298 13401 4621 11549 10552 10318 4050 9 4533 
6600 13309 13341 4442 11341 10457 10197 4251 11 4646 
6700 13357 13296 4232 11304 10362 10150 4498 10 4822 
6800 13357 13286 4011 11365 10438 10266 4907 9 5100 
6900 13345 13305 3864 11352 10445 10273 5204 8 5201 
7000 13351 13309 3785 11230 10346 10144 5402 6 5214 
7100 13394 13327 3671 11276 10459 10204 5712 9 5462 
7200 13405 13298 3558 11258 10510 10234 6005 5 5638 
7300 13366 13352 3407 11125 10393 10155 6264 2 5682 
7400 13447 13385 3238 11172 10463 10285 6636 1 5915 
7500 13363 13277 3102 11065 10357 10228 6700 4 5908 
7600 13358 13268 2992 11133 10400 10294 7021 2 6173 
7700 13366 13333 2857 11124 10458 10310 7355 0 6335 
7800 13347 13297 2747 10977 10397 10152 7582 0 6443 
7900 13423 13315 2641 10956 10351 10091 7759 1 6485 
8000 13391 13314 2471 10935 10407 10046 8049 3 6621 
8100 13421 13244 2372 11005 10398 10134 8219 1 6787 
8200 13392 13233 2273 10954 10317 10063 8293 4 6831 
8300 13427 13251 2200 10867 10197 9972 8388 2 6821 
8400 13417 13216 2077 10880 10210 9964 8583 2 6944 
8500 13439 13284 1993 10892 10314 9979 8817 1 7144 
8600 13397 13194 1900 10805 10174 9837 8793 0 7031 
8700 13415 13220 1770 10862 10249 9877 9007 1 7277 
8800 13467 13238 1657 10815 10336 9894 9199 0 7356 
8900 13476 13268 1530 10764 10306 9856 9301 0 7497 
9000 13451 13219 1444 10714 10204 9794 9309 6 7499 
9100 13510 13277 1347 10716 10283 9832 9459 1 7619 
9200 13514 13255 1242 10752 10242 9822 9547 0 7673 
9300 13457 13162 1181 10835 10298 9931 9653 5 7848 
9400 13505 13272 1105 10721 10227 9736 9785 1 7770 
9500 13412 13229 979 10721 10235 9748 9875 1 7937 
9600 13485 13200 930 10672 10120 9730 9897 2 7893 
9700 13451 13190 845 10776 10231 9797 10089 1 8056 
9800 13439 13211 768 10742 10289 9765 10160 1 8146 
9900 13425 13219 719 10728 10349 9780 10301 0 8236 
10000 13459 13202 665 10723 10196 9695 10177 3 8121 
