# Avida tasks data
# Tue Apr 18 22:04:46 2023
# First column gives the current update, next columns give the number
# of organisms that have the particular task as a component of their merit
#  1: Update
#  2: Not
#  3: Nand
#  4: And
#  5: OrNot
#  6: Or
#  7: AndNot
#  8: Nor
#  9: Xor
# 10: Equals

0 0 0 0 0 0 0 0 0 0 
100 0 0 0 0 0 0 0 0 0 
200 0 0 0 0 0 0 0 0 0 
300 0 0 0 0 0 0 0 0 0 
400 0 0 0 0 0 0 0 0 0 
500 0 0 0 0 0 0 0 0 0 
600 8 0 0 0 0 0 0 0 0 
700 13 0 0 0 0 0 0 0 0 
800 28 2 0 0 0 0 0 0 0 
900 125 5 0 0 0 0 0 0 0 
1000 216 38 0 0 0 0 0 0 0 
1100 428 96 0 0 0 0 0 0 0 
1200 804 143 0 79 16 0 0 0 0 
1300 1464 307 0 245 447 0 0 0 0 
1400 2369 406 0 1965 2169 0 0 0 0 
1500 3802 424 0 3579 3646 1 0 0 0 
1600 4933 431 0 4948 4910 0 0 0 0 
1700 6097 425 0 6274 6183 5 4 0 0 
1800 7109 672 0 7486 7306 18 0 0 0 
1900 8046 1011 0 8451 8218 27 0 0 0 
2000 8849 1522 0 9363 9054 19 0 0 0 
2100 9834 2338 0 10178 9802 9 0 0 0 
2200 10540 2959 0 10703 10400 3 0 0 0 
2300 11052 3734 0 11271 10883 5 0 0 0 
2400 11430 3947 1 11547 11102 532 4 0 0 
2500 11754 3853 8 11810 11335 1605 8 0 0 
2600 11803 3873 7 11820 11371 2721 216 0 0 
2700 11858 3754 13 11833 11318 3205 1155 0 0 
2800 11869 3531 11 11762 11277 3612 2252 0 0 
2900 12071 3308 34 11787 11282 3817 3118 0 0 
3000 12066 3335 54 11819 11292 3960 4026 0 0 
3100 12066 3726 66 11868 11254 3888 4930 0 0 
3200 12085 4295 67 11851 11307 3555 5890 0 0 
3300 12207 4870 71 11820 11353 3041 7056 0 0 
3400 12321 4837 72 11949 11252 3425 8223 0 0 
3500 12342 4639 48 11960 11228 4355 9183 0 0 
3600 12530 4086 56 12007 11282 5592 9760 0 0 
3700 12472 3581 42 12000 11240 6751 10004 0 0 
3800 12438 3198 47 11943 11163 7842 10322 0 0 
3900 12618 2678 45 12028 11266 8846 10733 0 0 
4000 12795 2212 44 12101 11418 9936 11020 0 0 
4100 12800 1862 35 12107 11367 10871 11116 0 0 
4200 12720 1559 35 12151 11347 11445 11103 0 0 
4300 12719 1360 32 12067 11287 11921 11095 0 0 
4400 12775 1250 19 12174 11434 12333 11201 0 0 
4500 12874 1217 11 12129 11382 12645 11095 0 0 
4600 12925 1410 11 12253 11410 12837 11204 0 0 
4700 12943 1720 12 12096 11293 13100 11001 0 0 
4800 12949 2117 5 12083 11279 13242 10971 0 0 
4900 12883 2486 16 12109 11250 13349 10929 0 0 
5000 12966 3077 15 12201 11265 13365 10975 0 0 
5100 12907 3643 9 12203 11298 13433 11098 0 0 
5200 12886 4242 19 12094 11264 13417 10971 0 0 
5300 12791 5019 6 12186 11389 13430 11130 0 0 
5400 12927 5689 12 12085 11337 13464 11015 0 0 
5500 12908 6233 14 12232 11348 13398 11042 0 0 
5600 12953 6869 32 12294 11477 13358 11168 0 0 
5700 12870 7527 24 12173 11398 13381 11107 0 0 
5800 12929 8280 18 12201 11325 13447 11101 0 0 
5900 12953 8842 34 12159 11293 13448 11016 0 0 
6000 12992 9456 23 12217 11432 13417 11141 0 0 
6100 12917 9997 26 12218 11361 13397 11064 0 0 
6200 12956 10423 18 12114 11309 13403 11022 0 0 
6300 12909 10866 13 12295 11383 13408 11176 0 0 
6400 12926 11369 22 12235 11428 13479 11150 0 0 
6500 12920 11934 17 12283 11483 13451 11242 0 0 
6600 12947 12228 21 12223 11423 13454 11113 0 0 
6700 13072 12477 9 12270 11412 13466 11127 0 0 
6800 13016 12737 16 12244 11395 13449 11158 0 0 
6900 12979 12742 16 12197 11347 13426 11147 0 0 
7000 12996 12929 18 12356 11494 13452 11258 0 0 
7100 12974 12963 15 12273 11480 13470 11281 0 0 
7200 13007 12993 18 12278 11442 13448 11188 0 0 
7300 13051 13065 19 12185 11372 13426 11122 0 0 
7400 12924 12970 10 12223 11285 13397 10977 0 0 
7500 12972 13143 16 12285 11486 13429 11198 0 0 
7600 12998 13133 19 12304 11443 13380 11120 0 0 
7700 13068 13137 26 12326 11518 13446 11259 0 0 
7800 13143 13074 23 12359 11451 13413 11239 0 0 
7900 13091 13082 12 12270 11526 13410 11261 0 0 
8000 13144 13105 23 12331 11550 13421 11316 0 0 
8100 13083 13232 9 12273 11543 13506 11257 0 0 
8200 13098 13177 6 12316 11490 13434 11269 0 0 
8300 13170 13193 22 12337 11635 13448 11321 0 0 
8400 13106 13193 25 12381 11594 13450 11343 0 0 
8500 13114 13200 11 12476 11679 13405 11424 0 0 
8600 13071 13228 6 12369 11577 13431 11316 0 0 
8700 13068 13213 8 12484 11702 13411 11410 0 0 
8800 13003 13204 3 12347 11602 13508 11367 0 0 
8900 13145 13198 22 12438 11654 13513 11461 0 0 
9000 13039 13295 14 12409 11668 13507 11444 0 0 
9100 13184 13226 6 12439 11649 13472 11393 0 0 
9200 13119 13221 6 12469 11718 13505 11481 0 0 
9300 13113 13295 12 12408 11679 13451 11393 0 0 
9400 13152 13281 13 12428 11690 13502 11425 0 0 
9500 13151 13204 16 12498 11706 13433 11420 0 0 
9600 13095 13311 8 12456 11743 13486 11476 0 0 
9700 13148 13248 18 12448 11713 13447 11426 0 0 
9800 13119 13320 14 12512 11819 13475 11580 0 0 
9900 13163 13402 8 12568 11845 13485 11566 0 0 
10000 13157 13324 9 12475 11768 13471 11507 0 0 
