# Avida tasks data
# Wed Apr 19 03:26:18 2023
# First column gives the current update, next columns give the number
# of organisms that have the particular task as a component of their merit
#  1: Update
#  2: Not
#  3: Nand
#  4: And
#  5: OrNot
#  6: Or
#  7: AndNot
#  8: Nor
#  9: Xor
# 10: Equals

0 0 0 0 0 0 0 0 0 0 
100 0 0 0 0 0 0 0 0 0 
200 0 0 0 0 0 0 0 0 0 
300 0 0 0 0 0 0 0 0 0 
400 0 0 0 0 0 0 0 0 0 
500 0 0 0 0 0 0 0 0 0 
600 0 0 0 0 0 0 0 0 0 
700 47 20 0 0 0 0 0 0 0 
800 158 202 0 24 0 0 0 0 0 
900 319 993 0 1024 0 0 0 0 0 
1000 702 2248 7 2287 1 6 0 0 0 
1100 2566 5126 629 5141 0 15 0 0 0 
1200 4288 7586 2423 7620 6 6 0 0 0 
1300 6709 9559 4791 9545 16 12 0 0 0 
1400 8024 10220 5924 10210 47 16 0 0 0 
1500 9218 10760 7005 10617 27 21 0 0 0 
1600 10402 11286 8151 11097 33 11 0 0 0 
1700 11313 11762 9240 11542 40 21 0 0 0 
1800 12140 12220 10297 11975 81 19 0 0 0 
1900 12709 12498 10909 12222 47 24 0 0 0 
2000 13164 12823 11627 12576 47 21 0 0 0 
2100 13475 13007 12025 12666 50 19 0 0 0 
2200 13531 13076 12391 12744 67 20 0 0 0 
2300 13586 13078 12502 12789 47 26 0 0 0 
2400 13578 13005 12392 12746 47 19 0 0 0 
2500 13501 13048 12418 12720 61 26 0 0 0 
2600 13511 13112 12399 12823 60 30 2 0 0 
2700 13577 13088 12357 12812 57 24 0 0 0 
2800 13538 12961 12403 12704 72 44 0 0 0 
2900 13514 13066 12351 12788 62 20 0 0 0 
3000 13521 13018 12393 12804 65 30 0 0 0 
3100 13579 13108 12436 12798 44 35 0 0 0 
3200 13539 13074 12404 12806 50 44 0 0 0 
3300 13608 13144 12497 12823 54 26 4 0 0 
3400 13563 13103 12482 12755 66 35 9 0 0 
3500 13586 13072 12362 12800 59 44 8 0 0 
3600 13571 13111 12411 12827 57 34 11 0 0 
3700 13517 13060 12449 12820 66 39 0 0 0 
3800 13552 13172 12417 12899 65 44 0 0 0 
3900 13564 13095 12462 12904 43 51 1 0 0 
4000 13571 13147 12495 12965 48 40 0 0 0 
4100 13581 13152 12526 12911 49 33 0 0 0 
4200 13618 13154 12513 12924 32 60 0 0 0 
4300 13601 13120 12450 12900 58 42 2 0 0 
4400 13621 13146 12484 12932 48 51 0 0 0 
4500 13598 13148 12459 12940 54 32 0 0 0 
4600 13606 13076 12454 12922 67 49 0 0 0 
4700 13603 13196 12538 12969 49 41 0 0 0 
4800 13640 13191 12551 12947 43 44 0 0 0 
4900 13637 13153 12614 13055 70 59 1 0 0 
5000 13651 13176 12559 12990 46 42 0 0 0 
5100 13619 13169 12624 12963 66 70 0 0 0 
5200 13617 13116 12575 12903 60 59 0 0 0 
5300 13684 13218 12596 13074 61 75 0 0 0 
5400 13724 13273 12651 13121 44 87 0 0 0 
5500 13719 13209 12705 13083 54 72 0 0 0 
5600 13580 13169 12683 13024 64 73 0 0 0 
5700 13738 13263 12752 13068 56 52 0 0 0 
5800 13698 13290 12724 13096 45 73 0 0 0 
5900 13669 13222 12664 13089 41 52 0 0 0 
6000 13723 13264 12597 13107 56 66 0 0 0 
6100 13696 13241 12642 13109 43 51 0 0 0 
6200 13599 13222 12612 13032 58 70 0 0 0 
6300 13741 13279 12619 13092 59 66 0 0 0 
6400 13708 13267 12668 13106 51 62 1 0 0 
6500 13661 13308 12647 13197 61 67 1 0 0 
6600 13693 13255 12657 13143 55 48 0 0 0 
6700 13681 13267 12680 13121 62 56 0 0 0 
6800 13633 13214 12662 13060 72 67 0 0 0 
6900 13648 13251 12666 13127 63 45 0 0 0 
7000 13653 13263 12607 13133 46 56 0 0 0 
7100 13662 13319 12757 13177 43 41 2 0 0 
7200 13647 13276 12662 13121 75 48 1 0 0 
7300 13566 13313 12641 13207 75 44 13 0 0 
7400 13530 13249 12693 13163 68 37 6 0 0 
7500 13560 13309 12678 13202 72 43 0 0 0 
7600 13575 13410 12709 13309 66 32 1 0 0 
7700 13544 13337 12705 13216 56 40 0 0 0 
7800 13619 13314 12554 13154 48 39 0 0 0 
7900 13536 13346 12592 13236 53 52 2 0 0 
8000 13578 13413 12726 13252 53 69 15 0 0 
8100 13551 13327 12579 13161 56 103 7 0 0 
8200 13571 13360 12734 13225 85 169 1 0 0 
8300 13465 13370 12719 13281 166 326 7 0 0 
8400 13543 13326 12684 13230 351 480 13 0 0 
8500 13561 13354 12710 13265 618 707 18 0 0 
8600 13552 13432 12646 13261 966 1029 21 0 0 
8700 13574 13468 12693 13356 1284 1421 23 0 0 
8800 13611 13414 12697 13365 1619 1896 29 0 0 
8900 13568 13359 12737 13303 1960 2279 11 0 0 
9000 13532 13430 12719 13360 2126 2995 2 0 0 
9100 13501 13462 12755 13372 2333 3529 3 0 0 
9200 13507 13510 12734 13390 2674 4026 0 0 0 
9300 13536 13422 12760 13400 2988 4648 3 0 0 
9400 13486 13465 12634 13375 3298 5203 8 0 0 
9500 13541 13490 12659 13385 3734 5622 1 0 0 
9600 13514 13508 12709 13459 3924 6107 6 0 0 
9700 13548 13525 12719 13417 4157 6470 9 0 0 
9800 13594 13469 12695 13457 4316 6832 10 0 0 
9900 13492 13478 12642 13451 4564 7108 10 0 0 
10000 13536 13418 12649 13353 4503 7440 11 0 0 
