# Avida tasks data
# Tue Apr 18 18:49:02 2023
# First column gives the current update, next columns give the number
# of organisms that have the particular task as a component of their merit
#  1: Update
#  2: Not
#  3: Nand
#  4: And
#  5: OrNot
#  6: Or
#  7: AndNot
#  8: Nor
#  9: Xor
# 10: Equals

0 0 0 0 0 0 0 0 0 0 
100 0 0 0 0 0 0 0 0 0 
200 0 0 0 0 0 0 0 0 0 
300 0 0 0 0 0 0 0 0 0 
400 0 0 0 0 0 0 0 0 0 
500 0 0 0 0 0 0 0 0 0 
600 1 9 0 0 0 0 0 0 0 
700 2 134 0 0 0 0 0 0 0 
800 22 460 0 5 0 0 0 0 0 
900 85 900 0 183 0 0 0 0 0 
1000 208 1028 0 687 0 0 0 0 0 
1100 452 1128 0 1573 0 0 0 0 0 
1200 1190 1341 0 2900 0 0 0 0 0 
1300 2287 1640 0 3979 0 0 0 0 0 
1400 3170 1865 0 4979 497 0 0 0 0 
1500 4378 1839 0 3899 1988 1 1833 0 0 
1600 5607 1682 0 2988 3793 5 3720 0 0 
1700 6903 1431 0 2210 5537 1 5447 0 0 
1800 8196 1110 0 1666 7106 1 7021 0 0 
1900 9278 829 0 1404 8253 4 8142 0 0 
2000 10257 590 0 1081 9398 3 9322 0 0 
2100 10916 550 2 877 10210 7 10038 0 0 
2200 11384 718 3 852 10725 10 10504 0 0 
2300 11908 756 0 1086 11327 13 11064 0 0 
2400 12135 869 0 1896 11563 14 11390 0 0 
2500 12340 2161 0 3088 11842 21 11626 0 0 
2600 12709 3828 0 4573 12269 12 11985 0 0 
2700 12705 5360 2 6242 12275 152 11989 0 0 
2800 12596 5377 33 7767 12182 1761 11896 0 0 
2900 12699 6091 83 9038 12288 3990 11965 0 0 
3000 12741 7476 130 10163 12351 5945 12006 0 0 
3100 12660 8456 223 11062 12287 7757 11891 0 0 
3200 12677 9343 255 11918 12334 9414 11967 0 0 
3300 12628 10180 261 12410 12283 10533 11906 0 0 
3400 12579 10844 272 12711 12237 11367 11927 0 0 
3500 12619 11257 191 12915 12260 12010 11912 0 0 
3600 12683 11987 494 13013 12370 12508 11991 0 0 
3700 12671 12478 1212 13069 12320 12956 12029 0 0 
3800 12674 12857 2157 13072 12378 13062 11982 0 0 
3900 12720 13157 3277 13119 12341 13120 12048 0 0 
4000 12596 13477 4486 13259 12323 13223 11961 0 0 
4100 12697 13431 5520 13142 12296 13219 11999 0 0 
4200 12609 13431 6579 13159 12294 13234 11948 0 0 
4300 12685 13571 7813 13289 12351 13355 11998 0 0 
4400 12661 13587 8854 13278 12362 13371 11969 0 20 
4500 12605 13694 9650 13309 12286 13219 11965 0 110 
4600 12685 13738 10104 13420 12317 13127 12051 0 223 
4700 12654 13732 10228 13352 12360 12809 12052 0 334 
4800 12693 13729 10499 13287 12317 12573 12060 0 505 
4900 12808 13706 10465 13353 12435 12330 12129 0 663 
5000 12727 13650 10234 13324 12403 11819 12014 0 1074 
5100 12677 13713 9794 13324 12283 11255 12077 0 1581 
5200 12691 13596 9225 13275 12393 10511 12055 0 2065 
5300 12597 13628 8621 13244 12277 9720 11962 0 2674 
5400 12535 13571 7855 13255 12231 10502 12002 0 3422 
5500 12537 13555 6496 13163 12147 11209 11881 0 4515 
5600 12472 13560 5562 13236 12106 11799 11829 1 5338 
5700 12378 13570 4418 13203 12049 12062 11849 0 6404 
5800 12408 13628 3243 13186 11992 12385 11882 0 7489 
5900 12409 13604 2361 13282 12032 12758 11894 0 8275 
6000 12386 13547 1786 13129 12037 12850 11788 2 8697 
6100 12347 13478 1284 13191 12008 12822 11734 0 9079 
6200 12231 13543 787 13156 11962 12858 11750 1 9540 
6300 12338 13549 514 13128 11931 12796 11703 0 9758 
6400 12321 13573 417 13142 11992 12776 11800 1 9989 
6500 12311 13516 539 13188 11875 12834 11751 0 9994 
6600 12304 13590 1161 13169 11927 12820 11648 5 9981 
6700 12482 13599 2090 13266 12117 12832 11904 1 10198 
6800 12275 13492 3280 13136 11899 12840 11731 2 9925 
6900 12448 13486 4435 13141 11970 12822 11726 9 9855 
7000 12415 13575 5690 13295 12000 12998 11746 2 10073 
7100 12424 13520 7015 13179 11970 12934 11850 6 10096 
7200 12611 13551 8226 13278 12088 13080 11940 7 10143 
7300 12486 13543 9295 13203 12031 12975 11915 12 10110 
7400 12494 13566 10110 13183 12015 13082 11743 6 10169 
7500 12462 13530 10699 13157 12029 13066 11821 6 10118 
7600 12553 13622 11407 13224 12124 13115 11867 7 10252 
7700 12554 13597 11997 13308 12127 13166 11828 16 10212 
7800 12568 13603 12187 13345 12087 13201 11869 15 10307 
7900 12624 13569 12462 13220 12113 13147 11903 11 10278 
8000 12589 13584 12601 13276 12105 13139 11912 11 10252 
8100 12379 13617 12563 13234 11830 13163 11885 11 10147 
8200 12235 13624 12524 13163 11592 13184 11819 14 10007 
8300 12145 13646 12476 13168 11388 13183 11797 12 9967 
8400 12040 13649 12575 13145 11343 13183 11835 17 9958 
8500 11853 13677 12484 13108 11093 13130 11732 16 9817 
8600 11815 13643 12583 13052 11023 13121 11755 18 9761 
8700 11730 13720 12571 13069 10919 13104 11734 24 9775 
8800 11653 13722 12520 13075 10723 13130 11732 30 9673 
8900 11535 13746 12477 13089 10639 13083 11701 27 9652 
9000 11543 13704 12402 12959 10649 13016 11596 23 9619 
9100 11404 13777 12385 12987 10438 13052 11596 23 9451 
9200 11397 13780 12462 12974 10396 13105 11547 25 9518 
9300 11342 13793 12333 12968 10390 13117 11722 20 9683 
9400 11379 13806 12333 13036 10433 13096 11744 38 9677 
9500 11260 13765 12287 12951 10237 13091 11636 22 9550 
9600 11219 13778 12291 13032 10188 13038 11653 34 9484 
9700 11236 13790 12364 12963 10160 13080 11650 33 9442 
9800 11207 13764 12312 12939 10142 13032 11638 39 9499 
9900 11070 13791 12371 12937 10122 13090 11582 36 9286 
10000 11174 13769 12330 13020 10118 13013 11494 21 9472 
