# Avida tasks data
# Tue Apr 18 23:18:02 2023
# First column gives the current update, next columns give the number
# of organisms that have the particular task as a component of their merit
#  1: Update
#  2: Not
#  3: Nand
#  4: And
#  5: OrNot
#  6: Or
#  7: AndNot
#  8: Nor
#  9: Xor
# 10: Equals

0 0 0 0 0 0 0 0 0 0 
100 0 0 0 0 0 0 0 0 0 
200 0 0 0 0 0 0 0 0 0 
300 0 0 0 0 0 0 0 0 0 
400 0 0 0 0 0 0 0 0 0 
500 0 0 0 0 0 0 0 0 0 
600 2 0 0 0 0 0 0 0 0 
700 0 0 0 0 0 0 0 0 0 
800 3 0 0 0 0 0 0 0 0 
900 56 5 0 0 0 0 0 0 0 
1000 139 9 0 0 0 0 0 0 0 
1100 285 60 0 7 0 0 0 0 0 
1200 604 1249 0 1287 8 0 793 0 0 
1300 2590 3870 0 3594 80 5 3313 0 0 
1400 3863 5177 2 4836 1007 590 4435 0 0 
1500 4599 6080 23 5694 1793 2073 5124 0 0 
1600 5478 6995 28 6590 2785 3635 5941 0 0 
1700 6313 7910 45 7538 3836 5054 6731 0 0 
1800 7049 8804 70 8327 4878 6255 7461 0 0 
1900 7847 9601 43 9068 5923 7400 8063 5 0 
2000 8707 10375 75 9885 6892 8513 8832 23 0 
2100 9406 10995 80 10490 7783 9404 9417 20 0 
2200 10084 11532 97 11009 8342 10088 9796 23 0 
2300 10657 12161 98 11612 9102 10894 10322 2 0 
2400 11014 12572 114 12104 9594 11273 10755 32 1 
2500 11208 12755 106 12171 9679 11543 10920 469 0 
2600 11361 12847 109 12267 10023 11620 10981 2044 0 
2700 11514 12819 133 12154 9980 11594 10900 3502 5 
2800 11345 12991 691 12332 10300 11807 11104 4933 2 
2900 11575 13164 1311 12515 10306 11807 11132 5915 695 
3000 11730 13190 934 12480 10350 11918 11119 6748 2307 
3100 11627 13168 832 12463 10278 11946 11055 7120 3379 
3200 11621 13177 823 12439 10337 11910 11072 7427 4382 
3300 11759 13146 684 12440 10332 11915 11026 7849 5514 
3400 11615 13185 543 12442 10433 11944 11094 8283 6485 
3500 11726 13240 490 12577 10443 12055 11195 8598 7243 
3600 11692 13255 496 12452 10327 11943 11039 8983 7834 
3700 11594 13220 485 12449 10413 11950 11061 9486 8500 
3800 11558 13190 400 12450 10383 11952 11121 9928 9086 
3900 11628 13253 328 12439 10260 11964 11051 10279 9494 
4000 11734 13285 283 12461 10372 12032 11016 10537 9769 
4100 11773 13224 284 12475 10351 12066 11121 10726 10014 
4200 11822 13221 302 12497 10392 12044 11135 10874 10101 
4300 11886 13183 259 12371 10387 12045 11157 10827 10104 
4400 12059 13238 282 12445 10452 12077 11161 10838 10138 
4500 12001 13265 268 12420 10432 12029 11145 10811 10101 
4600 11981 13217 261 12448 10405 12101 11168 10787 10147 
4700 11882 13169 266 12489 10561 12058 11248 10921 10263 
4800 12011 13218 263 12506 10455 12092 11247 10891 10236 
4900 12023 13170 279 12443 10375 11946 11100 10789 10106 
5000 12088 13234 239 12427 10404 12067 11177 10819 10214 
5100 12088 13247 262 12508 10535 12083 11267 10915 10253 
5200 12097 13212 270 12436 10591 11936 11208 10933 10254 
5300 12117 13243 213 12525 10493 12094 11226 10914 10301 
5400 12175 13167 276 12493 10466 12014 11183 10871 10246 
5500 12144 13278 232 12503 10578 12178 11284 11026 10293 
5600 12225 13231 261 12462 10532 12089 11241 10876 10226 
5700 12123 13290 235 12556 10696 12130 11331 11001 10358 
5800 12099 13226 266 12462 10584 12035 11251 10938 10348 
5900 12099 13237 268 12499 10542 11987 11187 10852 10271 
6000 12065 13232 233 12438 10538 11980 11234 10812 10254 
6100 12071 13220 208 12464 10587 12104 11324 10908 10343 
6200 12171 13264 210 12491 10494 12040 11204 10870 10194 
6300 12274 13192 285 12381 10506 11967 11196 10802 10188 
6400 12234 13243 228 12569 10753 12155 11359 11002 10397 
6500 12396 13175 209 12470 10612 12046 11286 10935 10394 
6600 12307 13195 233 12480 10668 12055 11276 10907 10280 
6700 12294 13211 272 12481 10561 12146 11281 10921 10288 
6800 12337 13273 292 12497 10616 12111 11286 10981 10352 
6900 12303 13307 267 12508 10799 12135 11409 11104 10418 
7000 12318 13303 251 12526 10748 12175 11380 11020 10389 
7100 12348 13275 235 12515 10710 12199 11388 11061 10434 
7200 12204 13330 258 12543 10786 12222 11452 11155 10474 
7300 12288 13310 260 12476 10689 12216 11353 11044 10366 
7400 12235 13284 270 12546 10704 12113 11365 10974 10391 
7500 12373 13327 230 12541 10800 12183 11435 11074 10498 
7600 12385 13234 222 12448 10856 12106 11429 11080 10528 
7700 12430 13249 245 12514 10636 12123 11311 11057 10373 
7800 12433 13230 229 12538 10701 12071 11335 11032 10446 
7900 12421 13261 226 12599 10875 12213 11494 11143 10638 
8000 12513 13278 259 12566 10791 12157 11408 11096 10444 
8100 12335 13309 227 12619 10785 12198 11466 11129 10598 
8200 12502 13266 243 12614 10843 12167 11543 11167 10588 
8300 12362 13249 245 12581 10846 12229 11477 11170 10555 
8400 12405 13341 231 12590 10905 12315 11505 11238 10562 
8500 12342 13276 210 12568 10802 12226 11492 11121 10571 
8600 12476 13290 264 12496 10776 12122 11391 11097 10456 
8700 12521 13365 253 12584 10823 12235 11475 11219 10545 
8800 12594 13314 206 12567 10835 12279 11470 11219 10562 
8900 12519 13280 193 12554 10823 12198 11386 11144 10472 
9000 12301 13294 261 12544 10855 12190 11468 11182 10487 
9100 12425 13333 212 12573 10937 12284 11607 11275 10707 
9200 12443 13362 231 12668 10985 12292 11708 11322 10777 
9300 12502 13356 233 12684 10886 12233 11583 11275 10758 
9400 12427 13347 249 12568 10817 12180 11459 11126 10545 
9500 12327 13281 195 12547 10740 12181 11410 11065 10467 
9600 12535 13346 226 12632 10940 12271 11587 11338 10707 
9700 12678 13333 231 12633 10926 12262 11565 11228 10698 
9800 12359 13364 252 12622 10891 12205 11553 11209 10694 
9900 12438 13281 200 12666 10945 12259 11562 11261 10749 
10000 12383 13323 203 12570 10869 12212 11554 11265 10634 
