# Avida tasks data
# Wed Apr 19 10:34:22 2023
# First column gives the current update, next columns give the number
# of organisms that have the particular task as a component of their merit
#  1: Update
#  2: Not
#  3: Nand
#  4: And
#  5: OrNot
#  6: Or
#  7: AndNot
#  8: Nor
#  9: Xor
# 10: Equals

0 0 0 0 0 0 0 0 0 0 
100 0 0 0 0 0 0 0 0 0 
200 0 0 0 0 0 0 0 0 0 
300 0 0 0 0 0 0 0 0 0 
400 0 0 0 0 0 0 0 0 0 
500 0 0 0 0 0 0 0 0 0 
600 23 0 0 0 0 0 0 0 0 
700 595 434 0 2 0 0 0 0 0 
800 1310 1254 0 3 0 0 0 0 0 
900 2144 2101 0 11 0 0 0 0 0 
1000 2919 2868 0 15 0 0 0 0 0 
1100 3805 3763 0 223 1 0 0 0 0 
1200 4764 4661 0 768 1 3 0 0 0 
1300 5681 5575 0 1572 2 4 0 0 0 
1400 6651 6485 0 2556 6 0 0 0 0 
1500 7734 7620 0 3735 5 0 0 0 0 
1600 8765 8667 0 4901 12 2 0 0 0 
1700 9825 9803 0 6176 15 0 0 0 0 
1800 10712 10602 0 7352 13 8 0 0 0 
1900 11328 11222 0 8189 12 10 0 0 0 
2000 11805 11674 3 8963 17 7 0 0 0 
2100 12212 12138 9 9850 15 3 10 0 0 
2200 12655 12576 10 10669 17 4 5 0 0 
2300 12812 12659 14 11062 8 3 7 0 0 
2400 12809 12744 24 11435 15 1 8 0 0 
2500 12880 12802 27 11771 21 17 9 0 0 
2600 12883 12807 22 11966 11 12 17 0 0 
2700 12920 12863 12 12160 21 26 18 0 0 
2800 12971 12856 14 12252 25 151 24 0 0 
2900 12891 12849 18 12393 44 541 29 0 0 
3000 12809 12732 16 12367 20 1054 34 0 0 
3100 12942 12865 18 12471 73 1476 34 0 0 
3200 12947 12902 39 12549 141 1866 31 0 0 
3300 13024 13001 29 12617 185 2384 24 0 0 
3400 12999 12957 33 12570 242 2788 26 0 0 
3500 13018 12906 27 12464 272 3290 30 0 0 
3600 13005 12982 36 12542 347 3768 21 2 0 
3700 13066 12950 20 12560 385 4365 19 0 0 
3800 13086 12978 27 12635 455 4833 17 1 0 
3900 13032 12974 35 12659 686 5092 12 1 0 
4000 13167 12974 48 12611 705 5589 13 0 0 
4100 13137 12964 40 12503 743 6186 5 0 0 
4200 13154 12971 34 12527 881 6526 6 2 0 
4300 13153 12962 40 12602 886 7125 14 0 0 
4400 13207 13004 47 12569 867 7504 15 1 0 
4500 13113 12957 60 12461 931 7741 2 0 0 
4600 13106 12908 49 12433 979 8218 6 3 0 
4700 13139 12929 53 12513 946 8498 11 1 0 
4800 13208 12994 63 12515 988 8769 9 0 0 
4900 13154 12930 54 12390 1103 8846 38 0 0 
5000 13058 12892 61 12453 1206 8958 80 0 0 
5100 13159 12958 75 12513 1209 9112 156 0 0 
5200 13124 12940 79 12443 1232 9330 232 0 0 
5300 13092 12880 60 12448 1240 9515 285 0 0 
5400 13090 12906 55 12424 1316 9655 344 2 0 
5500 13130 12992 60 12460 1358 9699 457 1 0 
5600 13154 13024 68 12444 1919 9830 581 0 0 
5700 13207 12984 70 12348 2449 9998 657 0 0 
5800 13194 13015 68 12320 3101 10116 765 2 0 
5900 13239 13017 82 12275 3772 10308 833 0 0 
6000 13231 12959 94 12246 4310 10504 883 0 0 
6100 13262 13041 100 12274 4972 10675 926 3 0 
6200 13150 12972 108 12215 5614 10763 942 0 0 
6300 13056 12877 105 12086 6220 10974 912 4 0 
6400 13141 12927 133 12104 6782 10888 862 2 0 
6500 13137 12898 142 12122 7373 10963 875 6 0 
6600 13141 12910 164 12168 7861 11047 895 4 0 
6700 13162 12917 209 12251 8256 11142 1001 9 0 
6800 13198 12955 216 12365 8675 11189 1114 11 0 
6900 13170 12983 221 12413 9207 11370 1272 10 0 
7000 13065 12870 284 12246 9461 11328 1398 18 0 
7100 13176 12973 447 12451 9829 11402 1555 17 0 
7200 13183 12877 617 12445 10000 11425 1704 15 0 
7300 13182 12921 854 12418 10302 11474 1944 29 0 
7400 13253 12963 1177 12414 10655 11549 1978 21 0 
7500 13169 12908 1470 12428 10746 11528 2051 25 0 
7600 13201 12902 1796 12416 10864 11516 2125 32 0 
7700 13312 12974 2129 12528 10995 11590 2129 19 0 
7800 13230 12953 2444 12535 11082 11626 2113 24 0 
7900 13151 12919 2838 12564 11280 11655 2028 16 0 
8000 13172 12883 3135 12567 11396 11715 2090 23 0 
8100 13236 12911 3427 12680 11335 11561 2171 23 0 
8200 13316 13007 3797 12672 11442 11675 2134 13 0 
8300 13224 12874 4111 12587 11457 11761 2109 10 0 
8400 13262 12909 4400 12670 11406 11702 2141 16 0 
8500 13277 12908 4849 12713 11420 11788 2081 15 0 
8600 13267 12940 5162 12685 11476 11716 2051 27 0 
8700 13263 12886 5605 12675 11609 11839 1991 14 0 
8800 13328 12884 6008 12708 11538 11837 1910 12 0 
8900 13246 12929 6523 12659 11485 11832 1847 7 0 
9000 13342 12909 6897 12732 11443 11696 1788 1 0 
9100 13317 12897 7296 12726 11489 11740 1700 0 0 
9200 13347 12879 7713 12710 11545 11818 1612 5 0 
9300 13315 12962 7994 12843 11506 11796 1516 5 0 
9400 13367 12946 8267 12832 11490 11829 1428 3 0 
9500 13355 12831 8530 12816 11502 11822 1364 3 0 
9600 13318 12894 8847 12894 11611 11964 1372 2 0 
9700 13339 12908 9154 12810 11606 11975 1259 1 0 
9800 13357 12829 9401 12788 11673 12029 1169 1 0 
9900 13379 12794 9652 12833 11589 12054 1047 0 0 
10000 13374 12797 9800 12777 11481 11937 967 0 0 
