# Avida tasks data
# Tue Apr 18 19:45:38 2023
# First column gives the current update, next columns give the number
# of organisms that have the particular task as a component of their merit
#  1: Update
#  2: Not
#  3: Nand
#  4: And
#  5: OrNot
#  6: Or
#  7: AndNot
#  8: Nor
#  9: Xor
# 10: Equals

0 0 0 0 0 0 0 0 0 0 
100 0 0 0 0 0 0 0 0 0 
200 0 0 0 0 0 0 0 0 0 
300 0 0 0 0 0 0 0 0 0 
400 0 0 0 0 0 0 0 0 0 
500 0 0 0 0 0 0 0 0 0 
600 0 0 0 0 0 0 0 0 0 
700 4 4 0 0 0 0 0 0 0 
800 19 32 0 1 0 0 0 0 0 
900 70 104 0 6 0 0 0 0 0 
1000 73 248 0 120 0 112 0 0 0 
1100 97 328 2 1607 139 1631 197 0 0 
1200 161 219 6 1024 1516 2593 1610 0 0 
1300 518 224 8 704 2710 3668 2757 0 0 
1400 1155 172 9 609 3897 4735 3918 0 0 
1500 1528 148 11 1135 4614 5547 4681 0 0 
1600 1782 603 11 1706 5290 6234 5343 0 0 
1700 2083 1314 17 2552 5892 6866 5974 0 0 
1800 2223 2025 24 3200 6281 7360 6319 0 0 
1900 2565 2805 22 3911 6764 8010 6850 0 0 
2000 2947 3752 22 4514 7211 8542 7298 0 0 
2100 3391 4481 24 5062 7578 8937 7644 0 0 
2200 4017 5171 50 5559 7815 9234 7906 0 0 
2300 4586 5777 33 6001 8057 9566 8154 0 1 
2400 5190 6515 34 6549 8337 9837 8423 0 0 
2500 5800 7100 36 6831 8457 9996 8481 0 0 
2600 6371 7657 43 7296 8622 10203 8675 0 0 
2700 6993 8305 37 7784 8815 10444 8858 0 0 
2800 7686 8972 51 8276 9151 10794 9223 0 0 
2900 8123 9663 57 8659 9310 10913 9361 0 0 
3000 8575 10205 49 9122 9455 11220 9529 0 0 
3100 9172 10697 49 9489 9679 11362 9725 0 0 
3200 9491 10956 88 9598 9681 11443 9741 0 0 
3300 9798 11248 128 9906 9850 11628 9954 0 0 
3400 10048 11521 130 10050 9833 11661 9905 0 0 
3500 10170 11808 138 10142 10001 11781 10080 0 0 
3600 10315 11884 152 10366 10052 11945 10092 0 0 
3700 10677 11875 226 10306 10014 11937 10051 0 0 
3800 10974 11975 329 10482 10113 11969 10186 0 0 
3900 11198 12053 414 10607 10142 12059 10224 0 0 
4000 11379 12086 605 10669 10170 12155 10229 0 0 
4100 11325 12165 838 10772 10355 12233 10438 0 0 
4200 11494 12214 1050 10595 10187 12192 10265 0 0 
4300 11562 12233 1263 10683 10231 12280 10324 0 0 
4400 11684 12191 1504 10644 10257 12207 10319 0 0 
4500 11659 12274 1741 10593 10239 12154 10392 0 0 
4600 11599 12184 2176 10615 10247 12108 10330 0 1 
4700 11685 12155 2521 10802 10379 12267 10464 0 1 
4800 11728 12163 2769 10773 10330 12341 10411 0 0 
4900 11583 12141 3157 10729 10393 12280 10485 0 0 
5000 11598 12014 3560 10543 10311 12172 10361 0 0 
5100 11555 11945 3955 10572 10305 12238 10365 0 0 
5200 11506 11895 4252 10679 10368 12247 10413 0 0 
5300 11504 11910 4685 10581 10243 12207 10340 0 0 
5400 11470 11895 4881 10429 10192 12168 10260 0 0 
5500 11325 11809 5124 10492 10254 12220 10311 0 0 
5600 11211 11671 5452 10544 10346 12238 10375 0 0 
5700 11118 11708 5694 10574 10336 12238 10440 0 0 
5800 11164 11638 5900 10523 10232 12246 10338 0 0 
5900 11246 11640 6133 10665 10347 12232 10365 0 0 
6000 11411 11595 6581 10576 10329 12201 10349 0 0 
6100 11187 11460 6694 10660 10481 12283 10543 0 0 
6200 11117 11317 7111 10594 10404 12207 10476 0 0 
6300 11234 11396 7363 10600 10374 12221 10400 0 0 
6400 11092 11555 7669 10823 10495 12399 10540 0 1 
6500 11318 11356 7831 10681 10525 12346 10529 0 0 
6600 11193 11328 8103 10623 10412 12273 10437 0 0 
6700 11265 11368 8364 10623 10420 12329 10435 0 0 
6800 11316 11339 8560 10626 10441 12309 10456 0 0 
6900 11180 11276 8828 10638 10401 12242 10448 0 0 
7000 11171 11234 9119 10675 10368 12188 10414 0 0 
7100 11139 11207 9337 10882 10607 12305 10598 0 0 
7200 11201 11245 9382 10794 10631 12331 10645 0 0 
7300 11251 11294 9554 10854 10602 12413 10654 0 0 
7400 11191 11146 9548 10683 10410 12181 10467 0 0 
7500 11236 11278 9758 10746 10563 12332 10631 0 0 
7600 11188 11209 9903 10755 10564 12406 10603 0 0 
7700 11157 11046 9971 10798 10645 12319 10672 0 0 
7800 11057 10936 9834 10562 10327 12225 10342 0 0 
7900 11130 11223 9818 10792 10549 12365 10600 0 0 
8000 11089 11126 9806 10731 10554 12323 10563 0 0 
8100 11065 11319 10036 10851 10530 12361 10515 0 0 
8200 11047 11179 10010 10935 10585 12371 10650 0 0 
8300 10974 11251 10106 10800 10530 12369 10563 0 0 
8400 10981 11236 10081 10761 10489 12356 10515 0 0 
8500 11063 11066 9941 10701 10432 12310 10414 0 0 
8600 11015 11209 9930 10837 10595 12328 10606 1 0 
8700 11084 11280 10050 10865 10659 12389 10667 0 0 
8800 11007 11142 10077 10792 10599 12392 10633 0 0 
8900 11222 11130 10117 10745 10486 12322 10507 0 1 
9000 11240 11187 10090 10696 10487 12279 10537 13 0 
9100 11211 11334 10040 10828 10532 12372 10574 1 0 
9200 11310 11296 9971 10794 10514 12352 10604 4 0 
9300 11211 11303 9935 10753 10445 12360 10464 0 0 
9400 11264 11249 9861 10796 10502 12425 10520 0 0 
9500 11151 11162 9879 10746 10492 12336 10502 0 0 
9600 11309 11228 10083 10735 10496 12331 10523 0 0 
9700 11235 11071 9986 10600 10434 12281 10415 0 2 
9800 11248 11101 10161 10834 10529 12353 10517 0 0 
9900 11235 11083 10119 10908 10496 12368 10513 0 0 
10000 11183 11167 10122 10732 10409 12291 10426 2 0 
