# Avida tasks data
# Wed Apr 19 09:40:41 2023
# First column gives the current update, next columns give the number
# of organisms that have the particular task as a component of their merit
#  1: Update
#  2: Not
#  3: Nand
#  4: And
#  5: OrNot
#  6: Or
#  7: AndNot
#  8: Nor
#  9: Xor
# 10: Equals

0 0 0 0 0 0 0 0 0 0 
100 0 0 0 0 0 0 0 0 0 
200 0 0 0 0 0 0 0 0 0 
300 0 0 0 0 0 0 0 0 0 
400 0 0 0 0 0 0 0 0 0 
500 0 0 0 0 0 0 0 0 0 
600 6 0 0 0 0 0 0 0 0 
700 452 60 0 2 0 0 0 0 0 
800 1564 1328 1 701 3 0 0 0 0 
900 3397 3258 2 2936 9 0 0 0 0 
1000 5884 5796 0 5656 8 17 0 0 0 
1100 7893 8022 59 8025 19 102 0 0 0 
1200 9831 9970 406 10020 22 265 0 0 0 
1300 10842 11021 1090 11065 21 316 0 0 0 
1400 11494 11748 2119 11649 21 229 0 0 0 
1500 11811 12106 3070 12201 26 173 0 0 0 
1600 11925 12364 4061 12328 26 134 0 0 0 
1700 12092 12615 4978 12580 30 198 0 0 0 
1800 12373 12608 5641 12545 25 197 0 0 0 
1900 12318 12773 6503 12605 37 197 3 0 0 
2000 12452 12818 7347 12635 27 152 2 0 9 
2100 12513 12854 7956 12628 34 191 5 0 29 
2200 12554 12892 8506 12498 19 192 0 0 109 
2300 12542 12863 8840 12398 32 213 1 0 262 
2400 12455 12902 8959 12125 47 217 19 0 415 
2500 12534 12890 8943 11854 92 259 124 1 680 
2600 12628 12971 8944 11564 157 239 251 0 973 
2700 12639 12990 8714 11245 258 198 386 0 1215 
2800 12728 12962 8340 10604 389 188 832 0 1870 
2900 12740 12956 7089 8963 127 213 2018 0 3319 
3000 12827 12965 5970 7527 39 191 3464 0 4504 
3100 12833 12919 4880 6271 18 153 4917 1 5565 
3200 12849 13021 3979 5290 19 148 6226 0 6473 
3300 12788 12997 3145 4313 13 142 7303 0 7282 
3400 12853 13034 2395 3418 8 125 8431 0 8066 
3500 12850 13004 1838 2777 19 125 9037 0 8504 
3600 12910 13000 1441 2347 17 144 9556 0 8975 
3700 12903 12963 1077 1841 10 142 10041 1 9451 
3800 13024 13108 706 1401 9 110 10572 2 9906 
3900 12868 13069 422 1375 7 83 10751 0 10076 
4000 12943 13034 250 1636 19 77 11004 0 10347 
4100 12962 13010 199 2406 22 71 10958 0 10204 
4200 12870 13019 203 3130 15 67 11011 0 10299 
4300 12941 12976 178 4046 21 65 11100 0 10432 
4400 12853 12962 193 5117 43 72 10961 0 10280 
4500 12845 12945 187 6032 53 66 11052 0 10283 
4600 12874 12990 176 7076 41 66 10968 0 10263 
4700 12889 13029 166 8064 55 42 11084 2 10470 
4800 12898 12929 197 8816 59 59 10979 2 10337 
4900 12898 12925 162 9853 67 68 10981 0 10337 
5000 12872 12901 193 10411 58 57 11000 2 10327 
5100 12905 12878 173 10876 79 57 10861 0 10223 
5200 12887 12958 192 11093 84 61 10964 0 10322 
5300 12849 12962 184 11381 98 62 11031 0 10351 
5400 12900 12899 170 11718 103 58 10972 1 10288 
5500 12974 12949 164 11888 89 37 10924 0 10281 
5600 13037 12945 167 12268 63 55 11075 0 10414 
5700 12979 12991 189 12226 88 61 10986 2 10303 
5800 12999 12925 170 12526 97 49 10810 0 10157 
5900 12937 12859 196 12433 103 89 10937 2 10245 
6000 12987 12972 228 12363 91 59 10954 0 10248 
6100 13019 12933 175 12440 110 62 11039 2 10341 
6200 13011 12990 163 12521 104 62 11044 0 10393 
6300 13072 12936 202 12578 105 74 11030 0 10329 
6400 13000 12960 188 12487 91 56 11085 0 10421 
6500 13035 12954 140 12631 56 74 11053 0 10369 
6600 13168 12977 192 12557 78 62 11048 0 10365 
6700 13023 12957 182 12458 100 71 10973 0 10290 
6800 13057 12958 157 12425 112 71 11097 0 10398 
6900 13015 12989 171 12478 120 60 11081 0 10398 
7000 13119 13019 146 12651 87 74 11134 0 10477 
7100 13103 12935 213 12522 88 66 11042 0 10333 
7200 13140 13075 205 12580 75 63 11174 0 10472 
7300 13099 13051 163 12620 58 59 11205 0 10476 
7400 13200 13068 187 12667 59 55 11180 2 10547 
7500 13161 13041 185 12686 67 68 11213 0 10570 
7600 13186 13102 144 12630 93 71 11189 0 10540 
7700 13201 12983 160 12619 147 66 11182 0 10548 
7800 13194 13000 146 12597 174 90 11161 0 10497 
7900 13212 13074 154 12644 199 61 11203 0 10539 
8000 13280 13079 170 12711 401 54 11251 0 10586 
8100 13255 13072 150 12730 552 72 11283 3 10550 
8200 13261 13048 158 12746 686 47 11172 2 10469 
8300 13254 13041 166 12696 546 47 11194 2 10515 
8400 13245 13035 159 12213 504 49 11182 2 10483 
8500 12984 13030 162 11838 372 47 11200 2 10513 
8600 12916 13027 162 11774 329 47 11214 2 10521 
8700 12667 13026 154 11536 251 48 11240 2 10548 
8800 12516 13034 154 11398 225 46 11260 2 10569 
8900 12612 13046 153 11319 217 44 11294 2 10610 
9000 12467 13032 156 11284 195 46 11253 2 10580 
9100 12320 13026 155 11195 165 44 11278 2 10609 
9200 12229 13031 153 11167 158 46 11300 2 10616 
9300 12095 13022 153 10945 154 48 11301 2 10598 
9400 12149 13023 155 10810 153 50 11327 2 10645 
9500 12205 13029 153 10716 151 49 11319 1 10637 
9600 12230 13037 155 10638 151 44 11338 1 10651 
9700 12260 13051 156 10581 150 46 11359 1 10659 
9800 12274 13052 155 10569 150 44 11352 1 10657 
9900 12254 13044 159 10552 150 43 11352 1 10668 
10000 12261 13034 154 10540 150 43 11336 1 10648 
