# Avida tasks data
# Wed Apr 19 08:09:02 2023
# First column gives the current update, next columns give the number
# of organisms that have the particular task as a component of their merit
#  1: Update
#  2: Not
#  3: Nand
#  4: And
#  5: OrNot
#  6: Or
#  7: AndNot
#  8: Nor
#  9: Xor
# 10: Equals

0 0 0 0 0 0 0 0 0 0 
100 0 0 0 0 0 0 0 0 0 
200 0 0 0 0 0 0 0 0 0 
300 0 0 0 0 0 0 0 0 0 
400 0 0 0 0 0 0 0 0 0 
500 0 0 0 0 0 0 0 0 0 
600 0 0 0 0 0 0 0 0 0 
700 63 0 0 0 0 0 0 0 0 
800 1175 1201 0 1196 4 0 0 0 0 
900 1937 2015 0 1987 14 0 0 0 0 
1000 2619 2705 0 2694 10 0 0 0 0 
1100 3251 3366 0 3314 24 0 0 0 0 
1200 3994 4167 0 4158 32 0 0 0 0 
1300 4983 5136 0 5145 43 0 0 0 0 
1400 6069 6263 0 6235 49 0 0 0 0 
1500 7202 7436 0 7391 49 0 0 0 0 
1600 8467 8716 1 8643 59 0 0 0 0 
1700 9764 10046 1 9981 55 0 0 0 0 
1800 10650 10976 0 10929 62 0 0 0 0 
1900 11407 11704 0 11602 59 0 0 0 0 
2000 12115 12407 0 12285 56 0 0 0 0 
2100 12580 12844 3 12769 85 0 0 0 0 
2200 12800 13130 5 13030 70 0 0 0 0 
2300 12935 13219 14 13137 52 0 0 0 0 
2400 12969 13205 28 13109 58 1 0 0 0 
2500 12981 13239 56 13183 71 0 0 0 0 
2600 12948 13174 162 13206 94 2 0 0 0 
2700 12877 13096 281 13078 69 5 0 0 0 
2800 12852 13235 898 13120 75 11 2 0 0 
2900 12836 13208 2139 13132 82 35 0 0 0 
3000 12823 13248 3414 13201 81 37 1 0 0 
3100 12790 13217 4523 13210 87 55 5 0 0 
3200 12813 13253 5613 13244 87 61 2 0 0 
3300 12772 13202 6534 13302 85 88 1 0 0 
3400 12809 13202 7478 13305 60 96 0 0 0 
3500 12761 13192 8261 13292 56 88 0 0 0 
3600 12921 13183 9075 13289 56 89 1 0 0 
3700 12909 13164 9618 13317 71 108 3 0 0 
3800 12966 13187 10246 13290 62 94 2 0 0 
3900 13054 13216 10758 13351 67 110 2 0 0 
4000 13062 13133 11047 13268 76 124 0 0 0 
4100 13063 13071 11327 13207 81 117 3 0 0 
4200 13130 13162 11645 13266 71 124 1 0 0 
4300 13171 13175 11894 13283 75 135 4 0 0 
4400 13146 13097 12074 13223 73 125 9 0 0 
4500 13104 13154 12373 13313 92 155 2 0 0 
4600 13161 13161 12507 13317 87 168 4 0 0 
4700 13227 13167 12625 13388 75 136 1 0 0 
4800 13175 13181 12650 13342 57 132 4 0 0 
4900 13271 13193 12631 13360 72 140 3 0 0 
5000 13261 13212 12682 13380 86 134 4 0 0 
5100 13182 13206 12647 13313 66 151 2 0 0 
5200 13252 13168 12616 13313 71 154 1 0 0 
5300 13218 13202 12720 13341 71 232 6 0 0 
5400 13229 13086 12568 13285 82 498 3 0 0 
5500 13317 13171 12664 13330 63 1035 3 0 0 
5600 13288 13195 12676 13311 63 1879 7 0 0 
5700 13368 13162 12594 13341 66 2946 12 0 0 
5800 13282 13033 12516 13247 79 3981 19 0 0 
5900 13320 13128 12540 13350 78 4986 17 0 0 
6000 13270 13100 12594 13267 79 5795 31 0 0 
6100 13254 13062 12563 13266 62 6706 25 0 0 
6200 13393 13128 12680 13275 45 7637 17 0 0 
6300 13312 13121 12649 13304 56 8644 10 0 0 
6400 13229 13165 12641 13326 60 9407 20 0 0 
6500 13277 13110 12526 13211 69 10298 16 0 0 
6600 13249 12997 12466 13278 102 10991 5 0 0 
6700 13341 13055 12490 13235 77 11312 21 0 0 
6800 13351 13070 12443 13231 64 11754 21 0 0 
6900 13312 13086 12575 13257 68 12264 12 0 0 
7000 13301 13026 12532 13272 70 12524 6 0 0 
7100 13290 13108 12597 13319 64 12601 14 0 0 
7200 13251 13043 12527 13238 70 12599 14 0 0 
7300 13324 13103 12579 13344 88 12807 11 0 0 
7400 13317 13062 12550 13301 77 12795 20 0 0 
7500 13334 13213 12651 13324 56 12861 18 0 0 
7600 13346 13148 12581 13351 64 12847 7 0 0 
7700 13306 13157 12605 13327 66 12824 11 0 0 
7800 13326 13175 12610 13373 63 12760 14 0 0 
7900 13406 13187 12658 13364 69 12731 11 0 0 
8000 13335 13175 12594 13324 58 12762 22 0 0 
8100 13376 13129 12588 13319 70 12797 12 0 0 
8200 13330 13169 12617 13359 52 12751 12 0 0 
8300 13333 13061 12523 13235 36 12755 18 0 0 
8400 13375 13151 12606 13342 56 12862 21 0 0 
8500 13339 13112 12601 13332 61 12821 10 0 0 
8600 13394 13160 12653 13326 52 12817 18 0 0 
8700 13302 13203 12640 13346 79 12781 19 0 0 
8800 13395 13107 12616 13336 41 12873 19 0 0 
8900 13402 13167 12683 13323 70 12936 8 0 0 
9000 13387 13230 12635 13315 71 12841 15 0 0 
9100 13317 13117 12588 13220 68 12889 12 0 0 
9200 13384 13170 12671 13349 101 12922 10 0 0 
9300 13382 13165 12588 13318 89 12874 19 0 0 
9400 13380 13177 12669 13359 97 12800 15 0 0 
9500 13344 13169 12646 13321 122 12849 18 0 0 
9600 13347 13190 12735 13376 309 12844 13 0 0 
9700 13456 13261 12688 13343 802 12874 5 0 0 
9800 13395 13153 12664 13307 1369 12953 5 0 0 
9900 13405 13311 12772 13443 2138 12849 12 0 0 
10000 13477 13357 12791 13427 2999 12922 11 0 0 
