# Avida tasks data
# Tue Apr 18 22:22:34 2023
# First column gives the current update, next columns give the number
# of organisms that have the particular task as a component of their merit
#  1: Update
#  2: Not
#  3: Nand
#  4: And
#  5: OrNot
#  6: Or
#  7: AndNot
#  8: Nor
#  9: Xor
# 10: Equals

0 0 0 0 0 0 0 0 0 0 
100 0 0 0 0 0 0 0 0 0 
200 0 0 0 0 0 0 0 0 0 
300 0 0 0 0 0 0 0 0 0 
400 0 0 0 0 0 0 0 0 0 
500 0 0 0 0 0 0 0 0 0 
600 2 6 0 0 0 0 0 0 0 
700 11 215 0 0 0 0 0 0 0 
800 33 634 0 403 0 0 0 0 0 
900 104 1685 0 1831 0 0 0 0 0 
1000 219 4190 0 3931 0 0 0 0 0 
1100 434 4211 0 5290 1285 0 0 0 0 
1200 606 3006 0 5794 3023 0 0 0 0 
1300 1052 2763 0 6573 4488 0 0 0 0 
1400 1292 2914 0 7381 5879 0 0 0 0 
1500 1626 3192 0 8147 7162 0 29 0 0 
1600 1944 3250 0 8840 8389 585 169 0 0 
1700 2103 2583 0 9024 9040 2049 277 0 0 
1800 2246 2201 0 9169 9314 3246 308 0 0 
1900 2748 1830 2 9313 9484 4313 327 0 0 
2000 3212 1700 2 9406 9690 5286 455 0 0 
2100 3757 1648 6 9311 9898 6170 791 0 0 
2200 4147 1607 1 9209 10103 6866 1105 0 0 
2300 4697 1732 9 8970 10368 7433 1579 0 0 
2400 5085 1845 3 8827 10477 8003 1807 0 0 
2500 5499 1859 5 8596 10635 8462 2164 0 0 
2600 6081 1951 15 8352 10825 8893 2625 0 0 
2700 6448 2422 4 8083 10910 9341 3013 0 0 
2800 6940 3020 4 7763 11120 9727 3550 0 0 
2900 7367 3703 9 7442 11129 10101 4074 0 0 
3000 7417 4282 10 7081 11313 10407 4675 0 0 
3100 7751 5169 14 6971 11486 10725 5246 0 0 
3200 8339 6428 8 7029 11544 11018 5913 0 0 
3300 9074 7474 14 7520 11698 11298 6652 0 0 
3400 9764 8208 11 8103 11864 11581 7303 0 0 
3500 10356 8910 11 8810 12112 12007 7991 0 0 
3600 10904 9543 8 9406 12158 12349 8706 0 0 
3700 11372 10262 53 9997 12172 12725 9270 0 0 
3800 11705 10710 182 10533 12431 13011 10002 0 0 
3900 11973 11050 297 11150 12436 13244 10385 0 0 
4000 12151 11170 466 11490 12484 13256 10774 0 0 
4100 12346 11242 734 11897 12456 13276 11103 0 0 
4200 12456 11109 1317 12005 12478 13292 11341 0 0 
4300 12615 11082 2175 12268 12572 13319 11595 0 0 
4400 12694 11409 3069 12535 12559 13242 11745 0 0 
4500 12640 11876 4012 12699 12516 13303 11729 0 0 
4600 12544 12182 4894 12725 12483 13167 11755 0 0 
4700 12446 12415 5930 12785 12517 13301 11795 0 0 
4800 12574 12640 6762 12905 12544 13266 11865 0 0 
4900 12515 12722 7457 12967 12535 13282 11972 0 0 
5000 12401 12839 8130 13002 12580 13287 12078 0 0 
5100 12587 12942 8696 13027 12538 13261 12020 0 0 
5200 12438 12987 9245 13021 12568 13343 12109 0 0 
5300 12526 13062 9861 13056 12551 13342 12155 0 0 
5400 12655 13126 10325 13039 12446 13285 12070 0 0 
5500 12639 13180 10768 13130 12548 13336 12153 0 0 
5600 12670 13117 11132 13076 12541 13342 12197 0 0 
5700 12679 13095 11343 13104 12547 13222 12098 0 0 
5800 12599 13101 11540 13076 12598 13301 12219 0 0 
5900 12658 13085 11683 13088 12447 13189 12013 2 0 
6000 12653 13106 11989 13031 12518 13286 12115 0 0 
6100 12671 13189 12015 13126 12594 13298 12242 0 0 
6200 12655 13163 12083 13121 12480 13208 12084 0 0 
6300 12584 13051 12108 13077 12620 13237 12293 0 0 
6400 12697 13060 12179 13086 12561 13307 12179 0 0 
6500 12594 13061 12019 13079 12567 13266 12194 0 0 
6600 12582 13132 12184 13054 12607 13310 12241 0 0 
6700 12529 13131 12025 13061 12507 13328 12130 0 0 
6800 12636 13132 12107 13141 12480 13299 12196 0 0 
6900 12635 13178 12197 13116 12468 13259 12105 0 0 
7000 12724 13225 12249 13156 12559 13309 12145 0 0 
7100 12566 13186 12165 13156 12593 13323 12221 0 0 
7200 12656 13194 12266 13141 12524 13308 12136 0 0 
7300 12529 13166 12258 13084 12666 13283 12288 0 0 
7400 12575 13136 12135 13068 12578 13324 12245 0 0 
7500 12541 13145 12170 13138 12631 13313 12239 1 0 
7600 12600 13128 12201 13080 12643 13255 12274 0 0 
7700 12642 13160 12195 13133 12656 13279 12314 0 0 
7800 12572 13193 12213 13128 12618 13274 12270 0 0 
7900 12650 13112 12159 13060 12506 13299 12148 0 0 
8000 12704 13163 12131 13076 12560 13359 12264 0 0 
8100 12561 13145 12140 13167 12622 13286 12215 0 0 
8200 12570 13197 12088 13096 12622 13334 12250 0 0 
8300 12612 13165 12083 13042 12612 13282 12199 0 0 
8400 12579 13257 12172 13150 12595 13325 12212 0 0 
8500 12575 13108 12144 13030 12690 13305 12279 0 0 
8600 12550 13217 12138 13113 12610 13319 12288 0 0 
8700 12529 13193 12128 13111 12651 13349 12289 0 0 
8800 12700 13210 12217 13095 12779 13339 12410 0 0 
8900 12669 13143 12065 13035 12661 13363 12292 0 0 
9000 12572 13178 12229 13159 12605 13373 12227 0 0 
9100 12673 13195 12207 13100 12677 13354 12295 0 0 
9200 12669 13185 12213 13172 12604 13325 12263 0 0 
9300 12692 13160 12158 13165 12657 13371 12254 0 0 
9400 12616 13203 12295 13116 12711 13337 12349 0 1 
9500 12741 13224 12306 13142 12652 13312 12309 0 0 
9600 12694 13216 12191 13194 12679 13360 12319 0 0 
9700 12780 13217 12204 13147 12702 13343 12379 0 0 
9800 12765 13218 12213 13175 12642 13379 12284 0 0 
9900 12699 13251 12246 13177 12744 13370 12370 0 0 
10000 12587 13201 12253 13130 12754 13380 12350 0 0 
