# Avida tasks data
# Tue Apr 18 19:10:59 2023
# First column gives the current update, next columns give the number
# of organisms that have the particular task as a component of their merit
#  1: Update
#  2: Not
#  3: Nand
#  4: And
#  5: OrNot
#  6: Or
#  7: AndNot
#  8: Nor
#  9: Xor
# 10: Equals

0 0 0 0 0 0 0 0 0 0 
100 0 0 0 0 0 0 0 0 0 
200 0 0 0 0 0 0 0 0 0 
300 0 0 0 0 0 0 0 0 0 
400 0 0 0 0 0 0 0 0 0 
500 0 0 0 0 0 0 0 0 0 
600 0 0 0 0 0 0 0 0 0 
700 0 0 0 0 0 0 0 0 0 
800 13 0 0 0 0 0 0 0 0 
900 68 0 0 0 0 0 0 0 0 
1000 216 8 0 0 0 0 0 0 0 
1100 511 78 0 3 0 0 0 0 0 
1200 976 197 0 203 0 0 0 0 0 
1300 1739 252 0 982 9 0 0 0 0 
1400 2629 306 0 1959 5 0 0 0 0 
1500 3460 305 0 2769 2 0 0 0 0 
1600 4375 348 0 3656 7 0 0 0 0 
1700 5312 389 1 4666 24 0 2 0 0 
1800 5827 421 0 5335 308 6 0 0 0 
1900 6276 484 2 5912 804 16 0 0 0 
2000 6829 520 9 6522 1595 27 0 0 0 
2100 7391 540 17 7097 2450 41 0 0 0 
2200 7759 592 14 7417 3159 51 44 0 0 
2300 7509 839 11 7528 3510 799 1127 0 0 
2400 6731 1583 23 7698 3617 1717 1924 0 0 
2500 6390 2208 14 7955 3918 2429 2650 0 0 
2600 6339 2674 18 8105 4105 2982 3179 0 0 
2700 6133 3305 19 8277 4372 3510 3731 0 0 
2800 6319 3849 23 8455 4642 3969 4332 0 0 
2900 6412 4394 19 8770 5153 4626 4907 0 0 
3000 6508 4974 26 9041 5640 5218 5541 0 0 
3100 6636 5404 24 9409 6195 5678 6130 0 0 
3200 6861 5741 38 9659 6579 6029 6569 0 0 
3300 6922 6245 26 10050 7110 6567 7091 0 0 
3400 6988 6537 44 10236 7449 6936 7431 0 0 
3500 7234 6888 39 10592 7849 7343 7943 0 0 
3600 7411 7461 46 10935 8328 7877 8434 0 0 
3700 7619 7786 55 11085 8543 8033 8702 0 0 
3800 7794 8141 73 11304 8776 8301 9007 0 0 
3900 7973 8408 79 11628 9178 8719 9464 0 0 
4000 8078 8502 77 11708 9371 8941 9678 0 0 
4100 8130 8813 87 11915 9701 9283 10056 0 0 
4200 8197 8983 78 11988 9902 9391 10211 0 0 
4300 8277 9199 75 12045 10058 9553 10284 0 0 
4400 8259 9471 70 12201 10312 9720 10519 0 0 
4500 8244 9598 73 12206 10412 9882 10707 0 0 
4600 8500 9884 83 12161 10517 9992 10842 0 0 
4700 8559 10059 75 12160 10636 10139 10972 0 0 
4800 8750 10172 88 12115 10708 10227 11010 0 0 
4900 8849 10332 69 12172 10902 10362 11258 0 0 
5000 8979 10553 78 12127 11030 10451 11312 0 0 
5100 9184 10749 79 12201 11166 10618 11386 0 0 
5200 9376 10903 64 12164 11118 10583 11349 0 0 
5300 9342 11004 43 12145 11164 10604 11445 0 0 
5400 9379 10958 60 12100 11151 10626 11484 0 0 
5500 9292 11124 56 12115 11285 10804 11724 0 0 
5600 9308 11272 60 12267 11370 10867 11765 0 0 
5700 9413 11372 57 12230 11405 10904 11753 0 0 
5800 9454 11449 44 12299 11532 11032 11893 0 0 
5900 9654 11735 52 12240 11575 11051 11923 0 0 
6000 9980 11825 49 12303 11655 11120 12009 0 0 
6100 10001 11999 99 12249 11653 11099 11961 0 0 
6200 9877 12017 189 12169 11537 10971 11929 0 0 
6300 10035 12038 222 12345 11604 11072 11965 0 0 
6400 10097 12132 342 12268 11614 11062 11968 0 0 
6500 10323 12278 474 12305 11679 11142 12020 0 0 
6600 10430 12307 660 12306 11753 11268 12090 0 1 
6700 10419 12302 840 12198 11617 11126 11919 0 0 
6800 10408 12254 961 12203 11617 11162 12016 0 0 
6900 10392 12383 1136 12271 11677 11213 12035 0 0 
7000 10298 12450 1304 12177 11669 11189 11993 0 0 
7100 10428 12401 1531 12250 11588 11168 12021 0 0 
7200 10504 12460 1858 12260 11764 11312 12096 0 0 
7300 10471 12439 2072 12250 11613 11224 11993 0 0 
7400 10588 12473 2362 12179 11602 11134 12052 0 0 
7500 10572 12580 2633 12104 11523 11095 11913 0 0 
7600 10522 12631 2989 12188 11560 11123 12058 0 0 
7700 10550 12563 3230 12133 11499 11109 11978 0 0 
7800 10433 12630 3472 12119 11430 11053 11883 0 0 
7900 10555 12644 3785 12146 11483 11142 11940 0 0 
8000 10596 12663 4222 12203 11596 11157 11978 0 0 
8100 10616 12672 4556 12178 11565 11163 12002 0 0 
8200 10642 12799 4920 12148 11562 11169 12047 0 0 
8300 10604 12731 5184 12160 11564 11097 12032 0 0 
8400 10549 12858 5394 12142 11532 11131 11955 0 0 
8500 10520 12948 5676 12124 11520 11120 12012 0 0 
8600 10592 12972 6010 12183 11564 11172 12085 0 0 
8700 10528 12992 6223 12102 11559 11143 12026 0 0 
8800 10600 12972 6493 12067 11412 11054 11943 0 0 
8900 10575 13021 6647 12115 11475 11116 11944 0 0 
9000 10820 13088 7162 12122 11488 11135 12003 0 0 
9100 10862 13024 7351 12105 11523 11115 11936 0 2 
9200 10871 13118 7594 12007 11413 11099 11894 0 0 
9300 10715 13119 7847 12148 11469 11157 11984 0 0 
9400 10621 13133 8031 12069 11452 11126 12000 0 0 
9500 10581 13015 8216 12033 11450 11055 11935 0 2 
9600 10624 13045 8434 12114 11442 11071 11989 0 1 
9700 10752 13091 8717 12221 11476 11161 12037 0 0 
9800 10850 13109 8885 12157 11471 11172 12065 0 0 
9900 10979 13062 8820 12015 11372 11001 11939 0 0 
10000 11028 13085 9020 12061 11447 11159 12029 0 0 
