# Avida tasks data
# Wed Apr 19 01:01:47 2023
# First column gives the current update, next columns give the number
# of organisms that have the particular task as a component of their merit
#  1: Update
#  2: Not
#  3: Nand
#  4: And
#  5: OrNot
#  6: Or
#  7: AndNot
#  8: Nor
#  9: Xor
# 10: Equals

0 0 0 0 0 0 0 0 0 0 
100 0 0 0 0 0 0 0 0 0 
200 0 0 0 0 0 0 0 0 0 
300 0 0 0 0 0 0 0 0 0 
400 0 0 0 0 0 0 0 0 0 
500 0 0 0 0 0 0 0 0 0 
600 3 0 0 0 0 0 0 0 0 
700 19 0 0 0 0 0 0 0 0 
800 39 0 0 0 0 0 0 0 0 
900 82 6 0 0 0 0 0 0 0 
1000 247 7 0 0 0 0 0 0 0 
1100 514 81 0 0 0 0 0 0 0 
1200 826 270 0 118 0 0 0 0 0 
1300 2258 1226 1528 1936 8 39 0 0 0 
1400 4391 2695 3731 4045 1787 99 2 0 0 
1500 5727 3585 5135 5520 3609 403 0 0 0 
1600 6966 3969 6267 6711 5160 963 0 0 0 
1700 7856 3861 7080 7563 6249 1816 5 0 0 
1800 8637 3684 7882 8346 7174 2855 5 0 0 
1900 9258 3811 8545 8948 7865 3771 1 0 0 
2000 9916 3971 9219 9603 8562 4601 5 0 0 
2100 10425 4062 9648 10088 9031 5373 3 0 0 
2200 10885 4136 10060 10538 9594 6197 11 0 0 
2300 11202 4186 10323 10810 9898 7011 7 0 0 
2400 11634 4317 10788 11275 10394 7654 12 0 0 
2500 11965 4384 10990 11575 10668 8260 11 0 0 
2600 12278 4710 11277 11820 10962 8921 10 0 0 
2700 12435 5001 11452 11922 11140 9500 14 0 0 
2800 12554 5321 11494 12047 11358 9931 10 0 0 
2900 12705 5735 11761 12200 11585 10383 18 0 0 
3000 12922 6274 11805 12347 11683 10746 10 0 0 
3100 13046 6637 11899 12437 11857 11186 19 0 0 
3200 13141 7003 11947 12505 12005 11535 12 0 0 
3300 13181 7393 12005 12520 12051 11849 13 0 0 
3400 13330 7797 12132 12691 12234 12258 22 0 0 
3500 13352 8158 12138 12699 12259 12558 25 0 0 
3600 13341 8636 12095 12637 12246 12758 29 0 0 
3700 13368 9245 12148 12716 12252 12914 32 0 0 
3800 13498 9743 12216 12754 12339 13015 34 0 0 
3900 13499 10310 12136 12712 12274 13018 50 0 2 
4000 13464 10717 12210 12686 12267 13081 60 0 1 
4100 13537 10989 12215 12816 12363 13056 47 0 0 
4200 13444 11333 12238 12760 12316 13107 49 0 0 
4300 13509 11587 12312 12832 12405 13077 40 0 0 
4400 13481 11774 12193 12735 12300 13036 50 0 0 
4500 13503 11926 12263 12790 12344 12987 50 0 0 
4600 13468 12057 12140 12709 12231 12981 79 0 0 
4700 13557 12330 12250 12783 12334 13101 37 0 1 
4800 13457 12504 12248 12763 12400 13028 75 0 0 
4900 13513 12534 12262 12767 12382 13002 74 0 0 
5000 13388 12706 12218 12811 12360 13013 70 0 0 
5100 13456 12725 12256 12838 12366 13227 36 0 0 
5200 13506 12763 12354 12895 12432 13169 19 0 0 
5300 13476 12715 12237 12816 12341 13101 14 0 0 
5400 13350 12813 12290 12805 12385 13108 14 0 0 
5500 13415 12801 12285 12834 12386 13149 11 0 0 
5600 13450 12751 12297 12872 12365 13081 17 0 0 
5700 13493 12704 12263 12823 12347 13161 20 0 0 
5800 13388 12885 12218 12753 12310 13134 18 0 0 
5900 13426 12797 12240 12771 12323 13207 13 0 0 
6000 13432 12809 12246 12794 12342 13156 18 0 0 
6100 13538 12877 12284 12836 12467 13175 19 0 0 
6200 13471 12893 12324 12906 12496 13165 23 0 0 
6300 13519 12884 12329 12849 12496 13178 12 0 0 
6400 13391 12865 12295 12813 12453 13181 24 0 0 
6500 13426 12841 12357 12888 12385 13250 10 0 0 
6600 13468 12813 12321 12823 12404 13219 13 0 0 
6700 13495 12811 12392 12874 12468 13178 19 0 0 
6800 13543 12917 12375 12907 12498 13141 16 0 0 
6900 13443 12857 12343 12971 12529 13178 30 0 0 
7000 13497 12912 12400 12911 12484 13223 24 0 0 
7100 13447 12912 12338 12850 12434 13239 13 0 0 
7200 13523 12885 12390 12948 12511 13143 23 0 0 
7300 13543 12907 12375 12871 12526 13241 17 0 0 
7400 13487 12842 12344 12939 12497 13162 17 0 0 
7500 13528 12871 12408 12920 12477 13202 13 0 0 
7600 13494 12881 12312 12851 12467 13174 10 0 0 
7700 13518 12847 12250 12821 12384 13213 17 0 0 
7800 13489 12809 12333 12926 12450 13168 25 0 0 
7900 13502 12783 12371 12987 12505 13248 19 0 0 
8000 13546 12776 12365 12964 12486 13192 3 0 0 
8100 13492 12825 12391 12898 12534 13149 19 0 0 
8200 13450 12881 12415 12874 12471 13099 76 0 0 
8300 13449 12871 12396 12871 12447 13012 173 0 0 
8400 13384 12873 12350 12883 12490 12897 332 0 0 
8500 13416 12926 12341 12802 12427 12692 476 0 0 
8600 13486 13041 12340 12985 12583 12471 724 0 0 
8700 13472 13067 12423 12884 12499 12353 924 0 0 
8800 13439 12955 12400 12991 12577 11926 1258 0 0 
8900 13367 13006 12429 12860 12476 11405 1730 0 0 
9000 13438 12849 12241 12912 12426 10901 2181 0 0 
9100 13379 12826 12203 12850 12423 10376 2659 0 0 
9200 13349 12934 12153 12835 12393 9799 3239 0 0 
9300 13387 13023 12236 12881 12404 9168 3936 0 0 
9400 13367 12948 12198 12966 12432 8494 4483 0 0 
9500 13325 12941 12036 12786 12276 7819 5032 0 0 
9600 13291 13136 12072 12784 12352 7095 5838 0 0 
9700 13334 13058 11977 12859 12396 6439 6387 0 0 
9800 13363 13040 12060 12924 12412 5689 7145 0 0 
9900 13325 13101 12010 12890 12401 5139 7717 0 0 
10000 13292 13071 11925 12860 12380 4427 8338 0 0 
