# Avida tasks data
# Tue Apr 18 19:26:38 2023
# First column gives the current update, next columns give the number
# of organisms that have the particular task as a component of their merit
#  1: Update
#  2: Not
#  3: Nand
#  4: And
#  5: OrNot
#  6: Or
#  7: AndNot
#  8: Nor
#  9: Xor
# 10: Equals

0 0 0 0 0 0 0 0 0 0 
100 0 0 0 0 0 0 0 0 0 
200 0 0 0 0 0 0 0 0 0 
300 0 0 0 0 0 0 0 0 0 
400 0 0 0 0 0 0 0 0 0 
500 0 0 0 0 0 0 0 0 0 
600 0 0 0 0 0 0 0 0 0 
700 0 0 0 0 0 0 0 0 0 
800 4 0 0 0 0 0 0 0 0 
900 34 0 0 0 0 0 0 0 0 
1000 90 33 0 0 0 0 0 0 0 
1100 457 381 0 14 0 0 0 0 0 
1200 1077 859 0 283 0 5 0 0 0 
1300 2067 1504 0 962 184 0 0 0 0 
1400 2229 2262 0 2061 1322 119 845 0 0 
1500 1981 2338 0 3198 3141 156 3095 0 0 
1600 2066 2983 3 4729 4565 236 4493 0 0 
1700 3351 3819 2 5524 5768 740 5726 0 0 
1800 4515 4370 14 6067 6642 1342 6615 0 0 
1900 4730 5554 6 7207 7346 1975 7232 0 0 
2000 4750 6527 13 8231 8034 3042 8023 0 0 
2100 4960 7736 25 9177 8831 4352 8791 0 0 
2200 5312 8511 31 9637 9181 5506 9172 0 0 
2300 5739 9024 36 10029 9577 6464 9606 0 0 
2400 6142 9382 43 10273 9760 7181 9725 0 0 
2500 6406 9803 53 10494 9975 7991 9969 0 0 
2600 6491 10009 51 10694 10126 8746 10095 0 0 
2700 6959 10266 40 10934 10523 9373 10485 0 0 
2800 7138 10422 57 10981 10513 9930 10496 0 0 
2900 7474 10559 44 11220 10585 10626 10595 0 0 
3000 7914 10682 68 11382 10814 11039 10874 0 0 
3100 8440 10960 63 11578 10965 11650 10987 0 0 
3200 8909 11231 60 11781 11186 12040 11184 0 0 
3300 9480 11422 76 11838 11202 12459 11231 0 0 
3400 10019 11732 62 11991 11396 12768 11513 0 0 
3500 10327 11788 76 11964 11385 12964 11451 0 0 
3600 10542 11954 81 12114 11579 13140 11619 0 0 
3700 10908 12175 70 12171 11505 13264 11570 0 0 
3800 11169 12195 66 12056 11456 13347 11512 0 0 
3900 11508 12307 85 12120 11475 13467 11615 0 0 
4000 11809 12260 63 12137 11574 13455 11627 0 0 
4100 12018 12375 51 12190 11605 13465 11696 0 0 
4200 12272 12460 54 12289 11614 13511 11721 0 0 
4300 12202 12486 69 12098 11491 13478 11573 0 0 
4400 12298 12467 61 12186 11516 13471 11700 0 0 
4500 12351 12613 64 12205 11580 13447 11711 0 0 
4600 12465 12635 85 12250 11589 13495 11709 0 0 
4700 12455 12624 71 12253 11696 13474 11773 0 0 
4800 12484 12668 65 12342 11699 13462 11769 0 0 
4900 12478 12653 74 12247 11635 13468 11739 0 0 
5000 12416 12752 69 12300 11686 13503 11783 0 0 
5100 12430 12697 82 12201 11642 13427 11789 0 0 
5200 12442 12739 49 12247 11588 13468 11753 0 0 
5300 12508 12763 56 12243 11733 13486 11771 0 0 
5400 12543 12894 72 12245 11583 13483 11759 0 0 
5500 12438 12883 69 12335 11734 13469 11852 0 0 
5600 12527 12860 44 12272 11719 13420 11869 0 0 
5700 12522 13046 52 12371 11739 13537 11835 0 0 
5800 12629 13016 50 12319 11811 13493 11907 0 0 
5900 12588 13011 59 12425 11860 13495 11915 0 0 
6000 12572 13025 60 12379 11783 13499 11926 0 0 
6100 12429 13085 77 12266 11571 13527 11749 0 0 
6200 12622 12995 71 12394 11891 13531 11969 0 0 
6300 12571 13143 73 12354 11796 13527 11876 0 0 
6400 12503 13057 54 12352 11776 13565 11933 0 0 
6500 12560 13140 77 12398 11872 13503 11977 0 0 
6600 12455 13193 45 12323 11760 13588 11879 0 0 
6700 12460 13203 70 12427 11757 13528 11892 0 0 
6800 12640 13224 41 12575 11964 13609 12125 0 0 
6900 12415 13180 53 12349 11806 13518 11959 0 0 
7000 12421 13176 58 12399 11820 13518 11979 0 0 
7100 12481 13173 50 12400 11851 13578 12022 0 0 
7200 12604 13303 49 12531 11958 13614 12122 0 0 
7300 12343 13241 69 12406 11865 13493 12055 0 0 
7400 12366 13307 65 12507 11893 13590 12065 0 0 
7500 12474 13305 65 12483 11938 13573 12105 0 0 
7600 12456 13357 101 12523 11892 13526 12081 0 0 
7700 12433 13461 71 12590 12040 13561 12153 0 0 
7800 12353 13331 73 12469 11929 13533 12054 0 0 
7900 12526 13335 54 12524 11932 13611 12126 0 0 
8000 12472 13287 73 12557 11926 13542 12120 0 0 
8100 12430 13340 76 12620 11987 13579 12135 0 0 
8200 12402 13374 61 12591 11962 13644 12178 0 0 
8300 12454 13370 77 12590 11989 13557 12081 0 0 
8400 12439 13339 60 12551 12081 13560 12230 0 0 
8500 12402 13373 83 12550 11985 13522 12186 0 0 
8600 12472 13384 83 12631 12093 13533 12211 0 0 
8700 12408 13487 53 12576 12002 13605 12135 0 0 
8800 12535 13416 64 12648 12028 13582 12241 0 0 
8900 12472 13451 66 12646 12061 13598 12201 0 0 
9000 12371 13436 65 12589 11982 13582 12126 0 0 
9100 12508 13341 60 12673 12081 13631 12237 0 0 
9200 12527 13294 65 12628 12082 13644 12249 0 0 
9300 12551 13427 51 12704 12129 13592 12303 0 0 
9400 12601 13472 82 12760 12105 13579 12262 0 0 
9500 12537 13401 57 12686 12063 13679 12246 0 0 
9600 12609 13477 74 12748 12067 13594 12286 0 0 
9700 12568 13423 63 12773 12097 13651 12268 0 0 
9800 12564 13481 61 12760 12184 13680 12309 0 0 
9900 12607 13453 68 12766 12157 13576 12258 0 0 
10000 12569 13420 107 12685 12025 13513 12169 0 0 
