# Avida tasks data
# Tue Apr 18 21:21:11 2023
# First column gives the current update, next columns give the number
# of organisms that have the particular task as a component of their merit
#  1: Update
#  2: Not
#  3: Nand
#  4: And
#  5: OrNot
#  6: Or
#  7: AndNot
#  8: Nor
#  9: Xor
# 10: Equals

0 0 0 0 0 0 0 0 0 0 
100 0 0 0 0 0 0 0 0 0 
200 0 0 0 0 0 0 0 0 0 
300 0 0 0 0 0 0 0 0 0 
400 0 0 0 0 0 0 0 0 0 
500 1 0 0 0 0 0 0 0 0 
600 1 15 0 0 0 0 0 0 0 
700 27 77 0 0 0 0 0 0 0 
800 142 199 0 0 0 0 0 0 0 
900 495 389 0 12 0 0 0 0 0 
1000 889 463 0 141 0 163 0 0 0 
1100 1251 358 1 382 42 926 0 0 0 
1200 1207 1153 22 617 537 1707 0 0 0 
1300 1195 1609 56 1521 1321 2049 0 0 0 
1400 1674 1680 107 2449 2192 2020 5 0 0 
1500 2692 1688 107 3307 3082 2046 6 0 0 
1600 3571 1596 101 3276 3742 1983 738 0 0 
1700 4214 1575 94 3912 4096 1968 1676 0 0 
1800 5047 1608 99 4706 4772 1908 2698 0 0 
1900 5911 2031 98 5329 5386 1973 3665 0 0 
2000 6495 1905 115 6046 5857 3180 4427 0 0 
2100 7120 1584 133 6457 6428 4637 5101 0 0 
2200 7878 1405 151 7127 7095 5892 5953 0 0 
2300 8653 1144 183 7841 7889 6976 6875 0 0 
2400 9469 925 153 8568 8742 7990 7908 0 0 
2500 10451 746 165 9492 9691 8824 8920 0 0 
2600 11350 880 146 10390 10668 9622 9923 0 0 
2700 11975 1374 147 10964 11279 10204 10655 0 0 
2800 12282 2000 173 11432 11618 10605 10972 0 0 
2900 12663 2539 186 11519 11903 10718 11277 0 0 
3000 12935 3146 185 12059 12278 11238 11698 0 0 
3100 13137 3798 201 12189 12436 11140 11772 0 0 
3200 13246 4416 161 12323 12628 11416 11987 0 0 
3300 13403 5199 188 12538 12861 11513 12145 0 0 
3400 13483 5957 196 12617 12882 11645 12224 0 0 
3500 13585 6727 183 12642 12974 11690 12361 0 0 
3600 13550 7462 189 12672 12995 11712 12305 0 0 
3700 13599 8325 165 12732 13024 11769 12349 0 0 
3800 13597 8868 161 12703 12993 11767 12333 0 0 
3900 13590 9436 172 12699 12972 11747 12278 0 0 
4000 13579 10089 200 12779 13024 11852 12377 0 0 
4100 13650 10691 166 12689 13062 11770 12356 0 0 
4200 13648 11189 182 12673 13019 11756 12350 0 0 
4300 13516 11546 189 12697 12994 11735 12376 0 0 
4400 13632 11921 180 12780 13031 11801 12406 0 0 
4500 13592 12281 194 12727 12956 11718 12260 0 0 
4600 13558 12457 188 12675 12950 11766 12368 0 0 
4700 13558 12718 219 12749 12983 11787 12279 0 0 
4800 13571 12943 279 12725 12982 11791 12341 0 0 
4900 13587 12786 475 12699 12983 11783 12333 0 0 
5000 13610 12517 787 12802 13046 11918 12398 0 0 
5100 13569 12167 1117 12783 13019 11820 12376 0 0 
5200 13588 11578 1582 12671 12957 11770 12315 0 0 
5300 13669 11129 1966 12814 13098 11888 12427 0 0 
5400 13584 10569 2571 12798 13056 11872 12372 0 0 
5500 13629 9976 3054 12828 13070 11928 12403 0 0 
5600 13609 9295 3731 12693 13001 11901 12341 0 1 
5700 13634 8911 4337 12678 13062 11877 12371 0 2 
5800 13632 8863 5028 12694 13031 11922 12416 0 0 
5900 13649 9091 5641 12663 12977 11875 12307 0 0 
6000 13611 9262 6228 12640 12953 11788 12277 0 1 
6100 13601 9811 7049 12707 12880 11729 12248 0 0 
6200 13611 10030 7707 12649 12928 11797 12292 0 0 
6300 13716 10243 8452 12726 12967 11802 12312 0 3 
6400 13705 10750 9194 12646 12983 11773 12361 0 0 
6500 13707 11135 9805 12622 12917 11692 12297 0 0 
6600 13701 11239 10216 12623 12906 11722 12271 0 0 
6700 13689 11373 10624 12628 12895 11627 12226 0 0 
6800 13693 11674 11110 12669 12974 11863 12308 0 0 
6900 13782 11707 11313 12699 12952 11852 12341 0 0 
7000 13659 11730 11659 12661 12861 11728 12243 0 0 
7100 13668 11769 11912 12658 12926 11725 12219 0 1 
7200 13671 11742 12056 12642 12897 11764 12246 0 0 
7300 13768 11669 12272 12664 12938 11742 12237 0 0 
7400 13651 11614 12205 12505 12862 11635 12153 0 0 
7500 13760 11873 12397 12710 12963 11859 12313 0 0 
7600 13699 11816 12416 12618 12915 11729 12247 0 0 
7700 13699 11739 12332 12660 12922 11717 12194 0 0 
7800 13715 11806 12347 12698 12969 11767 12244 0 0 
7900 13742 11782 12291 12626 12986 11772 12290 0 0 
8000 13746 11891 12369 12688 12962 11854 12333 0 0 
8100 13692 11813 12244 12615 12933 11782 12253 0 0 
8200 13722 11764 12321 12670 12984 11803 12229 0 0 
8300 13691 11811 12306 12614 12830 11716 12150 0 0 
8400 13650 11790 12353 12651 12813 11765 12253 0 1 
8500 13726 11908 12335 12623 13034 11753 12300 0 1 
8600 13722 11942 12421 12633 13011 11849 12347 0 0 
8700 13743 11866 12378 12732 12924 11824 12310 0 0 
8800 13672 11747 12368 12621 12844 11724 12207 0 0 
8900 13723 11819 12369 12711 13002 11812 12371 0 0 
9000 13737 11835 12357 12697 12995 11812 12284 0 0 
9100 13698 11856 12385 12761 12982 11837 12318 0 0 
9200 13705 11910 12463 12668 12987 11805 12332 0 0 
9300 13730 11936 12436 12791 13037 12000 12363 0 0 
9400 13730 11955 12433 12780 13038 11913 12386 0 0 
9500 13757 11910 12390 12778 13037 11904 12395 0 0 
9600 13715 11909 12415 12706 12977 11853 12325 0 0 
9700 13752 11955 12462 12708 13052 11945 12391 0 0 
9800 13775 12013 12489 12798 13068 11946 12367 0 0 
9900 13712 12023 12417 12762 13031 11925 12388 0 0 
10000 13655 11914 12386 12760 12943 11884 12296 0 0 
