# Avida tasks data
# Wed Apr 19 01:48:12 2023
# First column gives the current update, next columns give the number
# of organisms that have the particular task as a component of their merit
#  1: Update
#  2: Not
#  3: Nand
#  4: And
#  5: OrNot
#  6: Or
#  7: AndNot
#  8: Nor
#  9: Xor
# 10: Equals

0 0 0 0 0 0 0 0 0 0 
100 0 0 0 0 0 0 0 0 0 
200 0 0 0 0 0 0 0 0 0 
300 0 7 0 0 0 0 0 0 0 
400 0 19 0 0 0 0 0 0 0 
500 0 81 0 0 0 0 0 0 0 
600 0 65 0 254 0 0 0 0 0 
700 14 686 0 1365 0 0 0 0 0 
800 81 1294 576 2132 0 189 1 0 0 
900 60 2466 1763 3403 1 460 0 0 0 
1000 55 4482 3640 5478 3 706 0 0 0 
1100 69 6798 5697 7744 3 874 2 0 0 
1200 138 8294 7437 9429 386 1662 2 0 0 
1300 248 9840 8673 10723 905 3824 0 0 0 
1400 345 10904 9708 11682 1179 5696 2 0 0 
1500 456 11560 10465 12250 1425 7167 1 0 0 
1600 540 12133 11011 12660 1558 8376 0 0 0 
1700 808 12626 11524 13006 1708 9372 0 0 0 
1800 1152 13017 11696 13240 1778 10209 0 0 0 
1900 1616 13085 11772 13279 1797 10703 1 0 0 
2000 2339 13136 11962 13390 1742 10899 2 0 0 
2100 3265 13061 11882 13352 1725 10985 2 0 0 
2200 4214 13211 11889 13335 1731 10942 56 0 0 
2300 5236 13281 12006 13350 1673 10991 292 0 0 
2400 6377 13259 11959 13326 1732 10958 726 0 0 
2500 7402 13321 12063 13282 2293 11026 1105 0 0 
2600 8218 13240 11986 13243 3418 10962 1081 0 0 
2700 8843 13277 12191 13332 4605 11106 925 0 0 
2800 9413 13230 12149 13342 5650 11075 801 0 0 
2900 10055 13286 12104 13269 6792 11187 646 0 0 
3000 10694 13322 12059 13248 8019 11347 488 0 0 
3100 11221 13216 12073 13275 8968 11532 376 0 0 
3200 11684 13253 12139 13309 9707 11769 304 0 0 
3300 12074 13239 12118 13285 10273 11963 294 0 0 
3400 12383 13220 12133 13278 10747 12089 266 2 0 
3500 12610 13247 12160 13303 11095 12305 182 0 0 
3600 12810 13307 12262 13365 11400 12566 120 0 0 
3700 12982 13270 12148 13339 11442 12731 73 2 0 
3800 13088 13291 12257 13371 11676 12895 40 0 0 
3900 13055 13312 12129 13296 11674 12982 29 0 0 
4000 13139 13350 12218 13285 11783 13062 15 0 0 
4100 13050 13337 12167 13273 11693 13135 33 0 0 
4200 13122 13351 12223 13345 11771 13206 13 0 0 
4300 13100 13414 12295 13372 11833 13200 14 0 0 
4400 13155 13365 12184 13351 11778 13133 14 0 0 
4500 13126 13368 12310 13331 11851 13132 18 1 0 
4600 13206 13327 12197 13255 11724 13085 19 1 0 
4700 13187 13434 12364 13416 11917 13180 21 1 0 
4800 13209 13360 12252 13316 11732 13147 30 0 0 
4900 13199 13367 12226 13321 11798 13186 14 0 0 
5000 13182 13349 12211 13287 11788 13138 14 0 0 
5100 13253 13394 12184 13345 11731 13225 17 0 0 
5200 13188 13424 12207 13286 11779 13224 7 2 0 
5300 13194 13367 12357 13347 11910 13210 18 0 0 
5400 13240 13366 12254 13336 11799 13158 30 1 0 
5500 13396 13463 12200 13329 11711 13279 25 0 0 
5600 13306 13471 12280 13384 11819 13248 33 0 0 
5700 13190 13409 12201 13279 11727 13157 82 0 0 
5800 13253 13468 12289 13330 11822 13253 458 0 0 
5900 13064 13376 12293 13309 11851 13191 1129 0 0 
6000 13081 13434 12330 13358 11803 13198 2292 0 0 
6100 12965 13507 12313 13351 11879 13300 3450 0 0 
6200 12901 13443 12196 13260 11708 13204 4557 0 0 
6300 12918 13391 12273 13379 11800 13198 5659 0 0 
6400 12898 13427 12278 13342 11819 13190 6772 0 0 
6500 12694 13337 12321 13374 11914 13060 7872 0 0 
6600 12693 13386 12350 13343 11906 13083 8862 2 2 
6700 12840 13431 12286 13339 11841 13085 9670 0 6 
6800 12641 13417 12357 13370 11987 13049 10417 0 2 
6900 12749 13368 12426 13404 11991 13059 10790 0 0 
7000 12756 13352 12340 13372 11925 13028 10674 0 200 
7100 12748 13301 12363 13459 11987 13068 9659 1 1381 
7200 12524 13422 12451 13529 12078 13051 8566 2 2614 
