# Avida tasks data
# Wed Apr 19 07:30:10 2023
# First column gives the current update, next columns give the number
# of organisms that have the particular task as a component of their merit
#  1: Update
#  2: Not
#  3: Nand
#  4: And
#  5: OrNot
#  6: Or
#  7: AndNot
#  8: Nor
#  9: Xor
# 10: Equals

0 0 0 0 0 0 0 0 0 0 
100 0 0 0 0 0 0 0 0 0 
200 0 0 0 0 0 0 0 0 0 
300 0 0 0 0 0 0 0 0 0 
400 0 0 0 0 0 0 0 0 0 
500 0 31 0 0 0 0 0 0 0 
600 7 2077 0 2117 0 0 0 0 0 
700 22 4306 0 4482 0 51 0 0 0 
800 1246 6639 45 6859 0 43 0 0 0 
900 3095 9357 1702 9523 0 28 0 0 0 
1000 3697 10876 3487 11164 0 40 237 0 0 
1100 3639 11316 5117 11757 0 69 934 0 0 
1200 4000 11688 6843 12109 4 61 1105 0 0 
1300 4970 11829 8518 12356 10 118 683 0 0 
1400 6105 12036 9804 12480 12 144 369 0 0 
1500 7198 12429 10609 12711 20 150 286 0 0 
1600 8349 12737 11217 12936 21 134 200 0 0 
1700 9410 12894 11587 13044 19 134 144 0 0 
1800 10701 13040 12158 13152 20 153 110 0 0 
1900 11648 13094 12294 13187 22 170 76 0 0 
2000 12160 13096 12335 13196 19 210 58 0 0 
2100 12470 13050 12369 13110 32 260 29 0 0 
2200 12591 13146 12431 13215 32 415 19 0 0 
2300 12551 13176 12455 13252 52 549 15 0 0 
2400 12679 13237 12518 13255 41 694 10 0 0 
2500 12672 13162 12349 13135 55 761 25 0 0 
2600 12640 13120 12348 13169 61 1034 21 7 0 
2700 12642 13202 12443 13174 50 1181 11 137 0 
2800 12706 13179 12437 13162 36 1207 18 339 0 
2900 12718 13138 12425 13171 51 1160 18 672 0 
3000 12707 13081 12295 13139 63 1217 24 1190 0 
3100 12778 13084 12273 13139 66 1098 14 1700 0 
3200 12617 13038 12200 13108 126 1025 50 2186 0 
3300 12729 12979 12185 13160 152 927 200 2808 1 
3400 12715 12910 12179 13108 144 823 394 3533 0 
3500 12764 12913 12043 13126 172 713 657 4072 0 
3600 12752 12829 11962 13122 202 530 954 4888 0 
3700 12863 12827 11921 13167 235 523 1233 5427 0 
3800 12866 12831 11989 13177 256 523 1451 5996 0 
3900 12852 12767 11935 13149 294 465 1712 6318 0 
4000 12902 12762 11854 13129 254 497 1986 6654 0 
4100 12909 12761 11884 13117 303 386 2439 6913 0 
4200 12974 12809 11867 13119 374 411 2696 7027 0 
4300 13058 12753 11892 13140 366 402 3012 7200 0 
4400 13060 12817 11971 13145 417 450 3269 7248 0 
4500 13006 12766 11904 13125 416 532 3274 7129 0 
4600 13016 12835 12009 13187 402 494 3496 7229 0 
4700 13035 12852 11939 13147 357 457 3826 7006 0 
4800 13082 12824 11929 13063 313 576 3865 6948 0 
4900 13132 12857 12025 13073 306 614 3998 6897 0 
5000 13104 12880 11993 13094 310 750 4046 6840 9 
5100 13128 12753 11949 13134 275 775 3679 6592 600 
5200 13135 12738 11853 13054 204 829 3022 6150 1595 
5300 12995 12767 11885 13012 200 797 2516 5433 2753 
5400 13033 12681 11745 13102 140 732 2135 4553 3914 
5500 13066 12672 11834 13142 150 702 1823 3736 5030 
5600 12996 12568 11679 13019 129 576 1579 2854 6109 
5700 12963 12486 11581 13072 87 469 1353 2101 6944 
5800 12989 12470 11690 13088 62 481 1051 1461 7861 
5900 13028 12541 11591 13126 73 598 773 991 8585 
6000 13074 12507 11542 13212 149 894 579 695 9049 
6100 12949 12488 11531 13121 209 1208 361 536 9400 
6200 12988 12332 11407 13078 237 1616 252 346 9597 
6300 13052 12459 11536 13144 313 2001 181 273 9819 
6400 13026 12501 11642 13156 305 2505 153 149 10183 
6500 12978 12499 11646 13116 342 2902 117 110 10133 
6600 13035 12560 11689 13169 364 3494 140 80 10212 
6700 13022 12529 11683 13125 443 3946 140 76 10188 
6800 13071 12637 11686 13137 459 4407 156 118 10086 
6900 13016 12491 11582 13140 495 4935 151 83 10088 
7000 12914 12562 11683 13109 576 5486 123 101 10143 
7100 12997 12613 11733 13210 709 6120 110 90 10266 
7200 12939 12646 11796 13227 923 6870 134 116 10238 
7300 12900 12630 11734 13204 969 7350 121 172 10273 
7400 12896 12645 11768 13192 1015 7785 133 212 10241 
7500 12923 12656 11772 13204 1051 8106 120 332 10257 
7600 12980 12541 11723 13146 1075 8386 105 427 10140 
7700 13030 12502 11652 13096 1092 8460 107 766 10084 
7800 12906 12455 11630 13002 1115 8726 129 1012 10099 
7900 12953 12414 11600 12936 977 9153 116 1451 10017 
8000 12988 12458 11622 12946 858 9466 134 2028 10115 
8100 12888 12346 11472 12856 807 9596 150 2435 9926 
8200 12922 12283 11376 12805 702 9836 155 3062 9859 
8300 12973 12295 11375 12813 565 10030 109 3768 9829 
8400 12961 12123 11221 12658 481 10050 136 4364 9751 
8500 12931 12063 11201 12626 401 10250 140 5044 9775 
8600 12895 11980 11060 12550 308 10163 142 5693 9687 
8700 12924 11886 10975 12499 237 10109 159 6444 9540 
8800 12900 11867 10918 12419 186 10057 108 6864 9434 
8900 12861 11846 10872 12439 203 10020 142 7249 9484 
9000 12915 11870 10915 12395 176 10011 119 7747 9513 
9100 12920 11815 10849 12417 193 10021 141 8071 9476 
9200 12770 11781 10831 12340 210 9845 165 8369 9434 
9300 12847 11732 10690 12329 198 9687 135 8532 9278 
9400 12852 11861 10897 12484 196 9916 156 9053 9539 
9500 12866 11864 10870 12391 216 9960 166 9226 9511 
9600 12826 11797 10906 12448 193 9870 141 9486 9597 
9700 12854 11866 10882 12377 183 9865 129 9555 9524 
9800 12792 11894 10840 12486 227 9868 166 9500 9471 
9900 12870 11874 10839 12513 231 9830 159 9545 9501 
10000 12937 12064 11007 12621 223 10042 176 9692 9640 
