# Avida tasks data
# Wed Apr 19 05:31:43 2023
# First column gives the current update, next columns give the number
# of organisms that have the particular task as a component of their merit
#  1: Update
#  2: Not
#  3: Nand
#  4: And
#  5: OrNot
#  6: Or
#  7: AndNot
#  8: Nor
#  9: Xor
# 10: Equals

0 0 0 0 0 0 0 0 0 0 
100 0 0 0 0 0 0 0 0 0 
200 0 0 0 0 0 0 0 0 0 
300 0 0 0 0 0 0 0 0 0 
400 0 0 0 0 0 0 0 0 0 
500 0 5 0 0 0 0 0 0 0 
600 18 1333 0 0 0 0 0 0 0 
700 1961 2968 0 26 0 0 0 0 0 
800 4652 5245 0 114 0 1 0 0 0 
900 7435 7919 1 328 0 0 0 0 0 
1000 9582 10004 7 779 1 0 0 0 0 
1100 10484 10932 26 1492 1 69 0 0 0 
1200 11019 11491 67 2260 2 492 0 0 0 
1300 11426 12017 44 2600 0 1113 0 0 0 
1400 11584 12153 58 2926 1 1887 5 0 0 
1500 11848 12422 40 3247 2 3276 6 0 0 
1600 11955 12665 29 3628 2 4549 6 0 0 
1700 12076 12734 24 4187 3 5802 6 0 0 
1800 12049 12893 36 4970 3 6838 3 0 0 
1900 12158 12981 35 5700 5 7843 6 0 0 
2000 12169 13068 35 6388 9 8805 104 0 0 
2100 12300 13248 49 7032 1 9460 323 0 0 
2200 12273 13223 51 7389 5 9975 648 0 0 
2300 12246 13178 60 7085 2 10707 1480 0 0 
2400 12406 13188 51 6855 2 11073 2440 0 0 
2500 12470 13128 37 6433 3 11378 3624 0 0 
2600 12448 13020 30 5889 6 11630 4612 0 0 
2700 12487 12908 46 5364 5 11825 5544 0 0 
2800 12508 12871 26 4843 68 12006 6524 0 0 
2900 12509 12826 39 4584 482 12133 7371 0 0 
3000 12620 12725 24 5102 1376 12211 7966 0 0 
3100 12545 12682 27 5634 2322 12261 8357 0 0 
3200 12470 12559 28 6207 3145 12246 8588 0 0 
3300 12512 12586 29 6850 4026 12284 8960 0 0 
3400 12554 12547 33 7388 4953 12319 9356 0 0 
3500 12541 12549 17 7996 5990 12437 9808 0 0 
3600 12580 12552 24 8684 7025 12583 10284 0 0 
3700 12513 12424 26 9199 7814 12600 10468 0 0 
3800 12590 12428 18 9818 8608 12647 10745 0 0 
3900 12574 12412 28 10444 9370 12650 10915 0 0 
4000 12650 12432 33 10876 9977 12689 11146 0 0 
4100 12574 12440 61 11305 10491 12756 11375 0 0 
4200 12610 12499 76 11595 10827 12813 11439 0 0 
4300 12649 12422 110 11966 11248 12806 11479 0 0 
4400 12654 12445 136 12286 11556 12854 11550 0 0 
4500 12622 12441 124 12456 11825 12841 11524 0 0 
4600 12613 12420 123 12672 12000 12861 11495 0 0 
4700 12526 12339 108 12806 12166 12798 11522 0 0 
4800 12704 12487 94 12823 12307 12885 11682 0 0 
4900 12636 12428 77 12875 12274 12850 11624 0 0 
5000 12788 12526 45 13002 12518 12912 11738 0 0 
5100 12746 12511 34 13019 12468 12899 11742 0 0 
5200 12672 12365 29 13128 12487 12846 11637 0 0 
5300 12758 12499 20 12982 12387 12918 11699 0 0 
5400 12748 12462 19 13085 12464 12880 11618 0 1 
5500 12716 12484 25 13000 12441 12883 11702 0 0 
5600 12733 12463 16 13035 12401 12885 11773 0 0 
5700 12724 12431 14 13042 12460 12909 11723 0 0 
5800 12673 12428 12 13039 12451 12875 11663 0 0 
5900 12726 12560 21 12935 12372 12931 11731 0 0 
6000 12665 12431 23 13008 12430 12855 11620 0 0 
6100 12703 12520 21 13032 12486 12920 11725 0 0 
6200 12654 12469 21 12990 12521 12918 11728 0 0 
6300 12683 12469 19 13045 12481 12969 11759 0 0 
6400 12682 12456 15 13061 12517 12889 11640 0 0 
6500 12691 12323 23 12993 12358 12765 11597 0 0 
6600 12756 12415 8 13021 12468 12819 11629 0 0 
6700 12748 12484 13 12988 12498 12868 11656 0 0 
6800 12716 12390 30 12937 12311 12803 11643 0 0 
6900 12724 12486 21 12955 12437 12870 11788 0 0 
7000 12704 12479 26 12999 12498 12880 11708 0 0 
7100 12709 12435 24 13027 12496 12856 11631 0 0 
7200 12639 12497 15 13026 12444 12946 11573 0 0 
7300 12715 12397 18 13016 12410 12901 11655 0 0 
7400 12748 12462 22 13086 12492 12905 11704 0 0 
7500 12655 12314 24 13013 12470 12819 11657 0 0 
7600 12728 12414 18 12989 12555 12834 11688 0 0 
7700 12706 12443 19 12978 12478 12916 11692 0 0 
7800 12718 12448 26 13028 12554 12845 11607 0 0 
7900 12660 12305 18 12983 12396 12856 11604 0 0 
8000 12759 12444 19 12993 12537 12884 11641 0 0 
8100 12751 12427 14 12920 12430 12886 11649 2 0 
8200 12647 12297 26 12910 12394 12822 11541 4 0 
8300 12735 12439 22 12986 12388 12864 11708 1 0 
8400 12743 12456 31 12975 12458 12895 11680 0 0 
8500 12636 12392 14 13011 12412 12881 11583 0 0 
8600 12617 12462 24 13021 12514 12920 11706 0 0 
8700 12652 12536 28 13036 12527 12955 11721 0 0 
8800 12791 12523 19 13098 12613 12924 11738 0 0 
8900 12798 12527 27 13129 12654 12983 11744 0 0 
9000 12712 12483 19 13049 12520 12938 11700 0 0 
9100 12785 12560 18 13107 12510 12972 11800 0 0 
9200 12763 12565 22 13151 12646 12933 11707 0 0 
9300 12745 12505 16 13008 12407 12898 11650 0 0 
9400 12777 12531 16 13023 12488 12931 11747 0 0 
9500 12668 12500 27 12989 12471 12953 11691 0 0 
9600 12733 12567 19 13032 12558 13007 11791 0 0 
9700 12730 12538 22 13145 12557 12960 11743 2 0 
9800 12707 12514 13 13094 12623 12887 11704 0 0 
9900 12776 12452 18 13070 12448 12832 11647 0 0 
10000 12810 12558 21 12982 12547 12952 11809 0 0 
