# Avida tasks data
# Wed Apr 19 06:46:12 2023
# First column gives the current update, next columns give the number
# of organisms that have the particular task as a component of their merit
#  1: Update
#  2: Not
#  3: Nand
#  4: And
#  5: OrNot
#  6: Or
#  7: AndNot
#  8: Nor
#  9: Xor
# 10: Equals

0 0 0 0 0 0 0 0 0 0 
100 0 0 0 0 0 0 0 0 0 
200 0 0 0 0 0 0 0 0 0 
300 0 0 0 0 0 0 0 0 0 
400 0 0 0 0 0 0 0 0 0 
500 37 2 0 0 0 0 0 0 0 
600 1543 659 0 866 1 0 0 0 0 
700 3624 2775 0 990 2 0 0 0 0 
800 5753 5360 0 1063 2 0 0 0 0 
900 7882 7857 10 1974 12 2 0 0 0 
1000 9721 9991 10 2772 9 0 480 0 0 
1100 10759 11040 3 3752 10 0 2314 0 0 
1200 11214 11468 0 4901 16 1 3446 0 0 
1300 11598 11828 0 5675 23 2 4384 0 0 
1400 12020 12283 0 6584 10 1 5465 0 0 
1500 12240 12502 0 7202 12 0 6333 0 0 
1600 12384 12633 1 7785 9 1 7008 0 0 
1700 12537 12714 0 8389 9 1 7712 0 0 
1800 12674 12805 1 8838 17 4 8219 0 0 
1900 12786 12951 0 9534 14 4 8856 0 0 
2000 12935 13014 0 10016 16 1 9454 0 0 
2100 12926 13142 0 10454 20 2 9946 0 0 
2200 13060 13340 0 11044 18 5 10610 0 0 
2300 13016 13323 0 11299 29 5 10872 0 0 
2400 13099 13367 0 11639 11 4 11286 0 0 
2500 13086 13402 2 11746 23 2 11348 0 0 
2600 13081 13495 1 11869 14 4 11559 0 0 
2700 13195 13342 0 11936 20 7 11576 0 0 
2800 13127 13348 1 12005 19 4 11660 0 0 
2900 13192 13375 0 11994 35 6 11705 0 0 
3000 13159 13425 0 12054 28 7 11701 0 0 
3100 13245 13384 1 11999 12 4 11644 0 0 
3200 13302 13448 0 12099 22 10 11759 0 0 
3300 13303 13406 0 12077 32 11 11713 0 0 
3400 13289 13378 1 12065 29 4 11690 0 0 
3500 13292 13418 1 12002 30 11 11676 0 0 
3600 13328 13409 0 12077 24 10 11677 0 0 
3700 13350 13391 0 12066 38 9 11737 0 0 
3800 13397 13402 0 12112 18 4 11761 0 0 
3900 13342 13420 1 12085 26 4 11767 0 0 
4000 13373 13409 0 12128 87 6 11767 0 0 
4100 13322 13420 0 12136 161 3 11759 0 0 
4200 13363 13462 0 12158 332 3 11784 0 0 
4300 13405 13386 0 12224 459 8 11821 0 0 
4400 13404 13392 0 12282 754 8 11846 0 0 
4500 13389 13390 0 12332 1148 7 11879 0 0 
4600 13402 13426 5 12379 1678 12 11844 0 0 
4700 13421 13452 0 12392 2325 35 11839 0 0 
4800 13428 13387 0 12524 3171 52 11867 0 0 
4900 13474 13446 1 12506 4145 115 11872 0 0 
5000 13343 13396 0 12492 4974 170 11840 0 0 
5100 13371 13357 1 12580 5846 180 11865 0 0 
5200 13332 13414 2 12668 6732 256 11885 0 0 
5300 13393 13424 7 12774 7582 307 11885 0 0 
5400 13372 13338 13 12716 8398 476 11871 0 0 
5500 13354 13431 39 12722 9292 701 11976 0 0 
5600 13338 13385 10 12650 9945 1068 11830 0 0 
5700 13318 13384 13 12631 10439 1354 11839 0 0 
5800 13379 13334 23 12743 10942 1920 11956 0 0 
5900 13428 13389 47 12822 11294 2356 11973 0 0 
6000 13408 13389 206 12820 11707 2777 11909 0 0 
6100 13405 13450 661 12676 11969 2859 11956 0 0 
6200 13395 13475 1367 12685 12060 2779 11957 0 0 
6300 13424 13532 2219 12676 12156 2817 11948 0 0 
6400 13386 13432 3060 12651 12114 2927 11857 0 0 
6500 13355 13481 4032 12642 12131 3299 11931 0 0 
6600 13337 13520 4936 12516 12231 3759 11885 0 0 
6700 13349 13472 5904 12511 12195 4401 11785 0 0 
6800 13470 13534 6895 12561 12402 5064 11920 0 0 
6900 13418 13580 7953 12532 12379 5620 11880 0 0 
7000 13473 13571 8966 12488 12450 6080 11998 0 0 
7100 13521 13525 9818 12463 12545 6539 11977 0 0 
7200 13473 13533 10590 12359 12509 7256 11914 0 0 
7300 13589 13558 11268 12400 12490 7747 11933 0 0 
7400 13542 13612 11873 12427 12530 8215 11942 0 0 
7500 13600 13541 12209 12358 12476 8548 11943 0 0 
7600 13547 13639 12604 12320 12507 9012 11958 0 0 
7700 13584 13620 12804 12380 12479 9545 11966 0 0 
7800 13646 13561 12819 12337 12578 9810 11965 0 0 
7900 13610 13571 12972 12367 12453 10080 11933 0 0 
8000 13587 13650 12897 12491 12577 10336 12087 0 0 
8100 13696 13553 12874 12373 12563 10617 12060 0 0 
8200 13702 13584 12949 12421 12582 10835 12075 0 0 
8300 13724 13574 12860 12449 12654 11031 12108 0 0 
8400 13645 13558 12844 12438 12484 11146 12013 0 0 
8500 13692 13598 12917 12449 12649 11100 12088 0 0 
8600 13701 13595 12943 12441 12645 11148 12132 0 0 
8700 13714 13607 12909 12390 12722 11134 12057 0 0 
8800 13717 13622 12976 12480 12626 11228 12150 0 0 
8900 13678 13666 12990 12487 12646 11252 12100 0 0 
9000 13671 13592 12965 12477 12685 11199 12101 0 0 
9100 13616 13609 12982 12452 12631 11165 12056 0 0 
9200 13667 13586 12987 12516 12660 11255 12218 0 0 
9300 13698 13624 13044 12522 12690 11354 12168 0 0 
9400 13756 13642 13042 12582 12794 11455 12243 0 0 
9500 13752 13605 13044 12602 12741 11380 12258 0 0 
9600 13733 13603 12977 12469 12579 11415 12124 0 0 
9700 13724 13592 13113 12527 12769 11362 12257 0 0 
9800 13777 13600 13021 12584 12701 11351 12172 0 0 
9900 13751 13641 13061 12528 12769 11372 12185 0 0 
10000 13700 13609 13006 12530 12725 11367 12218 0 0 
