# Avida tasks data
# Wed Apr 19 07:52:53 2023
# First column gives the current update, next columns give the number
# of organisms that have the particular task as a component of their merit
#  1: Update
#  2: Not
#  3: Nand
#  4: And
#  5: OrNot
#  6: Or
#  7: AndNot
#  8: Nor
#  9: Xor
# 10: Equals

0 0 0 0 0 0 0 0 0 0 
100 0 0 0 0 0 0 0 0 0 
200 0 0 0 0 0 0 0 0 0 
300 0 0 0 0 0 0 0 0 0 
400 0 0 0 0 0 0 0 0 0 
500 556 10 0 0 0 0 0 0 0 
600 1990 164 0 5 0 0 0 0 0 
700 3325 406 0 366 0 0 0 0 0 
800 5337 1212 0 3146 12 0 4 0 0 
900 7002 3681 0 4998 489 0 1 0 0 
1000 8339 5648 4 6374 1860 185 0 0 0 
1100 9138 7052 0 7183 2930 600 4 0 0 
1200 10080 8281 7 7947 4105 997 4 0 0 
1300 10868 9598 6 8861 5384 1298 4 0 0 
1400 11529 10752 7 9715 6369 1710 5 0 0 
1500 11813 11509 13 10218 7114 2014 7 0 0 
1600 12095 12136 8 10647 7763 2266 9 0 0 
1700 12094 12588 13 11026 8373 2351 7 0 0 
1800 12065 12957 9 11247 8731 2548 8 0 0 
1900 12220 13108 4 11548 8991 2534 21 0 0 
2000 12238 13323 6 11705 9218 2681 26 0 0 
2100 12247 13355 0 11823 9286 2606 99 0 0 
2200 12381 13418 6 11898 9395 2655 160 0 0 
2300 12405 13396 7 11925 9407 2848 140 0 0 
2400 12443 13404 11 11985 9469 3457 50 0 0 
2500 12379 13422 14 11888 9638 4012 30 0 0 
2600 12409 13415 1238 11996 10001 3656 15 0 0 
2700 12541 13398 3213 12149 10584 2372 25 0 0 
2800 12561 13418 5108 12308 10840 1549 31 0 0 
2900 12508 13372 6914 12371 11132 1049 2 0 0 
3000 12532 13414 8523 12459 11338 766 6 0 0 
3100 12730 13407 9905 12633 11548 556 3 0 0 
3200 12780 13437 10903 12694 11749 381 1 0 0 
3300 12650 13385 11739 12666 11793 254 3 0 0 
3400 12693 13472 12335 12649 11909 245 2 0 0 
3500 12721 13474 12780 12667 11814 666 6 0 0 
3600 12747 13478 13005 12699 11936 1563 10 0 0 
3700 12753 13433 13106 12672 11922 3076 26 0 0 
3800 12618 13504 13060 12568 11915 4582 38 0 0 
3900 12734 13499 13065 12654 12101 6166 24 0 0 
4000 12851 13546 13081 12608 12103 7516 55 0 0 
4100 12669 13582 13082 12390 11756 8895 48 0 0 
4200 12774 13476 12966 12382 11941 9981 62 0 0 
4300 12739 13512 13102 12334 11947 10909 56 0 0 
4400 12780 13491 13051 12444 12063 11742 86 0 0 
4500 12706 13472 13089 12255 11910 12415 65 0 0 
4600 12824 13451 13082 12476 12037 12755 58 0 0 
4700 12782 13405 12955 12378 11991 12801 71 0 0 
4800 12794 13398 13041 12328 12006 12951 68 1 0 
4900 12859 13414 13070 12405 11991 13005 52 0 0 
5000 12779 13436 13119 12399 12086 13004 53 0 0 
5100 12800 13467 13098 12393 12071 13029 47 0 0 
5200 12802 13542 13041 12368 12005 12974 64 0 0 
5300 12873 13470 13031 12376 12073 12994 63 0 0 
5400 12875 13503 13016 12465 12024 12940 59 0 0 
5500 12756 13481 13036 12390 12035 13012 57 0 0 
5600 12956 13521 13058 12539 12212 13015 55 0 0 
5700 12926 13450 13032 12499 12123 12956 67 0 0 
5800 12793 13481 13046 12428 12080 13023 80 1 0 
5900 12907 13591 13031 12510 12172 12984 73 0 0 
6000 12875 13554 12997 12465 12087 12999 71 0 0 
6100 12852 13417 12961 12435 12105 12921 67 0 0 
6200 12977 13418 12935 12572 12232 12946 57 0 0 
6300 13043 13512 12974 12543 12192 13045 71 0 0 
6400 12870 13487 12991 12484 12159 13006 50 0 0 
6500 12992 13479 13020 12536 12258 13068 61 0 0 
6600 13030 13525 12981 12661 12243 12953 58 0 0 
6700 13057 13462 13000 12616 12333 13005 49 0 1 
6800 13096 13524 12995 12607 12220 12998 79 0 9 
6900 13043 13455 12992 12628 12296 13003 63 0 1 
7000 13047 13490 13046 12616 12288 13054 59 0 0 
7100 13054 13484 12975 12581 12189 13011 62 0 0 
7200 13129 13503 12981 12716 12267 13047 73 0 0 
7300 13074 13485 12875 12553 12277 12931 70 0 0 
7400 13189 13521 12963 12647 12244 12974 67 0 0 
7500 13155 13495 12989 12589 12186 12984 57 0 0 
7600 13149 13543 12898 12574 12275 12954 73 0 0 
7700 13117 13533 12978 12648 12341 13040 70 0 1 
7800 13165 13510 13011 12689 12354 13024 79 0 0 
7900 13103 13534 13018 12568 12230 13063 68 0 0 
8000 13218 13515 13045 12753 12406 13060 48 0 0 
8100 13169 13488 12961 12672 12342 12977 73 0 0 
8200 13140 13510 12982 12748 12430 13008 62 0 0 
8300 13168 13487 12938 12662 12414 12957 53 0 0 
8400 13185 13488 13056 12725 12444 13101 70 0 0 
8500 13306 13603 13023 12750 12351 13094 63 0 0 
8600 13235 13477 13034 12725 12410 13051 66 0 0 
8700 13208 13567 12967 12683 12354 13018 69 0 0 
8800 13219 13569 13032 12657 12346 13048 40 0 0 
8900 13292 13503 13005 12807 12493 13016 56 0 0 
9000 13250 13526 12953 12679 12428 12967 52 0 0 
9100 13318 13552 12982 12731 12445 13042 62 0 0 
9200 13286 13540 13023 12736 12469 13073 66 0 0 
9300 13305 13591 13010 12762 12430 13079 85 0 0 
9400 13399 13556 13033 12817 12449 13034 53 0 0 
9500 13325 13479 12967 12812 12468 12957 60 0 0 
9600 13350 13509 12975 12777 12417 12969 72 0 0 
9700 13333 13511 12954 12811 12449 12998 72 0 0 
9800 13277 13552 13011 12798 12446 13078 60 0 0 
9900 13288 13567 13094 12738 12451 13049 64 0 0 
10000 13277 13477 13004 12752 12456 13057 47 0 0 
