# Avida tasks data
# Wed Apr 19 06:19:23 2023
# First column gives the current update, next columns give the number
# of organisms that have the particular task as a component of their merit
#  1: Update
#  2: Not
#  3: Nand
#  4: And
#  5: OrNot
#  6: Or
#  7: AndNot
#  8: Nor
#  9: Xor
# 10: Equals

0 0 0 0 0 0 0 0 0 0 
100 0 0 0 0 0 0 0 0 0 
200 0 0 0 0 0 0 0 0 0 
300 0 0 0 0 0 0 0 0 0 
400 0 0 0 0 0 0 0 0 0 
500 0 0 0 0 0 0 0 0 0 
600 0 0 0 0 0 0 0 0 0 
700 0 0 0 0 0 0 0 0 0 
800 191 8 0 0 0 0 0 0 0 
900 992 88 0 0 0 0 0 0 0 
1000 2315 193 0 0 0 0 0 0 0 
1100 4019 1393 0 951 0 8 0 0 0 
1200 5753 3762 3 2911 19 181 0 0 0 
1300 6823 5254 13 3707 155 1165 0 0 0 
1400 7408 6216 28 3770 396 2245 0 0 0 
1500 8149 7134 159 3458 602 3324 4 0 0 
1600 8301 7845 161 4030 2295 5403 0 0 0 
1700 8649 8501 476 5025 3842 6466 3 0 0 
1800 9213 9282 997 6070 5115 7377 6 0 0 
1900 9635 9914 1580 6919 6225 8147 5 0 0 
2000 10021 10600 2360 7656 7081 8873 1 0 0 
2100 10368 11284 3121 8321 7878 9494 0 0 0 
2200 10855 11751 3702 9053 8779 10068 2 0 0 
2300 11022 12108 4152 9508 9213 10356 20 0 0 
2400 11239 12547 5030 9871 9658 10844 57 0 0 
2500 11507 12835 5392 10259 10165 11006 90 0 1 
2600 11551 13051 6109 10436 10400 11269 176 0 0 
2700 11606 13211 6672 10527 10602 11413 330 0 0 
2800 11718 13187 6517 10640 10768 11483 380 141 357 
2900 11746 13064 6292 10630 10727 11443 436 383 608 
3000 11634 13114 6229 10651 10783 11471 416 251 698 
3100 11651 13114 6202 10668 10820 11493 403 165 828 
3200 11705 13057 6126 10676 10362 10996 387 123 900 
3300 11783 13054 6024 10694 10165 10704 374 118 1040 
3400 11758 13014 6018 10665 10312 10598 371 81 1028 
3500 11788 13023 5958 10708 10396 10464 367 49 1139 
3600 11794 13004 5890 10709 10403 10368 368 35 1203 
3700 11782 12975 5832 10699 10428 10285 366 14 1257 
3800 11806 12968 5759 10708 10541 10122 376 10 1416 
3900 11831 12918 5688 10692 10505 9990 385 13 1542 
4000 11851 12912 5655 10719 10487 9872 377 10 1640 
4100 11845 12931 5648 10773 10497 9695 369 15 1839 
4200 11870 12839 5648 10762 10461 9551 355 31 1902 
4300 11880 12828 5624 10810 10428 9400 334 32 2061 
4400 11889 12826 5618 10842 10426 9263 308 33 2206 
4500 11890 12811 5616 10842 10403 9135 316 36 2352 
4600 11886 12766 5608 10828 10401 9023 309 40 2439 
4700 11898 12762 5583 10846 10366 8927 303 41 2536 
4800 11911 12701 5558 10837 10314 8842 300 40 2597 
4900 11885 12664 5509 10861 10293 8710 291 45 2695 
5000 11894 12715 5470 10924 10311 8627 290 49 2845 
5100 11933 12698 5435 10958 10368 8552 287 52 2918 
5200 11892 12663 5397 10952 10316 8480 278 69 2955 
5300 11888 12631 5339 10968 10305 8368 263 61 3069 
5400 11892 12650 5295 10998 10301 8274 262 54 3158 
5500 11886 12645 5273 11023 10301 8192 254 55 3251 
5600 11952 12635 5249 11056 10275 8117 252 47 3314 
5700 11888 12591 5225 11037 10242 8059 253 44 3334 
5800 11910 12589 5185 11066 10274 7982 252 47 3436 
5900 11898 12527 5136 11077 10288 7872 247 47 3515 
6000 11946 12563 5099 11142 10303 7795 252 43 3637 
6100 11890 12602 5047 11173 10321 7697 249 33 3777 
6200 11862 12571 4981 11180 10327 7619 244 40 3861 
6300 11863 12536 4922 11154 10291 7513 244 40 3931 
6400 11903 12531 4868 11181 10236 7416 245 46 4025 
6500 11933 12521 4838 11201 10248 7351 237 43 4113 
6600 11917 12440 4801 11187 10188 7278 223 28 4101 
6700 11918 12440 4761 11195 10187 7202 229 31 4188 
6800 11900 12407 4717 11212 10178 7119 218 36 4240 
6900 11959 12447 4665 11287 10247 7052 228 30 4351 
7000 11922 12417 4610 11284 10200 6975 214 27 4452 
7100 11908 12405 4559 11252 10191 6876 220 24 4512 
7200 11948 12400 4516 11271 10276 6802 197 27 4636 
7300 11931 12356 4465 11274 10202 6717 197 28 4686 
7400 11946 12391 4412 11316 10254 6624 187 27 4800 
7500 11973 12393 4360 11358 10220 6546 208 24 4872 
7600 11998 12316 4335 11343 10272 6482 191 29 4874 
7700 11989 12323 4300 11372 10312 6400 191 28 4996 
7800 11999 12350 4267 11418 10279 6303 183 24 5098 
7900 12029 12296 4242 11403 10242 6237 186 28 5101 
8000 12026 12291 4213 11435 10239 6187 188 23 5193 
8100 11985 12308 4174 11430 10284 6130 191 21 5284 
8200 11988 12311 4143 11467 10258 6062 198 21 5350 
8300 12001 12285 4113 11470 10215 5994 191 19 5403 
8400 11986 12240 4081 11467 10182 5963 190 19 5402 
8500 11970 12279 4055 11498 10232 5932 184 47 5491 
8600 11983 12300 4013 11531 10267 5852 179 65 5587 
8700 11990 12299 3967 11542 10311 5780 170 91 5655 
8800 11949 12279 3906 11532 10286 5692 174 105 5752 
8900 11977 12294 3872 11537 10317 5641 179 132 5819 
9000 11831 12278 3871 11546 10203 5643 173 127 5804 
9100 11885 12241 3837 11524 10246 5611 171 131 5781 
9200 11933 12260 3821 11514 10236 5589 174 130 5814 
9300 11907 12203 3803 11492 10229 5571 173 130 5762 
9400 11960 12182 3781 11485 10188 5553 178 131 5761 
9500 11978 12162 3720 11474 10208 5493 178 129 5804 
9600 11968 12116 3715 11464 10167 5498 180 129 5765 
9700 11983 12064 3692 11415 10079 5484 179 128 5715 
9800 12004 12109 3658 11435 10091 5447 173 123 5824 
9900 12009 12051 3634 11406 9956 5403 180 120 5801 
10000 12016 12037 3582 11414 9844 5366 174 123 5838 
