# Avida tasks data
# Wed Apr 19 06:02:13 2023
# First column gives the current update, next columns give the number
# of organisms that have the particular task as a component of their merit
#  1: Update
#  2: Not
#  3: Nand
#  4: And
#  5: OrNot
#  6: Or
#  7: AndNot
#  8: Nor
#  9: Xor
# 10: Equals

0 0 0 0 0 0 0 0 0 0 
100 0 0 0 0 0 0 0 0 0 
200 0 0 0 0 0 0 0 0 0 
300 0 0 0 0 0 0 0 0 0 
400 0 0 0 0 0 0 0 0 0 
500 0 0 0 0 0 0 0 0 0 
600 2 0 0 0 0 0 0 0 0 
700 0 0 0 0 0 0 0 0 0 
800 17 0 0 0 0 0 0 0 0 
900 929 6 0 0 1 0 0 0 0 
1000 3968 2071 0 79 0 0 0 0 0 
1100 4447 2549 0 96 0 4 0 0 0 
1200 5174 3283 0 291 0 0 0 0 0 
1300 5449 3546 2 391 3 0 0 0 0 
1400 5664 3758 2 308 1 0 0 0 0 
1500 5662 3740 2 318 3 0 0 0 0 
1600 6010 4092 1 313 1 0 0 0 0 
1700 6009 4091 1 314 1 0 0 0 0 
1800 6052 4129 1 324 1 0 0 0 0 
1900 6088 4166 1 321 3 0 0 0 0 
2000 6093 4172 1 327 2 0 0 0 0 
2100 6114 4183 1 329 3 0 0 0 0 
2200 6130 4202 1 328 1 0 0 0 0 
2300 6156 4227 1 326 1 0 0 0 0 
2400 6191 4258 1 324 1 0 0 0 0 
2500 6259 4325 1 323 2 0 0 0 0 
2600 6298 4368 1 326 2 0 0 0 0 
2700 6343 4420 1 324 2 0 0 0 0 
2800 6386 4462 1 327 2 0 0 0 0 
2900 6404 4479 1 329 2 0 0 0 0 
3000 6420 4492 1 330 2 0 0 0 0 
3100 6433 4509 1 325 2 0 0 0 0 
3200 6452 4526 1 324 2 0 0 0 0 
3300 6472 4550 1 333 2 0 0 0 0 
3400 6487 4565 1 334 2 0 0 0 0 
3500 6545 4609 1 330 1 0 0 0 0 
