# Avida tasks data
# Tue Apr 18 22:39:10 2023
# First column gives the current update, next columns give the number
# of organisms that have the particular task as a component of their merit
#  1: Update
#  2: Not
#  3: Nand
#  4: And
#  5: OrNot
#  6: Or
#  7: AndNot
#  8: Nor
#  9: Xor
# 10: Equals

0 0 0 0 0 0 0 0 0 0 
100 0 0 0 0 0 0 0 0 0 
200 0 0 0 0 0 0 0 0 0 
300 0 0 0 0 0 0 0 0 0 
400 0 0 0 0 0 0 0 0 0 
500 0 0 0 0 0 0 0 0 0 
600 2 10 0 0 0 0 0 0 0 
700 33 54 0 0 0 0 0 0 0 
800 91 158 0 7 0 0 0 0 0 
900 227 206 0 95 0 0 0 0 0 
1000 430 153 0 339 0 0 0 0 0 
1100 878 47 0 839 0 0 1 0 0 
1200 2586 62 0 899 1300 0 0 0 0 
1300 4359 42 1 513 3386 0 0 0 0 
1400 5761 35 0 253 5171 0 0 0 0 
1500 5182 360 3 1506 6086 1419 0 0 0 
1600 4006 2249 8 3356 6680 3240 0 0 0 
1700 3581 3890 21 4728 7322 4646 0 0 0 
1800 4080 5473 14 6137 8240 6077 0 0 0 
1900 4897 6753 25 7215 8892 7184 0 0 0 
2000 5675 8016 33 8406 9785 8373 3 0 0 
2100 6672 9101 34 9323 10459 9321 2 0 0 
2200 7653 10157 66 10234 11017 10273 3 0 0 
2300 8571 11040 98 10986 11522 11033 3 0 0 
2400 9389 11837 87 11624 11906 11671 4 0 0 
2500 10130 12506 72 12169 12169 12251 3 0 0 
2600 10804 12790 78 12382 12308 12478 2 0 0 
2700 11366 12903 67 12484 12338 12563 3 0 0 
2800 11885 12965 94 12482 12368 12582 3 0 0 
2900 12318 13128 90 12663 12380 12646 6 0 0 
3000 12752 13147 73 12685 12448 12752 11 0 0 
3100 13107 13194 74 12671 12483 12778 1 0 0 
3200 13176 13100 69 12601 12340 12695 1 0 0 
3300 13214 13164 74 12661 12415 12726 2 0 0 
3400 13270 13179 80 12599 12363 12704 2 0 0 
3500 13298 13185 92 12644 12464 12708 3 0 0 
3600 13385 13156 81 12662 12428 12744 4 0 0 
3700 13348 13170 87 12612 12358 12647 2 0 0 
3800 13318 13160 90 12578 12365 12695 2 0 0 
3900 13337 13064 76 12554 12301 12662 6 0 0 
4000 13358 13140 73 12639 12397 12665 8 0 0 
4100 13405 13149 76 12695 12475 12726 7 0 0 
4200 13401 13188 90 12713 12438 12731 7 0 0 
4300 13422 13129 73 12594 12329 12652 8 0 0 
4400 13399 13186 64 12643 12400 12782 7 0 0 
4500 13422 13184 77 12637 12460 12774 9 0 0 
4600 13374 13186 55 12616 12439 12706 6 0 0 
4700 13357 13222 72 12641 12503 12751 4 0 0 
4800 13307 13198 69 12693 12474 12731 5 0 0 
4900 13371 13149 51 12512 12440 12631 8 0 0 
5000 13490 13295 60 12745 12572 12840 9 0 0 
5100 13478 13252 55 12743 12564 12825 7 0 0 
5200 13513 13185 66 12677 12540 12735 6 0 0 
5300 13502 13262 62 12782 12578 12814 10 0 0 
5400 13429 13142 73 12614 12509 12742 2 0 0 
5500 13475 13214 62 12668 12535 12769 6 0 0 
5600 13535 13125 71 12634 12509 12715 9 0 0 
5700 13599 13219 47 12706 12622 12822 3 0 0 
5800 13601 13289 142 12832 12616 12877 9 0 0 
5900 13639 13215 410 12717 12514 12797 44 0 0 
6000 13597 13083 789 12772 12644 12859 147 0 0 
6100 13623 12914 1274 12701 12519 12781 487 0 0 
6200 13609 12619 1288 12703 12516 12596 1200 0 0 
6300 13666 12232 1343 12789 12560 12641 2370 0 0 
6400 13561 11459 1844 12789 12571 12593 3305 0 0 
6500 13531 10365 2612 12761 12459 12489 4375 0 0 
6600 13566 9175 3621 12641 12462 12417 5321 0 0 
6700 13481 7770 4624 12662 12496 12289 6410 0 0 
6800 13410 6751 5530 12617 12510 12327 7440 0 0 
6900 13359 5726 6487 12524 12496 12190 8237 0 0 
7000 13347 4617 7563 12423 12455 12089 9211 0 0 
