# Avida tasks data
# Wed Apr 19 04:19:42 2023
# First column gives the current update, next columns give the number
# of organisms that have the particular task as a component of their merit
#  1: Update
#  2: Not
#  3: Nand
#  4: And
#  5: OrNot
#  6: Or
#  7: AndNot
#  8: Nor
#  9: Xor
# 10: Equals

0 0 0 0 0 0 0 0 0 0 
100 0 0 0 0 0 0 0 0 0 
200 0 0 0 0 0 0 0 0 0 
300 0 0 0 0 0 0 0 0 0 
400 0 0 0 0 0 0 0 0 0 
500 0 2 0 0 0 0 0 0 0 
600 0 63 0 0 0 0 0 0 0 
700 26 397 0 79 0 0 0 0 0 
800 57 600 0 520 1 0 0 0 0 
900 94 1718 0 1608 0 0 0 0 0 
1000 94 1717 0 1608 0 0 0 0 0 
1100 94 1717 0 1608 0 0 0 0 0 
1200 94 1717 0 1608 0 0 0 0 0 
1300 94 1717 0 1608 0 0 0 0 0 
1400 94 1717 0 1608 0 0 0 0 0 
1500 94 1716 0 1607 0 0 0 0 0 
1600 94 1719 0 1608 0 0 0 0 0 
1700 94 1719 0 1608 0 0 0 0 0 
1800 94 1719 0 1608 0 0 0 0 0 
1900 94 1719 0 1608 0 0 0 0 0 
2000 94 1719 0 1608 0 0 0 0 0 
2100 94 1718 0 1607 0 0 0 0 0 
2200 94 1719 0 1608 0 0 0 0 0 
2300 94 1719 0 1608 0 0 0 0 0 
2400 94 1718 0 1607 0 0 0 0 0 
2500 94 1719 0 1608 0 0 0 0 0 
2600 94 1719 0 1608 0 0 0 0 0 
2700 95 1719 0 1607 0 0 0 0 0 
2800 95 1720 0 1608 0 0 0 0 0 
2900 95 1720 0 1608 0 0 0 0 0 
3000 95 1720 0 1608 0 0 0 0 0 
3100 95 1720 0 1608 0 0 0 0 0 
3200 95 1720 0 1608 0 0 0 0 0 
3300 95 1720 0 1608 0 0 0 0 0 
3400 95 1719 0 1607 0 0 0 0 0 
3500 95 1720 0 1608 0 0 0 0 0 
3600 95 1720 0 1608 0 0 0 0 0 
3700 95 1720 0 1608 0 0 0 0 0 
3800 95 1720 0 1608 0 0 0 0 0 
3900 95 1720 0 1608 0 0 0 0 0 
4000 95 1720 0 1608 0 0 0 0 0 
4100 95 1719 0 1607 0 0 0 0 0 
4200 95 1720 0 1608 0 0 0 0 0 
4300 95 1720 0 1608 0 0 0 0 0 
4400 95 1720 0 1608 0 0 0 0 0 
4500 95 1720 0 1608 0 0 0 0 0 
4600 95 1720 0 1608 0 0 0 0 0 
4700 95 1720 0 1608 0 0 0 0 0 
4800 95 1719 0 1607 0 0 0 0 0 
4900 95 1720 0 1608 0 0 0 0 0 
5000 95 1720 0 1608 0 0 0 0 0 
5100 95 1720 0 1608 0 0 0 0 0 
5200 95 1720 0 1608 0 0 0 0 0 
5300 95 1720 0 1608 0 0 0 0 0 
5400 95 1720 0 1608 0 0 0 0 0 
5500 95 1719 0 1607 0 0 0 0 0 
5600 95 1720 0 1608 0 0 0 0 0 
5700 95 1720 0 1608 0 0 0 0 0 
5800 95 1720 0 1608 0 0 0 0 0 
5900 95 1720 0 1608 0 0 0 0 0 
6000 95 1720 0 1608 0 0 0 0 0 
6100 95 1720 0 1608 0 0 0 0 0 
6200 95 1719 0 1607 0 0 0 0 0 
6300 95 1720 0 1608 0 0 0 0 0 
6400 95 1720 0 1608 0 0 0 0 0 
6500 95 1720 0 1608 0 0 0 0 0 
6600 95 1720 0 1608 0 0 0 0 0 
6700 95 1720 0 1608 0 0 0 0 0 
6800 95 1720 0 1608 0 0 0 0 0 
6900 95 1719 0 1607 0 0 0 0 0 
7000 95 1720 0 1608 0 0 0 0 0 
7100 95 1720 0 1608 0 0 0 0 0 
7200 95 1720 0 1608 0 0 0 0 0 
7300 95 1720 0 1608 0 0 0 0 0 
7400 95 1720 0 1608 0 0 0 0 0 
7500 95 1720 0 1608 0 0 0 0 0 
7600 95 1719 0 1607 0 0 0 0 0 
7700 95 1720 0 1608 0 0 0 0 0 
7800 95 1720 0 1608 0 0 0 0 0 
7900 95 1720 0 1608 0 0 0 0 0 
8000 95 1720 0 1608 0 0 0 0 0 
8100 95 1720 0 1608 0 0 0 0 0 
8200 95 1720 0 1608 0 0 0 0 0 
8300 95 1719 0 1607 0 0 0 0 0 
8400 95 1720 0 1608 0 0 0 0 0 
8500 95 1720 0 1608 0 0 0 0 0 
8600 95 1720 0 1608 0 0 0 0 0 
8700 95 1720 0 1608 0 0 0 0 0 
8800 95 1720 0 1608 0 0 0 0 0 
8900 95 1720 0 1608 0 0 0 0 0 
9000 95 1719 0 1607 0 0 0 0 0 
9100 95 1720 0 1608 0 0 0 0 0 
9200 95 1720 0 1608 0 0 0 0 0 
9300 95 1720 0 1608 0 0 0 0 0 
9400 95 1720 0 1608 0 0 0 0 0 
9500 95 1720 0 1608 0 0 0 0 0 
9600 95 1720 0 1608 0 0 0 0 0 
9700 95 1719 0 1607 0 0 0 0 0 
9800 95 1720 0 1608 0 0 0 0 0 
9900 95 1720 0 1608 0 0 0 0 0 
10000 95 1720 0 1608 0 0 0 0 0 
