# Avida tasks data
# Tue Apr 18 20:57:10 2023
# First column gives the current update, next columns give the number
# of organisms that have the particular task as a component of their merit
#  1: Update
#  2: Not
#  3: Nand
#  4: And
#  5: OrNot
#  6: Or
#  7: AndNot
#  8: Nor
#  9: Xor
# 10: Equals

0 0 0 0 0 0 0 0 0 0 
100 0 0 0 0 0 0 0 0 0 
200 0 0 0 0 0 0 0 0 0 
300 0 0 0 0 0 0 0 0 0 
400 1 0 0 0 0 0 0 0 0 
500 2 0 0 0 0 0 0 0 0 
600 14 26 0 0 0 0 0 0 0 
700 61 286 0 1 0 0 0 0 0 
800 177 722 0 141 0 0 0 0 0 
900 439 1491 0 930 0 0 0 0 0 
1000 1375 1313 0 2329 987 0 0 0 0 
1100 1974 820 0 3811 2688 0 0 0 0 
1200 2841 738 0 4974 3945 11 984 0 0 
1300 3807 628 1 5491 4556 21 2162 0 0 
1400 4744 543 0 5807 4880 45 3062 0 0 
1500 5653 529 2 6473 5424 55 3928 0 0 
1600 6874 527 1 7312 6217 96 5089 0 0 
1700 7882 637 1 8485 7406 125 6509 0 0 
1800 7445 625 3 9476 8600 144 7747 0 0 
1900 6952 670 5 10115 9340 177 8492 0 0 
2000 6562 699 3 10723 10058 194 9129 0 0 
2100 6397 751 6 11156 10642 216 9686 1 1 
2200 6130 694 9 11429 10978 164 10068 1 0 
2300 6406 784 9 11517 11036 214 10064 1 0 
2400 7430 734 8 11594 11066 216 10146 1 0 
2500 7728 768 11 11631 11065 243 10133 1 0 
2600 8087 742 8 11694 11085 248 10187 1 0 
2700 8518 715 13 11734 11146 250 10215 1 0 
2800 8925 685 7 11795 11230 225 10329 1 0 
2900 9250 654 9 11845 11274 473 10380 1 0 
3000 9409 653 17 11858 11299 1103 10418 1 0 
3100 9520 634 12 11881 11319 1035 10443 1 0 
3200 9735 621 14 11896 11354 652 10457 9 0 
3300 10022 631 12 12029 11509 650 10568 13 0 
3400 10295 638 8 12162 11609 600 10674 12 0 
3500 10436 665 11 12213 11700 611 10750 10 0 
3600 10712 632 16 12341 11774 757 10869 16 0 
3700 10979 663 12 12466 11949 819 10970 22 0 
3800 11230 666 12 12534 12010 883 11053 15 0 
3900 11515 635 13 12702 12293 954 11362 11 0 
4000 11613 611 20 12791 12331 973 11453 16 0 
4100 11676 568 29 12846 12427 993 11585 15 0 
4200 11772 535 31 12853 12430 985 11677 12 0 
4300 11818 515 49 12866 12445 957 11826 10 0 
4400 11796 495 36 12773 12432 893 11909 10 0 
4500 11261 468 59 12657 12358 874 11901 9 0 
4600 9919 465 53 12553 12311 867 11926 9 0 
4700 8904 437 40 12611 12437 847 12111 9 0 
4800 7982 423 42 12575 12472 841 12189 9 1 
4900 7371 384 56 12598 12475 806 12360 9 0 
5000 6757 357 65 12561 12479 776 12515 8 0 
5100 6304 348 92 12504 12452 764 12513 8 0 
5200 5981 311 86 12388 12525 808 12597 8 0 
5300 5521 286 82 12409 12528 740 12719 8 0 
5400 5128 273 87 12442 12531 675 12786 8 0 
5500 4776 242 81 12419 12562 670 12932 7 0 
5600 4484 238 84 12363 12539 666 13025 6 0 
5700 4414 233 71 12314 12527 683 13176 4 0 
5800 4215 186 76 12309 12600 646 13284 4 0 
5900 4242 195 98 12267 12575 650 13280 2 1 
6000 4288 168 109 12339 12533 591 13374 2 1 
6100 4304 142 114 12299 12548 608 13429 2 0 
6200 4389 143 119 12271 12489 566 13476 1 0 
6300 4348 135 105 12222 12398 552 13432 1 0 
6400 4207 127 96 12118 12447 540 13438 1 0 
6500 4044 126 101 11748 12325 532 13455 1 0 
6600 4105 127 102 11798 12174 556 13440 1 0 
6700 3926 116 104 11777 12049 580 13435 1 0 
6800 3791 116 104 11808 12013 581 13424 1 0 
6900 3772 114 106 11778 12003 574 13412 1 0 
7000 3696 109 106 11752 12009 567 13423 1 0 
7100 3660 105 105 11712 11962 570 13400 1 0 
7200 3630 104 104 11649 11959 568 13378 1 0 
7300 3598 102 102 11621 11973 566 13399 1 0 
7400 3542 97 103 11556 11914 548 13358 1 0 
7500 3582 93 111 11568 11952 540 13394 1 0 
7600 3552 96 104 11582 11944 550 13402 1 0 
7700 3666 93 108 11345 11742 555 13380 1 0 
