# Avida tasks data
# Tue Apr 18 20:40:54 2023
# First column gives the current update, next columns give the number
# of organisms that have the particular task as a component of their merit
#  1: Update
#  2: Not
#  3: Nand
#  4: And
#  5: OrNot
#  6: Or
#  7: AndNot
#  8: Nor
#  9: Xor
# 10: Equals

0 0 0 0 0 0 0 0 0 0 
100 0 0 0 0 0 0 0 0 0 
200 0 0 0 0 0 0 0 0 0 
300 0 0 0 0 0 0 0 0 0 
400 0 0 0 0 0 0 0 0 0 
500 6 0 0 0 0 0 0 0 0 
600 116 0 0 0 0 0 0 0 0 
700 457 9 0 75 0 0 0 0 0 
800 878 82 0 404 0 0 0 0 0 
900 1302 267 0 1358 793 0 0 0 0 
1000 1476 186 0 2610 3012 0 538 0 0 
1100 1752 373 0 3274 4681 13 1924 0 0 
1200 1715 1602 0 4765 5566 10 3361 0 0 
1300 2428 3639 0 6173 6480 17 4766 0 0 
1400 3496 5400 0 7462 7470 20 6049 0 0 
1500 4285 6877 0 8604 8366 17 7113 0 0 
1600 5341 8190 0 9667 9251 36 8270 0 0 
1700 6402 9486 0 10464 10008 37 9225 0 0 
1800 7093 10537 0 11186 10666 32 10109 0 0 
1900 8121 11599 0 12060 11488 33 11067 0 0 
2000 8990 12215 0 12617 11920 47 11472 0 0 
2100 9879 12693 0 12971 12325 42 11812 0 0 
2200 10727 12964 0 13193 12606 36 12141 0 0 
2300 11210 13122 0 13393 12609 56 12146 0 0 
2400 11807 13160 0 13370 12662 29 12166 0 0 
2500 12126 13116 0 13337 12669 31 12201 0 0 
2600 12339 13099 0 13347 12687 46 12163 0 0 
2700 12399 13080 3 13302 12668 39 12146 0 0 
2800 12477 13088 0 13300 12804 40 12394 0 0 
2900 12554 13139 0 13426 12632 39 12169 0 0 
3000 12517 13133 0 13273 12673 34 12179 0 0 
3100 12577 13082 0 13271 12710 43 12284 0 0 
3200 12718 13224 0 13395 12798 36 12316 0 0 
3300 12791 13166 0 13336 12721 26 12228 0 0 
3400 12682 13133 0 13373 12708 38 12297 0 0 
3500 12576 13159 0 13377 12632 27 12196 0 0 
3600 12700 13089 0 13397 12723 37 12246 0 0 
3700 12794 13052 0 13401 12724 70 12233 0 0 
3800 12673 13099 0 13419 12671 404 12177 0 0 
3900 12525 13092 1 13327 12678 1178 12194 0 0 
4000 12645 13048 3 13333 12645 2122 12207 0 0 
4100 12848 12957 9 13312 12643 3049 12188 0 0 
4200 12871 12915 10 13309 12524 4101 12045 0 0 
4300 12895 12925 2 13260 12510 5121 12053 0 0 
4400 12941 13000 10 13214 12443 6237 11972 0 0 
4500 12939 12886 11 13216 12576 7157 12072 0 0 
4600 13018 12926 12 13237 12487 8120 11969 0 0 
4700 12987 12785 12 13187 12449 9082 11958 0 0 
4800 13114 12954 12 13294 12530 9869 12044 0 0 
4900 13133 12909 19 13245 12369 10609 11812 0 0 
5000 13134 13090 21 13290 12507 11053 12026 0 0 
5100 13156 13032 15 13187 12477 11531 11938 0 0 
5200 13143 12989 13 13264 12548 11879 12028 0 0 
5300 13162 12991 13 13318 12528 12200 12083 0 0 
5400 13196 12916 12 13294 12564 12374 12080 0 0 
5500 13215 12954 14 13266 12534 12527 12048 0 0 
5600 13140 12914 17 13307 12579 12600 12029 0 0 
5700 13180 13045 13 13359 12603 12570 12066 0 0 
5800 13214 13006 19 13301 12603 12551 12080 0 0 
5900 13184 13050 14 13320 12627 12661 12108 0 0 
6000 13218 13049 15 13329 12539 12616 12048 0 0 
6100 13176 13025 15 13297 12645 12579 12097 0 0 
6200 13194 13106 16 13277 12653 12555 12214 0 0 
6300 13108 12957 19 13309 12646 12650 12128 0 0 
6400 13222 12990 16 13285 12623 12609 12160 0 0 
6500 13197 13106 8 13320 12727 12640 12225 0 0 
6600 13227 13059 7 13312 12622 12582 12215 0 0 
6700 13237 12988 10 13375 12708 12653 12222 0 0 
6800 13276 13002 20 13392 12668 12650 12184 0 0 
6900 13213 12972 13 13289 12720 12620 12198 0 0 
7000 13362 12903 4 13305 12584 12803 12148 0 0 
7100 13321 12977 9 13354 12655 12692 12218 0 1 
7200 13213 13005 13 13263 12730 12683 12243 0 0 
7300 13256 12966 14 13291 12749 12578 12260 0 0 
7400 13305 13019 12 13383 12750 12721 12258 0 0 
7500 13357 12952 5 13371 12765 12782 12310 0 0 
7600 13245 13102 11 13387 12808 12705 12349 0 0 
7700 13205 13122 10 13357 12845 12726 12370 0 0 
7800 13358 13163 6 13372 12864 12735 12382 0 0 
7900 13319 13077 8 13326 12772 12700 12286 0 0 
8000 13296 13193 12 13336 12788 12646 12361 0 0 
8100 13267 13070 15 13343 12774 12713 12232 0 0 
8200 13306 13070 13 13361 12837 12643 12332 0 0 
8300 13325 13012 10 13301 12811 12635 12321 0 0 
8400 13353 12965 7 13366 12887 12684 12358 0 0 
8500 13314 13057 6 13375 12813 12771 12365 0 0 
8600 13434 13092 7 13419 12875 12708 12442 0 0 
8700 13245 13147 8 13356 12904 12822 12418 0 0 
8800 13352 13240 12 13407 12836 12752 12399 0 0 
8900 13307 13148 13 13448 12839 12722 12376 0 0 
9000 13342 13092 8 13444 12923 12733 12413 0 0 
9100 13448 13162 6 13408 12936 12823 12490 0 0 
9200 13294 13116 7 13406 12946 12799 12479 0 0 
9300 13324 13068 4 13434 12879 12741 12457 0 0 
9400 13426 13135 4 13443 12911 12770 12440 0 0 
9500 13322 13153 7 13344 12956 12758 12444 0 0 
9600 13382 13157 6 13449 12893 12690 12457 0 2 
9700 13350 13128 3 13413 12925 12780 12494 0 0 
9800 13416 13207 22 13416 12950 12831 12499 0 0 
9900 13325 13225 11 13465 12961 12766 12523 0 0 
10000 13304 13177 6 13423 12946 12794 12488 0 0 
