# Avida tasks data
# Wed Apr 19 12:53:01 2023
# First column gives the current update, next columns give the number
# of organisms that have the particular task as a component of their merit
#  1: Update
#  2: Not
#  3: Nand
#  4: And
#  5: OrNot
#  6: Or
#  7: AndNot
#  8: Nor
#  9: Xor
# 10: Equals

0 0 0 0 0 0 0 0 0 0 
100 0 0 0 0 0 0 0 0 0 
200 0 0 0 0 0 0 0 0 0 
300 0 0 0 0 0 0 0 0 0 
400 0 0 0 0 0 0 0 0 0 
500 0 43 0 0 0 0 0 0 0 
600 105 1189 0 20 0 0 0 0 0 
700 441 2880 2 29 0 1 0 0 0 
800 684 3493 0 27 0 0 0 0 0 
900 648 3527 1 35 0 0 0 0 0 
1000 595 3840 1 45 0 0 0 0 0 
1100 614 4305 0 56 0 0 0 0 0 
1200 640 4476 0 49 0 0 0 0 0 
1300 640 4630 0 36 0 0 0 0 0 
1400 677 4863 0 41 0 2 0 0 0 
1500 697 5063 1 46 0 2 0 0 0 
1600 665 5245 0 59 0 2 0 0 0 
1700 639 5359 0 65 0 0 0 0 0 
1800 649 5559 0 63 0 0 0 0 0 
1900 661 5743 0 107 0 0 0 0 0 
2000 677 5919 1 82 0 0 0 0 0 
2100 654 6112 1 76 0 0 0 0 0 
2200 705 6355 1 69 0 0 0 0 0 
2300 800 6616 1 86 0 0 0 0 0 
2400 1074 6840 2 77 0 0 0 0 0 
2500 1957 7141 1 105 0 2 0 0 0 
2600 3470 8148 1 131 4 2 0 0 0 
2700 2994 8765 1 168 0 4 0 0 0 
2800 2437 9069 1 190 1 6 0 0 0 
2900 1944 9372 1 202 2 4 0 0 0 
3000 1707 9626 1 254 0 5 0 0 0 
3100 1801 10496 1 417 0 5 0 0 0 
3200 1782 11306 1 325 0 5 0 0 0 
3300 1765 11748 1 323 0 5 0 0 0 
3400 1998 12488 1 344 0 5 0 0 0 
3500 1729 12599 1 469 0 5 0 0 0 
3600 1704 12670 1 452 0 5 0 0 0 
3700 1699 12658 1 380 0 5 0 0 0 
3800 1700 12893 1 398 0 5 0 0 0 
3900 1675 13655 1 427 0 5 0 0 0 
4000 1544 13656 1 434 0 3 0 0 0 
4100 1485 13642 1 441 0 4 0 0 0 
4200 1459 13629 1 437 0 3 0 0 0 
