# Avida tasks data
# Wed Apr 19 03:45:26 2023
# First column gives the current update, next columns give the number
# of organisms that have the particular task as a component of their merit
#  1: Update
#  2: Not
#  3: Nand
#  4: And
#  5: OrNot
#  6: Or
#  7: AndNot
#  8: Nor
#  9: Xor
# 10: Equals

0 0 0 0 0 0 0 0 0 0 
100 0 0 0 0 0 0 0 0 0 
200 0 0 0 0 0 0 0 0 0 
300 0 0 0 0 0 0 0 0 0 
400 0 0 0 0 0 0 0 0 0 
500 0 0 0 0 0 0 0 0 0 
600 0 0 0 0 0 0 0 0 0 
700 0 0 0 0 0 0 0 0 0 
800 0 0 0 0 0 0 0 0 0 
900 0 0 0 0 0 0 0 0 0 
1000 0 9 0 0 0 0 0 0 0 
1100 12 166 0 80 0 0 0 0 0 
1200 627 2278 0 2277 18 0 0 0 0 
1300 3121 4439 0 4636 270 1 0 0 0 
1400 4804 5288 0 6150 1459 6 2 0 0 
1500 4574 5599 41 6434 3046 1744 37 0 0 
1600 5949 6096 68 7024 4369 3362 32 0 0 
1700 7282 6786 88 7779 5551 4703 30 0 0 
1800 8210 7331 102 8378 6719 5891 28 0 0 
1900 9134 7934 111 9008 7751 6932 32 0 0 
2000 10123 8661 149 9878 8906 8099 31 0 0 
2100 11036 9432 161 10641 9868 9050 33 0 0 
2200 11916 10053 159 11322 10603 9743 33 0 0 
2300 12473 10435 162 11750 11060 10156 33 0 0 
2400 12809 10799 278 12088 11491 10453 41 0 0 
2500 13077 11178 929 12377 11689 10794 24 0 0 
2600 13243 11535 1912 12641 11893 11071 19 0 0 
2700 13408 11559 2735 12659 11973 11080 41 0 0 
2800 13389 11738 3519 12810 11943 11144 29 0 0 
2900 13442 11851 4382 12914 12127 11254 25 0 0 
3000 13386 12061 5056 12992 12134 11270 52 0 0 
3100 13302 11990 5800 12954 12073 11274 113 0 0 
3200 13357 12095 6578 13005 12108 11250 247 0 0 
3300 13343 12113 7230 13045 12214 11310 363 0 0 
3400 13361 12158 7885 13098 12170 11392 456 1 1 
3500 13380 12244 8547 13110 12186 11510 603 0 0 
3600 13344 12348 9031 13201 12188 11417 675 0 0 
3700 13334 12352 9662 13246 12220 11547 805 0 48 
3800 13399 12303 9763 13300 12245 11554 836 0 1144 
3900 13362 12265 10071 13269 12181 11545 877 3 2182 
4000 13411 12314 10404 13320 12235 11618 896 1 3083 
4100 13376 12227 10466 13367 12271 11581 871 0 3873 
4200 13386 12223 10632 13380 12255 11645 807 5 4529 
4300 13388 12299 10749 13424 12279 11626 713 6 5340 
4400 13431 12230 10858 13508 12362 11732 602 1 6152 
4500 13421 12185 10823 13517 12360 11683 523 6 6730 
4600 13431 12108 10799 13472 12307 11660 402 6 7093 
4700 13467 12108 10935 13553 12427 11788 306 0 7785 
4800 13490 12161 10999 13560 12386 11716 243 0 8296 
4900 13435 12112 10994 13589 12335 11754 213 8 8663 
5000 13423 12177 11100 13537 12430 11749 184 8 8982 
5100 13454 12174 11070 13578 12378 11777 226 6 9096 
5200 13450 12120 11030 13608 12388 11704 226 0 9269 
5300 13458 12171 11109 13603 12438 11820 261 6 9551 
5400 13478 12189 11046 13599 12390 11776 221 7 9778 
5500 13477 12182 11120 13664 12437 11772 202 1 9851 
5600 13478 12041 11006 13547 12374 11694 235 0 9737 
5700 13436 12086 11015 13560 12399 11730 242 5 9886 
5800 13435 12148 11093 13574 12391 11722 238 3 9891 
5900 13413 12200 11161 13554 12406 11853 212 6 9986 
6000 13353 12020 11075 13510 12314 11743 237 10 9834 
6100 13463 12139 11129 13556 12361 11785 196 7 9935 
6200 13429 12214 11167 13565 12397 11790 267 5 9885 
6300 13375 12107 10982 13541 12387 11656 271 4 9700 
6400 13390 12095 11103 13553 12337 11738 200 4 9810 
6500 13436 12161 11123 13584 12468 11833 240 6 9824 
6600 13458 12108 11082 13501 12349 11754 234 9 9746 
6700 13399 12128 11128 13597 12287 11807 242 1 9833 
6800 13524 12229 11159 13594 12459 11777 230 4 9910 
6900 13441 12202 11226 13545 12414 11853 230 0 9932 
7000 13448 12153 11105 13530 12318 11674 234 4 9792 
7100 13497 12120 11114 13579 12314 11772 212 1 9847 
7200 13451 12153 11236 13570 12350 11825 212 0 9855 
7300 13420 12155 11246 13514 12307 11800 219 4 9907 
7400 13428 12166 11157 13559 12318 11743 243 5 9721 
7500 13438 12091 11107 13566 12342 11740 211 4 9879 
7600 13470 12131 11186 13567 12317 11696 220 2 9918 
7700 13410 12139 11226 13552 12282 11757 229 4 9923 
7800 13486 12209 11193 13605 12401 11819 222 6 9886 
7900 13476 12235 11263 13550 12396 11808 249 0 9832 
8000 13506 12125 11259 13542 12463 11826 265 4 9952 
8100 13424 12184 11213 13552 12454 11802 193 2 10029 
8200 13536 12235 11301 13559 12437 11836 199 4 9941 
8300 13457 12107 11248 13559 12291 11795 244 3 9900 
8400 13421 12191 11293 13544 12357 11905 217 4 9973 
8500 13397 12126 11123 13505 12256 11669 244 2 9763 
8600 13406 12155 11130 13513 12325 11728 218 3 9775 
8700 13477 12134 11209 13558 12374 11747 237 10 9929 
8800 13483 12188 11273 13553 12318 11797 222 9 9909 
8900 13468 12125 11141 13506 12284 11722 255 8 9840 
9000 13519 12158 11214 13533 12328 11755 238 8 9889 
9100 13493 12176 11209 13535 12293 11688 230 2 9893 
9200 13456 12201 11271 13547 12372 11810 208 4 10037 
9300 13401 12202 11171 13545 12299 11706 232 5 9870 
9400 13452 12200 11281 13548 12334 11783 211 6 10031 
9500 13472 12199 11326 13614 12407 11823 201 9 10068 
9600 13455 12053 11164 13522 12301 11686 234 5 9915 
9700 13494 12125 11299 13558 12388 11868 220 8 9974 
9800 13464 12210 11320 13570 12319 11885 226 8 9902 
9900 13471 12258 11333 13566 12415 11832 208 1 9988 
10000 13465 12145 11257 13522 12330 11796 218 15 9953 
