# Avida tasks data
# Wed Apr 19 10:54:56 2023
# First column gives the current update, next columns give the number
# of organisms that have the particular task as a component of their merit
#  1: Update
#  2: Not
#  3: Nand
#  4: And
#  5: OrNot
#  6: Or
#  7: AndNot
#  8: Nor
#  9: Xor
# 10: Equals

0 0 0 0 0 0 0 0 0 0 
100 0 0 0 0 0 0 0 0 0 
200 0 0 0 0 0 0 0 0 0 
300 0 0 0 0 0 0 0 0 0 
400 0 0 0 0 0 0 0 0 0 
500 0 0 0 0 0 0 0 0 0 
600 890 0 0 0 0 0 0 0 0 
700 3191 0 0 0 0 0 0 0 0 
800 5448 1394 0 0 0 0 0 0 0 
900 7863 4227 0 1 0 0 0 0 0 
1000 9892 6756 0 5 0 0 0 0 0 
1100 10946 8327 0 5 0 0 0 0 0 
1200 11547 9452 0 43 0 0 0 0 0 
1300 11772 10411 2 691 0 0 0 0 0 
1400 12108 11115 8 2316 0 446 0 0 0 
1500 12179 11881 139 4322 2 2683 0 0 0 
1600 12309 12329 172 6256 325 4611 0 0 0 
1700 12336 12380 178 7132 2479 6077 1 0 0 
1800 12536 12468 92 8158 4227 7412 2 0 0 
1900 12718 12592 25 9078 5673 8717 4 0 0 
2000 12723 12513 10 9897 7165 9966 5 2 0 
2100 12717 12523 8 10625 8410 11023 3 0 0 
2200 12778 12504 11 11054 9290 11695 9 0 0 
2300 12792 12489 7 11406 10030 12139 10 2 0 
2400 12775 12480 9 11620 10444 12492 17 0 0 
2500 12729 12444 16 11874 10856 12740 11 2 0 
2600 12721 12356 9 11964 10981 12974 16 1 0 
2700 12761 12465 12 12140 11344 13092 4 0 0 
2800 12750 12469 5 12227 11557 13279 6 0 0 
2900 12727 12466 9 12262 11589 13476 10 0 0 
3000 12828 12366 9 12233 11590 13463 6 0 0 
3100 12721 12524 11 12357 11676 13528 10 0 0 
3200 12885 12453 3 12340 11639 13531 12 0 0 
3300 12724 12423 6 12278 11636 13517 10 1 0 
3400 12782 12520 15 12326 11698 13489 12 2 0 
3500 12722 12478 10 12278 11692 13533 9 0 0 
3600 12833 12589 8 12407 11820 13555 11 0 0 
3700 12798 12673 14 12397 11856 13564 9 0 0 
3800 12845 12558 3 12363 11814 13535 10 1 0 
3900 12802 12530 12 12333 11785 13491 15 0 0 
4000 12856 12610 8 12388 11820 13542 20 0 0 
4100 12753 12626 12 12418 11803 13567 26 0 0 
4200 12814 12566 8 12337 11740 13503 78 0 0 
4300 12821 12582 7 12372 11782 13572 155 0 0 
4400 12760 12638 10 12437 11831 13523 224 0 0 
4500 12854 12571 11 12369 11797 13550 344 0 0 
4600 12853 12565 9 12322 11743 13537 401 0 0 
4700 12941 12634 8 12434 11883 13590 552 0 0 
4800 12944 12622 22 12436 11762 13560 683 0 0 
4900 12915 12530 14 12302 11753 13556 817 0 0 
5000 12860 12597 21 12364 11796 13598 864 0 0 
5100 12810 12521 109 12312 11776 13547 901 0 0 
5200 12894 12583 256 12391 11683 13577 1014 0 0 
5300 12848 12582 501 12361 11733 13571 972 1 0 
5400 12924 12579 980 12459 11847 13567 862 0 0 
5500 12937 12541 1727 12367 11776 13543 613 0 0 
5600 12967 12551 2553 12439 11771 13595 430 0 0 
5700 12939 12457 3213 12402 11805 13575 307 1 1 
5800 12874 12397 4077 12454 11762 13583 203 7 7 
5900 12838 12345 4690 12427 11689 13611 171 3 300 
6000 12868 11951 5049 12387 11633 13613 166 2 2410 
6100 12779 11719 5703 12434 11681 13620 155 3 4049 
6200 12744 11391 6561 12455 11654 13665 159 5 5494 
6300 12777 11383 7410 12524 11749 13725 136 5 6731 
6400 12690 11087 7955 12408 11702 13681 158 13 7874 
6500 12722 11008 8520 12507 11719 13759 123 20 8793 
6600 12717 11022 9001 12510 11666 13710 151 24 9454 
6700 12691 10948 9434 12518 11702 13707 164 33 10017 
6800 12721 11048 9772 12643 11817 13730 160 31 10557 
6900 12719 10945 10017 12557 11715 13695 169 36 10732 
7000 12710 10993 10137 12500 11699 13653 170 57 10748 
7100 12782 10933 10132 12533 11666 13677 148 54 10797 
7200 12715 10863 9903 12432 11608 13524 180 92 10720 
7300 12649 11247 9432 12441 11620 12492 148 16 10818 
7400 12675 11690 7726 12370 11554 10224 119 18 10738 
7500 12640 12018 6495 12360 11560 9146 101 12 10702 
7600 12661 12325 5486 12333 11202 9499 87 17 10734 
7700 12655 12548 4785 12181 10080 9649 83 18 10642 
7800 12611 12704 4438 12163 8977 9948 83 22 10686 
7900 12494 12756 4240 12246 8350 10131 92 18 10762 
8000 12208 12691 4242 12188 8366 9986 93 18 10674 
8100 12112 12701 4242 12205 8359 10035 90 18 10690 
8200 12085 12716 4241 12195 8347 9902 91 17 10681 
8300 12104 12510 4240 12191 8352 9763 89 15 10678 
8400 12049 12457 4239 12204 8349 9676 92 17 10688 
