# Avida tasks data
# Wed Apr 19 02:32:48 2023
# First column gives the current update, next columns give the number
# of organisms that have the particular task as a component of their merit
#  1: Update
#  2: Not
#  3: Nand
#  4: And
#  5: OrNot
#  6: Or
#  7: AndNot
#  8: Nor
#  9: Xor
# 10: Equals

0 0 0 0 0 0 0 0 0 0 
100 0 0 0 0 0 0 0 0 0 
200 0 0 0 0 0 0 0 0 0 
300 0 0 0 0 0 0 0 0 0 
400 0 0 0 0 0 0 0 0 0 
500 0 0 0 0 0 0 0 0 0 
600 0 0 0 0 0 0 0 0 0 
700 137 2 0 0 0 0 0 0 0 
800 672 3 0 1 0 0 0 0 0 
900 1592 4 0 0 0 0 0 0 0 
1000 2748 701 0 5 67 0 0 0 0 
1100 3839 2125 0 276 85 0 0 0 0 
1200 5304 3555 0 1590 365 0 0 0 0 
1300 6225 4517 3 2806 2199 0 9 0 0 
1400 6971 5536 6 4061 3357 1619 2028 0 0 
1500 7974 6755 39 5243 4561 3386 3639 0 0 
1600 9202 8230 309 6840 6216 5267 5523 0 0 
1700 10237 9392 1081 8223 7711 6961 7259 0 0 
1800 10884 10340 1754 9215 8866 8053 8512 0 0 
1900 11603 11066 2216 10117 9657 8991 9331 0 0 
2000 12313 11927 2905 11066 10581 9816 10177 0 0 
2100 12873 12602 3476 11888 11384 10439 11024 0 0 
2200 13398 13232 4128 12494 12010 11085 11556 0 0 
2300 13485 13426 4499 12695 12237 11235 11827 0 0 
2400 13638 13487 5145 12920 12397 11489 11998 0 0 
2500 13643 13521 5788 12966 12380 11565 12018 0 0 
2600 13704 13574 6229 13116 12537 11624 12130 0 0 
2700 13614 13576 6799 12982 12441 11627 12001 0 0 
2800 13641 13604 7126 12991 12421 11568 12021 0 0 
2900 13633 13606 7389 13050 12452 11536 12059 0 0 
3000 13617 13617 7915 13135 12551 11805 12163 0 0 
3100 13592 13629 8264 12997 12458 11653 12018 0 0 
3200 13582 13573 8515 13048 12460 11648 12080 0 0 
3300 13647 13565 8960 13084 12498 11686 12112 0 0 
3400 13682 13494 9340 13001 12387 11639 12029 0 0 
3500 13710 13554 9649 13022 12407 11690 12040 0 0 
3600 13652 13543 9827 12936 12383 11589 11978 0 0 
3700 13675 13588 10162 13049 12408 11756 12010 0 0 
3800 13593 13483 10201 13025 12391 11625 11956 0 0 
3900 13654 13577 10445 13054 12504 11709 12072 0 0 
4000 13637 13515 10431 13039 12312 11645 11943 0 0 
4100 13594 13599 10699 13086 12476 11773 12072 0 0 
4200 13599 13582 10547 13057 12458 11636 12047 0 0 
4300 13663 13583 10682 13043 12445 11710 12102 0 0 
4400 13706 13629 10680 12998 12444 11673 12018 0 0 
4500 13626 13662 10670 13029 12516 11720 12075 0 0 
4600 13659 13627 10827 12998 12442 11684 12046 0 5 
4700 13689 13640 10909 13082 12511 11748 12173 0 0 
4800 13630 13520 10862 13056 12410 11672 12009 0 0 
4900 13676 13608 10931 13069 12459 11829 12103 0 0 
5000 13631 13579 10785 13025 12477 11639 12063 0 0 
5100 13680 13576 10864 13030 12482 11718 12060 0 0 
5200 13701 13592 10914 13090 12433 11845 12051 0 0 
5300 13689 13662 10933 13073 12496 11853 12155 0 0 
5400 13753 13643 10982 13092 12578 11824 12170 0 0 
5500 13695 13632 11005 13120 12481 11779 12086 0 2 
5600 13683 13613 10978 13156 12512 11811 12188 0 0 
5700 13640 13593 10899 13085 12488 11802 12130 0 2 
5800 13648 13582 11128 13068 12466 11892 12064 0 0 
5900 13648 13576 10868 13022 12417 11786 12045 0 0 
6000 13676 13670 10916 13039 12508 11787 12114 0 0 
6100 13704 13640 11014 13170 12512 11860 12138 0 0 
6200 13737 13670 11095 13181 12595 12037 12162 0 7 
6300 13732 13634 11170 13147 12555 11999 12167 0 0 
6400 13688 13591 10976 13143 12596 11874 12219 0 0 
6500 13643 13654 10857 13089 12404 11872 12030 0 0 
6600 13772 13637 11082 13130 12579 11922 12205 0 3 
6700 13757 13643 10967 13106 12599 11845 12035 0 108 
6800 13699 13698 11025 13122 12624 11885 11745 5 450 
6900 13697 13640 11030 13135 12522 11877 11108 14 919 
7000 13767 13633 10926 13194 12568 11979 10379 16 1612 
7100 13705 13616 10911 13216 12583 11950 9778 26 2165 
7200 13682 13698 10906 13208 12643 11989 8909 33 3012 
7300 13649 13626 10929 13168 12523 12031 7995 37 3799 
7400 13606 13602 10873 13206 12537 12031 7181 47 4489 
7500 13623 13608 10806 13180 12540 12006 6266 69 5311 
7600 13637 13634 10831 13179 12546 12114 5446 84 6161 
7700 13662 13539 10721 13137 12579 12097 4758 60 6827 
7800 13559 13512 10371 13168 12491 12088 4465 102 7274 
7900 13671 13579 10034 13145 12534 12089 4483 72 7927 
8000 13615 13596 10038 13187 12495 12011 4774 99 8294 
8100 13626 13554 10053 13189 12545 11922 5302 93 8771 
8200 13589 13557 9973 13194 12589 11830 5926 112 8989 
8300 13614 13612 9878 13219 12583 11735 6790 92 9251 
8400 13609 13540 9786 13215 12675 11739 7461 95 9597 
8500 13640 13530 9887 13189 12636 11687 8064 106 9677 
8600 13580 13586 9868 13169 12697 11606 8587 100 9869 
8700 13567 13578 10011 13196 12753 11690 9061 118 10138 
8800 13663 13604 10039 13244 12805 11648 9492 104 10287 
8900 13602 13570 10020 13212 12740 11558 9821 95 10204 
9000 13694 13621 10209 13237 12874 11678 10316 84 10463 
9100 13678 13567 9949 13186 12800 11551 10437 110 10498 
9200 13666 13584 10139 13296 12828 11583 10715 115 10700 
9300 13642 13547 9989 13245 12858 11468 10857 93 10525 
9400 13655 13518 9913 13239 12790 11438 10909 113 10549 
9500 13672 13539 10215 13282 12836 11444 11116 109 10653 
9600 13660 13590 10336 13304 12918 11490 11361 88 10775 
9700 13700 13618 10277 13320 12855 11338 11340 100 10655 
9800 13633 13604 10195 13261 12829 11328 11289 110 10663 
9900 13663 13627 10214 13239 12846 11301 11256 125 10590 
10000 13676 13614 10224 13183 12869 11253 11346 111 10649 
