# Avida tasks data
# Wed Apr 19 01:29:16 2023
# First column gives the current update, next columns give the number
# of organisms that have the particular task as a component of their merit
#  1: Update
#  2: Not
#  3: Nand
#  4: And
#  5: OrNot
#  6: Or
#  7: AndNot
#  8: Nor
#  9: Xor
# 10: Equals

0 0 0 0 0 0 0 0 0 0 
100 0 0 0 0 0 0 0 0 0 
200 0 0 0 0 0 0 0 0 0 
300 0 0 0 0 0 0 0 0 0 
400 2 0 0 0 0 0 0 0 0 
500 0 0 0 0 0 0 0 0 0 
600 5 0 0 0 0 0 0 0 0 
700 0 0 0 0 0 0 0 0 0 
800 17 0 0 0 0 0 0 0 0 
900 40 0 0 0 0 0 0 0 0 
1000 75 28 0 0 0 0 0 0 0 
1100 138 124 0 0 0 0 0 0 0 
1200 213 151 0 97 0 0 0 0 0 
1300 1131 1064 1849 2585 0 24 0 0 0 
1400 2974 3230 3514 4381 2 86 0 0 31 
1500 4281 4880 4460 5776 1 98 0 0 328 
1600 5864 6441 4954 7104 0 95 0 0 993 
1700 7539 8159 5375 8703 1 134 1 0 1970 
1800 8820 9436 5965 9637 0 126 0 0 3010 
1900 9727 10255 7044 10232 490 180 2 2 4285 
2000 10033 10386 7719 10396 2299 177 4 1332 4594 
2100 10547 10808 8630 10767 3713 205 5 2946 5088 
2200 11122 11269 9335 11102 4823 215 5 4342 5570 
2300 11562 11678 10095 11527 5808 252 3 5447 6204 
2400 12108 12124 10692 11876 6803 264 1 6422 7020 
2500 12537 12573 10924 12219 7571 282 0 7288 7845 
2600 12837 12940 11341 12579 8512 303 0 8169 8772 
2700 12894 12955 11359 12626 8868 302 2 8582 9151 
2800 12964 13044 11477 12730 9400 312 2 9124 9612 
2900 12977 12986 11480 12641 9685 296 1 9359 9875 
3000 13031 13075 11454 12660 9856 295 3 9715 10224 
3100 13087 13022 11481 12612 9999 302 4 10009 10454 
3200 13139 13022 11322 12568 10139 383 5 10079 10582 
3300 13032 13083 11493 12675 10331 325 6 10233 10769 
3400 13061 13128 11541 12642 10431 320 4 10319 10753 
3500 13027 13195 11569 12731 10459 345 2 10362 10799 
3600 13136 13117 11332 12570 10326 356 1 10230 10703 
3700 13233 13140 11414 12612 10369 294 0 10190 10661 
3800 13137 13129 11543 12617 10467 294 1 10375 10840 
3900 13250 13077 11540 12655 10481 315 6 10285 10742 
4000 13201 13156 11571 12720 10486 299 2 10357 10816 
4100 13067 13200 11523 12759 10529 325 3 10468 10951 
4200 13112 13087 11460 12660 10398 364 7 10223 10717 
4300 13058 13058 11597 12703 10414 338 7 10304 10864 
4400 13146 13070 11394 12606 10313 426 5 10424 10789 
4500 13223 13127 11564 12774 10486 384 6 10523 10931 
4600 13250 13131 11504 12646 10333 377 0 10365 10728 
4700 13151 13060 11620 12685 10401 427 3 10389 10779 
4800 13168 13118 11497 12697 10495 373 0 10374 10880 
4900 13123 13247 11591 12776 10532 374 2 10549 10949 
5000 13160 13164 11545 12652 10542 357 3 10467 10920 
5100 13166 13175 11578 12732 10572 305 9 10484 10881 
5200 13154 13103 11648 12711 10686 307 6 10537 10980 
5300 13113 13057 11600 12740 10621 302 1 10536 10881 
5400 13077 13101 11543 12699 10559 366 3 10388 10858 
5500 13154 13120 11625 12771 10576 332 3 10461 10917 
5600 13281 13165 11709 12865 10783 345 7 10764 11085 
5700 13179 13170 11660 12776 10672 406 9 10538 10942 
5800 13119 13183 11699 12791 10668 345 6 10619 10942 
5900 13152 13147 11672 12804 10695 351 6 10686 11005 
6000 13135 13096 11757 12815 10718 323 2 10716 11040 
6100 13123 13203 11689 12850 10714 376 7 10722 11084 
6200 13075 13176 11760 12845 10733 364 5 10708 11071 
6300 13196 13208 11778 12841 10767 383 2 10757 11106 
6400 13213 13225 11767 12860 10852 297 7 10637 11023 
6500 13268 13211 11756 12828 10867 288 5 10752 11118 
6600 13196 13276 11803 12911 10954 272 7 10798 11150 
6700 13199 13065 11733 12808 10836 280 4 10733 11068 
6800 13256 13247 11758 12955 10855 250 5 10861 11197 
6900 13264 13269 11805 12952 10935 327 4 10871 11230 
7000 13196 13279 11828 12956 10906 287 6 10793 11220 
7100 13136 13331 11901 12934 11075 273 1 11000 11317 
7200 13206 13335 11912 12942 10981 304 4 10937 11218 
7300 13128 13300 11836 12804 10721 409 4 10753 11128 
7400 13111 13326 11703 12814 10720 495 4 10784 11107 
7500 13136 13306 11869 12934 10863 451 9 10974 11262 
7600 13114 13219 11862 12946 10774 526 3 10984 11284 
7700 13193 13162 11873 12903 10694 538 3 10904 11187 
7800 13166 13150 11763 12805 10630 514 4 10723 11107 
7900 13125 13185 11854 12962 10700 485 13 10796 11197 
8000 13249 13213 11787 12863 10643 566 2 10834 11151 
8100 13286 13158 11756 12886 10703 528 2 10832 11236 
8200 13269 13249 11828 12878 10772 504 5 10891 11252 
8300 13106 13209 11833 12877 10707 492 2 10889 11202 
8400 13120 13253 11873 12913 10777 503 1 10861 11240 
8500 13108 13217 11859 12904 10796 523 7 10892 11221 
8600 13099 13130 11789 12939 10650 525 3 10807 11210 
8700 13113 13144 11888 12883 10617 592 8 10871 11267 
8800 13213 13169 11950 12915 10851 492 6 10873 11348 
8900 13208 13144 11812 12892 10733 467 5 10856 11240 
9000 13158 13203 11857 12917 10669 487 4 10794 11215 
9100 13285 13265 11913 12881 10761 469 2 10824 11149 
9200 13220 13363 11860 12913 10844 459 5 10831 11295 
9300 13185 13211 11886 12864 10774 445 4 10859 11244 
9400 13123 13264 12005 12896 10792 542 6 10960 11372 
9500 13123 13270 11952 12932 10794 478 5 10923 11279 
9600 13145 13263 11742 12849 10625 527 10 10853 11272 
9700 13191 13200 11931 12964 10810 513 3 10997 11411 
9800 13214 13267 11847 12949 10762 525 2 10878 11307 
9900 13106 13205 11835 12854 10657 496 5 10813 11225 
10000 13118 13196 11878 12957 10717 527 8 10898 11359 
