# Avida tasks data
# Wed Apr 19 05:17:38 2023
# First column gives the current update, next columns give the number
# of organisms that have the particular task as a component of their merit
#  1: Update
#  2: Not
#  3: Nand
#  4: And
#  5: OrNot
#  6: Or
#  7: AndNot
#  8: Nor
#  9: Xor
# 10: Equals

0 0 0 0 0 0 0 0 0 0 
100 0 0 0 0 0 0 0 0 0 
200 0 0 0 0 0 0 0 0 0 
300 0 0 0 0 0 0 0 0 0 
400 0 0 0 0 0 0 0 0 0 
500 459 1 0 0 0 0 0 0 0 
600 1585 50 0 0 0 0 0 0 0 
700 2691 103 0 680 2 0 0 0 0 
800 3358 520 0 1523 61 0 0 0 0 
900 4092 1665 0 2620 85 0 0 0 0 
1000 4656 2844 0 3725 76 0 0 0 0 
1100 5444 4402 3 5250 108 0 1 0 0 
1200 6410 6180 0 6919 101 7 0 0 0 
1300 7467 7964 0 8791 243 30 0 0 0 
1400 8446 9281 8 10347 540 79 0 0 0 
1500 9452 10021 24 11529 1162 137 0 0 0 
1600 9944 10153 12 12161 1731 187 0 0 0 
1700 10248 9823 41 12247 2350 195 2 0 0 
1800 10624 9909 232 12496 2965 114 2 0 0 
1900 10828 10449 813 12647 3152 17 0 0 0 
2000 11026 10910 1348 12736 3167 12 1 0 0 
2100 11181 11385 1885 12718 2979 17 0 0 0 
2200 11224 11710 2369 12721 2986 16 0 0 0 
2300 11432 11886 2824 12765 3028 32 0 0 0 
2400 11488 12155 3414 12888 3048 33 0 0 0 
2500 11627 12364 4025 12911 2974 45 0 0 0 
2600 11901 12601 4718 12987 2973 72 0 0 0 
2700 12054 12613 5236 13079 3028 141 1 0 0 
2800 12169 12572 5868 13033 2965 240 0 0 0 
2900 12353 12611 6530 13071 2963 274 0 0 0 
3000 12235 12495 7124 13028 2827 432 1 0 0 
3100 12394 12615 7667 13113 2668 604 0 0 0 
3200 12442 12880 8094 13214 2553 1200 0 0 0 
3300 12520 12939 8467 13186 2405 2080 2 0 0 
3400 12540 12951 8846 13230 2235 3140 1 0 0 
3500 12634 12902 9128 13255 1975 4135 1 0 0 
3600 12663 12887 9592 13296 1712 5139 1 0 0 
3700 12643 12890 10005 13326 1389 6160 0 0 0 
3800 12659 12893 10411 13380 1061 7047 0 0 0 
3900 12682 12906 10704 13377 814 7919 0 0 0 
4000 12691 12945 11014 13470 635 8781 0 0 0 
4100 12719 12952 11231 13379 485 9476 0 0 0 
4200 12721 13021 11549 13463 341 10141 0 0 0 
4300 12725 13072 11891 13500 238 10727 0 0 0 
4400 12801 13152 12056 13518 130 11099 0 0 0 
4500 12828 13120 12159 13496 74 11421 2 0 0 
4600 12916 13123 12343 13558 46 11777 0 0 0 
4700 12896 13148 12443 13527 39 11945 0 0 0 
4800 12891 13131 12632 13551 17 12262 0 0 0 
4900 13010 13176 12758 13568 15 12427 0 0 0 
5000 13035 13267 12893 13602 8 12547 0 0 0 
5100 13027 13224 12924 13581 13 12593 0 0 0 
5200 13045 13151 12926 13549 11 12613 0 0 0 
5300 13039 13231 13030 13669 17 12731 0 0 0 
5400 13084 13199 13010 13617 8 12739 0 0 0 
5500 12992 13266 13022 13611 17 12713 1 0 0 
5600 13072 13171 13017 13547 9 12655 0 0 0 
5700 13145 13155 12936 13565 16 12699 0 0 0 
5800 13020 13275 12999 13641 23 12618 2 0 0 
5900 13089 13231 12973 13578 3 12669 0 0 0 
6000 13015 13287 12952 13622 10 12759 0 0 0 
6100 12999 13329 13068 13658 21 12784 1 0 0 
6200 13103 13196 13030 13602 9 12678 2 0 0 
6300 13044 13249 12965 13613 8 12646 4 0 0 
6400 13092 13189 12931 13631 16 12642 0 0 0 
6500 13072 13291 13042 13628 22 12684 1 0 0 
6600 13087 13253 13081 13664 10 12746 0 0 0 
6700 13098 13233 13050 13604 19 12720 0 0 0 
6800 13044 13198 12968 13569 28 12594 1 0 0 
6900 13139 13220 13072 13650 33 12747 0 0 0 
7000 13111 13216 13010 13612 51 12649 3 0 0 
7100 13082 13269 13093 13715 41 12721 0 0 0 
7200 13088 13239 13007 13604 36 12703 0 0 0 
7300 13165 13335 13087 13671 26 12718 2 0 0 
7400 13146 13283 13069 13647 27 12692 1 0 0 
7500 13135 13234 13006 13583 18 12696 1 0 0 
7600 13080 13154 12938 13575 33 12685 0 0 0 
7700 13131 13197 12966 13596 32 12720 0 0 0 
7800 13166 13287 13020 13637 42 12696 5 0 0 
7900 13164 13202 12996 13639 80 12718 2 0 0 
8000 13041 13169 13077 13646 139 12711 2 0 0 
8100 13121 13073 12934 13587 146 12694 0 0 0 
8200 13149 13006 12961 13574 224 12620 1 0 0 
8300 13123 12912 12929 13522 330 12631 0 0 0 
8400 13246 12730 12980 13568 521 12728 0 0 0 
8500 13247 12588 12973 13565 712 12747 2 0 0 
8600 13207 12340 12884 13431 847 12629 0 0 0 
8700 13226 12136 12913 13454 1090 12747 2 0 0 
8800 13181 11867 12841 13447 1297 12688 1 0 0 
8900 13171 11594 12800 13405 1548 12587 6 0 0 
9000 13134 11503 12836 13373 1849 12653 3 0 0 
9100 13252 11418 12834 13384 2409 12695 10 0 0 
9200 13292 11564 12761 13350 3081 12703 3 0 0 
9300 13247 11715 12640 13261 3799 12602 61 0 0 
9400 13257 11907 12558 13182 4451 12555 154 0 0 
9500 13234 12151 12482 13150 5174 12487 327 0 0 
9600 13250 12309 12284 13015 5860 12397 495 0 0 
9700 13331 12472 12233 13007 6553 12436 675 0 0 
9800 13328 12684 12356 13063 7142 12496 940 0 0 
9900 13298 12760 12359 13064 7714 12549 1125 0 0 
10000 13370 12929 12247 12960 8279 12480 1347 0 0 
