# Avida tasks data
# Tue Apr 18 21:36:55 2023
# First column gives the current update, next columns give the number
# of organisms that have the particular task as a component of their merit
#  1: Update
#  2: Not
#  3: Nand
#  4: And
#  5: OrNot
#  6: Or
#  7: AndNot
#  8: Nor
#  9: Xor
# 10: Equals

0 0 0 0 0 0 0 0 0 0 
100 0 0 0 0 0 0 0 0 0 
200 0 0 0 0 0 0 0 0 0 
300 0 0 0 0 0 0 0 0 0 
400 0 4 0 0 0 0 0 0 0 
500 3 173 0 0 0 0 0 0 0 
600 6 651 0 0 0 0 0 0 0 
700 401 1584 0 101 0 0 0 0 0 
800 1247 1818 0 2852 1220 12 0 0 0 
900 1199 1757 0 3808 2285 585 246 0 0 
1000 1054 1531 0 4733 3464 598 724 0 0 
1100 690 1344 0 5028 4130 600 724 0 0 
1200 679 1328 0 6514 5693 647 725 0 0 
1300 1039 1353 0 7741 6813 707 714 0 0 
1400 1255 1389 0 8115 7096 757 701 0 0 
1500 1575 1411 0 8422 7349 759 702 0 0 
1600 1592 1383 0 8433 7357 765 703 0 0 
1700 1592 1383 0 8434 7355 765 703 0 0 
1800 1592 1383 0 8434 7355 765 703 0 0 
1900 1592 1383 0 8434 7355 765 703 0 0 
2000 1592 1383 0 8434 7355 765 703 0 0 
2100 1592 1383 0 8434 7355 765 703 0 0 
2200 1592 1383 0 8434 7355 765 703 0 0 
2300 1592 1383 0 8434 7355 765 703 0 0 
2400 1592 1383 0 8434 7355 765 703 0 0 
2500 1592 1383 0 8434 7355 765 703 0 0 
2600 1592 1383 0 8434 7355 765 703 0 0 
2700 1592 1383 0 8434 7355 765 703 0 0 
2800 1592 1383 0 8434 7355 765 703 0 0 
2900 1592 1383 0 8434 7355 765 703 0 0 
3000 1592 1383 0 8434 7355 765 703 0 0 
3100 1592 1383 0 8434 7355 765 703 0 0 
3200 1592 1383 0 8435 7356 765 703 0 0 
3300 1592 1383 0 8434 7355 765 703 0 0 
3400 1592 1383 0 8435 7356 765 703 0 0 
3500 1592 1383 0 8435 7356 765 703 0 0 
3600 1592 1383 0 8435 7356 765 703 0 0 
3700 1582 1365 0 8469 7396 762 702 0 0 
3800 1616 1091 0 8732 7644 763 703 0 0 
3900 1655 896 0 9106 7980 763 703 0 0 
4000 1681 851 0 9136 8013 775 703 0 0 
4100 1681 850 0 9136 8016 775 703 0 0 
4200 1680 848 0 9135 8015 775 703 0 0 
4300 1679 848 0 9135 8012 778 703 0 0 
4400 1679 848 0 9131 8009 777 703 0 0 
4500 1679 848 0 9131 8009 777 703 0 0 
4600 1678 848 0 9133 8011 777 703 0 0 
4700 1674 734 0 9367 8256 781 703 0 0 
4800 1660 714 0 9429 8331 774 703 0 0 
4900 1686 658 0 9519 8413 762 703 0 0 
5000 1703 515 0 9663 8560 753 703 0 0 
5100 1719 474 0 9686 8592 752 703 0 0 
5200 1652 482 0 9682 8594 720 703 0 0 
5300 1616 461 0 9722 8675 693 703 0 0 
5400 1603 460 0 9730 8687 693 703 0 0 
5500 1586 584 0 9734 8698 693 703 0 0 
5600 1600 1030 0 9730 8693 693 705 0 0 
5700 1608 1432 0 9787 8731 702 703 0 0 
5800 1618 1950 0 9813 8767 693 703 0 0 
5900 1667 2312 0 9846 8785 695 704 0 0 
6000 1667 2641 0 9849 8806 696 702 0 0 
6100 1701 2959 0 9838 8758 707 702 0 0 
6200 1684 3211 0 9864 8782 714 702 0 0 
6300 1633 3473 0 9927 8842 712 708 0 0 
6400 1521 3791 0 9911 8815 759 705 0 0 
6500 1412 4094 0 9929 8859 713 690 0 0 
6600 1317 4337 0 9969 8931 672 657 0 0 
6700 1301 4765 0 10110 9084 673 595 0 0 
6800 1329 5051 0 10186 9132 654 540 0 0 
6900 1334 5111 0 10195 9147 643 532 0 0 
7000 1328 5336 0 10261 9229 633 512 0 0 
7100 1361 5651 0 10415 9411 617 457 0 0 
7200 1358 5920 0 10468 9420 620 420 0 0 
7300 1381 6185 0 10563 9521 618 395 0 0 
7400 1418 6392 0 10701 9591 607 366 0 1 
7500 1445 6625 0 10774 9685 588 331 0 0 
7600 1432 6837 0 10875 9831 566 295 0 0 
7700 1399 6871 0 10892 9853 568 289 0 0 
7800 1398 6869 0 10891 9852 568 289 0 0 
7900 1397 6867 0 10890 9850 568 289 0 0 
8000 1396 6867 0 10891 9851 568 289 0 0 
8100 1398 6865 0 10889 9849 568 289 0 0 
8200 1399 6865 0 10891 9853 568 289 0 0 
8300 1398 6865 0 10892 9854 568 289 0 0 
8400 1396 6866 0 10894 9856 568 289 0 0 
8500 1394 6866 0 10897 9859 568 289 0 0 
8600 1395 6868 0 10901 9863 568 289 0 0 
8700 1395 6871 0 10904 9866 568 289 0 0 
8800 1396 6872 0 10908 9870 568 289 0 0 
8900 1397 6877 0 10913 9875 568 289 0 0 
9000 1399 6879 0 10913 9875 568 289 0 0 
9100 1398 6880 0 10914 9877 568 289 0 0 
9200 1401 6882 0 10912 9875 568 289 0 0 
9300 1401 6875 0 10905 9869 568 289 0 0 
9400 1400 6878 0 10907 9871 568 289 0 0 
9500 1399 6876 0 10908 9872 568 289 0 0 
9600 1398 6882 0 10913 9877 568 289 0 0 
9700 1396 6881 0 10911 9876 568 288 0 0 
9800 1397 6877 0 10905 9870 568 288 0 0 
9900 1394 6877 0 10907 9873 569 288 0 0 
10000 1394 6880 0 10908 9875 569 288 0 0 
