# Avida tasks data
# Tue Apr 18 20:18:24 2023
# First column gives the current update, next columns give the number
# of organisms that have the particular task as a component of their merit
#  1: Update
#  2: Not
#  3: Nand
#  4: And
#  5: OrNot
#  6: Or
#  7: AndNot
#  8: Nor
#  9: Xor
# 10: Equals

0 0 0 0 0 0 0 0 0 0 
100 0 0 0 0 0 0 0 0 0 
200 0 0 0 0 0 0 0 0 0 
300 0 0 0 0 0 0 0 0 0 
400 0 0 0 0 0 0 0 0 0 
500 0 0 0 0 0 0 0 0 0 
600 12 0 0 0 0 0 0 0 0 
700 21 0 0 4 0 0 0 0 0 
800 102 4 0 39 0 0 0 0 0 
900 252 9 0 1012 991 0 0 0 0 
1000 1513 399 0 2559 2210 0 2 0 0 
1100 2193 485 0 3179 2731 0 2 0 0 
1200 2193 485 0 3178 2731 0 2 0 0 
1300 2193 485 0 3179 2731 0 2 0 0 
1400 2192 483 0 3181 2731 0 2 0 0 
1500 2418 476 0 3424 2957 0 2 0 0 
1600 2412 476 0 3418 2952 0 2 0 0 
1700 2859 496 0 3868 3357 0 2 0 0 
1800 2858 495 0 3868 3356 0 2 0 0 
1900 3092 1437 0 4756 4138 1 2 0 0 
2000 2916 1885 0 5001 4338 0 3 0 0 
2100 2838 2032 0 5053 4397 0 2 0 0 
2200 2840 2031 0 5050 4394 0 2 0 0 
2300 2840 2033 0 5050 4391 0 2 0 0 
2400 2838 2032 0 5048 4393 0 2 0 0 
2500 2840 2031 0 5050 4397 0 2 0 0 
2600 2839 2030 0 5049 4397 0 2 0 0 
2700 2839 2030 0 5050 4397 0 2 0 0 
2800 2838 2030 0 5049 4397 0 2 0 0 
2900 2838 2032 0 5050 4400 0 2 0 0 
3000 2836 2034 0 5050 4400 0 2 0 0 
3100 2838 2038 0 5052 4400 0 2 0 0 
3200 2836 2036 0 5051 4401 0 2 0 0 
3300 2838 2036 0 5055 4405 0 2 0 0 
3400 2839 2036 0 5051 4403 0 2 0 0 
3500 2836 2034 0 5050 4398 0 2 0 0 
3600 2838 2035 0 5047 4395 0 2 0 0 
3700 2835 2037 0 5046 4395 0 2 0 0 
3800 2834 2036 0 5044 4393 0 2 0 0 
3900 2832 2036 0 5045 4398 0 2 0 0 
4000 2831 2036 0 5046 4401 0 2 0 0 
4100 2831 2036 0 5044 4402 0 2 0 0 
4200 2831 2037 0 5046 4405 0 2 0 0 
4300 2832 2042 0 5052 4412 0 2 0 0 
4400 2831 2043 0 5055 4415 0 2 0 0 
4500 2831 2043 0 5055 4416 0 2 0 0 
4600 2830 2045 0 5057 4419 0 2 0 0 
4700 2829 2044 0 5057 4418 0 2 0 0 
4800 2831 2042 0 5056 4415 0 2 0 0 
4900 2831 2042 0 5056 4414 0 2 0 0 
5000 2829 2042 0 5052 4409 0 2 0 0 
5100 2831 2044 0 5053 4406 0 2 0 0 
5200 2833 2042 0 5054 4408 0 2 0 0 
5300 2834 2044 0 5056 4409 0 2 0 0 
5400 2832 2046 0 5058 4410 0 2 0 0 
5500 2833 2051 0 5062 4417 0 2 0 0 
5600 2830 2054 0 5063 4418 0 2 0 0 
5700 2830 2059 0 5066 4424 0 2 0 0 
5800 2829 2059 0 5064 4422 0 2 0 0 
5900 2828 2058 0 5066 4421 0 2 0 0 
6000 2824 2058 0 5065 4416 0 2 0 0 
6100 2823 2060 0 5067 4419 0 2 0 0 
6200 2824 2059 0 5065 4416 0 2 0 0 
6300 2823 2060 0 5067 4419 0 2 0 0 
6400 2824 2058 0 5064 4417 0 2 0 0 
6500 2824 2062 0 5071 4419 0 2 0 0 
6600 2823 2056 0 5066 4409 0 2 0 0 
6700 2825 2056 0 5066 4409 0 2 0 0 
6800 2826 2053 0 5065 4405 0 2 0 0 
6900 2827 2056 0 5067 4408 0 2 0 0 
7000 2827 2057 0 5068 4410 0 2 0 0 
7100 2827 2057 0 5068 4412 0 2 0 0 
7200 2824 2060 0 5067 4414 0 2 0 0 
7300 2826 2058 0 5065 4411 0 2 0 0 
7400 2825 2061 0 5067 4416 0 2 0 0 
7500 2830 2058 0 5065 4414 0 2 0 0 
7600 2827 2059 0 5063 4412 0 2 0 0 
7700 2825 2062 0 5064 4410 0 2 0 0 
7800 2822 2063 0 5063 4411 0 2 0 0 
7900 2823 2064 0 5064 4409 0 2 0 0 
8000 2822 2072 0 5070 4419 0 2 0 0 
8100 2822 2073 0 5069 4415 0 2 0 0 
8200 2822 2073 0 5069 4419 0 2 0 0 
8300 2820 2077 0 5067 4417 0 2 0 0 
8400 2820 2073 0 5066 4415 0 2 0 0 
8500 2815 2076 0 5072 4416 0 2 0 0 
8600 2876 1645 0 5180 4492 0 2 0 0 
8700 2903 1709 0 4717 4585 7 1288 0 0 
8800 2947 1685 0 4897 4751 12 1499 0 0 
8900 2947 1685 0 4897 4751 12 1499 0 0 
9000 2947 1685 0 4896 4750 12 1498 0 0 
9100 2947 1685 0 4896 4750 12 1498 0 0 
9200 2947 1685 0 4897 4751 12 1499 0 0 
9300 2947 1685 0 4897 4751 12 1499 0 0 
9400 2947 1685 0 4897 4751 12 1499 0 0 
9500 2947 1685 0 4897 4751 12 1499 0 0 
9600 2947 1685 0 4897 4751 12 1499 0 0 
9700 2947 1685 0 4897 4751 12 1499 0 0 
9800 2947 1685 0 4896 4750 12 1498 0 0 
9900 2947 1685 0 4897 4751 12 1499 0 0 
10000 2947 1685 0 4897 4751 12 1499 0 0 
