# Avida tasks data
# Wed Apr 19 06:30:08 2023
# First column gives the current update, next columns give the number
# of organisms that have the particular task as a component of their merit
#  1: Update
#  2: Not
#  3: Nand
#  4: And
#  5: OrNot
#  6: Or
#  7: AndNot
#  8: Nor
#  9: Xor
# 10: Equals

0 0 0 0 0 0 0 0 0 0 
100 0 0 0 0 0 0 0 0 0 
200 0 0 0 0 0 0 0 0 0 
300 0 0 0 0 0 0 0 0 0 
400 0 0 0 0 0 0 0 0 0 
500 323 5 0 0 0 0 0 0 0 
600 1944 1717 0 13 0 0 0 0 0 
700 3897 3741 0 52 0 0 0 0 0 
800 6320 6332 0 316 0 0 0 0 0 
900 8229 8366 3 1072 1 0 0 0 0 
1000 9706 9701 2 2411 3 0 0 0 0 
1100 11153 11246 0 4127 2 1 0 0 0 
1200 12126 12213 0 5769 5 1 0 0 0 
1300 12694 12732 6 7267 9 2 0 0 0 
1400 12705 12772 2 8446 30 1 0 0 0 
1500 12954 12977 0 9507 13 0 0 0 0 
1600 12981 13017 0 10411 34 0 0 0 0 
1700 13132 13083 2 11101 31 0 0 0 0 
1800 13146 13179 0 11735 27 0 0 0 0 
1900 13169 13142 0 12304 31 0 0 0 0 
2000 13212 13238 0 12560 26 0 170 0 0 
2100 13161 13201 0 12213 41 0 682 0 0 
2200 13149 13277 0 11436 36 0 1521 0 0 
2300 13236 13212 0 10418 32 0 2474 0 0 
2400 13210 13246 0 9490 26 1 3463 0 0 
2500 13245 13278 0 8411 20 1 4554 0 0 
2600 13293 13364 1 7932 31 0 5589 0 0 
2700 13225 13245 0 8080 38 0 6704 0 0 
2800 13333 13321 2 8494 23 0 7748 0 0 
2900 13355 13334 0 8798 17 6 8825 0 0 
3000 13425 13272 0 9216 24 13 9728 0 0 
3100 13390 13271 0 9757 21 17 10525 0 0 
3200 13467 13317 0 10230 23 13 11210 0 0 
3300 13468 13322 0 10771 16 14 11575 0 0 
3400 13537 13357 0 11259 14 6 12009 0 0 
3500 13509 13368 0 11748 22 10 12252 0 0 
3600 13620 13429 1 12235 13 11 12533 0 0 
3700 13558 13433 1 12505 13 19 12608 0 0 
3800 13601 13396 0 12773 25 20 12646 0 0 
3900 13671 13473 2 12953 20 13 12765 0 0 
4000 13622 13433 0 12922 25 10 12672 0 0 
4100 13633 13388 0 12968 23 13 12644 0 0 
4200 13650 13410 0 13057 5 15 12684 0 0 
4300 13650 13454 3 13073 13 17 12769 0 0 
4400 13622 13369 0 13099 16 21 12653 0 0 
4500 13632 13448 1 12987 16 11 12683 0 0 
4600 13586 13375 0 12971 23 14 12638 0 0 
4700 13652 13422 2 13040 12 12 12737 0 0 
4800 13677 13496 1 13061 21 20 12766 0 0 
4900 13683 13488 0 13061 32 20 12740 0 0 
5000 13742 13480 0 13171 16 15 12741 0 0 
5100 13705 13465 0 13111 19 13 12778 0 0 
5200 13671 13466 0 13116 16 11 12794 0 0 
5300 13629 13470 1 13130 23 12 12786 0 0 
5400 13686 13425 0 13163 8 14 12757 0 0 
5500 13722 13502 0 13151 21 15 12853 0 0 
5600 13666 13372 192 12987 16 24 12683 0 0 
5700 13672 13505 901 13131 49 23 12834 0 0 
5800 13791 13558 2042 13155 48 37 12871 0 0 
5900 13779 13510 3324 13256 31 66 12891 0 0 
6000 13646 13437 4699 13158 29 80 12810 0 0 
6100 13693 13531 6032 13241 18 85 12813 0 0 
6200 13710 13497 7507 13210 13 125 12868 0 0 
6300 13720 13434 8869 13225 9 158 12776 0 0 
6400 13678 13411 10049 13232 15 155 12692 0 0 
6500 13736 13412 11044 13305 6 168 12749 0 0 
6600 13733 13497 11686 13289 9 128 12762 0 0 
6700 13744 13458 12002 13327 8 198 12713 0 0 
6800 13701 13456 12218 13306 12 193 12744 0 0 
6900 13684 13417 12301 13280 16 212 12739 0 0 
7000 13635 13421 12329 13323 11 190 12731 0 0 
7100 13642 13433 12369 13321 2 196 12768 0 0 
7200 13643 13467 12394 13263 10 218 12802 0 0 
7300 13698 13472 12378 13243 49 287 12793 0 2 
7400 13705 13397 12209 13247 174 414 12654 0 3 
7500 13688 13476 12352 13303 294 475 12784 0 0 
7600 13666 13430 12318 13244 544 663 12717 0 0 
7700 13716 13507 12415 13306 794 753 12828 0 0 
7800 13642 13427 12308 13285 1157 997 12764 0 0 
7900 13710 13451 12278 13278 1613 1122 12740 0 1 
8000 13749 13505 12310 13360 2235 1297 12773 0 0 
8100 13735 13428 12284 13400 2856 1503 12782 0 0 
8200 13693 13537 12337 13364 3494 1625 12861 0 0 
8300 13726 13435 12262 13470 4037 1755 12711 0 2 
8400 13703 13493 12310 13384 4693 1899 12757 0 1 
8500 13678 13480 12234 13395 5440 1906 12740 0 2 
8600 13665 13420 12183 13397 6138 2023 12668 0 3 
8700 13760 13509 12385 13402 7022 2045 12816 0 0 
8800 13694 13440 12192 13438 7855 2167 12684 0 0 
8900 13800 13506 12382 13512 8685 2169 12840 0 0 
9000 13729 13493 12309 13460 9252 2031 12790 0 0 
9100 13734 13470 12283 13449 9741 1957 12725 0 0 
9200 13676 13401 12260 13502 10332 1779 12719 0 0 
9300 13730 13457 12275 13477 10626 1668 12727 0 1 
9400 13723 13543 12425 13498 10922 1505 12899 0 0 
9500 13710 13407 12262 13470 11334 1339 12733 0 0 
9600 13712 13548 12430 13532 11613 1190 12858 0 0 
9700 13730 13452 12306 13494 11816 1020 12802 0 0 
9800 13711 13458 12246 13514 11848 955 12707 0 1 
9900 13778 13486 12338 13551 11962 857 12743 0 1 
10000 13752 13463 12298 13477 12082 695 12780 0 0 
