# Avida tasks data
# Wed Apr 19 12:20:25 2023
# First column gives the current update, next columns give the number
# of organisms that have the particular task as a component of their merit
#  1: Update
#  2: Not
#  3: Nand
#  4: And
#  5: OrNot
#  6: Or
#  7: AndNot
#  8: Nor
#  9: Xor
# 10: Equals

0 0 0 0 0 0 0 0 0 0 
100 0 0 0 0 0 0 0 0 0 
200 0 0 0 0 0 0 0 0 0 
300 0 0 0 0 0 0 0 0 0 
400 0 0 0 0 0 0 0 0 0 
500 0 0 0 0 0 0 0 0 0 
600 29 412 0 20 0 0 0 0 0 
700 1137 1738 1040 1421 0 26 0 0 0 
800 3421 3508 2891 3245 1 64 0 0 0 
900 6061 5875 5022 5628 3 130 0 0 0 
1000 8374 7990 6869 7666 7 181 0 0 0 
1100 10047 9427 8202 9074 7 405 0 0 0 
1200 10985 10078 8778 9806 8 946 0 0 0 
1300 11713 10656 9383 10387 8 1665 0 0 0 
1400 12091 10935 9736 10716 12 2536 2 0 0 
1500 12315 11137 9890 10833 17 3481 2 0 0 
1600 12488 11285 10100 11015 19 4458 5 0 0 
1700 12768 11524 10494 11304 14 5292 0 0 0 
1800 12935 11605 10501 11395 46 6200 2 0 0 
1900 13055 11669 10608 11382 52 7179 3 0 0 
2000 13131 11666 10624 11426 33 8070 2 0 0 
2100 13227 11734 10717 11555 32 8889 0 0 0 
2200 13255 11806 10764 11543 27 9484 2 0 0 
2300 13282 11842 10788 11668 46 9884 6 0 0 
2400 13369 11848 10939 11767 68 10194 4 0 0 
2500 13348 11803 10878 11682 80 10411 2 0 0 
2600 13362 11848 10902 11640 60 10636 1 0 0 
2700 13318 11918 10977 11761 76 10810 1 0 0 
2800 13381 11867 10975 11751 89 10950 4 0 0 
2900 13406 11797 10869 11727 99 10938 0 0 0 
3000 13464 11902 11043 11891 170 11093 3 0 0 
3100 13451 11882 10958 11759 179 10939 5 0 0 
3200 13402 11906 11003 11880 230 10915 5 0 0 
3300 13418 11860 11042 11803 243 10878 3 0 0 
3400 13366 11878 10944 11808 270 10865 4 0 0 
3500 13443 11942 11038 11800 276 10846 2 0 0 
3600 13378 11865 11022 11761 240 10895 4 0 0 
3700 13373 11983 11047 11831 221 10962 4 0 0 
3800 13390 12017 11138 11861 195 11077 2 0 0 
3900 13399 11895 11044 11835 171 10994 1 0 0 
4000 13371 11979 11125 11949 168 11037 9 0 0 
4100 13386 12021 11142 11913 120 11110 7 0 0 
4200 13397 12129 11330 12131 133 11300 3 0 0 
4300 13454 12131 11309 12141 251 11238 6 0 0 
4400 13419 12124 11246 12064 608 11245 7 0 0 
4500 13429 12119 11267 12059 1204 11286 5 0 0 
4600 13417 12108 11246 12060 2044 11254 2 0 0 
4700 13447 12104 11325 12053 3008 11321 2 0 0 
4800 13371 11970 11233 12019 3757 11213 1 0 0 
4900 13505 12216 11433 12140 4730 11294 3 0 0 
5000 13432 12096 11303 12073 5572 11176 1 0 0 
5100 13470 12161 11364 12023 6527 11235 4 0 0 
5200 13387 12116 11441 12126 7497 11373 2 0 0 
5300 13415 12147 11485 12141 8216 11376 4 0 0 
5400 13397 12100 11500 12155 8793 11475 0 1 0 
5500 13430 12072 11449 12164 9251 11354 0 2 0 
5600 13461 12109 11356 12079 9729 11380 0 0 0 
5700 13383 12116 11418 12101 10037 11304 0 0 0 
5800 13422 12052 11380 12034 10303 11320 2 0 0 
5900 13381 12104 11499 12130 10540 11346 0 0 0 
6000 13441 12169 11579 12219 10737 11469 2 1 0 
6100 13417 12205 11538 12162 10788 11416 0 0 0 
6200 13403 12106 11453 12213 10698 11387 0 0 0 
6300 13414 12105 11470 12212 10656 11381 0 2 0 
6400 13460 12196 11462 12204 10738 11424 0 0 0 
6500 13420 12171 11570 12234 10797 11506 0 0 0 
6600 13423 12137 11492 12216 10765 11433 3 2 0 
6700 13471 12098 11453 12129 10748 11387 3 2 0 
6800 13404 12096 11465 12147 10738 11381 0 2 0 
6900 13515 12160 11552 12256 10731 11479 0 0 0 
7000 13454 12171 11443 12221 10657 11440 0 0 0 
7100 13529 12230 11604 12315 10903 11538 0 0 0 
7200 13432 12295 11694 12380 10917 11605 3 1 0 
7300 13534 12253 11617 12280 10869 11468 0 1 0 
7400 13518 12251 11655 12344 10921 11598 1 0 0 
7500 13579 12359 11724 12429 11000 11736 0 1 0 
7600 13561 12265 11620 12271 10920 11497 0 0 0 
7700 13474 12257 11616 12369 10894 11513 1 5 0 
7800 13551 12278 11695 12368 11035 11595 3 2 0 
7900 13504 12296 11653 12252 10925 11610 3 0 0 
8000 13503 12346 11650 12434 11067 11659 0 0 72 
8100 13507 12441 11254 12414 11027 11712 1 0 442 
8200 13558 12369 10512 12390 11067 11630 0 1 1177 
8300 13565 12351 9565 12391 11025 11540 0 3 2018 
8400 13627 12349 8653 12435 11049 11604 2 0 2901 
8500 13528 12270 7525 12316 11000 11532 2 2 3803 
8600 13623 12373 7648 12405 11032 11617 1 2 4624 
8700 13619 12427 8586 12282 10974 11570 1 4 5200 
8800 13591 12536 9358 12325 11004 11601 3 1 5945 
8900 13627 12545 10033 12340 10854 11561 2 5 6627 
9000 13638 12512 10569 12182 10903 11572 1 6 7416 
9100 13698 12672 11028 12274 10853 11563 5 9 8075 
9200 13691 12664 11430 12205 10921 11613 3 11 8778 
9300 13595 12682 11564 12180 10773 11603 0 6 9277 
9400 13615 12748 11650 12168 10881 11633 1 14 9712 
9500 13682 12795 11768 12309 10915 11667 3 4 10043 
9600 13636 12745 11766 12163 10869 11607 0 5 10079 
9700 13703 12822 11925 12322 10966 11711 2 11 10346 
9800 13633 12756 11803 12143 10888 11591 7 14 10410 
9900 13632 12760 11741 12248 10888 11538 1 6 10561 
10000 13640 12783 11891 12295 10952 11670 3 17 10591 
