# Avida tasks data
# Wed Apr 19 13:45:31 2023
# First column gives the current update, next columns give the number
# of organisms that have the particular task as a component of their merit
#  1: Update
#  2: Not
#  3: Nand
#  4: And
#  5: OrNot
#  6: Or
#  7: AndNot
#  8: Nor
#  9: Xor
# 10: Equals

0 0 0 0 0 0 0 0 0 0 
100 0 0 0 0 0 0 0 0 0 
200 0 0 0 0 0 0 0 0 0 
300 0 0 0 0 0 0 0 0 0 
400 0 0 0 0 0 0 0 0 0 
500 2 0 0 0 0 0 0 0 0 
600 0 0 0 0 0 0 0 0 0 
700 0 0 0 0 0 0 0 0 0 
800 0 1 0 0 0 0 0 0 0 
900 11 3 0 0 0 0 0 0 0 
1000 49 11 0 0 0 0 0 0 0 
1100 98 54 0 0 0 0 0 0 0 
1200 214 156 0 0 0 0 0 0 0 
1300 432 264 0 95 0 0 0 0 0 
1400 811 827 0 785 0 0 0 0 0 
1500 1086 2121 115 2184 0 1 0 0 0 
1600 1271 2698 1020 3874 17 832 0 0 0 
1700 1852 3846 1421 5142 97 2359 0 0 0 
1800 1928 3618 1459 4629 2068 4343 2044 0 1950 
1900 1398 3382 1201 3732 3730 5514 3724 0 3509 
2000 1388 3393 1218 4426 3892 5565 3662 0 3656 
2100 1236 3358 1235 4927 4330 6050 4110 1 4095 
2200 1216 3344 1197 5142 4460 5924 4246 0 4217 
2300 1215 3361 1196 4888 4443 6142 4299 0 4199 
2400 1233 3339 1187 5012 4497 6159 4362 0 4254 
2500 1171 3180 1166 5295 4677 6157 4527 0 4450 
2600 1087 3134 1177 5458 4843 6115 4712 0 4612 
2700 1076 3132 1170 5587 4850 6130 4734 0 4623 
2800 1070 3066 1168 5637 4729 6216 4842 0 4739 
2900 1074 3064 1169 5646 4615 6212 4845 0 4742 
3000 1075 3065 1174 5660 4500 6216 4844 0 4737 
3100 1085 3064 1188 5664 4390 6198 4848 0 4731 
3200 1078 3048 1183 5696 4480 6220 4883 0 4756 
3300 1076 3048 1179 5733 4567 6235 4898 0 4766 
3400 1076 3056 1177 5740 4611 6229 4894 0 4770 
3500 1073 3047 1173 5744 4690 6227 4905 0 4779 
3600 1078 3047 1176 5757 4707 6218 4904 0 4756 
3700 1080 3052 1180 5882 4790 6268 4997 0 4831 
3800 1095 3059 1179 5992 4901 6360 5097 0 4944 
3900 1100 3074 1191 6040 4959 6414 5151 0 5004 
4000 1107 3060 1198 6129 5001 6458 5198 0 5045 
4100 1099 3060 1205 6202 5068 6531 5270 0 5100 
4200 1104 3062 1197 6260 5131 6588 5334 0 5167 
4300 1074 3071 1194 6312 5176 6657 5381 0 5211 
4400 1093 3082 1195 6365 5230 6709 5415 0 5244 
4500 1076 3069 1188 6459 5333 6811 5514 0 5349 
4600 1070 3059 1192 6530 5362 6853 5577 0 5382 
4700 1055 3056 1192 6540 5391 6876 5605 0 5399 
