# Avida tasks data
# Wed Apr 19 12:56:15 2023
# First column gives the current update, next columns give the number
# of organisms that have the particular task as a component of their merit
#  1: Update
#  2: Not
#  3: Nand
#  4: And
#  5: OrNot
#  6: Or
#  7: AndNot
#  8: Nor
#  9: Xor
# 10: Equals

0 0 0 0 0 0 0 0 0 0 
100 0 0 0 0 0 0 0 0 0 
200 0 0 0 0 0 0 0 0 0 
300 0 0 0 0 0 0 0 0 0 
400 0 0 0 0 0 0 0 0 0 
500 0 0 0 0 0 0 0 0 0 
600 0 0 0 0 0 0 0 0 0 
700 0 2 0 0 0 0 0 0 0 
800 12 1 0 0 0 0 0 0 0 
900 46 0 0 0 0 0 0 0 0 
1000 217 7 0 0 0 0 0 0 0 
1100 482 13 0 0 0 0 0 0 0 
1200 890 22 0 13 0 0 0 0 0 
1300 1476 88 0 134 0 0 0 0 0 
1400 2054 204 3 594 0 0 0 0 0 
1500 2776 969 49 1747 9 18 3 0 0 
1600 2907 2549 80 3470 1696 34 0 0 0 
1700 4444 4123 137 4700 2976 2438 33 0 0 
1800 5583 5479 118 5766 4206 4111 38 0 0 
1900 6555 6714 128 6563 5563 5679 555 0 0 
2000 7490 7728 92 7919 6846 7100 2530 0 0 
2100 8391 8490 118 8799 8033 8266 4467 0 0 
2200 9203 9256 96 9489 8996 9266 6017 0 0 
2300 10037 9769 73 10114 9744 10054 7400 0 0 
2400 10659 10495 81 10700 10463 10913 8548 0 0 
2500 11194 11115 59 11200 11010 11448 9551 0 0 
2600 11608 11653 73 11590 11475 12100 10309 0 0 
2700 12043 12234 64 12016 11947 12489 10983 0 0 
2800 12247 12598 58 12188 12094 12751 11216 0 0 
2900 12425 12842 80 12349 12287 12913 11509 0 0 
3000 12565 13006 56 12389 12425 12998 11728 9 0 
3100 12644 12998 77 12410 12308 12986 11681 0 0 
3200 12516 13114 61 12319 12234 12972 11699 0 0 
3300 12442 13142 47 12342 12278 12890 11667 0 0 
3400 12392 13172 58 12339 12323 12924 11739 0 0 
3500 12370 13139 63 12422 12391 12958 11806 0 0 
3600 12465 13147 65 12399 12292 12929 11698 0 0 
3700 12466 13179 59 12287 12217 13042 11654 0 0 
3800 12446 13119 65 12378 12333 12875 11743 0 0 
3900 12616 13204 52 12469 12432 13025 11850 0 0 
4000 12666 13166 62 12468 12424 13009 11884 0 0 
4100 12598 13212 74 12349 12320 13021 11746 4 0 
4200 12668 13193 88 12440 12436 12935 11816 0 0 
4300 12592 13229 73 12336 12314 12958 11710 1 0 
4400 12513 13184 59 12463 12375 13039 11751 0 0 
4500 12581 13277 62 12365 12252 13032 11704 0 0 
4600 12564 13211 76 12343 12366 13033 11808 0 0 
4700 12743 13282 88 12486 12407 13021 11863 0 0 
4800 12684 13238 87 12551 12425 13044 11894 0 0 
4900 12727 13149 65 12403 12329 12875 11786 1 0 
5000 12613 13264 74 12476 12472 12971 11851 6 0 
5100 12610 13137 59 12462 12387 13004 11847 7 0 
5200 12626 13135 56 12490 12416 13004 11874 5 0 
5300 12674 13273 55 12481 12440 13100 11839 0 0 
5400 12617 13229 67 12433 12434 12987 11851 0 0 
5500 12636 13191 79 12505 12394 12987 11807 0 0 
5600 12624 13291 48 12510 12462 13008 11912 0 0 
5700 12630 13115 62 12482 12477 13011 11868 0 0 
5800 12695 13210 72 12563 12504 13096 11926 0 0 
5900 12731 13253 74 12659 12537 13100 11982 0 0 
6000 12753 13208 75 12580 12532 13150 12003 0 0 
6100 12808 13229 75 12595 12594 13056 11947 0 0 
6200 12755 13236 53 12570 12564 13041 11938 0 0 
6300 12654 13244 39 12448 12396 12952 11813 0 0 
6400 12649 13237 60 12594 12562 13042 11972 0 0 
6500 12762 13243 85 12659 12645 13069 12044 0 0 
6600 12818 13235 117 12630 12589 13128 11974 0 0 
6700 12659 13126 213 12547 12583 13016 12034 0 0 
6800 12812 12966 339 12647 12633 13071 12022 0 0 
6900 12711 12896 432 12705 12573 13035 11999 0 0 
7000 12670 12857 569 12695 12635 13056 12062 0 0 
7100 12738 12539 825 12640 12510 13057 11950 0 0 
7200 12756 12375 1047 12654 12566 13016 11970 2 0 
7300 12697 12026 1366 12551 12508 12964 11936 0 0 
7400 12783 11597 1703 12720 12596 12912 12068 0 0 
7500 12708 11107 2097 12700 12541 12829 11946 0 0 
7600 12733 10706 2584 12707 12582 12814 12012 0 0 
7700 12715 10359 3080 12666 12562 12907 11988 1 0 
7800 12662 10198 3587 12632 12553 12731 11941 3 0 
7900 12568 10130 4255 12698 12546 12712 11978 5 0 
8000 12600 10161 4983 12664 12467 12612 11915 0 0 
8100 12523 10273 5628 12726 12479 12646 11871 4 0 
8200 12614 10537 6259 12694 12485 12627 11901 10 0 
8300 12718 10768 6970 12762 12528 12541 11940 18 0 
8400 12637 11144 7565 12741 12501 12608 11925 14 0 
8500 12684 11494 8062 12761 12444 12580 11856 18 0 
8600 12740 11823 8650 12732 12461 12588 11913 3 0 
8700 12673 12017 9344 12756 12544 12610 12055 2 0 
8800 12657 12061 9776 12774 12472 12639 11936 0 0 
8900 12771 12232 10196 12724 12510 12602 11968 0 0 
9000 12777 12372 10689 12810 12490 12619 11972 0 0 
9100 12840 12502 11084 12763 12525 12627 11990 0 0 
9200 12894 12596 11468 12762 12602 12663 12110 0 0 
9300 12733 12876 11785 12812 12547 12716 12025 0 0 
9400 12840 12975 11940 12747 12532 12786 12001 0 0 
9500 12838 13074 12173 12834 12571 12757 12041 0 0 
9600 12863 13143 12156 12755 12562 12791 12011 0 0 
9700 12892 13311 12212 12785 12555 12908 12003 0 0 
9800 12852 13332 12138 12723 12551 12992 12055 0 0 
9900 12845 13384 12024 12666 12543 12974 12005 0 0 
10000 12971 13302 12210 12786 12657 13045 12178 0 0 
