# Avida tasks data
# Thu Apr 20 03:23:43 2023
# First column gives the current update, next columns give the number
# of organisms that have the particular task as a component of their merit
#  1: Update
#  2: Not
#  3: Nand
#  4: And
#  5: OrNot
#  6: Or
#  7: AndNot
#  8: Nor
#  9: Xor
# 10: Equals

0 0 0 0 0 0 0 0 0 0 
100 0 0 0 0 0 0 0 0 0 
200 0 0 0 0 0 0 0 0 0 
300 0 0 0 0 0 0 0 0 0 
400 0 0 0 0 0 0 0 0 0 
500 0 0 0 0 0 0 0 0 0 
600 87 1116 0 25 0 0 0 0 0 
700 2514 3562 2 2194 27 0 0 0 0 
800 4583 5586 0 3660 550 1 0 0 0 
900 6496 7602 0 4403 1836 5 0 0 0 
1000 8421 9335 0 5190 3598 5 0 0 0 
1100 9588 10523 1 5860 5166 210 2 0 0 
1200 10445 11199 18 6305 6542 1089 7 0 0 
1300 10778 11484 43 6566 7742 2158 10 0 0 
1400 11013 11680 99 7131 8677 3146 10 0 0 
1500 11315 11859 120 7843 9298 4126 19 0 0 
1600 11566 12128 75 8673 9816 5146 24 0 0 
1700 11809 12425 98 9272 10476 6089 20 0 0 
1800 11988 12455 91 9918 11091 7015 18 0 0 
1900 12135 12658 117 10425 11542 8059 10 0 0 
2000 12384 12833 216 10864 11782 8877 13 0 0 
2100 12624 12816 292 11293 12034 9571 9 0 0 
2200 12671 12956 447 11110 12067 10041 586 0 0 
2300 12773 13054 453 9953 12014 10635 1845 0 0 
2400 12812 13123 473 8799 12126 11142 3214 0 0 
2500 12873 13137 407 7679 12084 11514 4327 0 0 
2600 12917 13151 375 6531 12114 11781 5627 0 0 
2700 12926 13191 306 5469 12134 11883 6761 0 0 
2800 12882 13257 218 4588 11991 12077 7715 0 0 
2900 12957 13275 146 3841 12039 12097 8713 0 0 
3000 13012 13271 163 3244 12226 12103 9807 0 0 
3100 13121 13331 87 2837 12100 12191 10317 0 0 
3200 13016 13271 117 2703 12163 12131 10969 0 0 
3300 13114 13306 72 2786 12265 12325 11366 0 0 
3400 13089 13303 92 3008 12260 12325 11548 0 0 
3500 13122 13383 76 3377 12246 12391 11650 37 0 
3600 13099 13303 93 3947 12258 12168 11862 198 0 
3700 13132 13352 85 4354 12213 12035 11793 425 2 
3800 13246 13340 84 4779 12318 11662 11782 693 0 
3900 13221 13324 74 5198 12311 11012 11745 1234 1 
4000 13189 13308 86 5671 12369 10165 11817 1973 1 
4100 13236 13350 50 6125 12420 9144 11779 3037 4 
4200 13285 13362 60 6512 12463 7990 11821 4051 44 
4300 13300 13322 57 6980 12323 6960 11840 4865 86 
4400 13191 13238 74 7266 12248 5864 11784 5632 166 
4500 13263 13274 66 7567 12309 5101 11892 6231 283 
4600 13371 13263 47 8017 12411 4282 11920 6883 361 
4700 13227 13239 41 8201 12346 3563 11868 7403 477 
4800 13307 13268 45 8408 12394 2962 11966 7922 579 
4900 13327 13298 42 8808 12352 2590 12047 8141 609 
5000 13354 13326 34 9192 12332 2233 12006 8464 696 
5100 13311 13332 37 9445 12323 1922 12017 8576 836 
5200 13332 13341 31 9634 12305 1592 11975 8711 1031 
5300 13322 13218 39 9812 12346 1399 12024 8641 1195 
5400 13322 13300 29 10019 12247 1160 12003 8658 1352 
5500 13355 13182 38 10072 12349 988 11993 8588 1648 
5600 13311 13355 50 10343 12249 955 11919 8353 1965 
5700 13389 13281 122 10607 12280 836 12031 8032 2297 
5800 13378 13305 263 10808 12259 736 11967 7519 2902 
5900 13252 13318 336 11074 12296 542 11988 5822 4727 
6000 13308 13366 324 11377 12331 451 12074 4684 5956 
6100 13240 13345 272 11539 12405 367 12128 3867 6829 
6200 13260 13330 226 11629 12441 306 12194 2989 7752 
6300 13183 13211 165 11717 12401 271 12162 2252 8493 
6400 13172 12082 166 11130 12070 255 11438 2225 8502 
