# Avida tasks data
# Thu Apr 20 04:58:58 2023
# First column gives the current update, next columns give the number
# of organisms that have the particular task as a component of their merit
#  1: Update
#  2: Not
#  3: Nand
#  4: And
#  5: OrNot
#  6: Or
#  7: AndNot
#  8: Nor
#  9: Xor
# 10: Equals

0 0 0 0 0 0 0 0 0 0 
100 0 0 0 0 0 0 0 0 0 
200 0 0 0 0 0 0 0 0 0 
300 0 0 0 0 0 0 0 0 0 
400 0 0 0 0 0 0 0 0 0 
500 0 0 0 0 0 0 0 0 0 
600 21 0 0 0 0 0 0 0 0 
700 748 82 0 20 0 0 0 0 0 
800 2124 59 0 22 0 0 0 0 0 
900 4131 2019 0 60 0 0 0 0 0 
1000 4934 3120 1 92 0 0 0 0 0 
1100 4856 3195 1 88 0 0 0 0 0 
1200 4970 3434 3 86 0 0 0 0 0 
1300 4969 3566 7 87 0 0 0 0 0 
1400 5015 3586 3 89 0 0 0 0 0 
1500 5019 3856 5 87 0 0 0 0 0 
1600 5059 4093 4 84 0 1 0 0 0 
1700 5063 4103 7 85 0 1 0 0 0 
1800 5063 4099 3 90 0 1 0 0 0 
1900 5054 4152 4 84 0 0 0 0 0 
2000 5083 4207 7 78 0 0 0 0 0 
2100 5135 4481 9 82 0 0 1 0 0 
