# Avida tasks data
# Thu Apr 20 01:41:02 2023
# First column gives the current update, next columns give the number
# of organisms that have the particular task as a component of their merit
#  1: Update
#  2: Not
#  3: Nand
#  4: And
#  5: OrNot
#  6: Or
#  7: AndNot
#  8: Nor
#  9: Xor
# 10: Equals

0 0 0 0 0 0 0 0 0 0 
100 0 0 0 0 0 0 0 0 0 
200 0 0 0 0 0 0 0 0 0 
300 33 0 0 0 0 0 0 0 0 
400 155 0 0 0 0 0 0 0 0 
500 472 0 0 1 0 0 0 0 0 
600 941 28 0 73 0 0 0 0 0 
700 1458 53 0 342 0 0 0 0 0 
800 1891 164 5 687 5 0 0 0 0 
900 2162 619 8 895 15 4 0 0 0 
1000 2690 774 10 1400 18 9 1 0 0 
1100 2953 923 12 1658 21 12 93 0 0 
1200 2981 1086 12 1706 21 8 329 0 0 
1300 3103 1311 10 1849 26 7 550 0 0 
1400 3329 1593 11 2103 27 6 833 0 0 
1500 3702 2034 12 2504 27 7 1253 0 0 
1600 4140 2513 13 2980 31 11 1710 0 0 
1700 4534 2948 11 3396 35 14 2104 0 0 
1800 4930 3318 14 3826 43 9 2423 0 0 
1900 5314 3682 14 4210 46 6 2743 0 0 
2000 5982 4315 21 4887 56 6 3322 0 0 
2100 6644 4960 19 5519 58 6 3947 0 0 
2200 7111 5387 21 5966 69 8 4355 0 0 
2300 7617 5840 21 6442 72 8 4799 0 0 
2400 8081 6281 27 6904 78 7 5217 0 0 
2500 8407 6611 35 7262 77 7 5523 0 0 
2600 8820 6984 21 7619 76 9 5891 0 0 
2700 9161 7372 31 7957 83 10 6266 0 0 
2800 9562 7767 28 8349 88 9 6679 0 0 
2900 9986 8128 24 8791 84 6 7023 0 0 
3000 10429 8628 22 9213 99 10 7484 0 0 
3100 10827 9024 22 9603 90 9 7877 0 0 
3200 11288 9419 22 10080 87 9 8299 0 0 
3300 11542 9730 21 10353 88 7 8611 0 0 
3400 11709 9888 21 10523 90 7 8778 0 0 
3500 11695 9865 19 10502 88 7 8749 0 0 
3600 11730 9904 24 10509 84 7 8767 0 0 
3700 11769 9914 21 10504 94 8 8762 0 0 
3800 11762 9859 20 10489 96 8 8724 0 0 
3900 11835 9939 23 10508 93 7 8785 0 0 
4000 11908 10009 21 10593 103 7 8856 0 0 
4100 11932 10001 29 10587 94 11 8839 0 0 
4200 11952 10010 22 10580 96 9 8859 0 0 
4300 11961 10012 24 10566 99 14 8846 0 0 
4400 11997 10063 24 10563 91 13 8889 0 0 
4500 12031 10060 23 10577 93 16 8944 0 0 
4600 12030 10120 39 10579 95 8 8998 0 0 
4700 12093 10203 35 10647 92 14 9110 0 0 
4800 12215 10308 35 10745 90 12 9222 0 0 
