# Avida tasks data
# Thu Apr 20 02:50:28 2023
# First column gives the current update, next columns give the number
# of organisms that have the particular task as a component of their merit
#  1: Update
#  2: Not
#  3: Nand
#  4: And
#  5: OrNot
#  6: Or
#  7: AndNot
#  8: Nor
#  9: Xor
# 10: Equals

0 0 0 0 0 0 0 0 0 0 
100 0 0 0 0 0 0 0 0 0 
200 0 0 0 0 0 0 0 0 0 
300 0 0 0 0 0 0 0 0 0 
400 0 0 0 0 0 0 0 0 0 
500 0 0 0 0 0 0 0 0 0 
600 0 0 0 0 0 0 0 0 0 
700 16 0 0 0 0 0 0 0 0 
800 247 0 0 0 0 0 0 0 0 
900 1610 4 0 0 0 0 0 0 0 
1000 3294 0 0 50 0 0 0 0 0 
1100 5267 15 0 1538 0 0 0 0 0 
1200 6345 95 2021 2858 0 27 10 0 0 
1300 7484 2041 3669 4114 0 35 18 0 0 
1400 8312 3839 4845 5261 0 50 16 0 0 
1500 8911 5247 5786 6150 0 77 19 0 0 
1600 9511 6622 6667 6988 3 68 19 0 0 
1700 10086 7962 7508 7800 3 87 32 0 0 
1800 10576 9188 8285 8567 0 106 32 0 0 
1900 11070 10360 9091 9307 0 104 28 0 0 
2000 11431 11417 9846 10012 6 103 25 0 0 
2100 11795 12151 10342 10528 4 97 30 0 0 
2200 12000 12723 10777 10981 1 110 36 0 0 
2300 12151 13161 11005 11208 3 106 41 0 0 
2400 12161 13466 11135 11291 5 110 38 0 0 
2500 12143 13564 11191 11427 4 130 30 0 0 
2600 12117 13621 11222 11458 3 137 34 0 0 
2700 12149 13551 11172 11393 5 96 38 0 0 
2800 12200 13588 11213 11462 4 148 42 0 0 
2900 12152 13620 11259 11472 4 126 31 0 0 
3000 12236 13598 11286 11598 3 114 42 0 0 
3100 12210 13587 11340 11596 0 126 39 0 0 
3200 12118 13532 11175 11440 5 108 28 0 0 
3300 12091 13543 11170 11397 5 130 25 0 0 
3400 12296 13581 11444 11667 2 100 27 0 0 
3500 12320 13555 11415 11698 7 201 26 0 0 
3600 12303 13573 11306 11580 5 1231 41 0 0 
3700 12276 13573 11389 11658 1 2931 49 0 0 
3800 12177 13541 11383 11615 6 4509 46 0 0 
3900 12309 13496 11424 11680 3 5988 48 0 0 
4000 12263 13531 11464 11688 7 7464 35 0 0 
4100 12283 13550 11422 11659 6 8812 49 0 0 
4200 12265 13605 11510 11737 2 10205 54 0 0 
4300 12380 13703 11526 11784 0 11259 69 0 0 
4400 12389 13755 11560 11837 2 12117 57 0 0 
4500 12427 13722 11641 11885 7 12601 56 0 0 
4600 12290 13710 11403 11649 3 12954 81 0 0 
4700 12439 13785 11652 11924 4 13276 55 0 0 
4800 12491 13779 11730 11988 6 13391 64 0 0 
4900 12446 13770 11576 11845 2 13457 56 0 0 
5000 12477 13778 11652 11847 6 13415 38 0 0 
5100 12469 13738 11651 11854 4 13367 73 0 0 
5200 12489 13815 11716 11900 2 13450 51 0 0 
5300 12444 13804 11658 11836 9 13480 51 0 0 
5400 12431 13781 11563 11796 6 13415 56 0 0 
5500 12468 13766 11688 11905 4 13374 62 0 0 
5600 12422 13718 11683 11900 20 13385 60 0 0 
5700 12543 13722 11781 12030 1 13437 59 0 0 
5800 12458 13780 11677 11875 7 13400 63 0 0 
5900 12487 13787 11675 11933 6 13409 83 0 0 
6000 12537 13777 11733 11945 3 13430 58 0 0 
6100 12624 13775 11774 11940 4 13437 48 0 0 
6200 12599 13784 11749 11946 1 13458 67 0 0 
6300 12497 13740 11602 11835 5 13396 64 0 0 
6400 12543 13767 11756 11962 89 13448 56 0 0 
6500 12522 13760 11727 11940 1208 13363 70 0 0 
6600 12568 13769 11806 12057 2688 13316 64 0 0 
6700 12439 13758 11683 11922 4115 13408 45 0 0 
6800 12495 13786 11682 11941 5600 13414 73 0 0 
6900 12515 13782 11759 12036 6752 13336 60 0 0 
7000 12484 13785 11730 12028 8160 13404 62 0 0 
7100 12487 13763 11728 12069 9078 13443 52 0 0 
7200 12563 13793 11825 12187 9965 13441 50 0 0 
7300 12504 13817 11774 12167 10554 13458 67 0 0 
7400 12444 13825 11726 12088 11046 13396 62 0 0 
7500 12406 13774 11812 12154 11455 13396 42 0 0 
7600 12489 13796 11837 12187 11716 13364 61 0 0 
7700 12507 13846 11864 12189 11966 13437 56 0 0 
7800 12508 13795 11882 12214 12090 13426 52 0 0 
7900 12515 13790 11819 12153 12168 13371 65 0 0 
8000 12576 13797 11931 12262 12174 13373 60 0 0 
8100 12507 13817 11861 12217 12192 13403 60 0 0 
8200 12605 13809 11985 12326 12274 13403 83 0 0 
8300 12595 13780 11925 12214 12191 13379 69 0 0 
8400 12500 13770 11903 12226 12168 13355 51 0 0 
8500 12526 13761 11776 12164 12126 13414 61 0 0 
8600 12476 13832 11847 12214 12190 13508 75 0 0 
8700 12490 13809 11835 12186 12163 13429 62 0 0 
8800 12543 13830 11864 12221 12161 13451 60 0 0 
8900 12493 13771 11890 12309 12219 13371 70 0 0 
9000 12489 13747 11832 12205 12190 13363 74 0 0 
9100 12590 13806 11884 12282 12232 13345 73 0 0 
9200 12592 13764 11898 12249 12225 13366 78 0 0 
9300 12449 13779 11737 12129 12051 13428 67 0 0 
9400 12589 13806 11930 12296 12182 13393 57 0 0 
9500 12546 13755 11888 12285 12182 13312 85 0 0 
9600 12593 13823 11934 12299 12280 13412 66 0 0 
9700 12592 13846 11903 12281 12271 13393 82 0 0 
9800 12506 13817 11834 12230 12132 13317 71 0 0 
9900 12549 13832 11878 12212 12217 13428 49 0 0 
10000 12618 13828 11964 12316 12258 13409 62 0 0 
