# Avida tasks data
# Thu Apr 20 00:05:50 2023
# First column gives the current update, next columns give the number
# of organisms that have the particular task as a component of their merit
#  1: Update
#  2: Not
#  3: Nand
#  4: And
#  5: OrNot
#  6: Or
#  7: AndNot
#  8: Nor
#  9: Xor
# 10: Equals

0 0 0 0 0 0 0 0 0 0 
100 0 0 0 0 0 0 0 0 0 
200 0 0 0 0 0 0 0 0 0 
300 0 0 0 0 0 0 0 0 0 
400 0 0 0 0 0 0 0 0 0 
500 0 0 0 0 0 0 0 0 0 
600 78 0 0 0 0 0 0 0 0 
700 303 2 0 0 0 0 0 0 0 
800 447 67 0 443 4 0 2 0 0 
900 303 22 0 1314 5 1 750 0 0 
1000 314 33 0 1430 33 10 726 0 0 
1100 310 38 0 1533 50 6 800 0 0 
1200 424 34 0 1666 47 0 941 0 0 
1300 567 55 0 2057 62 17 1242 0 0 
1400 659 74 0 2517 71 13 1570 0 0 
1500 1031 63 0 3121 112 28 1945 0 0 
1600 1218 114 0 3587 95 30 2278 0 0 
1700 1348 120 0 3819 111 35 2397 0 0 
1800 1496 125 0 4395 146 43 2781 0 0 
1900 1556 138 0 4712 149 44 3013 0 0 
2000 1563 139 0 4951 147 43 3221 0 0 
2100 1577 149 0 5153 153 48 3372 0 0 
2200 1599 155 0 5291 154 44 3473 0 0 
2300 1562 148 0 5335 154 48 3473 0 0 
2400 1549 146 0 5323 155 48 3353 0 0 
2500 1534 143 0 5310 143 48 3274 0 0 
2600 1526 139 0 5318 142 48 3255 0 0 
2700 1509 143 0 5310 138 47 3168 0 0 
2800 1509 143 0 5307 138 47 3166 0 0 
2900 1459 137 0 5302 137 46 3035 0 0 
3000 1383 131 0 5320 132 46 2941 0 0 
3100 1323 125 0 5305 132 46 2849 0 0 
3200 1260 123 0 5305 129 46 2783 0 0 
3300 1211 122 0 5318 134 46 2719 0 0 
3400 1181 127 4 5331 129 44 2683 0 0 
3500 1166 126 4 5361 199 44 2670 0 0 
3600 1169 134 3 5356 380 44 2662 0 0 
3700 1157 127 2 5360 471 47 2648 0 0 
3800 1162 131 0 5384 543 45 2638 0 0 
3900 1140 125 0 5454 655 44 2626 0 0 
4000 1140 133 0 5538 743 44 2626 0 0 
4100 1297 138 4 5685 866 44 2608 0 0 
4200 1296 138 4 5684 865 44 2608 0 0 
4300 1296 138 4 5684 865 44 2608 0 0 
4400 1295 139 4 5683 863 44 2608 0 0 
4500 1277 141 4 5683 863 44 2608 0 0 
4600 1235 145 14 5698 882 44 2601 0 0 
4700 1175 155 9 5693 883 44 2596 2 0 
4800 1183 166 12 5702 864 44 2584 5 0 
4900 1319 158 9 5709 909 44 2573 1 1 
5000 1406 166 11 5707 924 44 2569 1 1 
5100 1409 168 11 5698 905 53 2568 1 3 
5200 1409 168 11 5698 905 53 2568 1 3 
5300 1409 168 11 5698 905 53 2568 1 3 
5400 1409 168 11 5699 905 53 2568 1 3 
5500 1409 168 11 5699 905 53 2568 1 3 
5600 1409 168 11 5700 906 54 2568 1 3 
5700 1409 168 11 5700 906 54 2568 1 3 
5800 1409 168 11 5699 905 53 2568 1 3 
5900 1409 168 11 5699 905 53 2568 1 3 
6000 1409 168 11 5699 905 53 2568 1 3 
6100 1409 168 11 5699 905 53 2568 1 3 
6200 1409 168 11 5699 905 53 2568 1 3 
6300 1409 168 11 5700 906 54 2568 1 3 
6400 1409 168 11 5700 906 54 2568 1 3 
6500 1409 168 11 5699 905 53 2568 1 3 
6600 1409 168 11 5699 904 52 2568 1 3 
6700 1467 164 16 5715 914 50 2568 1 1 
6800 1553 161 24 5705 939 50 2568 0 1 
6900 1625 156 59 5711 934 50 2568 0 1 
7000 1708 182 156 5701 960 50 2566 0 0 
7100 1690 195 219 5689 1018 108 2509 0 0 
7200 1663 205 225 5703 1097 209 2471 0 0 
7300 1646 235 216 5793 1189 301 2432 1 0 
7400 1614 247 215 5812 1225 311 2422 0 0 
7500 1600 255 220 5834 1265 349 2374 0 0 
7600 1580 250 219 5852 1325 405 2335 0 0 
7700 1541 280 223 5844 1387 479 2288 3 0 
7800 1490 267 221 5858 1475 549 2247 1 0 
7900 1451 284 223 5840 1482 574 2204 0 0 
8000 1422 306 224 5872 1526 616 2165 2 0 
8100 1413 272 221 5835 1530 612 2117 1 1 
8200 1407 276 225 5819 1552 632 2089 2 3 
8300 1472 262 224 5837 1596 595 2069 1 1 
8400 1574 261 234 5844 1645 540 2011 1 1 
8500 1647 259 226 5843 1711 516 1982 1 2 
8600 1722 261 226 5864 1734 489 1946 3 3 
8700 1807 261 231 5854 1765 460 1900 2 2 
8800 1895 257 231 5870 1847 448 1868 3 4 
8900 1972 248 235 5889 1900 438 1846 2 3 
9000 2075 256 230 5922 2009 423 1799 2 2 
9100 2179 266 226 5963 2057 419 1746 2 1 
9200 2273 278 227 5993 2086 405 1713 1 3 
9300 2347 288 238 6016 2147 399 1690 1 2 
9400 2398 279 231 6050 2215 393 1679 1 1 
9500 2470 273 239 6103 2276 383 1665 1 2 
9600 2601 298 230 6186 2342 379 1638 3 5 
9700 2711 292 241 6243 2420 368 1616 3 3 
