# Avida tasks data
# Thu Apr 20 07:28:30 2023
# First column gives the current update, next columns give the number
# of organisms that have the particular task as a component of their merit
#  1: Update
#  2: Not
#  3: Nand
#  4: And
#  5: OrNot
#  6: Or
#  7: AndNot
#  8: Nor
#  9: Xor
# 10: Equals

0 0 0 0 0 0 0 0 0 0 
100 0 0 0 0 0 0 0 0 0 
200 0 0 0 0 0 0 0 0 0 
300 0 0 0 0 0 0 0 0 0 
400 0 0 0 0 0 0 0 0 0 
500 0 0 0 0 0 0 0 0 0 
600 566 0 0 0 0 0 0 0 0 
700 1090 707 0 11 0 0 0 0 0 
800 2233 1893 0 25 0 0 0 0 0 
900 2911 2565 0 32 0 0 0 0 0 
1000 3962 3608 0 72 0 0 0 0 0 
1100 4106 3752 0 83 0 0 0 0 0 
1200 4119 3762 0 84 0 0 0 0 0 
1300 4360 3993 0 91 0 0 0 0 0 
1400 4789 4414 0 129 0 1 0 0 0 
1500 5393 5021 0 149 0 2 0 0 0 
1600 6210 5831 0 181 0 5 0 0 0 
1700 7006 6632 0 222 0 0 2 0 0 
1800 7233 6869 0 205 0 4 2 0 0 
1900 7324 6954 0 232 2 4 2 0 0 
2000 7371 7005 0 242 0 4 0 0 0 
2100 7368 7006 1 230 1 4 0 0 0 
2200 7360 7002 5 220 0 4 0 0 0 
2300 7338 6981 1 213 0 4 0 0 0 
2400 7331 6984 3 205 0 4 0 0 0 
2500 7349 7015 3 189 0 4 0 0 0 
2600 7366 7039 5 185 0 4 0 0 0 
2700 7400 7093 1 169 0 3 0 0 0 
2800 7425 7123 2 164 0 2 0 0 0 
2900 7447 7188 3 173 0 2 0 0 0 
3000 7540 7263 1 174 0 2 0 0 0 
3100 7623 7361 2 176 0 1 0 0 0 
3200 7763 7524 7 162 0 0 0 0 0 
3300 7951 7691 6 168 0 0 0 0 0 
3400 8106 7853 2 155 0 0 0 0 0 
3500 8273 8063 0 179 2 0 0 0 0 
3600 8501 8342 2 167 0 0 0 0 0 
3700 8728 8616 5 158 0 0 0 0 0 
3800 8989 8863 10 172 0 0 0 0 0 
3900 9311 9218 8 161 0 0 0 0 0 
4000 9615 9556 5 186 0 0 0 0 0 
4100 9943 9923 1 162 0 0 0 0 0 
4200 10150 10166 4 160 0 0 0 0 0 
4300 10315 10338 6 155 0 0 0 0 0 
4400 10445 10555 15 184 0 0 0 0 0 
4500 10538 10646 14 175 0 0 0 0 0 
4600 10541 10640 14 175 0 0 0 0 0 
4700 10552 10656 13 163 0 0 0 0 0 
4800 10668 10787 12 165 0 0 0 0 0 
4900 10756 10896 11 174 2 0 0 0 0 
5000 10816 10997 12 183 1 0 1 0 0 
5100 10900 11119 13 200 3 0 0 0 0 
5200 11032 11263 11 193 0 0 0 0 0 
5300 11090 11340 11 195 1 0 0 0 0 
5400 11222 11471 8 189 0 0 0 0 0 
5500 11262 11496 6 190 0 0 0 0 0 
5600 11375 11623 6 169 0 0 0 0 0 
5700 11391 11685 3 195 0 0 0 0 0 
5800 11464 11723 3 211 0 0 0 0 0 
5900 11629 11869 3 198 4 0 0 0 0 
6000 11689 11952 10 208 3 0 0 0 0 
6100 11725 12030 5 205 0 0 0 0 0 
6200 11780 12094 8 211 1 0 0 0 0 
6300 11781 12117 4 209 1 0 0 0 0 
6400 11870 12206 4 214 0 0 0 0 0 
6500 11912 12259 8 204 0 0 0 0 0 
6600 11959 12262 4 214 0 0 0 0 0 
6700 11966 12265 6 212 2 0 0 0 0 
6800 11950 12303 4 200 1 0 0 0 0 
6900 11962 12332 3 211 0 0 0 0 0 
7000 11989 12357 8 195 0 0 0 0 0 
7100 12028 12382 6 181 0 0 0 0 0 
7200 12051 12383 5 181 0 0 0 0 0 
7300 12053 12404 5 182 0 0 0 0 0 
7400 12061 12392 5 193 0 0 0 0 0 
7500 12070 12396 8 195 0 1 0 0 0 
7600 12079 12405 9 186 0 0 0 0 0 
7700 12083 12396 9 198 2 0 0 0 0 
7800 12066 12395 5 182 1 0 0 0 0 
7900 12067 12395 10 188 0 0 0 0 0 
8000 12038 12387 9 185 0 0 0 0 0 
8100 12039 12367 11 194 0 0 0 0 0 
8200 12115 12406 7 170 0 0 0 0 0 
8300 12101 12405 12 184 0 0 0 0 0 
8400 12114 12412 11 177 0 0 0 0 0 
8500 12087 12391 9 205 0 0 0 0 0 
8600 12152 12401 9 185 0 0 0 0 0 
8700 12124 12387 6 195 0 0 0 0 0 
8800 12158 12430 7 195 0 0 0 0 0 
8900 12243 12477 4 200 0 0 0 0 0 
9000 12184 12451 3 182 0 0 0 0 0 
9100 12228 12484 7 206 2 0 1 0 0 
9200 12202 12485 6 220 3 0 0 0 0 
9300 12242 12488 2 206 1 0 0 0 0 
9400 12227 12483 4 202 3 0 2 0 0 
9500 12327 12575 12 183 2 0 0 0 0 
9600 12322 12600 8 202 0 2 0 0 0 
9700 12390 12653 11 183 0 2 0 0 0 
9800 12370 12610 9 243 1 1 0 0 0 
9900 12424 12646 13 246 0 0 0 0 0 
10000 12473 12711 13 207 0 0 0 0 0 
