# Avida tasks data
# Thu Apr 20 05:44:39 2023
# First column gives the current update, next columns give the number
# of organisms that have the particular task as a component of their merit
#  1: Update
#  2: Not
#  3: Nand
#  4: And
#  5: OrNot
#  6: Or
#  7: AndNot
#  8: Nor
#  9: Xor
# 10: Equals

0 0 0 0 0 0 0 0 0 0 
100 0 0 0 0 0 0 0 0 0 
200 0 0 0 0 0 0 0 0 0 
300 0 0 0 0 0 0 0 0 0 
400 0 0 0 0 0 0 0 0 0 
500 49 0 0 0 0 0 0 0 0 
600 827 539 2 106 0 0 0 0 0 
700 1426 1146 0 788 1 0 0 0 0 
800 2327 1747 0 1705 9 3 0 0 0 
900 2975 2548 0 2525 3 3 0 0 0 
1000 3528 3334 29 3313 348 14 0 0 0 
1100 4890 4799 53 4756 2015 42 16 1 1650 
1200 6346 6263 83 6185 3656 58 27 0 3344 
1300 7574 7514 93 7382 5046 77 49 1 4648 
1400 9133 9088 109 8979 6713 66 72 2 6244 
1500 10555 10579 145 10372 8232 99 57 0 7665 
1600 11500 11532 144 11221 9401 108 63 1 8678 
1700 12207 12184 120 12017 10315 104 103 0 9597 
1800 12278 12304 135 12106 10590 142 93 3 9789 
1900 12375 12422 114 12179 10874 140 86 1 10100 
2000 12445 12431 118 12164 10907 135 107 0 10085 
2100 12495 12432 590 12182 10937 261 102 0 10073 
2200 12501 12450 1718 12211 11010 227 102 0 10161 
2300 12498 12500 2483 12232 11077 259 95 0 10234 
2400 12538 12498 3244 12253 10787 266 101 0 10328 
2500 12582 12636 3596 12329 10055 440 99 0 10537 
2600 12609 12629 3462 12321 9809 335 102 0 10562 
2700 12572 12607 3462 12308 9779 335 105 0 10554 
2800 12504 12649 3469 12343 9752 334 99 0 10591 
2900 12539 12660 3453 12352 9714 331 101 0 10606 
3000 12593 12719 3421 12402 9635 365 100 0 10678 
3100 12595 12699 3415 12393 9541 482 99 1 10649 
3200 12591 12715 3419 12395 9460 587 99 0 10618 
3300 12569 12715 3397 12391 9372 648 99 0 10605 
3400 12598 12717 3369 12393 9289 832 97 0 10678 
3500 12615 12712 3455 12392 9246 851 94 0 10668 
3600 12682 12768 3640 12436 9156 846 94 0 10700 
3700 12679 12742 3792 12421 9059 809 89 0 10711 
3800 12684 12760 3908 12451 8950 823 99 0 10717 
3900 12713 12791 4020 12477 8880 844 92 0 10778 
4000 12701 12767 4087 12458 8798 842 88 0 10778 
4100 12726 12790 4208 12462 8712 873 92 0 10779 
4200 12721 12779 4375 12472 8635 793 100 0 10749 
4300 12710 12755 4378 12472 8558 770 99 0 10718 
4400 12714 12735 4477 12426 8484 735 106 0 10732 
4500 12731 12775 4526 12467 8420 750 94 0 10815 
4600 12733 12774 4636 12473 8346 720 90 0 10793 
4700 12733 12754 4671 12453 8278 714 100 0 10809 
4800 12697 12763 4688 12438 8193 688 99 0 10790 
4900 12715 12768 4844 12475 8102 682 94 0 10820 
5000 12709 12777 4868 12486 8046 664 98 0 10844 
5100 12747 12762 4862 12505 7989 651 96 0 10824 
5200 12742 12760 4973 12481 7925 622 106 0 10831 
5300 12773 12767 5124 12487 7830 592 100 0 10844 
5400 12775 12766 5221 12474 7743 569 103 0 10841 
5500 12794 12773 5241 12487 7720 564 106 0 10874 
5600 12814 12772 5262 12491 7651 571 105 0 10870 
5700 12809 12811 5317 12488 7579 530 91 0 10884 
5800 12813 12758 5362 12453 7499 547 90 0 10868 
5900 12842 12769 5387 12503 7411 540 95 0 10884 
6000 12814 12763 5521 12487 7327 520 89 0 10923 
6100 12834 12755 5501 12479 7263 548 86 0 10875 
6200 12827 12727 5495 12467 7193 566 93 0 10830 
6300 12830 12737 5468 12492 7123 577 96 0 10843 
6400 12745 12758 5405 12505 7087 581 90 0 10861 
6500 12586 12754 5306 12506 7083 567 92 0 10861 
6600 12457 12755 5214 12499 7083 561 90 0 10852 
6700 12346 12756 5145 12498 7081 547 93 0 10859 
6800 12191 12766 5066 12518 7081 523 93 0 10870 
6900 12072 12766 4988 12519 7077 508 89 0 10871 
7000 12087 12725 4935 12472 7072 475 90 0 10824 
7100 12145 12749 4891 12512 7063 455 89 0 10854 
7200 12176 12735 4835 12496 7041 447 89 0 10811 
7300 12239 12740 4790 12514 7019 436 86 0 10825 
7400 12247 12722 4760 12494 7006 422 85 0 10816 
7500 12257 12693 4733 12465 7003 409 89 0 10807 
7600 12323 12712 4696 12474 6990 404 88 0 10829 
7700 12358 12756 4666 12519 6978 392 89 0 10870 
7800 12388 12767 4622 12521 6967 388 91 0 10865 
7900 12412 12729 4570 12502 6952 377 88 0 10832 
8000 12459 12738 4519 12503 6949 376 92 0 10841 
8100 12456 12722 4489 12515 6936 370 90 0 10832 
8200 12497 12723 4459 12517 6923 361 92 0 10824 
8300 12519 12712 4432 12491 6909 356 88 0 10805 
8400 12546 12701 4391 12488 6893 353 87 0 10786 
8500 12559 12706 4323 12483 6857 351 86 0 10817 
8600 12550 12709 4266 12488 6838 347 88 0 10846 
8700 12601 12704 4204 12506 6824 334 82 0 10822 
8800 12599 12702 4161 12486 6805 322 82 0 10809 
8900 12598 12713 4096 12511 6788 317 84 0 10841 
9000 12603 12690 4056 12487 6777 320 83 0 10816 
9100 12596 12662 3999 12456 6764 313 83 0 10782 
9200 12662 12698 3967 12503 6755 309 85 0 10820 
9300 12622 12683 3929 12468 6734 310 83 0 10771 
9400 12615 12645 3880 12444 6704 305 88 0 10724 
9500 12642 12648 3833 12448 6681 301 83 0 10756 
9600 12656 12664 3795 12453 6659 294 79 0 10769 
9700 12700 12676 3750 12460 6639 292 84 0 10739 
9800 12653 12681 3719 12461 6623 292 80 0 10783 
9900 12626 12660 3699 12449 6618 290 84 0 10745 
10000 12635 12678 3678 12470 6603 280 80 0 10773 
