# Avida tasks data
# Thu Apr 20 08:44:03 2023
# First column gives the current update, next columns give the number
# of organisms that have the particular task as a component of their merit
#  1: Update
#  2: Not
#  3: Nand
#  4: And
#  5: OrNot
#  6: Or
#  7: AndNot
#  8: Nor
#  9: Xor
# 10: Equals

0 0 0 0 0 0 0 0 0 0 
100 0 0 0 0 0 0 0 0 0 
200 0 0 0 0 0 0 0 0 0 
300 0 0 0 0 0 0 0 0 0 
400 0 0 0 0 0 0 0 0 0 
500 0 0 0 0 0 0 0 0 0 
600 0 0 0 0 0 0 0 0 0 
700 36 0 0 0 0 0 0 0 0 
800 1581 339 0 7 0 0 0 0 0 
900 2600 2195 0 791 2 0 0 0 0 
1000 3284 3399 0 2121 7 0 0 0 0 
1100 4403 4906 0 3670 6 0 0 0 0 
1200 5848 6714 0 5438 20 0 0 0 0 
1300 7562 8771 0 7323 29 0 1 0 0 
1400 9557 11073 0 9380 17 0 1 0 0 
1500 10901 12591 0 10809 174 0 0 0 0 
1600 11530 13137 0 11401 694 0 0 0 0 
1700 11815 13441 0 11650 1980 0 0 0 0 
1800 11929 13565 0 11779 3451 0 0 0 0 
1900 12149 13532 0 11942 4883 0 2 0 0 
2000 12122 13550 0 11844 6169 0 0 0 0 
2100 12104 13554 0 11931 7363 0 1 0 0 
2200 12160 13546 0 11892 8138 0 0 0 0 
2300 12210 13532 0 11925 8949 0 3 0 0 
2400 12277 13572 1 12033 9581 0 1 0 0 
2500 12317 13557 0 11990 9929 0 0 0 0 
2600 12282 13479 0 11998 10385 16 3 0 0 
2700 12381 13515 0 12033 10802 34 3 0 0 
2800 12374 13523 0 12106 11105 29 1 0 0 
2900 12360 13528 1 12053 11277 17 0 0 0 
3000 12430 13560 0 12252 11528 6 0 0 0 
3100 12485 13531 0 12206 11672 12 1 0 0 
3200 12444 13621 0 12190 11659 6 5 0 0 
3300 12495 13545 0 12297 11764 9 0 0 0 
3400 12516 13579 0 12206 11682 18 1 0 0 
3500 12510 13625 0 12247 11707 17 5 0 0 
3600 12509 13597 6 12360 11796 10 3 0 0 
3700 12602 13577 0 12370 11781 1 3 0 0 
3800 12604 13606 0 12426 11859 0 2 0 0 
3900 12650 13649 0 12423 11824 0 0 0 0 
4000 12562 13583 0 12373 11844 0 0 0 0 
4100 12644 13630 0 12510 11947 0 2 0 0 
4200 12685 13626 0 12505 12001 0 0 0 0 
4300 12623 13649 0 12497 12002 0 0 0 0 
4400 12705 13639 3 12580 12062 0 4 0 0 
4500 12732 13598 0 12500 12003 3 11 0 0 
4600 12827 13636 0 12664 12117 2 59 0 0 
4700 12945 13621 0 12616 12176 1 102 0 0 
4800 12862 13657 0 12553 12113 40 163 0 0 
4900 12953 13616 7 12666 12160 288 148 0 0 
5000 12900 13679 12 12743 12260 1114 96 0 0 
5100 12940 13668 13 12751 12272 2499 83 0 0 
5200 13022 13618 39 12725 12179 4284 40 0 0 
5300 13030 13645 41 12694 12218 5850 71 0 0 
5400 13003 13689 72 12620 12097 7203 67 0 0 
5500 12952 13663 78 12637 12122 8216 67 0 0 
5600 13064 13655 240 12772 12083 9259 66 0 0 
5700 13007 13640 545 12649 11638 10047 98 0 0 
5800 13103 13683 915 12663 11337 10938 70 0 0 
5900 13135 13691 1368 12747 10878 11712 92 0 0 
6000 13124 13694 2080 12727 10214 12266 68 0 0 
6100 13244 13650 2566 12766 9789 12646 108 0 0 
6200 13179 13620 3335 12761 8885 12781 75 0 0 
6300 13154 13636 4224 12766 7995 13056 66 0 0 
6400 13257 13624 5131 12855 7101 13088 79 0 0 
6500 13315 13599 6060 12770 6152 13143 54 0 0 
6600 13339 13557 6901 12926 5358 13271 34 0 0 
6700 13369 13560 7754 12995 4603 13373 35 0 0 
6800 13440 13529 8501 13001 3748 13347 21 0 0 
6900 13370 13584 9392 13055 2876 13325 23 0 0 
7000 13454 13497 10154 13082 2092 13336 28 0 1 
7100 13388 13475 10803 13109 1435 13334 37 0 0 
7200 13503 13541 11192 13142 980 13392 21 0 103 
7300 13472 13532 11366 13153 716 12881 29 2 605 
7400 13456 13478 11661 12991 1775 11950 52 3 1970 
7500 13397 13468 11665 12863 2783 10703 219 3 3749 
7600 13460 13413 11914 12736 3241 9972 1436 7 5126 
7700 13394 13317 11957 12673 3931 9509 2234 3 6316 
7800 13433 13252 11972 12639 4792 9276 2873 11 7487 
7900 13479 13206 12075 12665 5914 9173 3126 8 8645 
8000 13474 13176 12101 12711 6809 9225 3128 8 9528 
8100 13460 13144 12169 12729 7604 9219 3179 1 10182 
8200 13448 13065 12127 12677 8547 9265 3015 9 10705 
8300 13487 13044 12173 12790 9222 9465 2932 9 11059 
8400 13415 12950 12113 12704 9870 9760 2709 12 11362 
8500 13504 12959 12266 12898 10430 10270 2495 10 11757 
8600 13537 12926 12183 12908 10835 10672 2194 9 11850 
8700 13467 12901 12094 12958 10916 11258 2065 7 11876 
8800 13503 12920 12190 12999 11346 11533 1800 8 11975 
8900 13549 12881 12186 13028 11634 11885 1613 11 12010 
9000 13513 12905 12149 13048 11777 12126 1412 7 12046 
9100 13464 12965 12094 13112 11915 12297 1209 6 12023 
9200 13516 12887 12144 13139 12182 12487 1013 13 12069 
9300 13541 12944 12170 13173 12404 12684 999 13 12051 
9400 13527 13000 12112 13161 12529 12751 980 7 12080 
9500 13469 12972 12077 13207 12611 12755 1099 4 12072 
9600 13562 12905 12098 13121 12960 12751 1179 13 12079 
9700 13495 12955 12150 13207 13067 12860 1362 4 12086 
9800 13556 13020 11950 13149 13088 12811 1588 6 12045 
9900 13559 13059 12080 13204 13138 12832 1926 4 12111 
10000 13511 12969 12071 13206 13103 12795 2379 14 12167 
