# Avida tasks data
# Thu Apr 20 08:13:11 2023
# First column gives the current update, next columns give the number
# of organisms that have the particular task as a component of their merit
#  1: Update
#  2: Not
#  3: Nand
#  4: And
#  5: OrNot
#  6: Or
#  7: AndNot
#  8: Nor
#  9: Xor
# 10: Equals

0 0 0 0 0 0 0 0 0 0 
100 0 0 0 0 0 0 0 0 0 
200 0 0 0 0 0 0 0 0 0 
300 0 0 0 0 0 0 0 0 0 
400 0 0 0 0 0 0 0 0 0 
500 0 0 0 0 0 0 0 0 0 
600 1920 1903 21 26 0 0 0 0 0 
700 4274 4292 51 40 0 1 0 0 0 
800 6563 6575 62 545 0 7 0 0 0 
900 7693 7782 82 2448 2 8 0 0 0 
1000 8363 8397 83 3913 0 8 91 0 0 
1100 8838 8826 67 4909 11 6 1091 0 0 
1200 9089 9183 56 5714 107 11 2231 0 0 
1300 9451 9545 50 6470 429 9 3375 0 0 
1400 9841 9919 114 7281 944 9 4471 0 0 
1500 10272 10411 220 8060 1587 17 5328 0 0 
1600 10754 11016 350 9034 2375 17 6443 0 0 
1700 11308 11433 882 9781 3281 6 7249 0 0 
1800 11512 11641 2115 10093 4257 208 7587 0 1 
1900 11666 11735 3120 10292 5170 863 7969 0 0 
2000 11839 11988 4100 10540 5975 1560 8573 0 0 
2100 11998 12143 5016 10844 6683 2239 9133 0 0 
2200 12143 12283 5752 10973 7259 2851 9534 0 0 
2300 12355 12365 6566 11079 7864 3492 9880 0 0 
2400 12477 12617 7531 11354 8636 4302 10331 0 0 
2500 12744 12866 8376 11682 9160 5118 10731 0 0 
2600 13020 13138 9267 12096 9720 6020 11184 0 26 
2700 13220 13253 9997 12343 10005 6934 11461 0 80 
2800 13251 13347 10431 12560 10361 7610 11648 0 175 
2900 13239 13277 10807 12624 10639 8161 11756 0 248 
3000 13366 13318 11149 12684 10905 8694 11913 0 371 
3100 13249 13310 11191 12710 11018 8995 11960 1 577 
3200 13347 13324 11095 12817 11226 9175 12018 0 761 
3300 13330 13328 11001 12836 11388 9228 12066 3 969 
3400 13376 13365 10886 12889 11488 9082 12119 2 1247 
3500 13366 13308 10459 12922 11460 8944 12152 0 1629 
3600 13423 13388 10073 13029 11654 8755 12210 2 2178 
3700 13441 13354 9566 13025 11671 8439 12199 0 2533 
3800 13474 13322 8918 13020 11793 7942 12248 0 3116 
3900 13536 13327 8342 13047 11705 7425 12270 0 3675 
4000 13498 13351 7751 13043 11740 7008 12284 2 4157 
4100 13558 13344 7164 13047 11741 6488 12338 240 4761 
4200 13517 13314 6510 12998 11630 5949 12309 1082 5206 
4300 13550 13299 6117 13054 11754 5587 12423 2080 5616 
4400 13599 13417 5538 13115 11745 5139 12383 3086 6123 
4500 13639 13407 5035 13132 11840 4585 12428 4025 6628 
4600 13682 13444 4279 13194 11935 3921 12514 5046 7281 
4700 13701 13419 3432 13089 11939 3170 12369 5984 7816 
4800 13724 13367 2883 13066 11895 2706 12501 6973 8371 
4900 13753 13388 2299 13049 11910 2207 12471 7796 8831 
5000 13733 13396 1815 13200 11979 1741 12438 8470 9284 
5100 13727 13444 1455 13090 11911 1384 12470 8995 9600 
5200 13807 13471 1091 13138 12019 1060 12532 9493 9956 
5300 13751 13495 791 13150 12015 802 12531 9741 10123 
5400 13823 13458 568 13177 12048 635 12494 10042 10315 
5500 13842 13468 402 13129 12033 485 12480 10106 10410 
5600 13793 13416 226 13162 12018 533 12465 10186 10567 
5700 13868 13485 129 13173 12070 546 12529 10438 10740 
5800 13824 13451 67 13152 12052 826 12495 10389 10723 
5900 13853 13515 69 13231 12092 1056 12555 10529 10747 
6000 13804 13491 75 13193 11996 1357 12502 10442 10731 
6100 13786 13466 85 13094 11989 1652 12468 10447 10779 
6200 13812 13467 94 13083 11956 2186 12530 10359 10649 
6300 13797 13466 69 13179 11992 2711 12556 10547 10802 
6400 13787 13459 76 13129 11906 3235 12450 10347 10681 
6500 13828 13514 64 13168 12047 3783 12602 10522 10830 
6600 13808 13514 67 13159 12032 4247 12545 10500 10794 
6700 13814 13473 78 13110 11928 4823 12459 10383 10701 
6800 13791 13496 76 13136 11942 5594 12523 10533 10808 
6900 13795 13462 76 13075 12022 6308 12466 10334 10639 
7000 13812 13472 103 13075 12037 6965 12520 10486 10752 
7100 13795 13483 73 13157 12051 7749 12504 10461 10752 
7200 13792 13540 95 13116 12029 8367 12535 10467 10728 
7300 13852 13539 74 13144 12062 9181 12528 10547 10796 
7400 13804 13520 76 13112 11976 10003 12478 10382 10690 
7500 13773 13532 76 13064 11966 10607 12472 10451 10784 
7600 13759 13561 87 13144 11997 11109 12457 10457 10757 
7700 13773 13551 94 13100 12089 11483 12521 10460 10707 
7800 13782 13538 78 13082 12016 11955 12465 10339 10584 
7900 13801 13543 95 13096 11943 12339 12519 10594 10802 
8000 13814 13564 88 13170 12019 12571 12574 10601 10852 
8100 13771 13543 93 13104 12024 12778 12574 10561 10809 
8200 13801 13490 68 13062 11961 12865 12498 10471 10707 
8300 13809 13486 104 13039 11880 13089 12399 10472 10688 
8400 13827 13537 95 13093 11951 13187 12486 10451 10694 
8500 13760 13534 96 13055 12012 13195 12578 10555 10825 
8600 13805 13513 89 13062 11987 13169 12481 10543 10736 
8700 13871 13574 104 13147 12091 13194 12626 10694 10899 
8800 13816 13530 77 13124 12096 13228 12602 10633 10833 
8900 13805 13530 96 13067 12039 13190 12473 10575 10805 
9000 13795 13576 85 13114 12153 13149 12608 10622 10854 
9100 13766 13539 76 13115 11996 13190 12482 10499 10707 
9200 13817 13584 84 13096 12056 13277 12589 10637 10875 
9300 13826 13598 81 13184 12143 13249 12699 10716 10931 
9400 13829 13593 74 13181 12133 13312 12641 10713 10911 
9500 13806 13579 71 13120 12091 13208 12608 10604 10861 
9600 13851 13598 98 13098 12034 13187 12601 10651 10856 
9700 13832 13568 78 13148 12080 13216 12577 10688 10908 
9800 13801 13618 81 13232 12248 13181 12649 10794 10999 
9900 13808 13596 100 13158 12146 13190 12603 10694 10866 
10000 13903 13616 84 13162 12067 13279 12605 10716 10908 
