# Avida tasks data
# Thu Apr 20 00:49:21 2023
# First column gives the current update, next columns give the number
# of organisms that have the particular task as a component of their merit
#  1: Update
#  2: Not
#  3: Nand
#  4: And
#  5: OrNot
#  6: Or
#  7: AndNot
#  8: Nor
#  9: Xor
# 10: Equals

0 0 0 0 0 0 0 0 0 0 
100 0 0 0 0 0 0 0 0 0 
200 0 0 0 0 0 0 0 0 0 
300 0 0 0 0 0 0 0 0 0 
400 0 0 0 0 0 0 0 0 0 
500 0 0 0 0 0 0 0 0 0 
600 0 0 0 0 0 0 0 0 0 
700 0 0 0 0 0 0 0 0 0 
800 0 0 0 0 0 0 0 0 0 
900 87 0 2 0 0 0 0 0 0 
1000 661 67 0 0 0 0 0 0 0 
1100 2196 1021 0 14 0 0 0 0 0 
1200 4328 3078 0 29 0 0 0 0 0 
1300 6073 5036 2 102 17 0 0 0 0 
1400 7543 6525 1 264 7 395 2 0 0 
1500 8780 7305 10 425 13 1606 7 0 0 
1600 10001 8950 24 552 27 3208 8 0 0 
1700 10738 10282 26 1146 10 4656 14 0 0 
1800 11120 10948 23 1867 24 5925 33 0 0 
1900 11411 11461 35 2639 53 6925 60 0 0 
2000 11651 11814 38 3440 146 8070 169 0 0 
2100 11700 11734 40 4144 595 8793 286 0 0 
2200 11988 11824 48 5387 1966 9500 114 0 0 
2300 12036 12187 78 6806 3564 9763 87 0 0 
2400 12115 12412 71 7720 5072 10153 247 0 0 
2500 12249 12560 65 6675 6294 10418 2129 0 0 
2600 12310 12605 94 5063 7597 10595 4373 0 0 
2700 12517 12655 83 4271 8684 10941 6155 0 0 
2800 12497 12701 125 3943 9710 11198 7455 0 0 
2900 12731 12793 199 4347 10537 11565 8431 0 0 
3000 12916 12804 222 4538 11317 11850 9438 0 0 
3100 13109 12955 246 5022 11832 12119 10081 0 0 
3200 13090 12966 328 5528 12289 12229 10701 0 0 
3300 12972 12931 388 6118 12413 12339 10978 0 0 
3400 13051 12966 393 6776 12550 12440 11271 0 0 
3500 13155 13060 382 7461 12722 12586 11621 0 0 
3600 13120 13049 373 8280 12837 12589 11849 0 0 
3700 13086 12989 313 9110 12762 12549 11840 0 0 
3800 13055 12995 322 9850 12802 12534 12001 0 0 
3900 13146 13116 395 10500 12860 12686 12100 0 0 
4000 13187 13099 504 11022 12827 12647 12050 0 0 
4100 13180 13132 600 11549 12869 12679 12103 0 0 
4200 13064 13105 758 11780 12832 12589 12011 0 0 
4300 13083 13041 939 12056 12893 12539 12084 0 0 
4400 13063 13048 1043 12368 12866 12479 12090 0 0 
4500 13131 13078 1183 12396 12772 12556 12026 0 4 
4600 13144 13034 1332 12513 12812 12583 11975 0 4 
4700 13212 13107 1462 12509 12846 12676 12015 0 8 
4800 13203 13201 1721 12545 12903 12597 12053 0 12 
4900 13146 13132 2033 12578 12820 12532 12067 0 16 
5000 13143 13095 2433 12613 12824 12625 12005 0 5 
5100 13057 13075 2724 12689 12856 12540 12057 0 2 
5200 13085 13130 3013 12713 12864 12526 12142 0 0 
5300 13146 13158 3307 12641 12902 12599 12156 0 0 
5400 13194 13149 3574 12753 12956 12632 12148 0 0 
5500 13132 13086 3901 12590 12816 12542 12055 0 0 
5600 13238 13115 4240 12711 12890 12655 12058 0 0 
5700 13142 13136 4618 12827 12944 12599 12134 0 0 
5800 13121 13142 5009 12799 12961 12545 12167 0 1 
5900 13070 13137 5443 12782 12829 12417 11999 0 0 
6000 13166 13177 5812 12825 12905 12673 12093 0 0 
6100 13096 13118 6120 12816 12826 12506 12032 0 0 
6200 13103 13115 6383 12834 12979 12478 12158 0 0 
6300 13060 13144 6772 12672 12909 12538 12084 1 0 
6400 13230 13077 7136 12731 12864 12567 12067 0 0 
6500 13139 13183 7488 12753 12892 12469 12072 0 0 
6600 13072 13180 8207 12843 12852 12568 12118 0 0 
6700 13049 13184 8573 12891 12960 12514 12195 0 0 
6800 13057 13132 8857 12909 12996 12508 12158 0 0 
6900 13113 13208 9352 12951 12907 12507 12135 0 0 
7000 13136 13153 9690 12892 12939 12475 12102 0 0 
7100 13127 13109 9995 12948 12967 12556 12153 0 0 
7200 13156 13156 10165 12962 12941 12559 12189 0 0 
7300 13136 13151 10535 12966 12958 12587 12167 0 0 
7400 13164 13179 10519 12961 12956 12512 12214 0 0 
7500 13129 13114 10624 12948 12929 12418 12079 0 0 
7600 13160 13095 10641 12976 13078 12480 12205 0 0 
7700 13094 13220 10896 12981 13003 12429 12191 0 0 
7800 13189 13197 10975 12947 12981 12460 12134 0 0 
7900 13154 13153 11084 12974 12974 12462 12166 0 0 
8000 13096 13138 11321 12992 13027 12525 12222 0 0 
8100 13143 13100 11271 12966 12936 12561 12228 0 1 
8200 13185 13046 11302 12993 12934 12549 12126 0 0 
8300 13204 13086 11273 12928 13022 12541 12222 0 0 
8400 13176 13171 11241 13049 13052 12546 12299 0 0 
8500 13136 13220 11436 12957 13048 12568 12240 0 0 
8600 13190 13160 11346 12932 13038 12603 12185 0 0 
8700 13204 13179 11300 12980 13056 12589 12223 0 0 
8800 13231 13179 11349 12934 13014 12652 12200 0 0 
8900 13266 13122 11263 12998 13018 12692 12222 0 0 
9000 13279 13240 11352 13010 13044 12741 12268 0 0 
9100 13145 13220 11426 12973 12996 12539 12240 0 0 
9200 13186 13177 11372 13088 13095 12578 12299 0 0 
9300 13158 13154 11269 13030 13088 12568 12294 0 0 
9400 13215 13255 11404 13173 13136 12656 12488 0 0 
9500 13197 13324 11437 12974 12990 12685 12199 0 0 
9600 13240 13260 11415 13084 13015 12690 12266 0 0 
9700 13283 13227 11410 13024 13109 12675 12299 0 0 
9800 13233 13223 11454 12899 13024 12591 12228 0 0 
9900 13252 13177 11480 12876 12964 12714 12181 0 0 
10000 13280 13263 11496 12897 12948 12580 12200 0 0 
