# Avida tasks data
# Thu Apr 20 01:59:52 2023
# First column gives the current update, next columns give the number
# of organisms that have the particular task as a component of their merit
#  1: Update
#  2: Not
#  3: Nand
#  4: And
#  5: OrNot
#  6: Or
#  7: AndNot
#  8: Nor
#  9: Xor
# 10: Equals

0 0 0 0 0 0 0 0 0 0 
100 0 0 0 0 0 0 0 0 0 
200 0 0 0 0 0 0 0 0 0 
300 0 0 0 0 0 0 0 0 0 
400 0 0 0 0 0 0 0 0 0 
500 292 765 0 839 0 0 3 0 0 
600 555 2117 1 2357 0 0 7 0 0 
700 1453 3740 13 3966 0 32 51 0 0 
800 2872 5288 41 5498 0 57 105 0 0 
900 4523 6979 49 7177 30 105 102 0 0 
1000 5718 8288 56 8360 44 179 95 0 0 
1100 6675 9067 102 9264 642 240 75 0 0 
1200 7305 9268 113 9551 1941 331 72 0 0 
1300 8050 9389 128 9727 3125 472 43 0 0 
1400 8528 9447 135 9833 4132 514 63 0 0 
1500 9029 9788 121 9937 5017 502 100 0 0 
1600 9627 10044 102 10088 5879 477 120 0 0 
1700 10146 10409 102 10514 6809 313 153 0 0 
1800 10877 10888 109 11018 7749 266 161 0 0 
1900 11271 11215 95 11216 8305 224 183 0 0 
2000 11580 11434 80 11438 8807 230 208 0 0 
2100 12004 11647 56 11691 9422 248 191 0 0 
2200 12326 11849 21 11675 9745 191 205 0 2 
2300 12434 12045 7 11797 10125 181 216 0 1 
2400 12601 12128 6 11919 10354 177 224 0 0 
2500 12776 12406 6 12065 10623 194 217 0 0 
2600 12926 12381 3 12144 10903 172 237 0 0 
2700 13054 12579 3 12264 11090 171 239 0 0 
2800 13107 12523 2 12338 11176 186 227 0 0 
2900 13189 12579 5 12323 11230 203 290 0 0 
3000 13218 12723 3 12331 11277 214 309 0 0 
3100 13211 12807 0 12394 11243 296 358 0 0 
3200 13233 12848 8 12354 11187 360 445 0 0 
3300 13181 12810 6 12437 11212 382 497 0 0 
3400 13277 12754 10 12331 11043 443 626 0 0 
3500 13259 12742 9 12489 11128 449 766 1 0 
3600 13170 12602 6 12386 11060 521 878 0 0 
3700 13226 12795 20 12447 11066 2282 1318 0 0 
3800 13188 12943 29 12384 11169 4131 2662 0 0 
3900 13179 13077 24 12389 11199 5681 3649 0 0 
4000 13256 13165 29 12353 11225 6902 4656 0 0 
4100 13296 13228 37 12387 11251 7990 5757 0 0 
4200 13270 13380 52 12377 11308 9104 6733 0 0 
4300 13248 13457 49 12377 11435 9925 7660 0 0 
4400 13226 13485 45 12352 11370 10695 8401 0 0 
4500 13337 13553 55 12330 11360 11215 9031 0 6 
4600 13385 13579 39 12269 11359 11593 9620 0 27 
4700 13380 13677 33 12322 11322 11889 10114 0 87 
4800 13382 13731 43 12330 11213 12116 10342 0 232 
4900 13311 13698 32 12307 11065 12256 10579 0 368 
5000 13363 13715 31 12194 11124 12324 10386 0 540 
5100 13416 13713 33 12240 11400 12350 8806 0 1943 
5200 13375 13683 50 12294 11409 12428 7478 0 3410 
5300 13389 13682 37 12208 11421 12401 6231 0 4703 
5400 13349 13656 44 12143 11296 12308 5111 0 5736 
5500 13303 13656 45 12188 11355 12429 4790 0 6097 
5600 13427 13635 40 12223 11452 12399 3896 2 7211 
5700 13287 13588 33 12139 11361 12314 3196 0 7846 
5800 13289 13581 51 12076 11333 12301 2357 0 8597 
5900 13250 13685 37 12114 11373 12311 2120 1 8912 
6000 13328 13693 43 12145 11384 12360 2000 2 9025 
6100 13382 13564 39 12109 11307 12287 1575 1 9490 
6200 12976 12522 34 12055 11233 12244 1605 2 9416 
6300 12737 12143 37 12062 11258 12274 1619 0 9425 
6400 12610 11873 34 12018 11253 12242 1602 0 9425 
