# Avida tasks data
# Thu Apr 20 03:06:02 2023
# First column gives the current update, next columns give the number
# of organisms that have the particular task as a component of their merit
#  1: Update
#  2: Not
#  3: Nand
#  4: And
#  5: OrNot
#  6: Or
#  7: AndNot
#  8: Nor
#  9: Xor
# 10: Equals

0 0 0 0 0 0 0 0 0 0 
100 0 0 0 0 0 0 0 0 0 
200 0 0 0 0 0 0 0 0 0 
300 0 0 0 0 0 0 0 0 0 
400 0 0 0 0 0 0 0 0 0 
500 0 0 0 0 0 0 0 0 0 
600 37 0 0 0 0 0 0 0 0 
700 474 2 0 0 0 0 0 0 0 
800 1414 427 0 283 0 0 0 0 0 
900 2369 502 0 1716 4 0 0 0 0 
1000 3146 1791 0 2733 19 1 0 0 0 
1100 4150 3141 4 3792 18 0 2 0 0 
1200 5003 4213 1 4701 35 0 2 0 0 
1300 5285 4613 0 4975 24 2 4 0 0 
1400 5285 4613 0 4974 23 2 4 0 0 
1500 5285 4613 0 4974 23 2 4 0 0 
1600 5284 4612 0 4973 23 2 4 0 0 
1700 5284 4612 0 4973 23 2 4 0 0 
1800 5284 4613 0 4973 23 2 4 0 0 
1900 5284 4614 0 4974 23 2 4 0 0 
2000 5283 4613 0 4973 23 2 4 0 0 
2100 5284 4613 0 4973 23 2 4 0 0 
2200 5284 4613 0 4973 23 2 4 0 0 
2300 5421 4803 0 5154 36 0 5 0 0 
2400 5571 4957 0 5436 41 0 17 0 0 
2500 5716 5208 0 5628 27 1 30 0 0 
2600 5707 5122 0 5620 26 0 27 0 0 
2700 5701 5049 0 5615 25 3 30 0 0 
2800 5682 5018 0 5606 27 1 30 0 0 
2900 5692 4886 0 5598 51 0 25 0 0 
3000 5705 4834 2 5618 162 24 32 0 0 
3100 5701 4834 2 5613 165 24 29 0 0 
3200 5704 4813 0 5625 197 28 37 0 0 
3300 5783 4787 0 5721 835 29 22 0 0 
