# Avida tasks data
# Thu Apr 20 04:00:02 2023
# First column gives the current update, next columns give the number
# of organisms that have the particular task as a component of their merit
#  1: Update
#  2: Not
#  3: Nand
#  4: And
#  5: OrNot
#  6: Or
#  7: AndNot
#  8: Nor
#  9: Xor
# 10: Equals

0 0 0 0 0 0 0 0 0 0 
100 0 0 0 0 0 0 0 0 0 
200 0 0 0 0 0 0 0 0 0 
300 0 0 0 0 0 0 0 0 0 
400 0 0 0 0 0 0 0 0 0 
500 18 0 0 0 0 0 0 0 0 
600 1110 1068 0 11 0 0 0 0 0 
700 2657 2688 0 865 7 0 0 0 0 
800 4405 4448 0 2608 16 0 0 0 0 
900 6246 6344 0 4594 29 0 0 0 0 
1000 8199 8308 0 6715 24 6 0 0 0 
1100 9832 9974 0 8624 45 12 0 0 0 
1200 11137 11285 2 10266 60 77 0 0 0 
1300 12192 12350 0 11632 75 197 0 0 0 
1400 12650 12763 37 12406 64 230 0 0 0 
1500 12819 12883 283 12725 61 331 0 0 0 
1600 12908 13016 632 12927 73 384 0 0 0 
1700 12874 12976 1179 12890 61 386 0 0 0 
1800 12916 12945 2086 12904 63 278 120 0 0 
1900 12954 13007 2404 13010 65 231 932 0 0 
2000 12949 12961 2026 12934 75 234 2145 0 0 
2100 12926 12897 1771 12892 92 263 3265 0 0 
2200 12990 12874 1357 12948 85 312 4366 0 0 
2300 13054 12816 1153 12935 93 263 5494 0 0 
2400 13048 12790 879 12961 101 245 6418 0 1 
2500 13066 12816 640 12971 111 243 7374 0 0 
2600 13067 12830 403 12966 183 198 8120 0 1 
2700 13052 12778 284 13013 308 157 8683 0 0 
2800 13151 12832 253 13071 453 137 9208 0 1 
2900 13066 12718 210 13004 626 126 9457 0 2 
3000 13065 12759 177 13052 851 114 9725 0 27 
3100 13010 12763 147 13077 1062 110 9653 0 208 
3200 13042 12763 170 13076 1371 79 9640 0 519 
3300 13029 12701 469 13024 1768 89 9289 0 746 
3400 13022 12791 1201 13023 2382 53 9263 0 841 
3500 13037 12736 2125 12995 3021 126 9090 1 896 
3600 13022 12812 3208 13085 3808 136 9274 1 827 
3700 13065 12782 4213 13058 4481 214 9238 0 802 
3800 13000 12774 5205 13020 5212 234 9280 0 787 
3900 13036 12775 6283 13037 6010 247 9341 0 780 
4000 13080 12783 6977 13032 6599 276 9368 0 782 
4100 13085 12888 8031 13049 7167 275 9578 0 639 
4200 13030 12805 8715 13003 7627 386 9519 0 516 
4300 13122 12838 9615 13061 8317 375 9775 0 448 
4400 13062 12862 10277 13113 8705 384 9887 2 301 
4500 13063 12784 10672 13037 8850 419 9920 0 294 
4600 13095 12815 10627 13079 8819 443 10115 0 572 
4700 12915 12723 10384 13028 8358 462 10038 9 1079 
4800 13014 12794 9862 13009 7945 383 10084 12 1650 
4900 13040 12826 9256 12998 7371 383 10145 16 2372 
5000 12937 12743 8367 13016 6551 349 10024 28 3070 
5100 12922 12780 7536 13038 5876 281 10093 65 3877 
5200 12893 12758 6710 13026 5204 251 10181 66 4618 
5300 12797 12762 5815 13045 4184 295 9897 106 5366 
5400 12736 12706 4827 12988 3513 239 9867 132 6116 
5500 12819 12729 3997 13018 2873 197 9919 132 6851 
5600 12864 12791 3281 12990 2362 149 10029 139 7501 
5700 12821 12800 2674 13009 1782 129 10038 165 8101 
5800 12839 12834 2153 13123 1364 137 10052 155 8519 
5900 12816 12797 1755 13098 1068 127 10029 161 8784 
6000 12929 12847 1422 13088 815 96 10273 118 9197 
6100 13023 12909 1295 13094 607 100 10317 75 9420 
6200 12905 12755 1268 13027 458 95 10123 54 9375 
6300 13013 12756 1564 13060 343 85 10218 21 9559 
6400 13175 12913 2093 13206 224 91 10483 23 9852 
6500 13194 12946 2615 13176 223 103 10587 11 10030 
6600 13168 13007 3165 13309 188 165 10598 7 10118 
6700 13221 12954 3925 13303 219 160 10623 7 10185 
6800 13270 12977 4487 13285 346 267 10729 3 10249 
6900 13282 12994 5010 13333 532 296 10784 1 10280 
7000 13317 13067 5688 13385 726 438 10801 1 10390 
7100 13343 13088 6284 13427 1001 507 10881 1 10424 
7200 13361 13044 6939 13409 1408 530 10844 0 10415 
7300 13338 13137 7581 13402 1700 599 10857 0 10456 
7400 13367 13116 8017 13457 2045 804 10843 2 10419 
7500 13403 13120 8481 13531 2344 891 10979 5 10551 
7600 13424 13169 8898 13559 2816 1104 11014 1 10610 
7700 13389 13149 9217 13550 3200 1273 10985 0 10571 
7800 13502 13148 9536 13535 3680 1547 11122 0 10706 
7900 13493 13105 9820 13595 4142 1924 10995 0 10623 
8000 13450 13164 10082 13570 4555 2199 11018 1 10685 
8100 13489 13133 10120 13570 4976 2602 10940 0 10543 
8200 13465 13101 10361 13518 5598 2976 10905 0 10497 
8300 13493 13191 10679 13589 5981 3335 10970 0 10627 
8400 13480 13117 10731 13554 6377 3637 10869 0 10448 
8500 13501 13237 11055 13625 6850 3960 11068 3 10701 
8600 13413 13142 11073 13566 7023 4411 10940 2 10526 
8700 13450 13139 11098 13595 7185 4812 10791 0 10369 
8800 13453 13102 11200 13524 7592 5258 10747 0 10401 
8900 13476 13173 11369 13593 7856 5657 10749 1 10375 
9000 13520 13161 11400 13589 8214 6085 10793 0 10428 
9100 13513 13122 11435 13532 8407 6444 10835 0 10427 
9200 13478 13078 11643 13502 8733 7044 10786 0 10397 
9300 13427 13091 11742 13437 8814 7408 10756 0 10381 
9400 13497 13063 11590 13386 8850 7743 10647 2 10294 
9500 13442 13122 11679 13407 9129 8192 10655 0 10261 
9600 13424 13088 11576 13380 9328 8516 10508 0 10184 
9700 13437 13113 11544 13432 9410 8824 10471 0 10078 
9800 13458 13124 11678 13398 9527 9180 10573 1 10218 
9900 13434 13094 11587 13424 9540 9439 10470 0 10100 
10000 13459 13087 11533 13252 9605 9685 10509 1 10092 
