# Avida tasks data
# Thu Apr 20 06:58:25 2023
# First column gives the current update, next columns give the number
# of organisms that have the particular task as a component of their merit
#  1: Update
#  2: Not
#  3: Nand
#  4: And
#  5: OrNot
#  6: Or
#  7: AndNot
#  8: Nor
#  9: Xor
# 10: Equals

0 0 0 0 0 0 0 0 0 0 
100 0 0 0 0 0 0 0 0 0 
200 0 0 0 0 0 0 0 0 0 
300 0 0 0 0 0 0 0 0 0 
400 95 30 0 0 0 0 0 0 0 
500 1120 1097 0 16 0 0 0 0 0 
600 2437 2607 0 106 0 0 0 0 0 
700 3808 4164 0 652 1 0 0 0 0 
800 5348 5983 0 1801 26 8 0 0 0 
900 7137 7954 2 3396 80 33 0 0 0 
1000 8609 9630 6 4947 220 101 0 0 0 
1100 9914 11054 1 6497 620 78 2 0 0 
1200 10606 11949 12 7761 1135 147 2 0 0 
1300 11141 12508 8 8891 1626 247 7 0 0 
1400 11680 13018 4 9893 1904 374 352 0 0 
1500 11829 13290 4 10188 1711 179 1231 0 0 
1600 11887 13276 17 10507 1620 173 2283 0 0 
1700 11980 13324 4 10926 1486 498 3516 0 0 
1800 12177 13289 18 11110 1302 1153 4517 0 0 
1900 12197 13339 12 11263 1156 2018 5424 0 0 
2000 12321 13338 22 11289 1027 2971 6155 0 0 
2100 12347 13322 31 11241 938 3630 6918 0 0 
2200 12398 13346 53 11388 827 4589 7699 0 0 
2300 12450 13313 74 11293 726 5452 8138 0 0 
2400 12490 13204 106 11476 691 6230 8758 0 0 
2500 12501 13320 87 11426 638 7026 9143 0 0 
2600 12609 13296 86 11556 559 7777 9518 0 0 
2700 12463 13295 59 11391 485 8484 9619 0 0 
2800 12671 13325 37 11516 446 9069 9922 0 0 
2900 12609 13277 49 11602 364 9605 10083 0 0 
3000 12717 13277 55 11655 349 10219 10198 0 0 
3100 12657 13220 47 11486 416 10635 10173 0 0 
3200 12713 13269 48 11575 570 10985 10267 0 0 
3300 12647 13303 56 11534 704 11339 10338 0 0 
3400 12653 13369 41 11631 989 11688 10404 0 0 
3500 12794 13382 45 11665 1437 11801 10512 0 0 
3600 12665 13304 55 11618 2109 12020 10435 0 0 
3700 12702 13375 32 11773 2741 12195 10583 0 0 
3800 12661 13309 72 11851 3430 12322 10513 0 2 
3900 12600 13352 40 11714 4159 12396 10306 0 28 
4000 12705 13356 214 11865 5053 12363 10339 0 187 
4100 12673 13377 1120 11616 5603 11739 9913 0 834 
4200 12654 13332 2343 10228 5545 10503 10061 0 1795 
4300 12659 13347 3723 8906 5285 9027 10425 0 2882 
4400 12654 13312 4963 7611 4735 7663 10576 0 3975 
4500 12726 13352 6186 6609 4015 6456 10807 0 4914 
4600 12686 13328 7211 5563 3276 5397 10974 0 5745 
4700 12757 13344 8209 4514 2599 4325 10982 0 6664 
4800 12710 13352 9232 3605 1885 3240 10986 0 7419 
4900 12761 13364 10234 2724 1154 2167 11077 0 8199 
5000 12795 13393 11046 2090 632 1443 11197 0 8967 
5100 12825 13402 11500 1836 342 1013 11217 0 9266 
5200 12869 13381 11770 2165 199 828 11204 0 9474 
5300 12747 13390 11929 2643 128 782 11191 0 9476 
5400 12775 13350 11989 3486 113 813 11142 0 9550 
5500 12866 13347 12035 4390 77 818 11212 0 9654 
5600 12754 13289 12217 5442 42 952 11126 0 9599 
5700 12854 13404 12269 6575 18 1124 11281 0 9822 
5800 12895 13322 12406 7428 14 1444 11335 0 9821 
5900 12880 13309 12171 8369 22 1867 11329 0 9858 
6000 12813 13309 12304 8949 29 2361 11290 0 9846 
6100 12799 13281 12263 9636 22 2815 11145 0 9669 
6200 12891 13342 12276 10112 25 3322 11354 0 9828 
6300 12956 13274 12169 10522 28 3800 11205 0 9782 
6400 12861 13358 12246 10829 32 4384 11143 0 9693 
6500 12988 13367 12236 11318 68 4994 11225 0 9789 
6600 12901 13330 12227 11464 50 5381 11187 0 9739 
6700 13053 13363 12298 11790 86 6072 11310 0 9917 
6800 13014 13362 12276 11862 88 6580 11305 0 9939 
6900 13023 13430 12359 11745 104 7109 11399 0 9933 
7000 13013 13330 12282 11875 144 7750 11285 0 9908 
7100 13053 13312 12186 11961 120 8388 11254 2 9889 
7200 13067 13402 12313 12014 139 9018 11353 0 10020 
7300 13026 13400 12321 12004 168 9554 11176 0 9821 
7400 13104 13377 12219 12087 131 9882 11286 0 9868 
7500 13112 13417 12341 12136 132 10245 11321 0 9933 
7600 13127 13422 12330 12144 160 10603 11347 2 9950 
7700 13160 13415 12382 12176 113 10996 11377 0 10003 
7800 13193 13380 12359 12164 96 11276 11452 0 10100 
7900 13133 13477 12433 12132 84 11534 11332 0 9993 
8000 13174 13441 12405 12212 128 11716 11289 0 9911 
8100 13123 13439 12413 12191 167 11641 11308 0 9924 
8200 13307 13464 12434 12306 151 11840 11491 0 10159 
8300 13278 13418 12551 12309 128 12050 11458 0 10118 
8400 13161 13378 12362 12194 132 12076 11328 0 9897 
8500 13213 13369 12362 12333 105 12150 11291 0 9875 
8600 13251 13362 12354 12302 54 12241 11377 0 10028 
8700 13271 13370 12310 12419 86 12269 11571 0 10101 
8800 13304 13433 12416 12418 115 12380 11477 0 10087 
8900 13307 13362 12388 12432 147 12303 11483 0 10098 
9000 13271 13418 12405 12434 180 12360 11464 0 10062 
9100 13282 13498 12450 12489 153 12401 11534 0 10192 
9200 13300 13363 12409 12480 174 12431 11444 0 10122 
9300 13301 13391 12456 12495 283 12353 11551 0 10215 
9400 13386 13490 12501 12611 428 12433 11615 0 10220 
9500 13298 13393 12395 12541 528 12429 11495 0 10078 
9600 13315 13493 12515 12553 704 12464 11589 0 10283 
9700 13479 13459 12506 12714 894 12497 11712 0 10350 
9800 13388 13405 12384 12701 1049 12348 11685 0 10296 
9900 13376 13437 12468 12710 1151 12470 11666 0 10328 
10000 13405 13498 12560 12696 1525 12507 11736 0 10383 
