# Avida tasks data
# Thu Apr 20 04:59:59 2023
# First column gives the current update, next columns give the number
# of organisms that have the particular task as a component of their merit
#  1: Update
#  2: Not
#  3: Nand
#  4: And
#  5: OrNot
#  6: Or
#  7: AndNot
#  8: Nor
#  9: Xor
# 10: Equals

0 0 0 0 0 0 0 0 0 0 
100 0 0 0 0 0 0 0 0 0 
200 0 0 0 0 0 0 0 0 0 
300 0 0 0 0 0 0 0 0 0 
400 0 0 0 0 0 0 0 0 0 
500 0 0 0 0 0 0 0 0 0 
600 0 0 0 0 0 0 0 0 0 
700 23 0 0 0 0 0 0 0 0 
800 844 2 0 0 0 0 0 0 0 
900 2261 531 0 68 1 0 0 0 0 
1000 3554 2307 9 2178 5 0 0 0 0 
1100 4624 3799 29 3646 36 1 0 0 0 
1200 5751 5254 26 5108 249 0 0 0 0 
1300 7306 7000 79 6765 682 3 0 0 0 
1400 8835 8669 73 8358 1113 4 0 0 0 
1500 10556 10505 92 10254 1718 6 0 0 0 
1600 12188 12185 129 11796 2523 6 0 0 0 
1700 12981 12984 116 12518 3282 23 0 0 0 
1800 12984 13017 511 12627 3846 18 0 0 0 
1900 12946 13156 2261 12731 3940 42 1 0 0 
2000 12962 13106 3785 12776 3702 79 0 0 0 
2100 13039 13199 5108 12848 3335 89 1 0 0 
2200 13055 13183 6542 12827 2892 120 2 0 0 
2300 12961 13206 7757 12874 2396 157 3 0 0 
2400 13032 13220 8840 12842 1904 168 4 0 0 
2500 12892 13141 9696 12704 1531 199 2 0 0 
2600 12995 13155 10500 12777 1196 184 4 0 0 
2700 13044 13245 11114 12808 884 190 2 0 0 
2800 13015 13130 11629 12817 718 205 1 0 0 
2900 12965 13183 11849 12876 583 251 0 0 0 
3000 12981 13182 12224 12828 474 203 7 0 0 
3100 12924 13141 12357 12881 359 226 7 0 0 
3200 12983 13168 12530 12809 224 219 2 0 0 
3300 12997 13213 12632 12864 151 214 7 0 0 
3400 13081 13134 12729 12842 67 249 5 0 0 
3500 12991 13177 12740 12821 51 196 5 0 0 
3600 13070 13193 12831 12807 50 206 3 0 0 
3700 12960 13171 12750 12847 36 217 11 0 0 
3800 13064 13160 12837 12880 48 218 5 0 0 
3900 13053 13174 12824 12848 37 229 14 0 0 
4000 13075 13236 12746 12881 51 247 8 0 0 
4100 13130 13236 12831 12874 41 219 2 0 0 
4200 13045 13242 12797 12939 66 238 9 0 0 
4300 13094 13202 12879 12857 53 202 3 0 0 
4400 13058 13164 12763 12807 59 216 3 0 0 
4500 13134 13150 12820 12792 45 219 5 0 0 
4600 13193 13239 12849 12923 66 232 4 0 0 
4700 13218 13226 12845 12897 38 228 6 0 0 
4800 13169 13245 12797 12859 40 231 9 0 0 
4900 13105 13214 12835 12838 53 198 6 0 0 
5000 13107 13227 12811 12807 53 236 3 0 0 
5100 13185 13212 12818 12917 63 255 3 0 0 
5200 13153 13182 12893 12842 50 234 3 0 0 
5300 13108 13269 12932 12981 47 220 6 0 0 
5400 13136 13240 12805 12911 46 232 6 0 0 
5500 13209 13287 12828 12859 37 215 8 0 0 
5600 13104 13234 12724 12866 41 269 13 0 0 
5700 13135 13229 12878 12893 43 216 4 0 0 
5800 13154 13213 12775 12910 59 266 8 0 0 
5900 13069 13168 12840 12854 44 278 8 0 0 
6000 13108 13214 12887 12950 40 316 5 0 0 
6100 13205 13252 12878 12993 35 383 5 0 0 
6200 13104 13195 12837 12905 57 441 13 0 0 
6300 13238 13226 12937 12938 35 554 3 0 0 
6400 13222 13212 12879 12978 47 706 5 0 0 
6500 13221 13288 12949 12960 45 938 6 0 0 
6600 13273 13324 12903 13093 54 1238 10 0 0 
6700 13242 13309 12945 12951 28 1579 7 0 0 
6800 13293 13346 12884 13014 46 1854 9 0 0 
6900 13185 13268 12895 12941 49 2089 16 0 0 
7000 13181 13226 12892 12957 55 2424 18 0 0 
7100 13302 13266 12993 12905 132 2906 8 0 0 
7200 13234 13272 12967 13006 316 3409 9 0 0 
7300 13275 13203 12865 12926 509 3913 16 4 0 
7400 13201 13148 12809 12903 621 4359 41 196 0 
7500 13159 13005 12893 12730 759 4795 172 596 0 
7600 13054 12903 12813 12693 1380 5032 269 1358 0 
7700 12953 12853 12908 12653 2501 5514 253 2380 0 
7800 12804 12713 12791 12485 3514 6037 331 3294 0 
7900 12659 12598 12711 12520 4704 6806 698 4396 894 
8000 12823 12411 12696 12495 6508 8244 2548 5688 2753 
8100 12884 12299 12620 12490 7772 9159 3989 6690 4112 
8200 13053 12227 12605 12441 8793 9810 5281 7489 5318 
8300 13142 12206 12579 12429 9634 10433 6519 8052 6265 
8400 13257 12111 12548 12336 10323 10719 7628 8515 7045 
8500 13492 12102 12571 12385 11089 11184 8551 9198 7827 
8600 13530 12056 12513 12379 11485 11379 9303 9366 8188 
8700 13652 12115 12506 12371 11894 11599 9984 9711 8785 
8800 13690 12087 12373 12279 12105 11608 10483 9768 9025 
8900 13744 11948 12292 12321 12135 11616 10677 9785 9137 
9000 13797 12097 12473 12420 12205 11853 11084 9905 9402 
9100 13798 11991 12425 12258 12326 11689 11225 9767 9408 
9200 13888 12052 12319 12372 12322 11735 11330 9931 9630 
9300 13836 12146 12370 12423 12371 11791 11525 9959 9781 
9400 13829 12151 12376 12473 12419 11832 11613 9965 9925 
9500 13832 11999 12314 12399 12389 11739 11653 9945 9863 
9600 13801 12070 12302 12343 12394 11710 11663 9936 9881 
9700 13808 12024 12358 12399 12512 11702 11773 9978 9881 
9800 13808 11985 12317 12377 12417 11725 11721 9901 9789 
9900 13785 11990 12300 12360 12368 11717 11647 9919 9816 
10000 13843 12035 12383 12370 12496 11783 11724 9930 9864 
