# Avida tasks data
# Thu Apr 20 05:14:45 2023
# First column gives the current update, next columns give the number
# of organisms that have the particular task as a component of their merit
#  1: Update
#  2: Not
#  3: Nand
#  4: And
#  5: OrNot
#  6: Or
#  7: AndNot
#  8: Nor
#  9: Xor
# 10: Equals

0 0 0 0 0 0 0 0 0 0 
100 0 0 0 0 0 0 0 0 0 
200 0 0 0 0 0 0 0 0 0 
300 0 0 0 0 0 0 0 0 0 
400 0 0 0 0 0 0 0 0 0 
500 11 167 0 33 0 0 0 0 0 
600 22 723 1 916 0 0 0 0 0 
700 269 1546 0 1924 1 0 0 0 0 
800 1436 2180 2 2529 20 0 0 0 0 
900 2978 3510 0 3787 22 0 0 0 0 
1000 4988 5251 0 5536 28 0 0 0 0 
1100 7342 7363 0 7687 52 0 0 0 0 
1200 9554 9306 10 9602 67 0 0 0 0 
1300 11028 10726 10 11124 86 1 0 0 0 
1400 11886 11500 1597 11813 94 18 0 0 0 
1500 12278 11810 3293 12115 74 28 0 0 0 
1600 12435 11971 4773 12286 79 37 0 0 0 
1700 12495 12195 6230 12463 83 47 0 0 0 
1800 12647 12256 7546 12564 64 57 0 0 0 
1900 12677 12366 8728 12708 63 57 0 0 0 
2000 12733 12319 9782 12728 62 128 0 0 0 
2100 12803 12357 10400 12760 51 251 0 0 0 
2200 12889 12531 11033 12937 59 475 0 0 0 
2300 12974 12482 11274 12893 57 730 1 0 0 
2400 12860 12530 11480 12931 68 982 0 0 0 
2500 12828 12540 11701 12951 69 1217 0 2 0 
2600 12940 12568 11876 12994 77 1556 0 0 0 
2700 12876 12516 11793 12933 79 1859 0 0 0 
2800 12916 12489 11860 12970 107 2288 0 0 0 
2900 12956 12660 11942 12916 123 2899 0 0 0 
3000 12949 12663 11998 13017 188 3505 1 0 0 
3100 12996 12636 11949 12997 222 4125 2 0 0 
3200 13012 12697 12049 13036 274 4790 4 0 0 
3300 12991 12664 11970 12932 360 5577 3 0 0 
3400 12934 12770 12038 13056 386 6107 0 0 0 
3500 13124 12693 11936 12992 441 6628 4 0 0 
3600 13040 12739 12085 13054 496 7588 1 0 0 
3700 13107 12872 12020 13075 495 8524 2 0 0 
3800 13080 12892 12087 13113 494 9137 3 0 0 
3900 12948 12864 12092 13065 574 9915 3 0 0 
4000 12992 12949 12127 13207 659 10323 0 0 0 
4100 13070 12941 12173 13167 653 10828 2 0 0 
4200 13078 12979 12210 13220 659 11163 4 0 0 
4300 13047 13042 12253 13202 675 11481 4 0 0 
4400 13056 13017 12215 13117 693 11488 3 0 0 
4500 13085 13070 12196 13264 700 11524 3 0 0 
4600 13059 13031 12135 13222 706 11666 5 0 0 
4700 13149 13075 12322 13246 621 11785 7 0 0 
4800 13038 13091 12224 13243 546 11782 3 0 0 
4900 13172 13140 12238 13297 518 11867 5 0 0 
5000 13163 13133 12293 13313 526 11837 0 0 0 
5100 13105 13178 12352 13338 575 11863 4 0 0 
5200 13111 13123 12356 13342 716 11746 2 0 0 
5300 13126 13124 12314 13310 1145 11805 541 0 0 
5400 13104 13146 12300 13338 2029 11985 1724 0 0 
5500 13023 13277 12355 13483 3323 12026 3082 0 0 
5600 12998 13291 12400 13504 4460 11911 4245 24 0 
5700 12875 13323 12439 13537 5581 11793 5381 149 0 
5800 12879 13335 12478 13523 6659 11450 6390 396 0 
5900 12828 13337 12451 13585 7666 11149 7328 787 0 
6000 12761 13317 12400 13554 8617 10804 8174 1222 0 
6100 12820 13369 12473 13610 9363 10223 8457 1438 439 
6200 12821 13392 12379 13561 9701 9042 8944 1143 1722 
6300 12764 13368 12386 13622 10007 7839 9416 852 2831 
6400 12837 13427 11930 13645 10200 6960 9689 548 4090 
6500 12811 13432 11432 13659 10322 6165 9990 373 4931 
6600 12797 13455 11060 13671 10418 5805 10126 312 5304 
6700 12823 13455 11056 13647 10416 5766 10142 310 5367 
6800 12860 13454 11023 13660 10434 5733 10151 300 5374 
6900 12817 13356 10479 13614 10564 5080 10240 185 6054 
7000 12770 13382 9971 13638 10597 4393 10433 112 6704 
7100 12875 13317 9798 13608 10766 4160 10599 94 7020 
7200 12914 13347 9290 13640 10937 3547 10893 61 7701 
7300 12860 13399 8619 13639 11029 3008 10974 42 8254 
7400 12877 13312 7922 13615 11174 2397 11153 27 8781 
7500 12982 13327 7253 13628 11480 2011 11380 15 9293 
7600 12968 13339 6819 13649 11535 1661 11514 12 9633 
7700 12964 13333 6808 13648 11532 1661 11512 12 9630 
7800 12961 13333 6800 13653 11531 1658 11507 12 9617 
7900 12929 13365 6230 13661 11626 1273 11664 8 10009 
8000 12914 13413 5438 13649 11735 952 11830 4 10428 
8100 12873 13414 5141 13676 11795 764 11888 2 10565 
8200 12915 13324 4637 13635 11928 635 11967 7 10796 
8300 13028 13347 4285 13613 11957 426 12072 7 11014 
8400 13025 13416 3844 13696 12085 276 12236 6 11265 
8500 13035 13343 3271 13691 12092 169 12243 4 11361 
8600 13020 13338 2717 13645 12058 101 12264 8 11431 
8700 13018 13351 2519 13641 12027 116 12230 7 11444 
8800 13016 13337 2291 13688 12014 96 12173 4 11375 
8900 12994 13334 2133 13681 12000 82 12237 2 11377 
9000 12993 13330 2132 13681 11999 82 12238 2 11374 
9100 12993 13330 2130 13681 12000 82 12235 2 11374 
9200 12968 13440 1970 13717 12064 92 12332 7 11530 
9300 13087 13370 1755 13700 12156 100 12325 4 11570 
9400 12990 13351 1494 13637 12107 101 12243 3 11542 
9500 13031 13338 1487 13635 12171 88 12277 2 11598 
9600 13048 13372 1392 13704 12181 89 12287 10 11610 
9700 13066 13286 1267 13587 12127 64 12234 7 11579 
9800 12945 13302 1085 13656 12078 69 12224 9 11503 
9900 13119 13291 920 13632 12187 57 12435 2 11698 
10000 13033 13298 844 13653 12166 57 12250 3 11631 
