# Avida tasks data
# Thu Apr 20 03:57:17 2023
# First column gives the current update, next columns give the number
# of organisms that have the particular task as a component of their merit
#  1: Update
#  2: Not
#  3: Nand
#  4: And
#  5: OrNot
#  6: Or
#  7: AndNot
#  8: Nor
#  9: Xor
# 10: Equals

0 0 0 0 0 0 0 0 0 0 
100 0 0 0 0 0 0 0 0 0 
200 0 0 0 0 0 0 0 0 0 
300 0 0 0 0 0 0 0 0 0 
400 0 0 0 0 0 0 0 0 0 
500 0 0 0 0 0 0 0 0 0 
600 0 64 0 2 0 0 0 0 0 
700 310 641 0 4 0 0 0 0 0 
800 788 1026 1 16 0 0 0 0 0 
900 1280 1495 1 59 0 0 0 0 0 
1000 1865 1988 2 558 0 0 0 0 0 
1100 2641 2780 0 1382 0 0 0 0 0 
1200 3442 3659 0 2274 0 0 1 0 0 
1300 3974 4216 1 2869 0 0 0 0 0 
1400 3959 4194 1 2799 1 0 0 0 0 
1500 3959 4184 1 2801 1 0 0 0 0 
1600 3963 4179 1 2813 1 0 0 0 0 
1700 3950 4175 1 2808 1 0 0 0 0 
1800 3933 4157 1 2795 1 0 0 0 0 
1900 3948 4174 1 2746 1 0 0 0 0 
2000 4133 4357 5 2716 2 0 0 0 0 
2100 4339 4570 4 2726 2 0 4 0 0 
2200 4666 4913 11 3046 2 0 4 0 0 
2300 5045 5301 49 3421 2 0 4 0 0 
2400 5372 5643 159 3750 2 5 4 0 0 
2500 5771 6067 481 4159 2 6 16 0 0 
2600 6042 6340 743 4427 2 5 14 0 0 
2700 6280 6594 929 4675 4 18 15 0 0 
2800 6449 6777 1112 4857 3 20 14 0 0 
2900 6453 6782 1133 4857 3 17 14 0 0 
3000 6479 6796 1206 4870 3 24 14 0 0 
3100 6505 6836 1286 4908 3 17 14 0 0 
3200 6518 6853 1275 4928 4 18 14 0 0 
3300 6543 6880 1319 4947 3 17 14 0 0 
3400 6561 6904 1316 4978 5 17 14 0 0 
3500 6557 6906 1355 4979 5 18 14 0 0 
3600 6567 6923 1340 5002 4 17 14 0 0 
3700 6552 6915 1317 4997 4 113 14 0 0 
3800 6551 6904 1221 4985 4 264 17 0 0 
3900 6553 6902 1143 4966 4 324 18 0 0 
4000 6548 6893 1028 4974 4 500 18 0 0 
4100 6552 6888 939 4975 4 646 19 0 0 
4200 6547 6888 869 4968 3 756 18 0 0 
4300 6531 6883 816 4964 3 829 20 0 0 
4400 6556 6891 775 4973 3 897 19 0 0 
4500 6548 6896 754 4978 3 976 20 0 0 
4600 6556 6888 735 4961 3 1022 22 0 0 
4700 6537 6886 717 4951 3 1032 23 0 0 
4800 6542 6869 715 4939 3 1096 19 0 0 
4900 6521 6862 715 4934 3 1155 21 0 0 
5000 6532 6875 718 4941 3 1186 24 0 0 
5100 6531 6875 715 4938 3 1235 22 0 0 
5200 6527 6870 716 4945 3 1278 23 0 0 
5300 6514 6865 718 4937 3 1350 22 0 0 
5400 6525 6883 721 4954 3 1412 22 0 0 
5500 6544 6883 716 4958 2 1481 23 0 0 
5600 6534 6879 715 4950 2 1494 22 0 0 
5700 6526 6868 712 4941 2 1481 24 0 0 
5800 6532 6882 716 4949 2 1517 25 1 0 
5900 6517 6868 716 4934 2 1548 22 0 0 
6000 6516 6868 715 4939 2 1590 23 0 0 
6100 6515 6875 704 4948 2 1670 24 0 0 
6200 6521 6880 693 4956 2 1718 27 0 0 
6300 6514 6885 684 4957 2 1734 23 0 0 
6400 6513 6886 683 4957 2 1741 23 0 0 
