# Avida tasks data
# Thu Apr 20 00:33:23 2023
# First column gives the current update, next columns give the number
# of organisms that have the particular task as a component of their merit
#  1: Update
#  2: Not
#  3: Nand
#  4: And
#  5: OrNot
#  6: Or
#  7: AndNot
#  8: Nor
#  9: Xor
# 10: Equals

0 0 0 0 0 0 0 0 0 0 
100 0 0 0 0 0 0 0 0 0 
200 0 0 0 0 0 0 0 0 0 
300 0 0 0 0 0 0 0 0 0 
400 0 0 0 0 0 0 0 0 0 
500 0 0 0 0 0 0 0 0 0 
600 0 0 0 0 0 0 0 0 0 
700 205 18 0 0 0 0 0 0 0 
800 1274 167 0 4 0 0 0 0 0 
900 3110 480 0 11 0 18 0 0 0 
1000 4806 1667 11 16 171 1913 0 0 0 
1100 5833 2891 10 23 2084 2838 1 0 0 
1200 7261 4910 22 37 4330 4637 0 0 0 
1300 8522 6664 32 83 6119 6277 4 0 0 
1400 9624 8327 41 86 7733 7895 4 0 0 
1500 10437 9441 34 142 8783 8959 6 0 0 
1600 11180 10411 32 261 9703 9917 1 0 0 
1700 11684 11354 44 497 10614 10784 2 0 0 
1800 12161 12054 49 851 11283 11480 4 0 0 
1900 12454 12600 48 1286 11769 11963 4 0 0 
2000 12604 12850 49 1719 11906 12192 3 0 0 
2100 12661 12833 52 2228 11942 12168 2 0 0 
2200 12580 12821 58 2726 11975 12176 4 0 0 
2300 12598 12877 63 3203 11992 12216 3 0 0 
2400 12573 12819 76 3805 12007 12202 6 0 0 
2500 12678 12947 109 4229 12046 12279 5 0 0 
2600 12649 12883 115 4739 12004 12246 3 0 0 
2700 12528 12893 173 5187 11955 12227 6 0 0 
2800 12651 12855 176 5866 12044 12203 3 0 0 
2900 12621 12862 203 6500 12027 12166 3 0 0 
3000 12658 12877 230 7018 11950 12173 4 0 0 
3100 12761 12886 242 7603 12026 12228 4 0 0 
3200 12667 12883 234 8236 11964 12171 6 0 0 
3300 12775 12798 239 8570 11972 12175 5 0 0 
3400 12806 12966 190 9047 12087 12242 2 0 0 
3500 12797 12882 253 9439 12059 12219 2 0 0 
3600 12750 12851 246 9762 12016 12187 5 0 0 
3700 12658 12841 275 10061 11958 12161 7 0 0 
3800 12777 12880 246 10300 11980 12226 8 0 0 
3900 12821 12843 256 10542 12007 12178 3 0 0 
4000 12814 13007 287 10819 12150 12361 6 0 0 
4100 12825 12862 315 10912 11998 12171 3 0 0 
4200 12826 12881 285 11064 11999 12224 7 0 0 
4300 12799 12968 296 11221 12008 12231 2 0 0 
4400 12776 12926 328 11282 11979 12216 5 0 0 
4500 12825 12948 328 11267 12050 12266 8 0 0 
4600 12871 12895 338 11288 12050 12257 1 0 0 
4700 12929 12932 383 11281 12063 12237 6 0 0 
4800 12841 12911 411 11311 12107 12275 8 0 0 
4900 12806 12958 359 11288 12047 12199 1 0 0 
5000 12844 12961 405 11355 12096 12236 7 0 0 
5100 12957 12967 383 11386 12079 12339 3 0 0 
5200 12892 12876 399 11221 12018 12161 2 0 0 
5300 12945 12968 348 11408 12076 12313 4 0 0 
5400 12909 13005 339 11420 12093 12239 2 0 0 
5500 13001 12998 361 11323 12081 12304 1 0 0 
5600 12987 12866 424 11208 11973 12198 5 0 0 
5700 12987 12973 513 11238 12104 12298 2 0 1 
5800 12961 12973 585 11039 12020 12319 5 0 5 
5900 12908 12846 650 10994 12068 12239 0 0 3 
6000 13030 12995 593 11168 12077 12303 5 0 0 
6100 12960 12921 579 10999 11991 12172 4 0 0 
6200 13051 12969 605 11038 12045 12291 6 0 0 
6300 12948 12977 695 11079 12124 12312 1 0 0 
6400 13054 13023 659 11168 12151 12393 9 0 0 
6500 13028 12974 684 11076 12123 12338 6 0 0 
6600 13031 12890 682 10946 12055 12216 3 0 0 
6700 13077 12965 757 11002 12040 12233 1 0 0 
6800 13125 12952 713 11057 12088 12339 7 0 1 
6900 13077 12975 723 11152 12171 12383 7 0 0 
7000 13084 12938 641 11179 12065 12336 10 0 0 
7100 13073 12992 624 11200 12110 12369 3 0 0 
7200 13171 12976 585 11252 12136 12383 4 0 0 
7300 13175 12948 643 11190 12190 12373 7 0 0 
7400 13174 12974 658 11136 12125 12362 3 0 0 
7500 13128 12935 651 11158 12106 12310 6 0 0 
7600 13192 12964 700 11210 12132 12398 2 0 0 
7700 13238 12999 745 11164 12197 12481 7 0 0 
7800 13213 12949 692 11096 12125 12291 6 0 0 
7900 13177 13024 748 11081 12207 12347 2 0 0 
8000 13240 13006 799 11094 12163 12440 2 0 0 
8100 13229 13039 845 11155 12283 12540 1 0 0 
8200 13239 13037 761 11183 12205 12452 1 0 0 
8300 13221 13125 706 11334 12381 12601 4 0 0 
8400 13237 13062 709 11220 12287 12487 7 0 0 
8500 13231 13007 758 11243 12193 12496 6 0 0 
8600 13291 13013 758 11252 12261 12502 1 0 0 
8700 13227 13052 680 11320 12324 12502 7 0 0 
8800 13194 12981 577 11295 12229 12426 10 0 0 
8900 13275 13009 567 11391 12267 12457 9 0 0 
9000 13335 13158 554 11455 12320 12535 7 0 0 
9100 13330 13131 494 11564 12361 12524 5 0 0 
9200 13316 13061 515 11511 12298 12525 5 0 0 
9300 13311 13046 451 11590 12268 12513 6 0 0 
9400 13294 13012 412 11668 12281 12567 3 0 0 
9500 13278 13033 456 11486 12236 12463 5 0 3 
9600 13360 13099 439 11674 12414 12555 6 0 0 
9700 13345 13084 391 11652 12295 12483 5 0 0 
9800 13327 13117 298 11734 12395 12580 1 0 0 
9900 13309 13045 206 11768 12306 12508 0 0 0 
10000 13368 13151 255 11824 12393 12591 4 0 0 
