# Avida tasks data
# Thu Apr 20 03:07:32 2023
# First column gives the current update, next columns give the number
# of organisms that have the particular task as a component of their merit
#  1: Update
#  2: Not
#  3: Nand
#  4: And
#  5: OrNot
#  6: Or
#  7: AndNot
#  8: Nor
#  9: Xor
# 10: Equals

0 0 0 0 0 0 0 0 0 0 
100 0 0 0 0 0 0 0 0 0 
200 0 0 0 0 0 0 0 0 0 
300 0 0 0 0 0 0 0 0 0 
400 0 0 0 0 0 0 0 0 0 
500 0 0 0 0 0 0 0 0 0 
600 11 0 0 0 0 0 0 0 0 
700 1507 59 0 3 0 0 0 0 0 
800 4790 3027 0 192 0 0 0 0 0 
900 7455 5662 0 609 1 0 0 0 0 
1000 8857 7321 0 1315 5 162 3 0 0 
1100 9555 8305 2 1877 5 775 5 0 0 
1200 10140 9200 2 2251 4 1857 2 0 0 
1300 10656 9957 10 2593 7 3097 22 0 0 
1400 11221 10579 15 2503 4 4208 749 0 0 
1500 11739 11129 12 2297 8 4681 1656 0 0 
1600 12188 11564 9 2076 125 4745 2692 0 0 
1700 12510 11879 11 2252 653 5033 3568 0 0 
1800 12619 12029 12 2679 1262 5023 4393 0 0 
1900 12687 12202 7 3388 2059 5379 4650 0 0 
2000 12867 12255 16 4199 2920 5694 4899 0 1 
2100 12921 12356 11 4823 3664 5735 5068 0 0 
2200 12814 12333 13 5548 4386 5908 4969 0 0 
2300 12938 12383 11 6342 5047 6256 4853 0 0 
2400 12924 12388 10 7103 5787 6575 4483 0 0 
2500 12891 12433 20 7903 6505 7031 4145 0 0 
2600 12951 12388 17 8696 7027 7349 3770 0 0 
2700 12908 12442 15 9636 7376 7983 3203 0 349 
2800 12917 12514 11 9997 6310 8308 2968 0 1755 
2900 12989 12514 22 10504 5063 8735 2603 0 3358 
3000 12986 12498 14 10981 4095 9089 2150 0 4675 
3100 13115 12571 20 11375 3167 9492 1835 0 5984 
3200 13068 12551 17 11703 2255 9838 1507 0 7205 
3300 13071 12531 19 11817 1595 10061 1250 0 8111 
3400 13103 12584 25 12107 1021 10393 1003 0 8891 
3500 13027 12624 29 12279 678 10625 754 0 9433 
3600 13095 12588 26 12378 375 10811 554 0 9964 
3700 13110 12575 21 12435 306 10934 396 0 10142 
3800 13064 12627 21 12520 196 11127 215 0 10395 
3900 13067 12585 22 12720 157 11226 101 0 10578 
4000 13085 12604 20 12691 160 11275 21 0 10716 
4100 13072 12559 35 12753 140 11427 5 0 10793 
4200 13124 12553 25 12679 147 11304 9 0 10606 
4300 13078 12644 33 12799 115 11455 22 2 10834 
4400 13113 12681 41 12803 134 11462 18 0 10783 
4500 13045 12631 32 12700 112 11356 18 0 10695 
4600 13050 12629 40 12699 117 11463 12 1 10822 
4700 13044 12653 21 12730 145 11331 16 0 10675 
4800 13053 12620 29 12734 143 11340 6 0 10650 
4900 13025 12660 27 12765 103 11475 23 0 10850 
5000 13019 12625 22 12728 122 11372 13 0 10732 
5100 12956 12594 28 12663 110 11418 16 0 10692 
5200 12995 12688 36 12747 132 11444 16 0 10802 
5300 12946 12584 22 12770 116 11334 9 0 10682 
5400 13041 12679 21 12696 124 11419 6 0 10742 
5500 12934 12640 30 12708 106 11388 11 0 10687 
5600 12931 12663 16 12743 117 11379 9 0 10761 
5700 12979 12741 43 12767 112 11480 17 0 10833 
5800 13079 12726 33 12788 99 11500 13 0 10814 
5900 13043 12620 36 12696 124 11398 1 0 10771 
6000 13072 12655 33 12714 119 11385 9 0 10773 
6100 12940 12664 41 12680 117 11412 12 0 10786 
6200 13027 12664 27 12702 86 11392 26 0 10738 
6300 13061 12604 32 12639 111 11318 8 0 10631 
6400 13033 12684 22 12778 101 11475 13 0 10748 
6500 13028 12758 24 12785 81 11484 5 0 10839 
6600 13042 12718 28 12761 122 11404 18 0 10794 
6700 12988 12761 42 12780 107 11540 9 0 10860 
6800 13044 12691 39 12730 91 11482 17 0 10822 
6900 13037 12728 30 12746 106 11443 19 0 10798 
7000 13025 12772 41 12756 110 11494 17 0 10843 
7100 12984 12662 69 12736 87 11387 10 0 10781 
7200 13056 12698 64 12805 103 11471 5 0 10872 
7300 12960 12723 68 12799 104 11451 10 0 10784 
7400 13060 12740 73 12739 121 11519 7 0 10843 
7500 12902 12709 60 12695 104 11383 10 0 10753 
7600 13019 12716 40 12730 116 11403 3 0 10742 
7700 12950 12631 42 12645 118 11450 3 0 10798 
7800 13029 12685 66 12846 101 11492 7 0 10801 
7900 12990 12755 89 12769 90 11451 12 0 10784 
8000 13012 12660 86 12603 111 11291 3 0 10720 
8100 13053 12847 50 12813 129 11591 7 0 10898 
8200 13041 12754 49 12797 83 11440 9 0 10799 
8300 12925 12726 27 12837 112 11418 16 0 10755 
8400 13041 12735 32 12781 92 11476 12 1 10855 
8500 13027 12691 31 12737 90 11455 3 3 10782 
8600 12963 12723 34 12734 106 11489 9 0 10802 
8700 13015 12703 35 12775 104 11453 15 0 10793 
8800 13030 12765 37 12828 81 11547 15 0 10850 
8900 13033 12767 43 12782 100 11437 9 0 10863 
9000 13049 12803 37 12818 84 11480 10 0 10845 
9100 13003 12739 78 12670 100 11468 4 0 10881 
9200 13096 12806 55 12805 84 11551 8 0 10975 
9300 13074 12823 45 12780 82 11503 7 0 10850 
9400 13057 12740 44 12810 86 11568 13 0 10936 
9500 13053 12716 35 12752 105 11475 13 0 10792 
9600 12994 12718 39 12751 90 11504 17 2 10912 
9700 13121 12717 42 12834 100 11452 2 1 10817 
9800 13146 12874 47 12834 82 11646 5 0 10995 
9900 13039 12813 34 12835 108 11593 9 0 10966 
10000 13107 12855 34 12892 100 11569 11 0 10946 
