# Avida tasks data
# Wed Apr 19 21:46:14 2023
# First column gives the current update, next columns give the number
# of organisms that have the particular task as a component of their merit
#  1: Update
#  2: Not
#  3: Nand
#  4: And
#  5: OrNot
#  6: Or
#  7: AndNot
#  8: Nor
#  9: Xor
# 10: Equals

0 0 0 0 0 0 0 0 0 0 
100 0 0 0 0 0 0 0 0 0 
200 0 0 0 0 0 0 0 0 0 
300 0 0 0 0 0 0 0 0 0 
400 0 0 0 0 0 0 0 0 0 
500 0 0 0 0 0 0 0 0 0 
600 5 0 0 0 0 0 0 0 0 
700 36 0 0 0 0 0 0 0 0 
800 100 12 0 0 0 0 0 0 0 
900 246 55 0 0 0 0 0 0 0 
1000 381 205 0 122 0 0 0 0 0 
1100 667 1139 0 970 0 0 0 0 0 
1200 1165 1667 2 1972 319 0 0 0 0 
1300 978 1039 9 2470 1349 0 0 0 0 
1400 966 1010 10 2539 1456 0 0 0 0 
1500 1374 904 8 2876 1878 0 0 0 0 
1600 1409 907 8 2877 1873 1 0 0 0 
1700 1414 906 8 2870 1866 1 0 0 0 
1800 1422 904 8 2875 1869 1 0 0 0 
1900 1421 904 8 2872 1864 1 0 0 0 
2000 1888 1196 32 2943 2173 0 0 0 0 
