# Avida tasks data
# Thu Apr 20 06:10:43 2023
# First column gives the current update, next columns give the number
# of organisms that have the particular task as a component of their merit
#  1: Update
#  2: Not
#  3: Nand
#  4: And
#  5: OrNot
#  6: Or
#  7: AndNot
#  8: Nor
#  9: Xor
# 10: Equals

0 0 0 0 0 0 0 0 0 0 
100 0 0 0 0 0 0 0 0 0 
200 0 0 0 0 0 0 0 0 0 
300 0 0 0 0 0 0 0 0 0 
400 0 0 0 0 0 0 0 0 0 
500 0 143 0 0 0 0 0 0 0 
600 47 2242 4 5 0 0 0 0 0 
700 3092 5349 5 8 0 0 0 0 0 
800 5795 7793 74 19 0 0 0 0 0 
900 8152 9610 309 31 0 1 0 0 0 
1000 9395 10474 732 51 0 0 0 0 0 
1100 10405 11099 1370 99 0 4 0 0 0 
1200 10865 11295 2009 193 0 7 0 0 0 
1300 11474 11703 2835 370 0 4 0 0 0 
1400 11987 11885 3496 617 0 6 0 0 0 
1500 12245 12137 4132 1101 1 5 0 0 0 
1600 12455 12306 4571 1674 0 13 0 0 0 
1700 12592 12430 4475 2644 30 446 0 0 0 
1800 12700 12547 3997 3766 219 1412 0 0 0 
1900 12775 12512 3413 4796 472 2405 0 0 0 
2000 12872 12584 2883 5759 698 3341 0 0 0 
2100 12939 12676 2463 6546 812 4322 0 0 0 
2200 12881 12604 2058 7240 1046 5083 0 0 0 
2300 12911 12636 1899 7977 1187 5854 5 0 0 
2400 13018 12741 1661 8686 1283 6620 1 1 0 
2500 12972 12670 1456 9194 1518 7223 0 0 0 
2600 13032 12786 1340 9797 2073 7550 268 0 0 
2700 13048 12742 968 10409 3340 6660 1549 0 0 
2800 13155 12766 658 10849 4453 5881 2918 0 0 
2900 13155 12861 437 11237 5545 5049 4146 0 0 
3000 13155 12803 228 11595 6675 4132 5354 1 1 
3100 13214 12786 123 11818 7554 3333 6401 0 2 
3200 13227 12853 84 12039 8608 2675 7497 0 0 
3300 13221 12843 60 12220 9364 2087 8356 0 0 
3400 13243 12819 39 12284 10029 1670 9142 0 0 
3500 13269 12979 31 12499 10679 1343 9897 0 0 
3600 13226 12943 28 12488 10968 1014 10295 0 0 
3700 13211 12951 20 12450 11267 725 10579 0 0 
3800 13279 12997 10 12544 11636 481 10954 0 0 
3900 13373 12972 15 12550 11746 712 11004 0 0 
4000 13365 12909 8 12453 11774 1290 11061 0 0 
4100 13299 12966 8 12513 11857 2053 11124 0 0 
4200 13278 12982 9 12542 11910 3007 11158 2 0 
4300 13310 13021 14 12623 11917 4024 11183 0 0 
4400 13306 13069 14 12657 11945 4940 11215 0 0 
4500 13361 13041 9 12595 11904 6059 11183 0 0 
4600 13238 13047 32 12571 11827 7050 11120 0 0 
4700 13320 13075 43 12580 11904 8160 11219 0 0 
4800 13235 13076 45 12618 11978 9345 11214 0 0 
4900 13344 13178 180 12739 12028 10490 11174 2 0 
5000 13326 13022 237 12618 11889 11259 11110 0 0 
5100 13363 13140 267 12746 12027 11675 11197 0 208 
5200 13386 13186 107 12745 11988 12125 11252 2 2322 
5300 13390 13187 86 12787 11985 12326 11218 0 3173 
5400 13365 13234 83 12813 12038 12433 11268 0 3845 
5500 13397 13229 101 12807 12072 12511 11323 0 5281 
5600 13390 13215 139 12808 12002 12496 11208 0 6368 
5700 13418 13291 181 12883 12084 12468 11225 0 7230 
5800 13481 13348 163 12902 12131 12446 11364 0 8022 
5900 13376 13382 425 12955 12248 11287 11403 2 8407 
6000 13300 13348 325 11984 12233 10656 11361 1 8382 
6100 13297 13414 346 12015 12247 10232 11375 1 8624 
6200 13345 13447 328 12509 12293 10194 11459 1 8725 
6300 13358 13464 329 12758 12293 10003 11474 1 8798 
6400 13351 13466 317 12880 12295 9780 11479 3 8899 
6500 13329 13495 308 12945 12324 9531 11534 2 9032 
6600 13302 13496 310 12968 12315 9247 11504 1 9090 
6700 13316 13486 314 12989 12341 8999 11538 1 9185 
6800 13282 13492 298 13025 12307 8730 11508 3 9157 
6900 13245 13534 302 13087 12347 8422 11548 1 9246 
7000 13194 13527 279 13091 12277 8131 11469 2 9252 
7100 13248 13548 261 13091 12386 7852 11624 2 9462 
7200 13238 13550 253 13065 12373 7524 11557 0 9458 
7300 13268 13596 228 13078 12402 7243 11665 0 9577 
7400 13192 13584 226 13089 12389 6981 11652 1 9656 
7500 13180 13556 224 12459 12379 6793 11661 1 9660 
7600 13148 13519 220 11831 12349 6482 11653 2 9664 
7700 13146 13522 217 11613 12359 6404 11660 1 9675 
7800 13142 13510 218 11362 12344 6325 11653 2 9697 
7900 13110 13492 214 11051 12334 6180 11637 1 9749 
8000 13075 13471 209 10806 12300 6036 11578 1 9775 
8100 13075 13448 212 10506 12298 5875 11600 1 9783 
8200 13101 13478 216 10257 12326 5744 11595 1 9817 
8300 13037 13446 203 10047 12261 5615 11555 1 9831 
8400 13043 13420 207 9780 12282 5458 11569 3 9854 
8500 13009 13372 206 9503 12248 5319 11556 1 9853 
8600 13008 13378 213 9251 12253 5170 11619 1 9919 
8700 12999 13405 215 9103 12251 5068 11623 1 9966 
8800 12989 13403 196 8829 12305 4915 11638 1 10004 
8900 13015 13368 211 8579 12268 4767 11637 1 9972 
9000 13026 13388 197 8353 12329 4631 11696 1 10074 
9100 13030 13371 194 8099 12328 4503 11685 1 10094 
9200 13016 13345 199 7868 12277 4396 11641 1 10082 
