# Avida tasks data
# Thu Apr 20 07:57:00 2023
# First column gives the current update, next columns give the number
# of organisms that have the particular task as a component of their merit
#  1: Update
#  2: Not
#  3: Nand
#  4: And
#  5: OrNot
#  6: Or
#  7: AndNot
#  8: Nor
#  9: Xor
# 10: Equals

0 0 0 0 0 0 0 0 0 0 
100 0 0 0 0 0 0 0 0 0 
200 0 0 0 0 0 0 0 0 0 
300 0 0 0 0 0 0 0 0 0 
400 0 0 0 0 0 0 0 0 0 
500 0 0 0 0 0 0 0 0 0 
600 279 0 0 0 0 0 0 0 0 
700 1889 0 0 0 0 0 0 0 0 
800 4049 0 0 0 0 0 0 0 0 
900 6207 829 0 11 0 0 0 0 0 
1000 6879 2869 0 94 0 0 0 0 0 
1100 7636 5027 0 1489 1 0 0 0 0 
1200 8759 6988 0 3872 1622 0 0 0 0 
1300 10529 9120 0 6498 4533 0 0 0 0 
1400 11486 10431 0 8211 6613 0 0 0 0 
1500 12102 11234 0 9467 8215 0 0 0 0 
1600 12549 11911 0 10532 9656 0 0 0 0 
1700 12878 12506 0 11277 10673 0 0 0 0 
1800 13083 12919 0 11887 11493 0 0 0 0 
1900 13168 13149 0 12249 12002 0 0 0 0 
2000 13158 13360 0 12602 12361 3 0 0 0 
2100 13212 13502 0 12816 12605 9 0 0 0 
2200 13285 13560 0 12989 12782 350 0 0 0 
2300 13300 13565 0 13069 12797 1522 0 0 0 
2400 13207 13573 1 12968 12753 3034 0 0 0 
2500 13187 13622 5 12939 12658 4398 1 0 0 
2600 13226 13569 4 12961 12754 5707 0 0 0 
2700 13177 13561 10 12918 12670 6990 0 0 0 
2800 13095 13499 12 12916 12678 8113 1 0 0 
2900 13209 13547 14 12934 12750 9221 1 0 0 
3000 13196 13496 18 12943 12713 10289 0 0 0 
3100 13191 13614 24 12882 12731 11019 1 0 0 
3200 13137 13535 153 12813 12659 11599 2 0 0 
3300 13134 13576 460 12857 12646 12212 2 0 0 
3400 13172 13533 1135 12899 12669 12475 1 0 0 
3500 13109 13537 1863 12816 12611 12744 0 0 0 
3600 13202 13508 2641 12940 12723 12648 1 0 0 
3700 13169 13513 3453 12891 12673 12663 2 0 0 
3800 13132 13520 4373 12847 12634 12690 0 0 0 
3900 13153 13471 5371 12880 12656 12692 2 0 0 
4000 13122 13398 6288 12874 12584 12699 1 0 0 
4100 13175 13480 7409 12889 12693 12732 1 0 0 
4200 13172 13370 8253 12872 12659 12775 2 0 0 
4300 13181 13388 9051 12907 12770 12832 0 0 0 
4400 13216 13411 9793 13001 12743 12902 0 0 0 
4500 13180 13342 10131 12944 12803 12846 1 0 0 
4600 13122 13382 10573 12900 12674 12772 0 0 0 
4700 13050 13269 10899 12833 12622 12763 2 0 0 
4800 13176 13409 11164 12938 12780 12790 0 0 0 
4900 13163 13330 11544 12940 12788 12874 0 0 0 
5000 13207 13375 11643 12906 12804 12857 3 0 0 
5100 13148 13366 11793 12935 12763 12799 1 0 0 
5200 13128 13336 11855 12906 12787 12858 0 0 0 
5300 13106 13363 11798 12875 12664 12809 0 0 0 
5400 13145 13304 11868 12914 12724 12886 1 0 0 
5500 13113 13390 11811 12841 12653 12742 0 0 0 
5600 13193 13357 11823 12936 12731 12871 5 0 0 
5700 13162 13404 11971 12947 12659 12827 0 0 0 
5800 13219 13324 11875 13021 12810 12797 0 0 0 
5900 13167 13329 11916 12885 12744 12820 1 0 0 
6000 13174 13421 11988 12911 12732 12865 4 0 0 
6100 13155 13362 11780 12890 12681 12799 3 0 0 
6200 13205 13398 11943 12960 12694 12866 1 0 0 
6300 13215 13441 11937 12902 12705 12837 3 0 0 
6400 13165 13434 12116 12901 12689 12929 0 0 0 
6500 13202 13389 11900 12956 12744 12794 0 0 0 
6600 13232 13481 11953 12958 12795 12833 3 0 0 
6700 13248 13437 12019 13029 12771 12879 2 0 0 
6800 13265 13420 11998 13006 12798 12850 0 0 0 
6900 13227 13427 11959 12965 12738 12868 5 0 0 
7000 13200 13329 11876 12945 12718 12888 3 0 0 
7100 13293 13418 12116 12962 12773 12883 3 0 0 
7200 13178 13323 11942 12967 12712 12874 1 0 0 
7300 13240 13360 11982 13000 12779 12857 0 0 0 
7400 13272 13401 12023 12965 12769 12868 4 0 0 
7500 13306 13472 12047 12955 12776 12796 2 0 0 
7600 13291 13373 12066 12961 12778 12848 1 0 0 
7700 13280 13425 12012 12983 12808 12823 0 0 0 
7800 13309 13448 12225 12970 12816 13009 0 0 0 
7900 13336 13483 12159 13073 12846 13001 6 0 0 
8000 13242 13455 12074 12942 12754 12992 1 0 0 
8100 13318 13429 12006 13006 12890 12901 0 0 0 
8200 13331 13485 12087 13021 12919 12937 3 0 0 
8300 13318 13489 12068 13023 12827 12917 2 0 0 
8400 13263 13417 12042 12988 12759 12965 0 0 0 
8500 13339 13518 12137 13022 12820 12999 3 0 0 
8600 13366 13502 12150 13071 12851 12942 5 0 0 
8700 13393 13485 12131 13017 12843 12984 4 0 0 
8800 13385 13572 12174 13034 12862 12939 0 0 0 
8900 13389 13513 12182 13121 12927 12944 3 0 0 
9000 13352 13564 12091 13121 12858 12923 0 0 0 
9100 13290 13489 12153 13052 12813 12978 4 0 0 
9200 13375 13472 12126 13073 12858 12970 0 0 0 
9300 13358 13477 12212 13099 12862 13043 0 0 0 
9400 13328 13561 12188 13053 12825 13009 2 0 0 
9500 13352 13589 12245 13071 12859 13069 0 0 0 
9600 13409 13591 12283 13108 12881 12940 0 0 0 
9700 13399 13600 12184 13083 12934 13017 1 0 0 
9800 13417 13603 12258 13127 12970 12991 2 0 0 
9900 13387 13628 12338 13134 12899 13051 4 0 0 
10000 13456 13583 12314 13179 13029 13054 1 0 0 
