# Avida tasks data
# Wed Apr 19 22:03:41 2023
# First column gives the current update, next columns give the number
# of organisms that have the particular task as a component of their merit
#  1: Update
#  2: Not
#  3: Nand
#  4: And
#  5: OrNot
#  6: Or
#  7: AndNot
#  8: Nor
#  9: Xor
# 10: Equals

0 0 0 0 0 0 0 0 0 0 
100 0 0 0 0 0 0 0 0 0 
200 0 0 0 0 0 0 0 0 0 
300 0 0 0 0 0 0 0 0 0 
400 0 0 0 0 0 0 0 0 0 
500 0 0 0 0 0 0 0 0 0 
600 0 26 0 0 0 0 0 0 0 
700 0 100 0 0 0 0 0 0 0 
800 5 113 0 292 0 0 0 0 0 
900 34 647 0 1247 0 0 0 0 0 
1000 80 2172 0 2442 0 0 0 0 0 
1100 186 3490 0 3576 0 0 0 0 0 
1200 510 4719 2 4743 0 0 0 0 0 
1300 1008 5881 33 6007 38 0 0 0 0 
1400 1551 6801 427 7328 53 0 0 0 0 
1500 1968 8450 1701 8663 2 5 0 0 0 
1600 2478 10235 3583 10292 1 19 0 0 0 
1700 3432 11221 5133 11274 5 11 3 0 0 
1800 4421 11901 6565 11822 2 17 0 0 0 
1900 5257 12092 7598 12119 820 40 0 0 0 
2000 5984 12474 8567 12343 2162 17 58 0 0 
2100 6785 11825 8521 12261 3634 634 1022 0 0 
2200 7486 10794 8068 12207 4950 1955 2446 0 0 
2300 7818 10964 8360 12329 5876 2105 3656 0 0 
2400 8382 11501 9160 12361 6850 1574 4843 0 0 
2500 9277 11376 9691 12408 7759 1183 5923 0 0 
2600 9959 11519 10386 12570 8567 927 6999 0 0 
2700 10515 11619 10745 12655 9191 830 8004 0 0 
2800 10889 11667 11042 12735 9808 712 8884 0 0 
2900 11234 11720 11204 12758 10239 551 9467 0 0 
3000 11457 11818 11386 12821 10732 402 10063 0 0 
3100 11675 11837 11446 12716 10992 338 10394 0 0 
3200 11761 11885 11661 12855 11470 206 10910 0 0 
3300 11888 11966 11718 12812 11848 153 11319 0 0 
3400 12123 11990 11744 12911 12083 107 11581 0 0 
3500 12361 12009 11741 12881 12304 128 11869 0 0 
3600 12433 12044 11799 12824 12490 120 11903 0 0 
3700 12554 12039 11916 12956 12721 117 12176 0 0 
3800 12621 11969 11730 12791 12722 111 12160 0 0 
3900 12629 11957 11715 12881 12798 127 12213 0 0 
4000 12726 12057 11848 12916 12780 115 12248 0 0 
4100 12694 11942 11749 12855 12800 114 12259 0 0 
4200 12689 11962 11763 12804 12782 93 12248 0 0 
4300 12721 11963 11710 12772 12698 114 12180 0 0 
4400 12717 12017 11810 12899 12848 125 12262 0 0 
4500 12743 12023 11739 12873 12749 119 12203 0 0 
4600 12695 12018 11751 12920 12827 131 12200 0 0 
4700 12794 11889 11686 12833 12750 113 12215 0 0 
4800 12668 11999 11800 12800 12735 132 12148 0 0 
4900 12637 11938 11811 12950 12808 132 12267 0 0 
5000 12862 11990 11854 12916 12858 102 12341 0 0 
5100 12855 12012 11848 12919 12845 132 12314 0 0 
5200 12701 12051 11808 12870 12721 348 12204 0 0 
5300 12696 12126 11860 12979 12874 700 12349 0 0 
5400 12707 12258 11978 12975 12783 1348 12329 0 0 
5500 12662 12331 12051 13057 12889 2018 12383 0 0 
5600 12724 12310 12000 13009 12812 2725 12282 0 0 
5700 12679 12353 12027 13069 12876 3516 12346 0 0 
5800 12788 12451 12099 13087 12856 4485 12333 0 0 
5900 12820 12430 12035 13112 12791 5432 12309 0 0 
6000 12859 12446 12052 13112 12858 6261 12321 0 0 
6100 12817 12648 12198 13117 12796 7229 12281 0 0 
6200 12839 12689 12270 13152 12770 8162 12294 0 0 
6300 12812 12786 12382 13186 12834 8951 12323 0 0 
6400 12799 12813 12358 13213 12799 9471 12305 0 0 
6500 12682 12817 12384 13195 12845 10009 12359 0 0 
6600 12669 12939 12483 13273 12862 10581 12296 0 0 
6700 12657 12873 12465 13299 12809 10828 12316 0 0 
6800 12652 13028 12565 13310 12898 11264 12401 0 0 
6900 12626 12874 12381 13190 12821 11407 12355 0 0 
7000 12669 13004 12525 13262 12949 11814 12391 0 2 
7100 12664 13050 12570 13250 12854 12011 12285 0 0 
7200 12683 13068 12586 13250 12859 12180 12330 0 0 
7300 12693 13046 12513 13308 12889 12208 12321 0 0 
7400 12813 13021 12574 13334 12804 12279 12296 0 0 
7500 12721 13077 12588 13335 12937 12380 12451 0 0 
7600 12620 13045 12574 13317 12925 12313 12430 0 0 
7700 12717 13120 12653 13341 12899 12442 12441 0 0 
7800 12694 13043 12513 13308 12873 12314 12364 0 0 
7900 12779 13058 12600 13311 12806 12424 12275 0 0 
8000 12728 12959 12506 13302 12860 12253 12297 0 0 
8100 12714 13102 12633 13381 12848 12443 12349 0 0 
8200 12718 13061 12580 13364 12930 12358 12484 0 0 
8300 12771 13063 12596 13364 12819 12346 12305 0 0 
8400 12678 13051 12593 13359 12803 12356 12310 0 0 
8500 12635 13146 12597 13308 12985 12471 12432 0 0 
8600 12677 13106 12667 13312 12916 12403 12423 0 0 
8700 12751 13172 12683 13336 12891 12474 12433 0 0 
8800 12820 13033 12636 13308 12971 12353 12416 0 0 
8900 12709 13163 12681 13373 12983 12490 12468 0 0 
9000 12651 13208 12768 13398 12954 12565 12492 0 0 
9100 12676 13091 12628 13365 12960 12428 12478 0 0 
9200 12676 13059 12616 13318 12930 12445 12420 0 0 
9300 12660 13053 12629 13303 12929 12385 12452 0 0 
9400 12721 13099 12593 13272 12924 12444 12426 0 0 
9500 12627 13122 12610 13411 12973 12423 12512 0 0 
9600 12699 13133 12656 13348 12976 12440 12550 0 0 
9700 12813 13174 12702 13352 12964 12566 12531 0 0 
9800 12775 13084 12572 13344 12951 12429 12485 0 0 
9900 12752 13128 12671 13361 12966 12453 12499 0 0 
10000 12712 13108 12657 13349 12928 12423 12469 0 1 
