# Avida tasks data
# Thu Apr 20 00:29:10 2023
# First column gives the current update, next columns give the number
# of organisms that have the particular task as a component of their merit
#  1: Update
#  2: Not
#  3: Nand
#  4: And
#  5: OrNot
#  6: Or
#  7: AndNot
#  8: Nor
#  9: Xor
# 10: Equals

0 0 0 0 0 0 0 0 0 0 
100 0 0 0 0 0 0 0 0 0 
200 0 0 0 0 0 0 0 0 0 
300 0 0 0 0 0 0 0 0 0 
400 0 0 0 0 0 0 0 0 0 
500 1 0 0 0 0 0 0 0 0 
600 315 0 0 0 0 0 0 0 0 
700 1504 0 0 2 0 0 0 0 0 
800 3138 10 2 0 0 0 0 0 0 
900 4951 128 4 6 0 0 0 0 0 
1000 6354 610 52 16 0 72 0 0 0 
1100 7309 2852 36 137 0 1900 0 0 0 
1200 8350 4773 31 181 1 3845 0 0 0 
1300 8903 6249 38 189 6 5455 641 0 2 
1400 9744 7725 41 198 35 6951 2714 0 3 
1500 10389 8966 59 400 55 8099 3985 0 161 
1600 10932 9775 58 531 860 8975 4631 0 515 
1700 11106 10173 56 449 2395 9364 5037 0 622 
1800 11295 10814 49 540 3349 9852 4750 0 1519 
1900 10038 11007 47 542 3162 9923 4327 0 2249 
2000 9642 11099 47 577 3594 9559 4299 0 2406 
2100 9849 11118 46 574 4018 9398 4286 0 2450 
2200 9946 11109 46 570 4171 8991 4165 0 2601 
