# Avida tasks data
# Wed Apr 19 21:47:50 2023
# First column gives the current update, next columns give the number
# of organisms that have the particular task as a component of their merit
#  1: Update
#  2: Not
#  3: Nand
#  4: And
#  5: OrNot
#  6: Or
#  7: AndNot
#  8: Nor
#  9: Xor
# 10: Equals

0 0 0 0 0 0 0 0 0 0 
100 0 0 0 0 0 0 0 0 0 
200 0 0 0 0 0 0 0 0 0 
300 0 0 0 0 0 0 0 0 0 
400 0 0 0 0 0 0 0 0 0 
500 0 0 0 0 0 0 0 0 0 
600 1 0 0 57 0 0 0 0 0 
700 11 457 0 836 0 0 0 0 0 
800 30 1860 0 2172 0 0 0 0 0 
900 149 2936 0 3378 0 0 0 0 0 
1000 289 3926 0 4369 4 0 0 0 0 
1100 523 4723 53 5245 26 3 0 0 0 
1200 745 5421 191 6139 43 18 0 0 0 
1300 880 6150 476 7005 59 12 0 0 0 
1400 923 7470 1696 8463 71 23 0 0 0 
1500 1065 8905 3207 9894 81 35 0 0 0 
1600 1196 9960 4687 11093 98 41 0 0 0 
1700 1473 10562 5923 11853 130 83 0 0 0 
1800 1911 10744 6777 12051 148 110 0 0 0 
1900 2362 10988 7668 12315 176 579 4 0 0 
2000 2632 11174 8351 12423 138 1573 0 0 0 
2100 2637 11484 9153 12651 83 2698 0 0 0 
2200 2819 11408 9639 12556 77 3680 2 0 0 
2300 3051 11677 10210 12648 58 4739 5 0 0 
2400 3708 11859 10719 12704 47 5612 0 0 0 
2500 4424 11859 10856 12720 75 6471 7 0 0 
2600 5014 11754 10971 12652 167 7174 6 0 0 
2700 5571 11666 11194 12680 275 7892 8 0 0 
2800 6100 11733 11216 12683 336 8385 4 0 0 
2900 6683 11448 11271 12720 512 8814 11 0 0 
3000 7237 11415 11229 12654 659 9221 8 0 0 
3100 7841 11476 11376 12757 759 9655 13 0 0 
3200 8231 11266 11396 12765 1035 10194 1 0 0 
3300 8808 11013 11396 12804 1202 10345 27 0 2 
3400 9034 10514 11122 12700 1718 10553 102 0 0 
3500 9362 10051 11073 12692 2250 10763 303 1 0 
3600 9632 9364 10664 12553 2869 10759 581 0 0 
3700 9860 8825 10491 12594 3509 10941 867 0 0 
3800 10038 7907 9997 12413 4260 10853 1151 0 0 
3900 10183 7476 9741 12460 4916 10952 1486 0 0 
4000 10156 6694 9279 12371 5705 10769 1813 0 0 
4100 10273 5989 8944 12250 6517 10632 2254 0 0 
4200 10473 5467 8822 12195 7248 10142 2830 0 1 
4300 10715 5191 8740 12217 7830 9748 3488 0 0 
4400 11184 4988 8666 12198 8415 9024 4323 0 2 
4500 11621 4895 8829 12079 8770 7680 5201 0 237 
4600 12024 5090 8265 12124 9041 6598 6031 0 1239 
4700 12450 4869 7476 12120 9603 5491 6958 0 2389 
4800 12677 4380 6569 12208 10190 4355 7999 0 3713 
4900 12784 3850 5628 12011 10578 3435 8613 0 4575 
5000 12948 3411 4780 11960 11076 2671 9415 0 5512 
5100 13016 2971 3990 12022 11350 2046 9898 0 6457 
5200 13011 2723 3356 11964 11580 1488 10386 0 7212 
5300 13055 3014 3425 11951 11070 1102 10844 0 7902 
5400 13151 4118 4007 12051 10076 2010 11401 0 8576 
5500 13109 5452 4981 11961 8423 3831 11463 0 9038 
5600 13226 6993 6381 12135 6793 5867 11700 0 9533 
5700 13184 8284 7537 12139 5281 7604 11903 0 10013 
5800 13234 9585 8781 12271 3891 9234 12106 0 10323 
5900 13257 10578 9758 12122 2801 10407 12058 0 10390 
6000 13241 11375 10578 12308 1927 11370 12220 0 10659 
6100 13245 12030 11146 12276 1262 12065 12256 0 10818 
6200 13278 12445 11652 12437 833 12584 12392 0 11011 
6300 13299 12733 11859 12356 547 12861 12282 0 10992 
6400 13275 12974 12220 12405 291 13206 12378 0 11071 
6500 13231 13082 12264 12326 176 13284 12325 0 10932 
6600 13268 13203 12384 12289 43 13374 12268 0 10924 
6700 13267 13237 12425 12361 25 13425 12358 0 11049 
6800 13328 13271 12512 12343 25 13515 12289 0 10986 
6900 13294 13210 12481 12492 26 13478 12355 0 11034 
7000 13292 13218 12437 12346 41 13400 12345 0 10954 
7100 13328 13333 12539 12435 32 13469 12449 0 11093 
7200 13314 13285 12577 12525 54 13513 12484 0 11218 
7300 13329 13270 12544 12448 49 13436 12415 0 11125 
7400 13340 13341 12622 12510 35 13483 12528 0 11178 
7500 13244 13298 12505 12511 36 13484 12476 0 11211 
7600 13305 13348 12576 12527 33 13500 12496 0 11192 
7700 13290 13384 12588 12547 53 13553 12445 0 11192 
7800 13371 13362 12679 12593 28 13564 12571 0 11281 
7900 13288 13372 12518 12605 41 13534 12563 0 11279 
8000 13471 13368 12534 12545 43 13491 12535 0 11241 
8100 13340 13302 12570 12502 51 13517 12430 0 11228 
8200 13289 13263 12662 12614 31 13452 12432 0 11273 
8300 13198 13375 12678 12562 43 13519 12474 0 11267 
8400 13333 13406 12680 12640 26 13512 12524 0 11324 
8500 13309 13378 12638 12558 38 13544 12572 0 11337 
8600 13326 13333 12719 12606 33 13530 12476 0 11304 
8700 13351 13336 12633 12604 40 13529 12560 2 11406 
8800 13329 13399 12649 12678 39 13492 12528 0 11387 
8900 13339 13415 12633 12599 31 13474 12578 0 11361 
9000 13424 13440 12806 12632 32 13553 12567 0 11376 
9100 13353 13385 12661 12603 34 13545 12552 0 11342 
9200 13347 13477 12718 12634 39 13546 12583 1 11400 
9300 13461 13477 12712 12700 37 13627 12750 0 11584 
9400 13437 13408 12675 12622 31 13554 12573 0 11406 
9500 13409 13481 12766 12679 52 13576 12651 0 11499 
9600 13339 13422 12657 12607 58 13478 12586 0 11416 
9700 13355 13424 12677 12623 112 13474 12567 0 11372 
9800 13347 13445 12753 12590 165 13469 12591 0 11310 
9900 13314 13364 12552 12518 301 13493 12475 0 11375 
10000 13341 13480 12697 12640 431 13503 12631 0 11413 
