# Avida tasks data
# Wed Apr 19 14:36:03 2023
# First column gives the current update, next columns give the number
# of organisms that have the particular task as a component of their merit
#  1: Update
#  2: Not
#  3: Nand
#  4: And
#  5: OrNot
#  6: Or
#  7: AndNot
#  8: Nor
#  9: Xor
# 10: Equals

0 0 0 0 0 0 0 0 0 0 
100 0 0 0 0 0 0 0 0 0 
200 0 0 0 0 0 0 0 0 0 
300 0 0 0 0 0 0 0 0 0 
400 0 0 0 0 0 0 0 0 0 
500 0 0 0 0 0 0 0 0 0 
600 9 8 0 0 0 0 0 0 0 
700 50 40 0 0 0 0 0 0 0 
800 156 148 0 0 0 0 0 0 0 
900 632 503 0 0 0 414 2 0 0 
1000 966 835 0 83 0 704 66 0 0 
1100 992 872 6 185 6 779 133 0 0 
1200 894 764 0 643 46 663 550 0 0 
1300 894 765 0 641 46 664 548 0 0 
1400 894 767 0 639 46 666 546 0 0 
1500 864 678 0 752 131 562 725 0 0 
1600 861 637 1 764 171 527 747 0 0 
1700 861 637 1 764 171 527 747 0 0 
1800 862 637 1 764 172 527 748 0 0 
1900 862 637 1 764 172 527 748 0 0 
2000 862 638 1 764 172 528 747 0 0 
2100 863 638 1 764 174 528 748 0 0 
2200 863 638 1 764 174 528 748 0 0 
2300 863 638 1 764 174 528 748 0 0 
2400 863 638 1 766 174 528 748 0 0 
2500 628 270 3 507 1534 205 1613 0 0 
2600 628 270 3 507 1534 205 1613 0 0 
2700 628 270 3 507 1534 205 1613 0 0 
2800 627 270 3 507 1533 205 1612 0 0 
2900 627 270 3 507 1532 205 1611 0 0 
3000 629 270 3 507 1534 205 1613 0 0 
3100 629 270 3 507 1534 205 1613 0 0 
3200 630 270 3 507 1534 205 1613 0 0 
3300 630 270 3 507 1534 205 1613 0 0 
3400 630 270 3 507 1534 205 1613 0 0 
3500 523 181 2 398 2231 159 2121 0 0 
3600 556 134 1 439 3807 161 3411 0 0 
3700 568 142 1 432 4095 172 3702 0 0 
3800 610 174 2 481 5380 186 4838 0 0 
3900 650 177 1 554 6497 160 5734 0 0 
4000 595 162 2 492 6421 163 5824 0 0 
4100 541 89 0 433 6770 126 6344 0 0 
4200 503 85 3 400 6822 131 6442 0 0 
4300 514 85 0 1783 5434 107 6466 0 0 
4400 509 85 1 1468 4752 103 6528 0 0 
4500 505 80 1 1371 4500 109 6545 0 0 
4600 500 73 1 1206 4230 105 6632 0 0 
4700 500 63 2 1107 3982 99 6631 0 0 
4800 511 58 3 1044 4049 107 6965 0 0 
4900 533 50 3 1035 4338 97 7368 0 0 
