# Avida tasks data
# Thu Apr 20 02:35:10 2023
# First column gives the current update, next columns give the number
# of organisms that have the particular task as a component of their merit
#  1: Update
#  2: Not
#  3: Nand
#  4: And
#  5: OrNot
#  6: Or
#  7: AndNot
#  8: Nor
#  9: Xor
# 10: Equals

0 0 0 0 0 0 0 0 0 0 
100 0 0 0 0 0 0 0 0 0 
200 0 0 0 0 0 0 0 0 0 
300 0 0 0 0 0 0 0 0 0 
400 0 0 0 0 0 0 0 0 0 
500 0 0 0 0 0 0 0 0 0 
600 0 0 0 0 0 0 0 0 0 
700 0 0 0 0 0 0 0 0 0 
800 0 0 0 0 0 0 0 0 0 
900 2 12 0 0 0 0 0 0 0 
1000 49 4 0 17 0 0 0 0 0 
1100 2278 2807 2599 2726 33 95 0 0 0 
1200 3565 4247 3978 4168 38 2395 1 0 0 
1300 4492 5331 4964 5191 607 4152 2 0 0 
1400 5765 6548 6177 6459 2448 5569 2 0 0 
1500 6769 7513 7156 7476 3983 6584 1 0 0 
1600 7752 8525 8051 8420 5386 7539 0 0 0 
1700 8674 9439 8876 9281 6735 8452 0 0 0 
1800 9349 10192 9649 10036 7817 9255 0 0 0 
1900 10064 10864 10331 10701 8836 9972 2 0 0 
2000 10590 11505 10855 11341 9662 10543 0 0 0 
2100 11076 12008 11329 11778 10449 11096 2 0 0 
2200 11505 12368 11703 12174 10979 11475 3 0 0 
2300 11875 12657 12078 12586 11308 11952 0 0 0 
2400 12076 12987 12298 12815 11479 12143 4 0 0 
2500 12289 13195 12482 12976 11745 12339 3 0 0 
2600 12505 13417 12713 13223 11955 12539 6 0 0 
2700 12606 13480 12845 13347 11932 12686 14 0 0 
2800 12628 13577 12759 13257 12057 12643 38 0 0 
2900 12546 13533 12769 13223 12005 12652 123 0 0 
3000 12689 13495 12826 13353 12116 12712 183 0 0 
3100 12579 13547 12895 13366 12072 12747 353 0 0 
3200 12605 13561 12807 13309 12075 12675 592 0 0 
3300 12559 13599 12912 13320 12045 12709 864 0 0 
3400 12553 13507 12826 13363 12015 12727 1121 0 0 
3500 12590 13531 12874 13371 12098 12775 1547 0 0 
3600 12604 13556 12828 13315 12206 12680 2020 0 0 
3700 12525 13544 12828 13324 12066 12650 2562 0 0 
3800 12443 13528 12744 13273 12033 12618 3001 0 0 
3900 12471 13504 12709 13247 12104 12609 3531 0 0 
4000 12499 13540 12843 13346 12068 12712 4119 0 0 
4100 12504 13488 12814 13404 12073 12677 4746 0 0 
4200 12484 13526 12851 13437 12033 12753 5241 0 0 
4300 12431 13542 12875 13394 12019 12795 5711 0 0 
4400 12502 13543 12887 13374 12121 12754 6221 0 0 
4500 12538 13454 12771 13371 12130 12645 6737 0 0 
4600 12544 13521 12854 13383 12121 12703 7250 0 0 
4700 12457 13521 12896 13404 12115 12752 7545 0 0 
4800 12564 13536 12852 13324 12264 12690 7969 0 0 
4900 12593 13522 12841 13402 12254 12693 8458 0 0 
5000 12549 13512 12782 13342 12195 12684 8717 0 0 
5100 12556 13482 12832 13445 12218 12685 9047 0 0 
5200 12564 13582 12819 13413 12179 12733 9298 0 0 
5300 12522 13512 12803 13398 12205 12694 9555 0 0 
5400 12549 13520 12795 13355 12234 12654 9869 0 0 
5500 12615 13564 12850 13398 12276 12707 10265 0 0 
5600 12720 13563 12792 13462 12334 12732 10603 0 0 
5700 12597 13544 12803 13484 12287 12696 10678 0 0 
5800 12655 13526 12857 13460 12170 12742 10835 0 0 
5900 12711 13556 12849 13365 12330 12673 11075 0 0 
6000 12616 13595 12838 13427 12207 12719 11066 0 0 
6100 12674 13570 12786 13374 12307 12685 11188 0 0 
6200 12719 13533 12810 13387 12359 12713 11295 0 0 
6300 12678 13475 12729 13418 12296 12632 11370 0 0 
6400 12747 13539 12772 13406 12412 12682 11501 0 0 
6500 12755 13471 12822 13404 12453 12719 11496 0 1 
6600 12724 13473 12739 13374 12401 12588 11374 0 0 
6700 12702 13544 12761 13418 12387 12623 11398 0 0 
6800 12748 13481 12827 13416 12446 12763 10744 0 725 
6900 12891 13402 12711 13429 12475 12712 9199 0 2241 
7000 13021 13401 12734 13422 12517 12704 7895 0 3515 
7100 13134 13296 12625 13410 12536 12677 6769 0 4547 
7200 13178 13343 12581 13441 12526 12647 5730 0 5577 
7300 13271 13286 12548 13395 12615 12619 4752 1 6556 
7400 13349 13312 12644 13412 12713 12738 3832 0 7675 
7500 13430 13273 12571 13449 12763 12679 3039 0 8300 
7600 13445 13261 12569 13440 12743 12685 2449 0 8890 
7700 13492 13255 12474 13359 12733 12637 1937 0 9321 
7800 13583 13240 12541 13356 12735 12659 1455 0 9677 
7900 13537 13170 12490 13419 12777 12653 1204 0 10016 
8000 13620 13258 12440 13402 12775 12658 952 0 10287 
8100 13658 13100 12447 13372 12883 12666 740 0 10561 
8200 13594 13160 12542 13338 12880 12685 623 0 10679 
8300 13698 13259 12582 13417 12936 12727 481 0 10925 
8400 13677 13108 12388 13434 12968 12562 418 0 10855 
8500 13658 13167 12456 13404 12889 12691 340 0 10895 
8600 13665 13202 12560 13377 12885 12743 372 0 10948 
8700 13657 13147 12447 13388 12906 12662 365 0 10910 
8800 13651 13139 12423 13373 12908 12620 360 0 10900 
8900 13603 13203 12462 13435 12862 12667 352 0 10936 
9000 13671 13196 12450 13410 12968 12653 350 0 10925 
9100 13675 13108 12513 13385 12902 12706 353 0 10974 
9200 13676 13143 12490 13465 12886 12638 336 0 10873 
9300 13680 13208 12462 13416 12865 12642 353 0 10896 
9400 13711 13218 12546 13482 12968 12729 356 0 11028 
9500 13700 13126 12504 13425 12989 12662 345 0 11023 
9600 13675 13155 12424 13471 12948 12639 416 0 11022 
9700 13669 13158 12539 13448 12907 12690 514 2 11006 
9800 13699 13227 12443 13437 12918 12657 624 1 11021 
9900 13688 13187 12518 13438 12926 12676 729 0 11017 
10000 13667 13114 12446 13357 12861 12664 936 0 10879 
