# Avida tasks data
# Thu Apr 20 07:13:26 2023
# First column gives the current update, next columns give the number
# of organisms that have the particular task as a component of their merit
#  1: Update
#  2: Not
#  3: Nand
#  4: And
#  5: OrNot
#  6: Or
#  7: AndNot
#  8: Nor
#  9: Xor
# 10: Equals

0 0 0 0 0 0 0 0 0 0 
100 0 0 0 0 0 0 0 0 0 
200 0 0 0 0 0 0 0 0 0 
300 0 0 0 0 0 0 0 0 0 
400 0 0 0 0 0 0 0 0 0 
500 6 0 0 0 0 0 0 0 0 
600 726 0 0 0 0 0 0 0 0 
700 2144 0 0 0 0 0 0 0 0 
800 3606 40 2 0 0 4 0 0 0 
900 5750 2746 14 10 2 4 0 0 0 
1000 7623 5710 43 175 0 3 0 0 0 
1100 8780 7834 39 643 0 5 0 0 0 
1200 9540 9475 47 1536 1 11 0 0 0 
1300 9890 10282 150 2369 3 13 0 0 0 
1400 10168 10751 1177 3727 3 15 0 0 0 
1500 10391 11032 2329 4936 4 21 0 0 0 
1600 10481 11236 3485 6044 6 24 0 0 0 
1700 10671 11306 4608 7138 5 35 1 0 0 
1800 10857 11353 5725 8312 3 64 2 0 0 
1900 10975 11385 6633 8948 6 112 0 0 0 
2000 11086 11349 7562 9573 7 115 2 0 0 
2100 11287 11545 8422 10145 6 105 0 0 0 
2200 11339 11525 8979 10415 1 161 0 0 0 
2300 11526 11595 9522 10699 0 154 0 0 0 
2400 11593 11666 9934 10976 2 146 0 0 0 
2500 11729 11726 10246 11142 1 143 0 0 0 
2600 11778 11781 10513 11224 1 145 0 0 0 
2700 11886 11861 10743 11428 2 180 0 0 0 
2800 11940 11887 10896 11499 0 199 0 0 0 
2900 12051 12039 11125 11567 0 292 0 0 0 
3000 12042 12023 11187 11469 0 421 0 0 0 
3100 12125 12097 11288 11613 0 641 0 0 0 
3200 12148 12109 11220 11569 0 860 0 0 0 
3300 12096 12111 11169 11523 0 1257 0 0 0 
3400 12135 11992 11148 11433 0 1763 0 0 0 
3500 12135 12074 11224 11515 0 2315 0 0 0 
3600 12084 11958 11137 11406 0 2933 0 0 0 
3700 12170 12049 11142 11569 0 4036 0 0 0 
3800 12283 12003 11221 11476 0 4832 0 0 0 
3900 12284 12057 11196 11558 0 5740 0 0 0 
4000 12307 12135 11253 11586 0 6638 0 0 0 
4100 12366 12023 11217 11519 0 7597 0 0 0 
4200 12511 12037 11241 11502 0 8382 0 0 0 
4300 12545 12089 11320 11588 0 9042 1 0 0 
4400 12490 12082 11313 11614 0 9614 0 0 0 
4500 12491 11950 11229 11515 0 9791 0 0 0 
4600 12548 12048 11285 11545 2 10142 2 0 0 
4700 12641 11987 11176 11571 0 10446 0 0 0 
4800 12664 12035 11270 11607 0 10710 1 0 0 
4900 12675 11955 11155 11499 0 10840 0 0 0 
5000 12700 12039 11260 11620 1 10971 2 0 1 
5100 12706 12021 11242 11542 0 11050 1 0 1 
5200 12712 12119 11287 11640 0 11183 0 0 0 
5300 12726 11979 11145 11538 0 11090 2 0 0 
5400 12842 12045 11216 11576 0 11211 0 0 0 
5500 12721 12051 11213 11558 0 11115 0 0 0 
5600 12843 12132 11398 11637 0 11274 3 0 0 
5700 12822 12121 11316 11621 0 11180 0 0 0 
5800 12862 12061 11261 11612 0 11126 0 0 0 
5900 12919 12072 11245 11529 0 11074 0 0 0 
6000 12925 12152 11258 11611 0 11153 3 0 0 
6100 12845 11913 11207 11406 1 10942 0 0 0 
6200 12893 12161 11309 11694 3 11187 2 0 1 
6300 13032 12109 11309 11665 2 11078 2 0 0 
6400 13043 12146 11364 11650 0 11011 0 0 0 
6500 12975 12193 11331 11682 0 11068 2 0 0 
6600 13045 12182 11393 11736 1 10957 1 0 0 
6700 13049 12218 11467 11681 1 10930 1 0 0 
6800 13079 12152 11399 11722 2 10865 0 0 0 
6900 13104 12185 11417 11821 0 10961 0 0 0 
7000 13118 12128 11400 11717 0 10818 0 0 0 
7100 13140 12209 11414 11738 1 11003 0 0 0 
7200 13265 12176 11475 11746 4 10864 2 0 0 
7300 13194 12257 11527 11908 2 11008 1 0 0 
7400 13148 12232 11365 11720 2 10849 2 0 0 
7500 13262 12260 11440 11751 2 10893 0 0 0 
7600 13313 12325 11508 11826 3 10895 0 0 0 
7700 13253 12263 11491 11804 1 10926 0 0 0 
7800 13272 12293 11542 11898 3 11033 1 0 0 
7900 13173 12179 11473 11681 0 10721 1 0 0 
8000 13204 12171 11176 11748 1 10652 4 0 220 
8100 13179 12381 10320 11948 1 10092 8 1 1243 
8200 13230 12509 10724 12033 1 8867 8 2 2441 
8300 13212 12776 11484 12241 0 7672 10 0 3911 
8400 13117 12885 11771 12263 0 6222 8 0 5192 
8500 12979 13112 12019 12441 0 4876 12 5 6626 
8600 12944 13291 12201 12484 5 3831 25 0 7783 
8700 12777 13344 12142 12542 1 2980 37 4 8690 
8800 12790 13443 12314 12666 1 2160 39 4 9643 
8900 12800 13548 12420 12797 1 1739 35 6 10236 
9000 12805 13597 12478 12867 3 1334 33 6 10753 
9100 12764 13663 12359 12802 1 1065 26 6 11024 
9200 12711 13696 12436 12874 0 797 28 1 11240 
9300 12687 13729 12413 12872 2 619 35 2 11534 
9400 12628 13688 12437 12837 2 499 29 7 11557 
9500 12714 13755 12550 12854 0 379 32 4 11690 
9600 12699 13751 12457 12882 0 373 26 7 11706 
9700 12718 13752 12514 12893 5 401 36 8 11675 
9800 12737 13718 12546 12894 3 386 28 6 11708 
9900 12615 13795 12386 12980 0 481 37 8 11720 
10000 12619 13757 12375 13009 8 487 28 6 11738 
