# Avida tasks data
# Wed Apr 19 16:53:37 2023
# First column gives the current update, next columns give the number
# of organisms that have the particular task as a component of their merit
#  1: Update
#  2: Not
#  3: Nand
#  4: And
#  5: OrNot
#  6: Or
#  7: AndNot
#  8: Nor
#  9: Xor
# 10: Equals

0 0 0 0 0 0 0 0 0 0 
100 0 0 0 0 0 0 0 0 0 
200 0 0 0 0 0 0 0 0 0 
300 0 0 0 0 0 0 0 0 0 
400 0 0 0 0 0 0 0 0 0 
500 0 0 0 0 0 0 0 0 0 
600 0 0 0 0 0 0 0 0 0 
700 8 14 0 0 0 0 0 0 0 
800 9 106 0 0 0 0 0 0 0 
900 41 382 0 27 0 2 0 0 0 
1000 287 1659 29 526 0 1148 0 0 0 
1100 581 863 26 437 1413 2037 1329 0 0 
1200 1224 708 30 967 1783 2347 1666 0 0 
1300 1694 710 33 1434 1873 2413 1791 0 0 
1400 1840 773 38 2035 2277 2713 2175 0 0 
1500 1760 733 39 2384 2609 2467 2494 0 0 
1600 1825 973 38 2622 2829 2255 2711 0 0 
1700 1616 1400 32 2771 2941 2006 2804 0 0 
1800 1386 1883 29 2866 3047 1820 2905 0 0 
1900 1203 2255 29 2936 3029 1624 2896 0 0 
2000 1054 2571 31 3060 3073 1415 2949 0 0 
2100 1081 2784 29 3214 3151 1337 3016 0 0 
2200 1098 2807 29 3219 3163 1337 3042 0 0 
2300 1061 2938 29 3318 3273 1311 3133 0 0 
2400 1076 3142 29 3592 3528 1254 3392 0 0 
2500 1117 3391 29 3938 3851 1169 3687 0 0 
2600 1151 3647 37 4192 4090 1138 3929 0 0 
2700 1201 3937 29 4502 4333 1084 4156 0 0 
2800 1212 4256 29 4859 4661 1037 4461 0 0 
2900 1220 4501 29 5074 4849 993 4661 0 0 
3000 1255 4663 27 5275 5026 976 4827 0 0 
3100 1272 4862 31 5512 5242 931 5039 0 0 
3200 1277 5120 27 5765 5469 916 5260 0 0 
3300 1297 5375 29 6008 5662 887 5458 0 0 
3400 1325 5551 28 6263 5876 862 5654 0 0 
3500 1309 5666 27 6461 6105 845 5870 0 0 
3600 1338 5957 25 6712 6334 825 6098 0 0 
3700 1353 6116 15 6946 6568 806 6296 0 0 
3800 1417 6247 11 7100 6679 794 6411 0 0 
3900 1454 6264 12 7121 6695 786 6442 0 0 
4000 1487 6318 12 7160 6734 785 6472 0 0 
4100 1545 6922 12 7783 7319 810 7038 0 0 
4200 1586 7209 12 8070 7587 1426 7294 0 0 
4300 1582 7441 14 8261 7777 1949 7480 0 0 
4400 1610 7605 8 8402 7923 2272 7624 7 0 
4500 1618 7703 9 8464 8008 2555 7690 1 0 
4600 1660 7876 12 8635 8175 2820 7840 5 0 
4700 1648 7896 13 8652 8205 2963 7860 5 0 
4800 1701 7960 12 8705 8256 3208 7892 6 0 
4900 1678 7996 10 8726 8282 3474 7926 5 0 
5000 1756 8108 14 8823 8353 3723 8006 5 0 
5100 1788 8212 18 8937 8451 3867 8073 5 0 
5200 1763 8326 22 9049 8579 4089 8248 5 0 
5300 1826 8397 14 9118 8643 4240 8290 5 0 
5400 2053 8441 19 9107 8649 4826 8291 5 0 
5500 1880 8615 27 9236 8773 5306 8385 5 0 
5600 1860 8734 27 9351 8898 5554 8529 5 2 
5700 1968 8973 36 9602 9128 5815 8757 5 0 
5800 1938 9149 35 9737 9304 6098 8909 5 0 
5900 1921 9302 33 9891 9431 6296 9007 5 1 
6000 1853 9453 37 10002 9505 6444 9108 5 2 
6100 1829 9597 37 10063 9516 6602 9124 1 1 
6200 1876 9632 43 10138 9631 6797 9199 1 6 
6300 1946 9698 50 10197 9696 7019 9265 0 3 
6400 1922 9810 53 10299 9803 7184 9376 2 2 
6500 1916 9994 47 10457 9947 7406 9523 3 1 
