# Avida tasks data
# Thu Apr 20 05:28:50 2023
# First column gives the current update, next columns give the number
# of organisms that have the particular task as a component of their merit
#  1: Update
#  2: Not
#  3: Nand
#  4: And
#  5: OrNot
#  6: Or
#  7: AndNot
#  8: Nor
#  9: Xor
# 10: Equals

0 0 0 0 0 0 0 0 0 0 
100 0 0 0 0 0 0 0 0 0 
200 0 0 0 0 0 0 0 0 0 
300 0 0 0 0 0 0 0 0 0 
400 0 0 0 0 0 0 0 0 0 
500 0 0 0 0 0 0 0 0 0 
600 0 0 0 0 0 0 0 0 0 
700 0 83 0 0 0 0 0 0 0 
800 1160 726 19 711 0 2 0 0 0 
900 2172 2326 133 1948 0 3 0 0 0 
1000 2775 3694 680 3418 2 10 0 0 0 
1100 3106 5494 2008 5255 0 10 0 0 0 
1200 4973 6905 3232 6721 0 11 0 0 0 
1300 7458 9258 5552 9033 2 19 2 0 0 
1400 9493 11205 7598 11012 2 20 4 0 0 
1500 10630 12175 8958 11933 2 29 2 0 0 
1600 11323 12593 9906 12418 5 24 0 0 0 
1700 11830 12961 10637 12795 1 31 3 0 0 
1800 12131 13190 11037 13015 1 34 0 0 0 
1900 12311 13357 11487 13260 0 30 0 0 0 
2000 12570 13491 11791 13313 0 40 0 0 0 
2100 12507 13446 12015 13285 0 38 1 0 0 
2200 12616 13407 12145 13316 1 32 1 0 0 
2300 12450 13434 12174 13308 0 327 0 0 0 
2400 12559 13472 12263 13329 2 1086 4 0 0 
2500 12477 13412 12093 13260 0 2029 1 0 0 
2600 12451 13372 12177 13260 2 3168 2 0 0 
2700 12494 13342 12142 13256 0 4339 4 0 0 
2800 12502 13358 12238 13235 0 5712 2 0 0 
2900 12387 13340 12315 13162 1 7292 2 0 0 
3000 12436 13291 12239 13184 1 8759 1 0 0 
3100 12431 13255 12296 13191 1 10275 8 0 0 
3200 12494 13267 12403 13169 4 11553 13 0 1 
3300 12539 13247 12360 13150 2 12322 8 0 0 
3400 12500 13362 12451 13265 5 12733 9 0 0 
3500 12529 13289 12462 13242 3 12929 15 0 0 
3600 12461 13311 12358 13233 4 12933 10 0 0 
3700 12474 13284 12370 13257 8 12991 13 0 0 
3800 12603 13382 12481 13231 3 12980 13 0 0 
3900 12554 13333 12419 13271 4 12973 9 0 0 
4000 12557 13318 12351 13211 2 12980 10 0 0 
4100 12611 13284 12473 13240 6 13009 9 0 0 
4200 12647 13349 12431 13290 2 13000 15 0 0 
4300 12667 13288 12464 13300 2 13023 4 0 0 
4400 12595 13333 12474 13250 3 13046 7 0 0 
4500 12752 13303 12479 13249 5 13082 12 0 0 
4600 12702 13293 12411 13310 4 12960 12 0 0 
4700 12702 13234 12461 13269 0 13000 2 0 0 
4800 12709 13355 12566 13333 5 13075 3 0 0 
4900 12769 13343 12576 13305 5 13154 9 0 0 
5000 12751 13330 12598 13264 135 13051 10 0 0 
5100 12825 13365 12626 13357 792 13145 7 0 0 
5200 12846 13307 12666 13325 1639 13068 9 0 0 
5300 12821 13333 12685 13309 2814 13005 6 0 0 
5400 12783 13398 12729 13329 4025 12942 24 0 0 
5500 12842 13299 12794 13243 5076 12853 21 0 0 
5600 12817 13274 12903 13263 6152 12684 21 0 0 
5700 12734 13303 12901 13271 7394 12698 34 0 0 
5800 12713 13334 13053 13325 8669 12659 29 0 0 
5900 12797 13345 13022 13348 9800 12499 32 0 0 
6000 12755 13302 13079 13258 10445 12511 23 0 0 
6100 12795 13347 13111 13319 11164 12463 28 0 0 
6200 12745 13328 13133 13354 11695 12358 30 0 0 
6300 12687 13406 13177 13328 12068 12309 43 0 0 
6400 12784 13427 13129 13341 12234 12226 26 0 0 
6500 12811 13406 13249 13337 12570 12394 25 0 0 
6600 12730 13280 13201 13248 12555 12345 33 0 0 
6700 12743 13360 13259 13282 12657 12385 32 0 0 
6800 12748 13385 13108 13319 12468 12220 30 0 0 
6900 12788 13414 13176 13329 12587 12323 34 0 0 
7000 12705 13395 13200 13310 12612 12287 26 0 0 
7100 12741 13384 13197 13345 12638 12357 26 0 0 
7200 12794 13422 13159 13403 12573 12295 18 0 0 
7300 12758 13335 13206 13335 12583 12279 22 0 0 
7400 12789 13428 13228 13436 12696 12324 22 0 0 
7500 12811 13439 13242 13408 12664 12406 22 0 0 
7600 12826 13449 13281 13324 12587 12356 28 0 0 
7700 12820 13463 13222 13386 12596 12363 17 0 0 
7800 12878 13481 13267 13424 12630 12300 25 0 0 
7900 12887 13485 13228 13360 12596 12307 38 0 0 
8000 12923 13478 13190 13430 12575 12290 18 0 0 
8100 12738 13531 13197 13431 12604 12283 24 0 0 
8200 12878 13521 13223 13462 12553 12335 31 0 0 
8300 12816 13402 13168 13357 12550 12239 22 0 5 
8400 13035 13466 13244 13411 12714 11286 23 0 1068 
8500 13061 13498 13140 13430 12571 9595 18 0 2505 
8600 13145 13567 13216 13513 12721 8015 27 0 4106 
8700 13193 13524 13203 13510 12593 6695 25 0 5368 
8800 13374 13586 13233 13571 12634 5274 18 0 6843 
8900 13368 13547 13249 13544 12411 3969 17 0 8172 
9000 13421 13561 13258 13568 12436 3026 25 0 9268 
9100 13499 13516 13197 13506 12423 2180 14 1 9907 
9200 13393 13578 13179 13543 12542 1514 19 0 10494 
9300 13493 13566 13163 13531 12475 1021 16 0 10861 
9400 13558 13576 13159 13594 12525 708 22 1 11300 
9500 13597 13656 13171 13601 12484 569 27 2 11466 
9600 13604 13607 13251 13576 12471 589 19 0 11625 
9700 13512 13553 13125 13542 12266 633 18 0 11438 
9800 13546 13608 13171 13508 12225 721 13 0 11498 
9900 13490 13573 13196 13582 12251 725 22 0 11553 
10000 13528 13521 13076 13523 12163 758 23 0 11448 
