# Avida tasks data
# Wed Apr 19 20:36:52 2023
# First column gives the current update, next columns give the number
# of organisms that have the particular task as a component of their merit
#  1: Update
#  2: Not
#  3: Nand
#  4: And
#  5: OrNot
#  6: Or
#  7: AndNot
#  8: Nor
#  9: Xor
# 10: Equals

0 0 0 0 0 0 0 0 0 0 
100 0 0 0 0 0 0 0 0 0 
200 0 0 0 0 0 0 0 0 0 
300 0 0 0 0 0 0 0 0 0 
400 2 0 0 0 0 0 0 0 0 
500 118 3 0 0 0 0 0 0 0 
600 770 35 0 100 0 0 0 0 0 
700 1500 272 0 460 196 0 0 0 0 
800 2265 482 0 949 1056 0 0 0 0 
900 3252 725 0 1479 1942 0 1 0 0 
1000 3723 806 0 2038 2421 0 0 0 0 
1100 3736 814 0 2061 2412 0 0 0 0 
1200 3765 837 0 2056 2422 0 0 0 0 
1300 3756 830 0 2057 2424 0 0 0 0 
1400 3752 828 0 2070 2418 0 0 0 0 
1500 3866 841 0 2081 2497 0 2 0 0 
1600 4432 880 0 2938 2928 8 936 0 0 
1700 4682 2116 0 3530 2593 8 1601 0 0 
1800 5296 2731 0 3929 2569 8 2066 0 0 
1900 5527 2937 1 4029 2524 1 2172 0 0 
2000 5859 2309 3 4440 2392 0 2501 0 0 
2100 6138 2230 1 4974 2208 1 3070 0 0 
2200 6321 2243 1 5265 2679 2 3454 0 0 
2300 6537 2227 2 5548 3017 1 3916 0 0 
2400 6652 2211 2 5698 2382 0 4241 0 0 
2500 6808 2172 2 5976 1975 2 4578 0 0 
2600 7024 2150 1 6228 1700 1 4898 0 0 
2700 7229 2131 1 6491 1543 1 5184 0 0 
2800 7406 2109 1 6818 1454 3 5508 0 0 
2900 7643 2108 2 7183 1366 1 5901 0 0 
3000 7797 2078 1 7467 1292 1 6194 0 0 
3100 7791 2083 1 7467 1280 2 6195 0 0 
3200 7807 2077 1 7463 1277 1 6199 0 0 
3300 8211 1974 1 7977 1076 1 6755 0 0 
3400 8495 1992 1 8307 1011 1 7173 0 0 
