# Avida tasks data
# Wed Apr 19 21:29:46 2023
# First column gives the current update, next columns give the number
# of organisms that have the particular task as a component of their merit
#  1: Update
#  2: Not
#  3: Nand
#  4: And
#  5: OrNot
#  6: Or
#  7: AndNot
#  8: Nor
#  9: Xor
# 10: Equals

0 0 0 0 0 0 0 0 0 0 
100 0 0 0 0 0 0 0 0 0 
200 0 0 0 0 0 0 0 0 0 
300 0 0 0 0 0 0 0 0 0 
400 0 0 0 0 0 0 0 0 0 
500 0 0 0 0 0 0 0 0 0 
600 0 0 0 0 0 0 0 0 0 
700 0 0 0 0 0 0 0 0 0 
800 1 0 0 0 0 0 0 0 0 
900 4 12 0 0 0 0 0 0 0 
1000 19 67 0 44 0 0 0 0 0 
1100 105 226 0 365 0 0 0 0 0 
1200 395 1139 0 1152 0 0 0 0 0 
1300 710 2549 0 2277 0 0 0 0 0 
1400 1047 3780 0 3488 0 0 0 0 0 
1500 1186 3635 162 4516 4 1250 3 0 0 
1600 1069 3331 1737 5548 7 3137 0 0 0 
1700 1007 3626 2866 6349 12 4356 1 0 0 
1800 958 3894 3841 7082 12 5304 1 0 0 
1900 885 4620 4810 7913 14 6284 1 0 0 
2000 828 5194 5622 8727 21 7189 0 0 0 
2100 768 5776 6391 9575 25 8051 1 0 0 
2200 901 6433 7357 10267 29 8917 0 0 0 
2300 1124 6883 7940 10876 23 9554 0 0 0 
2400 1438 7509 8616 11435 20 10172 0 0 0 
2500 1733 8190 9262 11993 18 10760 3 1 0 
2600 2159 8599 9719 12201 4 11069 5 0 0 
2700 2677 9017 10121 12425 12 11292 1 0 0 
2800 3133 9407 10202 12528 9 11409 1 0 0 
2900 3587 9696 10421 12678 14 11668 56 0 0 
3000 4162 10137 10509 12812 16 11648 202 0 0 
3100 4828 10569 10766 13092 9 11946 360 0 0 
3200 5328 10789 10913 13123 15 11998 466 0 0 
3300 5771 11049 10711 13136 17 12048 717 5 0 
3400 6121 11309 10363 13093 66 12013 907 75 2 
3500 6432 11372 9828 13127 584 12024 1043 15 0 
3600 6858 11549 8769 13173 1408 11915 1139 9 0 
3700 7198 11695 9408 13120 2711 11989 1192 31 0 
3800 8050 11896 9812 13068 3984 11937 1194 44 0 
3900 8913 12139 10138 12999 5238 11909 1139 27 0 
4000 9805 12292 10358 12897 6414 11905 942 49 0 
4100 10623 12578 10731 12981 7492 11929 762 33 0 
4200 11287 12576 10990 13006 8285 11963 541 32 1 
4300 11930 12720 11348 12992 9250 11983 268 31 0 
4400 12569 12805 11391 12878 9870 11891 123 52 2 
4500 12963 12890 11507 12935 10363 11905 86 49 0 
4600 13237 13099 11484 12858 10697 11948 50 69 1 
4700 13322 13173 11569 12830 10845 11938 27 60 0 
4800 13319 13101 11508 12825 10841 11904 5 41 0 
4900 13391 13168 11502 12847 10884 11938 4 46 0 
5000 13325 13208 11474 12819 10876 11861 3 43 0 
5100 13356 13267 11613 12899 10991 11965 4 51 0 
5200 13284 13166 11429 12794 10772 11799 7 60 1 
5300 13354 13113 11559 12795 10903 11944 4 57 0 
5400 13497 13111 11479 12805 10872 11816 2 50 0 
5500 13542 13141 11536 12742 10922 11889 3 76 0 
5600 13481 13138 11547 12747 10930 11884 3 48 0 
5700 13469 13089 11461 12740 10919 11841 10 66 0 
5800 13444 13084 11508 12768 10866 11856 4 47 0 
5900 13503 13122 11434 12793 10908 11841 4 46 0 
6000 13529 13135 11498 12768 10935 11890 6 54 0 
6100 13649 13113 11523 12793 11001 11905 3 78 0 
6200 13597 13102 11517 12761 10966 11908 5 63 0 
6300 13609 13099 11559 12799 11062 11946 3 66 0 
6400 13583 13086 11593 12832 11072 11922 1 65 0 
6500 13531 13068 11457 12754 10908 11871 2 68 0 
6600 13546 13037 11440 12781 10950 11846 4 62 0 
6700 13564 13159 11636 12851 11111 12006 5 70 0 
6800 13556 13081 11476 12753 10928 11861 2 52 0 
6900 13577 13057 11532 12819 10996 11917 3 59 0 
7000 13513 12988 11365 12741 10823 11842 8 68 0 
7100 13466 13092 11526 12823 10963 11910 2 69 0 
7200 13489 13037 11491 12793 10970 11858 7 60 0 
7300 13549 12963 11411 12773 10884 11886 1 63 0 
7400 13606 13078 11500 12743 11005 11835 4 53 0 
7500 13540 13045 11573 12859 11046 11929 1 61 0 
7600 13604 13017 11493 12864 10976 11921 0 76 0 
7700 13595 13114 11562 12854 11034 11985 6 95 0 
7800 13471 13090 11570 12874 11009 11886 6 89 0 
7900 13541 12972 11477 12785 10970 11900 4 93 0 
8000 13487 13102 11485 12807 10980 11874 8 65 0 
8100 13489 13093 11454 12776 11007 11927 18 65 0 
8200 13526 13062 11477 12760 11005 11862 72 52 0 
8300 13507 13083 11610 12720 11098 11906 128 69 0 
8400 13552 13082 11464 12563 10911 11818 234 62 0 
8500 13492 12998 11467 12273 10909 11814 479 73 0 
8600 13467 12974 11461 11873 10919 11874 908 60 0 
8700 13472 12927 11437 11514 10988 11835 1285 60 0 
8800 13558 12908 11442 10944 10965 11816 1760 58 0 
8900 13432 12915 11330 10446 10867 11739 2221 62 0 
9000 13384 12774 11364 10161 10932 11765 3200 61 0 
9100 13542 12821 11585 10273 11112 11868 4481 59 0 
9200 13520 12722 11459 10327 11043 11796 5774 87 2 
9300 13566 12692 11490 10454 10933 11737 6961 71 5 
9400 13695 12679 11444 10571 10991 11779 8097 37 3 
9500 13727 12627 11563 10662 11099 11843 9146 83 2 
9600 13698 12510 11444 10611 10931 11685 9918 93 0 
9700 13742 12487 11520 10819 11014 11718 10464 70 3 
9800 13770 12402 11527 10916 11043 11698 10931 64 4 
9900 13783 12335 11431 11013 10951 11644 11165 87 1 
10000 13857 12426 11414 10918 10884 11667 11479 62 1 
