# Avida tasks data
# Thu Apr 20 03:47:18 2023
# First column gives the current update, next columns give the number
# of organisms that have the particular task as a component of their merit
#  1: Update
#  2: Not
#  3: Nand
#  4: And
#  5: OrNot
#  6: Or
#  7: AndNot
#  8: Nor
#  9: Xor
# 10: Equals

0 0 0 0 0 0 0 0 0 0 
100 0 0 0 0 0 0 0 0 0 
200 0 0 0 0 0 0 0 0 0 
300 0 0 0 0 0 0 0 0 0 
400 0 0 0 0 0 0 0 0 0 
500 0 0 0 0 0 0 0 0 0 
600 12 489 0 5 0 0 0 0 0 
700 333 2269 0 256 0 0 0 0 0 
800 1676 3305 0 165 295 0 0 0 0 
900 3758 5026 0 425 2233 1 0 0 0 
1000 5975 7439 0 2288 4524 12 103 0 0 
1100 7995 9451 0 4029 6549 9 323 0 0 
1200 9793 11083 0 5423 8380 30 817 0 0 
1300 10691 11926 0 6071 9420 50 1453 0 0 
1400 11366 12531 2 6137 10331 49 2119 0 0 
1500 11845 12910 0 6113 10979 72 3024 0 0 
1600 12067 13042 0 5917 11297 90 4001 0 0 
1700 12045 12980 1 5753 11468 1262 5231 0 0 
1800 12189 13028 5 5413 11669 3558 6750 0 0 
1900 12300 13058 6 4908 11842 5245 7602 0 0 
2000 12410 13043 14 4108 11784 6938 8327 0 0 
2100 12477 12993 14 3098 11875 8544 9236 0 0 
2200 12575 13138 12 2222 11960 10003 9952 0 0 
2300 12613 13042 14 1674 11878 10862 10354 0 0 
2400 12695 13064 17 1290 11943 11408 10740 0 0 
2500 12674 13031 31 1023 11932 11704 10914 0 0 
2600 12646 13077 24 892 11968 12113 11111 0 1 
2700 12791 13062 19 726 12007 12403 11364 0 0 
2800 12815 13063 27 579 11955 12653 11551 0 0 
2900 12727 13067 8 597 11940 12669 11580 0 0 
3000 12777 12996 13 683 11825 12624 11481 0 0 
3100 12829 13060 15 788 11916 12616 11507 0 0 
3200 12832 13081 13 963 12017 12685 11625 1 0 
3300 12885 13114 16 1374 12086 12681 11657 0 0 
3400 12881 13122 26 1664 12036 12695 11596 0 1 
3500 12947 13092 25 2115 11929 12586 11545 0 0 
3600 12896 13123 14 2718 12035 12693 11613 0 0 
3700 12931 13171 20 3384 12085 12607 11670 0 0 
3800 12915 13203 17 4174 12100 12656 11736 0 2 
3900 12989 13196 9 4976 12113 12690 11721 1 0 
4000 12915 13164 17 5577 12106 12707 11778 2 0 
4100 12965 13190 23 6337 12195 12572 11788 0 1 
4200 12856 13140 19 6856 11986 12584 11615 3 5 
4300 12881 13140 25 7286 11982 12538 11418 0 125 
4400 12872 13198 23 7111 12024 12559 10957 0 643 
4500 12906 13194 27 7138 12060 12672 10298 0 1354 
4600 12867 13164 18 7066 11974 12608 10197 0 1408 
4700 12855 13160 20 7027 12025 12583 9998 0 1652 
4800 12914 13191 27 6854 12114 12615 9393 0 2356 
4900 13015 13172 48 6466 12161 12626 8436 2 3348 
5000 12822 13123 47 6236 11996 12162 8077 1 3563 
5100 12887 13100 37 6341 11978 11486 8074 1 3561 
5200 12874 13164 35 6461 12018 11071 8074 1 3605 
5300 12873 13165 37 6550 12049 10737 8062 1 3663 
5400 12880 13225 34 6421 12075 10591 8052 1 3696 
5500 12874 13236 44 6329 12074 10563 8050 1 3693 
5600 12855 13240 44 6276 12040 10466 8037 1 3673 
5700 12843 13250 33 6231 12089 10262 8000 1 3769 
5800 12816 13268 39 6188 12074 10052 7933 1 3842 
5900 12849 13274 46 6137 12095 9789 7833 1 3947 
6000 12808 13239 50 6085 12007 9466 7717 1 3966 
6100 12814 13263 45 6034 12065 9171 7600 1 4142 
6200 12819 13262 44 5898 12049 8905 7467 1 4255 
6300 12849 13295 45 5733 12114 8728 7299 1 4474 
6400 12835 13286 44 5722 12090 8698 7279 1 4473 
6500 12836 13282 51 5525 12110 8457 7070 1 4705 
6600 12855 13295 55 5272 12130 8219 6830 1 4952 
6700 12861 13305 53 5254 12143 8191 6807 1 5001 
6800 12815 13281 61 5235 12099 8156 6771 3 4967 
6900 12815 13274 56 5169 12100 8073 6694 3 5074 
7000 12803 13270 53 5035 12106 7903 6548 0 5218 
7100 12828 13300 54 4904 12137 7742 6389 0 5408 
7200 12797 13265 53 4855 12107 7686 6333 0 5437 
7300 12773 13254 55 4765 12082 7510 6169 0 5577 
7400 12761 13262 59 4737 12078 7469 6135 0 5603 
