# Avida tasks data
# Wed Apr 19 17:37:45 2023
# First column gives the current update, next columns give the number
# of organisms that have the particular task as a component of their merit
#  1: Update
#  2: Not
#  3: Nand
#  4: And
#  5: OrNot
#  6: Or
#  7: AndNot
#  8: Nor
#  9: Xor
# 10: Equals

0 0 0 0 0 0 0 0 0 0 
100 0 0 0 0 0 0 0 0 0 
200 0 0 0 0 0 0 0 0 0 
300 0 0 0 0 0 0 0 0 0 
400 0 0 0 0 0 0 0 0 0 
500 0 0 0 0 0 0 0 0 0 
600 0 0 0 0 0 0 0 0 0 
700 0 0 0 0 0 0 0 0 0 
800 0 7 0 0 0 0 0 0 0 
900 10 35 0 0 0 0 0 0 0 
1000 61 89 0 0 0 0 0 0 0 
1100 167 186 0 6 0 0 0 0 0 
1200 294 250 0 356 0 0 0 0 0 
1300 457 776 0 1205 0 0 0 0 0 
1400 676 2140 0 2623 1 0 0 0 0 
1500 780 2913 0 3523 2 0 0 0 0 
1600 776 3054 0 3653 2 0 0 0 0 
1700 792 3269 0 3861 2 0 0 0 0 
1800 793 3714 0 4327 2 0 0 0 0 
1900 800 4078 0 4723 2 0 0 0 0 
2000 812 4555 0 5246 2 0 0 0 0 
2100 874 4776 0 5466 2 0 0 0 0 
2200 1147 5016 0 5724 8 0 0 0 0 
2300 1182 5026 0 5738 9 0 0 0 0 
2400 1182 5026 0 5738 9 0 0 0 0 
2500 1180 5023 0 5735 9 0 0 0 0 
2600 1180 5023 0 5735 9 0 0 0 0 
2700 1180 5023 0 5735 9 0 0 0 0 
2800 1180 5023 0 5735 9 0 0 0 0 
2900 1179 5022 0 5734 9 0 0 0 0 
3000 1179 5020 0 5736 9 0 0 0 0 
3100 1179 5019 0 5737 9 0 0 0 0 
3200 1179 5019 0 5737 9 0 0 0 0 
3300 1179 5019 0 5737 9 0 0 0 0 
3400 1227 5121 0 5832 8 0 0 0 0 
3500 1339 5188 0 5926 13 0 0 0 0 
3600 1403 5303 0 6026 10 0 0 0 0 
3700 1449 5450 0 6182 4 0 0 0 0 
3800 1530 5558 0 6295 8 0 0 0 0 
3900 1503 5676 0 6447 5 0 0 0 0 
4000 1628 5888 0 6640 11 0 0 0 0 
4100 1698 6025 0 6759 10 0 0 0 0 
4200 1737 6114 0 6877 10 0 0 0 0 
4300 1753 6240 0 7016 17 0 0 0 0 
4400 1786 6421 0 7197 13 0 0 0 0 
4500 1815 6550 0 7338 16 0 0 0 0 
4600 1883 6679 0 7479 18 0 0 0 0 
4700 1969 6808 0 7610 23 0 0 0 0 
4800 1999 6923 0 7727 18 0 0 0 0 
4900 2047 7023 0 7829 24 0 0 0 0 
5000 2092 7179 0 7940 19 0 0 0 0 
5100 2099 7196 0 7933 15 0 0 0 0 
5200 2091 7231 0 7952 17 0 0 0 0 
5300 2165 7230 0 7940 19 0 0 0 0 
5400 2163 7234 0 7935 22 0 0 0 0 
5500 2340 7416 0 8114 19 0 0 0 0 
5600 2315 7524 0 8239 26 0 0 0 0 
5700 2443 7645 0 8364 22 0 0 0 0 
5800 2514 7726 0 8451 26 0 0 0 0 
5900 2457 7746 0 8466 21 0 0 0 0 
6000 2342 7771 0 8487 19 0 0 0 0 
6100 2337 7780 0 8490 20 1 0 0 0 
6200 2329 7803 0 8516 22 3 0 0 0 
6300 2279 7806 0 8519 24 2 0 0 0 
6400 2233 7800 0 8515 23 2 0 0 0 
6500 2142 7811 0 8523 27 3 0 0 0 
6600 2106 7806 0 8518 25 2 0 0 0 
6700 2053 7803 0 8510 18 2 0 0 0 
6800 2028 7824 0 8527 22 1 0 0 0 
6900 2044 7867 0 8567 25 3 0 0 0 
7000 2066 7945 0 8645 24 2 0 0 0 
7100 2064 8031 0 8724 23 2 0 0 0 
7200 2103 8127 0 8818 21 2 0 0 0 
7300 2005 8210 0 8904 20 2 0 0 0 
7400 2038 8304 0 9000 22 4 0 0 0 
7500 2029 8385 0 9081 21 2 0 0 0 
7600 2066 8468 0 9167 20 3 0 0 0 
7700 2023 8542 0 9248 19 4 0 0 0 
7800 2024 8616 0 9314 19 3 0 0 0 
7900 2119 8716 0 9396 23 2 0 0 0 
8000 2080 8790 0 9458 19 3 0 0 0 
8100 2121 8829 0 9487 20 4 0 0 0 
8200 2236 8865 0 9484 20 3 0 0 0 
8300 2246 8929 0 9505 28 3 0 0 0 
8400 2292 9003 0 9537 24 3 0 0 0 
8500 2195 9073 0 9558 22 5 0 0 0 
8600 2262 9144 0 9594 16 6 0 0 0 
8700 2281 9207 0 9632 18 5 0 0 0 
8800 2299 9245 0 9642 20 7 0 0 0 
8900 2321 9309 0 9680 21 6 0 0 0 
9000 2305 9333 0 9691 20 5 0 0 0 
9100 2283 9365 0 9712 22 4 0 0 0 
9200 2287 9376 0 9717 18 5 0 0 0 
9300 2346 9424 0 9759 15 6 0 0 0 
9400 2280 9442 0 9767 17 2 0 0 0 
9500 2201 9446 0 9765 19 3 0 0 0 
9600 2330 9437 0 9752 18 1 0 0 0 
9700 2365 9482 0 9791 16 1 0 0 0 
9800 2348 9495 0 9801 18 0 0 0 0 
9900 2454 9521 0 9823 15 2 0 0 0 
10000 2393 9536 0 9827 16 3 0 0 0 
