# Avida tasks data
# Wed Apr 19 23:50:27 2023
# First column gives the current update, next columns give the number
# of organisms that have the particular task as a component of their merit
#  1: Update
#  2: Not
#  3: Nand
#  4: And
#  5: OrNot
#  6: Or
#  7: AndNot
#  8: Nor
#  9: Xor
# 10: Equals

0 0 0 0 0 0 0 0 0 0 
100 0 0 0 0 0 0 0 0 0 
200 0 0 0 0 0 0 0 0 0 
300 0 0 0 0 0 0 0 0 0 
400 0 0 0 0 0 0 0 0 0 
500 0 0 0 0 0 0 0 0 0 
600 0 0 0 0 0 0 0 0 0 
700 0 0 0 0 0 0 0 0 0 
800 0 0 0 0 0 0 0 0 0 
900 8 0 0 0 0 0 0 0 0 
1000 56 0 0 0 0 0 0 0 0 
1100 173 0 0 0 0 0 0 0 0 
1200 338 0 0 0 0 0 0 0 0 
1300 580 0 0 5 0 0 0 0 0 
1400 784 910 0 1269 0 0 0 0 0 
1500 1256 2903 0 3407 2 0 0 0 0 
1600 2476 3943 9 4950 558 0 0 0 0 
1700 4155 3492 2 5826 2073 10 2 0 0 
1800 4102 3256 932 6495 3335 671 32 0 2 
1900 4041 4479 2640 6534 3958 2622 36 0 13 
2000 4851 5127 3705 6768 4955 3757 244 0 23 
2100 5611 5451 4306 7131 5535 4411 1198 6 17 
2200 6528 5853 4788 7419 5912 4861 2138 21 24 
2300 7183 6260 5340 7690 6299 5473 3062 14 21 
2400 8008 6877 5959 8224 6893 6108 4008 27 12 
2500 8785 7419 6713 8842 7637 6868 4874 12 16 
2600 9640 7983 7310 9397 8255 7430 5671 16 21 
2700 10432 8556 7891 9858 8805 8058 6387 42 29 
2800 11055 9069 8419 10314 9409 8646 7158 30 36 
2900 11772 9363 8942 10677 9865 9120 7725 32 36 
3000 12293 9788 9305 11088 10322 9537 8314 46 31 
3100 12774 9993 9814 11421 10747 9970 8769 75 53 
3200 13009 10224 9993 11724 11009 10241 9169 134 45 
3300 13268 10361 10256 11853 11304 10480 9452 294 34 
3400 13357 10316 10270 12083 11428 10527 9654 547 50 
3500 13380 10275 10472 12090 11563 10720 9766 914 44 
3600 13451 10442 10536 12036 11569 10769 9866 1366 35 
3700 13418 10703 10579 12022 11663 10802 9924 1789 23 
3800 13222 10900 10480 12095 11599 9784 8753 2126 1121 
3900 13142 10344 10174 12075 10773 10112 8086 2341 1748 
4000 13082 10488 10140 11999 9705 10068 7164 3158 2659 
4100 13055 10423 10065 11936 9002 9977 6566 3610 3139 
4200 12999 10504 10025 11876 8344 9959 6149 3967 3583 
4300 13009 10541 9936 11881 8044 9840 5778 4133 3822 
4400 12930 10868 9952 11872 8105 9853 5662 4410 4098 
4500 12849 11084 9959 11884 7942 9873 5624 4551 4265 
4600 12762 11295 9951 11828 7556 9806 5522 4674 4419 
4700 12846 11386 9682 11959 7408 9538 5475 4437 4599 
4800 12748 11388 9507 11946 7365 9312 5470 4214 4570 
4900 12822 11379 9327 11947 7360 9116 5464 4065 4550 
5000 12888 11366 9155 11948 7361 8993 5458 4178 4554 
5100 12916 11420 8914 11964 7320 8754 5454 3867 4579 
5200 12962 11396 8807 11970 7386 8654 5452 4032 4604 
5300 12970 11434 8716 12000 7769 8567 5443 4151 4649 
5400 12980 11418 8543 11993 7998 8400 5425 4305 4707 
5500 12998 11469 8348 11996 8166 8206 5362 4458 4820 
5600 13048 11529 8193 12089 8337 8050 5305 4650 4983 
5700 13057 11508 8048 12099 8439 7904 5232 4757 5053 
5800 13091 11546 7874 12133 8600 7731 5167 4923 5198 
5900 13086 11542 7725 12127 8609 7601 5087 4966 5250 
6000 13077 11558 7538 12114 8697 7422 4967 5140 5420 
6100 13074 11599 7415 12151 8793 7308 4898 5286 5559 
6200 13103 11617 7307 12181 8860 7176 4820 5399 5663 
6300 13094 11609 7223 12196 8935 7094 4751 5504 5728 
6400 13114 11579 7101 12223 8982 6992 4674 5586 5777 
6500 13140 11616 6966 12237 9120 6856 4594 5743 5899 
6600 13140 11661 6859 12241 9174 6722 4496 5877 6038 
6700 13111 11701 6732 12237 9251 6604 4419 6010 6129 
6800 13136 11715 6602 12277 9356 6477 4319 6169 6292 
6900 13144 11735 6493 12236 9440 6369 4246 6275 6381 
7000 13130 11732 6399 12253 9422 6282 4172 6311 6382 
7100 13147 11747 6302 12261 9465 6188 4120 6388 6477 
7200 13170 11797 6205 12291 9568 6091 4058 6506 6567 
7300 13177 11805 6150 12310 9584 6048 4002 6545 6630 
7400 13221 11847 6069 12318 9673 5962 3965 6638 6708 
7500 13249 11819 5954 12317 9710 5879 3905 6693 6745 
7600 13191 11815 5867 12315 9725 5775 3845 6731 6773 
7700 13203 11858 5730 12263 9764 5652 3780 6814 6881 
7800 13199 11904 5658 12310 9790 5576 3732 6881 6939 
7900 13213 11924 5567 12266 9849 5481 3692 6969 7029 
8000 13251 11894 5468 12259 9846 5360 3598 7022 7056 
8100 13288 11978 5348 12329 9982 5264 3529 7210 7235 
8200 13272 11998 5243 12361 10055 5177 3476 7288 7294 
8300 13298 12043 5099 12424 10107 5051 3384 7413 7425 
8400 13305 12018 4964 12416 10127 4918 3321 7470 7501 
8500 13303 12037 4890 12455 10138 4844 3259 7544 7570 
8600 13308 12120 4784 12464 10262 4735 3179 7691 7723 
8700 13291 12078 4666 12458 10232 4656 3097 7709 7711 
8800 13297 12068 4547 12414 10262 4512 3022 7792 7767 
8900 13278 12091 4438 12419 10286 4405 2963 7903 7839 
9000 13343 12126 4317 12510 10411 4293 2896 8069 7999 
9100 13341 12112 4205 12502 10389 4179 2832 8097 8058 
9200 13367 12163 4083 12482 10487 4050 2757 8210 8159 
9300 13374 12196 3990 12507 10516 3937 2673 8324 8279 
9400 13353 12191 3979 12487 10503 3932 2669 8307 8267 
9500 13362 12214 3911 12519 10551 3878 2621 8390 8358 
9600 13342 12203 3825 12480 10504 3796 2569 8375 8354 
9700 13367 12253 3711 12521 10570 3679 2497 8505 8498 
9800 13381 12250 3652 12519 10577 3831 2447 8533 8541 
9900 13383 12243 3610 12514 10583 4090 2421 8562 8573 
10000 13366 12231 3596 12519 10563 4381 2408 8561 8569 
