# Avida tasks data
# Thu Apr 20 06:54:04 2023
# First column gives the current update, next columns give the number
# of organisms that have the particular task as a component of their merit
#  1: Update
#  2: Not
#  3: Nand
#  4: And
#  5: OrNot
#  6: Or
#  7: AndNot
#  8: Nor
#  9: Xor
# 10: Equals

0 0 0 0 0 0 0 0 0 0 
100 0 0 0 0 0 0 0 0 0 
200 0 0 0 0 0 0 0 0 0 
300 0 0 0 0 0 0 0 0 0 
400 0 0 0 0 0 0 0 0 0 
500 0 0 0 0 0 0 0 0 0 
600 364 35 0 10 0 0 0 0 0 
700 1697 117 0 28 3 0 0 0 0 
800 3717 224 0 72 2 0 0 0 0 
900 3719 223 0 72 2 0 0 0 0 
1000 3720 223 0 72 2 0 0 0 0 
1100 3720 223 0 72 2 0 0 0 0 
1200 3722 224 0 72 2 0 0 0 0 
1300 3722 224 0 72 2 0 0 0 0 
1400 3722 224 0 72 2 0 0 0 0 
1500 4275 269 0 94 1 0 0 0 0 
1600 4857 1511 1 93 2 0 0 0 0 
1700 5235 3248 0 114 4 0 0 0 0 
1800 6714 5373 0 230 2 0 2 0 0 
1900 8416 7362 0 321 8 0 1 0 0 
2000 9564 8790 1 360 6 0 0 0 0 
2100 9879 9251 0 401 5 0 0 0 0 
2200 9879 9251 0 401 5 0 0 0 0 
2300 9878 9250 0 401 5 0 0 0 0 
2400 9878 9250 0 401 5 0 0 0 0 
2500 9878 9250 0 401 5 0 0 0 0 
2600 9878 9250 0 401 5 0 0 0 0 
2700 9877 9249 0 401 5 0 0 0 0 
2800 9878 9250 0 401 5 0 0 0 0 
2900 9878 9250 0 401 5 0 0 0 0 
3000 9878 9250 0 401 5 0 0 0 0 
3100 9877 9249 0 401 5 0 0 0 0 
3200 9879 9250 0 401 5 0 0 0 0 
3300 9879 9250 0 401 5 0 0 0 0 
3400 9879 9250 0 401 5 0 0 0 0 
3500 9878 9249 0 401 5 0 0 0 0 
3600 9879 9250 0 401 5 0 0 0 0 
3700 9879 9250 0 401 5 0 0 0 0 
3800 9880 9251 0 401 5 0 0 0 0 
3900 9880 9251 0 401 5 0 0 0 0 
4000 9880 9251 0 401 5 0 0 0 0 
4100 9879 9250 0 401 5 0 0 0 0 
4200 9879 9250 0 401 5 0 0 0 0 
4300 9879 9250 0 401 5 0 0 0 0 
4400 9879 9250 0 401 5 0 0 0 0 
4500 9879 9250 0 401 5 0 0 0 0 
4600 9878 9249 0 401 5 0 0 0 0 
4700 9879 9250 0 401 5 0 0 0 0 
4800 9879 9250 0 401 5 0 0 0 0 
4900 9879 9250 0 401 5 0 0 0 0 
5000 9879 9250 0 401 5 0 0 0 0 
5100 9879 9250 0 401 5 0 0 0 0 
5200 9879 9250 0 401 5 0 0 0 0 
5300 9878 9249 0 401 5 0 0 0 0 
5400 9879 9250 0 401 5 0 0 0 0 
5500 9880 9251 0 401 5 0 0 0 0 
5600 9879 9250 0 401 5 0 0 0 0 
5700 9880 9251 0 401 5 0 0 0 0 
5800 9879 9250 0 401 5 0 0 0 0 
5900 9879 9250 0 401 5 0 0 0 0 
6000 9879 9250 0 401 5 0 0 0 0 
6100 9878 9249 0 401 5 0 0 0 0 
6200 9879 9250 0 401 5 0 0 0 0 
6300 9832 9222 1 390 3 0 0 0 0 
6400 9838 9203 1 377 3 0 0 0 0 
6500 9866 9231 1 387 4 0 0 0 0 
