# Avida tasks data
# Thu Apr 20 05:53:50 2023
# First column gives the current update, next columns give the number
# of organisms that have the particular task as a component of their merit
#  1: Update
#  2: Not
#  3: Nand
#  4: And
#  5: OrNot
#  6: Or
#  7: AndNot
#  8: Nor
#  9: Xor
# 10: Equals

0 0 0 0 0 0 0 0 0 0 
100 0 0 0 0 0 0 0 0 0 
200 0 0 0 0 0 0 0 0 0 
300 0 0 0 0 0 0 0 0 0 
400 0 0 0 0 0 0 0 0 0 
500 0 0 0 0 0 0 0 0 0 
600 242 11 0 4 0 0 0 0 0 
700 829 105 0 206 3 0 0 0 0 
800 1094 104 0 229 3 0 0 0 0 
900 1094 104 0 229 3 0 0 0 0 
1000 1396 95 0 196 3 0 0 0 0 
1100 1900 148 0 1327 8 0 2 0 0 
1200 1790 180 1 2012 12 0 0 0 0 
1300 1780 179 1 2037 12 0 0 0 0 
1400 1771 172 1 2053 12 0 0 0 0 
1500 1759 255 0 2984 20 2 0 0 0 
1600 1742 284 0 3281 29 2 0 0 0 
1700 1746 284 0 3281 29 2 0 0 0 
1800 2457 979 0 3650 17 4 0 0 0 
1900 3583 631 0 4596 17 15 0 0 0 
2000 5021 565 7 5959 17 33 0 0 0 
2100 6958 647 3 7901 18 42 0 0 0 
2200 8246 718 8 9280 29 61 0 0 0 
2300 9255 766 7 10340 18 88 0 0 0 
2400 9975 798 2 11063 16 74 0 0 0 
2500 10410 776 7 11479 18 93 0 0 0 
2600 10631 819 10 11636 9 121 0 0 0 
2700 11012 824 13 11943 16 97 0 0 0 
2800 11238 1430 18 12130 18 103 0 0 0 
2900 11127 2841 15 12164 18 84 0 0 0 
3000 11066 3409 19 12151 23 82 0 0 0 
3100 11062 3376 19 12131 22 84 0 0 0 
3200 10953 3470 17 12099 25 84 0 0 0 
