# Avida tasks data
# Thu Apr 20 04:22:17 2023
# First column gives the current update, next columns give the number
# of organisms that have the particular task as a component of their merit
#  1: Update
#  2: Not
#  3: Nand
#  4: And
#  5: OrNot
#  6: Or
#  7: AndNot
#  8: Nor
#  9: Xor
# 10: Equals

0 0 0 0 0 0 0 0 0 0 
100 0 0 0 0 0 0 0 0 0 
200 0 0 0 0 0 0 0 0 0 
300 0 0 0 0 0 0 0 0 0 
400 0 0 0 0 0 0 0 0 0 
500 0 0 0 0 0 0 0 0 0 
600 44 12 0 0 0 0 0 0 0 
700 980 22 0 19 1 0 0 0 0 
800 1001 69 0 42 0 0 0 0 0 
900 2156 259 0 140 2 0 1 0 0 
1000 4805 705 0 318 8 0 4 0 0 
1100 6909 1299 0 460 8 0 5 0 0 
1200 8076 1727 0 596 17 0 8 0 0 
1300 8824 2291 0 647 22 0 8 0 0 
1400 9155 2496 1 635 20 0 7 0 0 
1500 9231 3375 9 642 17 0 11 0 0 
1600 9266 4146 11 602 17 0 8 0 0 
1700 9525 4577 14 592 19 0 9 0 0 
1800 9829 5059 16 582 18 0 7 0 0 
1900 10140 5494 16 584 16 1 6 0 0 
2000 10363 5891 11 552 17 0 6 0 0 
2100 10361 5891 11 551 17 0 6 0 0 
2200 10361 5891 11 551 17 0 6 0 0 
2300 10506 6086 10 558 19 0 6 0 0 
2400 10928 6680 9 562 18 0 6 0 0 
2500 11484 7578 15 585 15 0 5 0 0 
2600 11879 8233 35 624 14 0 5 0 0 
2700 12078 8558 26 576 16 2 4 0 0 
2800 12076 8562 25 583 14 3 4 0 0 
2900 12082 8596 25 562 15 5 4 0 0 
3000 12090 8826 25 546 16 5 4 0 0 
3100 12114 9035 23 525 14 7 4 0 0 
3200 12138 9227 26 526 15 3 9 0 0 
3300 12183 9374 30 509 17 6 8 0 0 
3400 12124 9393 26 509 12 5 10 0 0 
3500 12196 9430 26 509 12 16 11 0 0 
3600 12201 9431 27 574 13 41 14 0 0 
3700 12195 9422 25 1355 15 44 12 0 0 
3800 12194 9416 30 1915 14 43 23 0 0 
3900 12226 9431 25 2489 15 33 13 0 0 
4000 12222 9423 24 2878 16 25 16 0 0 
4100 12207 9410 21 3267 33 35 23 0 0 
4200 12216 9420 32 3555 414 37 20 0 0 
4300 12224 9429 32 3424 489 37 19 0 0 
4400 12190 9409 29 3375 376 45 24 0 0 
4500 12212 9515 29 3760 376 47 21 0 0 
4600 12243 9565 25 3889 368 40 22 0 0 
4700 12274 9605 25 4009 364 38 27 0 0 
4800 12333 9658 20 4081 338 43 33 0 0 
4900 12377 9701 18 4198 309 53 39 0 0 
5000 12387 9711 21 4246 279 31 33 0 0 
5100 12438 9804 23 4329 241 48 29 0 0 
5200 12443 9822 24 4441 178 44 32 0 0 
5300 12512 9916 23 4492 113 45 40 0 0 
5400 12541 9982 23 4662 80 46 26 0 0 
5500 12601 10099 25 4687 60 48 39 0 0 
5600 12719 10287 23 4912 47 32 40 0 0 
5700 12787 10439 18 5051 33 48 42 0 0 
5800 12946 10691 22 5215 35 50 30 0 0 
5900 13004 10780 18 5461 38 54 32 0 0 
6000 13003 10803 16 5609 36 51 30 0 0 
6100 13023 10855 16 5792 38 51 34 0 0 
6200 13059 10927 12 5986 40 45 27 0 0 
6300 13117 11055 17 6238 32 43 31 0 0 
6400 13145 11180 16 6508 28 45 36 0 0 
6500 13146 11226 14 6703 25 42 29 0 0 
