# Avida tasks data
# Wed Apr 19 20:18:53 2023
# First column gives the current update, next columns give the number
# of organisms that have the particular task as a component of their merit
#  1: Update
#  2: Not
#  3: Nand
#  4: And
#  5: OrNot
#  6: Or
#  7: AndNot
#  8: Nor
#  9: Xor
# 10: Equals

0 0 0 0 0 0 0 0 0 0 
100 0 0 0 0 0 0 0 0 0 
200 0 0 0 0 0 0 0 0 0 
300 0 0 0 0 0 0 0 0 0 
400 0 0 0 0 0 0 0 0 0 
500 13 0 0 0 0 0 0 0 0 
600 43 0 0 0 0 0 0 0 0 
700 124 1 0 0 0 0 0 0 0 
800 158 93 0 0 0 0 0 0 0 
900 296 380 0 0 0 0 0 0 0 
1000 469 542 0 33 0 0 0 0 0 
1100 858 643 0 317 3 0 0 0 0 
1200 1771 634 0 960 211 0 0 0 0 
1300 2102 499 0 1141 1188 9 767 0 0 
1400 1850 472 1 811 3094 44 2998 0 0 
1500 1935 436 2 838 4376 72 4600 0 0 
1600 1796 333 5 810 5773 80 6109 0 0 
1700 1765 248 7 872 7180 161 7595 0 0 
1800 1630 203 6 877 8347 159 8908 0 0 
1900 1869 174 10 967 9327 173 10017 0 0 
2000 3815 931 12 2770 9598 2110 10239 0 0 
2100 5301 1720 93 4125 9773 3627 10378 0 0 
2200 6314 2197 417 5142 10013 4676 10531 0 0 
2300 7192 2790 666 5990 10272 5586 10921 0 0 
2400 8042 3287 1033 6865 10627 6503 11208 0 0 
2500 8878 3807 1383 7833 11010 7511 11520 0 0 
2600 9509 4080 1664 8413 11170 8211 11615 0 0 
2700 10087 4441 1836 9034 11253 8848 11768 0 0 
2800 10474 4693 2115 9481 11375 9324 11790 0 0 
2900 10881 5109 2348 9869 11522 9785 11996 0 0 
3000 11137 5098 2559 10117 11754 10085 12190 0 1 
3100 11446 5414 2966 10497 11820 10551 12302 0 0 
3200 11583 5429 3123 10575 11919 10559 12359 0 0 
3300 11740 5592 3254 10819 11820 10844 12373 0 0 
3400 11880 5609 3416 10914 11891 11005 12383 0 0 
3500 12008 5677 3785 11100 11944 11150 12473 0 0 
3600 12147 5898 3720 11276 12139 11406 12655 0 2 
3700 12242 6155 3745 11423 12275 11437 12671 0 2 
3800 12255 6193 4000 11413 12286 11485 12760 0 0 
3900 12397 6359 4096 11589 12489 11607 12868 0 0 
4000 12413 6407 4224 11581 12373 11539 12773 0 0 
4100 12395 6351 4422 11584 12350 11642 12877 0 0 
4200 12416 6534 4638 11528 12287 11565 12787 0 1 
4300 12309 6469 4661 11494 12405 11473 12783 0 0 
4400 12372 6625 4911 11461 12357 11486 12833 0 0 
4500 12411 6709 5051 11601 12402 11595 12917 0 0 
4600 12343 6811 5261 11541 12376 11502 12859 0 0 
4700 12410 6965 5220 11584 12342 11567 12810 0 1 
4800 12279 6847 5288 11442 12336 11460 12864 0 2 
4900 12410 7082 5685 11586 12386 11555 12817 0 3 
5000 12374 7157 5656 11656 12392 11512 12791 0 2 
5100 12376 7345 5716 11572 12410 11526 12827 0 2 
5200 12386 7449 5936 11542 12458 11472 12882 0 2 
5300 12335 7515 5904 11546 12366 11478 12771 0 0 
5400 12433 7644 6049 11549 12457 11448 12889 0 1 
5500 12436 7810 6089 11597 12406 11548 12873 0 0 
5600 12512 7942 6068 11580 12344 11605 12813 0 0 
5700 12456 7997 6364 11699 12451 11625 12777 0 2 
5800 12466 8016 6370 11622 12323 11580 12758 0 0 
5900 12404 8124 6568 11658 12314 11576 12788 0 0 
6000 12476 8453 6763 11715 12391 11603 12821 0 1 
6100 12454 8520 6663 11636 12297 11547 12759 0 0 
6200 12437 8579 7009 11561 12224 11433 12650 0 0 
6300 12522 8788 7279 11718 12324 11601 12750 0 0 
6400 12603 8785 7324 11719 12298 11643 12709 0 0 
6500 12619 9063 7409 11653 12226 11525 12567 0 0 
6600 12653 9222 7591 11712 12196 11604 12577 0 0 
6700 12669 9289 7778 11720 12151 11646 12531 0 4 
6800 12707 9547 7959 11798 12227 11720 12540 0 1 
6900 12744 9627 8205 11763 12106 11640 12447 0 0 
7000 12849 9747 8445 11781 12190 11659 12479 0 0 
7100 12853 9816 8448 11636 12073 11603 12364 0 0 
7200 12894 9953 8672 11731 12039 11636 12265 0 0 
7300 12988 10078 8933 11846 12029 11747 12290 0 1 
7400 13002 10182 8986 11829 12009 11784 12263 0 1 
7500 13024 10199 9079 11697 11897 11602 12167 0 0 
7600 13036 10242 9148 11696 11832 11649 12066 0 0 
7700 13098 10398 9498 11794 11895 11768 12147 0 0 
7800 13204 10514 9670 11815 11878 11723 12085 0 0 
7900 13213 10553 9796 11762 11717 11647 11870 0 0 
8000 13299 10807 10172 11841 11808 11793 12009 0 1 
8100 13405 10895 10209 11823 11705 11785 11873 0 0 
8200 13400 10962 10306 11763 11616 11728 11745 0 0 
8300 13387 11042 10474 11762 11610 11740 11784 0 0 
8400 13366 11081 10619 11721 11578 11706 11731 0 0 
8500 13397 11054 10626 11702 11496 11661 11610 0 0 
8600 13454 11178 10735 11717 11452 11662 11604 0 0 
8700 13556 11339 11008 11842 11535 11764 11590 0 1 
8800 13496 11336 10986 11775 11410 11725 11505 0 0 
8900 13587 11472 11159 11899 11516 11822 11562 0 0 
9000 13625 11495 11296 11791 11399 11814 11493 0 0 
9100 13593 11592 11288 11857 11484 11802 11500 0 0 
9200 13647 11502 11267 11789 11352 11745 11376 0 0 
9300 13669 11462 11191 11704 11229 11679 11297 0 0 
9400 13663 11639 11386 11768 11414 11762 11465 0 0 
9500 13659 11679 11369 11820 11350 11737 11312 0 1 
9600 13681 11681 11405 11844 11370 11678 11293 0 0 
9700 13686 11698 11483 11866 11288 11830 11335 0 0 
9800 13736 11799 11572 11911 11317 11833 11329 0 0 
9900 13783 11718 11497 11840 11303 11820 11279 0 0 
10000 13718 11866 11616 11896 11357 11833 11326 0 0 
