# Avida tasks data
# Wed Apr 19 16:35:43 2023
# First column gives the current update, next columns give the number
# of organisms that have the particular task as a component of their merit
#  1: Update
#  2: Not
#  3: Nand
#  4: And
#  5: OrNot
#  6: Or
#  7: AndNot
#  8: Nor
#  9: Xor
# 10: Equals

0 0 0 0 0 0 0 0 0 0 
100 0 0 0 0 0 0 0 0 0 
200 0 0 0 0 0 0 0 0 0 
300 0 0 0 0 0 0 0 0 0 
400 0 0 0 0 0 0 0 0 0 
500 0 0 0 0 0 0 0 0 0 
600 0 0 0 0 0 0 0 0 0 
700 1 0 0 0 0 0 0 0 0 
800 50 53 0 0 0 0 0 0 0 
900 279 127 0 0 0 0 0 0 0 
1000 565 300 1 7 0 0 0 0 0 
1100 813 637 14 169 0 35 0 0 0 
1200 753 1440 447 922 1 767 0 0 0 
1300 871 2843 1395 1894 102 2124 0 0 0 
1400 2118 4717 3606 4184 155 4001 4 0 0 
1500 3429 6185 4882 5765 437 5240 296 0 0 
1600 4728 7488 5553 7127 1034 6039 828 0 0 
1700 5875 8740 6076 8386 1762 6890 1270 0 0 
1800 6815 9786 6381 9393 2438 7582 1660 0 0 
1900 7925 10755 6738 10571 3264 8330 2145 0 0 
2000 9040 11403 6139 11229 4428 8918 4529 0 0 
2100 9663 11924 5346 11533 5522 9793 6086 0 0 
2200 10321 12325 4422 11916 6810 10628 7332 0 0 
2300 10821 12632 3523 12171 7948 11305 8249 0 0 
2400 11464 12868 2669 12408 9012 11937 9085 0 0 
2500 12120 13035 1839 12657 10042 12368 9856 0 0 
2600 12715 13302 1200 12943 10974 12839 10577 0 0 
2700 12741 13405 748 12901 11306 13025 10843 0 0 
2800 12848 13415 408 12986 11717 13125 11129 0 0 
2900 12870 13373 169 12969 11991 13128 11371 0 0 
3000 12818 13396 69 12920 12017 13174 11385 0 0 
3100 12819 13396 31 12907 12045 13149 11383 0 0 
3200 12932 13342 56 12948 12106 13092 11428 0 0 
3300 12895 13406 432 12882 12090 13203 11436 0 0 
3400 12860 13350 1190 12936 12111 13199 11488 0 0 
3500 12931 13418 2123 12950 12220 13206 11582 0 0 
3600 12822 13469 3392 12862 12057 13183 11456 0 0 
3700 12871 13481 4548 12950 12091 13197 11520 0 0 
3800 12815 13471 5790 12996 12140 13222 11547 0 0 
3900 12768 13530 7020 12909 12065 13221 11490 0 0 
4000 12831 13563 8053 12924 12156 13148 11519 0 0 
4100 12723 13648 9204 12846 12106 13220 11565 0 0 
4200 12744 13535 10140 12916 12039 13153 11546 0 0 
4300 12871 13604 10978 12968 12105 13213 11533 0 0 
4400 12826 13545 11402 12896 12086 13158 11522 0 0 
4500 12799 13645 11966 12945 12148 13214 11569 0 0 
4600 12720 13666 12278 12939 12060 13199 11450 0 0 
4700 12825 13668 12541 12973 12152 13207 11595 0 0 
4800 12935 13595 12604 13052 12122 13103 11552 0 0 
4900 12911 13640 12733 13034 12163 13170 11678 0 0 
5000 12864 13676 12777 13081 12215 13212 11721 0 0 
5100 12838 13647 12812 12968 12107 13251 11620 0 0 
5200 12896 13669 12779 12978 12120 13207 11595 0 0 
5300 12920 13682 12818 13059 12187 13212 11646 0 0 
5400 12845 13705 12781 13037 12216 13219 11703 0 0 
5500 12835 13694 12824 12960 12131 13228 11605 0 0 
5600 12836 13656 12850 12969 12165 13254 11591 0 0 
5700 12872 13633 12757 13016 12171 13200 11658 0 0 
5800 12901 13680 12865 13096 12305 13206 11779 0 0 
5900 12921 13674 12841 13068 12232 13209 11725 0 0 
6000 13026 13685 12912 13154 12356 13252 11870 0 0 
6100 12935 13705 12856 13002 12205 13229 11746 0 0 
6200 12937 13699 12851 13002 12238 13243 11788 0 0 
6300 12895 13676 12871 13050 12331 13285 11849 0 0 
6400 12797 13653 12841 12959 12082 13294 11651 0 0 
6500 12976 13691 12877 13036 12260 13218 11784 0 0 
6600 12903 13683 12875 13116 12292 13190 11845 0 0 
6700 12981 13715 12840 13066 12300 13209 11802 0 0 
6800 12944 13695 12862 13094 12326 13168 11909 0 0 
6900 12902 13740 12947 13036 12298 13279 11863 0 0 
7000 12889 13731 12909 13161 12364 13266 11846 0 0 
7100 12934 13711 12893 13065 12251 13238 11840 0 0 
7200 12952 13693 12929 13057 12339 13259 11908 0 0 
7300 12857 13744 12981 13063 12330 13286 11890 0 0 
7400 12958 13718 12971 13133 12366 13309 11954 0 0 
7500 12954 13735 13021 13181 12412 13347 11970 0 0 
7600 13031 13738 13063 13177 12401 13343 12028 0 0 
7700 12899 13677 12963 13082 12316 13281 11902 0 0 
7800 13061 13730 13073 13131 12420 13375 12003 0 0 
7900 12938 13762 13064 13095 12330 13347 11985 0 0 
8000 13095 13752 13067 13126 12449 13398 12045 0 0 
8100 13004 13753 13017 13103 12372 13356 12009 0 0 
8200 13056 13746 13002 13197 12492 13298 12106 0 0 
8300 13041 13692 13034 13137 12457 13340 12060 0 0 
8400 13035 13713 13000 13147 12413 13305 12006 0 0 
8500 13059 13792 13088 13198 12464 13370 12072 0 0 
8600 13090 13771 13098 13172 12354 13386 11990 0 0 
8700 13007 13767 13111 13069 12393 13374 11967 0 0 
8800 13055 13770 13074 13192 12376 13381 11938 0 0 
8900 13062 13762 13019 13162 12469 13348 12085 0 0 
9000 13075 13803 13055 13089 12389 13405 11966 0 0 
9100 13149 13746 13027 13168 12515 13338 12151 0 0 
9200 13151 13812 13065 13202 12515 13392 12118 0 0 
9300 13097 13781 13101 13151 12482 13378 12101 0 0 
9400 13091 13745 13027 13155 12486 13405 12095 0 0 
9500 13071 13743 13070 13178 12475 13338 12115 0 0 
9600 13071 13830 13144 13158 12453 13444 12094 0 0 
9700 13228 13721 13041 13104 12367 13340 12041 0 0 
9800 13216 13785 13090 13264 12569 13405 12239 0 0 
9900 13165 13771 13078 13125 12369 13359 11990 0 0 
10000 13195 13840 13127 13185 12589 13416 12171 0 0 
