# Avida tasks data
# Wed Apr 19 20:57:06 2023
# First column gives the current update, next columns give the number
# of organisms that have the particular task as a component of their merit
#  1: Update
#  2: Not
#  3: Nand
#  4: And
#  5: OrNot
#  6: Or
#  7: AndNot
#  8: Nor
#  9: Xor
# 10: Equals

0 0 0 0 0 0 0 0 0 0 
100 0 0 0 0 0 0 0 0 0 
200 0 0 0 0 0 0 0 0 0 
300 0 0 0 0 0 0 0 0 0 
400 0 0 0 0 0 0 0 0 0 
500 0 0 0 0 0 0 0 0 0 
600 2 0 0 0 0 0 0 0 0 
700 19 0 0 0 0 0 0 0 0 
800 61 0 0 0 0 0 0 0 0 
900 258 41 0 1 0 0 0 0 0 
1000 596 156 0 66 0 0 0 0 0 
1100 1446 246 17 86 17 808 561 0 0 
1200 3385 192 60 1561 181 2662 2753 0 0 
1300 4912 206 217 3278 637 4072 4184 9 540 
1400 5724 245 227 4087 383 4799 4901 31 1562 
1500 5911 221 201 4204 361 5021 5135 30 1833 
1600 5950 219 129 3330 102 5075 5125 32 2235 
1700 6106 201 101 2652 88 5156 5270 36 2638 
1800 6176 200 102 2581 82 5178 5336 41 2663 
1900 6192 192 109 2493 82 5296 5444 46 2758 
2000 6339 172 115 2436 98 5407 5549 50 2848 
2100 6406 173 123 2382 108 5435 5562 54 2858 
2200 6390 166 123 2371 354 5497 5614 55 2884 
2300 6453 161 153 2372 502 5501 5634 69 2922 
2400 6503 161 139 2394 689 5581 5711 59 3030 
2500 6582 169 129 2569 879 5601 5777 68 3068 
2600 6641 228 208 2781 899 5587 5765 157 3058 
2700 6690 204 397 2675 857 5647 5740 384 3067 
2800 6762 151 635 2434 985 5661 5758 673 3095 
2900 6876 146 804 2297 1156 5657 5819 953 3227 
3000 6861 142 901 2254 1200 5615 5777 1044 3267 
3100 6853 260 851 2413 1186 5581 5762 1048 3267 
3200 6850 257 849 2410 1183 5577 5759 1048 3264 
3300 6871 520 919 2741 1179 5589 5753 1033 3239 
3400 7022 742 1007 3028 1243 5699 5836 1088 3294 
3500 7057 890 1089 3181 1279 5772 5903 1171 3368 
3600 7112 991 1140 3299 1296 5816 5909 1199 3361 
3700 7162 1049 1144 3408 1306 5827 5918 1167 3373 
3800 7175 1071 1160 3425 1319 5845 5933 1185 3388 
3900 7172 1061 1156 3420 1318 5833 5929 1180 3389 
4000 7294 1282 1294 3671 1424 5918 6034 1336 3501 
4100 7403 1523 1432 3952 1468 5995 6091 1445 3567 
4200 7569 1663 1404 4209 1468 5988 6192 1520 3657 
4300 7668 1911 1576 4432 1564 6064 6294 1715 3769 
4400 7901 2093 1813 4671 1712 6269 5952 1863 3928 
4500 8008 2244 1907 4867 1768 6342 5871 1963 4013 
4600 8074 2332 1876 5065 1876 6347 6075 2027 4147 
4700 8379 2641 1979 5469 2027 6510 6489 2269 4408 
4800 8552 2795 2112 5688 2236 6632 6758 2467 4623 
4900 8718 2925 2191 5895 2365 6684 6878 2621 4773 
5000 8859 3085 2265 6073 2453 6741 7013 2691 4885 
5100 9009 3345 2411 6287 2670 6889 7237 2903 5112 
5200 9218 3501 2469 6572 2744 6977 7441 3027 5298 
5300 9369 3722 2638 6765 2913 7120 7616 3227 5467 
5400 9476 3784 2490 6920 2875 7100 7684 3256 5612 
5500 9626 3916 2603 7049 2957 7182 7795 3355 5653 
5600 9698 3896 2657 7130 2997 7157 7825 3325 5726 
5700 9799 3978 2758 7241 3108 7202 7931 3400 5841 
5800 9869 4100 2838 7241 3199 7242 7956 3499 5896 
5900 9904 4127 2874 7306 3202 7142 7974 3473 5945 
6000 9965 4197 2971 7369 3264 7160 8019 3542 6004 
6100 10004 4314 3025 7396 3375 7224 8066 3661 6093 
6200 10120 4386 3034 7493 3345 7220 8133 3667 6185 
6300 10129 4341 3022 7507 3348 7183 8094 3629 6161 
6400 10155 4389 3087 7555 3417 7162 8137 3669 6233 
6500 10220 4542 3175 7698 3489 7264 8200 3778 6289 
6600 10305 4587 3158 7826 3525 7181 8236 3779 6352 
6700 10327 4664 3255 7926 3608 7191 8206 3814 6323 
6800 10348 4681 3277 7963 3609 7179 8264 3876 6415 
6900 10399 4766 3300 8023 3704 7202 8313 3927 6509 
7000 10407 4854 3379 8093 3753 7222 8395 3990 6576 
7100 10474 5055 3505 8192 3875 7330 8473 4122 6676 
7200 10542 5135 3574 8278 3915 7321 8485 4225 6751 
7300 10619 5161 3572 8426 3964 7274 8501 4221 6777 
7400 10668 5205 3663 8491 4003 7291 8663 4322 6896 
7500 10639 5252 3685 8505 4037 7265 8579 4339 6848 
7600 10653 5241 3688 8489 4042 7273 8567 4369 6866 
7700 10719 5355 3807 8663 4171 7340 8667 4459 7021 
7800 10775 5465 3817 8711 4175 7329 8585 4475 6959 
7900 10865 5609 3963 8849 4313 7384 8700 4577 7133 
8000 10831 5617 3917 8904 4274 7312 8677 4577 7135 
8100 10889 5785 4096 8968 4466 7411 8731 4751 7215 
8200 10978 5858 4163 9078 4560 7380 8762 4809 7312 
8300 11035 5980 4117 9163 4528 7370 8796 4873 7335 
8400 11163 6111 4244 9368 4633 7398 8940 4944 7495 
8500 11249 6248 4341 9461 4674 7522 9022 5103 7600 
8600 11273 6262 4338 9517 4673 7446 8986 5094 7588 
8700 11270 6323 4450 9506 4815 7479 9010 5175 7624 
8800 11304 6381 4508 9536 4801 7435 8974 5189 7635 
8900 11380 6507 4480 9646 4837 7482 9033 5229 7654 
9000 11383 6443 4521 9531 4893 7516 9044 5275 7678 
