# Avida tasks data
# Thu Apr 20 08:28:41 2023
# First column gives the current update, next columns give the number
# of organisms that have the particular task as a component of their merit
#  1: Update
#  2: Not
#  3: Nand
#  4: And
#  5: OrNot
#  6: Or
#  7: AndNot
#  8: Nor
#  9: Xor
# 10: Equals

0 0 0 0 0 0 0 0 0 0 
100 0 0 0 0 0 0 0 0 0 
200 0 0 0 0 0 0 0 0 0 
300 0 0 0 0 0 0 0 0 0 
400 263 23 0 0 0 0 0 0 0 
500 1426 175 0 5 0 0 0 0 0 
600 2747 723 0 9 0 0 0 0 0 
700 3349 2189 2 1292 47 46 280 0 0 
800 3765 3081 146 2216 88 26 1123 0 0 
900 4571 4309 673 3442 133 47 1603 0 0 
1000 5651 5706 1195 4822 225 79 2433 0 0 
1100 7019 7314 2041 6302 298 107 3302 0 9 
1200 8541 8875 3501 7882 437 123 4189 0 120 
1300 10001 10166 5054 9277 472 164 5204 2 350 
1400 10371 10550 6071 9555 427 183 4469 3 1969 
1500 10427 10271 6204 9615 424 187 4297 1 2554 
1600 10632 9790 6476 9747 375 181 4145 10 3067 
1700 11228 9214 7433 10527 166 191 3818 12 4275 
1800 11625 8493 8129 10976 75 188 3539 8 5269 
1900 12184 8068 9055 11461 32 222 2781 34 6724 
2000 12647 9035 9789 11881 27 239 1903 23 7912 
2100 12620 9464 9941 11966 32 213 1625 38 8317 
2200 12686 10134 10116 12054 23 225 1285 40 8839 
2300 12732 10623 10379 12002 23 227 794 31 9425 
2400 12825 11155 10727 12149 22 225 450 45 10119 
2500 12861 11162 10719 12185 19 209 429 38 10123 
2600 12861 11163 10714 12181 19 208 430 38 10121 
2700 12887 11584 10920 12312 20 179 325 43 10448 
2800 12896 12126 11062 12282 25 196 238 61 10562 
2900 12963 12351 11130 12312 20 185 214 38 10607 
3000 12985 12623 11168 12320 20 177 181 44 10647 
3100 13003 12837 11128 12304 18 198 137 46 10633 
3200 12950 12887 11140 12233 27 222 146 63 10557 
3300 13019 13111 11320 12432 22 217 135 47 10798 
3400 13200 13395 11295 12397 20 200 122 68 10762 
3500 13078 13417 11319 12390 9 277 126 58 10829 
3600 13127 13565 11459 12421 6 264 105 58 10968 
3700 13106 13525 11330 12380 8 333 115 53 10842 
3800 13092 13506 11338 12342 12 333 133 49 10793 
3900 13022 13475 11412 12461 8 320 147 89 10817 
4000 13134 13519 11427 12467 6 423 124 67 10892 
4100 13130 13557 11447 12472 9 455 93 57 10882 
4200 13159 13506 11492 12485 8 476 101 60 10957 
4300 13157 13607 11367 12403 7 437 104 58 10911 
4400 13134 13562 11375 12344 172 436 108 51 10906 
