# Avida tasks data
# Thu Apr 20 08:33:12 2023
# First column gives the current update, next columns give the number
# of organisms that have the particular task as a component of their merit
#  1: Update
#  2: Not
#  3: Nand
#  4: And
#  5: OrNot
#  6: Or
#  7: AndNot
#  8: Nor
#  9: Xor
# 10: Equals

0 0 0 0 0 0 0 0 0 0 
100 0 0 0 0 0 0 0 0 0 
200 0 0 0 0 0 0 0 0 0 
300 0 0 0 0 0 0 0 0 0 
400 0 0 0 0 0 0 0 0 0 
500 0 0 0 0 0 0 0 0 0 
600 0 0 0 0 0 0 0 0 0 
700 763 640 0 7 0 0 0 0 0 
800 1691 1820 0 44 0 0 0 0 0 
900 2451 2476 0 84 0 0 0 0 0 
1000 2565 2635 6 687 2 0 0 0 0 
1100 2643 2736 6 902 2 1 0 0 0 
1200 2702 2787 5 820 2 1 0 0 0 
1300 5151 5201 5 2111 9 3 0 0 0 
1400 6644 6670 5 3693 6 4 0 0 0 
1500 6769 6795 4 4189 9 6 0 0 0 
1600 6801 6814 4 4553 12 6 0 0 0 
1700 6999 6976 4 4454 11 5 0 0 0 
1800 7242 7207 4 4584 14 7 1 0 1 
1900 7276 7233 4 4492 15 8 0 0 0 
2000 7502 7427 4 4500 19 6 2 0 0 
2100 7722 7651 5 4512 22 8 0 0 0 
2200 8145 8074 4 4549 31 5 2 0 0 
2300 8652 8572 4 4565 28 5 2 0 0 
2400 9257 9158 4 4545 33 6 3 0 0 
2500 9841 9737 6 4592 36 11 1 0 0 
2600 10315 10176 4 4560 36 11 4 0 0 
2700 10743 10576 6 4565 48 14 2 0 0 
2800 11031 10837 5 4593 58 14 1 0 0 
2900 11178 10971 4 4613 45 17 0 0 0 
3000 11306 11084 4 4529 54 17 0 0 0 
3100 11403 11148 4 4397 49 14 0 0 0 
3200 11497 11229 4 4232 72 12 0 0 0 
3300 11528 11283 5 4085 70 12 4 0 0 
3400 11581 11321 3 3695 69 12 3 0 0 
3500 11793 11488 2 3320 77 13 3 0 0 
3600 11893 11597 2 3126 73 14 5 0 0 
3700 11937 11622 2 3043 83 15 5 0 0 
3800 11960 11656 2 3054 85 14 4 0 0 
3900 11955 11671 2 3052 83 12 5 0 0 
4000 11965 11677 2 3025 88 10 4 0 0 
4100 11964 11678 1 2933 81 10 4 0 0 
4200 11949 11653 0 2877 92 11 4 0 0 
4300 11949 11631 0 2859 86 12 6 0 0 
4400 11943 11647 0 2796 85 10 7 0 0 
4500 11989 11685 0 2740 82 10 2 0 0 
4600 12017 11743 0 2661 91 12 2 0 0 
4700 12050 11779 0 2567 86 13 2 0 0 
4800 12145 11879 2 2530 93 10 4 0 0 
4900 12389 12112 1 2449 99 11 11 0 0 
5000 12664 12377 0 2441 77 18 8 0 0 
5100 12887 12589 1 2374 81 18 4 0 0 
5200 12914 12571 1 2363 88 12 4 0 0 
5300 12917 12551 1 2358 75 12 4 0 0 
5400 12898 12521 1 2353 78 12 8 0 0 
5500 12925 12559 1 2359 76 17 8 0 0 
5600 12920 12558 1 2351 71 15 6 0 0 
5700 12908 12528 1 2381 70 9 8 0 0 
5800 12912 12523 1 2340 83 13 6 0 0 
5900 12898 12480 1 2271 82 11 5 0 0 
6000 12919 12532 1 2241 94 16 6 0 0 
6100 12903 12502 1 2212 83 17 6 0 0 
6200 12910 12487 1 2207 75 11 5 0 0 
6300 12923 12491 1 2149 82 13 5 0 0 
6400 12923 12451 1 2075 79 10 4 0 0 
6500 12939 12474 1 2021 95 9 3 0 0 
6600 12980 12468 1 1960 92 13 3 0 0 
6700 12998 12503 1 1897 87 10 3 0 0 
6800 13057 12589 1 1868 79 7 5 0 0 
6900 13098 12568 1 1821 91 9 5 0 0 
7000 13165 12617 1 1739 71 12 7 0 0 
7100 13164 12643 1 1746 72 7 4 0 0 
7200 13175 12663 1 1772 69 6 4 0 0 
7300 13181 12662 1 1772 73 7 3 0 0 
7400 13181 12646 1 1746 76 7 4 0 0 
7500 13179 12640 1 1739 82 9 4 0 0 
7600 13200 12654 1 1714 81 6 4 0 0 
7700 13247 12685 1 1704 75 7 3 0 0 
7800 13260 12701 0 1663 73 10 3 0 0 
7900 13286 12713 2 1643 80 10 5 0 0 
8000 13310 12743 3 1588 74 12 6 0 0 
8100 13334 12768 2 1649 67 12 4 0 0 
8200 13306 12701 1 1584 81 9 5 0 0 
8300 13333 12721 1 1599 80 14 4 0 0 
8400 13366 12767 0 1568 74 10 7 0 0 
8500 13363 12770 0 1501 75 10 4 0 0 
8600 13417 12835 0 1449 72 11 4 0 0 
8700 13424 12852 2 1458 79 13 4 0 0 
8800 13424 12866 2 1391 79 9 4 0 0 
8900 13466 12863 2 1501 84 12 5 0 0 
9000 13511 12906 1 1457 77 9 4 0 0 
9100 13517 12918 1 1414 85 13 4 0 0 
9200 13565 12930 1 1408 75 14 5 0 0 
9300 13565 12951 0 1430 80 10 5 0 0 
9400 13600 12986 0 1431 76 14 4 0 0 
9500 13573 12978 0 1421 83 14 5 0 0 
9600 13611 13002 0 1450 78 14 4 0 0 
9700 13612 13037 2 1447 81 11 3 0 0 
9800 13614 13002 0 1432 86 10 4 0 0 
9900 13650 13056 0 1357 74 16 4 2 0 
10000 13661 13073 0 1328 67 11 4 0 0 
