# Avida tasks data
# Wed Apr 19 22:42:03 2023
# First column gives the current update, next columns give the number
# of organisms that have the particular task as a component of their merit
#  1: Update
#  2: Not
#  3: Nand
#  4: And
#  5: OrNot
#  6: Or
#  7: AndNot
#  8: Nor
#  9: Xor
# 10: Equals

0 0 0 0 0 0 0 0 0 0 
100 0 0 0 0 0 0 0 0 0 
200 0 0 0 0 0 0 0 0 0 
300 0 0 0 0 0 0 0 0 0 
400 0 0 0 0 0 0 0 0 0 
500 0 0 0 0 0 0 0 0 0 
600 0 0 0 0 0 0 0 0 0 
700 0 0 0 0 0 0 0 0 0 
800 0 0 0 0 0 0 0 0 0 
900 22 0 0 0 0 0 0 0 0 
1000 63 0 0 0 0 0 0 0 0 
1100 167 2 0 9 0 0 0 0 0 
1200 386 67 0 593 9 0 0 0 0 
1300 533 796 0 1731 83 0 0 0 0 
1400 555 2113 0 2654 1251 0 0 0 0 
1500 453 3600 4 3697 3187 9 0 0 0 
1600 454 5177 2 5014 4719 0 0 0 0 
1700 946 6227 4 6415 6099 429 0 0 0 
1800 1104 5860 4 7087 6638 2111 0 0 0 
1900 1446 6281 21 7932 7490 3727 0 0 0 
2000 2139 6836 32 8581 8065 4891 0 0 0 
2100 2769 7304 40 9127 8511 6077 0 0 0 
2200 3574 7638 37 9577 8936 7079 1 0 0 
2300 4441 8323 44 10091 9437 8108 7 0 0 
2400 5237 8763 50 10581 9897 9011 5 0 0 
2500 5880 9225 65 11031 10346 9824 7 0 0 
2600 6632 9708 71 11257 10600 10427 4 0 0 
2700 7168 10055 76 11476 10835 10987 7 0 0 
2800 7820 10433 95 11753 11075 11383 2 0 0 
2900 8574 10955 99 11759 11053 11618 9 0 0 
3000 9076 11492 88 12042 11306 11963 4 0 0 
3100 9502 11702 104 12101 11315 12065 4 0 0 
3200 10189 12062 102 12128 11435 12157 4 0 0 
3300 10704 12430 88 12365 11629 12365 7 0 0 
3400 11128 12644 88 12374 11635 12418 6 0 0 
3500 11368 12688 80 12442 11672 12465 6 0 0 
3600 11816 12769 114 12430 11694 12485 5 0 0 
3700 11882 12907 94 12460 11808 12550 6 0 0 
3800 11892 12851 83 12478 11769 12551 3 0 0 
3900 11947 12961 81 12576 11806 12599 4 0 0 
4000 11938 13027 112 12492 11681 12535 9 0 0 
4100 12297 12935 89 12516 11678 12483 8 0 0 
4200 12117 12894 98 12473 11715 12495 1 0 0 
4300 12082 12988 62 12491 11727 12477 6 0 0 
4400 12154 12911 107 12596 11879 12574 6 0 0 
4500 12089 12934 100 12473 11747 12524 8 0 0 
4600 12209 12965 102 12597 11770 12573 0 0 0 
4700 12207 12886 88 12483 11766 12507 10 0 0 
4800 12079 12901 101 12446 11716 12490 7 0 0 
4900 12214 12904 74 12502 11755 12539 7 0 0 
5000 12218 12879 105 12483 11757 12516 4 0 0 
5100 12336 13007 111 12480 11729 12494 6 0 0 
5200 12350 12952 123 12412 11701 12497 6 0 0 
5300 12240 12911 82 12552 11856 12632 4 0 0 
5400 12382 12937 80 12539 11796 12571 2 0 0 
5500 12389 12969 76 12516 11791 12546 8 0 0 
5600 12475 12931 76 12517 11725 12533 5 0 0 
5700 12474 12913 92 12587 11929 12670 6 0 0 
5800 12513 12924 78 12556 11916 12658 10 0 0 
5900 12323 12893 95 12507 11864 12550 9 0 0 
6000 12312 12983 105 12592 11860 12644 8 0 0 
6100 12485 12948 63 12577 11953 12649 6 0 0 
6200 12523 12988 87 12689 11992 12741 3 0 0 
6300 12413 12991 96 12615 11912 12636 15 0 0 
6400 12411 13067 94 12603 11959 12628 8 0 0 
6500 12442 13004 93 12573 11954 12649 6 0 0 
6600 12394 13026 89 12613 11926 12671 5 0 0 
6700 12462 13101 87 12591 11900 12632 6 0 0 
6800 12552 13109 80 12588 12024 12671 8 0 0 
6900 12559 13177 98 12629 12032 12697 19 0 0 
7000 12612 13139 103 12594 11928 12712 9 0 0 
7100 12462 13066 114 12594 11900 12688 11 0 0 
7200 12543 13069 81 12685 12094 12744 2 0 0 
7300 12623 13112 75 12680 12070 12762 2 0 0 
7400 12468 13102 88 12680 12090 12805 3 0 0 
7500 12522 13142 84 12647 12133 12738 4 0 0 
7600 12576 13144 94 12726 12086 12784 4 0 0 
7700 12606 13105 170 12757 12144 12802 8 0 0 
7800 12546 13216 876 12709 12088 12772 2 0 0 
7900 12569 13325 2457 12708 12097 12776 0 0 0 
8000 12580 13267 4158 12582 12042 12750 4 0 0 
8100 12557 13272 5773 12764 12119 12886 2 0 0 
8200 12538 13332 7063 12803 12120 12878 1 0 0 
8300 12595 13316 8441 12730 12139 12843 3 0 0 
8400 12712 13336 9454 12661 12054 12751 2 0 0 
8500 12828 13391 10472 12743 12104 12807 2 0 0 
8600 12660 13440 11411 12688 12091 12798 0 0 0 
8700 12679 13386 11906 12728 12087 12789 0 0 0 
8800 12797 13392 12309 12650 12012 12725 0 0 0 
8900 12660 13396 12532 12562 12000 12687 1 0 0 
9000 12817 13377 12531 12731 12092 12772 0 0 0 
9100 12816 13420 12722 12682 12060 12774 1 0 0 
9200 12805 13406 12584 12691 12130 12790 0 0 0 
9300 12842 13464 12618 12740 12065 12806 1 0 0 
9400 12914 13442 12626 12735 12062 12752 0 0 0 
9500 12892 13447 12663 12671 12058 12671 0 0 0 
9600 12814 13524 12630 12674 12047 12729 0 0 0 
9700 12735 13514 12650 12698 12178 12762 2 0 0 
9800 12924 13648 12796 12771 12142 12784 0 0 0 
9900 12825 13536 12730 12711 12171 12757 0 0 0 
10000 12903 13516 12750 12838 12227 12878 6 0 0 
