# Avida tasks data
# Wed Apr 19 23:20:34 2023
# First column gives the current update, next columns give the number
# of organisms that have the particular task as a component of their merit
#  1: Update
#  2: Not
#  3: Nand
#  4: And
#  5: OrNot
#  6: Or
#  7: AndNot
#  8: Nor
#  9: Xor
# 10: Equals

0 0 0 0 0 0 0 0 0 0 
100 0 0 0 0 0 0 0 0 0 
200 0 0 0 0 0 0 0 0 0 
300 0 0 0 0 0 0 0 0 0 
400 0 0 0 0 0 0 0 0 0 
500 0 0 0 0 0 0 0 0 0 
600 3 0 0 0 0 0 0 0 0 
700 7 0 0 0 0 0 0 0 0 
800 24 0 0 0 0 0 0 0 0 
900 49 2 0 0 0 0 0 0 0 
1000 122 9 0 0 0 0 0 0 0 
1100 232 41 0 0 0 0 0 0 0 
1200 444 103 0 0 0 0 0 0 0 
1300 681 187 1647 1776 1 7 0 0 0 
1400 2166 967 3552 3815 3 15 0 0 0 
1500 3750 1663 4908 5383 7 34 0 0 0 
1600 5433 2647 6136 6733 218 60 0 0 0 
1700 6819 3814 7309 7959 715 97 0 0 0 
1800 8054 4723 8287 8976 1274 185 51 0 0 
1900 8863 5665 9058 9834 1750 254 377 0 0 
2000 9311 6516 9591 10397 2270 371 1559 0 0 
2100 10093 7821 10207 11105 3751 392 3746 0 0 
2200 10704 8948 10506 11451 5068 278 5263 0 0 
2300 11369 10005 10995 11990 6456 284 6677 0 0 
2400 11952 10950 11453 12401 7676 268 7935 0 0 
2500 12403 11582 11741 12769 8589 299 8859 0 0 
2600 12663 12020 11875 12901 9450 373 9663 0 0 
2700 12867 12446 11933 13060 10101 313 10358 0 0 
2800 13044 12780 12084 13059 10541 367 10740 0 0 
2900 13108 12922 12046 13163 10881 391 11021 0 0 
3000 13226 13058 12104 13228 11099 413 11216 0 0 
3100 13236 13178 12107 13228 11353 384 11575 0 0 
3200 13285 13221 12114 13220 11382 355 11586 0 0 
3300 13260 13242 12183 13285 11376 384 11611 0 0 
3400 13245 13245 12109 13165 11434 372 11687 0 0 
3500 13291 13307 12253 13262 11541 335 11701 0 0 
3600 13239 13245 12193 13273 11455 352 11651 0 0 
3700 13344 13221 12228 13276 11492 381 11649 0 0 
3800 13301 13230 12175 13265 11480 352 11722 0 0 
3900 13185 13240 12160 13227 11493 376 11676 0 0 
4000 13360 13238 12308 13280 11607 363 11802 0 0 
4100 13233 13308 12140 13211 11400 393 11582 0 0 
4200 13212 13247 12226 13214 11491 381 11626 0 0 
4300 13284 13164 12142 13214 11503 406 11690 0 0 
4400 13255 13129 12087 13209 11473 432 11719 0 0 
4500 13350 13103 12194 13240 11505 359 11770 0 0 
4600 13287 13150 12219 13288 11406 448 11676 0 0 
4700 13334 13114 12269 13320 11498 731 11743 0 0 
4800 13369 13138 12303 13350 11490 1301 11792 0 0 
4900 13395 13187 12287 13252 11578 2097 11858 0 0 
5000 13362 13162 12328 13321 11580 2996 11893 0 0 
5100 13392 13303 12482 13411 11660 3965 12006 0 0 
5200 13405 13276 12397 13286 11538 4935 11852 0 0 
5300 13387 13267 12373 13368 11522 5705 11826 0 0 
5400 13407 13295 12271 13257 11656 6764 11887 15 13 
5500 13198 13238 12277 13269 10441 6634 10701 1017 1141 
5600 12850 13130 12319 13315 8524 5809 8753 2710 3037 
5700 12690 13108 12216 13282 7081 5222 7269 4045 4520 
5800 12508 13038 12191 13291 5921 4630 6081 5072 5652 
5900 12506 12871 12202 13353 4960 4240 5060 5925 6613 
6000 12569 12688 12176 13275 4038 3800 4105 6711 7546 
6100 12405 12369 12112 13250 3282 3607 3341 7466 8330 
6200 12146 12189 12152 13264 2678 3660 2702 8065 9024 
6300 12067 12067 12196 13259 2290 4275 2309 8427 9432 
6400 11973 12103 12094 13198 1928 5206 1945 8644 9676 
6500 10690 12015 12128 13217 1578 5239 1588 8980 10019 
6600 10160 12100 11867 13182 1354 4956 1373 9158 10202 
6700 9967 12118 11800 12847 1350 4764 1407 8577 10195 
6800 9579 11994 11361 12786 1355 4577 1418 8265 10178 
6900 9212 12147 11488 12760 1362 4317 1413 7933 10200 
7000 8905 12384 11490 12672 1351 4062 1400 7662 10195 
7100 8571 12554 11541 12673 1318 3839 1370 7407 10257 
7200 8323 12593 11587 12623 1301 3675 1361 7222 10309 
7300 8216 12617 11574 12563 1294 3600 1326 7153 10307 
7400 8048 12661 11540 12485 1294 3475 1353 6985 10274 
7500 7775 12700 11537 12403 1288 3309 1339 6741 10269 
7600 7556 12677 11570 12384 1267 3219 1327 6534 10290 
7700 7368 12657 11498 12354 1271 3195 1322 6390 10238 
7800 7219 12672 11508 12280 1247 3126 1317 6242 10208 
7900 7075 12058 11495 12266 1159 3023 1229 6195 10303 
8000 6892 11717 11466 12205 1042 2879 1101 6166 10400 
8100 6552 11352 11507 12192 900 2718 956 6009 10567 
8200 6368 11062 11425 12086 834 2617 891 5892 10578 
8300 6179 10752 11441 12048 761 2526 825 5773 10625 
8400 5984 10507 11417 12085 723 2420 796 5627 10698 
8500 5832 10280 11430 12027 698 2373 768 5537 10680 
8600 5672 10064 11463 11991 633 2287 693 5462 10741 
8700 5506 9870 11461 11971 609 2217 645 5354 10805 
8800 5341 9745 11475 11883 545 2167 613 5258 10778 
8900 5273 9587 11421 11844 523 2128 586 5221 10770 
9000 5126 9503 11489 11679 499 2115 585 5136 10884 
