# Avida tasks data
# Thu Apr 20 02:23:52 2023
# First column gives the current update, next columns give the number
# of organisms that have the particular task as a component of their merit
#  1: Update
#  2: Not
#  3: Nand
#  4: And
#  5: OrNot
#  6: Or
#  7: AndNot
#  8: Nor
#  9: Xor
# 10: Equals

0 0 0 0 0 0 0 0 0 0 
100 0 0 0 0 0 0 0 0 0 
200 0 0 0 0 0 0 0 0 0 
300 0 0 0 0 0 0 0 0 0 
400 4 0 0 0 0 0 0 0 0 
500 83 0 0 0 0 0 0 0 0 
600 602 68 0 0 0 0 0 0 0 
700 1147 182 0 402 1 0 0 0 0 
800 1483 715 0 813 1 0 0 0 0 
900 1827 1114 0 1166 2 0 0 0 0 
1000 2064 1496 0 1498 3 0 0 0 0 
1100 2335 1828 0 1809 2 0 0 0 0 
1200 2568 2158 0 2117 2 5 0 0 0 
1300 2890 2528 0 2507 3 36 0 0 0 
1400 3248 2979 0 2898 1 120 0 0 0 
1500 3676 3408 59 3341 0 214 2 0 0 
1600 3989 3663 205 3684 0 307 2 0 0 
1700 4304 3952 648 4030 1 317 2 0 0 
1800 4894 4431 1240 4653 3 270 2 0 0 
1900 5330 4597 1629 5031 8 218 1 0 0 
2000 5682 4878 2019 5406 7 177 6 0 0 
2100 6128 5241 2541 5761 7 143 3 0 0 
2200 6733 5826 3215 6311 27 125 4 0 0 
2300 7450 6503 3893 7055 18 89 0 0 0 
2400 8330 7447 4898 7858 28 71 0 0 0 
2500 9164 8280 5826 8729 45 62 1 0 0 
2600 9866 8979 6618 9528 69 70 0 0 0 
2700 10467 9569 7209 10150 82 58 0 0 0 
2800 10920 9941 7483 10699 107 49 0 0 0 
2900 11331 10333 7915 11032 178 58 10 0 0 
3000 11595 10713 8307 11436 165 53 0 0 0 
3100 11859 11000 8708 11687 194 66 1 0 0 
3200 12040 11248 9156 11785 223 64 1 0 0 
3300 12185 11429 9518 12021 287 78 1 0 0 
3400 12253 11643 9921 12035 307 71 5 0 0 
3500 12294 11726 10085 12086 379 68 4 0 0 
3600 12424 11748 10273 12159 349 62 2 0 0 
3700 12504 11840 10508 12264 382 83 5 0 0 
3800 12556 11865 10620 12271 429 73 4 0 0 
3900 12517 11932 10711 12251 443 67 3 0 0 
4000 12544 11906 10791 12254 527 53 4 0 0 
4100 12545 12018 10983 12295 586 82 4 0 0 
4200 12590 12134 11156 12260 615 67 4 0 0 
4300 12626 12202 11282 12302 655 64 7 0 0 
4400 12676 12346 11474 12367 687 66 6 0 0 
4500 12682 12446 11579 12389 767 71 7 0 0 
4600 12677 12502 11558 12359 803 66 3 0 0 
4700 12614 12573 11771 12374 832 77 1 0 0 
4800 12712 12547 11714 12387 932 67 0 0 0 
4900 12705 12671 11869 12481 950 73 0 0 0 
5000 12706 12708 11890 12501 1014 75 6 0 0 
5100 12699 12722 11907 12433 1038 84 2 0 0 
5200 12738 12815 11940 12489 1178 73 2 0 0 
5300 12766 12825 12019 12572 1213 111 6 0 0 
5400 12683 12796 11980 12383 1283 122 1 0 0 
5500 12689 12868 11983 12478 1385 104 6 0 0 
5600 12705 12861 11997 12520 1452 102 2 0 0 
5700 12756 12833 12025 12544 1519 100 7 0 0 
5800 12786 12873 12055 12634 1600 134 7 0 0 
5900 12838 13068 12230 12558 1616 139 5 0 0 
6000 12746 12987 12177 12594 1682 194 2 0 0 
6100 12743 13001 12270 12521 1699 219 4 0 0 
6200 12743 13025 12250 12501 1772 314 3 0 0 
6300 12779 13019 12288 12549 1779 364 3 0 0 
6400 12764 12972 12270 12607 1867 432 4 0 0 
6500 12788 13005 12271 12539 2009 538 5 0 0 
6600 12819 12975 12209 12593 2183 686 3 0 1 
6700 12749 12946 12322 12532 2400 820 5 0 3 
6800 12781 13070 12163 12567 2633 1040 0 0 37 
6900 11873 13084 12254 12480 2779 1372 5 2 834 
7000 11143 13104 12347 12482 3170 1927 7 0 1686 
7100 10684 13097 12333 12454 3748 2171 19 3 2416 
7200 10077 13125 12397 12457 4395 2192 27 3 3196 
7300 9665 13111 12412 12439 4732 2124 20 5 3557 
7400 9227 13111 12448 12493 5038 1629 15 2 3876 
7500 9210 13114 12462 12527 5212 1527 13 3 4119 
7600 9212 13099 12511 12537 5372 1520 16 2 4326 
7700 9099 13098 12455 12519 5430 1506 12 2 4423 
7800 9036 12646 12406 12489 5408 1518 16 1 4393 
7900 8814 12879 12362 12491 5484 1524 11 2 4543 
8000 8827 12865 12236 12457 5600 1371 22 7 4636 
8100 8852 12960 11933 12535 5730 1227 19 8 4791 
8200 8972 12961 11695 12449 5798 1032 19 12 4932 
8300 8709 12897 11251 12479 5966 1019 19 12 5122 
8400 8726 12941 10894 12458 6259 927 25 8 5404 
8500 9069 12923 9823 12460 6648 901 27 8 5907 
8600 9153 12923 9178 12433 6853 877 24 8 6235 
8700 9099 12907 8851 12425 6955 839 27 8 6409 
8800 9169 12845 8505 12444 7173 785 38 10 6501 
8900 9246 12778 8237 12445 7503 772 38 9 6739 
9000 9332 12770 7909 12460 7679 752 37 13 6944 
9100 9418 12731 7552 12521 7866 708 35 7 7058 
9200 9531 12666 7289 12539 8001 670 45 6 7138 
9300 9826 12665 6835 12471 8257 617 55 10 7344 
9400 9951 12631 6526 12353 8233 606 41 13 7279 
9500 10082 12621 6258 12394 8252 598 53 14 7416 
9600 10270 12658 6071 12310 8386 594 51 13 7511 
9700 10389 12666 5874 12354 8489 591 54 7 7584 
9800 10334 12587 5693 12234 8381 585 51 11 7570 
9900 10207 12446 5260 12251 8240 570 61 11 7670 
10000 10235 12486 4928 12279 7736 569 457 11 7716 
