# Avida tasks data
# Thu Apr 20 00:31:15 2023
# First column gives the current update, next columns give the number
# of organisms that have the particular task as a component of their merit
#  1: Update
#  2: Not
#  3: Nand
#  4: And
#  5: OrNot
#  6: Or
#  7: AndNot
#  8: Nor
#  9: Xor
# 10: Equals

0 0 0 0 0 0 0 0 0 0 
100 0 0 0 0 0 0 0 0 0 
200 0 0 0 0 0 0 0 0 0 
300 0 0 0 0 0 0 0 0 0 
400 0 0 0 0 0 0 0 0 0 
500 0 11 0 0 0 0 0 0 0 
600 42 460 0 0 0 0 0 0 0 
700 1084 2534 1 16 0 0 0 0 0 
800 3034 5124 0 98 5 0 0 0 0 
900 3546 5988 0 169 2 0 0 0 0 
1000 4776 7438 0 162 3 0 0 0 0 
1100 5369 7975 0 210 4 0 0 0 0 
1200 5672 8316 0 274 6 0 0 0 0 
1300 5755 8400 0 262 4 0 0 0 0 
1400 5877 8511 0 218 1 0 0 0 0 
1500 6039 8597 2 234 0 0 0 0 0 
1600 6110 8739 1 218 0 0 0 0 0 
1700 6211 8813 1 225 3 0 0 0 0 
1800 6380 8896 1 239 10 0 0 0 0 
1900 6659 8956 1 287 14 0 0 0 0 
2000 6740 9052 0 314 13 0 0 0 0 
2100 6783 9130 0 318 18 0 0 0 0 
2200 7386 9470 7 427 23 3 0 0 0 
2300 7537 9521 5 474 36 3 0 0 0 
2400 8376 10005 4 481 510 0 0 0 0 
2500 9049 10558 3 486 1333 0 0 0 0 
2600 9172 10591 7 462 1546 2 0 0 0 
2700 9203 10673 8 462 1547 213 0 0 0 
