# Avida tasks data
# Wed Apr 19 22:58:22 2023
# First column gives the current update, next columns give the number
# of organisms that have the particular task as a component of their merit
#  1: Update
#  2: Not
#  3: Nand
#  4: And
#  5: OrNot
#  6: Or
#  7: AndNot
#  8: Nor
#  9: Xor
# 10: Equals

0 0 0 0 0 0 0 0 0 0 
100 0 0 0 0 0 0 0 0 0 
200 0 0 0 0 0 0 0 0 0 
300 0 0 0 0 0 0 0 0 0 
400 0 0 0 0 0 0 0 0 0 
500 0 0 0 0 0 0 0 0 0 
600 0 0 0 0 0 0 0 0 0 
700 2 0 0 0 0 0 0 0 0 
800 27 0 0 0 0 0 0 0 0 
900 191 11 0 0 0 0 0 0 0 
1000 344 275 0 401 0 0 0 0 0 
1100 389 816 2 943 1 281 74 0 0 
1200 450 1469 143 1702 16 796 15 0 0 
1300 443 2040 987 2249 12 530 10 0 0 
1400 438 2490 1520 2710 15 546 9 0 0 
1500 444 2757 1789 2968 10 1133 10 0 0 
1600 451 2919 1945 3125 7 1407 8 0 0 
1700 453 3135 2155 3352 7 1636 8 0 0 
1800 457 3379 2443 3643 10 1950 8 0 0 
1900 463 3321 2714 3923 10 2186 8 0 0 
2000 463 2995 2831 4053 8 2295 8 0 0 
2100 462 2881 3014 4250 8 2472 8 0 0 
2200 470 2832 3353 4598 12 2787 8 0 0 
2300 489 2801 3561 4832 10 3010 8 0 0 
2400 481 2778 3772 5037 9 3201 8 0 0 
2500 471 2775 3902 5171 11 3335 8 0 0 
2600 476 2737 3935 5203 8 3363 8 0 0 
2700 487 2779 4065 5350 8 3510 8 0 0 
2800 491 2798 4210 5491 12 3624 8 0 0 
2900 482 2797 4326 5645 9 3755 8 0 0 
3000 473 2895 4479 5781 10 3895 8 0 0 
3100 493 2931 4652 5982 8 4090 8 0 0 
3200 488 2924 4759 6095 12 4168 8 0 0 
3300 504 2881 4846 6177 9 4199 8 0 0 
3400 500 2842 4889 6237 10 4279 8 0 0 
3500 505 2761 4933 6287 9 4325 8 0 0 
3600 493 2714 5052 6419 9 4454 8 0 0 
3700 505 2640 5103 6472 8 4479 8 0 0 
3800 519 2588 5180 6591 8 4554 8 0 0 
3900 504 2553 5265 6666 10 4636 8 0 0 
4000 507 2543 5392 6770 8 4734 8 0 0 
4100 512 2492 5510 6845 9 4865 8 0 0 
4200 531 2504 5718 7092 10 5061 8 0 0 
4300 516 2492 5933 7350 11 5285 8 0 0 
4400 521 2501 6195 7644 19 5516 8 0 0 
4500 532 2497 6383 7791 19 5682 8 0 0 
4600 513 2492 6619 8039 17 5912 8 0 0 
4700 541 2448 6723 8187 12 6033 8 0 0 
4800 522 2472 6863 8329 14 6164 8 0 0 
4900 525 2450 7001 8515 15 6346 8 0 0 
5000 519 2412 7127 8660 14 6441 8 0 0 
5100 523 2409 7317 8796 16 6599 8 0 0 
5200 526 2403 7420 8911 15 6700 8 0 0 
5300 516 2414 7540 9030 21 6802 8 0 0 
5400 500 2417 7688 9181 14 6968 6 0 0 
5500 482 2375 7774 9301 21 7097 6 0 0 
5600 483 2411 7857 9387 22 7195 6 0 0 
5700 464 2346 7880 9449 22 7236 6 0 0 
5800 457 2358 8023 9536 20 7377 6 0 0 
5900 481 2353 8053 9615 23 7394 6 0 0 
6000 677 2389 8149 9669 18 7474 6 0 0 
6100 725 2660 8149 9672 16 7432 6 0 0 
6200 715 2686 8100 9667 14 7413 6 0 0 
6300 717 2618 8130 9658 14 7398 6 0 0 
6400 730 2562 8123 9672 14 7416 6 0 0 
6500 722 2520 8150 9692 16 7431 6 0 0 
6600 721 2541 8168 9696 12 7459 6 0 0 
6700 712 2563 8220 9744 14 7537 6 0 0 
6800 707 2595 8255 9798 11 7584 6 0 0 
6900 711 2655 8336 9884 12 7666 6 0 0 
7000 704 2662 8371 9961 11 7750 6 0 0 
7100 708 2703 8392 9981 13 7795 6 0 0 
7200 704 2712 8434 10025 13 7845 6 0 0 
7300 711 2747 8410 10058 13 7903 6 0 0 
7400 709 2784 8419 10101 13 7961 6 0 0 
7500 705 2806 8387 10117 14 7998 6 0 0 
7600 700 2852 8437 10203 14 8074 7 0 0 
7700 680 2866 8561 10311 14 8197 7 0 0 
7800 667 2887 8657 10412 14 8305 7 0 0 
7900 658 2924 8761 10513 14 8415 7 0 0 
8000 649 2935 8816 10578 14 8471 7 0 0 
8100 627 2927 8936 10669 14 8583 7 0 0 
8200 605 2944 9057 10784 14 8695 6 0 0 
8300 579 2889 9172 10867 13 8802 6 0 0 
8400 561 2896 9280 10943 13 8888 6 0 0 
8500 556 2886 9379 11020 13 8962 6 0 0 
8600 544 2928 9407 11025 14 8970 6 0 0 
8700 532 2911 9494 11085 14 9031 8 0 0 
8800 518 2915 9544 11123 14 9088 6 0 0 
8900 510 2919 9593 11164 12 9130 6 0 0 
9000 501 2899 9665 11241 12 9193 6 0 0 
9100 488 2900 9766 11333 12 9300 6 0 0 
9200 467 2873 9852 11412 12 9422 6 0 0 
9300 464 2838 9919 11479 12 9490 6 0 0 
9400 456 2798 9951 11485 10 9502 6 0 0 
9500 440 2804 10042 11574 10 9605 6 0 0 
9600 432 2778 10036 11609 11 9668 6 0 0 
9700 415 2793 10147 11673 12 9746 6 0 0 
9800 411 2749 10228 11712 10 9819 6 0 0 
9900 403 2719 10300 11779 10 9913 5 0 0 
10000 396 2694 10336 11804 10 9941 5 0 0 
