# Avida tasks data
# Wed Apr 19 22:19:53 2023
# First column gives the current update, next columns give the number
# of organisms that have the particular task as a component of their merit
#  1: Update
#  2: Not
#  3: Nand
#  4: And
#  5: OrNot
#  6: Or
#  7: AndNot
#  8: Nor
#  9: Xor
# 10: Equals

0 0 0 0 0 0 0 0 0 0 
100 0 0 0 0 0 0 0 0 0 
200 0 0 0 0 0 0 0 0 0 
300 0 0 0 0 0 0 0 0 0 
400 0 0 0 0 0 0 0 0 0 
500 0 0 0 0 0 0 0 0 0 
600 0 0 0 0 0 0 0 0 0 
700 104 1 0 236 0 0 0 0 0 
800 1080 19 0 1197 7 0 0 0 0 
900 2469 41 0 2431 61 1 0 0 0 
1000 4207 75 0 3868 59 4 30 0 0 
1100 6635 222 0 5949 369 13 449 0 0 
1200 7930 445 0 7039 1372 20 504 0 0 
1300 7987 450 3 7419 2087 45 330 0 0 
1400 9377 531 0 9073 3820 57 296 0 0 
1500 10044 643 0 9832 4858 72 1020 0 0 
1600 10338 771 0 10244 5366 61 1701 0 0 
1700 10695 1075 2 10663 6135 84 2255 0 0 
1800 10887 2076 1 11017 6771 77 3381 0 0 
1900 11231 2680 4 11489 7407 109 4526 0 0 
2000 11258 3230 2 11628 6096 107 5566 0 0 
2100 11262 3231 2 11633 6094 107 5560 0 0 
2200 11325 4274 18 11724 5875 126 6280 0 0 
2300 11396 5029 50 11765 5566 92 6629 0 0 
2400 11412 5626 26 11837 5223 93 6773 1 82 
2500 11685 5949 28 12072 4982 86 6899 1 8 
2600 11883 6168 27 12269 4935 85 7091 1 2 
2700 11953 6239 26 12340 4914 85 7174 1 0 
2800 11950 6240 26 12340 4916 85 7167 1 0 
2900 12137 6460 23 12518 4842 83 7363 1 0 
3000 12484 6973 26 12880 4620 81 7791 1 0 
3100 12734 7377 28 13120 4400 77 8058 1 0 
3200 13068 7939 24 13414 4167 71 8484 0 0 
3300 13068 7929 26 13413 4166 71 8465 0 0 
3400 13075 7964 32 13443 4137 69 8471 0 0 
3500 13156 8171 24 13517 4015 68 8630 0 0 
3600 13130 8170 24 13505 4019 68 8648 0 0 
3700 13140 8180 26 13505 4007 68 8644 0 0 
3800 13159 8204 25 13504 3931 68 8671 0 0 
3900 13190 8284 26 13514 3804 68 8761 0 0 
4000 13207 8381 29 13527 3680 68 8878 0 0 
4100 13198 8504 30 13550 3612 66 9007 0 0 
4200 13193 8575 26 13542 3508 67 9031 0 0 
4300 13214 8838 30 13574 3429 64 9325 0 0 
4400 13215 9203 32 13610 3348 65 9666 0 0 
4500 13207 9437 30 13616 3229 58 9912 0 0 
4600 13223 9593 30 13638 3186 59 10067 0 0 
4700 13221 9891 33 13647 2999 57 10340 0 0 
4800 13256 10161 34 13693 2873 60 10546 0 0 
4900 13276 10324 29 13693 2713 52 10685 0 0 
5000 13307 10547 35 13716 2506 43 10823 0 0 
5100 13340 10695 29 13717 2335 41 10983 0 0 
