# Avida tasks data
# Thu Apr 20 04:15:04 2023
# First column gives the current update, next columns give the number
# of organisms that have the particular task as a component of their merit
#  1: Update
#  2: Not
#  3: Nand
#  4: And
#  5: OrNot
#  6: Or
#  7: AndNot
#  8: Nor
#  9: Xor
# 10: Equals

0 0 0 0 0 0 0 0 0 0 
100 0 0 0 0 0 0 0 0 0 
200 0 0 0 0 0 0 0 0 0 
300 0 0 0 0 0 0 0 0 0 
400 0 0 0 0 0 0 0 0 0 
500 0 0 0 0 0 0 0 0 0 
600 243 0 0 0 0 0 0 0 0 
700 2586 2005 14 1051 0 19 0 0 0 
800 5182 4924 13 3723 0 25 19 0 0 
900 7383 7191 13 5518 10 41 1076 0 0 
1000 8399 8453 16 6668 138 42 2912 0 0 
1100 9251 9267 8 7636 861 84 4614 0 0 
1200 9893 9851 219 8232 1534 100 6057 0 0 
1300 10369 10322 813 8859 1966 77 7126 0 0 
1400 10736 10737 1370 9131 2405 143 8043 0 0 
1500 11118 11139 2298 9701 2621 110 8914 0 0 
1600 11433 11402 3220 10021 2774 149 9362 0 0 
1700 11725 11815 4208 10625 2802 186 10041 0 0 
1800 12123 12136 5143 10835 2796 208 10437 0 0 
1900 12363 12623 6168 11395 2641 247 11144 0 0 
2000 12556 12822 7219 11678 2424 243 11387 0 0 
2100 12534 12888 8102 11781 2071 285 11571 0 0 
2200 12597 13025 8852 11955 1757 283 11852 0 0 
2300 12597 12959 9359 11882 1609 299 11842 0 0 
2400 12657 13007 9990 12071 1265 335 11904 0 0 
2500 12642 12969 10462 12033 1084 358 11968 0 0 
2600 12674 13028 10959 12137 844 336 12080 1 15 
2700 12620 13034 11341 12024 640 320 12128 0 82 
2800 12705 12998 11375 11875 687 305 12030 0 211 
2900 12659 12968 11388 11594 998 274 11988 0 491 
3000 12782 13061 10998 11326 1463 336 12092 0 788 
3100 12761 13083 10571 11035 1791 329 12153 0 1253 
3200 12790 12960 10126 11130 1666 247 12055 0 1696 
3300 12887 13072 9603 11271 1444 219 12133 0 2274 
3400 13031 12916 8334 11474 777 174 12022 0 3408 
3500 13197 12865 7044 11648 518 140 12000 0 4635 
3600 13272 12884 5701 11679 317 118 12025 0 5909 
3700 13457 12889 4591 11863 206 95 12114 0 6992 
3800 13494 12894 3650 11737 234 71 12101 0 7752 
3900 13518 12932 3048 11648 326 69 12045 0 8247 
4000 13543 12960 2628 11686 531 65 12090 0 8702 
4100 13484 12908 2587 10607 329 87 12034 1 8713 
4200 13467 12876 2214 8456 237 84 12046 2 9062 
4300 13401 12953 1748 6743 320 64 12158 3 9531 
4400 13351 12863 1403 5463 342 69 12055 6 9737 
4500 13361 12913 1208 4941 373 71 12102 3 9940 
4600 13341 12833 1124 4199 438 61 12076 3 9985 
4700 13274 12814 1056 3365 430 61 11974 3 10001 
4800 13230 12777 1076 2788 391 76 11980 3 9997 
4900 13188 12784 1014 2407 520 72 11989 2 10065 
5000 13204 12842 952 2088 488 78 11989 1 10303 
5100 13123 12752 725 1700 456 83 11840 5 10323 
5200 13134 12696 599 1397 534 73 11402 3 10363 
5300 13171 12713 507 1224 558 79 11179 6 10541 
5400 13173 12759 830 1505 593 74 11018 0 10605 
