# Avida tasks data
# Thu Apr 20 01:06:23 2023
# First column gives the current update, next columns give the number
# of organisms that have the particular task as a component of their merit
#  1: Update
#  2: Not
#  3: Nand
#  4: And
#  5: OrNot
#  6: Or
#  7: AndNot
#  8: Nor
#  9: Xor
# 10: Equals

0 0 0 0 0 0 0 0 0 0 
100 0 0 0 0 0 0 0 0 0 
200 0 0 0 0 0 0 0 0 0 
300 0 0 0 0 0 0 0 0 0 
400 0 0 0 0 0 0 0 0 0 
500 0 0 0 0 0 0 0 0 0 
600 11 0 0 0 0 0 0 0 0 
700 106 22 0 32 0 0 0 0 0 
800 303 124 0 593 0 0 0 0 0 
900 2039 327 1678 2067 4 41 0 0 0 
1000 4614 1622 3168 4216 17 82 821 0 0 
1100 6067 3874 2781 5599 17 124 2594 0 0 
1200 7878 6245 2485 7334 17 145 4729 0 0 
1300 9571 8544 2189 9242 15 167 6972 0 0 
1400 11157 10566 1766 10532 14 175 8852 0 0 
1500 12341 12084 1313 11625 13 189 10336 0 0 
1600 12858 12773 1010 12078 4 198 11020 0 0 
1700 13132 13081 752 12332 10 189 11666 0 0 
1800 13198 13096 498 12359 1 188 11862 0 0 
1900 13132 13056 303 12373 3 175 12184 0 0 
2000 13133 13087 186 12363 4 183 12280 0 0 
2100 13245 13159 128 12433 0 180 12405 0 0 
2200 13236 13104 95 12401 3 223 12289 0 0 
2300 13240 13123 60 12426 1 181 12433 0 0 
2400 13300 13154 75 12409 2 192 12396 0 0 
2500 13268 13158 88 12411 1 175 12312 0 0 
2600 13257 13188 96 12435 0 185 12321 0 0 
2700 13253 13120 64 12372 2 184 12259 0 0 
2800 13276 13159 71 12467 0 185 12349 0 0 
2900 13343 13190 63 12436 1 170 12404 0 0 
3000 13298 13176 76 12409 0 174 12314 0 0 
3100 13158 13214 73 12482 2 183 12414 0 0 
3200 13375 13181 54 12481 3 199 12392 0 0 
3300 13368 13160 96 12415 1 175 12370 0 0 
3400 13300 13132 122 12419 0 195 12390 0 0 
3500 13354 13000 278 12537 0 174 12319 0 0 
3600 13306 12796 495 12487 1 206 12319 0 0 
3700 13338 12569 729 12560 3 164 12477 0 0 
3800 13333 12046 1190 12579 6 189 12425 0 0 
3900 13368 11533 1629 12555 0 175 12354 0 0 
4000 13373 11064 2142 12599 6 214 12361 0 0 
4100 13299 10324 2821 12640 3 145 12397 0 0 
4200 13398 9846 3536 12656 0 196 12321 0 0 
4300 13442 10803 4063 12806 1 162 12440 0 0 
4400 13454 11708 4839 12815 1 157 12372 0 0 
4500 13458 12033 6073 12804 3 210 12301 0 0 
4600 13505 12342 7459 13023 3 178 12387 0 0 
4700 13481 12538 8548 13008 2 186 12318 0 0 
4800 13581 12807 9852 13007 1 192 12359 0 0 
4900 13525 12753 10916 13143 6 188 12240 0 0 
5000 13612 12856 11578 13124 10 175 12394 0 0 
5100 13637 12976 12109 13162 5 159 12483 0 0 
5200 13612 12918 12372 13195 7 171 12475 0 0 
5300 13646 13059 12546 13244 0 184 12405 0 0 
5400 13642 12977 12598 13157 3 185 12394 0 0 
5500 13640 12958 12657 13189 28 142 12375 0 0 
5600 13582 13015 12730 13304 42 136 12370 0 0 
5700 13661 13096 12757 13257 45 135 12401 0 0 
5800 13572 13096 12784 13250 88 165 12462 0 0 
5900 13529 13142 12709 13282 137 189 12408 0 0 
6000 13601 13061 12768 13247 282 157 12533 0 0 
6100 13551 13038 12698 13200 358 178 12418 0 0 
6200 13589 13153 12775 13272 570 148 12498 0 0 
6300 13616 13155 12812 13315 845 174 12441 0 0 
6400 13602 13165 12766 13244 1190 135 12422 0 0 
6500 13539 13121 12720 13237 1563 174 12385 0 0 
6600 13596 13281 12790 13262 1857 179 12578 0 0 
6700 13596 13315 12890 13323 2255 171 12564 0 0 
6800 13600 13266 12776 13301 2702 189 12542 0 0 
6900 13609 13226 12743 13248 3163 186 12453 0 0 
7000 13555 13230 12747 13297 3630 197 12428 0 0 
7100 13603 13236 12786 13306 4365 212 12552 0 0 
7200 13546 13273 12727 13276 5108 177 12492 0 0 
7300 13620 13223 12788 13299 5772 171 12588 0 0 
7400 13634 13391 12789 13306 6496 178 12543 0 0 
7500 13565 13365 12743 13316 7247 131 12568 0 0 
7600 13573 13351 12656 13212 7954 204 12506 0 0 
7700 13661 13340 12754 13299 8760 175 12600 0 0 
7800 13614 13373 12789 13272 9448 180 12559 0 0 
7900 13618 13372 12793 13334 9983 169 12493 0 0 
8000 13591 13411 12709 13238 10601 154 12571 0 0 
8100 13647 13383 12773 13322 11102 160 12637 0 0 
8200 13669 13372 12820 13291 11616 126 12697 0 0 
8300 13698 13391 12756 13258 12150 166 12658 0 0 
8400 13643 13461 12751 13221 12365 169 12644 0 0 
8500 13611 13420 12738 13268 12505 167 12564 0 0 
8600 13650 13446 12703 13231 12565 162 12531 0 0 
8700 13673 13470 12816 13313 12799 154 12666 0 0 
8800 13578 13507 12785 13297 12651 161 12647 0 0 
8900 13630 13521 12744 13261 12620 162 12659 0 0 
9000 13666 13530 12771 13224 12648 179 12677 0 0 
9100 13665 13574 12735 13249 12639 150 12689 0 0 
9200 13702 13600 12751 13285 12643 156 12641 0 0 
9300 13689 13588 12727 13215 12724 167 12715 0 0 
9400 13668 13611 12733 13280 12677 164 12654 0 0 
9500 13695 13599 12710 13245 12617 138 12683 0 0 
9600 13719 13615 12670 13222 12577 157 12706 0 0 
9700 13689 13622 12797 13283 12645 152 12733 0 0 
9800 13667 13657 12738 13300 12691 167 12708 0 0 
9900 13615 13593 12780 13265 12681 351 12758 0 0 
10000 13663 13598 12800 13320 12658 685 12696 0 0 
