# Avida tasks data
# Wed Apr 19 22:25:13 2023
# First column gives the current update, next columns give the number
# of organisms that have the particular task as a component of their merit
#  1: Update
#  2: Not
#  3: Nand
#  4: And
#  5: OrNot
#  6: Or
#  7: AndNot
#  8: Nor
#  9: Xor
# 10: Equals

0 0 0 0 0 0 0 0 0 0 
100 0 0 0 0 0 0 0 0 0 
200 0 0 0 0 0 0 0 0 0 
300 0 0 0 0 0 0 0 0 0 
400 0 0 0 0 0 0 0 0 0 
500 0 0 0 0 0 0 0 0 0 
600 0 0 0 0 0 0 0 0 0 
700 30 194 0 187 0 0 0 0 0 
800 415 686 0 2740 2155 37 23 0 0 
900 836 415 10 3952 3647 1865 59 0 0 
1000 1991 335 8 5207 5019 3378 78 0 0 
1100 2745 315 25 6242 6239 4604 248 0 0 
1200 3432 338 23 7093 7248 5758 1000 0 0 
1300 4110 344 70 7804 7988 6597 2251 0 0 
1400 4802 342 136 8364 8566 7258 3392 0 0 
1500 5620 434 333 8785 9024 7908 4459 0 0 
1600 6376 837 559 9275 9607 8496 5596 0 0 
1700 7230 1486 626 9861 10146 9216 6581 0 80 
1800 8122 2066 564 10307 10689 9763 7224 0 411 
1900 8658 2680 345 10691 11085 10234 7638 0 925 
2000 8980 3022 209 10851 11314 10514 7767 0 1498 
2100 9375 3687 168 10643 11516 10692 7862 0 2142 
2200 9641 4544 111 10350 11702 10891 8030 0 2939 
2300 10052 4581 111 10997 11767 11009 8164 0 3606 
2400 10570 4169 138 12045 11849 11130 8629 2 4174 
2500 10981 3914 154 12392 11967 11201 9040 2 5074 
2600 11447 3428 134 12580 12054 11196 9511 1 6057 
2700 11858 2812 194 12779 12100 11243 9759 0 6855 
2800 12284 2286 184 13040 12202 11372 10131 0 7777 
2900 12576 1803 179 13305 12361 11504 10586 0 8524 
3000 12814 1380 188 13301 12262 11353 10723 0 8886 
3100 13012 986 251 13409 12357 11508 11031 0 9424 
3200 13136 818 190 13500 12225 11444 11014 0 9731 
3300 13105 914 221 13539 12349 11303 10972 0 9960 
3400 13253 1296 204 13614 12328 11400 11101 0 10344 
3500 13142 1752 205 13617 12346 11460 11063 0 10398 
3600 13181 2405 215 13620 12449 11532 11289 0 10704 
3700 13086 3472 239 13626 12388 11409 11152 0 10593 
3800 13168 4467 234 13632 12355 11483 11141 0 10567 
3900 13080 5301 238 13651 12387 11435 11167 0 10570 
4000 13140 6605 242 13671 12460 11500 11215 0 10606 
4100 13086 7534 230 13633 12277 11415 11126 0 10551 
4200 13031 8252 249 13660 12258 11446 11098 0 10520 
4300 13138 9009 263 13635 12414 11505 11179 0 10606 
4400 13090 9663 262 13643 12378 11451 11107 0 10525 
4500 13079 10271 232 13656 12432 11533 11154 0 10561 
4600 13062 10793 247 13629 12373 11469 11136 0 10543 
4700 13164 11379 220 13723 12510 11584 11190 0 10654 
4800 13027 11715 231 13555 12528 11696 11267 0 10693 
4900 13060 12043 250 13600 12417 11502 11104 0 10526 
5000 13120 12489 279 13687 12373 11510 11137 0 10545 
5100 13235 12606 273 13599 12405 11554 11166 0 10511 
5200 13059 12807 210 13625 12428 11399 11043 0 10461 
5300 13085 12935 224 13595 12363 11595 11248 0 10621 
5400 13168 13113 232 13654 12484 11577 11195 0 10634 
5500 13169 13237 206 13569 12416 11579 11170 0 10617 
5600 13196 13367 224 13608 12433 11610 11235 0 10683 
5700 13158 13346 236 13683 12493 11629 11251 0 10686 
5800 13254 13375 208 13617 12504 11528 11171 0 10613 
5900 13230 13490 206 13611 12485 11548 11212 0 10625 
6000 13257 13503 249 13660 12428 11550 11204 0 10617 
6100 13244 13406 247 13615 12464 11604 11267 0 10707 
6200 13294 13464 237 13687 12507 11654 11273 0 10695 
6300 13305 13230 205 13641 12536 11676 11331 0 10708 
6400 13291 13423 212 13685 12515 11686 11396 0 10754 
6500 13289 13441 256 13685 12555 11610 11265 0 10634 
6600 13338 13465 204 13707 12627 11774 11431 0 10882 
6700 13286 13479 222 13668 12520 11733 11319 1 10780 
6800 13256 13407 245 13671 12474 11665 11228 0 10677 
6900 13242 13386 230 13697 12490 11731 11326 2 10771 
7000 13339 13419 221 13695 12580 11694 11341 0 10828 
7100 13290 13370 255 13671 12607 11714 11416 0 10914 
7200 13289 13439 207 13709 12581 11730 11413 0 10848 
7300 13163 13466 216 13685 12548 11726 11334 0 10769 
7400 13339 13425 193 13693 12672 11782 11483 0 10944 
7500 13354 13447 169 13699 12660 11908 11557 0 11025 
7600 13357 13460 189 13673 12581 11769 11360 0 10839 
7700 13269 13365 195 13731 12687 11844 11560 0 11010 
7800 13404 13454 192 13648 12662 11891 11583 0 11022 
7900 13415 13480 189 13725 12686 11902 11585 0 11068 
8000 13349 13439 212 13760 12576 11845 11546 0 10959 
8100 13422 13416 217 13718 12737 11989 11587 0 11022 
8200 13381 13466 182 13715 12642 11853 11468 0 10926 
8300 13262 13437 180 13715 12638 11827 11505 0 10989 
8400 13397 13426 184 13716 12758 12020 11706 0 11111 
8500 13371 13382 194 13674 12737 12009 11624 0 11125 
8600 13333 13432 198 13713 12593 11731 11435 0 10884 
8700 13407 13432 201 13693 12649 11860 11591 0 11051 
8800 13393 13493 198 13735 12623 11869 11612 0 11084 
8900 13345 13564 189 13813 12746 11862 11581 0 11031 
9000 13318 13446 192 13738 12626 11974 11660 0 11091 
9100 13388 13520 196 13798 12741 11906 11608 0 11069 
9200 13413 13469 222 13710 12638 11830 11474 0 10927 
9300 13383 13467 174 13738 12664 11890 11493 0 10961 
9400 13381 13490 206 13742 12650 11787 11472 0 10957 
9500 13431 13448 201 13736 12678 12025 11662 0 11120 
9600 13404 13493 205 13724 12762 11979 11699 0 11174 
9700 13331 13451 173 13712 12776 11928 11599 0 11019 
9800 13337 13376 188 13693 12743 11905 11516 0 10983 
9900 13356 13505 191 13741 12732 11838 11533 0 11013 
10000 13407 13436 230 13707 12809 11887 11545 0 10983 
