# Avida tasks data
# Thu Apr 20 06:24:28 2023
# First column gives the current update, next columns give the number
# of organisms that have the particular task as a component of their merit
#  1: Update
#  2: Not
#  3: Nand
#  4: And
#  5: OrNot
#  6: Or
#  7: AndNot
#  8: Nor
#  9: Xor
# 10: Equals

0 0 0 0 0 0 0 0 0 0 
100 0 0 0 0 0 0 0 0 0 
200 0 0 0 0 0 0 0 0 0 
300 0 0 0 0 0 0 0 0 0 
400 0 0 0 0 0 0 0 0 0 
500 0 0 0 0 0 0 0 0 0 
600 0 0 0 0 0 0 0 0 0 
700 685 0 0 0 0 0 0 0 0 
800 2050 0 0 0 0 0 1 0 0 
900 3580 0 0 0 0 0 0 0 0 
1000 5014 0 0 0 0 0 0 0 0 
1100 6585 0 0 0 0 0 0 0 0 
1200 7814 0 0 0 0 0 0 0 0 
1300 9134 0 0 0 0 0 0 0 0 
1400 10014 2 0 0 0 0 2 0 0 
1500 10688 362 0 3 0 0 1 0 0 
1600 10867 1692 0 31 0 0 2 0 0 
1700 11018 2979 0 71 0 1 0 0 0 
1800 11180 4147 0 97 3 0 0 0 0 
1900 11301 5185 0 157 0 0 0 0 0 
2000 11437 6273 0 443 15 0 0 0 0 
2100 11517 7138 0 506 819 2 0 0 0 
2200 11609 7752 0 390 1944 2 0 0 0 
2300 11778 8515 0 377 3091 2 0 0 0 
2400 11888 9069 0 318 4212 1 0 0 0 
2500 11994 9563 0 295 5281 8 0 0 0 
2600 12041 10030 0 334 6087 23 0 0 0 
2700 12110 10515 0 375 7001 11 0 0 0 
2800 12356 11011 0 352 7813 29 1 0 0 
2900 12353 11359 0 392 8548 36 0 0 0 
3000 12471 11768 0 407 9327 47 0 0 0 
3100 12637 12113 0 473 10227 37 3 0 0 
3200 12665 12429 0 531 10703 53 3 0 0 
3300 12861 12757 0 659 11386 45 3 0 0 
3400 12838 12892 0 909 11629 43 4 0 0 
3500 12965 13055 0 1267 12027 36 2 0 0 
3600 12918 13228 0 1740 12135 37 1 0 0 
3700 12943 13247 2 2235 12328 56 0 0 0 
3800 13043 13367 0 2829 12442 70 0 0 0 
3900 12980 13365 0 3370 12515 40 0 0 0 
4000 13066 13344 0 4044 12573 84 4 0 0 
4100 12967 13364 0 4659 12570 230 2 0 0 
4200 12919 13388 0 5090 12510 554 0 0 0 
4300 12898 13390 0 5515 12485 1093 14 0 0 
4400 12916 13318 0 6432 12524 1635 824 0 0 
4500 13054 13361 12 7116 12585 2315 1741 0 0 
4600 13031 13327 14 7675 12635 3130 2632 0 0 
4700 13051 13318 0 8276 12570 4085 3528 0 0 
4800 13018 13218 5 8741 12577 4894 4280 0 0 
4900 13015 13182 0 9211 12611 5615 4988 0 0 
5000 12946 13156 4 9607 12581 6302 5629 0 0 
5100 12955 13153 10 9932 12591 7057 6255 0 0 
5200 12976 13043 8 10155 12605 7605 6724 0 0 
5300 13020 12957 11 10405 12643 8189 7291 0 0 
5400 13018 13011 12 10720 12622 8853 7928 0 0 
5500 13094 13000 12 10992 12720 9485 8581 0 0 
5600 13012 12885 4 10870 12649 9877 8827 0 0 
5700 13004 12923 13 11102 12734 10335 9284 0 0 
5800 12983 12948 7 11174 12630 10726 9628 0 0 
5900 13000 12886 9 11169 12653 11013 9911 0 0 
6000 12980 12983 10 11183 12692 11236 10109 0 0 
6100 12941 12913 10 11153 12614 11328 10185 0 0 
6200 13070 12880 5 11150 12782 11477 10385 0 0 
6300 13088 12936 11 11263 12782 11758 10620 0 0 
6400 13067 12927 11 11144 12804 11729 10582 0 0 
6500 13092 12943 4 11210 12829 11840 10711 0 0 
6600 13069 12934 6 11151 12800 11808 10706 0 0 
6700 13055 12924 7 11188 12807 11921 10747 0 0 
6800 12989 12901 2 11218 12730 11959 10815 0 0 
6900 13000 12899 10 11133 12757 11909 10742 0 0 
7000 13035 12841 22 11187 12804 11891 10728 0 0 
7100 13073 12918 30 11240 12807 11949 10852 0 0 
7200 13064 12971 14 11177 12753 12006 10825 0 0 
7300 13012 12885 24 11132 12722 11882 10696 0 0 
7400 13027 12836 46 11177 12734 11902 10761 0 0 
7500 13041 12889 104 11175 12652 11853 10742 0 0 
7600 13040 12937 156 11170 12787 11884 10755 0 0 
7700 12988 12886 197 11213 12783 11857 10774 0 0 
7800 13054 12926 258 11199 12769 11886 10760 0 0 
7900 12978 12927 322 11170 12758 11872 10732 0 0 
8000 13101 12907 388 11225 12807 11866 10828 0 0 
8100 13070 12842 465 11195 12778 11839 10770 0 0 
8200 13014 12844 593 11105 12695 11835 10706 0 0 
8300 13086 12917 704 11229 12782 11846 10853 0 0 
8400 13126 12917 761 11311 12837 11969 10933 0 0 
8500 13098 12907 826 11274 12824 11956 10952 0 0 
8600 13078 12941 959 11297 12812 11972 10907 0 0 
8700 13081 12951 1201 11400 12811 11989 11024 2 0 
8800 13081 12997 1328 11249 12784 11963 10883 0 0 
8900 13117 12964 1479 11292 12856 11931 10926 0 0 
9000 13070 12965 1550 11313 12699 11842 10906 0 0 
9100 13064 12964 1704 11249 12818 11871 10878 0 0 
9200 12964 12880 1852 11098 12666 11757 10674 0 0 
9300 12969 12981 2089 11262 12699 11847 10818 0 0 
9400 13030 12939 2236 11256 12730 11830 10877 0 0 
9500 13138 12925 2339 11264 12830 11838 10901 0 1 
9600 13079 13003 2523 11444 12829 12004 11048 0 0 
9700 13037 13056 2605 11349 12803 11970 10952 0 0 
9800 13048 13029 2721 11277 12770 11887 10863 0 0 
9900 13055 13085 2905 11334 12746 11982 10963 0 0 
10000 13095 13055 3067 11399 12771 11952 10961 0 0 
