# Avida tasks data
# Wed Apr 19 17:19:42 2023
# First column gives the current update, next columns give the number
# of organisms that have the particular task as a component of their merit
#  1: Update
#  2: Not
#  3: Nand
#  4: And
#  5: OrNot
#  6: Or
#  7: AndNot
#  8: Nor
#  9: Xor
# 10: Equals

0 0 0 0 0 0 0 0 0 0 
100 0 0 0 0 0 0 0 0 0 
200 0 0 0 0 0 0 0 0 0 
300 0 0 0 0 0 0 0 0 0 
400 0 0 0 0 0 0 0 0 0 
500 9 4 0 0 0 0 0 0 0 
600 31 29 0 109 0 0 0 0 0 
700 34 325 0 533 0 0 0 0 0 
800 177 754 0 1370 590 1 0 0 0 
900 885 484 0 3294 3013 9 2108 0 0 
1000 2050 1269 0 5049 4865 28 3873 0 0 
1100 3240 2079 2 6676 6474 32 5598 0 0 
1200 4696 3377 0 8252 8173 64 7219 0 0 
1300 5813 4281 4 9014 9033 56 8043 0 0 
1400 6757 5367 8 9507 9521 84 8613 0 0 
1500 7581 6428 11 9709 9836 318 8909 0 0 
1600 8284 7048 23 9962 10090 1391 9208 0 0 
1700 8908 7732 39 10150 10351 2530 9480 0 0 
1800 9540 8306 36 10392 10540 3580 9678 0 0 
1900 9729 8893 30 10423 10590 4472 9750 0 0 
2000 10319 9440 38 10746 10903 5590 10041 0 0 
2100 10595 9926 58 10698 10921 6345 10108 0 0 
2200 10999 10373 53 10775 11038 7214 10306 0 0 
2300 11201 10750 51 10861 11095 7872 10430 0 0 
2400 11458 11003 58 11044 11306 8501 10635 0 0 
2500 11649 11291 50 11016 11387 8870 10707 0 0 
2600 11813 11475 49 11260 11529 9371 10924 0 0 
2700 11948 11680 56 11384 11637 9644 11029 1 0 
2800 12216 11961 46 11566 11881 9868 11321 0 0 
2900 12381 12229 62 11649 11936 10073 11367 0 0 
3000 12606 12394 67 11890 12139 10229 11655 0 0 
3100 12593 12518 82 11737 12128 10287 11515 0 0 
3200 12589 12503 225 11687 12058 10217 11462 0 0 
3300 12624 12496 591 11834 12178 10485 11628 0 0 
3400 12627 12614 1120 11913 12177 10543 11682 0 0 
3500 12625 12667 1701 11819 12145 10425 11527 0 0 
3600 12716 12746 2371 11858 12119 10545 11553 0 0 
3700 12590 12818 3138 11814 12161 10491 11551 0 0 
3800 12592 12812 3961 11902 12212 10520 11601 0 0 
3900 12591 12874 4655 11843 12101 10387 11501 0 0 
4000 12692 12695 5381 11974 12158 10580 11633 0 0 
4100 12647 12730 6178 11908 12147 10520 11647 0 0 
4200 12619 12860 6967 12061 12192 10681 11748 0 0 
4300 12554 12777 7641 11921 12140 10485 11628 0 0 
4400 12584 12942 8498 11950 12154 10498 11676 0 0 
4500 12706 12869 9335 11966 12146 10574 11679 0 0 
4600 12720 12873 10038 11969 12248 10578 11713 0 0 
4700 12709 12984 10693 11963 12171 10558 11687 0 0 
4800 12659 12965 11173 11978 12189 10624 11760 0 0 
4900 12681 12979 11479 12023 12136 10560 11648 0 0 
5000 12586 12907 11790 11965 12072 10485 11604 0 0 
5100 12557 12935 12044 12028 12157 10535 11669 0 0 
5200 12648 12987 12335 11964 12169 10616 11635 0 0 
5300 12710 12970 12448 12057 12208 10695 11731 0 0 
5400 12583 13072 12491 11923 12194 10544 11622 0 0 
5500 12569 13106 12631 11893 12110 10547 11629 0 0 
5600 12536 13046 12585 12026 12274 10597 11703 0 0 
5700 12687 13047 12590 12068 12161 10599 11655 0 0 
5800 12509 13037 12536 11991 12094 10567 11648 0 0 
5900 12653 13097 12540 12013 12142 10581 11658 0 0 
6000 12635 13117 12655 12070 12155 10626 11776 0 0 
6100 12692 13158 12591 12030 12114 10641 11687 0 1 
6200 12601 13169 12516 12017 12118 10525 11702 1 0 
6300 12635 13295 12568 12044 12209 10653 11669 0 0 
6400 12714 13209 12710 11990 12180 10712 11685 0 0 
6500 12696 13091 12579 12048 12202 10631 11783 0 0 
6600 12643 13208 12595 12087 12170 10678 11744 0 0 
6700 12551 13115 12601 11939 12084 10542 11637 0 0 
6800 12695 13200 12685 12072 12230 10694 11728 1 0 
6900 12654 13179 12539 12002 12138 10559 11626 0 0 
7000 12684 13196 12592 12045 12140 10596 11666 0 0 
7100 12685 13215 12608 11974 12189 10581 11623 0 0 
7200 12742 13225 12685 12121 12333 10784 11832 4 1 
7300 12671 13202 12607 11987 12230 10594 11704 0 1 
7400 12694 13291 12670 12155 12280 10784 11781 0 0 
7500 12769 13189 12593 12109 12297 10668 11802 0 0 
7600 12704 13183 12658 12055 12220 10648 11681 0 0 
7700 12684 13288 12643 12228 12335 10824 11836 5 0 
7800 12776 13295 12639 12164 12312 10767 11783 6 0 
7900 12755 13344 12608 12135 12294 10745 11818 13 0 
8000 12722 13367 12736 12179 12317 10838 11873 15 0 
8100 12630 13299 12668 12139 12301 10674 11704 10 0 
8200 12599 13273 12584 12016 12282 10649 11691 8 0 
8300 12824 13358 12606 12174 12379 10836 11884 6 0 
8400 12746 13292 12705 12164 12409 10880 11873 13 0 
8500 12768 13402 12696 12198 12356 10908 11801 6 0 
8600 12725 13367 12618 12157 12330 10765 11779 0 0 
8700 12811 13346 12695 12290 12464 11002 11979 0 0 
8800 12813 13347 12690 12190 12348 10799 11749 0 0 
8900 12882 13445 12785 12310 12391 11001 11951 0 0 
9000 12769 13339 12624 12274 12430 10939 11876 0 0 
9100 12850 13368 12743 12262 12410 10938 11907 0 0 
9200 12798 13442 12649 12224 12471 10852 11894 0 0 
9300 12721 13407 12780 12306 12448 10959 11978 0 0 
9400 12757 13364 12775 12298 12485 11067 11880 0 0 
9500 12713 13312 12769 12236 12455 10974 11875 0 0 
9600 12755 13318 12750 12319 12477 11040 11948 0 0 
9700 12772 13302 12782 12403 12571 11159 12025 0 0 
9800 12822 13341 12812 12374 12492 11149 12057 0 0 
9900 12924 13424 12844 12418 12577 11162 12149 0 0 
10000 12942 13444 12759 12418 12575 11053 12038 0 0 
