# Avida tasks data
# Fri Apr 21 01:10:54 2023
# First column gives the current update, next columns give the number
# of organisms that have the particular task as a component of their merit
#  1: Update
#  2: Not
#  3: Nand
#  4: And
#  5: OrNot
#  6: Or
#  7: AndNot
#  8: Nor
#  9: Xor
# 10: Equals

0 0 0 0 0 0 0 0 0 0 
100 0 0 0 0 0 0 0 0 0 
200 0 0 0 0 0 0 0 0 0 
300 0 0 0 0 0 0 0 0 0 
400 0 0 0 0 0 0 0 0 0 
500 0 0 0 0 0 0 0 0 0 
600 39 0 0 0 0 0 0 0 0 
700 1236 0 0 0 0 0 0 0 0 
800 2039 535 0 316 6 0 0 0 0 
900 2740 2055 9 1853 15 62 8 0 0 
1000 2771 2182 8 2102 16 30 9 0 0 
1100 2836 2334 8 2251 23 31 8 0 0 
1200 2778 2308 8 2166 27 30 11 0 0 
1300 2707 2296 6 2096 25 30 11 0 0 
1400 2672 2287 6 2060 25 30 11 0 0 
1500 2681 2264 6 2036 25 29 11 0 0 
1600 2669 2246 5 2025 25 29 11 0 0 
1700 2645 2222 5 1998 25 29 11 0 0 
1800 2648 2233 5 1994 25 29 11 0 0 
1900 2652 2231 5 1983 25 28 11 0 0 
2000 2615 2224 5 1978 25 28 11 0 0 
2100 2631 2218 5 1975 25 28 11 0 0 
2200 2631 2228 5 1974 25 28 11 0 0 
2300 2619 2203 5 1967 25 28 11 0 0 
2400 2631 2200 5 1967 25 28 11 0 0 
2500 2643 2191 5 1958 25 28 11 0 0 
2600 2649 2184 5 1950 25 28 11 0 0 
