# Avida tasks data
# Thu Apr 20 19:46:48 2023
# First column gives the current update, next columns give the number
# of organisms that have the particular task as a component of their merit
#  1: Update
#  2: Not
#  3: Nand
#  4: And
#  5: OrNot
#  6: Or
#  7: AndNot
#  8: Nor
#  9: Xor
# 10: Equals

0 0 0 0 0 0 0 0 0 0 
100 0 0 0 0 0 0 0 0 0 
200 0 0 0 0 0 0 0 0 0 
300 0 0 0 0 0 0 0 0 0 
400 125 0 0 0 0 0 0 0 0 
500 868 7 0 0 0 0 0 0 0 
600 2032 18 0 0 0 0 0 0 0 
700 3428 307 2 29 0 0 0 0 0 
800 4759 973 99 126 0 0 0 0 0 
900 3966 2166 1176 1532 2 1190 0 0 0 
1000 2910 4142 3216 3501 3 3070 0 0 0 
1100 2438 6110 5191 5699 5 4996 0 0 0 
1200 2537 7921 7096 7692 17 6842 0 0 0 
1300 2966 9096 8329 8998 485 7976 0 1 0 
1400 2583 9895 9131 9864 2942 8758 0 3 0 
1500 3027 10321 9563 10319 4536 9109 0 4 0 
1600 3904 10644 10130 11011 5537 9602 0 1 0 
1700 4927 11254 10768 11718 6626 10253 0 1 0 
1800 5869 11799 11269 12257 7461 10702 0 9 0 
1900 6836 12209 11728 12812 8266 11118 0 5 0 
2000 7889 12493 12050 13008 9152 11457 0 6 0 
2100 8756 12581 12162 13091 9707 11502 0 6 0 
2200 9565 12579 12093 13200 10091 11492 1 3 0 
2300 10138 12583 12159 13114 10391 11513 1 1 0 
2400 10740 12606 12147 13135 10555 11404 0 4 0 
2500 11189 12703 12243 13194 10843 11541 0 5 0 
2600 11563 12593 12126 13154 10864 11433 0 1 0 
2700 11928 12659 12108 13094 10890 11422 0 0 0 
2800 12220 12658 12245 13219 11162 11556 0 3 0 
2900 12241 12755 12304 13167 11263 11597 0 3 0 
3000 12447 12788 12310 13222 11351 11687 0 1 0 
3100 12387 12780 12300 13281 11337 11619 0 2 0 
3200 12402 12823 12319 13282 11306 11625 0 3 0 
3300 12389 12880 12437 13250 11516 11825 0 2 0 
3400 12449 12805 12358 13221 11310 11600 0 2 0 
3500 12535 12833 12406 13201 11471 11681 0 3 0 
3600 12561 12876 12483 13272 11517 11818 1 3 0 
3700 12596 12862 12435 13283 11520 11803 0 3 0 
3800 12675 12849 12452 13265 11453 11758 0 5 0 
3900 12555 12931 12473 13239 11517 11762 0 0 0 
4000 12609 12957 12577 13246 11663 11989 0 2 0 
4100 12567 12943 12558 13258 11630 11876 0 2 0 
4200 12666 13077 12666 13302 11765 12017 0 2 0 
4300 12588 12935 12515 13251 11635 11961 0 5 0 
4400 12653 12930 12569 13323 11543 11869 0 3 0 
4500 12743 12978 12661 13328 11674 11984 0 2 0 
4600 12695 12989 12621 13309 11689 12003 0 1 0 
4700 12566 13026 12564 13243 11673 11904 0 5 0 
4800 12768 13005 12628 13341 11744 12035 0 1 0 
4900 12673 13043 12633 13332 11782 12048 0 3 0 
5000 12762 13034 12663 13332 11753 12010 0 2 0 
5100 12712 13051 12637 13342 11788 12029 0 4 0 
5200 12647 13010 12603 13294 11649 11942 0 2 0 
5300 12803 13123 12708 13354 11791 12077 2 0 0 
5400 12653 13067 12679 13322 11672 11955 0 1 0 
5500 12723 13061 12672 13334 11761 12050 0 1 0 
5600 12631 13102 12666 13393 11811 12062 0 0 0 
5700 12664 13108 12660 13336 11804 12064 0 3 0 
5800 12798 13081 12669 13412 11798 12070 2 0 0 
5900 12760 13020 12639 13350 11719 12017 0 2 0 
6000 12751 12997 12648 13331 11765 12017 0 3 0 
6100 12731 13017 12586 13235 11690 11992 0 3 0 
6200 12675 12998 12642 13365 11711 11989 0 1 0 
6300 12857 13062 12761 13374 11840 12181 0 0 0 
6400 12780 13055 12693 13326 11798 12095 2 2 0 
6500 12699 13002 12612 13354 11700 12009 0 3 0 
6600 12865 13119 12729 13289 11894 12137 0 2 0 
6700 12660 13019 12685 13330 11783 12019 0 2 0 
6800 12763 13021 12583 13313 11703 12010 0 0 0 
6900 12845 12982 12684 13375 11801 12082 0 0 0 
7000 12783 13091 12740 13394 11846 12141 0 0 0 
7100 12747 13112 12715 13386 11892 12121 0 1 0 
7200 12773 13082 12675 13322 11862 12097 0 0 0 
7300 12722 13048 12602 13364 11722 12023 0 2 0 
7400 12781 12998 12577 13278 11672 11963 1 4 0 
7500 12852 13031 12708 13388 11768 12098 1 1 0 
7600 12987 13046 12704 13338 11794 12087 2 0 0 
7700 12793 13066 12702 13342 11852 12143 0 1 0 
7800 12879 13121 12742 13387 11880 12145 0 5 0 
7900 12853 13055 12690 13341 11744 11939 2 7 0 
8000 12872 13012 12679 13389 11808 12071 2 4 0 
8100 12754 12959 12650 13340 11760 12039 2 3 0 
8200 12804 12985 12563 13313 11708 11935 0 1 0 
8300 12915 13107 12730 13346 11867 12023 0 0 0 
8400 12896 13027 12650 13282 11849 12101 0 3 0 
8500 12852 12993 12626 13316 11734 12011 5 2 0 
8600 12971 13043 12707 13343 11830 12099 2 3 0 
8700 12890 13056 12635 13303 11814 11977 4 1 1 
8800 12959 13035 12664 13241 11759 11989 0 3 0 
8900 12928 12985 12617 13275 11712 11924 2 1 0 
9000 12890 13040 12705 13281 11749 12045 3 2 0 
9100 12926 12998 12681 13336 11839 12100 0 4 0 
9200 13074 13049 12675 13372 11814 12093 0 7 0 
9300 12925 12973 12646 13302 11781 12023 4 2 2 
9400 12890 12942 12587 13243 11713 12010 0 6 0 
9500 13036 13035 12685 13313 11909 12129 3 3 0 
9600 13080 13087 12717 13364 11895 12100 0 3 0 
9700 12986 12996 12623 13278 11766 12015 3 4 0 
9800 12983 12953 12564 13277 11725 12090 2 1 0 
9900 13036 13102 12753 13386 11888 12158 3 2 0 
10000 12956 12973 12587 13320 11702 12005 1 2 0 
