# Avida tasks data
# Thu Apr 20 09:37:45 2023
# First column gives the current update, next columns give the number
# of organisms that have the particular task as a component of their merit
#  1: Update
#  2: Not
#  3: Nand
#  4: And
#  5: OrNot
#  6: Or
#  7: AndNot
#  8: Nor
#  9: Xor
# 10: Equals

0 0 0 0 0 0 0 0 0 0 
100 0 0 0 0 0 0 0 0 0 
200 0 0 0 0 0 0 0 0 0 
300 0 0 0 0 0 0 0 0 0 
400 0 0 0 0 0 0 0 0 0 
500 0 0 0 0 0 0 0 0 0 
600 2 0 0 0 0 0 0 0 0 
700 15 1 0 0 0 0 0 0 0 
800 36 0 0 0 0 0 0 0 0 
900 212 0 0 0 0 0 0 0 0 
1000 461 18 0 4 0 0 0 0 0 
1100 880 32 0 143 0 0 0 0 0 
1200 1232 97 10 601 0 0 0 0 0 
1300 1561 403 78 1259 0 0 0 0 0 
1400 1780 1119 90 2214 0 82 0 0 0 
1500 1754 1732 114 3113 88 976 0 0 0 
1600 2213 1702 48 3103 1013 2995 330 0 0 
1700 4183 1161 56 4491 2886 4199 2499 0 0 
1800 6062 608 57 5328 4759 5547 4249 0 0 
1900 7429 413 38 5767 6222 6711 5578 0 0 
2000 8449 299 26 6138 7457 7850 6631 0 0 
2100 9617 244 43 6804 8660 8893 7751 0 0 
2200 10547 190 27 7327 9690 9929 8645 0 0 
2300 11196 144 50 7891 10299 10693 9214 0 0 
2400 11773 114 25 8374 10932 11276 9848 0 0 
2500 12226 79 20 8896 11334 11814 10206 0 0 
2600 12547 58 28 9177 11727 12071 10545 0 0 
2700 12709 57 36 9316 12059 12278 10780 0 0 
2800 12981 58 28 9464 12217 12624 11056 0 0 
2900 12998 51 51 9528 12265 12706 11065 0 0 
3000 13021 61 36 9464 12286 12661 11056 0 0 
3100 13061 47 52 9689 12232 12745 11094 0 0 
3200 12916 48 32 9530 12197 12728 10971 0 0 
3300 13009 49 38 9384 12192 12683 10915 0 0 
3400 12881 56 37 9491 12223 12730 11046 0 0 
3500 12949 44 42 9469 12239 12737 11005 0 0 
3600 12892 52 49 9526 12259 12598 11094 0 0 
3700 12900 62 42 9515 12229 12752 11097 0 0 
3800 13012 49 34 9659 12231 12649 11166 0 0 
3900 13004 63 38 9481 12201 12683 11033 0 0 
4000 13032 58 40 9530 12228 12730 11098 0 0 
4100 13087 55 41 9698 12364 12683 11214 0 0 
4200 13008 63 45 9756 12328 12677 11148 0 1 
4300 12991 53 32 9669 12264 12716 11117 0 0 
4400 13054 37 38 9697 12404 12713 11254 0 0 
4500 13018 51 37 9634 12406 12625 11191 0 0 
4600 13054 46 49 9852 12376 12751 11243 0 0 
4700 13013 45 50 9533 12245 12689 11092 0 0 
4800 13002 40 37 9916 12438 12764 11399 0 0 
4900 13048 45 54 9680 12363 12777 11298 0 0 
5000 12880 48 64 9699 12351 12667 11236 0 0 
5100 13053 59 63 9814 12400 12707 11306 0 0 
5200 13095 59 42 9806 12460 12767 11386 0 0 
5300 13031 45 52 9851 12437 12769 11403 0 0 
5400 13105 52 52 9930 12490 12746 11466 0 0 
5500 12982 56 34 9696 12349 12703 11253 0 0 
5600 13054 44 35 9707 12424 12727 11324 0 0 
5700 12942 41 38 9732 12371 12811 11312 0 0 
5800 12945 54 64 9821 12454 12844 11307 0 1 
5900 13025 46 56 9787 12411 12808 11294 0 0 
6000 13027 54 50 9660 12277 12719 11251 0 1 
6100 13000 42 74 9726 12409 12724 11348 0 2 
6200 12973 54 59 9833 12394 12829 11372 0 0 
6300 12963 51 41 9717 12385 12743 11280 0 0 
6400 13107 59 34 9852 12386 12864 11339 0 0 
6500 12978 64 35 9716 12426 12809 11328 0 0 
6600 12990 65 27 9726 12361 12778 11327 0 0 
6700 13052 52 28 9779 12485 12773 11318 0 0 
6800 13083 54 38 9872 12413 12792 11380 0 0 
6900 13097 47 50 9676 12425 12755 11226 0 0 
7000 13139 50 36 9744 12454 12655 11309 0 0 
7100 13121 56 38 9980 12561 12822 11472 0 0 
7200 13058 50 18 9802 12366 12788 11352 0 0 
7300 13027 48 37 9979 12528 12767 11384 0 0 
7400 12957 51 46 9892 12405 12776 11373 0 0 
7500 12994 59 26 9783 12436 12825 11298 0 0 
7600 12983 68 28 9790 12382 12771 11333 0 0 
7700 13026 43 37 9706 12350 12735 11256 0 0 
7800 13094 55 46 9717 12340 12823 11299 0 0 
7900 13039 71 26 9856 12399 12804 11428 0 0 
8000 13083 60 35 9938 12434 12745 11413 0 1 
8100 13052 62 39 9904 12456 12786 11408 0 0 
8200 13028 42 34 9806 12409 12780 11368 0 0 
8300 13014 62 32 9898 12335 12877 11312 0 0 
8400 13037 59 41 9909 12411 12826 11368 0 0 
8500 13039 44 39 9992 12482 12809 11410 0 0 
8600 13085 54 30 9822 12351 12880 11374 0 0 
8700 13027 61 29 9829 12376 12847 11327 0 0 
8800 13027 67 52 9883 12463 12785 11420 0 0 
8900 12939 61 57 9928 12414 12791 11431 0 0 
9000 12905 67 45 9832 12461 12811 11314 0 0 
9100 13011 61 30 9892 12402 12867 11360 0 0 
9200 12873 63 44 9739 12347 12879 11280 0 0 
9300 12939 52 33 9849 12379 12837 11306 0 0 
9400 13094 60 32 9793 12400 12719 11372 0 0 
9500 13101 45 30 9961 12447 12821 11371 0 0 
9600 13071 54 31 9875 12455 12855 11364 0 0 
9700 13114 64 27 9954 12519 12927 11459 0 0 
9800 13010 47 26 9994 12395 12811 11376 0 0 
9900 13071 49 41 9878 12517 12790 11428 0 0 
10000 13077 42 21 9872 12441 12831 11381 0 0 
