# Avida tasks data
# Thu Apr 20 21:47:10 2023
# First column gives the current update, next columns give the number
# of organisms that have the particular task as a component of their merit
#  1: Update
#  2: Not
#  3: Nand
#  4: And
#  5: OrNot
#  6: Or
#  7: AndNot
#  8: Nor
#  9: Xor
# 10: Equals

0 0 0 0 0 0 0 0 0 0 
100 0 0 0 0 0 0 0 0 0 
200 0 0 0 0 0 0 0 0 0 
300 0 0 0 0 0 0 0 0 0 
400 0 0 0 0 0 0 0 0 0 
500 296 63 0 1 0 0 0 0 0 
600 2385 2167 0 232 0 0 0 0 0 
700 4711 4530 40 1490 5 0 0 0 0 
800 7133 6962 115 3145 10 2 0 0 0 
900 9463 9404 123 5101 26 7 0 0 0 
1000 10868 10767 149 6643 14 3 1 0 0 
1100 11391 11293 143 7742 18 1 0 0 0 
1200 11836 11716 177 8656 26 4 0 0 0 
1300 12161 12134 249 9547 46 2 0 0 0 
1400 12470 12400 288 10358 49 2 0 0 0 
1500 12618 12630 257 10924 39 7 19 0 0 
1600 12797 12726 321 11455 57 5 30 0 0 
1700 12918 12843 312 11590 37 7 757 0 0 
1800 12921 12852 245 11768 64 17 2429 0 0 
1900 12876 12811 121 12071 82 25 3903 0 0 
2000 12905 12760 63 12125 89 299 5311 0 0 
2100 12958 12732 25 12260 89 1359 6591 0 0 
2200 13007 12768 34 12372 74 2191 7584 0 0 
2300 13007 12841 27 12491 65 3074 8673 0 0 
2400 13070 12737 45 12456 43 4071 9401 0 0 
2500 13116 12698 43 12435 63 5065 10038 0 0 
2600 13126 12693 37 12535 115 5984 10400 0 1 
2700 13158 12698 103 12410 258 6929 10847 0 0 
2800 13132 12694 301 12582 628 7650 11125 0 0 
2900 13122 12732 1444 12703 1584 8393 11324 0 0 
3000 13054 12654 2919 12646 2830 8847 11434 0 0 
3100 13212 12794 4455 12769 4212 9528 11650 0 0 
3200 13196 12794 5939 12775 5450 9796 11666 0 0 
3300 13163 12849 7234 12784 6532 10223 11785 0 0 
3400 13208 12845 8378 12831 7524 10715 11691 0 1 
3500 13243 12810 9296 12779 8454 10952 11789 0 0 
3600 13250 12881 10137 12795 9136 11197 11789 0 0 
3700 13298 12853 10711 12838 9697 11397 11842 0 1 
3800 13272 12931 11195 12850 10106 11522 11831 0 0 
3900 13237 12895 11596 12915 10441 11487 11924 0 0 
4000 13226 12919 11884 12951 10644 11479 11840 0 0 
4100 13270 12971 12116 12907 10747 11568 11898 0 0 
4200 13284 12897 12227 12901 10883 11557 11859 0 0 
4300 13292 12902 12212 12843 10880 11635 11936 0 0 
4400 13293 12955 12243 12942 10925 11683 11967 2 0 
4500 13404 12960 12182 12966 11087 11784 12003 0 0 
4600 13379 12945 12130 12988 10889 11604 11974 0 0 
4700 13322 13032 12209 13047 10996 11712 11878 0 3 
4800 13292 12892 12173 12999 10819 11637 11843 0 1 
4900 13347 12963 12217 12981 11022 11741 11996 0 0 
5000 13289 12919 12117 13002 10876 11630 11852 0 0 
5100 13320 12945 12214 12966 10949 11652 11839 0 0 
5200 13379 12964 12135 12979 10988 11640 11987 0 1 
5300 13358 13016 12200 13060 11093 11790 12079 0 0 
5400 13314 12970 12135 13023 10972 11775 11957 0 0 
5500 13319 12976 12203 13030 11087 11744 11989 0 1 
5600 13327 12989 12215 12990 11043 11687 11996 0 1 
5700 13374 13003 12201 13082 11108 11811 12054 0 2 
5800 13296 13016 12365 13089 11159 11815 12078 0 0 
5900 13359 13061 12308 13032 10991 11854 12027 2 0 
6000 13420 13040 12246 12958 11058 11792 11932 0 0 
6100 13396 13022 12215 13016 11115 11810 11982 0 1 
6200 13419 13018 12251 12964 11108 11804 12010 0 0 
6300 13363 13013 12311 13120 11108 11813 12080 0 0 
6400 13423 12982 12240 12958 11167 11838 12056 0 0 
6500 13433 13154 12344 13159 11306 11978 12230 2 0 
6600 13439 13093 12346 13084 11131 11844 12119 0 1 
6700 13307 13003 12232 13027 11056 11801 11995 0 0 
6800 13376 13092 12286 13131 11203 11895 12080 0 1 
6900 13372 12988 12255 13072 11150 11862 12045 0 2 
7000 13386 13030 12308 13066 11069 11810 12069 0 0 
7100 13316 12990 12165 13037 10997 11724 12018 0 1 
7200 13337 13007 12142 13037 11217 11920 12117 0 0 
7300 13376 13043 12184 13093 11128 11861 12112 0 0 
7400 13409 12968 12139 13071 11201 11909 12055 0 1 
7500 13304 13040 12231 13085 11185 11846 12085 0 2 
7600 13459 13073 12304 13147 11310 11965 12152 0 0 
7700 13377 13029 12215 13092 11103 11870 12013 0 0 
7800 13386 13074 12261 13073 11240 11945 12134 0 1 
7900 13340 13061 12284 13159 11299 11931 12120 0 0 
8000 13361 13193 12424 13212 11446 12066 12196 0 1 
8100 13375 13116 12359 13148 11223 11861 12150 1 0 
8200 13257 12961 12118 13069 11073 11711 12013 2 0 
8300 13342 13059 12257 13103 11196 11870 12210 58 2 
8400 13246 13048 12261 13047 10984 11810 12092 174 0 
8500 13302 13019 12274 12997 10754 11852 11979 362 0 
8600 13372 12985 12207 13051 10502 11806 11996 612 0 
8700 13407 13075 12210 13126 10311 11956 12176 968 2 
8800 13301 13006 12229 13027 9771 11843 12098 1399 0 
8900 13303 12978 12115 12997 9081 11786 11968 1970 1 
9000 13300 13008 12193 13094 8607 11856 12054 2591 2 
9100 13331 12966 12158 13047 7833 11755 11996 3152 0 
9200 13261 12970 12068 13053 7255 11770 11970 3755 1 
9300 13262 13024 12072 13066 6716 11890 12100 4445 0 
9400 13301 13099 12194 13058 6001 11995 12159 5239 0 
9500 13315 13023 12079 13083 5278 11858 12105 5850 0 
9600 13341 12978 12058 13096 4600 11752 12097 6462 1 
9700 13315 13073 12134 13050 3891 11809 12117 7219 1 
9800 13281 13103 12207 13137 3286 11875 12149 7868 1 
9900 13287 13003 12068 13141 2551 11898 12093 8508 0 
10000 13253 13037 12111 13125 1922 11787 12096 9088 0 
