# Avida tasks data
# Thu Apr 20 12:58:03 2023
# First column gives the current update, next columns give the number
# of organisms that have the particular task as a component of their merit
#  1: Update
#  2: Not
#  3: Nand
#  4: And
#  5: OrNot
#  6: Or
#  7: AndNot
#  8: Nor
#  9: Xor
# 10: Equals

0 0 0 0 0 0 0 0 0 0 
100 0 0 0 0 0 0 0 0 0 
200 0 0 0 0 0 0 0 0 0 
300 0 0 0 0 0 0 0 0 0 
400 0 0 0 0 0 0 0 0 0 
500 0 0 0 0 0 0 0 0 0 
600 0 2 0 0 0 0 0 0 0 
700 0 0 0 0 0 0 0 0 0 
800 0 20 0 0 0 0 0 0 0 
900 2 48 0 19 0 0 0 0 0 
1000 97 84 0 233 0 0 0 0 0 
1100 262 334 0 769 0 0 0 0 0 
1200 912 671 15 1111 0 0 0 0 0 
1300 913 667 15 1116 0 0 0 0 0 
1400 913 667 15 1117 0 0 0 0 0 
1500 912 667 15 1116 0 0 0 0 0 
1600 913 667 15 1117 0 0 0 0 0 
1700 912 665 15 1117 0 0 0 0 0 
1800 911 665 15 1116 0 0 0 0 0 
1900 913 666 15 1119 0 0 0 0 0 
2000 910 666 15 1118 0 0 0 0 0 
2100 910 666 15 1118 0 0 0 0 0 
2200 909 670 15 1117 0 0 0 0 0 
2300 910 671 15 1117 0 0 0 0 0 
2400 909 670 15 1117 0 0 0 0 0 
2500 910 671 15 1117 0 0 0 0 0 
2600 910 671 15 1117 0 0 0 0 0 
2700 908 670 15 1117 0 0 0 0 0 
2800 908 671 15 1117 0 0 0 0 0 
2900 908 671 15 1117 0 0 0 0 0 
3000 907 670 15 1117 0 0 0 0 0 
3100 908 671 15 1117 0 0 0 0 0 
3200 908 670 15 1117 0 0 0 0 0 
3300 908 670 15 1117 0 0 0 0 0 
3400 940 650 15 1082 0 0 0 0 0 
3500 939 650 15 1082 0 0 0 0 0 
3600 939 650 15 1082 0 0 0 0 0 
3700 939 650 15 1082 0 0 0 0 0 
3800 939 650 15 1082 0 0 0 0 0 
3900 938 650 15 1081 0 0 0 0 0 
4000 936 650 15 1080 0 0 0 0 0 
4100 936 650 15 1080 0 0 0 0 0 
4200 936 650 15 1080 0 0 0 0 0 
4300 936 650 15 1080 0 0 0 0 0 
4400 936 650 15 1080 0 0 0 0 0 
4500 936 650 15 1080 0 0 0 0 0 
