# Avida tasks data
# Fri Apr 21 01:59:34 2023
# First column gives the current update, next columns give the number
# of organisms that have the particular task as a component of their merit
#  1: Update
#  2: Not
#  3: Nand
#  4: And
#  5: OrNot
#  6: Or
#  7: AndNot
#  8: Nor
#  9: Xor
# 10: Equals

0 0 0 0 0 0 0 0 0 0 
100 0 0 0 0 0 0 0 0 0 
200 0 0 0 0 0 0 0 0 0 
300 0 0 0 0 0 0 0 0 0 
400 94 0 0 0 0 0 0 0 0 
500 1155 65 0 45 0 0 0 0 0 
600 2235 815 11 52 0 506 8 0 0 
700 3321 2001 15 55 0 1679 9 0 0 
800 4316 3056 32 70 0 2769 22 0 0 
900 5523 4347 22 100 0 4119 32 0 0 
1000 6840 5762 40 116 0 5542 37 0 0 
1100 8449 7386 43 127 0 7123 54 0 0 
1200 9838 8787 64 148 0 8604 47 0 0 
1300 11018 10056 81 178 0 9934 60 0 0 
1400 11834 10958 75 192 1 10644 64 0 0 
1500 12333 11753 98 228 0 11458 77 0 0 
1600 12758 12278 80 276 1 12042 73 0 0 
1700 12935 12593 117 326 0 12368 75 0 0 
1800 12870 12683 185 464 1 12377 70 0 0 
1900 12995 12741 290 713 2 12474 70 0 0 
2000 12913 12873 402 1040 3 12513 50 0 0 
2100 12876 12804 465 1667 19 12466 80 0 0 
2200 12914 12913 565 2257 88 12432 137 0 0 
2300 12951 12935 616 2630 300 12210 338 0 0 
2400 12974 13061 737 3027 500 11980 563 0 0 
2500 12988 13027 679 3439 901 11643 937 0 0 
2600 13018 13093 622 4302 1927 11187 1202 0 0 
2700 13021 13195 739 5674 3711 10969 1536 0 0 
2800 13093 13288 1084 6513 5017 10913 1692 0 0 
2900 13107 13318 1517 7300 6249 10814 1781 0 0 
3000 13126 13276 1958 7976 7030 10864 1719 0 0 
3100 13054 13348 2416 8465 7720 11009 1632 0 0 
3200 13019 13373 3006 9041 8353 11062 1572 0 0 
3300 13114 13449 3458 9536 9018 11216 1476 0 0 
3400 12983 13452 4120 9823 9530 11322 1375 0 0 
3500 13076 13507 4694 10295 10092 11549 1251 0 0 
3600 12994 13399 5120 10480 10549 11698 1118 0 0 
3700 12920 13432 5646 10890 10857 11770 1017 0 0 
3800 13039 13457 6105 11257 11228 11970 880 0 0 
3900 13063 13500 6643 11545 11564 12157 748 0 0 
4000 13025 13503 7243 11805 11663 12269 597 0 0 
4100 13120 13500 7977 12078 12053 12492 494 4 0 
4200 13115 13514 8463 12289 12166 12594 375 1 0 
4300 13180 13504 8850 12317 12339 12581 299 0 0 
4400 13108 13578 9356 12487 12332 12737 259 0 0 
4500 13142 13619 9821 12558 12441 12758 209 0 0 
4600 13090 13566 10162 12638 12486 12809 154 0 0 
4700 13117 13595 10499 12750 12644 12831 154 0 0 
4800 13054 13586 10900 12875 12634 12929 181 2 0 
4900 13162 13619 11258 12945 12787 12952 251 3 0 
5000 13163 13539 11355 12959 12831 12984 375 4 0 
5100 13209 13557 11165 13031 12853 12831 580 1 0 
5200 13203 13626 10972 13092 12808 12874 941 0 0 
5300 13187 13600 10765 13059 12867 12902 1327 0 0 
5400 13204 13545 10380 13074 12823 12759 1750 0 0 
5500 13241 13547 10060 13000 12845 12762 2245 0 0 
5600 13233 13513 9531 13063 12788 12695 2776 0 0 
5700 13299 13537 8904 13004 12830 12607 3386 0 0 
5800 13286 13556 8285 12976 12851 12589 4058 0 0 
5900 13330 13487 7500 12868 12805 12404 4741 0 0 
6000 13374 13543 6549 12952 12821 12430 5664 1 0 
6100 13453 13528 5802 12983 12792 12337 6370 0 0 
6200 13426 13522 5112 12955 12784 12320 7129 0 0 
6300 13448 13525 4466 12934 12809 12166 7656 0 0 
6400 13473 13599 3998 13068 12811 12131 8133 0 0 
6500 13471 13489 3441 12876 12784 12110 8732 0 0 
6600 13430 13492 2880 12901 12839 12028 9288 0 0 
6700 13412 13581 2384 12962 12672 12027 9668 0 0 
6800 13454 13531 2047 12938 12670 11941 10025 0 0 
6900 13485 13562 1755 13054 12732 11953 10352 0 0 
7000 13421 13559 1490 12974 12716 11877 10593 0 0 
7100 13480 13484 1346 12909 12750 11819 10749 0 0 
7200 13563 13516 1180 12934 12818 11980 11043 0 0 
7300 13468 13544 970 12996 12774 11955 11162 0 0 
7400 13492 13531 815 12901 12786 11861 11253 0 0 
7500 13491 13533 682 12959 12729 11873 11390 0 0 
7600 13411 13544 583 12893 12698 11758 11490 0 0 
7700 13457 13501 474 12862 12722 11770 11542 0 0 
7800 13464 13502 447 12924 12725 11849 11629 0 0 
7900 13486 13560 365 12957 12694 11856 11720 0 0 
8000 13551 13537 322 12900 12651 11809 11673 0 0 
8100 13536 13440 300 12866 12694 11852 11669 0 0 
8200 13519 13520 331 12986 12632 11709 11635 0 0 
8300 13437 13495 317 12977 12699 11752 11602 0 0 
8400 13543 13534 299 12833 12753 11811 11716 0 0 
8500 13503 13567 320 13008 12723 11837 11723 0 0 
8600 13571 13521 301 12960 12681 11844 11649 0 0 
8700 13582 13572 337 13055 12704 11860 11676 0 0 
8800 13555 13580 272 13003 12698 11947 11753 0 0 
8900 13562 13552 265 13017 12743 11919 11853 0 0 
9000 13579 13547 310 12931 12791 11927 11794 0 0 
9100 13510 13542 325 12947 12718 11838 11691 0 0 
9200 13505 13611 319 12994 12746 11829 11653 0 0 
9300 13615 13528 276 12885 12786 11922 11763 0 0 
9400 13550 13543 298 12959 12661 11901 11709 0 0 
9500 13606 13519 290 12901 12782 11892 11759 0 0 
9600 13614 13583 269 12980 12785 12014 11825 0 0 
9700 13557 13560 310 13035 12750 11948 11799 0 0 
9800 13510 13575 306 12984 12724 11928 11685 0 0 
9900 13607 13490 309 12977 12826 11954 11690 0 0 
10000 13564 13540 277 13026 12823 11971 11726 0 0 
