# Avida tasks data
# Thu Apr 20 20:44:37 2023
# First column gives the current update, next columns give the number
# of organisms that have the particular task as a component of their merit
#  1: Update
#  2: Not
#  3: Nand
#  4: And
#  5: OrNot
#  6: Or
#  7: AndNot
#  8: Nor
#  9: Xor
# 10: Equals

0 0 0 0 0 0 0 0 0 0 
100 0 0 0 0 0 0 0 0 0 
200 0 0 0 0 0 0 0 0 0 
300 2 0 0 0 0 0 0 0 0 
400 0 0 0 0 0 0 0 0 0 
500 20 243 0 718 0 0 0 0 0 
600 114 2555 19 2895 0 0 0 0 0 
700 280 4544 90 4805 0 3 0 0 0 
800 355 5576 87 5862 2 2 2 0 0 
900 372 5795 88 6096 2 2 2 0 0 
1000 405 6661 105 6972 2 3 2 0 0 
1100 448 8424 94 8745 1 1 4 0 0 
1200 490 8823 139 9152 5 4 4 0 0 
1300 539 8963 223 9300 5 5 4 0 0 
1400 538 8964 223 9300 5 5 4 0 0 
1500 536 9047 321 9389 4 8 3 0 0 
1600 654 9105 381 9437 6 3 2 0 0 
1700 557 9973 378 10333 5 3 0 0 0 
1800 557 10190 371 10562 5 3 0 0 0 
1900 605 10222 372 10603 5 3 0 0 0 
2000 841 10214 372 10604 7 3 0 0 0 
2100 842 10211 372 10601 7 3 0 0 0 
2200 842 10211 372 10601 7 3 0 0 0 
2300 843 10210 372 10600 7 3 0 0 0 
2400 843 10210 372 10600 7 3 0 0 0 
2500 860 10209 371 10604 7 3 0 0 0 
2600 939 10214 371 10605 5 3 0 0 0 
2700 938 10211 371 10601 5 3 0 0 0 
2800 937 10208 371 10598 5 3 0 0 0 
2900 1002 10207 371 10600 5 3 0 0 0 
3000 1001 10206 371 10599 5 3 0 0 0 
3100 1002 10207 371 10600 5 3 0 0 0 
3200 1002 10207 371 10600 5 3 0 0 0 
3300 1002 10207 371 10600 5 3 0 0 0 
3400 1002 10206 371 10599 5 3 0 0 0 
3500 1002 10206 371 10599 5 3 0 0 0 
3600 1002 10206 371 10599 5 3 0 0 0 
3700 1002 10206 371 10599 5 3 0 0 0 
3800 1002 10206 371 10599 5 3 0 0 0 
3900 1002 10206 371 10599 5 3 0 0 0 
4000 1002 10206 371 10599 5 3 0 0 0 
4100 1002 10206 371 10599 5 3 0 0 0 
4200 1002 10206 371 10599 5 3 0 0 0 
4300 1002 10206 371 10599 5 3 0 0 0 
4400 1002 10206 371 10599 5 3 0 0 0 
4500 1002 10206 371 10599 5 3 0 0 0 
4600 1002 10206 371 10599 5 3 0 0 0 
4700 1002 10206 371 10599 5 3 0 0 0 
4800 1002 10206 371 10599 5 3 0 0 0 
4900 1002 10206 371 10599 5 3 0 0 0 
5000 1002 10206 371 10599 5 3 0 0 0 
5100 1002 10206 371 10599 5 3 0 0 0 
5200 1002 10206 371 10599 5 3 0 0 0 
5300 1002 10206 371 10599 5 3 0 0 0 
5400 1001 10204 371 10597 5 3 0 0 0 
5500 1001 10204 371 10597 5 3 0 0 0 
5600 1001 10204 371 10597 5 3 0 0 0 
5700 1000 10203 371 10596 5 3 0 0 0 
5800 1000 10203 371 10596 5 3 0 0 0 
5900 1000 10203 371 10596 5 3 0 0 0 
6000 1000 10203 371 10596 5 3 0 0 0 
6100 1000 10203 371 10596 5 3 0 0 0 
6200 999 10202 371 10595 5 3 0 0 0 
6300 999 10201 371 10594 5 3 0 0 0 
6400 1000 10202 371 10595 5 3 0 0 0 
6500 1094 10204 370 10590 5 3 0 0 0 
6600 1314 10205 372 10589 10 3 0 0 0 
6700 1282 10188 370 10578 7 3 0 0 0 
6800 1500 10174 372 10567 10 4 0 0 0 
6900 1766 10153 1179 10551 10 5 0 0 0 
7000 2317 10209 1770 10641 10 28 0 0 0 
7100 2880 10370 2284 10823 7 44 0 0 0 
7200 3356 10485 2778 10965 7 57 0 0 0 
7300 3833 10654 3215 11133 6 77 0 0 0 
7400 4132 10651 3505 11138 7 86 0 0 0 
7500 4356 10630 3683 11131 7 99 3 0 0 
7600 4543 10629 3821 11120 5 114 0 0 0 
7700 4758 10597 3957 11118 6 121 0 0 0 
7800 4930 10612 4120 11132 7 122 1 0 0 
7900 5002 10612 4197 11135 9 120 1 0 0 
8000 5037 10638 4217 11140 6 115 1 0 0 
8100 5059 10674 4264 11159 6 106 1 0 0 
8200 5148 10683 4348 11152 6 116 1 0 0 
8300 5208 10681 4407 11145 6 112 1 0 0 
8400 5664 10669 4855 11134 5 151 1 0 0 
8500 6069 10668 5255 11134 6 163 1 0 0 
8600 6383 10657 5560 11141 4 183 1 0 0 
8700 6722 10710 5895 11207 3 215 1 0 0 
8800 6973 10760 6169 11252 3 201 1 0 0 
8900 7171 10796 6327 11298 3 242 1 0 0 
9000 7364 10848 6561 11357 6 247 1 0 0 
9100 7562 10915 6777 11430 10 224 1 0 0 
9200 7700 10935 6929 11442 6 249 1 0 0 
9300 7863 10972 7094 11475 3 265 1 0 0 
9400 7992 10970 7170 11498 5 300 1 0 0 
9500 8124 10977 7288 11512 9 317 1 0 0 
9600 8228 11053 7430 11560 9 339 1 0 0 
9700 8378 11057 7593 11561 9 350 1 0 0 
9800 8578 11067 7780 11585 9 371 1 0 0 
9900 8747 11067 7915 11607 12 391 1 0 0 
10000 8913 11100 8086 11625 10 407 1 0 0 
