# Avida tasks data
# Thu Apr 20 14:41:52 2023
# First column gives the current update, next columns give the number
# of organisms that have the particular task as a component of their merit
#  1: Update
#  2: Not
#  3: Nand
#  4: And
#  5: OrNot
#  6: Or
#  7: AndNot
#  8: Nor
#  9: Xor
# 10: Equals

0 0 0 0 0 0 0 0 0 0 
100 0 0 0 0 0 0 0 0 0 
200 0 0 0 0 0 0 0 0 0 
300 0 0 0 0 0 0 0 0 0 
400 0 0 0 0 0 0 0 0 0 
500 0 0 0 0 0 0 0 0 0 
600 0 0 0 0 0 0 0 0 0 
700 0 4 0 0 0 0 0 0 0 
800 6 7 0 0 0 0 0 0 0 
900 61 35 0 0 0 0 0 0 0 
1000 198 65 0 41 0 0 0 0 0 
1100 777 398 1187 1270 0 31 0 0 0 
1200 2679 2055 3423 3487 0 68 0 0 0 
1300 4020 3163 4864 4920 4 864 0 34 0 
1400 4625 3110 5714 5794 29 800 0 1664 5 
1500 5130 3781 6262 6384 22 680 0 3537 2 
1600 5683 4639 6739 6904 26 576 1 5004 3 
1700 6543 5717 7569 7770 14 635 2 6278 0 
1800 8017 7007 8968 9167 29 1091 5 7868 3 
1900 9340 8149 10153 10339 14 1596 4 9106 2 
2000 10186 8787 11073 11263 21 2243 12 10066 0 
2100 10920 9089 11795 12080 15 2807 11 10877 0 
2200 11332 9156 12134 12415 11 3411 21 11158 1 
2300 11508 8892 12444 12682 16 4138 9 11511 0 
2400 11590 8572 12598 12876 29 4782 15 11693 2 
2500 11597 8131 12562 12880 20 5711 33 11774 0 
2600 11720 7598 12550 12870 22 6575 39 11750 0 
2700 11855 7203 12687 12957 18 7527 30 11901 0 
2800 12048 6659 12515 12840 21 8488 28 11719 0 
2900 12201 6406 12677 12902 28 9394 31 11892 0 
3000 12261 6240 12672 12879 20 10198 32 11966 1 
3100 12277 6225 12550 12802 18 10854 40 11825 0 
3200 12395 6372 12577 12805 30 11273 28 11833 0 
3300 12437 6754 12633 12814 24 11756 48 11814 0 
3400 12326 6908 12552 12808 20 12201 53 11869 0 
3500 12472 7361 12634 12846 31 12487 36 11901 0 
3600 12465 7761 12681 12909 25 12640 109 12015 0 
3700 12590 8056 12723 12982 24 12595 345 12013 0 
3800 12561 8123 12654 12889 23 12446 661 11984 0 
3900 12469 8267 12599 12866 18 12154 1071 11907 0 
4000 12755 8523 12723 12949 29 11782 1483 11974 0 
4100 12771 8453 12683 12874 11 11253 1918 11934 0 
4200 12856 8631 12733 12924 14 10793 2433 11958 0 
4300 12943 8711 12687 12910 16 10173 2987 11878 0 
4400 13043 8856 12675 12930 26 9578 3695 11975 0 
4500 13049 8739 12662 12883 32 8953 4242 11892 0 
4600 13114 8749 12700 12936 43 8404 4829 12025 1 
4700 13247 8893 12690 12915 32 7788 5399 11927 2 
4800 13198 9202 12747 12960 27 7235 5985 12074 1 
4900 13171 9326 12698 12907 17 6704 6477 11966 0 
5000 13265 9498 12738 13031 25 6186 6991 12071 0 
5100 13261 9806 12742 12978 17 5656 7549 12043 0 
5200 13254 10100 12633 12941 21 5108 8125 11956 0 
5300 13385 10288 12697 13026 21 4482 8687 12063 0 
5400 13490 10559 12657 12928 25 3917 9308 11965 4 
5500 13491 10716 12639 12917 16 3366 9775 11944 0 
5600 13438 11247 12719 12973 41 2893 10268 11994 0 
5700 13552 11500 12744 12956 22 2440 10712 11988 2 
5800 13565 11769 12591 12892 23 2122 11052 11846 0 
5900 13556 11886 12666 12962 34 1709 11472 11980 2 
6000 13699 12137 12738 13043 24 1352 11812 12085 0 
6100 13632 12197 12645 12926 17 1265 11985 11934 0 
6200 13700 12334 12698 13007 21 1098 12213 12018 0 
6300 13683 12340 12610 12885 23 1090 12357 11858 0 
6400 13683 12259 12600 12944 23 1138 12511 11923 0 
6500 13681 12168 12693 13003 16 1108 12653 11982 4 
6600 13676 11947 12679 12952 9 1170 12770 11950 0 
6700 13672 11700 12727 13003 12 1491 12730 12007 1 
6800 13678 11577 12672 12909 12 1766 12796 12008 0 
6900 13709 11146 12658 12962 12 2230 12888 12010 1 
7000 13704 10602 12642 12885 26 2715 12835 11960 1 
7100 13682 10387 12669 12874 12 3081 12876 11972 0 
7200 13667 10349 12714 12974 21 3434 12759 11992 0 
7300 13582 10102 12747 12964 22 3902 12734 12054 1 
7400 13637 9986 12734 12978 10 4343 12790 12056 0 
7500 13670 10008 12650 12947 24 4845 12789 12020 0 
7600 13593 10048 12768 12990 16 5427 12736 12117 0 
7700 13642 10000 12738 13035 19 5949 12815 12073 0 
7800 13587 10109 12724 13032 15 6524 12759 12037 0 
7900 13620 10071 12666 12959 15 7176 12766 11987 0 
8000 13638 10299 12666 12993 7 7779 12748 12001 0 
8100 13619 10630 12711 12982 21 8467 12832 12065 1 
8200 13537 10781 12691 12967 9 9068 12764 11971 0 
8300 13600 10959 12682 12985 16 9789 12836 11979 0 
8400 13588 10949 12700 12981 6 10352 12823 12016 0 
8500 13546 11039 12639 12887 10 11040 12848 11897 0 
8600 13568 11135 12674 12985 21 11670 12848 12028 0 
8700 13605 11197 12726 13042 16 12063 12862 12077 0 
8800 13597 11326 12628 12964 28 12342 12877 11994 1 
8900 13586 11387 12619 12927 17 12604 12816 11878 0 
9000 13644 11422 12644 12995 8 12694 12895 12004 0 
9100 13566 11545 12717 12963 19 12834 12817 11975 0 
9200 13592 11766 12646 12965 20 12909 12841 11983 0 
9300 13511 11762 12685 12992 25 12886 12781 11976 2 
9400 13634 12019 12716 12968 26 12973 12814 12085 0 
9500 13627 11961 12650 12937 15 13043 12804 11949 0 
9600 13554 12140 12600 12904 20 13123 12812 11945 1 
9700 13656 12227 12656 12965 22 13069 12949 12002 0 
9800 13662 12276 12665 13000 22 13058 12850 12013 0 
9900 13688 12342 12743 12994 28 12922 12829 12057 2 
10000 13659 12346 12701 13028 24 12982 12894 12053 0 
