# Avida tasks data
# Thu Apr 20 16:11:16 2023
# First column gives the current update, next columns give the number
# of organisms that have the particular task as a component of their merit
#  1: Update
#  2: Not
#  3: Nand
#  4: And
#  5: OrNot
#  6: Or
#  7: AndNot
#  8: Nor
#  9: Xor
# 10: Equals

0 0 0 0 0 0 0 0 0 0 
100 0 0 0 0 0 0 0 0 0 
200 0 0 0 0 0 0 0 0 0 
300 0 0 0 0 0 0 0 0 0 
400 0 0 0 0 0 0 0 0 0 
500 0 0 0 0 0 0 0 0 0 
600 6 0 0 0 0 0 0 0 0 
700 65 0 0 0 0 0 0 0 0 
800 193 2 0 0 0 0 0 0 0 
900 251 100 125 0 0 0 0 0 0 
1000 139 1607 2174 2468 0 8 0 0 0 
1100 1193 3256 3478 3965 0 38 0 0 0 
1200 2454 4708 4738 5351 3 420 0 0 0 
1300 3062 6173 5984 6665 5 1335 0 0 0 
1400 3787 7178 6887 7781 1 2242 0 0 0 
1500 4601 8162 7740 8680 2 3177 193 0 0 
1600 5202 8963 8484 9492 7 3931 622 0 0 
1700 5773 9930 9397 10530 4 4692 1250 0 0 
1800 6556 10709 10136 11458 72 5462 1830 0 0 
1900 7263 11267 10631 11877 124 6023 2142 269 0 
2000 8181 11468 10771 12013 135 6452 2327 1515 0 
2100 9010 11758 10954 12241 112 6879 2327 2750 0 
2200 9705 11947 11157 12491 149 7474 2167 3894 0 
2300 10313 12181 11283 12648 140 8060 1826 5026 0 
2400 11005 12464 11393 12778 171 8819 1436 6178 0 
2500 11650 12689 11542 12844 182 9654 1063 7452 0 
2600 12100 12872 11641 12956 187 10246 739 8402 0 
2700 12311 12973 11641 12895 206 10679 523 9061 0 
2800 12368 13098 11713 13064 233 11075 329 9703 0 
2900 12439 13145 11678 13041 247 11165 214 10068 0 
3000 12598 13210 11730 13102 219 11323 94 10447 0 
3100 12618 13237 11628 13041 240 11344 55 10495 0 
3200 12640 13296 11769 13098 223 11432 42 10780 0 
3300 12636 13258 11797 13093 244 11522 24 10812 0 
3400 12578 13310 11633 13008 276 11403 11 10700 0 
3500 12636 13297 11822 13176 231 11524 11 10959 5 
3600 12630 13401 11803 13150 195 11566 4 10824 191 
3700 12729 13301 11861 13134 207 11599 12 10504 534 
3800 12556 13151 11914 13108 211 11678 41 10956 1785 
3900 12055 13090 11810 13032 231 11554 59 10753 2429 
4000 12178 12152 11721 12995 243 11362 82 10651 2702 
