# Avida tasks data
# Thu Apr 20 10:00:20 2023
# First column gives the current update, next columns give the number
# of organisms that have the particular task as a component of their merit
#  1: Update
#  2: Not
#  3: Nand
#  4: And
#  5: OrNot
#  6: Or
#  7: AndNot
#  8: Nor
#  9: Xor
# 10: Equals

0 0 0 0 0 0 0 0 0 0 
100 0 0 0 0 0 0 0 0 0 
200 0 0 0 0 0 0 0 0 0 
300 0 0 0 0 0 0 0 0 0 
400 2 0 0 0 0 0 0 0 0 
500 0 0 0 0 0 2 0 0 0 
600 0 0 0 0 0 23 0 0 0 
700 7 1 0 0 0 11 0 0 0 
800 7 30 0 8 0 33 0 0 0 
900 30 259 0 73 0 489 0 0 0 
1000 99 774 3 431 860 1768 0 0 0 
1100 779 1514 9 1331 1880 3422 0 0 0 
1200 1064 2873 12 2922 2596 4301 0 0 0 
1300 814 4301 42 4507 3447 4966 0 0 0 
1400 615 5829 62 6048 4792 5999 0 0 0 
1500 347 7204 97 7291 5684 6792 0 1 0 
1600 272 8471 92 8469 6618 7683 3 0 0 
1700 233 10063 103 9999 7834 8962 0 0 0 
1800 181 11300 98 11142 8617 9828 0 0 0 
1900 229 12079 160 12063 9455 10651 0 0 0 
2000 310 12635 152 12702 9934 11204 0 0 0 
2100 407 13006 209 12951 10092 11416 2 0 0 
2200 552 13342 176 13214 10425 11794 0 0 0 
2300 917 13433 229 13336 10454 11894 1 0 0 
2400 1296 13458 307 13282 10520 11939 13 0 0 
2500 1783 13476 307 13294 10309 11814 49 27 0 
2600 2417 13402 528 13273 10372 11984 101 146 5 
2700 2946 13439 809 13293 10218 11953 106 312 4 
2800 3218 13454 1399 13254 9903 11920 171 487 3 
2900 3507 13363 2119 13174 9551 11954 204 775 10 
3000 3368 13363 3142 13192 9163 11913 260 1226 1 
3100 3231 13394 4032 13230 8524 11917 316 1885 4 
3200 2925 13342 4922 13145 7901 11911 352 2411 4 
3300 2548 13353 6036 13217 7187 11934 331 3100 7 
3400 2360 13249 6907 13181 6507 11791 309 3660 5 
3500 2272 13170 7721 13170 5937 11835 277 4334 2 
3600 2165 13125 8621 13309 5289 11939 206 5158 5 
3700 2141 12974 9167 13277 4690 11785 165 5761 11 
3800 2087 12917 9764 13287 4083 11893 106 6514 9 
3900 2170 12924 10218 13268 3562 11992 80 7146 8 
4000 2245 13134 10688 13208 3108 11852 55 7557 7 
4100 2590 13200 10905 13286 2729 11866 12 8153 38 
4200 3150 13149 10716 13242 2581 11851 22 8466 240 
4300 3910 13086 9832 13234 2378 11855 351 8796 652 
4400 4667 12956 8887 13265 2054 11857 858 9072 1104 
4500 5345 12807 7503 13275 1855 11824 1741 9362 1616 
4600 5946 12676 6303 13172 1559 11869 2588 9612 1976 
4700 6329 12819 5272 13254 1272 11849 3310 9838 2444 
4800 6733 12744 4443 13219 1034 11906 4131 9973 2643 
4900 7227 12811 3708 13232 805 11881 4821 10084 2843 
5000 7890 12773 2925 13229 624 11886 5749 10214 2754 
5100 8362 12793 2362 13235 500 11863 6285 10324 2794 
5200 8884 12908 1900 13284 373 11991 7009 10514 2761 
5300 9584 13001 1451 13307 291 11959 7797 10486 2460 
5400 10254 13001 941 13203 189 11922 8549 10539 2390 
5500 10802 12987 566 13292 128 12012 9013 10711 2334 
5600 11237 13065 319 13246 87 11999 9583 10723 2120 
5700 11496 13088 206 13285 84 11960 9915 10664 1966 
5800 11820 13177 104 13285 90 11864 10192 10602 1804 
5900 12155 13295 108 13252 61 11996 10554 10763 1596 
6000 12381 13372 132 13308 74 11951 10728 10793 1318 
6100 12520 13386 89 13253 59 11976 10945 10632 1213 
6200 12701 13427 108 13281 105 11873 11150 10539 988 
6300 12765 13440 93 13249 120 11969 11400 10743 831 
6400 12807 13428 94 13321 210 11958 11505 10677 781 
6500 12827 13207 93 13291 374 11984 11512 10783 737 
6600 12726 13064 97 13269 568 11907 11696 10751 635 
6700 12568 12787 96 13276 765 11904 11624 10688 608 
6800 12202 12543 108 13247 1128 11896 11682 10681 636 
6900 11748 12521 105 13251 1674 12019 11686 10788 628 
7000 11071 12622 95 13228 2406 12001 11707 10759 622 
7100 10324 12894 87 13302 3201 12080 11815 10888 570 
7200 9725 13011 94 13276 3990 12037 11761 10802 549 
7300 9140 13093 66 13259 4682 12110 11939 10891 444 
7400 8640 13104 98 13210 5482 12025 12133 10844 294 
7500 8102 13252 78 13267 6372 12121 12191 10940 208 
7600 7704 13304 55 13247 7261 12091 12253 10893 178 
7700 7264 13203 51 13245 8176 12113 12157 10929 132 
7800 7118 13249 52 13355 9012 12132 12378 11009 84 
7900 7112 13208 62 13247 9535 12187 12355 10917 49 
8000 7102 13079 67 13313 10177 12180 12389 10904 39 
8100 7113 13116 59 13251 10643 12159 12367 10872 35 
8200 7192 13179 65 13374 11116 12281 12420 11168 22 
8300 7162 13110 69 13364 11469 12170 12335 10909 12 
8400 7563 13135 72 13290 11827 12152 12402 10980 8 
8500 7900 13074 56 13272 11944 12182 12337 10950 5 
8600 8213 13058 53 13297 12191 12222 12312 11023 7 
8700 8861 13015 44 13256 12304 12208 12310 10974 2 
8800 9435 13122 45 13367 12484 12282 12375 11103 3 
8900 9890 13099 43 13355 12611 12274 12355 11197 6 
9000 10434 13054 50 13375 12788 12287 12309 11114 9 
9100 10992 13135 53 13312 12757 12273 12437 11106 5 
9200 11471 13142 51 13226 12865 12347 12385 11166 5 
9300 11856 13085 52 13270 12905 12265 12388 11122 0 
9400 12168 13133 57 13233 12849 12238 12338 11152 2 
9500 12392 13142 71 13216 12858 12341 12373 11160 3 
9600 12723 13132 54 13288 12850 12303 12418 11144 2 
9700 12890 13106 45 13237 12864 12232 12334 11037 0 
9800 13003 13123 70 13246 12876 12212 12338 11109 0 
9900 13179 13160 46 13210 12879 12257 12409 11067 0 
10000 13328 13204 92 13228 12837 12316 12430 11062 2 
