# Avida tasks data
# Thu Apr 20 22:47:45 2023
# First column gives the current update, next columns give the number
# of organisms that have the particular task as a component of their merit
#  1: Update
#  2: Not
#  3: Nand
#  4: And
#  5: OrNot
#  6: Or
#  7: AndNot
#  8: Nor
#  9: Xor
# 10: Equals

0 0 0 0 0 0 0 0 0 0 
100 0 0 0 0 0 0 0 0 0 
200 0 0 0 0 0 0 0 0 0 
300 0 0 0 0 0 0 0 0 0 
400 0 0 0 0 0 0 0 0 0 
500 0 362 0 1 0 0 0 0 0 
600 4 740 0 1 0 0 0 0 0 
700 4 736 0 1 0 0 0 0 0 
800 5 825 0 0 0 0 0 0 0 
900 5 826 0 0 0 0 0 0 0 
1000 5 826 0 0 0 0 0 0 0 
1100 5 826 0 0 0 0 0 0 0 
1200 5 827 0 0 0 0 0 0 0 
1300 5 826 0 0 0 0 0 0 0 
1400 5 827 0 0 0 0 0 0 0 
1500 5 826 0 0 0 0 0 0 0 
1600 5 827 0 0 0 0 0 0 0 
1700 5 826 0 0 0 0 0 0 0 
1800 5 827 0 0 0 0 0 0 0 
1900 5 826 0 0 0 0 0 0 0 
2000 5 826 0 0 0 0 0 0 0 
2100 5 827 0 0 0 0 0 0 0 
2200 5 826 0 0 0 0 0 0 0 
2300 5 827 0 0 0 0 0 0 0 
2400 5 826 0 0 0 0 0 0 0 
2500 5 827 0 0 0 0 0 0 0 
2600 5 828 0 0 0 0 0 0 0 
2700 3 915 0 5 0 130 0 0 0 
2800 4 1057 0 6 0 437 0 0 0 
2900 4 1122 0 5 2 529 0 0 0 
3000 7 1219 0 8 0 638 0 0 0 
3100 5 1251 0 6 0 683 0 0 0 
3200 12 1291 0 7 0 722 0 0 0 
3300 12 1307 0 7 0 750 0 0 0 
3400 10 1319 0 9 0 780 0 0 0 
3500 11 1483 0 8 2 907 0 0 0 
3600 16 1552 0 7 2 1019 0 0 0 
3700 46 1884 0 20 2 1393 0 0 0 
3800 56 2304 2 33 0 1834 0 0 0 
3900 56 2304 2 36 0 1830 0 0 0 
4000 62 2543 5 34 0 2135 0 0 0 
4100 78 3315 7 48 5 2801 1 0 0 
4200 108 4182 24 73 19 3495 2 0 0 
4300 134 4842 19 87 22 4128 10 0 0 
4400 120 5020 15 70 19 4252 5 0 0 
4500 107 5034 13 70 19 4267 5 0 0 
4600 104 5046 11 65 13 4310 5 0 0 
4700 93 5076 10 58 10 4357 5 0 0 
4800 93 5268 14 63 9 4544 5 0 0 
4900 97 6403 30 776 15 5604 5 0 0 
5000 122 6867 23 956 15 6088 5 0 0 
5100 115 7184 32 838 16 6420 5 0 0 
5200 109 8151 38 831 17 7384 5 0 0 
5300 116 8908 44 839 16 8139 5 0 0 
5400 114 9595 62 839 18 8822 5 0 0 
5500 116 10334 59 806 21 9565 5 0 0 
5600 120 10844 68 784 18 10068 5 0 0 
5700 104 11178 73 789 14 10424 5 0 0 
5800 100 11506 67 754 16 10777 4 0 0 
5900 105 11899 65 751 14 11199 3 0 0 
6000 105 11925 79 734 16 11244 3 0 0 
6100 96 11938 80 643 16 11267 3 0 0 
6200 95 11943 72 533 15 11270 3 0 0 
6300 95 11949 80 481 16 11316 4 0 0 
6400 97 11974 86 416 15 11341 3 0 0 
6500 93 12041 60 280 13 11427 3 0 0 
6600 96 12148 65 228 13 11549 3 0 0 
6700 94 12308 79 214 13 11736 2 0 0 
6800 95 12377 72 197 13 11803 2 0 0 
6900 95 12377 72 198 13 11803 2 0 0 
7000 95 12377 72 198 13 11803 2 0 0 
7100 95 12377 72 203 13 11803 2 0 0 
7200 95 12376 72 203 13 11802 2 0 0 
7300 95 12377 72 202 13 11803 2 0 0 
7400 95 12377 72 202 13 11803 2 0 0 
7500 106 12452 74 188 13 11876 2 0 0 
7600 105 12471 74 179 13 11919 2 0 0 
7700 832 12507 73 904 13 11948 2 0 0 
