# Avida tasks data
# Thu Apr 20 16:47:21 2023
# First column gives the current update, next columns give the number
# of organisms that have the particular task as a component of their merit
#  1: Update
#  2: Not
#  3: Nand
#  4: And
#  5: OrNot
#  6: Or
#  7: AndNot
#  8: Nor
#  9: Xor
# 10: Equals

0 0 0 0 0 0 0 0 0 0 
100 0 0 0 0 0 0 0 0 0 
200 0 0 0 0 0 0 0 0 0 
300 0 0 0 0 0 0 0 0 0 
400 0 0 0 0 0 0 0 0 0 
500 0 0 0 0 0 0 0 0 0 
600 0 0 0 0 0 0 0 0 0 
700 0 0 0 0 0 0 0 0 0 
800 4 0 0 0 0 0 0 0 0 
900 36 0 0 0 0 0 0 0 0 
1000 97 6 0 1 0 0 0 0 0 
1100 116 1165 0 1935 0 7 0 0 0 
1200 109 3527 0 3766 0 9 0 0 0 
1300 224 4433 2 4538 0 8 0 0 0 
1400 182 4771 2 4871 0 12 0 0 0 
1500 149 5192 2 5293 0 12 0 0 0 
1600 133 5537 2 5614 3 10 0 0 0 
1700 126 5867 3 5938 1 26 0 0 0 
1800 131 5911 2 5977 1 35 0 0 0 
1900 146 6042 2 6110 2 54 0 0 0 
2000 163 6145 5 6211 2 53 0 0 0 
2100 146 6235 3 6286 4 45 0 0 0 
2200 143 6319 3 6361 2 61 0 0 0 
2300 167 6410 2 6486 2 38 0 0 0 
2400 145 6603 6 6664 3 63 0 0 0 
2500 148 6822 2 6889 5 46 0 0 0 
2600 170 6890 2 6927 2 37 1 0 0 
2700 194 7052 2 7100 2 37 0 0 0 
2800 207 7296 2 7337 1 35 0 0 0 
2900 188 7473 0 7497 5 37 0 0 0 
3000 198 7618 2 7652 0 52 0 0 0 
3100 195 7797 0 7828 0 34 0 0 0 
3200 207 8017 2 8039 4 40 0 0 0 
3300 218 8200 0 8218 7 63 1 0 0 
3400 231 8424 0 8428 8 67 0 0 0 
3500 244 8621 0 8625 4 49 0 0 0 
3600 215 8813 4 8824 2 63 0 0 0 
3700 209 8829 2 8862 4 55 0 0 0 
3800 209 8873 2 8924 3 56 0 0 0 
3900 213 8919 2 8972 6 58 0 0 0 
4000 199 8988 2 9046 3 57 0 0 0 
4100 204 9038 2 9096 9 71 0 0 0 
4200 200 9112 4 9163 5 72 0 0 0 
4300 229 8368 3 9163 7 59 0 0 0 
4400 220 7786 3 9239 6 53 1 0 0 
4500 210 7255 3 9322 7 51 0 0 0 
4600 208 6998 3 9453 7 49 0 0 0 
4700 203 6791 3 9614 9 49 0 0 0 
4800 202 6574 3 9736 8 49 0 0 0 
4900 196 6320 3 9900 9 49 0 0 0 
5000 188 6129 3 9972 10 48 0 0 0 
5100 189 5975 3 10058 6 46 0 0 0 
5200 193 5794 3 10139 7 46 0 0 0 
5300 181 5631 3 10214 12 44 0 0 0 
5400 173 5420 3 10313 8 42 0 0 0 
5500 172 5222 3 10411 4 43 0 0 0 
5600 161 5013 3 10497 10 43 0 0 0 
5700 159 4776 3 10592 12 40 0 0 0 
5800 173 4595 3 10653 17 39 0 0 0 
5900 169 4425 3 10698 27 38 0 0 0 
6000 163 4231 3 10768 16 40 0 0 0 
6100 151 4142 3 10794 15 37 0 0 0 
6200 146 4135 3 10800 16 37 0 0 0 
