# Avida tasks data
# Thu Apr 20 14:57:53 2023
# First column gives the current update, next columns give the number
# of organisms that have the particular task as a component of their merit
#  1: Update
#  2: Not
#  3: Nand
#  4: And
#  5: OrNot
#  6: Or
#  7: AndNot
#  8: Nor
#  9: Xor
# 10: Equals

0 0 0 0 0 0 0 0 0 0 
100 0 0 0 0 0 0 0 0 0 
200 0 0 0 0 0 0 0 0 0 
300 0 0 0 0 0 0 0 0 0 
400 0 0 0 0 0 0 0 0 0 
500 11 0 0 0 0 0 0 0 0 
600 17 0 0 0 0 0 0 0 0 
700 43 0 0 0 0 0 0 0 0 
800 130 0 0 0 0 0 0 0 0 
900 181 0 0 0 0 0 0 0 0 
1000 325 31 0 0 0 3 0 0 0 
1100 503 122 0 7 0 0 0 0 0 
1200 606 640 0 958 6 0 0 0 0 
1300 1113 1670 0 2521 462 0 0 0 0 
1400 2305 1946 0 3796 1489 6 4 0 0 
1500 3691 2351 0 5177 2672 3 527 0 0 
1600 5630 4320 1600 6912 2455 17 2673 0 0 
1700 6518 5515 3217 7848 2287 322 4143 0 0 
1800 7825 7018 4713 9183 2220 1624 5593 0 0 
1900 9110 8281 6204 10346 2163 2937 6912 0 0 
2000 9730 9199 7025 11064 2100 3866 7819 0 0 
2100 10081 9879 7833 11583 1929 4914 8520 0 0 
2200 10593 10535 8436 11884 1712 5800 9071 0 0 
2300 10893 10974 8817 12049 1544 6511 9528 0 0 
2400 11169 11468 9453 12276 1237 7365 10078 0 0 
2500 11263 11967 9970 12462 982 7983 10608 0 0 
2600 11577 12325 10311 12528 758 8626 10890 0 0 
2700 11799 12639 10621 12653 712 9202 11270 0 0 
2800 11969 12819 10991 12754 611 9793 11529 0 0 
2900 12091 12960 11216 12761 502 10132 11742 0 0 
3000 12324 12994 11289 12660 442 10275 11822 2 0 
3100 12340 13148 11419 12665 297 10641 11944 1 0 
3200 12459 13371 11622 12755 224 10798 12237 0 0 
3300 12595 13394 11666 12702 186 10805 12239 0 0 
3400 12639 13367 11727 12684 149 10968 12266 0 0 
3500 12755 13459 11763 12728 197 10947 12343 0 0 
3600 12753 13465 11837 12794 173 11019 12379 0 0 
3700 12771 13412 11829 12786 167 11068 12361 0 1 
3800 12772 13408 11816 12763 126 11112 12384 519 0 
3900 12587 13377 11803 12716 122 11154 12273 1863 2 
4000 12387 13338 11779 12719 129 11076 12379 3042 1 
4100 12249 13391 11716 12714 153 11005 12262 4119 0 
4200 12441 13413 11759 12741 135 11113 12370 5301 0 
4300 12374 13421 11676 12660 138 11080 12245 6208 0 
4400 12344 13413 11658 12694 132 11026 12259 6976 0 
4500 12285 13380 11655 12733 120 11031 12304 7781 0 
4600 12328 13396 11643 12696 138 10980 12249 8425 0 
4700 12400 13444 11659 12709 111 11074 12387 8936 0 
4800 12380 13385 11555 12579 97 10990 12202 9205 0 
4900 12473 13317 11503 12570 120 10975 12204 9580 0 
5000 12454 13352 11586 12735 94 11091 12222 10081 0 
5100 12528 13322 11485 12625 104 10964 12230 10129 0 
5200 12506 13336 11556 12651 130 11047 12230 10332 0 
5300 12480 13474 11732 12799 115 11273 12384 10596 0 
5400 12609 13454 11687 12723 98 11224 12379 10665 0 
5500 12775 13392 11625 12735 122 11196 12363 10506 2 
5600 12646 13481 11755 12797 90 11229 12357 10571 0 
5700 12641 13431 11738 12800 108 11274 12386 10598 0 
5800 12708 13469 11628 12725 128 11112 12370 10467 0 
5900 12725 13461 11702 12792 112 11229 12358 10576 0 
6000 12795 13440 11676 12761 134 11155 12324 10560 0 
6100 12835 13396 11725 12776 95 11250 12346 10680 0 
6200 12803 13403 11804 12884 98 11302 12419 10694 0 
6300 12894 13517 11750 12881 128 11366 12512 10765 0 
6400 12919 13462 11721 12833 119 11202 12432 10663 0 
6500 12873 13409 11723 12800 120 11280 12403 10691 1 
6600 12867 13469 11810 12905 89 11380 12444 10818 0 
6700 12821 13414 11792 12899 103 11303 12488 10701 0 
6800 12870 13512 11890 12960 113 11430 12503 10923 0 
6900 12880 13530 11917 12939 73 11388 12485 10818 0 
7000 12874 13495 11755 12862 115 11271 12378 10696 0 
7100 13005 13480 11857 12894 102 11356 12479 10850 0 
7200 12875 13490 11975 13000 98 11520 12584 10986 0 
7300 13067 13489 11860 12893 69 11419 12511 10869 0 
7400 12912 13518 11893 12962 80 11456 12561 10923 0 
7500 13038 13494 11872 12941 101 11405 12444 10877 0 
7600 13086 13606 11964 13071 75 11513 12652 10938 1 
7700 13012 13496 11958 13020 106 11482 12575 10896 0 
7800 13026 13523 11858 12968 78 11408 12528 10882 0 
7900 13033 13505 11907 12991 84 11478 12551 10932 0 
8000 13098 13523 11927 13009 88 11525 12614 11074 2 
8100 13133 13560 11951 13007 75 11443 12589 10909 0 
8200 12966 13503 11913 12988 87 11486 12620 10902 0 
8300 13084 13513 11906 13009 81 11503 12536 10949 0 
8400 13009 13466 11827 12955 85 11398 12562 10893 0 
8500 13019 13502 11909 13010 96 11480 12538 10978 0 
8600 13059 13524 11923 13029 68 11505 12553 10988 0 
8700 13118 13569 11991 13101 83 11568 12692 11047 0 
8800 13187 13543 11904 13085 73 11455 12628 10982 0 
8900 13166 13489 12030 13059 105 11592 12634 11054 4 
9000 13142 13523 11924 13095 118 11484 12585 10966 0 
9100 13165 13453 11935 13118 86 11584 12598 11036 0 
9200 13122 13491 11911 13060 94 11502 12576 10945 0 
9300 13192 13531 11875 13004 88 11458 12603 10975 0 
9400 13211 13508 12012 13040 72 11580 12548 11034 0 
9500 13264 13509 11988 13068 68 11672 12617 11132 0 
9600 13266 13531 11941 13116 75 11507 12645 10956 0 
9700 13106 13494 11964 13086 93 11485 12610 11002 2 
9800 13136 13489 11858 13078 71 11401 12498 10864 0 
9900 13178 13523 12023 13100 80 11611 12675 11117 0 
10000 13191 13465 12019 13109 87 11544 12637 11078 1 
