# Avida tasks data
# Fri Apr 21 04:01:12 2023
# First column gives the current update, next columns give the number
# of organisms that have the particular task as a component of their merit
#  1: Update
#  2: Not
#  3: Nand
#  4: And
#  5: OrNot
#  6: Or
#  7: AndNot
#  8: Nor
#  9: Xor
# 10: Equals

0 0 0 0 0 0 0 0 0 0 
100 0 0 0 0 0 0 0 0 0 
200 0 0 0 0 0 0 0 0 0 
300 0 0 0 0 0 0 0 0 0 
400 0 0 0 0 0 0 0 0 0 
500 0 0 0 0 0 0 0 0 0 
600 0 0 0 0 0 0 0 0 0 
700 94 16 0 0 0 0 0 0 0 
800 1847 753 0 11 0 0 0 0 0 
900 4486 1177 0 23 0 0 0 0 0 
1000 6081 2506 0 1269 10 0 0 0 0 
1100 5882 2757 0 1541 28 0 0 0 0 
1200 5882 2757 0 1541 28 0 0 0 0 
1300 5882 2758 0 1542 28 0 0 0 0 
1400 5881 2758 0 1542 28 0 0 0 0 
1500 5881 2757 0 1541 28 0 0 0 0 
1600 5881 2757 0 1541 28 0 0 0 0 
1700 5881 2757 0 1541 28 0 0 0 0 
1800 5881 2757 0 1541 28 0 0 0 0 
1900 5881 2757 0 1541 28 0 0 0 0 
2000 5881 2756 0 1540 28 0 0 0 0 
