# Avida tasks data
# Thu Apr 20 11:16:56 2023
# First column gives the current update, next columns give the number
# of organisms that have the particular task as a component of their merit
#  1: Update
#  2: Not
#  3: Nand
#  4: And
#  5: OrNot
#  6: Or
#  7: AndNot
#  8: Nor
#  9: Xor
# 10: Equals

0 0 0 0 0 0 0 0 0 0 
100 0 0 0 0 0 0 0 0 0 
200 0 0 0 0 0 0 0 0 0 
300 0 0 0 0 0 0 0 0 0 
400 0 0 0 0 0 0 0 0 0 
500 0 0 0 0 0 0 0 0 0 
600 0 0 0 0 0 0 0 0 0 
700 1 0 0 0 0 0 0 0 0 
800 70 0 0 0 0 0 0 0 0 
900 222 8 0 49 0 3 0 0 0 
1000 340 508 0 579 0 0 0 0 0 
1100 580 2204 0 2175 4 0 0 0 0 
1200 2203 2381 3 3734 1619 3 0 0 0 
1300 3537 2428 3 3766 2943 167 855 0 0 
1400 4081 2196 26 4181 3823 472 1845 0 0 
1500 4554 2334 33 4986 4719 372 2964 0 0 
1600 4851 2896 20 5743 5575 294 4159 0 0 
1700 5366 3831 46 6868 6533 270 5311 0 0 
1800 5727 5063 27 7834 7493 274 6351 0 0 
1900 6214 6232 74 8798 8379 333 7284 0 0 
2000 6623 7352 95 9647 9165 422 8172 0 0 
2100 6919 7924 55 10156 9706 1178 8836 0 0 
2200 7161 8445 124 10495 10019 2207 9270 0 0 
2300 7107 9578 1846 10469 10043 3576 9304 0 213 
2400 7695 10182 3390 10713 10245 4986 9614 0 351 
2500 8185 10491 4708 10952 10384 6350 9779 0 467 
2600 8388 10909 5934 11085 10497 7481 9930 0 623 
2700 8492 11313 6846 11156 10480 8472 9906 0 765 
2800 8710 11625 7749 11221 10490 9601 9876 0 1002 
2900 9027 11866 8336 11421 10758 10501 10157 0 1287 
3000 9141 12218 8606 11486 10766 11381 10107 0 1636 
3100 9363 12588 8842 11651 10953 12131 10375 0 2055 
3200 9813 12852 9066 11913 11140 12696 10516 0 2321 
3300 9894 13024 8929 11994 11167 13086 10584 0 2727 
3400 10041 13139 8609 11933 11166 13233 10585 0 3124 
3500 10279 13090 8206 12033 11222 13203 10701 0 3422 
3600 10460 13212 7757 12067 11268 13176 10709 0 3815 
3700 10485 13102 7320 12066 11211 13165 10632 0 4109 
3800 10655 13104 6805 12130 11252 13224 10619 0 4475 
3900 10714 13175 6412 12059 11236 13275 10687 0 4864 
4000 11061 13100 5923 12101 11255 13305 10698 2 5249 
4100 11254 13124 5339 12242 11317 13194 10711 0 5640 
4200 11501 13131 5003 12207 11407 13206 10860 0 5975 
4300 11671 13035 4535 12076 11273 13150 10692 2 6234 
4400 11875 13055 4302 12167 11322 13257 10755 0 6543 
4500 11996 13055 3964 12162 11314 13227 10708 0 6756 
4600 11979 13077 3431 12101 11281 13191 10735 0 7182 
4700 11990 13095 3114 12209 11389 13264 10816 0 7468 
4800 11931 13136 2868 12106 11253 13252 10714 0 7595 
4900 12077 13201 2539 12188 11354 13249 10805 0 7883 
5000 11961 13152 2350 12174 11299 13227 10735 0 7975 
5100 12135 13119 2161 12252 11369 13240 10851 0 8252 
5200 12048 13144 1821 12154 11333 13307 10768 0 8496 
5300 12035 13009 1586 12172 11340 13183 10791 0 8550 
5400 12007 13117 1428 12223 11375 13165 10756 0 8655 
5500 12028 13063 1318 12187 11363 13205 10831 2 8821 
5600 11986 13085 1232 12230 11346 13179 10830 0 8915 
5700 12033 13152 1164 12236 11330 13271 10774 0 9005 
5800 11939 13088 1076 12124 11324 13286 10786 0 9019 
5900 12105 13087 1002 12224 11404 13249 10779 2 9058 
6000 12156 13097 993 12368 11383 13271 10810 0 9181 
6100 12134 13086 928 12280 11358 13183 10767 0 9106 
6200 12002 13193 1061 12178 11267 13232 10647 1 8991 
6300 12058 13159 1080 12163 11276 13231 10689 0 9096 
6400 12030 13137 1204 12215 11291 13260 10719 0 9197 
6500 12149 13221 1589 12386 11414 13306 10820 0 9298 
6600 12084 13164 1874 12319 11378 13248 10814 0 9216 
6700 12035 13095 2435 12308 11321 13252 10741 0 9216 
6800 12139 13087 2954 12306 11425 13243 10825 0 9195 
6900 12093 13123 3538 12232 11324 13254 10767 0 9171 
7000 12153 13149 4149 12268 11367 13211 10748 0 9123 
7100 12124 13117 4931 12307 11361 13238 10738 0 9220 
7200 12072 13123 5571 12274 11280 13327 10702 0 9203 
7300 12244 13056 6228 12331 11428 13269 10842 1 9278 
7400 12162 13063 6799 12332 11377 13237 10777 0 9163 
7500 12236 13051 7380 12352 11398 13240 10750 0 9190 
7600 12148 13129 7951 12271 11277 13239 10609 0 9115 
7700 12171 13133 8331 12300 11353 13206 10704 1 9153 
7800 12138 13149 8823 12349 11433 13218 10716 0 9164 
7900 12193 13115 9185 12357 11425 13281 10742 1 9186 
8000 12228 13018 9377 12331 11376 13256 10654 0 9111 
8100 12259 13134 9841 12408 11560 13205 10916 1 9307 
8200 12195 13223 10074 12296 11480 13247 10815 0 9282 
8300 12193 13125 10235 12384 11435 13279 10691 0 9165 
8400 12207 13105 10422 12434 11451 13233 10797 0 9184 
8500 12222 13109 10642 12318 11437 13252 10716 2 9185 
8600 12168 13099 10570 12338 11376 13153 10621 1 9086 
8700 12152 12981 10628 12304 11342 13159 10657 0 9103 
8800 12258 13049 10898 12413 11438 13188 10821 0 9269 
8900 12127 13015 10747 12237 11251 13226 10586 4 8981 
9000 12250 12974 10736 12466 11386 13194 10678 0 9141 
9100 12312 13073 10930 12397 11436 13269 10821 0 9378 
9200 12263 13119 10765 12371 11373 13199 10737 0 9141 
9300 12323 12983 10706 12343 11452 13197 10751 0 9143 
9400 12216 13034 10843 12371 11408 13211 10817 0 9212 
9500 12222 13004 10809 12373 11275 13191 10638 3 9119 
9600 12281 12914 10737 12383 11372 13154 10735 2 9127 
9700 12310 12994 10852 12322 11434 13199 10755 1 9242 
9800 12253 13111 10967 12412 11429 13269 10863 0 9356 
9900 12267 13090 10741 12447 11356 13116 10686 0 9177 
10000 12308 13104 10918 12399 11487 13214 10868 0 9327 
