# Avida tasks data
# Fri Apr 21 01:11:54 2023
# First column gives the current update, next columns give the number
# of organisms that have the particular task as a component of their merit
#  1: Update
#  2: Not
#  3: Nand
#  4: And
#  5: OrNot
#  6: Or
#  7: AndNot
#  8: Nor
#  9: Xor
# 10: Equals

0 0 0 0 0 0 0 0 0 0 
100 0 0 0 0 0 0 0 0 0 
200 0 0 0 0 0 0 0 0 0 
300 0 0 0 0 0 0 0 0 0 
400 0 0 0 0 0 0 0 0 0 
500 0 0 0 0 0 0 0 0 0 
600 16 0 0 0 0 0 0 0 0 
700 1945 1960 0 20 0 0 0 0 0 
800 4390 4524 0 51 0 2 0 0 0 
900 6736 7005 0 228 0 0 13 0 0 
1000 9665 10284 4 1843 3 2 1849 0 0 
1100 11046 11718 1 3896 162 4 3781 0 0 
1200 11430 12256 3 4680 959 133 5137 0 0 
1300 11662 12440 7 3927 2855 1583 6249 0 0 
1400 11872 12730 8 3320 4506 2954 7535 0 0 
1500 12211 13028 11 3104 5788 4192 8641 0 0 
1600 12402 13267 10 2852 6944 5396 9685 0 0 
1700 12596 13332 9 2478 7966 6497 10342 0 0 
1800 12522 13375 6 1952 8849 7424 10889 0 0 
1900 12598 13416 15 1449 9517 8180 11083 0 0 
2000 12613 13356 23 1202 10035 8747 11304 0 2 
2100 12606 13434 11 1010 10423 9357 11515 0 0 
2200 12600 13433 42 852 10638 9702 11589 0 0 
2300 12698 13404 81 695 10974 10059 11695 0 0 
2400 12549 13389 134 664 11014 10176 11743 0 0 
2500 12672 13373 347 662 11083 10292 11651 0 0 
2600 12639 13412 536 660 11140 10474 11764 1 0 
2700 12606 13303 705 935 11165 10394 11665 0 0 
2800 12689 13340 864 1032 11192 10563 11751 2 0 
2900 12688 13450 961 1429 11381 10772 11880 1 0 
3000 12678 13375 1110 1949 11234 10628 11771 1 0 
3100 12695 13398 1355 2238 11270 10535 11833 0 0 
3200 12598 13441 1646 2650 11419 10749 11972 0 0 
3300 12646 13360 1757 3209 11362 10623 11766 0 0 
3400 12683 13410 2004 3570 11407 10680 11803 0 4 
3500 12648 13374 2044 4560 11349 9317 11881 0 1355 
3600 12715 13449 2000 5761 11356 7870 11913 0 2855 
3700 12754 13453 1755 7069 11403 6467 11969 0 4284 
3800 12832 13533 1550 8507 11623 6043 12053 0 5785 
3900 12882 13478 1228 9756 11574 5865 11993 0 7332 
4000 12825 13423 936 10349 11519 6277 11978 0 8314 
4100 12890 13561 826 10699 11714 7142 12211 1 9287 
4200 12893 13487 752 10807 11677 7981 12077 0 9848 
4300 12871 13466 748 10769 11617 8575 12012 0 10135 
4400 12891 13482 687 10649 11616 9345 11962 0 10377 
4500 12902 13539 724 10679 11744 9944 12095 0 10670 
4600 12920 13502 684 10837 11762 10235 12133 0 10800 
4700 12911 13467 705 10774 11659 10525 12112 1 10737 
4800 12920 13584 760 10864 11789 10915 12200 0 10978 
4900 12880 13512 876 10610 11691 10928 12081 0 10863 
5000 12990 13584 931 10671 11839 11126 12216 0 11045 
5100 12860 13507 869 10575 11708 11093 12084 2 10835 
5200 13024 13493 832 10648 11640 11086 12029 1 10846 
5300 12938 13566 896 10632 11764 11295 12174 3 11030 
5400 12948 13545 868 10763 11845 11287 12184 0 11060 
5500 13013 13510 829 10760 11790 11127 12097 0 10963 
5600 13016 13532 787 10784 11775 11148 12127 0 10914 
5700 12974 13480 745 10796 11738 11162 12107 3 10889 
5800 13000 13477 839 10708 11803 11303 12175 0 11030 
5900 13003 13569 894 10704 11845 11351 12214 0 11099 
6000 13108 13554 808 10657 11823 11299 12196 3 11066 
6100 13088 13527 777 10483 11611 11064 11978 2 10801 
6200 13052 13511 752 10715 11733 11213 12143 1 10982 
6300 13049 13530 869 10691 11794 11211 12158 0 11032 
6400 12960 13577 805 10652 11727 11115 12146 1 10907 
6500 13007 13552 857 10501 11750 11148 12102 0 10889 
6600 13129 13556 1031 10539 11803 11244 12183 1 10997 
6700 13100 13542 1081 10468 11770 11211 12141 0 10996 
6800 13034 13525 1139 10421 11801 11269 12176 0 11050 
6900 13006 13564 1204 10303 11828 11292 12208 4 10971 
7000 13063 13536 1169 10432 11812 11300 12166 1 11133 
7100 13188 13580 1119 10398 11823 11263 12223 0 11011 
7200 13059 13558 1170 10440 11873 11374 12244 0 11140 
7300 13102 13588 1332 10211 11775 11191 12179 3 10944 
7400 13091 13576 1304 10385 11789 11343 12214 0 11085 
7500 13099 13570 1264 10327 11796 11223 12171 0 10994 
7600 13033 13569 1213 10424 11718 11259 12195 0 10965 
7700 13141 13511 1275 10231 11691 11169 12160 1 10922 
7800 13146 13522 1338 10216 11815 11222 12223 0 10973 
7900 13152 13538 1405 10140 11785 11221 12166 1 11031 
8000 13088 13536 1368 10228 11698 11179 12112 0 10962 
8100 13126 13559 1226 10368 11767 11250 12158 0 10986 
8200 13111 13559 1174 10449 11799 11299 12198 0 11012 
8300 13211 13506 1191 10388 11749 11186 12170 0 10909 
8400 13110 13536 1176 10446 11770 11236 12180 3 11013 
8500 13173 13526 1188 10442 11840 11296 12302 1 11028 
8600 13166 13518 1242 10302 11686 11157 12153 3 10883 
8700 13120 13559 1382 10437 11860 11343 12314 0 11070 
8800 13197 13609 1478 10478 11896 11389 12273 0 11180 
8900 13204 13549 1957 10466 11903 11380 12333 0 11154 
9000 13233 13584 2338 10370 11878 11279 12315 2 11135 
9100 13164 13560 2732 10474 11918 11299 12284 1 11089 
9200 13197 13594 3186 10503 11782 11211 12240 1 10992 
9300 13170 13558 3672 10632 11800 11269 12196 0 10939 
9400 13133 13585 4126 10709 11769 11247 12211 2 10989 
9500 13223 13535 4714 10811 11862 11322 12270 0 10993 
9600 13205 13519 5248 10941 11899 11404 12306 1 11130 
9700 13179 13588 5552 11037 11816 11233 12199 1 11005 
9800 13209 13615 6064 11152 11828 11260 12218 0 10961 
9900 13136 13547 6824 11166 11813 11256 12206 2 10995 
10000 13157 13564 7364 11497 11754 11211 12192 0 10943 
