# Avida tasks data
# Thu Apr 20 12:15:38 2023
# First column gives the current update, next columns give the number
# of organisms that have the particular task as a component of their merit
#  1: Update
#  2: Not
#  3: Nand
#  4: And
#  5: OrNot
#  6: Or
#  7: AndNot
#  8: Nor
#  9: Xor
# 10: Equals

0 0 0 0 0 0 0 0 0 0 
100 0 0 0 0 0 0 0 0 0 
200 0 0 0 0 0 0 0 0 0 
300 0 46 0 0 0 0 0 0 0 
400 0 246 0 4 0 0 0 0 0 
500 17 589 0 220 0 0 0 0 0 
600 146 1317 0 1365 0 0 0 0 0 
700 494 2218 1 2966 4 0 56 0 0 
800 996 3787 4 3999 2 10 827 0 0 
900 1066 4705 1134 3976 1 1182 1687 0 0 
1000 994 5664 2770 3570 12 2814 2736 0 0 
1100 1092 6208 3539 4088 918 4355 4188 0 0 
1200 1191 5880 3488 4954 1981 5263 5139 0 2 
1300 1286 5726 3425 5713 3012 6197 6034 0 0 
1400 1582 5677 3263 6608 4008 6965 6793 2 0 
1500 2435 5855 2906 7516 5045 7660 7541 0 0 
1600 3477 6094 2351 8429 6127 8070 8028 0 0 
1700 4731 6584 1874 9243 7042 8431 8475 0 0 
1800 5992 7082 1415 9962 7872 8828 8890 0 0 
1900 7190 7831 1101 10809 8845 9320 9406 0 0 
2000 8597 8658 722 11666 9869 9904 10065 0 0 
2100 9685 9371 467 12006 10526 10234 10410 0 0 
2200 10416 10065 325 12407 10934 10533 10790 0 0 
2300 11041 10600 246 12504 11231 10716 10892 1 0 
2400 11547 10991 199 12617 11503 10828 11133 0 0 
2500 11819 11321 180 12683 11607 10967 11105 0 0 
2600 12103 11662 125 12739 11697 11141 11318 0 0 
2700 12443 12074 110 12865 11915 11244 11482 0 0 
2800 12689 12317 105 12763 11791 11180 11292 1 0 
2900 12858 12556 84 12760 11850 11130 11367 0 0 
3000 13032 12717 89 12794 11894 11127 11358 0 0 
3100 13081 12680 85 12785 11828 11056 11238 0 0 
3200 13137 12830 87 12785 11742 11084 11300 0 0 
3300 13294 12880 107 12846 11902 11192 11329 2 0 
3400 13210 12913 88 12794 11883 11134 11367 0 0 
3500 13267 12975 72 12847 11856 11232 11453 0 0 
3600 13255 12937 127 12910 11827 11244 11418 0 0 
3700 13110 13036 215 12844 11886 11295 11426 0 0 
3800 13158 12955 249 12986 12027 11365 11577 0 0 
3900 13051 12894 359 12912 11977 11258 11549 1 0 
4000 12879 12917 572 12953 11907 11268 11504 0 0 
4100 12749 12975 791 12828 11901 11140 11439 0 0 
4200 12554 13046 1020 12680 11768 11081 11244 0 0 
4300 12261 12908 1325 12887 11961 11232 11484 0 0 
4400 11977 12981 1803 12885 11887 11249 11418 0 0 
4500 11970 12875 2216 12997 11994 11224 11450 0 0 
4600 12052 12897 2572 12940 11993 11249 11475 0 15 
4700 12252 12827 3094 12940 11860 11177 11374 0 23 
4800 12452 12875 3538 12996 11940 11187 11416 0 34 
4900 12482 12834 4039 13056 11924 11223 11577 0 37 
5000 12436 12885 4630 12971 11943 11226 11479 0 72 
5100 12319 12832 5501 13031 11971 11262 11503 0 118 
5200 12328 12741 6296 13055 11877 11224 11365 0 141 
5300 12408 12721 7153 13088 11829 11162 11373 0 177 
5400 12448 12823 7910 13104 11890 11358 11540 0 160 
5500 12527 12766 8600 13183 11933 11306 11580 0 168 
5600 12637 12842 9322 13225 11941 11247 11560 0 184 
5700 12668 12917 9781 13109 11911 11284 11593 0 180 
5800 12778 12812 10296 13115 11893 11261 11470 0 170 
5900 12856 12752 10860 13222 11902 11216 11561 0 158 
6000 12794 12803 11317 13266 11889 11271 11528 0 153 
6100 12757 12846 11746 13185 11875 11151 11487 0 145 
6200 12850 12882 12156 13188 11875 11275 11603 0 125 
6300 12861 12978 12501 13265 12014 11292 11656 0 92 
6400 12977 12868 12714 13275 12026 11350 11687 0 108 
6500 12841 12869 12856 13172 12004 11281 11591 0 49 
6600 12866 12908 12907 13237 11941 11281 11604 0 51 
6700 12996 13048 13013 13269 12015 11493 11728 0 29 
6800 12829 12974 13026 13216 11911 11277 11544 0 11 
6900 12874 12977 13012 13235 11971 11325 11714 0 3 
7000 12830 12964 13006 13154 11894 11283 11572 0 0 
7100 12906 13075 13046 13189 11875 11295 11611 0 0 
7200 12946 12966 13047 13234 11970 11375 11677 1 0 
7300 12917 13113 13110 13269 11897 11315 11640 0 0 
7400 12923 13121 13043 13171 11908 11340 11577 0 0 
7500 12967 13144 13073 13219 11930 11422 11708 1 0 
7600 12999 13116 13074 13209 11988 11451 11684 0 0 
7700 12990 13085 13033 13283 12069 11442 11767 0 0 
7800 13029 13018 13063 13280 12062 11375 11742 0 0 
7900 12981 12952 13045 13173 11901 11343 11551 0 1 
8000 12886 12935 13072 13238 11975 11261 11636 0 0 
8100 12885 13004 13002 13250 11924 11294 11608 0 0 
8200 13032 13023 13054 13291 11971 11531 11759 1 0 
8300 12964 12993 13024 13213 11910 11461 11746 0 0 
8400 13073 13013 13068 13348 11969 11474 11786 0 0 
8500 13150 13022 13124 13297 12003 11494 11763 0 0 
8600 13099 13084 13046 13291 12058 11478 11764 0 0 
8700 13086 13146 13144 13388 12115 11596 11884 0 0 
8800 13097 13111 13126 13422 12142 11708 11967 0 0 
8900 13079 12957 13137 13338 11968 11502 11845 0 0 
9000 13152 13050 13026 13269 12056 11569 11839 0 0 
9100 13175 13014 13120 13380 12065 11646 11823 0 2 
9200 13159 13088 13133 13348 12090 11674 11899 0 0 
9300 13153 13108 13085 13290 11980 11633 11860 0 0 
9400 13211 13151 13153 13353 12122 11730 11967 0 0 
9500 13251 13040 13140 13389 12034 11707 11871 0 1 
9600 13190 12953 13084 13356 12130 11665 11898 0 0 
9700 13312 13074 13174 13427 12106 11744 11957 0 0 
9800 13318 13148 13071 13413 12159 11830 12013 0 0 
9900 13331 13129 13138 13355 12109 11684 11972 0 0 
10000 13340 13151 13107 13374 12135 11786 12048 0 0 
