# Avida tasks data
# Fri Apr 21 02:30:49 2023
# First column gives the current update, next columns give the number
# of organisms that have the particular task as a component of their merit
#  1: Update
#  2: Not
#  3: Nand
#  4: And
#  5: OrNot
#  6: Or
#  7: AndNot
#  8: Nor
#  9: Xor
# 10: Equals

0 0 0 0 0 0 0 0 0 0 
100 0 0 0 0 0 0 0 0 0 
200 0 0 0 0 0 0 0 0 0 
300 0 0 0 0 0 0 0 0 0 
400 0 0 0 0 0 0 0 0 0 
500 0 0 0 0 0 0 0 0 0 
600 0 0 0 0 0 0 0 0 0 
700 721 0 0 0 0 0 0 0 0 
800 2411 51 0 2 0 1 0 0 0 
900 3741 1835 0 33 0 0 0 0 0 
1000 4752 2891 0 1036 2 0 0 0 0 
1100 5446 3571 0 2190 4 0 0 0 0 
1200 6201 4435 0 3435 10 1 0 0 0 
1300 7417 5590 0 4910 16 2 0 0 0 
1400 9225 7455 0 7036 21 5 0 0 0 
1500 11086 9317 0 9030 19 3 0 0 0 
1600 12562 11045 2 10897 31 2 1 0 0 
1700 13202 11821 0 11653 36 8 0 0 0 
1800 13177 12164 1 11944 28 4 0 0 0 
1900 13311 12280 5 12137 43 5 15 0 0 
2000 13280 12343 0 12095 35 1 101 0 0 
2100 13331 12294 10 11924 35 3 273 0 0 
2200 13243 12362 16 11684 30 7 495 0 0 
2300 13283 12485 5 11450 44 3 893 0 0 
2400 13271 12412 11 10910 33 8 1293 0 0 
2500 13253 12301 25 10303 40 4 1780 0 0 
2600 13223 12287 26 9767 34 6 2346 0 0 
2700 13279 12337 45 8954 24 8 3186 0 0 
2800 13246 12374 30 8220 14 6 3878 0 0 
2900 13265 12361 21 7387 29 3 4679 0 0 
3000 13261 12295 15 6810 26 16 5409 0 0 
3100 13336 12311 0 6826 22 17 6254 0 0 
3200 13318 12434 2 7123 6 18 6920 0 0 
3300 13338 12256 4 7567 9 9 7371 0 0 
3400 13313 12254 1 7993 11 10 8078 0 0 
3500 13374 12270 8 8531 5 12 8868 0 0 
3600 13348 12224 4 9083 5 4 9394 0 0 
3700 13411 12286 2 9560 7 6 9897 0 0 
3800 13319 12224 8 10025 6 2 10379 0 0 
3900 13391 12230 14 10410 3 7 10665 0 0 
4000 13442 12325 7 10811 7 3 11047 0 0 
4100 13381 12238 2 11051 5 0 11012 0 0 
4200 13469 12298 6 11392 4 0 11244 0 0 
4300 13432 12264 9 11706 4 3 11264 0 0 
4400 13504 12202 7 11969 8 3 11224 0 0 
4500 13492 12356 8 12195 4 1 11324 0 0 
4600 13430 12209 6 12168 6 3 11293 0 0 
4700 13494 12264 6 12278 5 3 11342 0 0 
4800 13452 12294 6 12257 2 2 11304 0 0 
4900 13454 12339 6 12307 4 1 11389 0 1 
5000 13492 12306 3 12332 2 1 11378 0 0 
5100 13559 12303 7 12342 0 0 11364 0 0 
5200 13482 12262 7 12278 4 2 11314 0 0 
5300 13566 12342 6 12300 0 1 11374 0 0 
5400 13486 12301 4 12327 5 0 11443 0 0 
5500 13493 12290 3 12304 8 2 11433 0 0 
5600 13547 12423 5 12402 9 6 11471 0 0 
5700 13495 12387 1 12328 1 1 11460 0 0 
5800 13554 12385 10 12394 2 2 11458 0 0 
5900 13456 12424 6 12404 2 4 11515 0 0 
6000 13448 12348 2 12305 8 3 11438 0 0 
6100 13532 12415 7 12404 8 4 11529 0 0 
6200 13525 12351 8 12290 2 4 11512 0 0 
6300 13485 12318 7 12277 5 3 11423 0 0 
6400 13558 12456 3 12483 4 7 11545 0 0 
6500 13541 12430 5 12409 2 2 11567 0 0 
6600 13546 12460 4 12412 11 10 11482 0 0 
6700 13489 12392 5 12440 0 2 11473 0 0 
6800 13503 12408 4 12461 1 3 11491 0 0 
6900 13536 12392 7 12415 5 8 11511 0 0 
7000 13519 12459 2 12407 3 2 11630 0 0 
7100 13548 12386 4 12405 6 5 11507 0 0 
7200 13501 12444 1 12456 10 7 11637 0 0 
7300 13624 12491 7 12472 3 3 11620 0 0 
7400 13579 12512 1 12461 11 6 11578 0 0 
7500 13567 12498 4 12528 8 4 11642 0 1 
7600 13539 12544 3 12526 4 0 11545 1 3 
7700 13565 12541 6 12565 7 1 11664 0 0 
7800 13592 12473 7 12575 7 9 11597 0 0 
7900 13558 12463 2 12456 9 3 11530 0 0 
8000 13625 12566 6 12551 9 1 11682 0 0 
8100 13585 12523 4 12544 1 0 11645 0 0 
8200 13572 12414 2 12428 9 4 11550 0 0 
8300 13595 12474 0 12492 9 3 11613 0 2 
8400 13517 12442 5 12448 3 1 11621 0 0 
8500 13552 12538 4 12479 7 2 11634 0 0 
8600 13569 12433 9 12410 6 2 11493 0 0 
8700 13524 12478 5 12420 4 0 11586 0 0 
8800 13536 12402 4 12354 9 7 11480 0 0 
8900 13538 12487 0 12480 3 0 11608 0 0 
9000 13479 12457 7 12411 4 3 11497 0 0 
9100 13568 12477 7 12488 3 0 11625 0 0 
9200 13635 12486 2 12453 1 0 11581 0 0 
9300 13614 12442 4 12462 2 0 11447 0 0 
9400 13555 12452 5 12364 4 1 11586 0 0 
9500 13592 12494 9 12475 6 5 11551 0 0 
9600 13611 12533 3 12517 1 0 11611 0 0 
9700 13548 12441 7 12393 2 2 11460 0 0 
9800 13495 12449 7 12453 3 0 11465 0 0 
9900 13545 12438 1 12389 3 1 11483 0 0 
10000 13547 12477 8 12400 6 2 11598 0 0 
