# Avida tasks data
# Thu Apr 20 11:33:19 2023
# First column gives the current update, next columns give the number
# of organisms that have the particular task as a component of their merit
#  1: Update
#  2: Not
#  3: Nand
#  4: And
#  5: OrNot
#  6: Or
#  7: AndNot
#  8: Nor
#  9: Xor
# 10: Equals

0 0 0 0 0 0 0 0 0 0 
100 0 0 0 0 0 0 0 0 0 
200 0 0 0 0 0 0 0 0 0 
300 0 0 0 0 0 0 0 0 0 
400 0 0 0 0 0 0 0 0 0 
500 0 0 0 0 0 0 0 0 0 
600 0 0 0 0 0 0 0 0 0 
700 2 3 0 0 0 0 0 0 0 
800 0 2 0 0 0 0 0 0 0 
900 7 31 0 0 0 0 0 0 0 
1000 51 126 0 0 0 0 0 0 0 
1100 166 385 0 0 0 0 0 0 0 
1200 412 551 0 16 0 0 0 0 0 
1300 782 871 0 131 0 0 0 0 0 
1400 1228 1462 0 962 40 0 0 0 0 
1500 1520 2481 0 2210 1762 15 24 0 0 
1600 2212 3640 9 2119 2834 594 1501 0 0 
1700 3145 4325 15 3499 3839 635 2773 0 0 
1800 4504 5120 14 5016 5054 532 4151 0 0 
1900 5486 5932 26 6235 6005 478 5222 0 0 
2000 6652 6910 25 7533 7167 374 6436 0 0 
2100 7673 7772 21 8461 8043 285 7362 0 0 
2200 8554 8839 41 9450 8965 217 8337 0 0 
2300 9253 9625 32 10266 9699 226 9000 0 0 
2400 9719 10301 39 10886 10307 187 9662 0 0 
2500 10261 10672 41 11345 10716 192 10059 0 0 
2600 10512 11187 35 11576 11025 181 10390 0 0 
2700 10865 11523 39 11904 11323 170 10655 0 0 
2800 11050 11811 27 12218 11520 192 10876 0 0 
2900 11464 12204 52 12399 11709 210 11094 0 0 
3000 11612 12368 54 12538 11843 196 11241 0 0 
3100 11599 12656 36 12603 11929 183 11312 0 0 
3200 11844 12850 46 12791 12187 191 11436 0 0 
3300 11949 12871 42 12756 12179 214 11427 0 0 
3400 11742 12729 44 12813 12162 218 11450 0 0 
3500 11848 12825 56 12823 12153 202 11505 0 0 
3600 11914 13017 41 12791 12187 203 11467 0 0 
3700 11753 13058 33 12811 12167 222 11521 0 0 
3800 11736 12914 56 12739 12076 301 11380 0 0 
3900 11910 12533 53 12802 12141 720 11529 0 0 
4000 11907 11835 56 12875 12209 1397 11589 0 0 
4100 11838 10876 72 12800 12134 2253 11577 0 0 
4200 11900 9887 55 12799 12193 3279 11616 0 0 
4300 11848 8990 61 12822 12194 4560 11678 0 0 
4400 11872 8415 81 12824 12217 6070 11688 0 0 
4500 11867 8343 91 12783 12195 7518 11603 0 0 
4600 11809 8589 95 12884 12273 8849 11692 0 0 
4700 11765 8874 110 12789 12211 9969 11737 0 0 
4800 11740 9297 135 12885 12207 11027 11752 0 0 
4900 11845 9693 139 12872 12217 11644 11680 0 0 
5000 11753 10184 130 12835 12284 12104 11719 0 0 
5100 11905 10795 152 12946 12341 12555 11824 0 0 
5200 12055 11244 161 12956 12306 12762 11830 0 0 
5300 12011 11734 117 12839 12211 12770 11732 0 0 
5400 12054 12128 112 12842 12245 12836 11681 0 0 
5500 12002 12382 163 12815 12162 12853 11591 0 0 
5600 11986 12623 150 12878 12310 12870 11776 0 0 
5700 12101 12640 134 12933 12311 12934 11875 0 0 
5800 11975 12648 106 12943 12338 12917 11810 0 0 
5900 12177 12839 108 12856 12318 12960 11845 0 0 
6000 12058 12762 114 12902 12301 12949 11765 0 0 
6100 12055 12753 118 12794 12244 13048 11702 0 0 
6200 12076 12697 112 12845 12288 12897 11796 0 0 
6300 12073 12752 125 12947 12329 12876 11833 0 0 
6400 12172 12814 104 12972 12412 12964 11841 0 0 
6500 12227 12744 129 12896 12315 12935 11734 0 0 
6600 12263 12780 110 12946 12356 12999 11838 0 0 
6700 12116 12769 158 12862 12255 12948 11741 0 0 
6800 12127 12753 123 12944 12316 12949 11811 0 0 
6900 12170 12811 113 12846 12286 12971 11812 0 0 
7000 12214 12830 116 12897 12359 13022 11825 0 0 
7100 12084 12722 94 12957 12455 12958 11850 0 0 
7200 12092 12888 101 12977 12388 13084 11897 0 0 
7300 12203 12842 90 12867 12373 13069 11838 0 0 
7400 12228 12749 103 13046 12496 13072 11928 0 0 
7500 12254 12728 103 12892 12352 13019 11863 0 0 
7600 12289 12864 114 13014 12437 13158 11909 0 0 
7700 12263 12758 106 13017 12430 13050 11904 0 0 
7800 12194 12843 83 13012 12482 13074 11970 0 0 
7900 12254 12876 101 13122 12553 13103 12029 0 0 
8000 12155 12754 138 12970 12448 13025 11889 0 0 
8100 12198 12690 121 12985 12440 12933 11946 0 0 
8200 12307 12816 110 12980 12450 13093 11901 0 0 
8300 12295 12792 81 13054 12515 13152 12088 0 0 
8400 12376 12844 118 13027 12506 13064 12049 0 0 
8500 12444 12847 97 13017 12489 13112 11961 0 0 
8600 12399 12921 108 12961 12403 13078 11971 0 0 
8700 12413 12880 90 13034 12479 13113 12049 0 0 
8800 12452 12880 97 13049 12519 13123 12043 0 0 
8900 12516 12961 89 13115 12577 13090 12078 0 0 
9000 12453 12896 92 12984 12504 13068 12058 0 0 
9100 12420 12877 79 13074 12596 13119 12096 0 0 
9200 12444 12937 124 13045 12472 13004 12046 0 0 
9300 12529 12923 115 13019 12563 13055 12025 0 0 
9400 12502 12667 98 13080 12576 12971 12043 0 0 
9500 12434 12906 121 13090 12589 13034 12061 0 0 
9600 12479 12819 128 13181 12615 13097 12125 0 0 
9700 12563 12827 124 13154 12726 13088 12180 0 0 
9800 12458 12942 107 13124 12582 13108 12109 0 0 
9900 12568 12944 104 13180 12704 13157 12221 0 0 
10000 12517 12983 103 13137 12694 13092 12222 0 0 
