# Avida tasks data
# Thu Apr 20 16:18:05 2023
# First column gives the current update, next columns give the number
# of organisms that have the particular task as a component of their merit
#  1: Update
#  2: Not
#  3: Nand
#  4: And
#  5: OrNot
#  6: Or
#  7: AndNot
#  8: Nor
#  9: Xor
# 10: Equals

0 0 0 0 0 0 0 0 0 0 
100 0 0 0 0 0 0 0 0 0 
200 0 0 0 0 0 0 0 0 0 
300 0 0 0 0 0 0 0 0 0 
400 0 0 0 0 0 0 0 0 0 
500 5 0 0 0 0 0 0 0 0 
600 55 0 0 0 0 0 0 0 0 
700 163 0 0 0 0 0 0 0 0 
800 445 35 0 0 0 0 0 0 0 
900 948 509 0 470 0 0 0 0 0 
1000 1164 1216 8 1947 2 1288 2 0 0 
1100 1359 2339 1393 2651 1401 2322 4 0 0 
1200 1827 3515 2654 3316 2700 3162 4 0 0 
1300 2389 4638 3865 4305 3960 4410 7 0 0 
1400 2940 5774 4965 5338 5081 5573 5 0 0 
1500 3349 6877 5862 6154 5972 6581 2 0 0 
1600 3816 7916 6869 7184 6994 7681 2 0 0 
1700 4386 9014 7852 8097 7980 8811 0 0 0 
1800 4823 9744 8594 9022 8746 9661 0 0 0 
1900 5251 10525 9444 9756 9579 10506 0 0 0 
2000 5720 11124 9918 10259 10035 11115 3 0 0 
2100 6157 11545 10213 10681 10428 11496 1 0 0 
2200 6679 11990 10682 11109 10814 11899 2 0 0 
2300 7064 12420 11104 11492 11284 12335 2 0 0 
2400 7387 12649 11204 11652 11386 12558 0 0 0 
2500 7801 12698 11264 11706 11417 12586 1 0 0 
2600 8259 12793 11349 11757 11486 12606 1 0 0 
2700 8452 12723 11275 11717 11421 12558 0 0 0 
2800 8842 12691 11345 11744 11478 12648 2 0 0 
2900 9192 12785 11357 11764 11517 12643 1 0 0 
3000 9766 12755 11236 11716 11358 12608 1 0 0 
3100 10070 12882 11357 11772 11524 12717 4 0 0 
3200 10374 12891 11273 11610 11398 12537 1 0 0 
3300 10777 12888 11193 11658 11363 12574 4 0 0 
3400 10986 12896 11366 11733 11475 12696 1 0 0 
3500 11228 12863 11367 11628 11489 12669 5 0 0 
3600 11505 12966 11418 11848 11575 12816 7 0 0 
3700 11792 12940 11540 11828 11658 12772 1 0 0 
3800 11914 13084 11499 11931 11700 12874 3 2 0 
3900 12090 13045 11576 11890 11728 12794 2 0 0 
4000 12244 12920 11461 11792 11635 12753 5 0 0 
4100 12262 12990 11486 11872 11656 12778 4 0 0 
4200 12337 13092 11570 12007 11708 12883 4 0 0 
4300 12237 13180 11545 11935 11757 12875 1 0 0 
4400 12299 13103 11512 11912 11656 12847 3 1 0 
4500 12345 13046 11407 11827 11542 12732 0 0 0 
4600 12319 13122 11540 11922 11698 12813 5 0 0 
4700 12343 13072 11457 11916 11605 12810 9 1 0 
4800 12290 13077 11597 11909 11736 12900 3 0 0 
4900 12369 12975 11476 11847 11674 12759 7 0 0 
5000 12419 12997 11577 11913 11710 12886 1 0 0 
5100 12374 13046 11654 12001 11816 12875 3 0 0 
5200 12444 13055 11560 11948 11720 12823 3 0 0 
5300 12430 13062 11581 11960 11686 12836 5 0 0 
5400 12382 13055 11600 12052 11741 12877 1 0 0 
5500 12535 13041 11746 12050 11828 12909 8 0 0 
5600 12459 13026 11680 12038 11797 12905 3 0 0 
5700 12534 13029 11659 12117 11847 12926 8 0 0 
5800 12475 13085 11539 11973 11684 12805 4 0 0 
5900 12600 13004 11707 12117 11895 12971 6 0 0 
6000 12572 13001 11621 12025 11775 12942 4 0 0 
6100 12602 13009 11703 12138 11854 12970 1 0 0 
6200 12584 13107 11650 12036 11764 12900 8 0 0 
6300 12538 12959 11640 12071 11805 12941 4 0 0 
6400 12635 13145 11788 12159 11959 12961 3 0 0 
6500 12640 13114 11674 12090 11819 12909 6 0 0 
6600 12516 13006 11694 12050 11838 12926 3 0 0 
6700 12610 13035 11767 12208 11896 12939 8 0 0 
6800 12683 13013 11673 12075 11784 12909 2 0 0 
6900 12543 13123 11698 12048 11831 12906 11 0 0 
7000 12647 13152 11819 12220 11983 13013 15 0 0 
7100 12845 13218 11740 12062 11845 12976 4 0 0 
7200 12760 13103 11787 12135 11910 12966 1 0 0 
7300 12744 13162 11786 12161 11904 12975 12 0 0 
7400 12823 13203 11794 12123 11945 12988 7 0 0 
7500 12780 13143 11776 12112 11917 12920 4 0 0 
7600 12676 13142 11846 12230 11971 13031 12 0 0 
7700 12676 13067 11664 12161 11819 12944 12 0 0 
7800 12691 13140 11823 12147 11944 13048 9 0 0 
7900 12755 13057 11776 12123 11854 12957 3 0 0 
8000 12759 13221 11873 12261 11978 13045 7 0 0 
8100 12828 13167 11762 12126 11873 12970 2 1 0 
8200 12841 13124 11827 12123 11930 12984 4 0 0 
8300 12692 13085 11782 12124 11838 12931 4 0 0 
8400 12705 13065 11800 12127 11898 13006 2 2 0 
8500 12773 13157 11714 12168 11867 12946 8 1 0 
8600 12738 13154 11756 12152 11867 12999 3 0 0 
8700 12736 13142 11672 11997 11817 12872 3 0 0 
8800 12823 13091 11824 12208 11952 13014 5 0 0 
8900 12736 13122 11729 12092 11820 12934 5 0 0 
9000 12632 13167 11727 12088 11829 12903 1 0 0 
9100 12737 13202 11763 12085 11851 12944 4 0 0 
9200 12816 13175 11788 12105 11846 12953 6 0 0 
9300 12804 13103 11736 12182 11862 12970 4 0 0 
9400 12781 13108 11799 12212 11930 12986 3 0 0 
9500 12781 13139 11758 12166 11895 13010 8 0 0 
9600 12777 13183 11686 12216 11813 12933 6 0 0 
9700 12873 13199 11823 12147 11897 12986 5 0 0 
9800 12848 13200 11718 12073 11844 12901 6 0 0 
9900 12844 13098 11793 12189 11881 12922 3 0 0 
10000 12706 13096 11785 12129 11889 12907 4 0 0 
