# Avida tasks data
# Fri Apr 21 02:46:19 2023
# First column gives the current update, next columns give the number
# of organisms that have the particular task as a component of their merit
#  1: Update
#  2: Not
#  3: Nand
#  4: And
#  5: OrNot
#  6: Or
#  7: AndNot
#  8: Nor
#  9: Xor
# 10: Equals

0 0 0 0 0 0 0 0 0 0 
100 0 0 0 0 0 0 0 0 0 
200 0 0 0 0 0 0 0 0 0 
300 0 0 0 0 0 0 0 0 0 
400 0 0 0 0 0 0 0 0 0 
500 0 0 0 0 0 0 0 0 0 
600 1 0 0 0 0 0 0 0 0 
700 0 0 0 0 0 0 0 0 0 
800 0 0 0 0 0 0 0 0 0 
900 344 2 0 0 0 0 0 0 0 
1000 2236 1156 0 1114 6 0 0 0 0 
1100 5549 4445 0 4320 34 0 1 0 0 
1200 7490 6303 1 6180 28 21 0 0 0 
1300 9145 8055 1 7862 45 57 0 0 0 
1400 10266 9224 10 8883 57 139 0 0 0 
1500 11070 10143 29 9569 53 305 2 0 0 
1600 11593 10731 65 9830 61 594 2 0 0 
1700 11962 11274 55 10116 62 820 2 0 0 
1800 12283 11764 47 10263 71 1078 11 0 0 
1900 12628 12110 56 10424 60 1358 7 0 0 
2000 12850 12321 77 10240 70 1785 7 0 0 
2100 12955 12557 72 10208 137 1973 17 0 0 
2200 13043 12713 89 10316 608 2540 10 0 0 
2300 13016 12729 121 10400 1187 3426 6 0 0 
2400 13084 12774 133 10735 1635 4098 12 0 0 
2500 13073 12809 103 10943 1951 4850 23 0 0 
2600 13005 12708 112 11147 2277 5288 25 0 0 
2700 12986 12692 169 11325 2628 5718 19 0 0 
2800 13033 12802 115 11820 3025 6311 34 0 0 
2900 13060 12830 136 12125 3454 6517 39 0 0 
3000 13118 12805 148 12158 3465 6795 32 0 0 
3100 13153 12813 139 12286 3521 7195 42 0 0 
3200 13100 12734 119 12360 3640 7482 23 0 0 
3300 13176 12832 115 12329 3456 7879 38 2 0 
3400 13297 12904 159 12355 3462 8048 26 0 0 
3500 13216 12898 119 12337 3441 8185 21 0 0 
3600 13181 12949 181 12246 3357 8406 24 0 0 
3700 13260 12947 145 12137 3239 8671 26 0 0 
3800 13189 12919 148 12036 3103 8933 35 0 0 
3900 13264 13022 171 12086 3199 9243 46 0 0 
4000 13292 12929 374 12126 3257 9875 29 0 0 
4100 13297 12948 487 12260 3694 10412 18 0 0 
4200 13272 12838 670 12105 4499 10596 32 0 0 
4300 13266 12873 802 12048 5321 10807 45 0 0 
4400 13184 12765 842 11994 6100 10804 35 0 0 
4500 13139 12712 857 11969 7077 10829 34 0 0 
4600 13198 12726 951 12005 8062 10894 27 0 0 
4700 13160 12810 971 12035 8861 10967 46 0 0 
4800 13110 12720 1064 11938 9478 10899 43 0 0 
4900 13155 12799 1149 12204 10133 10955 32 0 0 
5000 13196 12760 1372 12443 10491 10922 24 0 0 
5100 13186 12704 1949 12615 10896 10883 43 0 0 
5200 13171 12819 2436 12790 11216 10969 20 0 0 
5300 13056 12791 3221 12869 11433 10972 20 0 0 
5400 13018 12748 3841 12948 11516 10980 24 0 0 
5500 13129 12831 4603 12927 11508 11090 10 0 0 
5600 13068 12830 5451 12969 11443 11071 24 0 0 
5700 13062 12888 6433 12981 11524 11125 9 0 0 
5800 13111 12913 7285 13031 11581 11109 13 0 0 
5900 12987 12905 7970 12941 11514 11103 22 0 0 
6000 13005 12933 8790 12973 11547 11213 12 0 0 
6100 13027 12950 9557 13002 11568 11166 16 0 0 
6200 12912 12942 9998 12936 11608 11235 13 4 0 
6300 12945 13015 10412 13046 11486 11291 11 0 0 
6400 12998 13031 10846 13056 11651 11376 6 0 0 
6500 13007 13098 11085 13034 11610 11299 11 0 0 
6600 13074 13113 11337 13074 11737 11354 8 0 0 
6700 13066 13160 11470 13139 11740 11367 11 0 0 
6800 12974 13070 11361 13070 11578 11293 19 0 0 
6900 12996 13138 11556 13116 11785 11423 1 0 0 
7000 13008 13111 11539 13050 11721 11486 9 0 0 
7100 13051 13123 11497 13116 11654 11301 9 0 0 
7200 13012 13112 11555 13112 11744 11429 11 0 0 
7300 13048 13202 11608 13057 11682 11451 10 0 0 
7400 13033 13281 11752 13190 11875 11583 13 0 0 
7500 13056 13212 11613 13187 11723 11513 4 1 0 
7600 13116 13264 11681 13211 11757 11543 6 0 0 
7700 13094 13192 11610 13086 11720 11475 8 0 0 
7800 13093 13317 11787 13212 11933 11600 6 0 0 
7900 13127 13253 11760 13197 11872 11580 20 0 0 
8000 13122 13257 11739 13195 11879 11627 8 0 0 
8100 13015 13215 11722 13222 11843 11552 8 0 0 
8200 13140 13308 11744 13236 11937 11648 0 0 0 
8300 13084 13322 11770 13240 11863 11610 10 0 0 
8400 13087 13207 11695 13184 11841 11563 9 0 0 
8500 13138 13353 11773 13312 11947 11724 16 0 0 
8600 13184 13300 11764 13291 11937 11676 6 0 0 
8700 13184 13348 11935 13279 12044 11778 9 0 0 
8800 13210 13390 11877 13288 12036 11740 3 0 0 
8900 13237 13354 11881 13316 11993 11741 10 0 0 
9000 13198 13347 11809 13275 11962 11757 10 0 0 
9100 13224 13405 11909 13350 12095 11741 10 0 0 
9200 13156 13410 11879 13322 12034 11777 14 0 0 
9300 13222 13346 11936 13282 12116 11899 10 0 0 
9400 13267 13401 11949 13321 12048 11848 7 0 0 
9500 13181 13375 11883 13328 12034 11749 9 0 0 
9600 13217 13409 11977 13302 12109 11788 5 2 0 
9700 13197 13334 11932 13321 12106 11741 8 0 0 
9800 13234 13416 11956 13369 12112 11793 14 0 1 
9900 13240 13363 11923 13288 12080 11753 8 0 0 
10000 13258 13523 12005 13451 12189 11933 9 0 0 
