# Avida tasks data
# Thu Apr 20 13:44:09 2023
# First column gives the current update, next columns give the number
# of organisms that have the particular task as a component of their merit
#  1: Update
#  2: Not
#  3: Nand
#  4: And
#  5: OrNot
#  6: Or
#  7: AndNot
#  8: Nor
#  9: Xor
# 10: Equals

0 0 0 0 0 0 0 0 0 0 
100 0 0 0 0 0 0 0 0 0 
200 0 0 0 0 0 0 0 0 0 
300 0 0 0 0 0 0 0 0 0 
400 0 0 0 0 0 0 0 0 0 
500 4 0 0 0 0 0 0 0 0 
600 26 2 0 0 0 0 0 0 0 
700 171 2 0 0 0 0 0 0 0 
800 503 32 0 35 0 0 0 0 0 
900 880 435 0 946 0 2 0 0 0 
1000 1838 2082 0 2537 14 2 0 0 0 
1100 3209 3877 1 4130 160 0 0 0 0 
1200 4570 4269 13 5661 1768 177 0 0 0 
1300 5547 3323 102 6606 3888 2269 0 0 0 
1400 6448 2594 166 7264 5210 3825 0 0 0 
1500 7397 1964 173 7987 6477 5252 24 0 0 
1600 8395 1542 232 8693 7361 6291 442 0 0 
1700 9260 1185 253 9438 8039 7034 1144 0 0 
1800 9998 993 262 9990 8475 7658 1847 0 0 
1900 10552 755 298 10453 8902 8045 2445 0 0 
2000 10995 655 301 10882 9150 8353 3131 0 0 
2100 11512 750 330 11228 9443 8553 3680 0 0 
2200 11826 932 276 11549 9363 8746 4320 0 0 
2300 12063 1098 284 11871 9531 8670 4941 0 0 
2400 12322 1323 309 12162 9502 8911 5518 0 0 
2500 12522 1616 297 12232 9414 8670 5983 0 0 
2600 12737 1995 322 12406 9440 8366 6698 0 0 
2700 12708 2534 278 12346 9159 7922 7404 0 0 
2800 12647 3174 261 12284 9079 7570 8040 0 0 
2900 12706 3903 227 12103 9151 7161 8649 0 0 
3000 12638 4551 198 11703 9458 6945 9134 0 0 
3100 12543 4994 281 11139 10043 6674 9491 0 0 
3200 12575 5758 244 11115 10963 6999 10044 0 0 
3300 12496 6354 476 11169 11367 7502 10476 0 0 
3400 12407 6168 1293 11450 11468 8200 10865 0 0 
3500 12592 5488 2530 11861 11618 8949 11243 0 0 
3600 12528 4977 3657 12093 11605 9739 11566 0 0 
3700 12577 4460 4833 12303 11718 10307 11836 0 0 
3800 12578 4174 5917 12523 11724 10801 11890 0 0 
3900 12538 3765 7152 12742 11811 11260 12029 0 0 
4000 12495 3687 8175 12968 11880 11717 12067 0 0 
4100 12482 3528 9141 13115 11985 12041 12161 0 0 
4200 12480 3574 9994 13211 12055 12401 12180 0 0 
4300 12532 3430 10861 13211 12171 12692 12259 0 0 
4400 12501 3210 11577 13300 12112 13002 12196 0 0 
4500 12554 3150 12097 13244 12271 13183 12298 0 0 
4600 12500 3169 12552 13260 12207 13347 12201 0 0 
4700 12429 3192 12920 13400 12178 13462 12240 0 0 
4800 12509 3568 13071 13343 12205 13482 12225 0 0 
4900 12590 4024 13121 13302 12307 13467 12330 0 0 
5000 12539 4530 13147 13320 12261 13533 12256 0 0 
5100 12596 5085 13303 13379 12341 13548 12364 0 0 
5200 12534 5766 13193 13331 12174 13496 12267 0 0 
5300 12567 6387 13200 13352 12277 13419 12280 0 0 
5400 12582 7112 13334 13418 12288 13538 12308 0 0 
5500 12471 7985 13237 13360 12241 13487 12299 0 0 
5600 12495 8447 13233 13343 12232 13475 12269 0 0 
5700 12492 8953 13307 13442 12287 13540 12307 0 0 
5800 12472 9502 13284 13403 12307 13547 12298 0 0 
5900 12571 10043 13239 13375 12370 13566 12364 0 0 
6000 12448 10452 13206 13363 12327 13487 12245 0 0 
6100 12486 10951 13235 13390 12359 13505 12349 0 0 
6200 12468 11281 13325 13403 12292 13528 12279 0 0 
6300 12474 11610 13317 13411 12361 13551 12391 0 0 
6400 12458 12029 13329 13442 12361 13461 12355 0 0 
6500 12451 12347 13306 13447 12319 13527 12328 0 0 
6600 12458 12681 13330 13435 12342 13544 12348 0 0 
6700 12441 12982 13324 13482 12374 13505 12373 0 0 
6800 12487 13320 13293 13444 12438 13523 12410 0 0 
6900 12543 13426 13341 13427 12239 13521 12248 0 0 
7000 12547 13595 13407 13460 12362 13510 12370 0 0 
7100 12405 13638 13372 13555 12279 13526 12334 0 0 
7200 12542 13698 13292 13372 12411 13541 12433 0 0 
7300 12636 13693 13364 13500 12441 13544 12470 0 0 
7400 12544 13712 13332 13505 12476 13543 12490 0 0 
7500 12618 13651 13416 13499 12405 13545 12442 0 0 
7600 12559 13665 13377 13453 12463 13574 12395 0 0 
7700 12647 13713 13392 13478 12539 13512 12521 0 0 
7800 12605 13699 13375 13421 12511 13497 12507 0 0 
7900 12508 13673 13347 13377 12390 13478 12388 0 0 
8000 12481 13764 13444 13537 12360 13554 12381 0 0 
8100 12593 13675 13399 13507 12519 13559 12501 0 0 
8200 12546 13697 13376 13457 12486 13556 12485 0 0 
8300 12652 13695 13347 13467 12506 13557 12502 0 0 
8400 12652 13685 13404 13525 12480 13562 12459 0 0 
8500 12690 13764 13487 13527 12500 13565 12523 0 0 
8600 12709 13722 13475 13565 12612 13597 12611 0 0 
8700 12683 13745 13392 13493 12541 13486 12501 0 0 
8800 12733 13726 13439 13552 12526 13615 12522 0 0 
8900 12724 13723 13419 13518 12495 13510 12504 0 0 
9000 12790 13786 13388 13428 12596 13537 12623 0 0 
9100 12774 13760 13404 13480 12601 13533 12579 0 0 
9200 12752 13764 13442 13574 12575 13583 12580 0 0 
9300 12746 13751 13470 13524 12544 13536 12533 0 0 
9400 12815 13811 13500 13608 12587 13540 12605 0 0 
9500 12820 13743 13424 13519 12560 13632 12556 0 0 
9600 12775 13765 13433 13509 12582 13605 12550 0 0 
9700 12851 13800 13525 13605 12547 13620 12577 0 0 
9800 12808 13730 13420 13559 12598 13617 12616 0 0 
9900 12748 13683 13389 13473 12638 13624 12631 0 0 
10000 12825 13741 13452 13564 12637 13582 12637 0 0 
