# Avida tasks data
# Thu Apr 20 19:09:01 2023
# First column gives the current update, next columns give the number
# of organisms that have the particular task as a component of their merit
#  1: Update
#  2: Not
#  3: Nand
#  4: And
#  5: OrNot
#  6: Or
#  7: AndNot
#  8: Nor
#  9: Xor
# 10: Equals

0 0 0 0 0 0 0 0 0 0 
100 0 0 0 0 0 0 0 0 0 
200 0 0 0 0 0 0 0 0 0 
300 0 0 0 0 0 0 0 0 0 
400 0 0 0 0 0 0 0 0 0 
500 0 7 0 0 0 0 0 0 0 
600 11 443 0 0 0 0 0 0 0 
700 558 1952 0 13 0 209 0 0 0 
800 1759 3318 0 1507 157 421 2 0 0 
900 2758 4244 0 2683 465 482 0 0 0 
1000 4331 5637 0 4252 940 535 0 0 0 
1100 5728 6962 3 5805 1476 586 2 0 0 
1200 7482 8647 91 7644 2496 618 0 0 0 
1300 8999 10054 358 9362 3354 535 82 0 0 
1400 9942 10810 433 10356 3132 467 1596 0 0 
1500 10539 11305 351 10972 2906 447 2981 0 0 
1600 11120 11934 250 11624 2672 465 4501 0 0 
1700 11971 12578 298 12417 2620 399 6128 0 0 
1800 12213 12667 382 12797 2809 351 7224 0 0 
1900 12252 12689 418 12864 2962 287 8115 0 0 
2000 12388 12701 472 13038 3232 231 8898 0 0 
2100 12415 12739 474 13178 3488 145 9556 0 0 
2200 12428 12681 482 13184 3745 177 10070 0 0 
2300 12489 12562 722 13238 4092 165 10466 0 0 
2400 12385 12637 1277 13216 3964 175 10615 0 0 
2500 12616 12801 2171 13255 3667 165 10927 0 0 
2600 12571 12978 3298 13267 3038 183 11033 0 0 
2700 12631 13075 4271 13249 2728 219 11273 0 0 
2800 12736 13144 5284 13337 2529 228 11291 0 0 
2900 12657 13162 6335 13336 2643 228 11326 0 2 
3000 12675 13295 7440 13328 2686 262 11323 0 0 
3100 12737 13305 8351 13373 2782 279 11455 0 0 
3200 12814 13399 9118 13379 2910 280 11624 0 0 
3300 12768 13409 9737 13419 3254 255 11591 0 0 
3400 12824 13473 10252 13399 3668 292 11705 0 0 
3500 12802 13499 10681 13455 3951 277 11678 0 0 
3600 12864 13501 11085 13449 4443 295 11775 0 11 
3700 12861 13614 11338 13447 4876 302 11821 0 81 
3800 12751 13596 11388 13414 5210 339 11867 0 305 
3900 12939 13599 11334 13445 5749 306 11994 0 538 
4000 12909 13628 11109 13486 6283 329 12028 0 930 
4100 12877 13627 10410 13528 6858 272 11949 0 1623 
4200 12899 13630 9570 13516 7491 291 12013 0 2441 
4300 12882 13591 8485 13491 8033 270 12064 1 3324 
4400 12895 13627 7619 13476 8642 276 12014 0 4201 
4500 12848 13534 6668 13503 9106 264 11903 0 4925 
4600 12928 13587 5723 13497 9443 279 12091 0 5830 
4700 12835 13553 4668 13410 9696 276 12051 1 6699 
4800 12803 13566 3738 13411 9957 236 11895 0 7484 
4900 12914 13583 3038 13541 10458 230 12059 0 8205 
5000 12875 13604 2229 13483 10826 263 12044 1 8778 
5100 12920 13594 1344 13480 11263 247 11967 2 9667 
5200 12947 13542 738 13480 11625 235 12083 3 10206 
5300 12887 13534 359 13428 11810 199 12058 2 10519 
5400 12831 13558 227 13482 11972 228 12072 0 10650 
5500 12910 13549 220 13461 12082 262 12069 0 10670 
5600 12947 13516 165 13482 12188 250 12081 2 10761 
5700 12960 13546 136 13491 12232 260 12091 2 10699 
5800 12944 13540 181 13511 12272 263 12022 6 10774 
5900 12959 13608 161 13479 12305 233 12160 1 10788 
6000 12961 13544 179 13486 12292 255 12134 1 10731 
6100 12982 13587 193 13535 12213 229 12093 1 10750 
6200 12951 13657 173 13532 12289 243 12121 1 10922 
6300 12928 13487 203 13432 12247 262 12016 0 10600 
6400 12938 13600 199 13530 12208 270 12008 0 10617 
6500 13065 13559 170 13518 12429 223 12201 0 10803 
6600 13024 13610 174 13481 12313 233 12152 2 10712 
6700 13069 13623 174 13495 12332 244 12215 0 10832 
6800 12987 13587 163 13533 12218 230 12086 0 10791 
6900 13081 13677 189 13488 12411 268 12178 1 10891 
7000 12970 13597 191 13487 12295 238 12122 0 10724 
7100 13035 13565 154 13518 12298 260 12178 1 10874 
7200 13053 13594 181 13582 12363 242 12130 0 10800 
7300 13064 13574 147 13488 12349 249 12207 0 10797 
7400 12997 13603 184 13536 12419 230 12182 6 10869 
7500 12998 13598 186 13488 12286 277 12136 3 10730 
7600 13081 13656 169 13581 12343 248 12145 2 10854 
7700 13098 13621 186 13495 12397 228 12210 1 10980 
7800 13124 13665 161 13535 12366 269 12177 0 10890 
7900 13077 13584 187 13462 12431 281 12223 0 10772 
8000 13107 13571 157 13568 12447 269 12231 2 10918 
8100 13164 13656 159 13585 12444 269 12247 0 10940 
8200 13245 13687 145 13540 12556 242 12375 0 11080 
8300 13192 13670 163 13550 12460 272 12299 0 11021 
8400 13128 13615 207 13592 12441 264 12249 0 10904 
8500 13190 13576 371 13487 12478 420 12283 0 10959 
8600 13149 13560 591 13510 12485 709 12262 0 10866 
8700 13094 13645 874 13568 12440 1045 12297 0 10917 
8800 13137 13625 1198 13564 12511 1381 12355 0 11048 
8900 13229 13647 1494 13549 12495 1623 12383 0 10986 
9000 13142 13616 1803 13485 12431 1998 12254 0 10986 
9100 13155 13635 1988 13497 12434 2214 12263 0 10973 
9200 13150 13587 2264 13511 12422 2525 12238 2 10986 
9300 13114 13591 2470 13462 12418 2725 12190 2 10942 
9400 13063 13632 2735 13569 12383 3050 12165 3 10934 
9500 13115 13654 2984 13552 12415 3325 12234 2 11009 
9600 13094 13615 3252 13490 12438 3594 12267 2 11066 
9700 13092 13640 3492 13458 12362 3841 12217 2 10970 
9800 13086 13618 3701 13458 12365 4032 12168 5 10910 
9900 13053 13622 4055 13426 12332 4459 12155 2 10893 
10000 12988 13589 4321 13416 12260 4668 12052 2 10840 
