# Avida tasks data
# Thu Apr 20 12:12:07 2023
# First column gives the current update, next columns give the number
# of organisms that have the particular task as a component of their merit
#  1: Update
#  2: Not
#  3: Nand
#  4: And
#  5: OrNot
#  6: Or
#  7: AndNot
#  8: Nor
#  9: Xor
# 10: Equals

0 0 0 0 0 0 0 0 0 0 
100 0 0 0 0 0 0 0 0 0 
200 0 0 0 0 0 0 0 0 0 
300 0 0 0 0 0 0 0 0 0 
400 35 0 0 0 0 0 0 0 0 
500 193 3 0 0 0 0 0 0 0 
600 835 12 0 290 0 0 0 0 0 
700 2718 76 0 2063 2 0 0 0 0 
800 4932 186 0 4371 26 2 0 0 0 
900 6822 402 0 6051 403 190 0 0 0 
1000 7145 1081 3 6894 1770 625 0 0 0 
1100 7450 2631 5 7471 2735 817 882 0 0 
1200 7880 3738 5 7567 3124 691 2091 0 0 
1300 7995 4298 4 7671 3586 549 2790 0 0 
1400 8219 5318 9 8257 4460 456 3852 0 0 
1500 8215 5406 2 8303 4517 443 3918 0 2 
1600 8215 5400 2 8302 4512 443 3919 0 2 
1700 8212 5397 2 8299 4509 443 3914 0 2 
1800 8212 5397 2 8299 4509 443 3914 0 2 
1900 8212 5397 2 8299 4509 443 3914 0 2 
2000 8212 5397 2 8299 4509 443 3914 0 2 
2100 8213 5398 2 8300 4510 443 3915 0 2 
2200 8212 5397 2 8299 4509 443 3914 0 2 
2300 8212 5397 2 8299 4509 443 3914 0 2 
2400 8213 5398 2 8300 4510 443 3915 0 2 
2500 8212 5397 2 8299 4509 443 3914 0 2 
2600 8214 5399 2 8301 4511 443 3914 0 2 
2700 8214 5399 2 8301 4511 443 3914 0 2 
2800 8215 5400 2 8302 4512 443 3915 0 2 
2900 8214 5399 2 8301 4511 443 3914 0 2 
3000 8213 5399 2 8301 4511 443 3914 0 2 
3100 8213 5399 2 8301 4511 443 3914 0 2 
3200 8213 5398 2 8301 4511 443 3913 0 2 
3300 8213 5398 2 8301 4511 443 3913 0 2 
3400 8214 5399 2 8302 4512 443 3914 0 2 
3500 8213 5398 2 8301 4511 443 3913 0 2 
3600 8213 5398 2 8301 4511 443 3913 0 2 
3700 8214 5399 2 8302 4512 443 3914 0 2 
3800 8213 5398 2 8301 4511 443 3913 0 2 
3900 8213 5398 2 8301 4511 443 3913 0 2 
4000 8213 5398 2 8302 4511 443 3913 0 2 
4100 8214 5399 2 8303 4512 443 3914 0 2 
4200 8241 5458 12 8340 4596 439 4002 0 2 
4300 8354 5847 11 8527 4905 429 4367 0 0 
4400 8384 5869 9 8546 4947 420 4397 0 0 
4500 8384 5869 9 8546 4947 421 4397 0 0 
4600 8414 5925 7 8586 5051 409 4508 0 0 
4700 8585 6328 6 8851 5406 434 4874 0 0 
4800 8895 7043 8 9226 6058 543 5505 0 1 
