# Avida tasks data
# Fri Apr 21 03:02:08 2023
# First column gives the current update, next columns give the number
# of organisms that have the particular task as a component of their merit
#  1: Update
#  2: Not
#  3: Nand
#  4: And
#  5: OrNot
#  6: Or
#  7: AndNot
#  8: Nor
#  9: Xor
# 10: Equals

0 0 0 0 0 0 0 0 0 0 
100 0 0 0 0 0 0 0 0 0 
200 0 0 0 0 0 0 0 0 0 
300 0 0 0 0 0 0 0 0 0 
400 0 0 0 0 0 0 0 0 0 
500 0 0 0 0 0 0 0 0 0 
600 0 93 0 0 0 0 0 0 0 
700 70 1032 0 3 0 0 0 0 0 
800 630 1537 7 13 0 387 0 0 0 
900 2266 2625 19 665 0 1407 0 0 0 
1000 4708 4859 76 2932 0 3609 454 0 0 
1100 6855 6854 92 4821 112 5522 1306 0 0 
1200 7952 7952 88 5824 1342 6604 2009 2 0 
1300 8949 8852 112 6725 2729 7510 3211 0 3 
1400 10189 9876 121 7808 4116 8631 4556 9 119 
1500 11275 10892 103 8894 5296 9576 5743 8 336 
1600 11908 11672 138 9616 6190 10416 6571 10 610 
1700 12462 12077 149 10229 7064 10986 7284 4 887 
1800 12712 12370 153 10593 8384 11280 6873 17 1885 
1900 12843 12379 218 10706 8870 11380 5852 26 3057 
2000 12977 12438 265 10880 9407 11430 5142 31 4147 
2100 13051 12613 261 11171 9893 11794 4380 26 5296 
2200 13094 12624 266 11332 10166 11925 3413 30 6412 
2300 13137 12560 263 11323 10150 11788 2875 50 6928 
2400 13136 12578 256 11366 10186 11844 2872 42 6986 
2500 13132 12588 255 11392 10179 11750 2863 43 7012 
2600 13167 12610 248 11414 10251 11680 2863 42 7071 
2700 13168 12626 245 11415 10245 11602 2871 40 7096 
2800 13140 12612 257 11409 10216 11504 2870 44 7058 
2900 13125 12634 270 11428 10244 11675 2868 41 7120 
3000 13151 12654 263 11468 10283 11858 2869 44 7141 
3100 13159 12659 267 11485 10267 11891 2860 42 7137 
3200 13158 12654 267 11472 10277 11889 2861 37 7156 
3300 13160 12663 262 11469 10280 11886 2857 37 7177 
3400 13167 12674 274 11502 10269 11889 2858 38 7169 
3500 13144 12673 262 11478 10213 11877 2839 39 7168 
3600 13142 12665 264 11502 10166 11885 2696 39 7311 
3700 13151 12685 265 11536 10220 11924 2643 40 7411 
3800 13161 12692 260 11590 10265 11921 2612 39 7474 
3900 13164 12675 269 11599 10290 11862 2611 41 7473 
4000 13141 12656 285 11609 10284 11613 2475 45 7602 
4100 13117 12653 283 11565 10045 11381 2472 43 7561 
