# Avida tasks data
# Fri Apr 21 03:53:39 2023
# First column gives the current update, next columns give the number
# of organisms that have the particular task as a component of their merit
#  1: Update
#  2: Not
#  3: Nand
#  4: And
#  5: OrNot
#  6: Or
#  7: AndNot
#  8: Nor
#  9: Xor
# 10: Equals

0 0 0 0 0 0 0 0 0 0 
100 0 0 0 0 0 0 0 0 0 
200 0 0 0 0 0 0 0 0 0 
300 0 0 0 0 0 0 0 0 0 
400 0 0 0 0 0 0 0 0 0 
500 0 0 0 0 0 0 0 0 0 
600 0 0 0 0 0 0 0 0 0 
700 0 0 0 0 0 0 0 0 0 
800 740 232 0 2 0 5 0 0 0 
900 2089 1858 83 529 1 1677 9 0 0 
1000 3577 3300 67 2211 1 3192 13 0 0 
1100 5700 5350 150 4294 1 5177 14 0 0 
1200 7561 7147 310 6196 3 6792 30 0 0 
1300 9458 9076 1775 8102 10 8488 32 0 0 
1400 11153 10808 4115 9634 1 10129 25 0 0 
1500 11906 11606 5871 10333 19 10733 26 0 0 
1600 12485 12192 7369 10931 16 11273 19 0 0 
1700 12758 12609 8465 11408 36 11497 77 0 0 
1800 12931 12784 9419 11539 56 11532 279 0 0 
1900 12995 12952 10156 11743 114 11648 715 0 0 
2000 13067 13113 10715 11919 177 11603 1321 0 2 
2100 13243 13250 11288 12023 175 11649 1859 0 0 
2200 13203 13399 11680 12062 162 11596 2564 0 3 
2300 13205 13399 12014 12205 200 11781 3183 0 4 
2400 13251 13399 12117 12169 170 11586 3864 1 78 
2500 13249 13421 12366 12196 155 10656 3909 2 1001 
2600 13230 13352 12360 12133 113 9475 3598 0 2281 
2700 13346 13352 12401 12141 57 8575 3374 0 3484 
2800 13284 13346 12460 12111 58 8828 3017 72 4418 
2900 13338 13377 12359 11664 43 7435 2845 114 5285 
3000 13303 13418 12349 11013 40 6978 2668 4 5562 
3100 12713 13465 12395 9502 26 6788 2663 1 5757 
3200 11026 13471 12383 9659 25 6485 2656 1 5878 
3300 9694 13543 12461 9882 18 5433 2378 2 6926 
3400 8847 13581 12511 9984 18 4702 2380 6 7704 
3500 8258 13452 12594 10292 17 4211 2379 1 8251 
3600 7804 13407 12620 10520 16 3989 2385 6 8503 
3700 7272 13241 12609 10638 15 3886 2372 8 8627 
3800 6925 13135 12627 10787 15 3750 2398 5 8744 
3900 6562 13078 12620 10885 9 3625 2370 4 8882 
4000 6175 13036 12691 11024 9 3538 2342 3 9051 
4100 5945 12956 12678 11029 9 3496 2339 4 9057 
4200 5941 12953 12697 11024 9 3477 2337 5 9077 
4300 6299 12719 12652 10974 12 3496 2330 4 9007 
4400 6744 12693 12624 10930 12 3503 2329 4 8950 
4500 6796 12735 12620 10939 10 3511 2327 7 8947 
4600 6412 12331 12630 10947 10 3490 2326 5 8961 
4700 6359 11894 12623 10951 10 3485 2323 3 8973 
4800 6313 11496 12626 10956 10 3470 2319 4 8974 
4900 6230 11582 12610 10945 10 3453 2324 9 8961 
5000 6192 11766 12588 10919 10 3453 2325 14 8972 
5100 6205 11814 12598 10923 10 3444 2331 16 8984 
5200 6204 11809 12562 10899 10 3463 2330 15 8946 
5300 6218 11797 12582 10934 10 3454 2322 24 8980 
5400 6217 11748 12598 10910 11 3445 2322 20 8989 
5500 6188 11724 12585 10915 11 3381 2308 21 9054 
5600 6142 11661 12583 10890 11 3352 2288 21 9093 
5700 6029 11610 12592 10873 11 3244 2271 25 9191 
5800 5877 11586 12600 10905 10 3108 2244 34 9307 
5900 5704 11560 12610 10919 10 2979 2161 31 9485 
6000 5595 11528 12593 10871 10 2896 2117 30 9536 
6100 5500 11545 12594 10899 12 2825 2075 32 9618 
6200 5343 11521 12611 10877 11 2726 2022 31 9737 
6300 5194 11507 12631 10882 9 2605 1962 49 9848 
6400 5084 11473 12664 10870 9 2519 1902 32 9950 
