# Avida tasks data
# Thu Apr 20 20:27:19 2023
# First column gives the current update, next columns give the number
# of organisms that have the particular task as a component of their merit
#  1: Update
#  2: Not
#  3: Nand
#  4: And
#  5: OrNot
#  6: Or
#  7: AndNot
#  8: Nor
#  9: Xor
# 10: Equals

0 0 0 0 0 0 0 0 0 0 
100 0 0 0 0 0 0 0 0 0 
200 0 0 0 0 0 0 0 0 0 
300 0 0 0 0 0 0 0 0 0 
400 0 0 0 0 0 0 0 0 0 
500 0 0 0 0 0 0 0 0 0 
600 161 0 0 0 0 0 0 0 0 
700 1389 43 0 6 0 0 0 0 0 
800 3839 1913 0 1512 2 0 0 0 0 
900 6767 4727 0 4283 29 0 0 0 0 
1000 9047 6986 1 6628 37 1 0 0 0 
1100 10280 8453 2 8288 64 0 0 0 0 
1200 10967 9136 4 8944 45 1 888 0 0 
1300 11324 9621 3 9440 50 7 2321 0 0 
1400 11556 10082 8 9901 56 10 3697 0 0 
1500 11803 10451 4 10297 58 18 4757 0 0 
1600 12019 10815 3 10503 42 24 5889 0 0 
1700 12174 11135 6 10749 43 24 6869 0 0 
1800 12334 11390 6 11070 50 35 7918 0 0 
1900 12492 11713 7 11224 43 30 8637 0 0 
2000 12652 11936 2 11451 38 23 9479 0 0 
2100 12718 12028 5 11558 48 34 10013 0 2 
2200 12767 12223 8 11749 43 35 10499 0 0 
2300 12875 12168 5 11662 44 36 10688 0 0 
2400 12759 12192 3 11619 31 27 10803 0 0 
2500 12782 12076 6 11685 47 42 10827 0 1 
2600 12805 12213 8 11614 29 24 10941 0 0 
2700 12851 12247 5 11721 32 25 11068 0 3 
2800 12764 12250 6 11691 39 29 10977 0 0 
2900 12874 12290 3 11711 37 30 11037 0 1 
3000 12789 12249 7 11732 41 36 11074 0 0 
3100 12868 12410 8 11785 42 30 11238 0 1 
3200 12867 12262 6 11695 43 36 11140 0 0 
3300 12838 12298 2 11783 39 28 11116 0 0 
3400 12718 12300 2 11775 46 33 11185 0 0 
3500 12844 12344 7 11772 38 33 11178 0 0 
3600 12865 12354 6 11749 36 35 11118 0 0 
3700 12772 12258 6 11678 50 39 11042 0 0 
3800 12897 12342 10 11815 31 24 11187 0 0 
3900 12902 12296 8 11758 52 38 11098 0 0 
4000 12929 12300 4 11778 35 79 11074 0 0 
4100 12909 12322 12 11674 33 148 11112 0 0 
4200 12906 12398 3 11813 63 271 11168 0 2 
4300 12842 12295 112 11745 82 371 11085 0 2 
4400 12896 12381 2187 11772 82 53 11164 0 0 
4500 12878 12337 4053 11758 49 62 11108 0 0 
4600 12906 12323 5700 11848 51 94 11176 1 0 
4700 12864 12308 7248 11825 40 95 11101 1 2 
4800 12904 12311 8533 11845 56 143 11076 0 0 
4900 12961 12398 9831 11911 38 148 11191 0 0 
5000 12995 12487 10936 12053 49 154 11307 0 0 
5100 12924 12384 11650 12020 52 174 11188 0 0 
5200 13003 12418 12113 12050 49 174 11203 0 0 
5300 12861 12389 12398 12022 59 170 11246 0 0 
5400 13035 12516 12669 12085 43 165 11228 0 2 
5500 12963 12469 12862 12050 33 182 11218 0 1 
5600 12911 12502 12945 12059 36 167 11276 0 1 
5700 12935 12481 12961 12012 36 156 11220 0 0 
5800 12956 12402 13050 12090 48 161 11187 0 2 
5900 12934 12490 12938 12041 42 167 11223 0 1 
6000 12883 12413 12972 11962 48 195 11095 0 2 
6100 12977 12456 13124 12061 37 137 11257 0 0 
6200 12967 12414 13092 12030 50 146 11247 0 0 
6300 13023 12442 13039 12100 49 178 11268 0 0 
6400 12939 12454 13166 12134 37 152 11284 0 0 
6500 12941 12437 13064 12068 51 163 11194 0 0 
6600 12870 12408 13034 12061 40 163 11176 0 0 
6700 12928 12468 13176 12086 40 156 11278 0 0 
6800 12955 12405 13124 12087 46 168 11217 0 1 
6900 12957 12395 13115 12014 35 186 11242 0 2 
7000 12981 12504 13146 12080 46 163 11259 0 0 
7100 13022 12502 13129 12077 39 149 11309 0 0 
7200 12937 12388 13089 12003 41 176 11239 0 1 
7300 13031 12573 13150 12191 40 168 11374 0 0 
7400 13035 12421 13181 12102 29 184 11361 0 1 
7500 12975 12497 13216 12113 25 168 11420 0 0 
7600 13070 12530 13195 12147 36 144 11316 0 0 
7700 13057 12508 13230 12140 29 141 11383 0 2 
7800 13020 12525 13226 12118 45 157 11339 0 1 
7900 13081 12481 13231 12173 27 162 11435 0 0 
8000 12970 12547 13268 12166 32 170 11377 0 0 
8100 13062 12594 13278 12253 42 149 11477 0 3 
8200 13074 12556 13291 12228 24 151 11453 0 0 
8300 13087 12506 13257 12143 26 161 11368 0 0 
8400 13094 12598 13325 12247 24 145 11408 0 0 
8500 12959 12529 13359 12108 29 126 11409 0 2 
8600 13080 12598 13266 12246 27 125 11482 0 0 
8700 13078 12486 13314 12190 38 142 11466 0 2 
8800 13061 12564 13304 12192 18 140 11380 0 0 
8900 13082 12656 13272 12270 21 136 11548 0 0 
9000 13023 12520 13291 12242 34 145 11517 0 0 
9100 13038 12651 13406 12312 34 130 11566 0 1 
9200 13026 12554 13284 12251 31 148 11524 0 2 
9300 13019 12584 13270 12270 35 178 11609 0 0 
9400 12999 12546 13268 12261 33 146 11495 0 1 
9500 13079 12659 13306 12316 37 149 11612 0 0 
9600 13135 12660 13341 12340 31 168 11652 0 0 
9700 13014 12578 13351 12254 29 137 11537 0 1 
9800 13060 12634 13241 12323 24 160 11550 0 0 
9900 13044 12671 13295 12333 29 152 11655 0 0 
10000 13089 12615 13266 12265 32 157 11552 0 0 
