# Avida tasks data
# Thu Apr 20 19:44:17 2023
# First column gives the current update, next columns give the number
# of organisms that have the particular task as a component of their merit
#  1: Update
#  2: Not
#  3: Nand
#  4: And
#  5: OrNot
#  6: Or
#  7: AndNot
#  8: Nor
#  9: Xor
# 10: Equals

0 0 0 0 0 0 0 0 0 0 
100 0 0 0 0 0 0 0 0 0 
200 0 0 0 0 0 0 0 0 0 
300 0 0 0 0 0 0 0 0 0 
400 0 0 0 0 0 0 0 0 0 
500 24 0 0 0 0 0 0 0 0 
600 758 496 0 101 0 0 0 0 0 
700 1095 944 0 366 2 0 0 0 0 
800 1095 944 0 366 2 0 0 0 0 
900 1095 944 0 366 2 0 0 0 0 
1000 1096 944 0 366 2 0 0 0 0 
1100 1094 941 0 365 2 0 0 0 0 
1200 1094 940 0 364 2 0 0 0 0 
1300 1094 941 0 365 2 0 0 0 0 
1400 1094 941 0 363 2 0 0 0 0 
1500 1092 939 0 363 2 0 0 0 0 
1600 1092 940 0 364 2 0 0 0 0 
1700 1092 940 0 364 2 0 0 0 0 
1800 1092 938 0 364 2 0 0 0 0 
1900 1092 939 0 363 2 0 0 0 0 
2000 1092 941 0 363 2 0 0 0 0 
2100 1092 940 0 361 2 0 0 0 0 
2200 1092 940 0 361 2 0 0 0 0 
2300 1093 941 0 362 2 0 0 0 0 
2400 1093 941 0 362 2 0 0 0 0 
2500 1092 941 0 362 2 0 0 0 0 
2600 1092 942 0 363 2 0 0 0 0 
2700 1092 943 0 364 2 0 0 0 0 
2800 1092 942 0 363 2 0 0 0 0 
2900 1094 942 0 364 2 0 0 0 0 
3000 1093 944 0 364 2 0 0 0 0 
3100 1093 943 0 364 2 0 0 0 0 
3200 1093 944 0 364 2 0 0 0 0 
3300 1093 944 0 365 2 0 0 0 0 
3400 1093 944 0 365 2 0 0 0 0 
3500 1093 942 0 363 2 0 0 0 0 
3600 1592 1543 0 982 9 0 0 0 0 
3700 2102 1588 2 1449 11 0 0 0 0 
3800 2593 2189 7 2179 24 0 0 0 0 
3900 2897 2580 2 2672 14 2 0 0 0 
4000 4044 3807 3 3995 37 0 0 0 0 
4100 5012 4790 6 5071 37 0 0 0 0 
4200 4993 4809 6 5081 36 0 0 0 0 
4300 4990 4802 6 5082 38 0 0 0 0 
4400 4975 4799 6 5073 38 0 0 0 0 
4500 4996 4808 6 5083 38 0 0 0 0 
4600 5001 4833 6 5089 38 0 0 0 0 
4700 4978 4835 6 5080 36 0 0 0 0 
4800 4981 4830 6 5087 39 0 0 0 0 
4900 4970 4825 6 5074 45 2 0 0 0 
5000 4959 4829 6 5076 44 3 0 0 0 
5100 4946 4823 6 5067 44 3 0 0 0 
5200 4921 4821 6 5059 43 3 0 0 0 
5300 4929 4811 8 5058 43 3 0 0 0 
5400 4935 4832 7 5068 41 1 0 0 0 
5500 4920 4827 6 5062 40 1 0 0 0 
5600 4924 4818 6 5072 40 1 0 0 0 
5700 4939 4772 6 5079 38 1 0 0 0 
5800 4951 4713 6 5092 38 1 0 0 0 
5900 4949 4713 6 5089 38 1 0 0 0 
6000 4948 4711 6 5087 38 1 0 0 0 
6100 4947 4713 6 5086 38 1 0 0 0 
6200 4953 4714 6 5087 38 1 0 0 0 
6300 4948 4713 6 5082 38 1 0 0 0 
6400 4951 4713 6 5087 38 1 0 0 0 
6500 4947 4709 6 5083 38 1 0 0 0 
6600 4947 4710 6 5083 38 1 0 0 0 
6700 4947 4710 6 5083 38 1 0 0 0 
6800 4953 4718 6 5094 41 1 0 0 0 
6900 4948 4722 6 5096 41 1 0 0 0 
7000 4950 4717 6 5098 39 1 0 0 0 
7100 4933 4707 6 5087 40 1 0 0 0 
7200 4935 4713 7 5085 41 1 0 0 0 
7300 4944 4728 6 5090 42 1 0 0 0 
7400 4930 4755 6 5083 41 1 0 0 0 
7500 4940 4797 6 5087 43 1 0 0 0 
