# Avida tasks data
# Fri Apr 21 01:45:04 2023
# First column gives the current update, next columns give the number
# of organisms that have the particular task as a component of their merit
#  1: Update
#  2: Not
#  3: Nand
#  4: And
#  5: OrNot
#  6: Or
#  7: AndNot
#  8: Nor
#  9: Xor
# 10: Equals

0 0 0 0 0 0 0 0 0 0 
100 0 0 0 0 0 0 0 0 0 
200 0 0 0 0 0 0 0 0 0 
300 0 0 0 0 0 0 0 0 0 
400 0 0 0 0 0 0 0 0 0 
500 0 0 0 0 0 0 0 0 0 
600 211 0 0 0 0 0 0 0 0 
700 1018 4 0 0 0 0 0 0 0 
800 1792 809 0 9 0 0 0 0 0 
900 2670 2097 0 36 0 0 0 0 0 
1000 3986 3588 0 78 0 1 0 0 0 
1100 5646 5313 0 234 0 0 0 0 0 
1200 7498 7299 20 569 6 130 0 0 0 
1300 8965 8772 6 813 0 1178 15 0 0 
1400 9794 9613 17 1055 8 2547 18 0 0 
1500 10370 10167 10 1145 8 3728 28 0 0 
1600 11106 10880 20 1010 4 4979 20 0 0 
1700 11958 11786 27 983 2 6491 40 0 0 
1800 12336 12210 37 925 6 7814 69 0 0 
1900 12624 12507 47 711 1 9010 51 0 0 
2000 12696 12792 38 563 1 10143 56 0 0 
2100 12835 12866 40 499 4 11020 60 0 0 
2200 12872 12881 45 390 5 11587 66 0 0 
2300 12845 12893 50 304 1 11959 59 0 0 
2400 12887 12909 49 255 8 12216 57 0 0 
2500 12844 12823 67 189 3 12305 57 0 0 
2600 12853 12843 60 138 5 12395 53 0 0 
2700 12814 12953 51 136 3 12526 65 0 0 
2800 12860 12859 41 155 4 12434 63 0 0 
2900 12810 12828 62 146 484 12424 60 0 0 
3000 12954 13039 49 340 1557 12586 60 0 0 
3100 12838 12911 44 944 2900 12485 55 0 0 
3200 12926 13029 53 1720 4005 12597 55 0 0 
3300 12883 12995 55 2557 5229 12553 59 0 0 
3400 12948 13087 45 3296 6433 12591 46 0 0 
3500 12907 13071 45 4160 7400 12678 39 0 0 
3600 12903 13139 36 5058 8317 12720 47 0 0 
3700 12930 13253 36 5814 9349 12735 41 0 0 
3800 12856 13261 36 6662 10060 12762 45 0 0 
3900 12907 13341 27 7308 10636 12753 330 0 0 
4000 12885 13273 34 8117 11074 12799 936 0 0 
4100 12883 13217 32 8991 11471 12772 1702 0 0 
4200 12879 13287 36 9900 12022 12792 2535 0 0 
4300 12762 13253 29 10539 12214 12785 3371 0 0 
4400 12729 13269 62 10985 12196 12811 4283 0 0 
4500 12817 13306 87 11315 12192 12862 5066 0 0 
4600 12801 13287 213 11596 12180 12742 5950 0 0 
4700 12826 13218 191 11696 12180 12747 6673 0 0 
4800 12840 13264 315 11867 12227 12857 7444 0 0 
4900 12814 13323 488 12020 12195 12884 8097 0 0 
5000 12919 13335 621 12090 12235 12883 8853 0 0 
5100 12785 13275 852 12068 12035 12895 9353 0 0 
5200 12841 13299 1136 12251 12063 12851 9907 0 0 
5300 12870 13297 1421 12193 12159 12930 10324 0 0 
5400 12818 13274 1760 12305 12097 12896 10655 0 0 
5500 12865 13244 1946 12210 12089 12763 10768 0 0 
5600 12876 13267 2168 12271 12211 12786 11157 0 0 
5700 12862 13201 2449 12249 12213 12843 11366 0 0 
5800 12755 13316 2827 12383 12102 12846 11317 0 0 
5900 12833 13276 3204 12355 12128 12820 11454 0 0 
6000 12891 13307 3578 12427 12242 12877 11544 0 0 
6100 12861 13220 3864 12373 12155 12814 11521 0 0 
6200 12744 13355 4363 12222 12079 12830 11362 0 0 
6300 12805 13302 4667 12269 12099 12867 11451 0 0 
6400 12928 13238 5245 12353 12321 12813 11654 0 0 
6500 12826 13226 5537 12331 12145 12801 11441 0 0 
6600 12821 13230 5891 12289 12172 12813 11468 0 0 
6700 12892 13265 6092 12367 12250 12750 11500 0 0 
6800 12888 13283 6385 12467 12197 12874 11547 0 0 
6900 12807 13295 6719 12288 12146 12806 11424 0 0 
7000 12924 13318 7044 12349 12269 12809 11512 0 0 
7100 12944 13295 7377 12463 12277 12847 11554 0 0 
7200 12892 13288 7603 12490 12279 12847 11610 0 0 
7300 12977 13271 7908 12467 12144 12816 11488 0 0 
7400 12907 13268 8127 12404 12212 12826 11484 0 0 
7500 13008 13248 8451 12461 12193 12810 11563 0 0 
7600 12942 13314 8551 12468 12184 12840 11509 0 0 
7700 12884 13374 8863 12389 12200 12927 11478 0 0 
7800 12977 13344 9108 12445 12347 12930 11636 0 0 
7900 12900 13298 9264 12400 12186 12839 11510 0 0 
8000 12929 13269 9398 12370 12221 12784 11544 0 0 
8100 12878 13327 9634 12365 12206 12783 11546 0 0 
8200 12916 13247 9537 12471 12234 12833 11451 0 11 
8300 12950 13306 9619 12337 12238 12883 11366 0 98 
8400 13023 13222 9646 12302 12346 12823 11367 0 203 
8500 12964 13267 9571 11976 12249 12778 11024 0 431 
8600 13013 13291 9268 11662 12359 12824 10795 0 754 
8700 12944 13308 9077 11602 12277 12836 10359 0 1081 
8800 12980 13266 8722 11678 12319 12730 9962 0 1533 
8900 12942 13286 8500 11868 12329 12827 9480 0 1961 
9000 12965 13322 7905 11914 12363 12860 8920 0 2453 
9100 13015 13287 7399 12130 12363 12816 8273 0 2950 
9200 12978 13290 6753 12345 12395 12807 7671 0 3670 
9300 13017 13361 6029 12088 12477 12872 7219 0 4329 
9400 13005 13385 5501 12063 12456 12867 6649 0 5051 
9500 12912 13335 4956 11638 12386 12785 6272 0 5604 
9600 12941 13324 4615 11201 12470 12743 6117 1 6131 
9700 13002 13369 4250 10746 12530 12834 5920 1 6885 
9800 12869 13428 3987 10505 12482 12840 5799 0 7447 
9900 12870 13389 3836 10529 12574 12872 5798 0 7859 
10000 12824 13370 3628 10578 12502 12875 5867 0 8233 
