# Avida tasks data
# Thu Apr 20 14:26:24 2023
# First column gives the current update, next columns give the number
# of organisms that have the particular task as a component of their merit
#  1: Update
#  2: Not
#  3: Nand
#  4: And
#  5: OrNot
#  6: Or
#  7: AndNot
#  8: Nor
#  9: Xor
# 10: Equals

0 0 0 0 0 0 0 0 0 0 
100 0 0 0 0 0 0 0 0 0 
200 0 0 0 0 0 0 0 0 0 
300 0 0 0 0 0 0 0 0 0 
400 7 0 0 0 0 0 0 0 0 
500 37 0 0 0 0 0 0 0 0 
600 66 0 0 0 0 0 0 0 0 
700 97 0 0 0 0 0 0 0 0 
800 174 26 0 0 0 0 0 0 0 
900 410 155 0 0 0 0 0 0 0 
1000 832 398 0 132 0 0 0 0 0 
1100 1166 495 0 1790 1549 0 0 0 0 
1200 3103 651 0 4609 4039 604 15 0 0 
1300 2717 863 0 5909 5353 2567 37 0 0 
1400 2712 1285 0 7025 6370 4067 75 0 0 
1500 3074 1612 0 7839 7209 5340 47 0 0 
1600 3705 1736 0 8678 8103 6284 66 0 0 
1700 4594 1680 0 9392 8782 7299 101 0 0 
1800 5411 1585 0 10004 9454 8099 84 0 0 
1900 6371 1419 1 10545 10077 8808 106 0 0 
2000 7586 1309 0 11023 10668 9460 78 0 0 
2100 8700 1311 2 11600 11258 10136 121 0 0 
2200 9775 1281 1 11876 11600 10542 108 0 0 
2300 10760 1234 0 12188 11834 10923 95 0 0 
2400 11486 1297 2 12331 12053 11140 97 1 0 
2500 12144 1393 2 12522 12237 11330 88 0 0 
2600 12319 1802 0 12570 12227 11274 118 0 0 
2700 12503 2144 3 12493 12221 11368 81 0 0 
2800 12614 2475 0 12572 12291 11316 116 0 0 
2900 12766 2869 0 12595 12211 11330 109 0 0 
3000 12844 3355 0 12641 12313 11394 97 0 0 
3100 12866 3728 0 12616 12260 11355 79 0 0 
3200 12920 4313 3 12689 12401 11506 92 0 0 
3300 12924 4857 0 12712 12391 11496 108 0 0 
3400 12946 5298 2 12636 12347 11435 127 0 0 
3500 12959 5939 11 12752 12441 11519 106 0 0 
3600 12797 6556 139 12743 12360 11542 89 0 0 
3700 12484 7379 622 12667 12311 11370 105 0 0 
3800 12558 8048 1469 12732 12360 11412 96 0 0 
3900 12495 8971 2597 12716 12373 11459 89 0 0 
4000 12374 9519 3519 12751 12476 11485 100 0 0 
4100 12334 10252 4452 12695 12314 11378 89 0 0 
4200 12401 10987 5552 12805 12505 11536 90 0 0 
4300 12330 11525 6489 12715 12368 11426 96 1 0 
4400 12484 12097 7673 12744 12396 11473 113 0 0 
4500 12424 12575 8560 12790 12473 11418 86 0 0 
4600 12406 13021 9293 12756 12464 11439 96 0 0 
4700 12441 13203 9930 12796 12505 11409 116 0 0 
4800 12380 13289 10486 12711 12369 11326 106 3 0 
4900 12533 13401 10911 12690 12384 11334 142 1 0 
5000 12602 13511 11157 12629 12388 11298 95 0 0 
5100 12516 13576 11304 12705 12427 11421 121 0 0 
5200 12559 13522 11462 12733 12402 11335 108 0 0 
5300 12687 13548 11563 12725 12508 11519 92 0 0 
5400 12658 13604 11492 12708 12388 11384 126 0 0 
5500 12752 13661 11508 12649 12336 11413 111 1 0 
5600 12680 13573 11624 12803 12450 11474 139 1 0 
5700 12608 13562 11586 12806 12441 11408 124 0 0 
5800 12522 13548 11562 12688 12402 11402 116 1 0 
5900 12528 13532 11608 12816 12487 11529 106 1 0 
6000 12594 13527 11588 12854 12514 11555 138 0 0 
6100 12561 13573 11553 12844 12450 11528 116 0 62 
6200 12601 13604 10622 12822 12478 11601 110 5 1082 
6300 12579 13563 9127 12837 12489 11642 113 22 2464 
6400 12701 13598 7712 12833 12422 11552 145 25 3866 
6500 12735 13581 6333 12793 12418 11543 128 22 5195 
6600 12658 13581 6117 12891 12469 11609 126 21 5470 
6700 12656 13579 6117 12889 12467 11607 126 21 5468 
6800 12657 13580 6117 12890 12468 11608 126 21 5469 
6900 12657 13580 6117 12890 12468 11608 126 21 5469 
7000 12637 13588 5960 12857 12459 11621 115 37 5638 
7100 12618 13595 5431 12840 12460 11549 117 27 6152 
7200 12595 13609 4373 12810 12477 11576 149 37 7177 
7300 12671 13600 3414 12883 12507 11586 125 36 8104 
7400 12540 13594 2527 12852 12549 11674 122 41 9028 
7500 12553 13600 2310 12855 12458 11606 124 41 9239 
7600 12467 13519 1803 12834 12435 11587 120 52 9665 
7700 12323 13629 1692 13017 12699 11867 100 42 10067 
7800 12401 13668 1681 13062 12743 11866 105 43 10163 
7900 12422 13646 1638 13118 12838 10462 98 37 10315 
8000 12420 13656 1455 12326 12862 9426 91 37 10564 
8100 12438 13639 1351 11433 12871 8787 79 35 10658 
8200 12432 13631 1190 10615 12870 8153 70 32 10841 
8300 12392 13667 1090 10020 12901 7631 71 33 10984 
8400 12417 13651 1045 9770 12757 7359 62 31 11023 
8500 12238 13546 1051 10123 12576 7259 61 33 10833 
8600 12177 13496 1052 10114 12482 7060 61 30 10761 
8700 12157 13530 1051 10136 12449 6926 63 30 10772 
8800 12079 13480 1056 9975 12310 6667 59 33 10625 
8900 12097 13486 1054 9989 12317 6654 59 33 10633 
9000 12097 13484 1054 9988 12315 6653 59 32 10631 
9100 12098 13485 1054 9988 12316 6653 59 33 10632 
9200 12098 13485 1054 9988 12316 6653 59 33 10632 
9300 12097 13484 1054 9988 12315 6653 59 32 10631 
9400 12098 13485 1054 9988 12316 6653 59 33 10632 
9500 12096 13483 1054 9988 12315 6653 59 32 10630 
9600 12097 13484 1054 9988 12316 6653 59 33 10631 
9700 12097 13484 1054 9988 12316 6653 59 33 10631 
9800 12095 13482 1054 9986 12314 6653 59 33 10629 
9900 12093 13482 1054 9985 12314 6652 59 32 10629 
10000 12096 13485 1054 9985 12315 6652 59 33 10630 
