# Avida tasks data
# Thu Apr 20 14:00:59 2023
# First column gives the current update, next columns give the number
# of organisms that have the particular task as a component of their merit
#  1: Update
#  2: Not
#  3: Nand
#  4: And
#  5: OrNot
#  6: Or
#  7: AndNot
#  8: Nor
#  9: Xor
# 10: Equals

0 0 0 0 0 0 0 0 0 0 
100 0 0 0 0 0 0 0 0 0 
200 0 0 0 0 0 0 0 0 0 
300 0 0 0 0 0 0 0 0 0 
400 0 0 0 0 0 0 0 0 0 
500 0 0 0 0 0 0 0 0 0 
600 3 0 0 0 0 0 0 0 0 
700 6 6 0 0 0 0 0 0 0 
800 17 31 0 0 0 2 0 0 0 
900 85 144 0 16 0 0 0 0 0 
1000 290 296 0 205 0 0 0 0 0 
1100 746 847 8 1039 4 0 0 0 0 
1200 1152 1587 422 2435 285 966 2 0 0 
1300 1849 2599 270 3435 2064 2359 20 0 0 
1400 3537 3931 178 4300 3127 3375 15 0 0 
1500 4812 5161 165 5264 4239 4435 0 0 0 
1600 6008 6524 149 6536 5513 5718 7 0 0 
1700 7260 7820 140 7730 6610 6839 12 0 0 
1800 8418 9055 143 9004 7723 8028 10 0 0 
1900 9229 10182 159 10058 8564 8913 3 0 0 
2000 9922 11012 171 10819 9439 9760 5 0 0 
2100 10531 11561 161 11386 9996 10354 13 0 0 
2200 10891 11898 155 11677 10295 9807 795 672 0 
2300 11131 12027 139 11687 10496 8706 2003 1689 0 
2400 11446 12168 135 11811 10737 7938 2928 2436 0 
2500 11683 12277 116 11840 10890 7213 3687 3102 0 
2600 11890 12530 117 11982 11130 6505 4594 3895 0 
2700 12108 12595 109 11970 11326 5965 5263 4444 0 
2800 12339 12742 84 12041 11483 5522 5801 4898 0 
2900 12409 12777 79 12042 11579 4931 6390 5433 0 
3000 12544 12869 71 12059 11661 4413 6963 5829 0 
3100 12662 12924 52 11990 11834 3805 7616 6448 0 
3200 12835 13080 33 12085 11971 3147 8357 7063 0 
3300 13032 13221 23 12182 12095 2626 9052 7702 4 
3400 13185 13312 17 12314 12272 2196 9557 8057 16 
3500 13254 13366 15 12292 12361 1831 10017 8399 135 
3600 13436 13296 56 12314 12495 1545 10403 8425 468 
3700 13422 11210 600 12222 12349 873 10868 7479 1735 
3800 13462 9622 1617 12238 12382 622 11125 6579 2742 
3900 13610 8413 2374 12388 12494 530 11394 5846 3594 
4000 13610 7294 2517 12343 12409 509 11388 5081 4280 
4100 13560 6612 2314 11801 12323 488 11308 4517 4657 
4200 13503 6507 2312 11557 12330 489 11329 4321 4996 
4300 13484 6270 2317 11684 12293 475 11305 4212 5104 
