# Avida tasks data
# Thu Apr 20 22:04:35 2023
# First column gives the current update, next columns give the number
# of organisms that have the particular task as a component of their merit
#  1: Update
#  2: Not
#  3: Nand
#  4: And
#  5: OrNot
#  6: Or
#  7: AndNot
#  8: Nor
#  9: Xor
# 10: Equals

0 0 0 0 0 0 0 0 0 0 
100 0 0 0 0 0 0 0 0 0 
200 0 0 0 0 0 0 0 0 0 
300 0 0 0 0 0 0 0 0 0 
400 0 0 0 0 0 0 0 0 0 
500 70 0 0 0 0 0 0 0 0 
600 1958 0 0 0 0 0 0 0 0 
700 3539 0 0 3 0 0 0 0 0 
800 3542 0 0 3 0 0 0 0 0 
900 3964 0 0 6 0 0 0 0 0 
1000 5174 10 0 22 0 0 2 0 0 
1100 6666 25 0 27 0 0 2 0 0 
1200 7615 38 1 33 3 2 0 0 0 
1300 10333 35 2 32 6 0 0 0 0 
1400 12821 2107 6 62 9 5 0 0 0 
1500 13534 4192 6 85 8 5 0 0 0 
1600 13797 5175 9 109 15 10 1 0 0 
1700 13942 5702 8 124 20 8 1 0 0 
1800 14158 7106 10 110 17 8 1 0 0 
1900 14192 8191 8 148 32 5 0 0 0 
2000 14225 8766 8 155 30 11 0 0 0 
2100 14240 9884 9 171 25 19 0 0 0 
2200 14268 10396 14 263 30 7 0 0 0 
2300 14283 8905 13 174 24 12 2 0 0 
2400 14260 8259 12 158 13 7 0 0 0 
2500 14256 8021 11 150 12 7 0 0 0 
2600 14249 7681 10 149 12 6 0 0 0 
2700 14222 7321 10 140 12 6 0 0 0 
2800 14235 6994 10 136 12 6 0 0 0 
2900 14238 6613 10 132 12 6 0 0 0 
3000 14218 6370 10 126 12 5 0 0 0 
3100 14209 6366 10 125 12 5 0 0 0 
3200 14203 6356 10 123 12 4 0 0 0 
3300 14198 6333 10 123 12 4 0 0 0 
3400 14210 6321 10 122 12 4 0 0 0 
3500 14181 6174 10 121 12 4 0 0 0 
3600 14170 6009 10 118 12 4 0 0 0 
3700 14163 5863 10 116 12 3 0 0 0 
3800 14160 5718 10 112 12 3 0 0 0 
3900 14145 5535 10 110 12 3 0 0 0 
4000 14162 5422 9 107 12 3 0 0 0 
4100 14167 5414 9 106 12 3 0 0 0 
4200 14151 5350 9 106 12 3 0 0 0 
4300 14128 5260 9 106 12 3 1 0 0 
4400 14145 4851 9 97 16 3 0 0 0 
4500 14154 4417 9 85 12 2 0 0 0 
4600 14117 4124 9 79 18 2 0 0 0 
4700 14119 4004 9 76 14 2 0 0 0 
4800 14105 3914 9 75 12 1 0 0 0 
4900 14100 3773 9 74 14 1 0 0 0 
5000 14089 3711 9 71 12 1 0 0 0 
5100 14114 3647 9 66 14 1 0 0 0 
5200 14114 3646 9 66 14 1 0 0 0 
5300 14114 3646 9 66 14 1 0 0 0 
5400 14098 3469 9 65 13 1 0 0 0 
5500 14090 3379 10 62 16 1 0 0 0 
5600 14086 3285 9 57 18 2 0 0 0 
5700 14088 3285 9 57 18 2 0 0 0 
5800 14099 3282 9 58 15 1 0 0 0 
5900 14102 3271 9 57 17 1 0 0 0 
6000 14125 3234 8 59 20 1 0 0 0 
6100 14100 3166 8 50 15 1 0 0 0 
6200 14117 3065 10 48 23 1 0 0 0 
6300 14076 2917 8 50 16 1 0 0 0 
6400 14092 2762 8 48 23 1 0 0 0 
6500 14121 2595 7 46 20 1 0 0 0 
6600 14119 2458 7 46 14 1 0 0 0 
6700 14079 2252 7 45 13 1 0 0 0 
6800 14087 2171 7 44 13 1 0 0 0 
6900 14094 2162 7 44 14 1 0 0 0 
7000 14105 1986 5 48 13 0 0 0 0 
7100 14065 1846 5 45 27 0 0 0 0 
7200 14067 1811 5 40 22 0 0 0 0 
7300 14047 1804 5 40 18 0 0 0 0 
7400 14042 1863 5 49 18 0 0 0 0 
7500 14044 1822 5 54 20 0 0 0 0 
7600 14024 1729 5 50 17 0 0 0 0 
7700 14000 1693 5 45 17 0 0 0 0 
7800 13982 1678 5 56 16 0 0 0 0 
7900 13975 1643 5 67 16 0 0 0 0 
8000 13967 1627 5 59 16 0 0 0 0 
8100 13969 1630 5 54 15 0 0 0 0 
8200 13966 1630 5 54 15 0 0 0 0 
8300 13963 1630 5 55 17 0 0 0 0 
8400 13930 1617 5 48 18 0 0 0 0 
8500 13952 1694 5 57 18 0 0 0 0 
8600 13934 1637 5 59 17 0 0 0 0 
8700 13899 1628 5 66 14 0 0 0 0 
8800 13915 1655 5 61 11 0 0 0 0 
8900 13910 1637 5 74 8 0 0 0 0 
9000 13907 1637 5 74 8 0 0 0 0 
9100 13900 1626 5 70 10 0 0 0 0 
9200 13900 1574 5 60 10 0 0 0 0 
9300 13860 1668 5 78 7 2 0 0 0 
9400 13865 1738 6 70 7 2 0 0 0 
9500 13847 1765 6 78 9 2 0 0 0 
9600 13847 1765 6 78 9 2 0 0 0 
9700 13846 1765 6 78 9 2 0 0 0 
9800 13847 1764 6 78 9 2 0 0 0 
9900 13847 1764 6 78 9 2 0 0 0 
10000 13872 1783 5 78 8 0 0 0 0 
