# Avida tasks data
# Fri Apr 21 00:36:47 2023
# First column gives the current update, next columns give the number
# of organisms that have the particular task as a component of their merit
#  1: Update
#  2: Not
#  3: Nand
#  4: And
#  5: OrNot
#  6: Or
#  7: AndNot
#  8: Nor
#  9: Xor
# 10: Equals

0 0 0 0 0 0 0 0 0 0 
100 0 0 0 0 0 0 0 0 0 
200 0 0 0 0 0 0 0 0 0 
300 0 0 0 0 0 0 0 0 0 
400 0 0 0 0 0 0 0 0 0 
500 0 0 0 0 0 0 0 0 0 
600 740 684 0 553 0 0 0 0 0 
700 741 684 0 554 0 0 0 0 0 
800 740 683 0 553 0 0 0 0 0 
900 740 683 0 553 0 0 0 0 0 
1000 741 684 0 554 0 0 0 0 0 
1100 740 683 0 553 0 0 0 0 0 
1200 741 684 2 554 0 2 0 0 0 
1300 741 684 2 554 0 2 0 0 0 
1400 1220 1144 0 1122 1 7 0 0 0 
1500 1220 1144 0 1122 1 7 0 0 0 
1600 1221 1145 0 1123 1 7 0 0 0 
1700 1221 1145 0 1123 1 7 0 0 0 
1800 1220 1142 0 1122 1 7 0 0 0 
1900 1810 1754 1 1725 2 4 0 0 0 
2000 2177 2131 1 2100 22 7 0 0 0 
2100 2178 2131 1 2100 22 7 0 0 0 
2200 2178 2131 1 2100 22 7 0 0 0 
2300 2287 2247 1 2215 21 5 0 0 0 
2400 2348 2303 1 2274 15 8 0 0 0 
2500 2996 2942 2 2924 31 9 0 0 0 
2600 3181 3119 3 3108 33 9 0 0 0 
2700 3892 3807 5 3816 21 8 0 0 0 
2800 4736 4641 1 4674 45 11 0 0 0 
2900 5357 5289 1 5288 42 25 1 0 0 
3000 5727 5650 3 5652 40 25 0 0 0 
3100 5727 5650 3 5652 40 25 0 0 0 
3200 5899 5822 15 5824 43 24 0 0 0 
3300 6065 6000 21 6004 36 12 0 0 0 
3400 6065 5997 21 6003 36 12 0 0 0 
3500 6087 6026 18 6031 42 11 0 0 0 
3600 6096 6035 16 6037 44 10 0 0 0 
3700 6095 6034 16 6036 44 10 0 0 0 
3800 6096 6035 16 6037 44 10 0 0 0 
3900 6096 6035 16 6037 44 10 0 0 0 
4000 6095 6034 16 6036 44 10 0 0 0 
4100 6087 6025 16 6028 44 9 0 0 0 
4200 6141 6089 3 6079 41 13 0 0 0 
4300 6172 6123 1 6099 34 10 0 0 0 
4400 6713 6674 1 6654 36 9 0 0 0 
4500 7230 7196 1 7187 42 9 0 0 0 
4600 7227 7193 1 7184 41 9 0 0 0 
4700 7228 7194 1 7186 41 9 0 0 0 
4800 7274 7246 1 7237 37 10 0 0 0 
4900 7275 7247 1 7238 37 10 0 0 0 
5000 7759 7724 1 7719 39 9 0 0 0 
5100 8095 8072 1 8063 45 9 0 0 0 
5200 8095 8072 1 8063 45 9 0 0 0 
5300 8094 8071 1 8062 45 9 0 0 0 
5400 8160 8144 1 8136 50 9 0 0 0 
5500 8152 8135 1 8127 50 9 0 0 0 
5600 8153 8136 1 8128 50 9 0 0 0 
5700 8153 8136 1 8128 50 9 0 0 0 
5800 8228 8211 1 8206 48 11 0 0 0 
5900 8215 8206 1 8199 52 11 0 0 0 
6000 8216 8207 1 8200 52 11 0 0 0 
6100 8216 8207 1 8200 52 11 0 0 0 
