# Avida tasks data
# Thu Apr 20 19:00:18 2023
# First column gives the current update, next columns give the number
# of organisms that have the particular task as a component of their merit
#  1: Update
#  2: Not
#  3: Nand
#  4: And
#  5: OrNot
#  6: Or
#  7: AndNot
#  8: Nor
#  9: Xor
# 10: Equals

0 0 0 0 0 0 0 0 0 0 
100 0 0 0 0 0 0 0 0 0 
200 0 0 0 0 0 0 0 0 0 
300 0 0 0 0 0 0 0 0 0 
400 0 0 0 0 0 0 0 0 0 
500 0 0 0 0 0 0 0 0 0 
600 0 0 0 0 0 0 0 0 0 
700 0 0 0 0 0 0 0 0 0 
800 26 0 0 0 0 0 0 0 0 
900 22 0 0 0 0 0 0 0 0 
1000 251 0 0 0 0 0 0 0 0 
1100 1012 40 0 29 19 0 0 0 0 
1200 2605 1030 0 369 1927 11 0 0 0 
1300 2605 1030 0 369 1927 11 0 0 0 
1400 2604 1029 0 369 1926 11 0 0 0 
1500 2604 1029 0 369 1926 11 0 0 0 
1600 2602 1030 0 371 1924 11 0 0 0 
1700 2602 1030 0 371 1924 11 0 0 0 
1800 2603 1031 0 371 1925 11 0 0 0 
1900 2599 1029 0 370 1921 11 0 0 0 
2000 2599 1029 0 370 1921 11 0 0 0 
2100 2599 1029 0 370 1921 11 0 0 0 
2200 2598 1029 0 368 1921 11 0 0 0 
2300 2706 1090 5 552 2035 336 1 0 0 
2400 3059 1767 16 1485 2372 1473 1 0 0 
2500 3107 1856 13 1583 2426 1564 1 0 0 
2600 3604 2618 17 2335 2951 2277 1 0 0 
2700 3940 3391 21 3062 3271 3161 1 0 0 
2800 4714 4404 55 3960 3976 4183 0 0 0 
2900 4715 4405 55 3960 3977 4184 0 0 0 
3000 4715 4405 55 3960 3977 4184 0 0 0 
3100 4715 4404 55 3961 3976 4184 0 0 0 
3200 4712 4401 55 3960 3971 4181 0 0 0 
3300 4940 4707 61 4210 4248 4508 0 0 0 
3400 5269 5125 54 4648 4518 4881 0 0 0 
3500 6036 5988 76 5439 5272 5799 0 0 0 
3600 6465 6486 47 5916 5683 6323 2 0 0 
3700 6631 6677 53 6141 5781 6512 2 0 0 
3800 6803 6975 76 6386 6002 6784 0 0 0 
3900 6803 6975 76 6386 6002 6784 0 0 0 
4000 7367 7602 71 6869 6585 7416 0 0 0 
4100 7846 8220 89 7341 6999 8049 0 0 0 
4200 8157 8562 85 7612 7269 8365 2 0 0 
4300 8491 8904 93 7867 7614 8687 1 0 0 
4400 8862 9339 98 8116 8017 9142 2 0 0 
4500 9316 9817 108 8431 8400 9677 0 0 0 
4600 9558 9990 125 8630 8561 9846 0 0 0 
4700 9541 9987 125 8626 8553 9839 0 0 0 
4800 9644 9962 123 8652 8624 9871 0 0 0 
4900 9644 9962 123 8652 8624 9871 0 0 0 
5000 9703 9942 108 8830 8719 10001 1 0 0 
5100 9754 9948 116 8901 8790 10038 0 0 0 
5200 9754 9948 116 8901 8790 10038 0 0 0 
5300 9753 9947 116 8898 8788 10037 0 0 0 
5400 9754 9948 116 8899 8789 10038 0 0 0 
5500 9752 9946 116 8897 8787 10036 0 0 0 
5600 9752 9946 116 8897 8787 10036 0 0 0 
5700 9752 9946 116 8897 8787 10036 0 0 0 
5800 9750 9946 116 8896 8786 10036 0 0 0 
5900 9750 9946 116 8896 8786 10036 0 0 0 
6000 9749 9945 116 8895 8785 10035 0 0 0 
6100 9749 9945 116 8895 8785 10035 0 0 0 
6200 9748 9944 116 8894 8784 10034 0 0 0 
6300 9749 9945 116 8895 8785 10035 0 0 0 
6400 9748 9945 116 8895 8785 10035 0 0 0 
6500 9748 9945 116 8895 8785 10035 0 0 0 
6600 9747 9944 116 8894 8784 10034 0 0 0 
6700 9748 9945 116 8895 8785 10035 0 0 0 
6800 9748 9945 116 8895 8785 10035 0 0 0 
6900 9747 9944 116 8894 8784 10034 0 0 0 
7000 9748 9945 116 8895 8785 10035 0 0 0 
7100 9748 9945 116 8895 8785 10035 0 0 0 
7200 9748 9945 116 8895 8785 10035 0 0 0 
7300 9750 9947 116 8895 8785 10037 0 0 0 
7400 9750 9947 116 8895 8785 10037 0 0 0 
7500 9750 9947 116 8895 8785 10037 0 0 0 
7600 9750 9947 116 8895 8785 10037 0 0 0 
7700 9750 9947 116 8895 8785 10037 0 0 0 
7800 9750 9947 116 8895 8785 10037 0 0 0 
7900 9787 9959 128 9018 8878 10054 2 0 0 
8000 9828 10000 125 9061 8888 10090 1 1 0 
8100 9855 10025 130 9021 8951 10087 0 0 0 
8200 9856 10026 130 9020 8952 10088 0 0 0 
8300 9854 10024 130 9019 8950 10086 0 0 0 
8400 9853 10023 130 9019 8949 10085 0 0 0 
8500 9875 10028 129 9057 8939 10112 1 0 0 
8600 9888 10085 137 8978 8938 10159 0 0 0 
8700 9888 10085 137 8978 8938 10159 0 0 0 
8800 9889 10083 137 8979 8937 10160 0 0 0 
8900 9889 10085 137 8978 8935 10159 0 0 0 
9000 9889 10084 137 8977 8934 10158 0 0 0 
9100 9910 10160 132 8849 8946 10180 0 0 0 
9200 10065 10277 137 8202 9082 10268 5 0 0 
9300 10084 10311 142 8035 9100 10291 4 0 0 
9400 10084 10312 142 8035 9099 10291 4 0 0 
9500 10081 10338 132 7971 9097 10309 6 0 0 
9600 10200 10465 135 7837 9192 10422 4 0 0 
9700 10200 10465 137 7838 9192 10424 4 0 0 
9800 10250 10542 135 7705 9245 10491 4 0 0 
9900 10284 10566 134 7688 9271 10520 5 0 0 
10000 10368 10655 141 7613 9366 10616 10 0 0 
