# Avida tasks data
# Fri Apr 21 00:38:58 2023
# First column gives the current update, next columns give the number
# of organisms that have the particular task as a component of their merit
#  1: Update
#  2: Not
#  3: Nand
#  4: And
#  5: OrNot
#  6: Or
#  7: AndNot
#  8: Nor
#  9: Xor
# 10: Equals

0 0 0 0 0 0 0 0 0 0 
100 0 0 0 0 0 0 0 0 0 
200 0 0 0 0 0 0 0 0 0 
300 0 0 0 0 0 0 0 0 0 
400 0 0 0 0 0 0 0 0 0 
500 0 0 0 0 0 0 0 0 0 
600 0 0 0 0 0 0 0 0 0 
700 0 3 0 0 0 0 0 0 0 
800 600 623 0 173 0 0 0 0 0 
900 2032 2007 4 1827 3 0 0 0 0 
1000 4080 3800 233 3905 4 1 0 0 0 
1100 5956 5167 722 5762 6 39 0 0 0 
1200 7836 6470 1472 7594 8 566 0 0 0 
1300 8678 7689 3041 8467 27 699 0 0 0 
1400 9300 8665 4589 9166 31 595 1 0 0 
1500 9833 9346 5961 9777 29 526 6 0 0 
1600 10355 9973 7416 10257 44 478 2 0 0 
1700 10943 10568 8807 10825 184 458 2 0 0 
1800 11449 11223 9979 11273 1123 452 8 0 0 
1900 11949 11933 10823 11907 2467 383 2 0 0 
2000 12508 12474 11560 12343 3896 261 1 0 2 
2100 12789 12855 12109 12717 5191 148 3 0 0 
2200 12917 13041 12687 12936 6486 75 12 0 0 
2300 12968 13067 12771 12996 7629 117 9 1 0 
2400 13048 13031 12796 13003 8367 645 6 0 0 
2500 13018 13074 12746 13071 9161 1536 10 0 0 
2600 13073 13096 12556 13017 9832 2449 1 0 0 
2700 13122 13114 12390 12964 10314 3297 7 1 0 
2800 13073 13005 12315 12920 10716 4021 16 0 3 
2900 13180 12991 12123 12866 11191 4833 8 1 0 
3000 13184 12989 12130 12806 11680 5813 12 0 0 
3100 13162 12996 12008 12804 12059 6612 9 0 0 
3200 13218 13045 11992 12852 12375 7603 17 1 1 
3300 13121 12999 11809 12830 12287 8220 17 0 0 
3400 13166 12954 11607 12727 12489 8775 18 0 0 
3500 13209 12944 11671 12726 12593 9406 35 0 2 
3600 13151 12911 11589 12652 12591 9905 35 0 1 
3700 13145 12921 11502 12622 12588 10338 29 1 0 
3800 13155 12926 11439 12592 12662 10559 30 0 2 
3900 13215 12855 11413 12649 12664 10848 48 0 5 
4000 13179 12953 11413 12667 12602 11129 48 0 0 
4100 13240 12948 11457 12729 12668 11412 81 0 0 
4200 13212 12961 11392 12677 12637 11485 151 0 4 
4300 13270 13019 11436 12683 12719 11680 284 0 1 
4400 13202 12944 11460 12645 12739 11705 382 0 1 
4500 13215 12864 11463 12633 12648 11681 513 2 863 
4600 13231 12699 11531 12552 12613 11595 589 6 2346 
4700 13247 12450 11539 12348 12647 11628 601 1 3374 
4800 13272 12406 11607 12293 12687 11730 601 18 4526 
4900 13246 12171 11549 12122 12600 11530 546 9 5443 
5000 13285 12166 11655 12119 12600 11690 497 9 6434 
5100 13255 12019 11653 12083 12621 11512 362 8 7235 
5200 13297 11952 11710 12082 12566 11576 245 12 7970 
5300 13277 11952 11728 12067 12593 11574 158 13 8698 
5400 13240 11795 11631 11909 12510 11476 111 9 8966 
5500 13237 11851 11755 11939 12498 11604 75 14 9380 
5600 13298 11859 11809 11955 12571 11554 58 22 9696 
5700 13351 11826 11852 11901 12659 11646 40 18 9913 
5800 13323 11884 11863 11937 12602 11666 37 13 10078 
5900 13345 11827 11762 11962 12648 11635 35 16 10183 
6000 13330 11965 11910 12049 12669 11709 36 12 10367 
6100 13255 11775 11849 11864 12518 11603 38 27 10302 
6200 13322 11785 11764 11919 12584 11524 33 27 10232 
6300 13305 11809 11804 11918 12576 11640 35 59 10295 
6400 13268 11795 11774 11941 12573 11579 31 127 10227 
6500 13393 12031 11952 12172 12610 11671 27 175 10474 
6600 13206 12074 11948 12117 12547 11710 32 268 10359 
6700 13270 11951 11963 12129 12461 11764 21 431 10353 
6800 13277 12015 12022 12239 12535 11765 37 569 10475 
6900 13266 12028 11944 12204 12398 11667 29 696 10415 
7000 13348 12103 11970 12273 12461 11758 26 865 10478 
7100 13325 12106 11971 12308 12410 11741 28 1046 10381 
7200 13298 12185 12059 12451 12506 11853 54 1303 10520 
7300 13365 12144 11958 12315 12466 11718 41 1551 10467 
7400 13298 12207 12111 12369 12417 11922 45 1897 10542 
7500 13339 12115 11970 12347 12418 11803 47 2101 10517 
7600 13310 12173 12025 12368 12302 11834 28 2487 10527 
7700 13290 12091 12012 12324 12336 11761 53 2786 10405 
7800 13357 12262 12106 12436 12334 11909 47 3061 10561 
7900 13337 12162 12093 12462 12338 11955 51 3441 10623 
8000 13399 12269 12110 12511 12317 11983 28 3635 10674 
8100 13335 12157 12052 12445 12214 11903 42 3878 10524 
8200 13355 12154 11994 12387 12202 11898 44 4060 10569 
8300 13395 12190 12019 12456 12297 11885 56 4519 10596 
8400 13372 12205 12055 12407 12235 11942 55 4754 10575 
8500 13377 12092 11979 12310 12192 11912 50 5091 10507 
8600 13369 12067 12008 12319 12230 11860 74 5323 10563 
8700 13389 12065 12076 12305 12269 11926 70 5676 10574 
8800 13437 12025 12037 12281 12254 11998 60 6083 10555 
8900 13381 11942 11924 12129 12051 11764 56 6227 10428 
9000 13392 11940 12010 12040 12010 11892 60 6560 10459 
9100 13354 11913 11921 12094 12010 11854 56 6719 10417 
9200 13389 11937 11960 12144 12022 11847 47 7015 10533 
9300 13434 11890 11958 12041 12012 11766 53 7204 10464 
9400 13409 11834 11948 11997 12006 11855 77 7410 10480 
9500 13422 11903 11872 12008 11979 11843 46 7616 10477 
9600 13406 11861 11853 11978 12119 11807 65 7927 10440 
9700 13355 11721 11813 11849 11847 11701 47 7913 10334 
9800 13370 11826 11931 11921 11936 11842 72 8203 10506 
9900 13400 11747 11873 11821 11884 11798 72 8359 10416 
10000 13446 11713 11882 11846 11923 11826 60 8498 10417 
