# Avida tasks data
# Fri Apr 21 03:21:57 2023
# First column gives the current update, next columns give the number
# of organisms that have the particular task as a component of their merit
#  1: Update
#  2: Not
#  3: Nand
#  4: And
#  5: OrNot
#  6: Or
#  7: AndNot
#  8: Nor
#  9: Xor
# 10: Equals

0 0 0 0 0 0 0 0 0 0 
100 0 0 0 0 0 0 0 0 0 
200 0 0 0 0 0 0 0 0 0 
300 0 0 0 0 0 0 0 0 0 
400 0 0 0 0 0 0 0 0 0 
500 0 0 0 0 0 0 0 0 0 
600 0 0 0 0 0 0 0 0 0 
700 314 434 0 0 0 0 0 0 0 
800 2358 2163 0 23 0 0 0 0 0 
900 4819 4656 0 56 0 0 0 0 0 
1000 7157 7219 0 101 0 0 0 0 0 
1100 9134 9139 1 833 0 9 0 0 0 
1200 9955 10137 5 3447 4 19 0 0 0 
1300 10651 10899 10 5464 1 49 0 0 0 
1400 11078 11332 17 7034 4 109 0 0 0 
1500 11551 11860 20 8330 12 207 1 0 0 
1600 11954 12275 20 9369 7 408 7 0 0 
1700 12221 12509 58 10261 18 596 11 0 0 
1800 12486 12725 389 10925 13 721 5 0 0 
1900 12660 12798 1376 11383 13 716 3 0 0 
2000 12771 12689 3063 11696 23 1054 7 0 0 
2100 12812 12631 4551 11882 16 1708 18 0 0 
2200 12710 12559 5768 12069 15 2427 18 0 0 
2300 12861 12646 7004 12264 20 3225 26 0 0 
2400 12860 12606 7929 12376 26 4040 39 0 0 
2500 12912 12520 8565 12495 19 4716 48 0 0 
2600 12940 12549 9333 12623 11 5510 59 0 0 
2700 12971 12664 10004 12774 29 6309 53 0 0 
2800 12881 12606 10464 12915 25 7132 76 0 0 
2900 13037 12759 10869 13040 21 7908 79 0 0 
3000 13026 12829 11197 13089 21 8570 72 0 0 
3100 13097 12821 11239 13120 24 9209 74 0 0 
3200 13038 12875 11453 13176 17 9757 62 0 0 
3300 13038 12867 11438 13146 16 10022 70 0 0 
3400 13017 12918 11503 13214 18 10300 88 0 0 
3500 13080 13015 11642 13279 14 10792 76 0 0 
3600 13013 13031 11569 13277 14 10985 81 0 0 
3700 13000 13080 11647 13211 16 11354 101 0 0 
3800 12977 13062 11654 13251 11 11617 98 0 0 
3900 13031 13095 11661 13336 19 11787 92 0 0 
4000 13068 13074 11670 13224 24 11829 84 0 0 
4100 13067 13086 11643 13217 18 11925 67 0 0 
4200 13057 13159 11772 13279 11 12023 94 0 0 
4300 12984 13077 11687 13207 19 12012 112 0 0 
4400 12986 13124 11663 13268 12 12021 80 0 0 
4500 12975 13039 11684 13305 12 11997 66 0 0 
4600 13067 13169 11775 13278 9 12071 63 0 0 
4700 12957 13106 11657 13256 20 11952 76 0 0 
4800 13041 13098 11746 13298 23 12064 87 0 0 
4900 13012 13076 11686 13325 9 11986 66 0 0 
5000 12933 13090 11666 13306 21 11933 67 0 0 
5100 13026 13164 11740 13308 14 12032 92 0 0 
5200 13033 13189 11752 13330 22 12099 82 0 0 
5300 13034 13088 11685 13302 26 11950 72 0 0 
5400 12997 13088 11721 13264 16 12018 83 0 0 
5500 13005 13069 11665 13276 12 11977 72 0 0 
5600 13092 13160 11767 13271 14 12089 99 0 0 
5700 13088 13190 11898 13351 22 12121 86 0 0 
5800 13084 13145 11761 13343 14 12118 94 0 0 
5900 13124 13219 11861 13267 35 12161 84 0 0 
6000 13172 13161 11867 13342 31 12081 62 0 0 
6100 13147 13234 11914 13373 18 12232 77 0 0 
6200 13130 13139 11771 13407 14 12088 59 0 0 
6300 13164 13217 11873 13376 24 12162 62 0 0 
6400 13176 13178 11768 13333 35 12180 74 0 0 
6500 13127 13156 11829 13368 50 12191 93 0 0 
6600 13141 13150 11875 13445 59 12141 80 0 0 
6700 13150 13203 11968 13428 79 12223 68 0 0 
6800 13134 13249 11933 13423 61 12245 93 0 0 
6900 13293 13241 11859 13396 36 12230 67 0 0 
7000 13132 13144 11712 13423 31 12216 108 0 0 
7100 13230 13181 11909 13438 31 12259 82 0 0 
7200 13190 13287 12021 13396 23 12380 67 10 0 
7300 13219 13246 11999 13486 10 12342 69 26 0 
7400 13274 13245 11937 13473 5 12264 78 24 0 
7500 13204 13313 12010 13478 10 12307 79 108 0 
7600 13232 13286 11989 13450 9 12109 78 249 0 
7700 13267 13262 11958 13382 9 11750 61 527 0 
7800 13204 13253 11870 13491 25 11416 89 835 0 
7900 13188 13347 11969 13497 49 11173 72 1163 0 
8000 13222 13296 11966 13449 76 10610 53 1691 2 
8100 13236 13284 11930 13467 56 9890 56 2365 0 
8200 13079 13278 11967 13498 106 9129 63 3067 0 
8300 13171 13286 11978 13444 120 8437 53 3715 0 
8400 13162 13203 11891 13456 141 7565 38 4469 0 
8500 13232 13288 12074 13436 159 6828 36 5272 0 
8600 13256 13281 11912 13438 147 6065 50 5850 0 
8700 13172 13242 11941 13449 243 5423 101 6426 0 
8800 13254 13236 11983 13423 168 4626 127 7274 0 
8900 13211 13217 11887 13399 198 3751 137 7938 0 
9000 13150 13233 11992 13376 232 2988 136 8740 0 
9100 13174 13194 11955 13392 243 2467 135 9207 0 
9200 13225 13156 11946 13440 239 1928 201 9690 0 
9300 13180 13219 11978 13456 270 1576 203 10152 0 
9400 13159 13162 11923 13422 280 1354 177 10229 0 
9500 13145 13160 11955 13496 274 1113 146 10570 0 
9600 13149 13100 11946 13403 242 846 129 10870 0 
9700 13171 13147 11960 13434 304 1019 166 10921 0 
9800 13119 13083 11857 13381 253 1159 146 11017 0 
9900 13172 13064 11933 13430 227 1702 224 11057 0 
10000 13215 13144 11947 13460 283 2263 232 11073 0 
