# Avida tasks data
# Thu Apr 20 17:58:40 2023
# First column gives the current update, next columns give the number
# of organisms that have the particular task as a component of their merit
#  1: Update
#  2: Not
#  3: Nand
#  4: And
#  5: OrNot
#  6: Or
#  7: AndNot
#  8: Nor
#  9: Xor
# 10: Equals

0 0 0 0 0 0 0 0 0 0 
100 0 0 0 0 0 0 0 0 0 
200 0 0 0 0 0 0 0 0 0 
300 0 0 0 0 0 0 0 0 0 
400 0 0 0 0 0 0 0 0 0 
500 45 0 0 0 0 0 0 0 0 
600 311 83 0 7 0 0 0 0 0 
700 921 570 0 28 155 0 0 0 0 
800 3527 3708 0 219 2906 0 0 0 0 
900 5673 6324 0 607 5104 0 0 0 0 
1000 7555 8400 0 1533 6965 0 0 0 0 
1100 9254 10431 5 2380 8670 1603 2 0 0 
1200 10086 11455 20 2385 9496 3970 10 0 0 
1300 10801 12171 39 2358 10223 5726 8 0 0 
1400 11196 12796 20 2359 10671 7367 20 0 0 
1500 11534 13159 38 2675 10963 8679 18 0 0 
1600 11764 13443 34 3386 11274 9951 17 0 0 
1700 11960 13604 45 3927 11402 10692 20 0 0 
1800 12054 13720 28 4700 11535 11302 29 0 0 
1900 12103 13679 38 5393 11505 11778 27 0 0 
2000 12155 13668 39 6052 11555 12188 31 0 0 
2100 12194 13731 43 6793 11607 12482 44 0 0 
2200 12166 13699 55 7380 11522 12743 22 0 0 
2300 12222 13740 62 8039 11534 12970 30 0 0 
2400 12362 13723 52 8377 11607 13119 34 0 0 
2500 12365 13761 57 9033 11604 13125 41 0 0 
2600 12501 13775 65 9692 11669 13382 30 0 0 
2700 12494 13769 62 10060 11620 13362 34 0 0 
2800 12494 13746 62 10501 11587 13484 46 0 0 
2900 12389 13783 45 11026 11603 13519 125 0 0 
3000 12265 13818 43 11396 11636 13589 277 0 0 
3100 12110 13740 47 11778 11594 13554 488 0 0 
3200 12057 13728 52 11994 11585 13545 739 0 0 
3300 12293 13752 53 12080 11702 13536 1463 0 0 
3400 12335 13792 53 12219 11616 13512 2565 0 0 
3500 12375 13766 63 12071 11478 13494 3593 0 0 
3600 12480 13749 50 12189 11553 13575 4637 0 0 
3700 12581 13775 59 12235 11665 13573 5722 0 0 
3800 12638 13797 43 12211 11569 13536 6696 0 0 
3900 12709 13783 70 12169 11564 13545 7763 0 0 
4000 12696 13744 88 12203 11589 13493 8851 0 0 
4100 12780 13793 159 12186 11619 13502 9647 0 0 
4200 12787 13831 303 12235 11652 13501 10373 0 0 
4300 12801 13786 475 12211 11639 13480 10908 0 0 
4400 12840 13768 659 12323 11712 13505 11209 0 0 
4500 12942 13822 896 12382 11849 13500 11563 0 0 
4600 12809 13749 1134 12220 11773 13423 11683 0 1 
4700 12794 13794 1349 12198 11741 13497 11744 0 2 
4800 12792 13755 1592 12231 11638 13466 11802 0 0 
4900 12894 13761 1984 12354 11829 13573 11900 0 0 
5000 12872 13837 2220 12227 11725 13511 11790 0 0 
5100 12896 13811 2536 12172 11682 13523 11695 0 0 
5200 12923 13874 2944 12198 11686 13587 11761 0 4 
5300 12993 13845 3352 12321 11817 13516 11944 0 2 
5400 12878 13802 3772 12218 11639 13511 11749 0 0 
5500 12878 13783 4104 12186 11666 13495 11781 0 5 
5600 12870 13796 4617 12250 11701 13492 11794 0 2 
5700 12928 13795 5171 12254 11660 13495 11787 0 3 
5800 12950 13784 5543 12200 11593 13502 11742 0 5 
5900 12954 13827 6144 12271 11601 13525 11762 0 5 
6000 12993 13818 6691 12248 11612 13457 11799 0 1 
6100 12807 13817 7139 12145 11509 13485 11620 0 5 
6200 12868 13792 7656 12226 11577 13511 11764 0 10 
6300 12917 13829 7983 12123 11447 13493 11655 0 3 
6400 12858 13843 8454 12146 11485 13489 11672 0 6 
6500 12967 13812 8796 12102 11375 13528 11579 0 5 
6600 12960 13821 9240 12097 11376 13561 11634 0 5 
6700 12938 13791 9699 12130 11357 13413 11592 0 3 
6800 12980 13841 9974 12114 11374 13495 11659 0 3 
6900 12988 13773 10228 12179 11404 13440 11649 0 6 
7000 12983 13816 10520 12132 11342 13434 11618 0 3 
7100 13054 13845 10829 12174 11392 13485 11645 0 8 
7200 13073 13839 10912 12079 11367 13474 11627 0 7 
7300 13085 13798 11103 12217 11566 13463 11793 0 9 
7400 13020 13774 11198 12125 11378 13451 11625 0 5 
7500 13146 13845 11429 12138 11472 13502 11743 0 7 
7600 13127 13852 11448 12082 11375 13481 11692 0 5 
7700 13193 13835 11537 12054 11321 13479 11595 0 3 
7800 13240 13802 11732 12293 11434 13468 11733 0 2 
7900 13251 13814 11620 12169 11400 13477 11665 0 9 
8000 13286 13844 11769 12189 11481 13438 11701 0 3 
8100 13323 13856 11727 12122 11398 13484 11651 0 6 
8200 13403 13854 11768 12224 11543 13523 11808 0 5 
8300 13355 13865 11829 12248 11491 13510 11744 0 8 
8400 13409 13834 11817 12201 11467 13428 11792 0 12 
8500 13417 13822 11768 12115 11344 13428 11615 0 9 
8600 13433 13844 11913 12139 11380 13448 11697 0 5 
8700 13399 13810 11863 12185 11365 13432 11701 0 1 
8800 13417 13788 11834 12204 11497 13435 11773 0 4 
8900 13495 13872 11886 12281 11533 13546 11759 0 6 
9000 13422 13805 11914 12148 11454 13443 11733 0 9 
9100 13457 13838 11865 12310 11507 13503 11780 0 6 
9200 13433 13796 11824 12254 11482 13451 11807 0 11 
9300 13417 13836 11849 12181 11500 13575 11732 0 9 
9400 13418 13793 11775 12207 11485 13415 11759 0 6 
9500 13533 13730 11842 12247 11498 13442 11795 0 5 
9600 13475 13788 11923 12189 11483 13409 11731 0 7 
9700 13535 13740 11862 12296 11521 13449 11806 0 7 
9800 13560 13722 11889 12218 11479 13526 11752 0 10 
9900 13534 13737 11967 12303 11506 13506 11794 0 5 
10000 13548 13700 11938 12271 11567 13534 11820 0 4 
