# Avida tasks data
# Thu Apr 20 13:01:33 2023
# First column gives the current update, next columns give the number
# of organisms that have the particular task as a component of their merit
#  1: Update
#  2: Not
#  3: Nand
#  4: And
#  5: OrNot
#  6: Or
#  7: AndNot
#  8: Nor
#  9: Xor
# 10: Equals

0 0 0 0 0 0 0 0 0 0 
100 0 0 0 0 0 0 0 0 0 
200 0 0 0 0 0 0 0 0 0 
300 0 0 0 0 0 0 0 0 0 
400 0 0 0 0 0 0 0 0 0 
500 0 0 0 0 0 0 0 0 0 
600 1 2 0 0 0 0 0 0 0 
700 3 0 0 0 0 0 0 0 0 
800 9 9 0 0 0 0 0 0 0 
900 79 31 0 0 0 0 0 0 0 
1000 164 109 0 0 0 0 0 0 0 
1100 300 275 0 181 0 0 0 0 0 
1200 417 235 0 1809 1392 0 0 0 0 
1300 804 1247 0 3664 3268 0 0 0 0 
1400 1262 2218 0 5146 4877 4 0 0 0 
1500 2145 3160 0 6434 6265 65 0 0 0 
1600 2594 3964 14 7226 7290 798 189 0 0 
1700 3354 5647 10 8423 8204 1615 1926 0 0 
1800 4449 7041 23 9667 9347 1954 3717 0 0 
1900 5604 8228 8 10348 9965 2152 5007 0 0 
2000 6679 9172 9 10913 10435 2286 6069 0 0 
2100 7589 9974 13 11338 10794 2252 7016 0 0 
2200 8300 10635 11 11782 11210 2154 7953 0 0 
2300 8902 11360 7 12135 11474 2072 8825 0 0 
2400 9738 11914 10 12529 11832 1947 9539 0 0 
2500 10365 12300 9 12782 12048 1691 10295 0 0 
2600 10883 12704 10 13071 12266 1381 10792 0 0 
2700 11209 12711 11 13217 12406 1159 11156 0 1 
2800 11376 12721 10 13225 12404 947 11447 0 0 
2900 11341 12796 4 13257 12468 740 11724 0 0 
3000 11655 12847 9 13270 12437 760 11868 0 0 
3100 11581 12895 12 13298 12485 1201 12060 0 0 
3200 11822 12878 9 13262 12514 1811 12173 0 0 
3300 11945 12879 16 13315 12490 2463 12150 0 0 
3400 12002 13014 25 13411 12446 3165 12143 0 0 
3500 12048 12938 29 13375 12366 3801 12124 0 0 
3600 12169 13007 43 13381 12464 4566 12267 0 0 
3700 12228 13008 51 13392 12465 5168 12285 1 0 
3800 12336 13056 216 13407 12504 5943 12312 0 0 
3900 12340 13012 749 13336 12418 6459 12233 0 0 
4000 12406 13045 1341 13397 12382 6928 12161 0 0 
4100 12490 13070 2075 13440 12516 7400 12317 0 0 
4200 12490 12962 2845 13444 12461 7783 12257 0 0 
4300 12538 12908 3455 13375 12427 8068 12194 0 0 
4400 12652 13017 4120 13486 12472 8564 12210 0 0 
4500 12660 13069 4730 13526 12483 9052 12213 0 0 
4600 12651 13144 5419 13494 12456 9486 12204 0 1 
4700 12742 13142 6144 13508 12559 9897 12242 0 3 
4800 12727 13176 6739 13488 12510 10162 12265 0 3 
4900 12845 13231 7432 13575 12539 10533 12359 0 0 
5000 12908 13273 8070 13570 12604 10846 12386 0 1 
5100 12904 13260 8626 13592 12584 11120 12365 0 2 
5200 12896 13228 8991 13560 12534 11264 12353 0 1 
5300 12876 13262 9467 13603 12452 11460 12241 0 4 
5400 12842 13257 9815 13507 12549 11599 12289 0 1 
5500 13006 13303 10198 13541 12624 11773 12415 0 0 
5600 13090 13272 10600 13497 12650 11953 12443 0 1 
5700 13170 13256 11028 13638 12679 12125 12444 0 0 
5800 13077 13272 11228 13617 12577 12149 12378 0 0 
5900 13045 13214 11307 13535 12564 12194 12298 0 0 
6000 13055 13268 11566 13536 12583 12280 12344 0 0 
6100 12939 13206 11581 13530 12570 12178 12266 0 1 
6200 13012 13286 11800 13566 12600 12296 12349 0 0 
6300 13002 13241 11777 13592 12636 12265 12351 0 1 
6400 12977 13235 11840 13582 12639 12259 12414 0 0 
6500 13060 13243 11882 13556 12654 12303 12442 0 0 
6600 12981 13245 11830 13589 12529 12266 12329 0 0 
6700 12974 13248 11887 13637 12568 12339 12310 0 1 
6800 13029 13311 11847 13608 12577 12311 12299 0 0 
6900 13097 13308 11943 13606 12720 12378 12452 0 0 
7000 13072 13254 11994 13577 12695 12413 12438 0 0 
7100 13115 13373 12090 13651 12745 12464 12492 0 0 
7200 13181 13290 12085 13583 12761 12464 12465 0 0 
7300 13095 13267 11987 13607 12674 12449 12340 0 0 
7400 13151 13379 12040 13585 12694 12511 12495 0 1 
7500 13078 13259 11909 13539 12586 12423 12374 0 1 
7600 13175 13229 12014 13596 12730 12499 12427 0 2 
7700 13161 13217 12083 13584 12676 12536 12419 0 2 
7800 13145 13241 11978 13621 12652 12515 12396 0 1 
7900 13187 13313 12086 13648 12683 12617 12429 0 2 
8000 13131 13354 12153 13654 12797 12571 12516 0 1 
8100 13074 13278 12056 13632 12666 12514 12365 0 0 
8200 13178 13246 11979 13588 12686 12516 12396 0 0 
8300 13164 13277 12046 13646 12684 12558 12474 0 0 
8400 13246 13352 12168 13630 12789 12624 12543 0 0 
8500 13180 13358 12123 13656 12751 12552 12488 0 0 
8600 13238 13362 12215 13611 12869 12641 12574 0 0 
8700 13131 13359 12248 13630 12741 12669 12468 0 3 
8800 13221 13366 12222 13667 12755 12673 12487 1 0 
8900 13249 13353 12245 13648 12803 12701 12542 0 0 
9000 13245 13375 12247 13583 12848 12669 12560 0 0 
9100 13231 13342 12230 13594 12762 12695 12525 0 1 
9200 13238 13358 12303 13640 12824 12753 12519 0 0 
9300 13211 13411 12255 13679 12903 12639 12588 0 0 
9400 13286 13390 12408 13703 12945 12767 12639 0 0 
9500 13277 13432 12369 13722 12900 12753 12627 0 0 
9600 13197 13371 12276 13611 12790 12653 12531 0 0 
9700 13261 13334 12244 13594 12802 12709 12561 0 0 
9800 13238 13419 12301 13654 12804 12722 12557 0 1 
9900 13211 13429 12310 13695 12894 12705 12597 0 0 
10000 13316 13371 12345 13629 12934 12705 12577 0 0 
