# Avida tasks data
# Fri Apr 21 03:06:22 2023
# First column gives the current update, next columns give the number
# of organisms that have the particular task as a component of their merit
#  1: Update
#  2: Not
#  3: Nand
#  4: And
#  5: OrNot
#  6: Or
#  7: AndNot
#  8: Nor
#  9: Xor
# 10: Equals

0 0 0 0 0 0 0 0 0 0 
100 0 0 0 0 0 0 0 0 0 
200 0 0 0 0 0 0 0 0 0 
300 0 0 0 0 0 0 0 0 0 
400 0 0 0 0 0 0 0 0 0 
500 0 0 0 0 0 0 0 0 0 
600 0 958 0 2 0 0 0 0 0 
700 21 2569 0 16 0 0 0 0 0 
800 107 4135 0 1297 0 0 0 0 0 
900 159 5754 15 3206 0 0 0 0 0 
1000 2321 6862 11 4358 0 3 0 0 0 
1100 4677 8486 24 6036 0 4 0 0 0 
1200 6789 9848 67 7467 0 9 0 0 0 
1300 8623 11160 73 8913 9 26 4 0 0 
1400 9991 11810 117 9733 19 39 0 0 0 
1500 10905 12131 105 10315 44 55 0 0 0 
1600 11579 12404 142 10973 115 54 0 0 0 
1700 12116 12554 96 11484 190 49 0 0 0 
1800 12513 12738 115 11855 276 40 3 0 0 
1900 12692 12809 152 12072 436 68 3 0 0 
2000 12794 12878 170 12190 668 81 13 0 0 
2100 12967 12862 215 12163 768 140 46 0 0 
2200 12913 12881 201 12232 888 276 270 0 0 
2300 12815 12955 209 12215 1345 441 940 0 0 
2400 12500 12973 337 12200 1871 495 1750 0 0 
2500 12459 12894 659 12109 2442 590 2490 0 0 
2600 12479 12921 1410 12279 2752 1030 3083 0 0 
2700 12339 12881 2280 12248 3155 1607 3438 0 0 
2800 12285 12821 3340 12297 3386 2528 3686 0 1 
2900 12369 12763 4262 12380 3496 3360 3906 0 4 
3000 12299 12767 5188 12448 3666 4126 3824 0 0 
3100 12332 12802 5988 12498 4075 4837 3730 0 0 
3200 12261 12704 6687 12523 4485 5491 3614 0 0 
3300 12262 12666 7313 12546 4913 6027 3221 0 0 
3400 12238 12623 7785 12584 5268 6647 3083 0 0 
3500 12156 12569 8342 12596 5619 7162 2763 0 0 
3600 12251 12706 8847 12742 6219 7828 2483 0 0 
3700 12167 12557 9311 12573 6458 8232 2192 1 0 
3800 12139 12417 9542 12526 6833 8326 1948 0 0 
3900 12189 12536 9998 12684 7244 8825 1693 0 0 
4000 12155 12449 10239 12655 7595 9062 1500 0 0 
4100 12059 12479 10586 12661 7917 9486 1207 10 0 
4200 12203 12466 10910 12681 7999 9800 998 16 0 
4300 12059 12453 11255 12702 8125 9884 796 46 0 
4400 12163 12431 11452 12726 8446 10286 916 57 0 
4500 12122 12409 11507 12631 8556 10389 1729 119 0 
4600 12237 12383 11737 12684 8819 10690 2593 202 0 
4700 12087 12421 11900 12647 8974 10898 3466 262 0 
4800 12071 12443 12071 12743 9424 11120 4589 336 0 
4900 11991 12458 12003 12728 9663 11205 5627 364 0 
5000 11972 12569 12148 12851 9957 11451 6673 408 3 
5100 11732 12466 12091 12788 9882 11452 6905 511 601 
5200 11641 12477 12074 12798 9979 11452 6389 515 1773 
5300 11500 12473 12037 12787 9972 11434 5792 449 2758 
5400 11286 12387 12016 12739 10022 11370 4889 362 3879 
5500 11111 12382 11975 12693 10015 11327 4178 284 4769 
5600 11079 12358 11933 12714 10057 11356 3633 243 5504 
5700 11070 12451 11962 12761 10215 11415 2933 200 6563 
5800 10977 12403 11933 12735 10256 11462 2260 141 7400 
5900 10821 12310 11834 12595 10094 11272 1756 99 7894 
6000 10848 12432 12005 12761 10319 11472 1475 47 8520 
6100 10761 12327 11894 12698 10160 11263 1195 11 8575 
6200 10798 12325 11920 12725 10288 11359 1004 3 8883 
6300 10715 12383 11940 12701 10218 11317 848 0 9040 
6400 10752 12384 11926 12678 10267 11311 666 1 9214 
6500 10615 12276 11829 12617 10202 11203 617 1 9227 
6600 10697 12323 11826 12620 10229 11287 517 1 9283 
6700 10771 12367 11946 12734 10305 11371 390 4 9567 
6800 10720 12357 11900 12674 10319 11319 413 2 9498 
6900 10758 12292 11854 12636 10271 11251 339 1 9539 
7000 10798 12344 11974 12700 10346 11375 368 2 9695 
7100 10759 12324 11922 12719 10337 11343 415 0 9521 
7200 10756 12380 11961 12716 10389 11402 408 0 9588 
7300 10801 12395 12002 12742 10389 11349 336 3 9687 
7400 10816 12450 12019 12826 10465 11417 426 0 9643 
7500 10863 12490 12106 12817 10530 11554 722 5 9739 
7600 10803 12548 12138 12857 10478 11551 1133 1 9828 
7700 10969 12580 12182 12860 10625 11598 1839 3 9987 
7800 10840 12419 11956 12663 10391 11397 2308 1 9912 
7900 10988 12558 12101 12852 10487 11502 3073 4 10050 
8000 11029 12531 12106 12848 10451 11414 3773 4 9989 
8100 11037 12549 12080 12868 10504 11515 4402 5 10069 
8200 11065 12699 12260 13009 10575 11637 5093 5 10242 
8300 11086 12644 12174 12918 10536 11483 5869 5 10237 
8400 11025 12640 12187 12938 10498 11462 6505 4 10282 
8500 11000 12635 12160 12952 10416 11448 7078 9 10293 
8600 11036 12588 12065 12901 10365 11389 7733 7 10227 
8700 11155 12646 12111 12928 10336 11449 8407 7 10269 
8800 11147 12698 12115 12943 10547 11549 9030 7 10474 
8900 11227 12759 12230 13026 10538 11485 9488 43 10432 
9000 11127 12702 12177 12990 10413 11454 9738 61 10498 
9100 11134 12699 12172 13043 10355 11501 10011 109 10506 
9200 11336 12782 12209 13021 10416 11592 10257 181 10631 
9300 11144 12636 12161 12989 10058 11476 10218 307 10505 
9400 11162 12656 12098 12963 9951 11446 10169 418 10416 
9500 11258 12756 12164 13018 9835 11594 10240 612 10521 
9600 11169 12733 12162 13046 9598 11524 10157 795 10509 
9700 11156 12700 12168 12981 9390 11438 10205 980 10521 
9800 11280 12730 12248 13072 9436 11598 10346 1208 10690 
9900 11363 12760 12194 13047 9444 11659 10368 1578 10747 
10000 11114 12699 12113 12929 9028 11465 10187 1937 10551 
