# Avida tasks data
# Thu Apr 20 23:48:12 2023
# First column gives the current update, next columns give the number
# of organisms that have the particular task as a component of their merit
#  1: Update
#  2: Not
#  3: Nand
#  4: And
#  5: OrNot
#  6: Or
#  7: AndNot
#  8: Nor
#  9: Xor
# 10: Equals

0 0 0 0 0 0 0 0 0 0 
100 0 0 0 0 0 0 0 0 0 
200 0 0 0 0 0 0 0 0 0 
300 0 0 0 0 0 0 0 0 0 
400 0 0 0 0 0 0 0 0 0 
500 0 0 0 0 0 0 0 0 0 
600 384 0 0 0 0 0 0 0 0 
700 1901 7 0 0 0 0 0 0 0 
800 4033 1353 1 739 720 1 0 0 0 
900 5542 2973 3 2688 2646 0 0 0 0 
1000 6750 4282 1 4121 4057 0 0 0 0 
1100 7929 5636 1 5560 5470 0 0 0 0 
1200 9100 7105 0 7075 6898 0 0 0 0 
1300 10302 8498 0 8467 8314 1 0 0 0 
1400 11027 9479 2 9459 9286 1 2 0 0 
1500 11505 10216 4 10194 9985 5 2 0 0 
1600 11870 10862 4 10825 10612 4 0 0 0 
1700 12370 11566 4 11525 11333 2 0 0 0 
1800 12505 11957 0 11923 11730 3 1 0 0 
1900 12665 12307 7 12287 12028 5 0 0 0 
2000 12885 12727 7 12712 12494 1 2 0 0 
2100 13047 13056 9 13014 12756 2 0 0 0 
2200 13185 13284 4 13266 13068 0 2 0 0 
2300 13276 13490 0 13447 13179 6 0 0 0 
2400 13389 13675 3 13650 13404 4 0 0 0 
2500 13534 13770 0 13750 13470 5 0 0 0 
2600 13542 13783 2 13752 13515 2 0 0 0 
2700 13499 13766 2 13719 13474 4 0 0 0 
2800 13502 13740 6 13690 13430 3 0 0 0 
2900 13553 13777 0 13767 13509 1 0 0 0 
3000 13575 13781 1 13745 13488 1 0 0 0 
3100 13556 13780 0 13777 13505 0 2 0 0 
3200 13594 13776 0 13759 13521 3 3 0 0 
3300 13597 13765 0 13732 13443 0 2 0 0 
3400 13532 13726 2 13695 13421 2 0 0 0 
3500 13592 13756 3 13724 13439 2 1 0 0 
3600 13633 13809 9 13791 13486 3 1 0 0 
3700 13532 13684 1 13682 13437 1 0 0 0 
3800 13641 13755 0 13722 13445 2 0 0 0 
3900 13653 13776 1 13740 13479 1 0 0 0 
4000 13622 13738 0 13709 13421 2 1 0 0 
4100 13644 13730 2 13728 13459 2 0 0 0 
4200 13676 13770 1 13767 13484 0 0 0 0 
4300 13689 13797 1 13756 13494 0 2 0 0 
4400 13597 13720 1 13695 13400 2 0 0 0 
4500 13619 13715 2 13672 13386 3 0 0 0 
4600 13687 13789 0 13758 13491 3 0 0 0 
4700 13631 13716 0 13671 13405 1 0 0 0 
4800 13609 13697 0 13651 13373 0 0 0 0 
4900 13635 13738 2 13690 13424 0 0 0 0 
5000 13629 13680 1 13632 13351 0 0 0 0 
5100 13713 13766 0 13712 13448 0 0 0 0 
5200 13739 13806 3 13734 13484 0 1 0 2 
5300 13706 13743 0 13672 13413 1 0 0 0 
5400 13635 13696 2 13611 13327 1 0 0 0 
5500 13679 13717 4 13676 13410 0 0 0 0 
5600 13710 13759 3 13684 13412 1 0 0 0 
5700 13703 13723 0 13676 13362 1 0 0 0 
5800 13693 13713 1 13667 13392 2 1 0 0 
5900 13731 13748 2 13706 13424 2 0 0 0 
6000 13720 13750 0 13669 13408 1 0 0 0 
6100 13716 13704 3 13640 13366 0 10 0 0 
6200 13681 13694 4 13649 13387 2 0 0 0 
6300 13720 13761 4 13678 13390 4 0 0 0 
6400 13655 13679 1 13636 13306 0 1 0 0 
6500 13705 13714 5 13634 13354 0 0 0 0 
6600 13717 13740 2 13655 13368 0 0 0 0 
6700 13755 13775 3 13729 13409 96 0 0 0 
6800 13708 13713 273 13640 13328 1108 0 0 0 
6900 13739 13746 2264 13654 13338 2390 0 0 0 
7000 13737 13747 3810 13633 13321 3763 0 0 0 
7100 13733 13742 5230 13620 13271 5184 0 0 0 
7200 13745 13739 6436 13609 13283 6337 3 0 0 
7300 13686 13691 7369 13571 13204 7224 0 0 0 
7400 13681 13724 8431 13585 13179 8302 0 0 0 
7500 13687 13709 9413 13599 13176 9299 0 0 0 
7600 13657 13698 10107 13528 13133 9971 0 0 0 
7700 13657 13675 10677 13527 13110 10500 0 0 0 
7800 13623 13649 11065 13442 13033 10888 0 0 0 
7900 13662 13680 11392 13527 13132 11263 0 0 0 
8000 13659 13710 11610 13500 13060 11465 0 0 0 
8100 13669 13710 12006 13518 13145 11766 1 0 0 
8200 13655 13704 12146 13535 13098 12037 0 0 0 
8300 13629 13693 12386 13469 13071 12243 0 0 0 
8400 13685 13718 12539 13544 13156 12302 0 0 0 
8500 13699 13731 12699 13590 13136 12579 0 0 0 
8600 13647 13707 12585 13528 13078 12373 0 0 0 
8700 13632 13692 12742 13497 13027 12532 0 0 0 
8800 13703 13744 12672 13546 13135 12460 0 11 0 
8900 13701 13759 12742 13575 13161 12585 2 43 0 
9000 13656 13728 12556 13551 13090 12420 1 85 0 
9100 13651 13697 12688 13547 13120 12479 0 128 0 
9200 13646 13714 12623 13525 13131 12454 0 254 0 
9300 13589 13677 12676 13486 13091 12442 0 332 0 
9400 13654 13687 12599 13544 13121 12445 1 513 0 
9500 13623 13701 12617 13534 13076 12447 0 705 0 
9600 13625 13683 12726 13523 13096 12579 0 896 0 
9700 13651 13719 12685 13552 13158 12482 0 1047 0 
9800 13675 13752 12727 13591 13216 12547 0 1265 0 
9900 13710 13738 12794 13595 13198 12656 0 1538 0 
10000 13651 13700 12774 13559 13174 12606 0 1810 0 
