# Avida tasks data
# Thu Apr 20 16:34:44 2023
# First column gives the current update, next columns give the number
# of organisms that have the particular task as a component of their merit
#  1: Update
#  2: Not
#  3: Nand
#  4: And
#  5: OrNot
#  6: Or
#  7: AndNot
#  8: Nor
#  9: Xor
# 10: Equals

0 0 0 0 0 0 0 0 0 0 
100 0 0 0 0 0 0 0 0 0 
200 0 0 0 0 0 0 0 0 0 
300 0 0 0 0 0 0 0 0 0 
400 0 1 0 0 0 0 0 0 0 
500 0 0 0 0 0 0 0 0 0 
600 3 10 0 0 0 0 0 0 0 
700 49 226 0 0 0 0 0 0 0 
800 73 1307 0 1084 0 0 0 0 0 
900 76 2475 0 2376 0 0 0 0 0 
1000 116 3614 0 3489 1 151 0 0 0 
1100 184 4414 0 4310 1 677 0 0 0 
1200 196 5078 4 4933 5 1251 0 0 0 
1300 279 5094 33 5316 376 1703 1 0 0 
1400 437 4743 183 5691 1109 2001 3 0 0 
1500 783 4644 880 5887 1487 2114 5 0 0 
1600 1440 5178 1679 6399 1988 2354 23 0 0 
1700 1709 5536 2156 6689 2184 2456 50 0 0 
1800 1929 5888 2620 7031 2316 2486 51 0 0 
1900 2030 6103 3021 7216 2501 2585 29 0 0 
2000 2323 6479 3315 7490 2808 2817 35 0 0 
2100 2724 6820 3639 7708 3025 2946 48 0 0 
2200 3107 7110 3956 7866 3306 3181 27 0 0 
2300 3554 7524 4437 8187 3806 3734 44 0 0 
2400 3996 7932 4994 8546 4199 3920 59 0 0 
2500 4442 8287 5523 8884 4653 4272 69 0 0 
2600 4955 8796 6122 9354 5132 4687 85 0 0 
2700 5496 9230 6673 9808 5642 5074 93 0 0 
2800 6103 9722 7276 10227 6131 5536 109 0 0 
2900 6353 10006 7782 10556 6508 5815 120 0 0 
3000 7016 10353 8398 10939 6963 6130 122 0 0 
3100 7520 10830 8936 11311 7460 6624 135 0 0 
3200 7829 11109 9438 11620 7844 6944 132 0 0 
3300 8509 11410 10001 11977 8340 7373 224 0 0 
3400 8821 11513 10413 12159 8661 7608 346 0 0 
3500 9255 11786 10772 12394 9033 7877 439 0 0 
3600 9582 11902 11124 12484 9376 8108 607 0 0 
3700 9902 12063 11355 12587 9518 8324 734 0 0 
3800 9880 12079 11540 12618 9648 8438 940 0 0 
3900 9848 12202 11764 12691 9776 8532 1092 0 0 
4000 9959 12388 11835 12750 9878 8684 1367 0 0 
4100 10215 12323 12056 12741 10049 8904 1562 0 0 
4200 10329 12370 12092 12760 10076 8948 1891 0 0 
4300 10374 12458 12176 12844 10124 9069 2156 0 0 
4400 10505 12517 12288 12825 10247 9131 2495 0 0 
4500 10656 12515 12461 12730 10252 9187 2738 0 0 
4600 10791 12723 12436 12872 10436 9381 3124 0 0 
4700 10869 12671 12526 12857 10414 9277 3377 0 0 
4800 11092 12586 12624 12823 10360 9378 3655 0 0 
4900 11089 12475 12608 12794 10446 9485 4046 0 0 
5000 11075 12467 12653 12721 10475 9452 4393 0 0 
5100 11147 12648 12687 12816 10503 9532 4618 0 0 
5200 11290 12597 12766 12798 10550 9519 4954 0 0 
5300 11300 12569 12793 12713 10573 9507 5384 0 0 
5400 11318 12519 12814 12748 10613 9669 5772 0 0 
5500 11378 12528 12873 12797 10555 9660 6083 0 0 
5600 11398 12491 12934 12775 10628 9652 6359 0 0 
5700 11385 12605 12950 12761 10749 9789 6794 0 0 
5800 11416 12560 12966 12760 10782 9829 6908 0 0 
5900 11457 12435 12881 12662 10686 9722 6991 0 0 
6000 11569 12529 12939 12688 10643 9760 7079 0 0 
6100 11683 12545 12963 12714 10666 9731 7253 0 0 
6200 11730 12478 12985 12718 10587 9649 7398 0 0 
6300 11706 12555 12983 12664 10625 9576 7488 0 0 
6400 11670 12522 12957 12713 10771 9758 7814 0 0 
6500 11600 12603 12972 12783 10596 9674 7777 0 0 
6600 11604 12613 12913 12783 10475 9537 7765 0 0 
6700 11690 12564 12930 12715 10557 9649 7930 0 0 
6800 11765 12569 12939 12752 10705 9663 8081 0 0 
6900 11815 12715 12974 12892 10738 9717 8235 0 0 
7000 11843 12728 12994 12865 10625 9606 8315 0 0 
7100 11835 12617 12924 12811 10682 9784 8473 0 0 
7200 11994 12655 13013 12864 10713 9837 8593 0 0 
7300 12071 12528 12989 12785 10689 9872 8701 0 0 
7400 12158 12564 12984 12790 10819 10066 8842 0 0 
7500 12207 12700 12940 12807 10784 10046 8896 0 0 
7600 12131 12723 12936 12856 10669 9963 8804 0 0 
7700 12237 12586 13019 12767 10524 9832 8767 0 0 
7800 12227 12616 12947 12806 10667 9943 8793 0 0 
7900 12307 12529 12902 12788 10623 9874 8728 0 0 
8000 12214 12625 12964 12846 10597 9832 8700 0 0 
8100 12168 12704 12991 12770 10495 9749 8678 0 0 
8200 12226 12614 12937 12686 10632 9979 8849 0 43 
8300 12114 12588 12817 12710 10528 9904 8515 0 344 
8400 12087 12678 12777 12755 10506 10006 8118 0 791 
8500 11952 12673 11981 12727 10435 10012 7971 0 1089 
8600 11941 12682 11578 12711 10370 9989 8137 0 1206 
8700 11857 12677 11080 12717 10393 10034 8216 0 1447 
8800 11777 12687 10536 12718 10247 10067 8259 0 1603 
8900 11801 12639 10043 12664 10243 10130 8341 0 1911 
9000 11749 12619 9731 12611 10189 10141 8430 0 2055 
9100 11784 12586 9463 12542 10174 10130 8402 0 2221 
9200 11758 12642 9188 12444 10126 10102 8374 1 2287 
9300 11605 12544 8793 12313 10076 10149 8512 0 2538 
9400 11477 12484 8477 12224 9985 10156 8513 2 2722 
9500 11299 12438 8143 12183 10037 10232 8623 1 2997 
9600 11112 12505 7907 12070 9961 10193 8478 0 3120 
9700 11094 12133 8029 12051 9971 10247 8257 5 3196 
9800 11092 11929 8019 11941 9968 10223 7941 10 3318 
9900 10980 11879 7862 11774 9965 10260 7674 16 3471 
10000 11023 12009 7883 11780 9991 10269 7527 15 3614 
