# Avida tasks data
# Thu Apr 20 13:36:09 2023
# First column gives the current update, next columns give the number
# of organisms that have the particular task as a component of their merit
#  1: Update
#  2: Not
#  3: Nand
#  4: And
#  5: OrNot
#  6: Or
#  7: AndNot
#  8: Nor
#  9: Xor
# 10: Equals

0 0 0 0 0 0 0 0 0 0 
100 0 0 0 0 0 0 0 0 0 
200 0 0 0 0 0 0 0 0 0 
300 0 0 0 0 0 0 0 0 0 
400 0 0 0 0 0 0 0 0 0 
500 0 0 0 0 0 0 0 0 0 
600 3 0 0 0 0 0 0 0 0 
700 17 0 0 0 0 0 0 0 0 
800 49 0 0 0 0 0 0 0 0 
900 89 3 0 0 0 0 0 0 0 
1000 138 8 0 11 0 0 0 0 0 
1100 314 37 0 76 0 330 0 0 0 
1200 683 89 3 211 0 1478 8 0 0 
1300 1203 430 16 850 371 2287 377 0 0 
1400 868 2863 3 3077 2509 1070 2532 0 0 
1500 863 3980 2 4278 3291 670 3336 0 0 
1600 940 4414 2 4712 3760 638 3616 0 0 
1700 968 4497 2 4818 3830 654 3686 0 0 
1800 926 4585 0 4884 3636 587 3790 0 0 
1900 1231 4999 0 5296 4211 603 4181 0 0 
2000 1247 5006 0 5303 4214 608 4187 0 0 
2100 1245 5004 0 5303 4212 606 4185 0 0 
2200 1664 5306 0 5605 4447 890 4485 0 0 
2300 1992 5683 0 5972 4636 1133 4857 0 0 
2400 2723 6451 0 6754 4917 1455 5646 0 0 
2500 3327 6929 0 7230 5163 1783 6167 0 0 
2600 2884 7227 2 7543 5396 1983 6468 0 0 
2700 2326 7625 0 7977 5202 1826 6914 0 0 
2800 2483 8511 2 8863 5748 2014 7837 0 0 
2900 2843 8916 4 9156 5785 2408 8258 0 2 
3000 2722 8896 5 9149 6010 2266 8369 0 1 
3100 2513 8898 5 9152 6144 2108 8452 0 1 
3200 2393 8891 3 9161 6244 1970 8515 0 1 
3300 2393 8891 3 9161 6244 1970 8515 0 1 
3400 2393 8891 3 9161 6244 1970 8515 0 1 
3500 2393 8891 3 9161 6244 1970 8515 0 1 
3600 2393 8892 3 9162 6245 1970 8516 0 1 
3700 2393 8892 3 9162 6245 1970 8516 0 1 
3800 2393 8891 3 9161 6244 1970 8515 0 1 
3900 2393 8891 3 9161 6244 1970 8515 0 1 
4000 2393 8891 3 9161 6244 1970 8515 0 1 
4100 2393 8891 3 9161 6244 1970 8515 0 1 
4200 2393 8892 3 9162 6245 1970 8516 0 1 
4300 2393 8891 3 9161 6244 1970 8515 0 1 
4400 2393 8892 3 9162 6245 1970 8516 0 1 
4500 2393 8891 3 9161 6244 1970 8515 0 1 
4600 2393 8891 3 9161 6244 1970 8515 0 1 
4700 2393 8891 3 9161 6244 1970 8515 0 1 
4800 2393 8891 3 9161 6244 1970 8515 0 1 
4900 2393 8891 3 9161 6244 1970 8515 0 1 
5000 2393 8891 3 9161 6244 1970 8515 0 1 
5100 2393 8891 3 9161 6244 1970 8515 0 1 
5200 2393 8891 3 9161 6244 1970 8515 0 1 
5300 2393 8891 3 9161 6244 1970 8515 0 1 
5400 2393 8892 3 9162 6245 1970 8516 0 1 
5500 2393 8891 3 9161 6244 1970 8515 0 1 
5600 2393 8891 3 9161 6244 1970 8515 0 1 
5700 2393 8891 3 9161 6244 1970 8515 0 1 
5800 2393 8891 3 9161 6244 1970 8515 0 1 
5900 2393 8891 3 9161 6244 1970 8515 0 1 
6000 2393 8891 3 9161 6244 1970 8515 0 1 
6100 2393 8889 3 9161 6244 1970 8515 0 1 
6200 2393 8889 3 9161 6244 1970 8515 0 1 
6300 2393 8889 3 9161 6244 1970 8515 0 1 
6400 2393 8889 3 9161 6244 1970 8515 0 1 
6500 2393 8889 3 9161 6244 1970 8515 0 1 
6600 2393 8889 3 9161 6244 1970 8515 0 1 
6700 2393 8889 3 9161 6244 1970 8515 0 1 
6800 2393 8889 3 9161 6244 1970 8515 0 1 
6900 2393 8889 3 9161 6244 1970 8515 0 1 
7000 2393 8889 3 9161 6244 1970 8515 0 1 
7100 2393 8889 3 9161 6244 1970 8515 0 1 
7200 2393 8889 3 9161 6244 1970 8515 0 1 
7300 2393 8889 3 9161 6244 1970 8515 0 1 
7400 2393 8889 3 9161 6244 1970 8515 0 1 
7500 2393 8890 3 9162 6245 1970 8516 0 1 
7600 2393 8889 3 9161 6244 1970 8515 0 1 
7700 2393 8889 3 9161 6244 1970 8515 0 1 
7800 2393 8889 3 9161 6244 1970 8515 0 1 
7900 2393 8889 3 9161 6244 1970 8515 0 1 
8000 2393 8889 3 9161 6244 1970 8515 0 1 
8100 2393 8889 3 9161 6244 1970 8515 0 1 
8200 2393 8889 3 9161 6244 1970 8515 0 1 
8300 2393 8889 3 9161 6244 1970 8515 0 1 
8400 2393 8889 3 9161 6244 1970 8515 0 1 
8500 2393 8889 3 9161 6244 1970 8515 0 1 
8600 2393 8890 3 9162 6245 1970 8516 0 1 
8700 2393 8889 3 9161 6244 1970 8515 0 1 
8800 2393 8889 3 9161 6244 1970 8515 0 1 
8900 2393 8889 3 9161 6244 1970 8515 0 1 
9000 2393 8889 3 9161 6244 1970 8515 0 1 
9100 2393 8889 3 9161 6244 1970 8515 0 1 
9200 2393 8889 3 9161 6244 1970 8515 0 1 
9300 2393 8889 3 9161 6244 1970 8515 0 1 
9400 2393 8889 3 9161 6244 1970 8515 0 1 
9500 2393 8889 3 9161 6244 1970 8515 0 1 
9600 2393 8889 3 9161 6244 1970 8515 0 1 
9700 2393 8889 3 9161 6244 1970 8515 0 1 
9800 2393 8889 3 9161 6244 1970 8515 0 1 
9900 2393 8889 3 9161 6244 1970 8515 0 1 
10000 2393 8889 3 9161 6244 1970 8515 0 1 
