# Avida tasks data
# Thu Apr 20 23:27:57 2023
# First column gives the current update, next columns give the number
# of organisms that have the particular task as a component of their merit
#  1: Update
#  2: Not
#  3: Nand
#  4: And
#  5: OrNot
#  6: Or
#  7: AndNot
#  8: Nor
#  9: Xor
# 10: Equals

0 0 0 0 0 0 0 0 0 0 
100 0 0 0 0 0 0 0 0 0 
200 0 0 0 0 0 0 0 0 0 
300 0 0 0 0 0 0 0 0 0 
400 0 0 0 0 0 0 0 0 0 
500 0 0 0 0 0 0 0 0 0 
600 0 0 0 0 0 0 0 0 0 
700 1388 609 0 16 5 0 0 0 0 
800 3589 2556 0 132 398 0 0 0 0 
900 5330 3529 0 847 1193 0 0 0 0 
1000 6355 3598 0 1903 2150 0 0 0 0 
1100 7205 3578 0 2907 3020 0 0 0 0 
1200 8021 3474 0 3869 3958 0 0 0 0 
1300 8805 3310 0 4802 4874 3 0 0 0 
1400 9506 3094 0 5679 5678 3 0 0 0 
1500 10081 2942 0 6471 6347 0 0 0 0 
1600 10414 3607 0 7188 6939 5 0 0 0 
1700 10714 4864 0 7881 7372 2 0 0 0 
1800 11112 5991 0 8472 8000 2 0 0 0 
1900 11551 7065 0 9127 8591 0 0 0 0 
2000 11918 7883 0 9673 9215 9 0 0 0 
2100 12156 8718 0 10138 9658 1 0 0 0 
2200 12409 9487 0 10488 10169 4 0 0 0 
2300 12574 10294 0 10761 10386 1 0 0 0 
2400 12780 10960 0 11176 10863 1 0 0 0 
2500 12887 11522 0 11422 11072 3 0 0 0 
2600 12879 12045 0 11458 11172 3 0 0 0 
2700 13014 12449 0 11710 11436 4 0 0 0 
2800 13067 12711 0 11763 11520 9 0 0 0 
2900 13057 12997 0 11868 11577 4 0 0 0 
3000 13135 13194 0 11903 11679 7 0 0 0 
3100 13085 13333 0 11949 11715 3 0 0 0 
3200 13101 13479 0 11908 11699 2 0 0 0 
3300 13115 13520 0 11982 11766 10 0 0 0 
3400 13096 13587 0 11965 11815 6 1 0 0 
3500 13114 13567 0 11937 11798 4 0 0 0 
3600 13115 13559 0 11958 11752 6 0 0 0 
3700 13109 13568 0 12028 11755 6 0 0 0 
3800 13045 13564 0 11907 11763 2 1 0 0 
3900 13091 13563 0 12094 11897 5 0 0 0 
4000 13088 13522 0 11956 11695 5 0 0 0 
4100 13092 13541 0 12003 11789 17 0 0 0 
4200 13120 13546 0 12008 11846 10 0 0 0 
4300 13139 13535 0 12084 11846 5 2 0 0 
4400 13097 13636 0 12079 11849 7 0 0 0 
4500 13155 13572 0 12056 11802 5 1 0 0 
4600 13102 13568 0 12046 11914 6 0 0 0 
4700 13154 13566 0 12144 11946 12 0 0 0 
4800 13131 13591 0 12046 11795 4 0 0 0 
4900 13148 13547 0 12083 11845 4 0 0 0 
5000 13153 13569 0 12153 11897 7 0 0 0 
5100 13145 13550 0 12185 11962 13 0 0 0 
5200 13149 13591 0 12119 11967 6 1 0 0 
5300 13167 13561 0 12205 12002 577 1 0 0 
5400 13189 13581 0 12289 12035 2372 0 0 0 
5500 13125 13571 0 12143 11977 3884 2 0 0 
5600 13187 13560 0 12106 11879 5432 0 0 0 
5700 13223 13523 0 12190 11975 6667 0 0 0 
5800 13171 13551 0 12082 11887 7983 3 0 0 
5900 13269 13585 0 12273 12129 9349 0 0 0 
6000 13238 13576 0 12195 12010 10223 2 0 0 
6100 13282 13601 0 12229 12067 10989 3 0 0 
6200 13233 13562 0 12182 11992 11504 0 0 0 
6300 13214 13711 16 12223 12013 11996 4 0 0 
6400 13227 13599 0 12249 12086 12417 2 0 0 
6500 13176 13676 0 12287 12027 12749 2 0 0 
6600 13217 13664 1 12335 12102 12949 1 0 0 
6700 13256 13658 2 12379 12216 13046 3 0 0 
6800 13203 13683 4 12294 12054 13258 1 0 0 
6900 13223 13655 2 12305 12152 13379 0 0 0 
7000 13285 13586 0 12263 12086 13508 0 0 0 
7100 13187 13598 2 12277 12042 13525 2 0 0 
7200 13347 13651 0 12322 12140 13553 0 0 0 
7300 13230 13609 0 12252 12055 13508 1 0 0 
7400 13258 13646 0 12318 12143 13546 0 0 0 
