# Avida tasks data
# Fri Apr 21 02:15:23 2023
# First column gives the current update, next columns give the number
# of organisms that have the particular task as a component of their merit
#  1: Update
#  2: Not
#  3: Nand
#  4: And
#  5: OrNot
#  6: Or
#  7: AndNot
#  8: Nor
#  9: Xor
# 10: Equals

0 0 0 0 0 0 0 0 0 0 
100 0 0 0 0 0 0 0 0 0 
200 0 0 0 0 0 0 0 0 0 
300 0 0 0 0 0 0 0 0 0 
400 0 0 0 0 0 0 0 0 0 
500 0 0 0 0 0 0 0 0 0 
600 2 0 0 0 0 0 0 0 0 
700 106 1 0 0 0 0 0 0 0 
800 1715 1663 0 918 1 3 428 0 0 
900 2642 2760 1 1791 6 3 1508 0 0 
1000 4291 4554 0 3723 12 1 3184 0 0 
1100 6128 6448 0 5806 9 5 5118 0 0 
1200 7791 8146 6 7592 14 7 6824 0 0 
1300 9714 9964 4 9607 31 8 8695 0 0 
1400 10859 11285 0 11050 27 6 9876 0 0 
1500 11685 12113 0 11923 26 5 10652 0 0 
1600 12207 12609 2 12564 15 6 11147 0 0 
1700 12636 13020 5 12967 37 5 11577 0 0 
1800 12943 13401 0 13311 27 5 11946 0 0 
1900 13093 13550 5 13502 20 13 12013 0 0 
2000 13111 13555 3 13532 26 14 11997 0 0 
2100 13152 13578 10 13549 35 10 12079 0 0 
2200 13222 13571 1 13498 34 9 12118 0 0 
2300 13125 13573 0 13498 25 2 12079 0 0 
2400 13107 13545 0 13476 36 17 11898 0 0 
2500 13188 13652 0 13575 30 6 12088 0 0 
2600 13204 13529 112 13430 33 12 12051 0 0 
2700 13180 13589 485 13493 25 12 12067 0 0 
2800 13290 13595 1210 13422 37 10 12152 0 0 
2900 13233 13622 2057 13287 30 16 12032 0 0 
3000 13236 13585 3055 13240 31 8 12019 0 0 
3100 13264 13639 4108 13146 27 8 12065 0 0 
3200 13355 13577 5092 13057 21 18 12111 0 0 
3300 13338 13547 6202 12842 39 14 12041 0 0 
3400 13405 13574 7291 12764 35 14 12041 0 0 
3500 13438 13587 8401 12683 30 12 12029 0 0 
3600 13433 13556 9349 12450 13 14 11959 0 0 
3700 13572 13570 10291 12475 18 11 12139 0 0 
3800 13505 13497 10908 12309 22 12 12037 0 0 
3900 13549 13504 11457 12286 16 20 12043 0 0 
4000 13581 13528 11906 12262 13 20 12177 0 0 
4100 13565 13501 12212 12186 14 12 12139 0 0 
4200 13618 13566 12493 12158 16 19 12133 0 0 
4300 13631 13527 12692 12196 12 15 12104 0 0 
4400 13659 13537 12908 12213 11 16 12158 0 0 
4500 13662 13516 12950 12119 20 30 12175 0 0 
4600 13692 13526 12907 12139 11 21 12205 0 0 
4700 13667 13572 13032 12234 14 24 12206 0 0 
4800 13617 13506 12960 12105 18 15 12171 0 0 
4900 13697 13558 13055 12162 18 20 12232 0 0 
5000 13734 13543 13142 12171 14 25 12216 0 0 
5100 13704 13569 13101 12315 17 30 12318 0 0 
5200 13736 13587 13190 12323 22 30 12272 0 0 
5300 13682 13550 13013 12238 12 55 12230 0 0 
5400 13721 13512 13086 12330 16 94 12280 0 0 
5500 13763 13511 13063 12326 12 174 12307 0 0 
5600 13693 13494 13029 12203 16 281 12188 0 0 
5700 13745 13552 13033 12249 17 398 12233 0 0 
5800 13669 13517 13066 12211 24 573 12099 0 0 
5900 13673 13521 13088 12266 14 776 12199 0 0 
6000 13674 13566 13065 12322 11 1017 12265 0 0 
6100 13682 13539 12980 12271 19 1367 12220 0 0 
6200 13711 13487 13069 12322 6 1760 12313 0 0 
6300 13689 13553 13154 12365 22 2071 12328 0 0 
6400 13659 13595 13213 12238 8 2295 12222 0 0 
6500 13692 13599 13168 12195 12 2726 12264 0 0 
6600 13741 13545 13057 12345 13 3201 12314 0 0 
6700 13665 13519 13054 12285 8 3695 12236 0 0 
6800 13689 13508 13090 12263 14 4194 12196 0 0 
6900 13642 13488 13056 12237 18 4666 12136 0 0 
7000 13684 13643 13200 12315 16 5167 12293 0 0 
7100 13687 13487 13030 12299 21 5565 12171 0 34 
7200 13657 13527 13057 12351 18 5973 12159 0 85 
7300 13663 13502 12995 12314 22 6312 11979 0 188 
7400 13641 13539 13009 12388 28 6748 11876 0 326 
7500 13634 13502 13025 12303 32 6956 11563 0 553 
7600 13565 13504 13008 12233 32 7084 11151 0 834 
7700 13612 13497 13036 12368 91 6865 10790 0 1234 
7800 13641 13440 12965 12151 63 6925 10297 0 1643 
7900 13574 13503 12980 12257 72 6780 9886 0 2032 
8000 13604 13435 12891 12226 54 6776 9325 0 2420 
8100 13610 13456 12938 12281 59 6801 8936 1 2825 
8200 13618 13460 12899 12449 62 7106 8418 5 3323 
8300 13575 13438 12928 12338 58 7253 7772 2 3789 
8400 13560 13430 12922 12451 53 7509 7276 0 4333 
8500 13579 13378 12911 12494 54 7816 6681 3 4840 
8600 13597 13411 12933 12414 37 8161 6088 3 5414 
8700 13634 13386 12841 12478 23 8477 5530 3 5891 
8800 13549 13373 12892 12444 19 8948 4850 2 6370 
8900 13574 13414 12965 12450 15 9417 4201 6 6988 
9000 13605 13370 12830 12524 12 9852 3533 4 7635 
9100 13600 13373 12870 12524 14 10137 3005 2 8083 
9200 13595 13364 12837 12608 15 10518 2290 4 8674 
9300 13514 13299 12774 12494 13 10928 1880 1 9068 
9400 13626 13362 12740 12533 13 11395 1593 0 9435 
9500 13627 13316 12721 12527 6 11648 1328 5 9684 
9600 13545 13375 12772 12587 6 11872 1043 1 9891 
9700 13525 13312 12722 12548 11 12170 889 3 9986 
9800 13551 13361 12730 12582 10 12272 800 2 10107 
9900 13594 13329 12600 12664 11 12303 937 4 10214 
10000 13566 13302 12684 12573 9 12403 1152 8 10170 
