# Avida tasks data
# Thu Apr 20 17:28:43 2023
# First column gives the current update, next columns give the number
# of organisms that have the particular task as a component of their merit
#  1: Update
#  2: Not
#  3: Nand
#  4: And
#  5: OrNot
#  6: Or
#  7: AndNot
#  8: Nor
#  9: Xor
# 10: Equals

0 0 0 0 0 0 0 0 0 0 
100 0 0 0 0 0 0 0 0 0 
200 0 0 0 0 0 0 0 0 0 
300 0 0 0 0 0 0 0 0 0 
400 0 0 0 0 0 0 0 0 0 
500 0 0 0 0 0 0 0 0 0 
600 0 0 0 0 0 0 0 0 0 
700 4 7 0 0 0 0 0 0 0 
800 86 89 0 4 0 0 0 0 0 
900 1295 909 0 14 0 0 0 0 0 
1000 2626 852 2 8 0 0 0 0 0 
1100 2925 776 1 3 0 0 0 0 0 
1200 3437 519 1 3 0 0 0 0 0 
1300 4425 249 0 3 1 0 0 0 0 
1400 5551 130 0 4 0 0 0 0 0 
1500 6376 72 0 2 0 0 0 0 0 
1600 7023 43 0 5 0 0 0 0 0 
1700 6859 710 0 66 0 0 0 0 0 
1800 6564 954 0 601 2 0 0 0 0 
1900 6824 1124 0 705 2 0 2 0 0 
2000 6968 1153 0 791 3 2 0 0 0 
2100 7056 1256 0 904 2 1 2 0 0 
2200 7180 1592 1 1253 4 6 0 0 0 
2300 7209 1929 1 1567 4 6 0 0 0 
2400 7242 2164 0 1819 7 7 0 0 0 
2500 7242 2229 0 1851 6 5 0 0 0 
2600 7327 2490 0 2119 19 11 0 0 0 
2700 7378 2578 9 2202 11 567 1 0 0 
2800 7547 2754 8 2387 10 970 4 0 0 
2900 7684 2905 7 2537 11 1228 4 0 0 
3000 7775 3000 8 2645 14 1464 7 0 0 
3100 7775 3090 10 2717 11 1915 6 0 0 
3200 7780 3377 22 2990 10 2264 7 0 0 
3300 7800 3564 17 3169 12 2436 9 0 0 
3400 7829 3787 20 3384 12 2642 9 0 0 
3500 7857 3959 28 3546 13 2791 8 0 0 
3600 7846 4092 26 3664 11 2949 7 0 0 
3700 7891 4302 31 3867 10 3127 7 0 0 
3800 8076 4574 47 4126 12 3402 9 0 0 
3900 8228 4768 35 4314 13 3620 10 0 0 
4000 8338 4914 44 4466 13 3786 11 1 0 
4100 8490 5131 41 4661 13 3983 10 0 0 
4200 8590 5265 40 4797 17 4119 12 0 0 
4300 8711 5421 32 4962 14 4304 11 0 0 
4400 8797 5534 31 5052 14 4375 11 1 0 
4500 8810 5543 32 4573 13 4399 11 0 0 
4600 8878 5614 38 4347 13 4457 10 0 0 
4700 8952 5690 31 4045 13 4535 13 0 0 
4800 9013 5756 27 3820 13 4591 16 0 0 
4900 9087 5844 37 3689 14 4675 19 0 0 
5000 9135 5935 35 3563 12 4733 14 0 0 
5100 9225 6062 35 3509 10 4870 13 0 0 
5200 9335 6188 33 3456 11 4997 8 0 0 
5300 9355 6234 44 3407 11 4970 9 0 0 
5400 9475 6361 42 3372 16 5108 19 0 0 
5500 9529 6474 43 3329 13 5246 13 0 0 
5600 9617 6596 35 3295 12 5377 9 0 0 
5700 9782 6786 51 3245 15 5489 16 0 0 
5800 9890 6937 34 3164 14 5660 12 0 0 
5900 10007 7101 40 3100 13 5807 11 0 0 
6000 10046 7163 45 3044 17 5870 15 0 0 
6100 10141 7281 53 2978 16 5939 13 0 0 
6200 10219 7375 49 2933 13 6032 10 0 0 
6300 10278 7445 55 2882 16 6102 17 0 0 
6400 10329 7526 41 2838 22 6159 23 0 0 
6500 10432 7658 58 2772 20 6305 20 0 0 
6600 10509 7776 67 2740 15 6415 24 0 0 
6700 10642 7952 52 2673 14 6611 17 0 0 
6800 10705 8045 64 2657 16 6660 20 0 0 
6900 10840 8204 67 2657 15 6809 21 0 0 
7000 10919 8326 55 2639 16 6925 24 0 0 
7100 11016 8459 61 2603 16 7053 24 0 0 
7200 11037 8542 86 2576 11 7110 19 0 0 
7300 11109 8656 74 2520 15 7233 24 0 0 
7400 11170 8751 65 2431 19 7343 23 0 0 
7500 11230 8835 79 2370 19 7431 21 0 0 
7600 11320 8966 69 2348 14 7553 22 0 0 
7700 11358 9031 67 2305 11 7649 19 0 0 
7800 11423 9128 72 2269 17 7709 18 0 0 
7900 11463 9198 78 2203 19 7773 18 0 0 
8000 11524 9294 86 2198 14 7835 24 0 0 
8100 11554 9366 92 2172 12 7873 19 0 0 
8200 11541 9384 94 2136 10 7881 19 0 0 
8300 11627 9488 87 2117 17 8006 24 0 0 
8400 11663 9562 94 2113 15 8040 24 0 0 
8500 11680 9607 86 2063 11 8089 31 0 0 
8600 11737 9681 87 2065 15 8157 35 0 0 
8700 11762 9741 94 2036 20 8166 41 0 0 
8800 11794 9815 95 1991 18 8255 36 0 0 
8900 11860 9919 84 1960 23 8385 39 0 0 
9000 11923 10035 92 1953 19 8484 28 0 0 
9100 11889 10039 93 1912 16 8500 24 0 0 
9200 11972 10142 96 1932 14 8581 24 0 0 
9300 11961 10135 106 1914 13 8578 23 0 0 
9400 11947 10121 100 1923 15 8548 27 0 0 
9500 11931 10109 96 1925 19 8519 27 0 0 
9600 11936 10142 92 1924 13 8581 22 0 0 
9700 11955 10186 87 1910 13 8628 22 0 0 
9800 11953 10217 89 1911 16 8680 26 0 0 
9900 11961 10271 95 1924 17 8717 30 0 0 
10000 11965 10328 96 1916 18 8750 27 0 0 
