# Avida tasks data
# Thu Apr 20 20:10:37 2023
# First column gives the current update, next columns give the number
# of organisms that have the particular task as a component of their merit
#  1: Update
#  2: Not
#  3: Nand
#  4: And
#  5: OrNot
#  6: Or
#  7: AndNot
#  8: Nor
#  9: Xor
# 10: Equals

0 0 0 0 0 0 0 0 0 0 
100 0 0 0 0 0 0 0 0 0 
200 0 0 0 0 0 0 0 0 0 
300 0 0 0 0 0 0 0 0 0 
400 0 0 0 0 0 0 0 0 0 
500 2 0 0 0 0 0 0 0 0 
600 3 0 0 0 0 0 0 0 0 
700 327 36 0 0 0 0 0 0 0 
800 1442 395 0 352 0 0 0 0 0 
900 1987 1551 0 1487 2 2 0 0 0 
1000 3118 2556 0 2513 3 3 0 0 0 
1100 4047 3571 0 3579 10 0 0 0 0 
1200 5076 4565 0 4622 5 0 0 0 0 
1300 6274 5725 1 5769 10 0 0 0 0 
1400 7362 6776 0 6879 13 3 0 0 0 
1500 8437 7835 3 7948 26 2 0 0 0 
1600 9506 8850 115 9043 11 3 0 0 0 
1700 10542 9511 442 10047 29 24 0 0 0 
1800 11196 9997 1192 10733 31 28 0 0 0 
1900 11888 11202 2203 11469 40 31 0 0 0 
2000 12084 11730 3502 11714 29 60 2 0 0 
2100 12316 12092 4805 11933 35 78 0 0 0 
2200 12443 12437 6051 12224 34 65 4 0 0 
2300 12587 12577 7300 12442 58 88 4 0 0 
2400 12631 12820 8192 12629 48 95 1 0 0 
2500 12734 13001 8865 12779 40 111 1 0 0 
2600 12815 13003 9391 12741 34 121 0 0 0 
2700 12853 13103 9904 12826 42 120 0 0 0 
2800 12840 13131 10297 12874 53 122 3 0 0 
2900 12910 13156 10612 12841 38 125 0 0 0 
3000 12842 13121 10672 12817 33 131 1 0 0 
3100 12987 13223 10974 12940 35 127 1 0 0 
3200 12949 13182 10992 12888 37 130 1 0 0 
3300 12932 13175 11015 12941 42 116 1 0 0 
3400 13043 13229 11142 12898 43 145 5 0 0 
3500 12983 13153 11141 12992 40 146 6 0 0 
3600 13014 13233 11239 12987 39 118 1 0 0 
3700 13040 13210 11130 12918 40 107 1 0 0 
3800 13027 13205 11071 12944 41 100 0 0 6 
3900 13043 13249 11179 12939 25 117 0 0 0 
4000 13073 13279 11234 13001 46 98 0 0 0 
4100 13040 13220 11125 12945 29 113 0 0 0 
4200 12995 13221 11172 13003 39 110 0 0 0 
4300 13007 13303 11319 13050 35 119 0 0 0 
4400 13049 13352 11237 13005 27 97 1 0 0 
4500 13005 13346 11256 13077 25 136 4 0 0 
4600 13059 13299 11279 13080 33 125 0 0 0 
4700 12973 13321 11222 13060 14 116 0 0 0 
4800 13031 13323 11365 13095 19 107 2 0 0 
4900 13036 13361 11242 13057 25 114 2 0 0 
5000 12936 13287 11198 13010 32 106 1 0 0 
5100 13035 13336 11291 13046 24 100 1 0 0 
5200 13063 13330 11287 13109 19 111 0 0 0 
5300 13071 13358 11409 13100 35 123 1 0 0 
5400 13038 13330 11159 13003 87 85 4 0 0 
5500 12982 13342 11297 13056 162 119 2 0 0 
5600 13068 13384 11336 13099 1033 117 988 0 0 
5700 13055 13288 11079 13052 2494 116 2488 0 0 
5800 13132 13409 11346 13228 4111 94 4074 0 0 
5900 13097 13420 11224 13267 5325 95 5297 0 0 
6000 13085 13331 11334 13331 6611 106 6559 0 0 
6100 12973 13287 11311 13342 7758 95 7713 0 0 
6200 13036 13313 11286 13215 8663 95 8618 0 0 
6300 13086 13295 11251 13254 9504 112 9443 0 0 
6400 13088 13376 11359 13298 10072 91 9994 4 0 
6500 13112 13305 11345 13247 10510 93 10486 0 0 
6600 13067 13352 11349 13295 10910 100 10850 0 0 
6700 13112 13464 11522 13312 11373 70 11288 0 0 
6800 13169 13418 11395 13257 11636 97 11550 0 0 
6900 13173 13440 11471 13317 11921 118 11802 0 0 
7000 13077 13337 11423 13163 11925 180 11830 0 0 
7100 13142 13367 11561 13252 12018 267 11939 0 0 
7200 13075 13329 11517 13230 12052 364 11961 0 0 
7300 13162 13377 11547 13186 12113 539 12033 0 0 
7400 13120 13342 11525 13163 12068 821 11974 0 0 
7500 13100 13303 11512 13127 12043 1084 11979 0 0 
7600 13095 13284 11651 13195 12130 1564 12019 0 0 
7700 13112 13233 11561 13095 12070 2088 11997 0 0 
7800 13037 13243 11556 13167 12044 2658 11971 0 0 
7900 13070 13154 11380 13127 12010 3178 11886 0 0 
8000 13099 13199 11600 13156 12166 3851 12043 0 0 
8100 13019 13144 11615 13172 12012 4453 11929 0 0 
8200 13048 13174 11476 13150 12130 4873 11957 0 0 
8300 12941 13081 11570 13147 12055 5367 11880 0 0 
8400 13006 13137 11656 13123 12026 6000 11906 0 0 
8500 13021 13120 11604 13148 12101 6666 11999 0 0 
8600 13054 13167 11662 13189 12134 7207 11975 0 0 
8700 13043 13095 11698 13157 12087 7777 11970 0 0 
8800 12918 12952 11632 13099 12008 8139 11828 0 0 
8900 12827 12884 11541 13051 11845 8472 11700 0 0 
9000 12923 13004 11677 13108 12060 9067 11950 0 0 
9100 12963 12972 11607 13082 12053 9445 11894 0 0 
9200 12923 12980 11609 13088 11996 9790 11877 0 0 
9300 12982 12941 11591 13075 12027 10165 11878 0 0 
9400 13036 12985 11878 13151 12127 10469 11928 0 2 
9500 12955 12859 11640 13075 12006 10555 11810 0 0 
9600 13013 12985 11681 13162 12129 10894 11919 0 1 
9700 12902 12884 11715 13061 12026 10979 11879 0 0 
9800 12913 12860 11845 13071 12045 11192 11876 0 0 
9900 12914 12832 11763 13014 11948 11390 11820 0 0 
10000 12924 12812 11724 13022 12025 11592 11868 0 0 
