# Avida tasks data
# Fri Apr 21 01:28:48 2023
# First column gives the current update, next columns give the number
# of organisms that have the particular task as a component of their merit
#  1: Update
#  2: Not
#  3: Nand
#  4: And
#  5: OrNot
#  6: Or
#  7: AndNot
#  8: Nor
#  9: Xor
# 10: Equals

0 0 0 0 0 0 0 0 0 0 
100 0 0 0 0 0 0 0 0 0 
200 0 0 0 0 0 0 0 0 0 
300 0 0 0 0 0 0 0 0 0 
400 0 0 0 0 0 0 0 0 0 
500 0 0 0 0 0 0 0 0 0 
600 136 0 0 0 0 0 0 0 0 
700 1774 0 0 0 0 0 0 0 0 
800 3882 2 0 54 0 0 0 0 0 
900 5278 1434 0 682 1 0 0 0 0 
1000 6454 3215 0 1941 4 0 0 0 0 
1100 7326 4634 0 3059 588 0 0 0 0 
1200 8093 5750 0 3959 1978 0 0 0 0 
1300 9056 7057 0 4981 3263 0 0 0 0 
1400 10580 8912 0 6586 4968 0 0 0 0 
1500 12277 10977 0 8503 6926 1 2 0 0 
1600 12901 12000 0 9588 8338 7 0 0 0 
1700 13012 12524 0 10431 9249 4 1 0 0 
1800 12901 12895 0 10955 9945 5 0 0 0 
1900 12979 13245 0 11367 10629 3 13 0 0 
2000 12971 13475 1 11387 11077 5 249 0 0 
2100 12927 13523 0 10867 11322 11 863 0 0 
2200 12981 13616 0 10232 11543 11 1653 0 0 
2300 12936 13570 0 9169 11474 14 2626 0 0 
2400 12930 13552 0 8256 11491 26 3572 0 0 
2500 12937 13536 0 7245 11582 35 4655 0 0 
2600 12941 13598 0 5966 11621 46 5902 0 0 
2700 12970 13600 0 4914 11696 51 7066 0 0 
2800 12872 13587 2 4286 11596 73 7767 0 0 
2900 12874 13606 0 3782 11713 78 8671 0 0 
3000 12948 13570 0 3572 11703 85 9319 0 0 
3100 12981 13620 2 3640 11774 105 10010 0 0 
3200 12953 13641 0 4076 11813 98 10436 0 0 
3300 13010 13543 0 4721 11786 90 10721 0 0 
3400 13104 13496 0 5575 11878 98 11028 0 0 
3500 13020 13550 0 6478 11718 109 11028 0 0 
3600 13028 13613 3 7398 11797 97 11290 0 0 
3700 13125 13605 0 8329 11933 95 11554 0 0 
3800 13127 13593 0 9157 11895 84 11532 0 0 
3900 13183 13610 3 9997 12084 82 11725 0 1 
4000 13158 13634 0 10608 11941 173 11627 0 0 
4100 13192 13639 0 10928 12008 558 11698 0 0 
4200 13142 13594 1 11027 11933 1346 11562 0 0 
4300 13217 13631 3 11248 11972 2404 11634 0 0 
4400 13310 13617 14 11468 11988 3624 11729 0 0 
4500 13272 13664 10 11797 12093 4952 11838 0 0 
4600 13232 13633 12 11964 12014 6304 11760 0 0 
4700 13328 13664 33 12242 12104 7699 11849 0 0 
4800 13347 13643 17 12618 12076 9070 11883 0 0 
4900 13387 13668 29 12758 12077 10047 11897 0 0 
5000 13382 13717 31 12912 12164 10999 11956 0 0 
5100 13474 13654 65 13065 12191 11566 11976 0 0 
5200 13375 13669 47 13111 12163 12074 12004 0 0 
5300 13408 13621 37 13148 12227 12388 12075 0 0 
5400 13433 13723 30 13211 12188 12572 11997 0 0 
5500 13446 13613 54 13184 12176 12808 11932 0 0 
5600 13299 13654 36 13022 12096 12792 11899 0 0 
5700 13404 13640 30 13190 12209 12843 12014 0 0 
5800 13456 13634 36 13220 12139 12727 11959 0 0 
5900 13418 13596 38 13187 12123 12801 11925 0 0 
6000 13425 13633 41 13191 12273 12856 12101 0 0 
6100 13402 13627 42 13159 12114 12896 11914 0 0 
6200 13391 13635 33 13165 12175 12876 12000 0 0 
6300 13432 13586 45 13153 12143 12897 11983 0 0 
6400 13362 13608 45 13155 12195 12827 12052 0 0 
6500 13389 13596 33 13238 12178 12747 11963 0 0 
6600 13379 13686 36 13177 12127 12874 11931 0 0 
6700 13379 13659 44 13146 12135 12933 11946 0 0 
6800 13449 13611 48 13275 12160 12895 12006 0 0 
6900 13397 13635 34 13238 12253 12884 12088 0 0 
7000 13324 13604 46 13179 12173 12883 11929 0 0 
7100 13429 13620 53 13223 12185 12876 11999 0 0 
7200 13324 13644 46 13125 12161 12844 11942 0 0 
7300 13432 13610 35 13157 12189 12826 11951 0 0 
7400 13412 13631 34 13178 12188 12899 12009 0 0 
7500 13360 13625 45 13182 12194 12835 11945 0 0 
7600 13393 13615 30 13159 12112 12861 11942 0 0 
7700 13419 13586 53 13207 12161 12814 11951 0 0 
7800 13457 13598 37 13207 12186 12925 12016 0 0 
7900 13409 13631 45 13228 12180 12901 12034 0 0 
8000 13398 13641 37 13146 12104 12924 11907 0 0 
8100 13330 13612 41 13122 12085 12926 11893 0 0 
8200 13406 13610 54 13140 12114 12905 11974 11 0 
8300 13345 13617 51 13146 12160 12845 11948 65 0 
8400 13429 13662 31 13222 12131 12768 11987 169 0 
8500 13416 13602 35 13186 12109 12522 11900 417 0 
8600 13373 13662 49 13148 12214 12174 12000 773 0 
8700 13456 13611 51 13256 12196 11515 12031 786 502 
8800 13411 13620 84 13183 12151 10190 11951 557 1874 
8900 13488 13629 88 13244 12219 8758 12076 320 3448 
9000 13412 13632 119 13198 12066 7304 11886 86 4808 
9100 13436 13606 163 13293 12062 5861 11934 23 6092 
9200 13487 13593 159 13317 12185 4428 11997 4 7473 
9300 13455 13554 179 13332 12097 3170 11908 0 8484 
9400 13527 13585 162 13438 12269 2096 12068 0 9622 
9500 13466 13631 156 13425 12165 1454 12004 0 10093 
9600 13495 13564 203 13353 12150 948 11942 0 10510 
9700 13437 13588 186 13349 12106 580 11940 0 10824 
9800 13502 13598 182 13365 12206 382 11984 0 11017 
9900 13512 13588 221 13364 12126 231 11949 0 11121 
10000 13495 13609 205 13396 12121 163 11896 0 11230 
