# Avida tasks data
# Thu Apr 20 17:11:52 2023
# First column gives the current update, next columns give the number
# of organisms that have the particular task as a component of their merit
#  1: Update
#  2: Not
#  3: Nand
#  4: And
#  5: OrNot
#  6: Or
#  7: AndNot
#  8: Nor
#  9: Xor
# 10: Equals

0 0 0 0 0 0 0 0 0 0 
100 0 0 0 0 0 0 0 0 0 
200 0 0 0 0 0 0 0 0 0 
300 0 0 0 0 0 0 0 0 0 
400 0 0 0 0 0 0 0 0 0 
500 0 0 0 0 0 0 0 0 0 
600 1 0 0 0 0 0 0 0 0 
700 22 2 0 0 0 0 0 0 0 
800 676 4 0 2 0 0 0 0 0 
900 2390 56 0 125 504 2 0 0 0 
1000 3953 211 0 540 1919 1 1 0 0 
1100 4866 1319 0 1846 2872 1 0 0 0 
1200 5919 2605 0 2987 3987 0 0 0 0 
1300 6867 3940 0 4061 5089 2 0 0 0 
1400 7768 5144 0 5067 6020 2 9 0 0 
1500 8706 6617 0 6196 7198 4 18 0 0 
1600 9603 7932 0 7314 8211 1 8 0 0 
1700 10235 8970 1 8133 8978 5 0 0 0 
1800 10615 9908 3 8946 9654 67 0 0 0 
1900 11070 10761 1 9500 10209 176 2 0 0 
2000 11438 11354 6 9666 10606 472 2 0 0 
2100 11710 11813 10 9537 10951 998 14 0 0 
2200 11990 12116 18 9686 11297 1168 642 0 0 
2300 12146 12202 15 10159 11372 901 1849 0 0 
2400 12192 12405 18 10373 11451 815 3050 0 0 
2500 12289 12510 31 10656 11501 700 4203 0 0 
2600 12313 12696 20 10922 11633 579 5380 0 0 
2700 12525 12817 22 11143 11790 474 6344 0 0 
2800 12505 12922 43 11379 11766 364 7259 0 0 
2900 12647 13017 25 11646 11883 277 8195 0 0 
3000 12649 13146 50 11866 11925 225 8952 0 0 
3100 12640 13237 38 12026 11890 181 9469 0 1 
3200 12645 13263 44 12081 11986 128 9981 0 0 
3300 12617 13340 56 12107 11994 104 10373 0 0 
3400 12781 13295 100 12326 12090 145 10902 0 0 
3500 12700 13373 174 12160 12067 287 11107 0 0 
3600 12697 13377 269 11839 11995 571 11222 0 0 
3700 12677 13453 396 11286 11928 1043 11402 0 0 
3800 12828 13340 491 11085 11998 1801 11617 0 0 
3900 12673 13400 670 11006 12014 2652 11604 0 0 
4000 12749 13503 768 10962 11905 3531 11516 0 0 
4100 12833 13437 698 11010 12014 4716 11708 0 0 
4200 12822 13494 576 11169 12047 5697 11731 0 0 
4300 12879 13466 537 11043 11993 6633 11693 0 0 
4400 12891 13549 667 11144 12017 7540 11669 0 0 
4500 12897 13538 762 11427 12056 8351 11703 0 0 
4600 12965 13511 969 11652 12045 9146 11690 0 0 
4700 12904 13518 1361 11891 12050 9943 11728 0 0 
4800 12947 13551 1534 11911 12031 10427 11695 0 0 
4900 12921 13475 1853 11940 11963 10818 11649 0 0 
5000 13043 13515 2238 12183 11999 11145 11635 0 0 
5100 12956 13495 2558 12069 11946 11306 11530 0 0 
5200 12980 13469 2864 12181 11932 11515 11503 0 0 
5300 13014 13429 3214 12350 12029 11753 11647 0 0 
5400 12971 13400 3527 12345 12010 11897 11632 0 0 
5500 13079 13428 3899 12422 11982 11906 11550 0 0 
5600 13072 13375 4309 12505 11985 11994 11598 0 0 
5700 13189 13333 4774 12490 12014 12012 11607 0 0 
5800 13121 13290 5096 12521 11985 12072 11622 0 0 
5900 13116 13208 5565 12578 12023 12116 11642 0 0 
6000 13132 13160 5971 12548 12043 12155 11664 0 0 
6100 13039 13115 6436 12531 12019 12182 11583 0 0 
6200 13132 13142 6786 12605 12034 12205 11668 0 0 
6300 13082 13075 7301 12590 12030 12293 11712 0 0 
6400 13046 12999 7673 12629 12057 12305 11647 0 0 
6500 13061 12906 8024 12557 11863 12214 11561 0 0 
6600 13040 12907 8512 12746 12028 12380 11646 0 0 
6700 13079 12871 8836 12763 12071 12458 11700 0 0 
6800 13003 12743 8939 12656 11993 12315 11561 0 0 
6900 12995 12792 9204 12689 11963 12420 11643 0 0 
7000 13030 12723 9479 12738 12050 12398 11620 0 0 
7100 13035 12641 9673 12719 11869 12372 11464 0 0 
7200 12990 12756 9997 12876 12007 12540 11619 0 0 
7300 12996 12738 10041 12775 12013 12481 11603 0 0 
7400 12964 12736 10301 12809 12012 12451 11625 0 0 
7500 12923 12721 10406 12765 12003 12455 11609 0 0 
7600 13021 12736 10553 12782 11968 12498 11662 0 0 
7700 13042 12681 10584 12850 12047 12417 11639 0 0 
7800 13045 12722 10570 12818 11990 12498 11692 0 0 
7900 12948 12691 10575 12768 11986 12513 11651 0 0 
8000 13049 12684 10630 12849 12076 12498 11688 0 0 
8100 13018 12830 10847 12849 12099 12571 11719 0 0 
8200 12914 12660 10743 12722 12067 12551 11717 0 0 
8300 12977 12693 10710 12848 12059 12513 11670 0 0 
8400 13045 12667 10881 12822 12062 12516 11728 0 0 
8500 12942 12679 10685 12805 12111 12513 11753 0 0 
8600 13031 12765 10915 12847 12083 12645 11795 0 0 
8700 12925 12696 10871 12847 11968 12563 11674 0 0 
8800 12984 12612 10813 12846 12057 12558 11694 0 0 
8900 13105 12721 10980 12907 12192 12581 11843 0 0 
9000 13045 12727 10951 12975 12166 12603 11805 0 0 
9100 13015 12640 10963 12924 12125 12556 11774 0 0 
9200 13021 12601 10839 12901 12102 12518 11755 0 0 
9300 12959 12641 10939 12927 12062 12579 11705 0 0 
9400 13020 12614 10901 12896 12049 12563 11715 0 0 
9500 13024 12602 10848 12900 12200 12618 11816 0 0 
9600 13063 12617 10864 12824 12031 12542 11735 0 0 
9700 13096 12581 10773 12849 12132 12505 11755 0 0 
9800 13039 12619 10759 12857 12059 12471 11677 0 0 
9900 13084 12583 10963 13001 12141 12593 11751 0 0 
10000 13021 12520 10836 12945 12086 12513 11708 0 0 
