# Avida tasks data
# Thu Apr 20 20:03:47 2023
# First column gives the current update, next columns give the number
# of organisms that have the particular task as a component of their merit
#  1: Update
#  2: Not
#  3: Nand
#  4: And
#  5: OrNot
#  6: Or
#  7: AndNot
#  8: Nor
#  9: Xor
# 10: Equals

0 0 0 0 0 0 0 0 0 0 
100 0 0 0 0 0 0 0 0 0 
200 0 0 0 0 0 0 0 0 0 
300 0 0 0 0 0 0 0 0 0 
400 0 0 0 0 0 0 0 0 0 
500 7 0 0 0 0 0 0 0 0 
600 297 267 2 224 0 0 0 0 0 
700 1837 1834 13 1794 10 0 0 0 0 
800 3125 3064 838 3091 25 29 0 0 0 
900 5166 5024 2986 5089 20 97 0 0 0 
1000 7110 6829 4904 7086 123 280 0 0 0 
1100 8970 8610 6687 9235 472 783 0 0 0 
1200 10090 9925 7872 10641 816 1336 4 0 0 
1300 9830 10838 7672 11236 1793 2329 3 0 0 
1400 8720 11281 6930 11565 3226 3536 0 0 0 
1500 7673 11421 5854 11553 4696 4795 9 0 0 
1600 8141 11574 4980 11577 5846 5759 2 0 0 
1700 8595 11696 3937 11567 7032 6790 3 1 0 
1800 9048 11942 3050 11576 8227 7876 7 0 0 
1900 9725 12138 2436 11648 8993 8611 8 0 0 
2000 10401 12427 1877 11612 9744 9223 7 0 0 
2100 10979 12575 1420 11771 10327 9791 7 0 0 
2200 11671 12925 1118 11928 10821 10216 10 0 0 
2300 12165 13183 945 12032 11167 10586 7 2 0 
2400 12555 13263 822 12048 11335 10722 10 0 0 
2500 12843 13356 663 12141 11546 10957 16 0 0 
2600 12965 13376 554 12048 11752 11023 11 0 0 
2700 13129 13349 447 12133 11875 11244 8 0 0 
2800 13160 13380 354 12053 11998 11247 6 0 0 
2900 13326 13364 311 12199 12163 11441 19 0 0 
3000 13270 13264 310 12063 12186 11390 20 0 0 
3100 13328 13150 417 12055 12179 11380 17 0 0 
3200 13267 13060 552 11999 12194 11424 31 1 0 
3300 13364 12952 648 12178 12218 11632 23 0 0 
3400 13371 12753 841 12145 12254 11500 29 0 0 
3500 13297 12577 990 12132 12261 11530 17 0 0 
3600 13363 12344 1186 12020 12140 11371 16 0 0 
3700 13393 12315 1286 12097 12232 11576 34 0 226 
3800 13363 12506 1004 12254 10688 11827 25 0 1346 
3900 13324 12673 1121 12257 9952 11895 27 0 1872 
4000 13316 12665 1713 12256 9579 11932 25 0 2197 
4100 13315 12624 2177 12180 9098 11968 35 0 2585 
4200 13320 12600 2541 12138 8773 12033 32 0 2869 
4300 13350 12582 2411 12178 8700 12067 35 0 3057 
4400 13364 12587 2429 12164 8703 12125 41 0 3497 
4500 13343 12575 2445 12170 8624 12182 40 0 3829 
4600 13390 12565 2430 12194 8615 12241 47 0 4202 
4700 13395 12580 2421 12205 8268 11829 44 0 4334 
4800 13404 12600 2243 12218 8430 11455 44 0 4394 
4900 13319 12609 2080 12209 8585 11240 50 0 4420 
