# Avida tasks data
# Fri Apr 14 01:22:04 2023
# First column gives the current update, next columns give the number
# of organisms that have the particular task as a component of their merit
#  1: Update
#  2: Not
#  3: Nand
#  4: And
#  5: OrNot
#  6: Or
#  7: AndNot
#  8: Nor
#  9: Xor
# 10: Equals

0 0 0 0 0 0 0 0 0 0 
100 0 0 0 0 0 0 0 0 0 
200 0 0 0 0 0 0 0 0 0 
300 0 0 0 0 0 0 0 0 0 
400 0 0 0 0 0 0 0 0 0 
500 0 0 0 0 0 0 0 0 0 
600 63 0 0 0 0 0 0 0 0 
700 335 4 0 0 0 0 0 0 0 
800 824 131 0 14 0 0 0 0 0 
900 1283 329 0 210 0 0 0 0 0 
1000 2153 384 0 1431 96 0 0 0 0 
1100 2638 294 4 2686 2834 2911 1115 0 0 
1200 2527 297 7 4219 4362 4352 3028 0 0 
1300 3072 293 9 5579 5464 5530 4472 0 0 
1400 3991 345 8 6803 6408 6515 5762 0 0 
1500 4961 420 8 7868 7485 7634 6985 0 0 
1600 5815 485 3 8830 8366 8598 7925 0 0 
1700 6597 577 18 9923 9318 9510 8879 0 0 
1800 7300 735 12 10730 10168 10348 9608 0 0 
1900 7897 880 243 11288 10844 11196 10405 0 0 
2000 8586 1031 785 11615 11325 11665 10804 0 0 
2100 9156 1214 1394 12076 11785 12229 11397 0 0 
2200 9853 1409 2163 12423 12067 12680 11873 0 0 
2300 10601 1819 2827 12594 12190 12841 11991 0 0 
2400 11257 2232 3547 12611 12192 12767 11925 0 0 
2500 11649 2837 4181 12482 12221 12781 11953 0 0 
2600 11870 3556 4972 12654 12207 12797 11935 0 0 
2700 11949 4346 5680 12637 12194 12872 12020 0 0 
2800 12056 5180 6364 12629 12040 12846 11987 0 0 
2900 12296 5931 7124 12740 12118 12936 12094 0 0 
3000 12445 6636 7699 12676 12148 12872 11976 2 0 
3100 12553 7430 8092 12641 12054 12910 12011 0 0 
3200 12631 8115 8565 12739 12143 12872 11985 0 0 
3300 12629 8792 9046 12713 12087 12993 12148 0 0 
3400 12693 9408 9227 12719 12038 12908 12082 0 1 
3500 12594 10082 9489 12653 11964 12907 12021 0 0 
3600 12740 10671 9674 12736 12063 13013 12116 0 0 
3700 12829 11172 9942 12793 12056 12970 12037 0 0 
3800 12818 11773 10014 12780 12059 13014 12110 0 0 
3900 12847 12119 10147 12827 12113 12988 12058 0 0 
4000 12840 12426 10264 12712 11985 12900 12051 0 0 
4100 12898 12688 10171 12704 11998 13001 12114 0 0 
4200 12844 12967 10192 12840 12039 12906 12005 0 0 
4300 12888 13012 10209 12774 12062 12941 12077 0 2 
4400 12866 13155 10301 12811 12094 12900 12068 0 0 
4500 12801 13235 10273 12706 12012 12965 12151 0 0 
4600 12868 13256 10240 12848 12037 12948 12046 0 0 
4700 12867 13291 10206 12752 12055 12929 12031 0 0 
4800 12865 13243 10390 12845 12198 13020 12190 0 0 
4900 12889 13294 10274 12761 12059 12970 12111 0 0 
5000 12934 13320 10167 12759 12043 12999 12191 0 0 
5100 12913 13204 10252 12787 12085 12946 12080 0 0 
5200 12859 13296 10222 12751 11998 12890 12066 0 0 
5300 12839 13337 10133 12750 12022 12936 12048 0 0 
5400 12923 13284 10341 12782 12110 12943 12043 0 0 
5500 12815 13219 10348 12841 12027 12931 12084 0 0 
5600 12905 13225 10352 12866 12147 12890 12103 0 0 
5700 12975 13254 10296 12833 12164 12980 12160 0 0 
5800 12868 13235 10224 12835 12116 12939 12070 0 0 
5900 12962 13305 10393 12871 12077 12912 12057 0 0 
6000 12887 13283 10348 12806 12151 12965 12105 0 0 
6100 12893 13165 10348 12868 12156 12933 12063 0 0 
6200 12994 13320 10402 12804 12164 12950 12172 0 0 
6300 13032 13246 10513 12811 12189 12932 12093 0 0 
6400 12944 13338 10412 12858 12196 13015 12130 0 0 
6500 12876 13366 10386 12857 12178 12999 12119 0 0 
6600 13080 13351 10444 12892 12244 12976 12162 0 0 
6700 12903 13406 10344 12821 12153 12958 12084 0 0 
6800 12916 13420 10425 12813 12191 13050 12174 0 0 
6900 13015 13346 10483 12853 12245 12899 12102 0 0 
7000 12987 13313 10523 12827 12182 12988 12138 0 0 
7100 12851 13364 10543 12808 12139 12987 12166 0 0 
7200 12938 13495 10532 12843 12153 12995 12242 0 0 
7300 12966 13411 10571 12899 12236 12936 12194 0 0 
7400 13050 13399 10684 12938 12252 13073 12319 0 0 
7500 13010 13444 10749 12976 12362 13026 12167 0 0 
7600 13080 13423 10732 12922 12326 13064 12204 0 0 
7700 12988 13412 10640 12774 12184 12964 12145 0 0 
7800 12926 13399 10537 12786 12144 12877 12085 0 0 
7900 13090 13426 10795 13011 12340 13011 12276 0 0 
8000 12947 13491 10701 12939 12286 12986 12217 0 0 
8100 12978 13487 10709 13002 12291 12944 12160 0 0 
8200 12923 13459 10632 12818 12235 12964 12162 0 0 
8300 13079 13376 10662 12988 12314 13005 12165 0 0 
8400 13052 13506 10795 13005 12332 12991 12252 0 1 
8500 13071 13440 10699 12987 12293 12970 12101 0 0 
8600 13075 13528 10887 13000 12328 13004 12207 0 0 
8700 13030 13432 10804 12954 12299 12898 12125 0 0 
8800 13039 13449 10843 12941 12302 12940 12174 0 0 
8900 13078 13404 10924 13008 12353 13092 12242 0 0 
9000 13064 13398 10822 12996 12333 13006 12147 0 0 
9100 13033 13392 10713 13016 12256 12947 12135 0 0 
9200 13065 13376 10884 12990 12423 13024 12253 0 0 
9300 12999 13483 10870 12914 12326 13022 12220 0 0 
9400 13089 13417 10805 13017 12417 12993 12175 0 0 
9500 13120 13413 10795 13085 12439 12957 12142 0 0 
9600 13070 13467 10912 13037 12379 12985 12144 0 0 
9700 13119 13475 10861 13107 12528 13003 12143 2 0 
9800 13082 13497 10931 13089 12462 12999 12277 0 0 
9900 13107 13473 10931 13041 12486 13120 12328 0 0 
10000 12995 13456 10941 13027 12354 13031 12280 0 0 
