# Avida tasks data
# Fri Apr 14 07:00:47 2023
# First column gives the current update, next columns give the number
# of organisms that have the particular task as a component of their merit
#  1: Update
#  2: Not
#  3: Nand
#  4: And
#  5: OrNot
#  6: Or
#  7: AndNot
#  8: Nor
#  9: Xor
# 10: Equals

0 0 0 0 0 0 0 0 0 0 
100 0 0 0 0 0 0 0 0 0 
200 0 0 0 0 0 0 0 0 0 
300 0 0 0 0 0 0 0 0 0 
400 0 0 0 0 0 0 0 0 0 
500 136 35 0 0 0 0 0 0 0 
600 1524 359 0 77 0 0 0 0 0 
700 2889 1980 0 1441 2 0 0 0 0 
800 5360 4602 0 3988 2577 0 0 0 0 
900 7646 7240 0 6533 5195 0 0 0 0 
1000 9839 9648 1 8889 7596 5 0 0 0 
1100 10945 11257 2 10372 9236 4 0 0 0 
1200 11654 11980 0 11131 10122 8 0 0 0 
1300 11925 12495 2 11715 10902 18 0 3 0 
1400 12172 12742 3 12012 11313 17 0 0 0 
1500 12400 12974 2 12258 11712 34 0 0 0 
1600 12628 13183 1 12528 12014 42 0 0 0 
1700 12591 13310 0 12574 12092 50 0 0 0 
1800 12615 13386 2 12683 12272 49 0 0 0 
1900 12707 13321 0 12573 12208 39 0 0 0 
2000 12775 13330 0 12704 12230 35 0 2 0 
2100 12755 13390 0 12829 12328 23 0 0 0 
2200 12767 13389 0 12816 12386 19 0 0 0 
2300 12755 13375 0 12781 12345 265 0 0 0 
2400 12724 13435 3 12769 12356 1525 2 0 0 
2500 12767 13454 8 12766 12397 2700 4 1 0 
2600 12750 13519 11 12748 12341 3993 1 0 0 
2700 12754 13502 11 12640 12211 5300 2 0 0 
2800 12696 13577 11 12608 12247 6394 6 0 0 
2900 12733 13541 22 12565 12081 7653 4 1 0 
3000 12747 13631 23 12621 12271 8948 6 1 0 
3100 12743 13653 24 12585 12236 9919 12 0 0 
3200 12728 13677 33 12612 12222 10603 14 0 0 
3300 12701 13659 40 12487 12101 11197 9 0 0 
3400 12758 13705 46 12645 12135 11606 16 0 0 
3500 12730 13722 44 12735 12239 11890 14 1 0 
3600 12775 13730 41 12624 12220 12217 32 0 0 
3700 12755 13674 27 12579 12164 12389 23 0 0 
3800 12812 13707 37 12696 12260 12578 16 0 0 
3900 12789 13668 34 12645 12235 12544 20 0 0 
4000 12878 13700 36 12730 12291 12656 28 0 0 
4100 12780 13673 39 12675 12181 12594 17 0 0 
4200 12823 13682 32 12702 12217 12644 23 0 0 
4300 12756 13531 33 12675 12162 12503 24 2 0 
4400 12825 13598 53 12750 12258 12550 26 0 0 
4500 12852 13644 28 12639 12235 12648 22 1 0 
4600 12950 13573 16 12631 12197 12729 20 0 0 
4700 12901 13551 29 12628 12193 12632 31 0 0 
4800 12908 13582 26 12703 12288 12685 35 2 0 
4900 12865 13573 38 12687 12228 12613 28 0 0 
5000 12890 13535 26 12658 12200 12736 12 0 0 
5100 12847 13576 29 12622 12265 12715 14 0 0 
5200 12929 13432 24 12626 12238 12740 31 0 0 
5300 12951 13471 28 12705 12250 12663 27 0 0 
5400 12921 13500 23 12656 12245 12702 18 0 0 
5500 12889 13507 23 12718 12299 12710 29 0 0 
5600 12914 13554 18 12738 12199 12753 23 1 0 
5700 12958 13492 24 12675 12218 12758 28 0 0 
5800 12972 13492 22 12788 12295 12772 21 0 0 
5900 12906 13525 17 12712 12309 12824 15 0 0 
6000 12949 13569 25 12794 12447 12781 24 0 0 
6100 12981 13534 19 12745 12320 12784 30 0 0 
6200 12962 13527 31 12741 12333 12682 28 0 0 
6300 13021 13571 16 12745 12435 12800 22 1 0 
6400 12979 13555 22 12749 12401 12840 13 1 0 
6500 12981 13501 19 12717 12303 12740 18 0 0 
6600 12954 13531 17 12727 12375 12732 28 0 0 
6700 12975 13539 23 12751 12379 12778 29 0 0 
6800 13049 13600 26 12901 12427 12892 12 2 0 
6900 13004 13581 17 12750 12327 12814 17 0 0 
7000 12931 13542 18 12748 12268 12737 23 0 0 
7100 12991 13552 18 12732 12377 12829 21 0 0 
7200 13101 13517 17 12696 12378 12844 16 0 0 
7300 13074 13564 17 12779 12483 12883 12 0 0 
7400 13050 13536 18 12760 12396 12933 22 1 0 
7500 13130 13482 19 12720 12362 12947 19 0 0 
7600 13098 13534 28 12795 12372 12848 28 0 0 
7700 13110 13492 29 12762 12315 12905 20 0 0 
7800 13025 13522 20 12759 12347 12838 22 0 0 
7900 13180 13537 15 12846 12494 13058 27 1 0 
8000 13146 13467 32 12745 12277 12834 29 0 0 
8100 13153 13432 18 12717 12274 12983 18 0 0 
8200 13164 13531 20 12788 12377 12927 14 0 0 
8300 13187 13491 18 12752 12353 12964 18 0 0 
8400 13173 13539 25 12896 12403 12980 25 0 0 
8500 13214 13545 14 12789 12426 12958 22 0 0 
8600 13207 13540 16 12837 12464 13013 14 1 0 
8700 13214 13530 25 12749 12403 13058 16 0 0 
8800 13278 13491 19 12832 12431 13000 18 0 0 
8900 13272 13553 18 12874 12472 13034 17 0 0 
9000 13224 13513 23 12864 12344 12956 26 0 0 
9100 13264 13521 25 12883 12470 13041 16 0 0 
9200 13250 13459 25 12821 12360 12982 29 0 0 
9300 13300 13535 16 12870 12428 13029 26 0 0 
9400 13285 13551 68 12902 12510 13078 19 0 0 
9500 13265 13521 140 12858 12484 12992 33 1 0 
9600 13289 13540 341 12845 12480 13048 18 0 0 
9700 13307 13496 661 12929 12524 13017 17 0 0 
9800 13262 13477 1152 12867 12410 13020 10 1 0 
9900 13386 13487 1729 12824 12434 13160 26 0 0 
10000 13293 13497 2399 12930 12495 13027 23 0 0 
