# Avida tasks data
# Fri Apr 14 06:48:57 2023
# First column gives the current update, next columns give the number
# of organisms that have the particular task as a component of their merit
#  1: Update
#  2: Not
#  3: Nand
#  4: And
#  5: OrNot
#  6: Or
#  7: AndNot
#  8: Nor
#  9: Xor
# 10: Equals

0 0 0 0 0 0 0 0 0 0 
100 0 0 0 0 0 0 0 0 0 
200 0 0 0 0 0 0 0 0 0 
300 0 0 0 0 0 0 0 0 0 
400 0 0 0 0 0 0 0 0 0 
500 0 0 0 0 0 0 0 0 0 
600 0 0 0 0 0 0 0 0 0 
700 820 34 0 0 0 0 0 0 0 
800 2292 1619 1 50 0 0 0 0 0 
900 4151 3916 0 447 0 0 0 0 0 
1000 5802 5947 0 1211 0 2 0 0 0 
1100 7518 7808 0 1941 0 7 0 0 0 
1200 9201 9753 4 2714 0 0 0 0 0 
1300 10449 10891 0 3407 2 4 0 0 0 
1400 11061 11561 0 4036 30 3 0 0 0 
1500 11512 12050 3 4775 72 8 0 0 0 
1600 11739 12277 0 5471 113 23 0 854 0 
1700 11752 12274 2 5871 60 45 0 2149 0 
1800 11872 12304 3 6463 54 133 0 3360 0 
1900 11976 12361 6 6950 38 477 0 4438 0 
2000 12045 12580 2 7205 37 1107 2 5610 0 
2100 12092 12517 4 7344 60 1754 3 6543 0 
2200 12244 12673 6 7223 75 2539 5 7559 0 
2300 12352 12677 25 7136 51 3133 6 8464 0 
2400 12339 12722 15 7061 71 3755 9 9166 0 
2500 12438 12915 35 6787 82 4314 6 9690 0 
2600 12482 12832 14 6577 100 4932 29 10154 0 
2700 12508 12925 23 6213 88 5540 103 10363 0 
2800 12505 12917 30 5613 56 6029 253 10626 0 
2900 12584 12992 54 5348 52 6253 441 10820 0 
3000 12602 12986 48 4966 53 6710 674 10953 0 
3100 12560 13007 34 4650 63 6686 1002 10937 0 
3200 12563 13079 48 4407 83 6716 1342 10876 0 
3300 12546 13091 64 4034 83 6957 1605 10835 0 
3400 12579 13084 73 3873 79 6909 1979 10857 0 
3500 12556 13183 49 3829 93 6971 2211 10900 0 
3600 12562 13200 40 3671 87 6880 2565 10779 65 
3700 12613 13170 35 3602 72 6717 2983 10718 151 
3800 12735 13154 41 2771 88 7057 3069 10877 1124 
3900 12799 13149 38 2256 82 7825 2528 10836 2454 
4000 12836 13155 41 2730 76 8330 2211 10703 3340 
4100 12995 13120 43 3277 88 8884 1873 10760 4359 
4200 12917 13131 52 3819 86 9494 1555 10572 5144 
4300 12977 13032 49 4290 72 9888 1305 10456 5835 
4400 12983 12997 39 5000 58 10384 1020 10543 6710 
4500 13056 13069 32 5589 50 10827 795 10557 7399 
4600 13112 12994 28 6043 60 11243 544 10401 7971 
4700 13255 13042 23 6578 63 11667 409 10493 8588 
4800 13255 13047 24 7020 55 11871 285 10568 8975 
4900 13304 13028 40 7533 44 12172 167 10521 9254 
5000 13276 13039 37 7958 39 12391 118 10372 9430 
5100 13350 13028 38 8298 63 12517 104 10408 9698 
5200 13329 13049 25 8524 44 12752 92 10344 9763 
5300 13347 13074 23 8965 41 12826 106 10503 10045 
5400 13325 13052 62 9089 37 12968 122 10360 10053 
5500 13340 13070 55 8895 53 13040 131 10389 10219 
5600 13321 13042 61 7919 30 13079 109 10414 10323 
5700 13395 13082 26 6818 24 13120 101 10327 10290 
5800 13374 13020 32 6001 16 13046 82 10318 10285 
5900 13389 13001 49 5145 25 13079 55 10273 10316 
6000 13350 12975 91 4276 20 13062 43 10280 10340 
6100 13426 13078 40 3931 20 13074 37 10399 10469 
6200 13423 13036 20 3686 13 13139 32 10399 10466 
