# Avida tasks data
# Fri Apr 14 03:43:03 2023
# First column gives the current update, next columns give the number
# of organisms that have the particular task as a component of their merit
#  1: Update
#  2: Not
#  3: Nand
#  4: And
#  5: OrNot
#  6: Or
#  7: AndNot
#  8: Nor
#  9: Xor
# 10: Equals

0 0 0 0 0 0 0 0 0 0 
100 0 0 0 0 0 0 0 0 0 
200 0 0 0 0 0 0 0 0 0 
300 0 0 0 0 0 0 0 0 0 
400 0 0 0 0 0 0 0 0 0 
500 0 0 0 0 0 0 0 0 0 
600 23 0 0 0 0 0 0 0 0 
700 247 0 0 1 0 0 0 0 0 
800 691 10 0 2 0 0 0 0 0 
900 1429 45 0 6 0 0 0 0 0 
1000 2586 94 0 0 0 0 0 0 0 
1100 4360 260 1 5 0 9 534 0 0 
1200 6118 501 13 49 13 83 2023 0 0 
1300 6775 2043 28 169 266 617 3609 0 0 
1400 8016 3211 37 232 2115 685 5060 0 0 
1500 9059 4733 43 350 4056 684 6640 0 0 
1600 9456 5636 48 615 5375 1097 7699 0 0 
1700 9689 6425 84 550 5937 2679 8150 0 0 
1800 9913 7361 79 749 6732 4064 8616 0 0 
1900 10215 8196 85 1393 7367 5198 8989 0 0 
2000 10451 8783 82 2370 8085 6220 9365 0 0 
2100 10796 9581 87 3520 8964 7167 9973 0 0 
2200 11018 10366 96 4644 9721 8119 10462 0 0 
2300 11350 11117 100 5825 10517 9066 11025 0 0 
2400 11660 11635 125 6898 11034 9669 11467 0 0 
2500 12007 12052 94 7872 11396 10268 11776 0 0 
2600 12298 12213 120 8603 11362 10505 11692 0 0 
2700 12448 12454 117 9431 11599 10925 11914 0 0 
2800 12615 12647 118 10066 11711 11072 11976 0 0 
2900 12674 12827 116 10603 11817 11370 12116 0 0 
3000 12847 12933 122 11199 11884 11413 12139 0 0 
3100 12904 12845 131 11496 11921 11390 12179 0 0 
3200 12885 13024 116 11838 11919 11494 12139 0 0 
3300 12883 12961 114 11983 11874 11359 12106 0 0 
3400 12921 12921 134 12229 11967 11502 12178 0 0 
3500 12966 13015 112 12267 11886 11480 12121 0 0 
3600 13053 12976 119 12245 11891 11433 12108 0 0 
3700 13127 13008 96 12296 11958 11434 12135 0 0 
3800 13105 13092 105 12352 11953 11643 12235 0 0 
3900 13115 13094 128 12345 11814 11438 12046 0 0 
4000 13122 13108 101 12363 11888 11573 12119 0 0 
4100 13163 13025 117 12335 11902 11513 12192 0 0 
4200 13188 13139 92 12300 11876 11501 12123 0 0 
4300 13206 13157 109 12348 11887 11583 12172 0 0 
4400 13240 13127 99 12387 11981 11529 12253 0 0 
4500 13290 13127 88 12414 11929 11603 12220 0 0 
4600 13286 13129 113 12415 11931 11559 12192 0 0 
4700 13289 13147 131 12433 11842 11522 12131 0 0 
4800 13325 13202 106 12443 11919 11620 12128 0 0 
4900 13413 13150 112 12356 11959 11515 12202 0 0 
5000 13361 13126 111 12443 11877 11546 12159 0 0 
5100 13379 13191 99 12452 11865 11538 12080 0 0 
5200 13313 13115 127 12447 11980 11605 12201 0 0 
5300 13384 13062 109 12394 11923 11510 12201 0 0 
5400 13372 13144 107 12379 11868 11555 12138 0 0 
5500 13371 13143 106 12420 11970 11590 12190 0 0 
5600 13423 13216 88 12450 11910 11626 12131 0 0 
5700 13555 13255 87 12523 11924 11736 12233 0 0 
5800 13426 13205 102 12475 11930 11618 12220 0 0 
5900 13464 13143 111 12517 11929 11559 12187 0 0 
6000 13488 13148 95 12474 11935 11493 12204 0 0 
6100 13563 13254 103 12554 12000 11745 12268 0 0 
6200 13549 13226 115 12563 12014 11705 12267 0 0 
6300 13461 13189 111 12432 11985 11705 12296 0 0 
6400 13523 13274 74 12523 11928 11742 12233 0 0 
6500 13522 13177 96 12363 11993 11670 12237 0 0 
6600 13565 13256 88 12509 12011 11651 12280 0 0 
6700 13584 13079 104 12472 11964 11695 12253 0 135 
6800 13662 12198 89 12464 12031 11740 12275 0 756 
6900 13640 10969 88 12654 12099 11723 12329 0 1671 
7000 13562 10264 109 12297 11947 11543 12213 64 2363 
7100 13563 9879 100 11810 11856 11536 12115 135 2988 
7200 13543 9889 122 11108 11746 11491 12036 182 3402 
7300 13498 10068 254 10243 11284 11266 11865 233 3769 
7400 13435 10293 376 9570 10523 11179 11582 223 4070 
7500 13411 10405 683 9083 9902 11164 11382 179 4281 
7600 13334 10422 936 8739 9445 11118 11122 159 4332 
7700 13334 10475 1307 8366 9023 11137 11044 141 4637 
7800 13304 10540 1760 7953 8565 11123 10946 128 4922 
7900 13237 10535 2238 7539 8055 11075 10743 108 5226 
8000 13211 10508 2665 7174 7636 11012 10548 95 5469 
8100 13179 10489 2962 6978 7231 11101 10456 82 5779 
8200 13122 10453 3342 6774 6873 10984 10319 70 5877 
8300 13092 10450 3667 6602 6546 11028 10221 62 6093 
8400 13111 10406 4067 6627 6240 10945 10098 62 6293 
8500 13073 10084 4085 6802 5957 10965 9877 62 6366 
8600 13087 9999 4337 6849 5631 10885 9790 61 6569 
8700 13051 10002 4626 6901 5312 11003 9720 58 6747 
8800 13018 9967 4861 6923 5075 10991 9578 58 6860 
8900 13071 9902 4788 7092 5053 10968 9446 58 7041 
9000 13071 9938 4689 7175 5221 10972 9508 60 7211 
9100 13055 10034 4631 7190 5321 10872 9405 60 7294 
9200 12996 10036 4432 7210 5496 10763 9238 61 7294 
9300 13010 10059 4278 7323 5581 10809 9135 61 7412 
9400 12938 10133 4142 7510 5713 10900 9197 62 7587 
9500 12886 9883 3935 7628 5880 10772 8969 64 7485 
9600 12917 10024 3749 7938 6165 10799 9024 61 7622 
9700 12946 9907 3518 8166 6405 10663 8943 61 7631 
9800 12967 10013 3438 8460 6673 10676 9066 64 7770 
9900 12944 9911 3235 8682 6885 10695 9014 64 7824 
10000 12890 9871 3103 8858 7021 10602 9040 65 7839 
