# Avida tasks data
# Fri Apr 14 05:44:38 2023
# First column gives the current update, next columns give the number
# of organisms that have the particular task as a component of their merit
#  1: Update
#  2: Not
#  3: Nand
#  4: And
#  5: OrNot
#  6: Or
#  7: AndNot
#  8: Nor
#  9: Xor
# 10: Equals

0 0 0 0 0 0 0 0 0 0 
100 0 0 0 0 0 0 0 0 0 
200 0 0 0 0 0 0 0 0 0 
300 0 0 0 0 0 0 0 0 0 
400 0 0 0 0 0 0 0 0 0 
500 0 0 0 0 0 0 0 0 0 
600 0 0 0 0 0 0 0 0 0 
700 88 0 0 0 0 0 0 0 0 
800 917 40 0 11 0 0 0 0 0 
900 1837 1554 0 34 0 0 0 0 0 
1000 2761 2715 0 1055 5 0 0 0 0 
1100 3976 3981 0 2516 13 0 0 0 0 
1200 5114 5212 0 3870 18 0 0 0 0 
1300 6522 6508 0 5374 24 1 0 0 0 
1400 7902 8021 5 7007 24 0 0 0 0 
1500 9231 9299 0 8443 27 0 0 0 0 
1600 10186 10291 0 9623 37 0 0 0 0 
1700 11266 11367 7 10796 45 0 0 0 0 
1800 12025 12108 6 11665 44 0 0 0 0 
1900 12499 12561 3 12207 31 1 0 0 0 
2000 12805 12854 9 12514 43 0 39 0 0 
2100 13062 13080 5 12398 48 0 372 0 0 
2200 13213 13243 1 12024 50 0 905 0 0 
2300 13305 13284 0 11381 87 2 1554 0 0 
2400 13283 13375 16 10737 163 2 2313 0 0 
2500 13337 13364 11 9811 221 0 3182 0 0 
2600 13420 13329 22 9278 257 0 3985 0 0 
2700 13379 13353 126 9045 306 0 4827 0 0 
2800 13452 13329 1270 9927 303 17 5257 0 0 
2900 13411 13291 2785 10844 269 50 5745 0 0 
3000 13398 13342 4260 11550 252 52 6508 0 0 
3100 13381 13312 5222 11802 184 88 7242 0 0 
3200 13367 13418 6387 12145 138 191 8102 0 0 
3300 13357 13452 7260 12469 77 232 8926 0 0 
3400 13357 13371 8107 12753 40 402 9545 0 0 
3500 13360 13424 8974 12972 21 695 10227 0 0 
3600 13410 13402 9416 12993 10 995 10749 0 0 
3700 13439 13430 10017 13148 6 1510 11168 0 0 
3800 13452 13361 10377 13168 4 2040 11406 0 0 
3900 13477 13355 10795 13254 9 2482 11610 0 0 
4000 13503 13434 10944 13288 5 3165 11939 0 0 
4100 13497 13449 11225 13352 1 3849 12112 0 0 
4200 13505 13455 11372 13376 4 4514 12205 0 0 
4300 13447 13395 11444 13325 2 4859 12185 0 0 
4400 13544 13510 11717 13436 1 5439 12448 0 0 
4500 13483 13499 11781 13402 4 6039 12548 0 0 
4600 13530 13531 11678 13454 2 6642 12503 0 0 
4700 13501 13509 11785 13478 1 7220 12494 0 0 
4800 13494 13511 11705 13402 8 7502 12513 0 0 
4900 13522 13495 11792 13427 9 7899 12463 0 0 
5000 13503 13580 11770 13413 5 8346 12583 0 0 
5100 13460 13582 11809 13374 2 8673 12454 0 0 
5200 13568 13561 11767 13327 1 9110 12431 5 0 
5300 13558 13573 11853 13436 4 9530 12440 5 0 
5400 13507 13478 11702 13325 2 9709 12356 0 0 
5500 13584 13556 11791 13366 3 10058 12550 0 0 
5600 13493 13466 11866 13352 1 10226 12432 0 0 
5700 13481 13535 11816 13399 3 10611 12453 0 0 
5800 13481 13510 11718 13318 4 10828 12458 0 0 
5900 13542 13554 11715 13353 4 10994 12470 2 0 
6000 13465 13513 11838 13370 6 11309 12365 0 0 
6100 13486 13561 11832 13366 8 11545 12414 0 0 
6200 13482 13517 12013 13389 2 11728 12361 3 0 
6300 13528 13537 11929 13370 3 11764 12377 25 0 
6400 13520 13572 11963 13369 10 11731 12421 59 0 
6500 13464 13525 11734 13335 3 11682 12472 150 0 
6600 13514 13563 11772 13443 10 11664 12437 241 0 
6700 13527 13589 11829 13385 21 11562 12557 325 0 
6800 13511 13519 11573 13389 11 11337 12486 519 0 
6900 13514 13528 11348 13440 17 11192 12477 720 0 
7000 13408 13524 11020 13449 16 10916 12447 1014 5 
7100 13515 13581 10807 13397 24 10648 12535 1257 0 
7200 13508 13539 10375 13382 73 10335 12536 1572 1 
7300 13542 13497 10191 13352 107 10097 12429 1865 0 
7400 13489 13566 9794 13376 140 9716 12554 2300 0 
7500 13498 13529 9413 13448 247 9308 12414 2652 0 
7600 13464 13556 9109 13479 312 8979 12340 3157 2 
7700 13513 13576 8567 13497 418 8400 12383 3599 4 
7800 13431 13626 8122 13452 522 7943 12489 4063 1 
7900 13461 13610 7646 13502 585 7491 12413 4577 1 
8000 13473 13549 7204 13460 652 7131 12424 4900 3 
8100 13459 13573 6766 13517 756 6665 12431 5405 1 
8200 13507 13617 6352 13498 888 6299 12429 5811 1 
8300 13515 13639 5876 13479 944 5807 12370 6307 0 
8400 13508 13666 5676 13538 1032 5630 12487 6476 1238 
8500 13492 13590 5796 13574 1034 5618 12429 6565 2775 
8600 13516 13603 7005 13556 1018 5565 12461 6578 3632 
8700 13563 13558 8234 13549 1016 5381 12582 6735 4494 
8800 13490 13600 8896 13582 1018 5036 12546 7062 5155 
8900 13489 13625 9306 13540 952 4609 12429 7401 5748 
9000 13503 13673 9620 13554 861 4085 12383 7981 6438 
9100 13519 13608 9942 13549 780 3812 12408 8222 6830 
9200 13428 13650 10322 13586 677 3454 12311 8632 7231 
9300 13427 13629 10465 13553 568 3122 12290 8979 7632 
9400 13407 13677 10678 13537 454 2746 12401 9380 8171 
9500 13455 13698 10864 13618 347 2417 12309 9720 8583 
9600 13398 13689 10896 13571 238 2046 12346 10080 8972 
9700 13420 13739 11002 13574 144 1596 12393 10498 9525 
9800 13366 13717 11258 13667 87 1184 12291 10934 10030 
9900 13342 13774 11371 13644 58 846 12322 11327 10529 
10000 13334 13758 11366 13632 29 511 12219 11650 10881 
