# Avida tasks data
# Fri Apr 14 04:12:06 2023
# First column gives the current update, next columns give the number
# of organisms that have the particular task as a component of their merit
#  1: Update
#  2: Not
#  3: Nand
#  4: And
#  5: OrNot
#  6: Or
#  7: AndNot
#  8: Nor
#  9: Xor
# 10: Equals

0 0 0 0 0 0 0 0 0 0 
100 0 0 0 0 0 0 0 0 0 
200 0 0 0 0 0 0 0 0 0 
300 0 0 0 0 0 0 0 0 0 
400 32 0 0 0 0 0 0 0 0 
500 545 0 0 0 0 0 0 0 0 
600 1810 0 0 0 0 0 0 0 0 
700 3473 0 0 0 0 0 0 0 0 
800 5474 1 0 0 0 0 0 0 0 
900 7651 7 0 0 0 0 0 0 0 
1000 7995 668 535 637 58 501 601 425 0 
1100 8058 1346 1258 1389 25 1305 1202 231 1015 
1200 8244 2355 2186 2435 43 2252 2045 12 2205 
1300 8755 3463 3224 3576 53 3319 2990 5 3268 
1400 8928 3197 2946 4022 457 3774 3413 697 3644 
1500 8935 3039 2792 4097 299 3829 3500 929 3724 
1600 8926 2626 2364 4142 257 3880 3580 1405 3756 
1700 8910 2585 2339 4223 217 3968 3649 1522 3845 
1800 8998 2496 2246 4455 185 4159 3864 1800 4029 
1900 9092 2372 2088 4637 301 4311 4027 2082 4153 
2000 9258 2210 1939 4892 521 4556 4298 2481 4403 
2100 9544 2053 1772 5257 719 4931 4675 3032 4782 
2200 9720 1928 1649 5474 949 5103 4868 3330 4932 
2300 9880 1783 1499 5691 1207 5339 5116 3702 5161 
2400 9987 1671 1398 5950 1337 5573 5330 4032 5375 
2500 10177 1592 1296 6262 1566 5871 5647 4439 5664 
2600 10404 1506 1171 6536 1865 6139 5925 4779 5899 
2700 10574 1346 1075 6819 2194 6444 6242 5170 6192 
2800 10777 1255 969 7096 2399 6717 6544 5563 6463 
2900 10875 1127 828 7305 2792 6928 6766 5902 6665 
3000 10969 1034 715 7517 3194 7107 6946 6158 6812 
3100 10950 904 633 7568 3536 7183 7045 6368 6926 
3200 11053 835 582 7719 3867 7343 7192 6567 7062 
3300 11039 830 558 7748 3826 7340 7206 6600 7072 
3400 11082 829 527 7817 3712 7425 7278 6676 7133 
3500 11157 770 507 7932 3810 7578 7441 6874 7325 
3600 11092 785 504 8066 3896 7701 7564 6973 7411 
3700 11118 772 466 8175 3974 7791 7654 7109 7494 
3800 11120 730 427 8360 4134 7972 7847 7283 7640 
3900 11195 688 377 8542 4268 8154 8022 7497 7801 
4000 11276 673 363 8723 4593 8323 8190 7679 7952 
4100 11313 733 376 8941 4723 8527 8420 7924 8173 
4200 11389 862 333 9113 4877 8685 8558 8077 8316 
4300 11434 1085 324 9301 5123 8863 8757 8286 8487 
4400 11456 1367 284 9380 5224 8966 8869 8419 8600 
4500 11474 1733 280 9446 5349 9014 8894 8467 8626 
4600 11490 2186 286 9544 5434 9062 8933 8538 8694 
4700 11667 2516 274 9760 5770 9292 9184 8764 8912 
4800 11642 2661 253 9674 5743 9235 9144 8721 8842 
4900 11624 2564 247 9740 5864 9315 9223 8794 8917 
5000 11562 2483 248 9692 5878 9239 9144 8694 8823 
5100 11549 2315 240 9694 6014 9254 9166 8718 8837 
5200 11574 2095 237 9609 5966 9193 9103 8656 8778 
5300 11623 1974 222 9714 6274 9277 9189 8787 8903 
5400 11640 1858 217 9737 6400 9332 9234 8821 8933 
5500 11495 1731 213 9637 6332 9205 9125 8720 8829 
5600 11539 1600 208 9726 6441 9274 9177 8746 8853 
5700 11579 1533 194 9789 6559 9344 9250 8861 8955 
5800 11551 1330 181 9762 6708 9368 9269 8901 8982 
5900 11536 1239 171 9836 6792 9431 9314 8980 9047 
6000 11592 1162 160 9898 6873 9492 9398 9023 9085 
6100 11608 1118 162 9981 7082 9558 9467 9072 9124 
6200 11666 1089 155 10019 7138 9611 9525 9142 9188 
6300 11737 1000 138 10212 7390 9770 9673 9349 9387 
6400 11784 964 129 10323 7460 9897 9797 9474 9505 
6500 11788 867 126 10306 7527 9877 9803 9456 9484 
6600 11909 816 105 10528 7680 10104 10062 9697 9724 
6700 11833 754 102 10545 7627 10057 9983 9621 9647 
6800 11879 676 88 10598 7851 10160 10078 9727 9755 
6900 11987 640 100 10685 8021 10298 10210 9810 9839 
7000 11966 596 117 10647 7995 10230 10143 9769 9792 
7100 11985 534 105 10814 8213 10372 10321 9948 9976 
7200 11987 536 106 10818 8263 10349 10277 9930 9940 
7300 11931 534 108 10773 8161 10303 10240 9846 9858 
7400 12120 486 127 11013 8368 10545 10467 10066 10081 
7500 12096 474 126 11039 8409 10568 10488 10103 10114 
7600 12161 494 139 11130 8612 10698 10611 10236 10245 
7700 12245 502 91 11261 8674 10739 10685 10328 10337 
7800 12234 491 110 11257 8732 10749 10690 10342 10338 
7900 12263 448 89 11373 8951 10866 10801 10423 10427 
8000 12168 422 104 11378 9026 10849 10766 10393 10398 
8100 12203 422 91 11473 9120 10962 10877 10451 10463 
8200 12262 408 90 11515 9209 11029 10958 10574 10572 
8300 12341 397 101 11623 9313 11185 11095 10701 10704 
8400 12340 433 105 11663 9318 11166 11074 10674 10680 
8500 12359 458 120 11676 9372 11170 11110 10706 10719 
8600 12360 421 114 11680 9528 11148 11076 10688 10712 
8700 12314 424 105 11739 9602 11236 11138 10766 10774 
8800 12286 405 95 11680 9480 11196 11097 10725 10728 
8900 12339 403 90 11634 9517 11118 11036 10649 10656 
9000 12414 424 115 11735 9607 11243 11178 10763 10776 
9100 12380 458 124 11690 9626 11211 11151 10750 10764 
9200 12401 428 102 11710 9710 11253 11151 10733 10750 
9300 12354 464 120 11683 9651 11197 11064 10731 10740 
9400 12366 466 104 11702 9683 11211 11117 10752 10771 
9500 12379 457 134 11705 9709 11199 11126 10772 10784 
9600 12374 429 133 11696 9783 11203 11164 10834 10838 
9700 12329 443 121 11646 9654 11095 11005 10641 10655 
9800 12382 412 117 11747 9779 11203 11112 10745 10756 
9900 12348 399 104 11665 9821 11179 11091 10719 10721 
10000 12279 452 112 11618 9805 11138 11041 10678 10685 
