# Avida tasks data
# Fri Apr 14 02:22:04 2023
# First column gives the current update, next columns give the number
# of organisms that have the particular task as a component of their merit
#  1: Update
#  2: Not
#  3: Nand
#  4: And
#  5: OrNot
#  6: Or
#  7: AndNot
#  8: Nor
#  9: Xor
# 10: Equals

0 0 0 0 0 0 0 0 0 0 
100 0 0 0 0 0 0 0 0 0 
200 0 0 0 0 0 0 0 0 0 
300 0 0 0 0 0 0 0 0 0 
400 0 0 0 0 0 0 0 0 0 
500 0 0 0 0 0 0 0 0 0 
600 0 20 0 0 0 0 0 0 0 
700 0 48 0 0 0 0 0 0 0 
800 0 109 0 16 0 0 0 0 0 
900 55 181 0 140 0 0 0 0 0 
1000 1805 49 0 948 1727 0 0 0 0 
1100 2995 98 44 2257 2774 1927 2 0 0 
1200 4716 174 85 4060 4353 3857 3 0 0 
1300 6451 244 141 5826 5919 5626 0 0 0 
1400 8148 450 175 7606 7494 7276 0 0 0 
1500 9465 806 205 8850 8726 8537 5 0 0 
1600 10452 1210 207 9708 9579 9361 2 0 0 
1700 11259 1549 175 10557 10416 10204 4 0 0 
1800 11858 1933 216 10953 10824 10550 4 0 0 
1900 12169 2318 264 11398 11130 10917 7 0 0 
2000 12372 2584 237 11578 11414 11099 2 0 0 
2100 12703 2961 240 11801 11585 11371 2 0 0 
2200 12854 3355 225 12037 11788 11476 1 0 0 
2300 12947 3849 248 12037 11833 11514 0 0 0 
2400 12948 4505 244 12008 11837 11512 3 0 0 
2500 12953 5170 205 12134 11933 11639 5 0 0 
2600 12891 5815 247 12059 11959 11645 8 0 0 
2700 12924 6479 253 12151 11955 11694 4 0 0 
2800 13014 7041 254 12117 11905 11664 1 0 0 
2900 13001 7766 276 12173 11935 11708 2 0 0 
3000 12940 8401 268 12062 11789 11558 1 0 0 
3100 12898 9036 276 12108 11823 11634 5 0 0 
3200 13023 9694 261 12120 11920 11573 5 0 0 
3300 13039 10169 267 12243 11921 11694 3 0 0 
3400 13022 10701 287 12253 11920 11647 10 0 0 
3500 13044 11288 279 12135 11885 11622 9 0 0 
3600 13076 11752 284 12175 11891 11587 5 0 0 
3700 13099 12089 281 12183 11897 11648 0 0 0 
3800 13009 12224 291 12267 11932 11709 6 0 0 
3900 12974 12502 304 12217 11924 11659 6 0 0 
4000 12994 12777 318 12162 11839 11581 3 0 0 
4100 13030 13010 235 12187 11909 11625 8 0 0 
4200 13061 13124 263 12235 11892 11675 8 0 0 
4300 13015 13210 267 12249 11892 11677 4 0 0 
4400 13089 13313 276 12167 11833 11631 5 0 0 
4500 13112 13323 269 12163 11785 11596 12 0 0 
4600 13100 13419 261 12210 11970 11751 5 0 0 
4700 13122 13313 276 12253 11919 11579 0 0 0 
4800 13107 13402 280 12166 11815 11548 8 0 0 
4900 12969 13292 304 12159 11802 11556 3 0 0 
5000 13144 13413 288 12285 11955 11640 12 0 0 
5100 13190 13322 275 12303 11981 11681 11 0 0 
5200 12987 13381 286 12336 12015 11771 7 0 0 
5300 13083 13407 308 12271 11903 11682 6 0 0 
5400 13146 13435 263 12179 11916 11582 6 0 0 
5500 13151 13414 267 12159 11904 11597 4 0 0 
5600 13136 13442 311 12366 12044 11697 5 0 0 
5700 13122 13421 295 12327 11939 11696 7 0 0 
5800 13212 13401 268 12298 12016 11712 16 0 0 
5900 13158 13341 333 12280 11877 11648 8 0 0 
6000 13195 13322 274 12351 11956 11742 7 0 0 
6100 13152 13333 300 12296 11939 11691 6 0 0 
6200 13213 13366 313 12371 12008 11750 1 0 0 
6300 13209 13444 275 12336 11962 11657 0 0 0 
6400 13213 13384 249 12300 12048 11771 6 0 0 
6500 13223 13415 300 12374 11948 11790 6 0 0 
6600 13328 13344 306 12437 11999 11747 4 0 0 
6700 13223 13354 326 12316 11917 11695 5 0 0 
6800 13333 13359 280 12341 11992 11711 9 0 0 
6900 13307 13292 320 12367 12008 11745 5 0 0 
7000 13293 13386 300 12399 12032 11710 4 0 0 
7100 13330 13341 312 12483 12090 11851 6 0 0 
7200 13296 13286 315 12470 12075 11780 2 0 0 
7300 13320 13346 277 12386 11971 11749 4 0 0 
7400 13312 13365 310 12402 12063 11735 2 0 0 
7500 13325 13370 295 12417 12078 11777 1 0 0 
7600 13236 13369 315 12339 12008 11762 6 0 0 
7700 13337 13410 306 12456 12094 11820 2 0 0 
7800 13271 13422 303 12417 12017 11753 2 0 0 
7900 13288 13391 301 12422 11937 11672 6 0 0 
8000 13246 13406 290 12359 12043 11701 7 0 0 
8100 13253 13350 319 12441 12054 11740 8 0 0 
8200 13298 13386 299 12489 12154 11841 6 0 0 
8300 13353 13449 290 12399 12004 11714 6 0 0 
8400 13375 13467 287 12441 12087 11752 6 0 0 
8500 13374 13371 276 12352 12019 11761 0 0 0 
8600 13353 13425 278 12521 12183 11810 5 0 0 
8700 13286 13312 285 12590 12172 11920 5 0 0 
8800 13332 13395 276 12473 12112 11813 6 0 0 
8900 13400 13442 297 12486 12133 11887 10 0 0 
9000 13346 13328 313 12472 12056 11805 0 0 0 
9100 13384 13398 299 12477 12046 11791 9 0 0 
9200 13374 13355 313 12571 12154 11850 9 0 0 
9300 13469 13376 276 12557 12217 11960 2 0 0 
9400 13368 13326 289 12420 12061 11813 2 0 0 
9500 13465 13369 286 12573 12230 11922 8 0 0 
9600 13378 13278 316 12529 12083 11803 4 0 0 
9700 13368 13380 281 12502 12044 11807 3 0 0 
9800 13444 13365 312 12462 12039 11784 5 0 0 
9900 13410 13351 277 12419 12088 11776 6 0 0 
10000 13446 13339 289 12562 12143 11869 7 0 0 
