# Avida tasks data
# Fri Apr 14 05:26:29 2023
# First column gives the current update, next columns give the number
# of organisms that have the particular task as a component of their merit
#  1: Update
#  2: Not
#  3: Nand
#  4: And
#  5: OrNot
#  6: Or
#  7: AndNot
#  8: Nor
#  9: Xor
# 10: Equals

0 0 0 0 0 0 0 0 0 0 
100 0 0 0 0 0 0 0 0 0 
200 0 0 0 0 0 0 0 0 0 
300 0 0 0 0 0 0 0 0 0 
400 0 0 0 0 0 0 0 0 0 
500 0 0 0 0 0 0 0 0 0 
600 0 0 0 0 0 0 0 0 0 
700 39 528 0 0 0 0 0 0 0 
800 1275 1883 1 28 0 1 0 0 0 
900 3220 1691 5 33 0 4 0 0 0 
1000 3915 1512 9 39 2 3 1 0 0 
1100 4597 1519 10 35 1 9 0 0 0 
1200 4702 1614 12 36 0 3 0 0 0 
1300 4702 1614 12 36 0 3 0 0 0 
1400 4702 1614 12 36 0 3 0 0 0 
1500 4702 1614 12 36 0 3 0 0 0 
1600 4702 1614 12 36 0 3 0 0 0 
1700 4702 1614 12 36 0 3 0 0 0 
1800 4702 1614 12 36 0 3 0 0 0 
1900 4702 1614 12 36 0 3 0 0 0 
2000 4702 1614 12 36 0 3 0 0 0 
2100 4702 1614 12 36 0 3 0 0 0 
2200 4701 1613 11 36 0 3 0 0 0 
2300 4702 1614 12 36 0 3 0 0 0 
2400 4702 1614 12 36 0 3 0 0 0 
2500 4702 1614 12 36 0 3 0 0 0 
2600 4702 1614 12 36 0 3 0 0 0 
2700 4702 1614 12 36 0 3 0 0 0 
2800 4702 1614 12 36 0 3 0 0 0 
2900 4702 1614 12 36 0 3 0 0 0 
3000 4702 1614 12 36 0 3 0 0 0 
3100 4702 1614 12 36 0 3 0 0 0 
3200 4702 1614 12 36 0 3 0 0 0 
3300 4702 1614 12 36 0 3 0 0 0 
3400 4702 1614 12 36 0 3 0 0 0 
3500 4702 1614 12 36 0 3 0 0 0 
3600 4702 1614 12 36 0 3 0 0 0 
3700 4700 1612 12 36 0 3 0 0 0 
3800 4700 1612 12 36 0 3 0 0 0 
3900 4700 1612 12 36 0 3 0 0 0 
4000 4700 1612 12 36 0 3 0 0 0 
4100 4700 1612 12 36 0 3 0 0 0 
4200 4700 1612 12 36 0 3 0 0 0 
4300 4700 1612 12 36 0 3 0 0 0 
4400 4700 1612 12 36 0 3 0 0 0 
4500 4700 1612 12 36 0 3 0 0 0 
4600 4700 1612 12 36 0 3 0 0 0 
4700 4700 1612 12 36 0 3 0 0 0 
4800 4700 1612 12 36 0 3 0 0 0 
4900 4700 1612 12 36 0 3 0 0 0 
5000 4700 1612 12 36 0 3 0 0 0 
5100 4700 1612 12 36 0 3 0 0 0 
5200 4700 1612 12 36 0 3 0 0 0 
5300 4700 1612 12 36 0 3 0 0 0 
5400 4700 1612 12 36 0 3 0 0 0 
5500 4700 1612 12 36 0 3 0 0 0 
5600 4700 1612 12 36 0 3 0 0 0 
5700 4700 1612 12 36 0 3 0 0 0 
5800 4700 1612 12 36 0 3 0 0 0 
5900 4700 1612 12 36 0 3 0 0 0 
6000 4700 1612 12 36 0 3 0 0 0 
6100 4700 1612 12 36 0 3 0 0 0 
6200 4699 1611 12 36 0 3 0 0 0 
6300 4699 1611 12 36 0 3 0 0 0 
6400 4699 1611 12 36 0 3 0 0 0 
6500 4699 1611 12 36 0 3 0 0 0 
6600 4699 1611 12 36 0 3 0 0 0 
6700 4699 1611 12 36 0 3 0 0 0 
6800 4699 1611 12 36 0 3 0 0 0 
6900 4699 1611 12 36 0 3 0 0 0 
7000 4699 1611 12 36 0 3 0 0 0 
7100 4699 1611 12 36 0 3 0 0 0 
7200 4699 1611 12 36 0 3 0 0 0 
7300 4700 1612 13 36 0 3 0 0 0 
7400 4699 1611 12 36 0 3 0 0 0 
7500 4699 1611 13 36 0 3 0 0 0 
7600 4699 1611 13 36 0 3 0 0 0 
7700 4699 1611 13 36 0 3 0 0 0 
7800 4699 1611 13 36 0 3 0 0 0 
7900 4699 1611 13 36 0 3 0 0 0 
8000 4699 1611 13 36 0 3 0 0 0 
8100 4699 1611 13 36 0 3 0 0 0 
8200 4699 1611 13 36 0 3 0 0 0 
8300 4699 1611 13 36 0 3 0 0 0 
8400 4700 1612 14 36 0 3 0 0 0 
8500 4699 1611 13 36 0 3 0 0 0 
8600 4699 1611 13 36 0 3 0 0 0 
8700 4699 1675 10 43 0 3 0 0 0 
8800 4686 1884 10 42 0 2 0 0 0 
8900 4686 1884 10 42 0 2 0 0 0 
9000 4684 1884 10 42 0 2 0 0 0 
9100 4684 1883 10 42 0 2 0 0 0 
9200 4682 1884 10 42 0 2 0 0 0 
9300 4668 2072 11 35 0 2 0 0 0 
9400 4669 2070 11 37 0 2 0 0 0 
9500 4669 2070 11 37 0 2 0 0 0 
9600 4669 2070 11 37 0 2 0 0 0 
9700 4669 2068 11 39 0 3 0 0 0 
9800 4669 2068 11 39 0 3 0 0 0 
9900 4668 2068 11 38 0 3 0 0 0 
10000 4669 2069 11 38 0 3 0 0 0 
