# Avida tasks data
# Fri Apr 14 06:21:20 2023
# First column gives the current update, next columns give the number
# of organisms that have the particular task as a component of their merit
#  1: Update
#  2: Not
#  3: Nand
#  4: And
#  5: OrNot
#  6: Or
#  7: AndNot
#  8: Nor
#  9: Xor
# 10: Equals

0 0 0 0 0 0 0 0 0 0 
100 0 0 0 0 0 0 0 0 0 
200 0 0 0 0 0 0 0 0 0 
300 0 0 0 0 0 0 0 0 0 
400 0 0 0 0 0 0 0 0 0 
500 0 0 0 0 0 0 0 0 0 
600 140 0 0 0 0 0 0 0 0 
700 886 117 0 1 0 0 0 0 0 
800 2730 1960 0 1526 0 22 0 0 0 
900 4211 3889 0 3315 0 250 0 0 0 
1000 5622 5754 33 4962 0 636 1 0 0 
1100 7792 7773 530 7341 2 1090 0 0 0 
1200 9796 10652 2617 9483 0 1239 2 0 0 
1300 10533 11447 4979 10115 0 1101 0 0 0 
1400 10922 11980 6815 10494 2 963 0 0 0 
1500 11298 12302 8390 10800 1 820 2 0 0 
1600 11676 12693 9747 11044 0 642 1 0 0 
1700 11899 12847 10884 11249 0 471 0 0 0 
1800 11959 13077 11642 11302 0 280 2 0 0 
1900 12199 13142 12336 11402 0 162 2 0 0 
2000 12261 13289 12760 11559 0 161 0 0 0 
2100 12284 13307 12973 11556 0 189 0 0 0 
2200 12317 13311 13104 11603 0 170 0 0 0 
2300 12292 13300 13257 11632 0 132 0 0 0 
2400 12402 13326 13162 11676 0 186 0 0 0 
2500 12373 13357 13144 11640 0 201 1 0 0 
2600 12449 13331 13226 11673 0 184 2 0 0 
2700 12420 13296 13215 11641 0 145 1 0 0 
2800 12380 13363 13259 11699 2 167 0 0 0 
2900 12432 13298 13218 11643 2 148 0 0 0 
3000 12460 13301 13197 11690 0 174 0 0 0 
3100 12422 13352 13269 11744 0 164 2 0 0 
3200 12495 13325 13231 11771 0 173 1 0 0 
3300 12515 13367 13265 11796 4 162 1 0 0 
3400 12555 13366 13236 11803 0 159 0 0 0 
3500 12557 13346 13240 11729 4 196 2 0 0 
3600 12575 13365 13208 11827 4 206 1 0 0 
3700 12671 13361 13229 11805 0 142 0 0 0 
3800 12616 13276 13228 11751 0 172 0 0 0 
3900 12721 13406 13290 11899 0 154 0 0 0 
4000 12699 13366 13272 11990 0 164 0 0 0 
4100 12578 13406 13223 11763 0 192 0 0 0 
4200 12625 13391 13206 11876 0 183 0 0 0 
4300 12666 13376 13302 11925 2 184 1 0 0 
4400 12649 13372 13355 11954 1 138 1 0 0 
4500 12662 13378 13257 11949 1 146 0 0 0 
4600 12697 13412 13328 12060 1 147 2 0 0 
4700 12684 13396 13233 11885 1 173 3 0 0 
4800 12778 13476 13367 12053 0 141 1 0 0 
4900 12716 13421 13321 11919 5 148 0 0 0 
5000 12754 13425 13315 12078 0 180 2 0 0 
5100 12816 13491 13308 12151 1 155 0 0 0 
5200 12794 13438 13286 12058 2 169 0 0 0 
5300 12891 13493 13384 12157 3 143 0 0 0 
5400 12825 13501 13355 12180 1 163 2 0 0 
5500 12778 13403 13327 12103 2 165 3 0 0 
5600 12813 13418 13311 12137 4 150 0 0 0 
5700 12770 13486 13341 12179 1 143 1 0 0 
5800 12774 13465 13340 12094 3 178 0 0 0 
5900 12801 13467 13299 12159 4 140 0 0 0 
6000 12745 13511 13331 12152 5 170 5 0 0 
6100 12873 13542 13319 12138 2 150 0 0 0 
6200 12885 13525 13410 12252 0 157 1 0 0 
6300 12807 13550 13351 12194 4 160 0 0 0 
6400 12759 13430 13280 12150 5 171 1 0 0 
6500 12890 13566 13426 12263 2 141 1 0 0 
6600 12755 13505 13364 12209 0 132 4 0 0 
6700 12856 13559 13357 12241 2 165 1 0 0 
6800 12875 13485 13304 12224 3 184 1 0 0 
6900 12951 13521 13342 12258 3 193 7 0 0 
7000 12931 13512 13352 12314 6 168 4 0 0 
7100 12931 13534 13281 12362 3 166 5 0 0 
7200 12896 13550 13372 12301 3 157 4 0 0 
7300 13018 13614 13387 12277 2 148 2 0 0 
7400 13008 13491 13325 12410 1 155 3 0 0 
7500 12958 13578 13291 12312 9 200 5 0 0 
7600 12924 13573 13317 12471 0 206 1 0 0 
7700 13037 13535 13304 12514 2 176 3 0 0 
7800 12920 13585 13363 12495 3 185 5 0 0 
7900 13044 13617 13300 12509 2 184 2 0 0 
8000 13014 13672 13375 12412 0 147 0 0 0 
8100 12959 13567 13308 12433 3 176 0 0 0 
8200 13061 13581 13249 12489 3 209 0 0 0 
8300 13067 13645 13257 12494 7 212 5 0 0 
8400 13035 13626 13290 12529 0 196 0 0 0 
8500 13149 13699 13358 12638 0 147 2 0 0 
8600 13033 13647 13328 12511 4 180 4 0 0 
8700 13128 13679 13331 12603 0 207 1 0 0 
8800 13061 13652 13292 12546 1 218 0 0 0 
8900 13035 13682 13364 12574 1 182 0 0 0 
9000 13093 13694 13398 12681 4 175 1 0 0 
9100 13044 13707 13331 12611 2 199 3 0 0 
9200 13107 13761 13383 12747 9 180 0 0 0 
9300 13134 13801 13344 12729 3 197 4 0 0 
9400 13107 13757 13335 12699 1 215 1 0 0 
9500 13086 13770 13342 12783 3 295 2 0 0 
9600 13123 13795 13371 12785 2 418 2 0 0 
9700 13054 13777 13265 12682 0 803 0 0 0 
9800 13171 13816 13316 12858 0 1412 4 0 0 
9900 13170 13801 13349 12868 4 2495 1 0 0 
10000 13254 13824 13296 12877 0 3621 0 0 0 
