# Avida tasks data
# Fri Apr 21 11:37:08 2023
# First column gives the current update, next columns give the number
# of organisms that have the particular task as a component of their merit
#  1: Update
#  2: Not
#  3: Nand
#  4: And
#  5: OrNot
#  6: Or
#  7: AndNot
#  8: Nor
#  9: Xor
# 10: Equals

0 0 0 0 0 0 0 0 0 0 
100 0 0 0 0 0 0 0 0 0 
200 0 0 0 0 0 0 0 0 0 
300 0 0 0 0 0 0 0 0 0 
400 0 0 0 0 0 0 0 0 0 
500 0 0 0 0 0 0 0 0 0 
600 0 0 0 0 0 0 0 0 0 
700 0 0 0 0 0 0 0 0 0 
800 65 0 0 0 0 0 0 0 0 
900 553 7 0 0 0 0 0 0 0 
1000 1916 94 0 605 0 0 0 0 0 
1100 3959 2747 0 2710 0 0 0 0 0 
1200 6443 5321 0 5219 1 0 0 0 0 
1300 8694 7735 0 7632 0 0 0 0 0 
1400 9999 9248 0 9042 4 0 0 0 0 
1500 10942 10305 0 10129 3 2 0 0 0 
1600 11595 11447 0 11236 3 1 0 0 0 
1700 11988 12358 0 12119 4 1 0 0 0 
1800 12496 12961 0 12711 1 0 0 0 0 
1900 12775 13276 0 13078 5 4 2 0 0 
2000 12830 13348 0 13096 4 0 0 0 0 
2100 12954 13287 0 13131 1 3 0 0 0 
2200 12893 13396 0 13119 1 3 0 0 0 
2300 12968 13372 0 13067 8 0 0 0 0 
2400 12927 13446 7 13082 3 1 0 0 0 
2500 13000 13370 1 13142 3 0 0 0 0 
2600 12927 13368 3 13099 6 0 0 0 0 
2700 12861 13331 6 13109 6 25 0 0 0 
2800 12963 13459 3 13191 3 72 0 0 0 
2900 12919 13439 3 13166 12 203 0 0 0 
3000 12922 13390 408 13117 9 95 0 0 0 
3100 12915 13427 976 13100 4 30 976 0 0 
3200 13030 13423 939 13182 8 59 2607 0 0 
3300 12946 13424 984 13191 133 79 4056 0 0 
3400 12988 13274 794 13116 614 91 5476 0 0 
3500 13094 13317 701 13123 1300 92 6864 0 0 
3600 13109 13261 1010 13074 1918 96 8171 0 0 
3700 13047 13144 2702 12920 1700 140 8787 0 0 
3800 13168 13040 4308 12786 1614 133 9311 0 0 
3900 13185 12843 5689 12601 1883 160 9496 0 0 
4000 13266 12766 7045 12503 2341 158 9944 0 0 
4100 13284 12597 8143 12307 2753 171 10248 0 0 
4200 13360 12527 9166 12128 3136 195 10612 0 1 
4300 13428 12628 10208 12233 3781 148 10988 0 48 
4400 13382 12491 10800 11873 4009 145 11237 0 400 
4500 13363 12427 11056 12242 3031 161 11397 0 2470 
4600 13349 12353 11195 12259 2517 147 11439 0 4019 
4700 13260 12341 11310 12232 2117 150 11528 0 5305 
4800 13294 12350 11512 12312 1676 136 11789 0 6685 
4900 13278 12245 11731 12250 1126 154 11949 0 7889 
5000 13151 12128 11752 12196 614 169 12012 2 8595 
5100 13247 12248 12077 12263 368 132 12228 1 9323 
5200 13236 12121 12062 12352 261 127 12280 0 9696 
5300 13199 12212 12201 12281 157 115 12332 1 10008 
5400 13247 12265 12203 12333 100 141 12374 0 10244 
5500 13307 12220 12204 12317 61 153 12326 0 10232 
5600 13354 12214 12253 12335 58 123 12327 0 10294 
5700 13383 12324 12266 12416 46 123 12433 0 10406 
5800 13348 12280 12341 12317 104 143 12353 0 10404 
5900 13328 12205 12204 12296 275 145 12333 0 10216 
6000 13331 12219 12261 12426 533 140 12381 0 10366 
6100 13322 12229 12258 12370 937 135 12342 0 10390 
6200 13364 12277 12296 12349 1448 153 12306 0 10363 
6300 13310 12292 12340 12302 2223 120 12280 0 10386 
6400 13306 12259 12236 12303 3034 141 12363 0 10318 
6500 13311 12326 12378 12351 3889 136 12353 0 10485 
6600 13239 12281 12291 12418 4650 116 12370 0 10407 
6700 13317 12321 12339 12358 5474 125 12351 0 10491 
6800 13329 12339 12343 12308 6168 124 12346 1 10389 
6900 13335 12292 12271 12392 7074 117 12332 0 10384 
7000 13225 12234 12222 12380 7654 126 12338 0 10322 
7100 13242 12268 12272 12296 8225 96 12221 0 10317 
7200 13287 12335 12312 12277 9045 117 12280 0 10321 
7300 13265 12329 12360 12339 9653 118 12261 0 10410 
7400 13242 12319 12280 12439 10098 107 12272 0 10402 
7500 13258 12350 12324 12324 10479 120 12214 0 10356 
7600 13239 12372 12355 12296 10932 140 12240 0 10392 
7700 13218 12341 12346 12364 11272 98 12314 1 10404 
7800 13285 12374 12377 12350 11672 101 12316 0 10474 
7900 13239 12429 12426 12418 11897 100 12411 0 10528 
8000 13241 12439 12383 12423 12123 102 12427 0 10491 
8100 13334 12402 12373 12318 12120 121 12271 0 10376 
8200 13232 12381 12350 12353 12195 97 12296 0 10403 
8300 13266 12369 12360 12386 12216 113 12255 1 10357 
8400 13174 12333 12262 12277 12190 137 12265 1 10198 
8500 13207 12375 12385 12304 12297 134 12196 0 10431 
8600 13175 12390 12336 12369 12374 110 12256 0 10332 
8700 13186 12312 12278 12298 12267 107 12228 0 10326 
8800 13305 12454 12417 12377 12400 123 12358 0 10520 
8900 13205 12356 12293 12404 12320 117 12373 1 10357 
9000 13212 12283 12233 12352 12243 111 12331 2 10354 
9100 13188 12373 12306 12279 12244 151 12224 0 10335 
9200 13280 12473 12354 12378 12353 206 12301 0 10437 
9300 13192 12303 12270 12311 12289 319 12299 0 10410 
9400 13284 12440 12381 12336 12310 503 12311 2 10434 
9500 13268 12409 12366 12209 12165 866 12180 0 10338 
9600 13139 12415 12291 12251 12209 1285 12219 0 10278 
9700 13278 12423 12412 12244 12246 1761 12230 0 10333 
9800 13346 12593 12530 12350 12172 2316 12300 0 10545 
9900 13258 12506 12474 12340 12270 2853 12174 0 10455 
10000 13281 12531 12464 12326 12327 3433 12214 0 10469 
