# Avida tasks data
# Fri Apr 21 16:35:36 2023
# First column gives the current update, next columns give the number
# of organisms that have the particular task as a component of their merit
#  1: Update
#  2: Not
#  3: Nand
#  4: And
#  5: OrNot
#  6: Or
#  7: AndNot
#  8: Nor
#  9: Xor
# 10: Equals

0 0 0 0 0 0 0 0 0 0 
100 0 0 0 0 0 0 0 0 0 
200 0 0 0 0 0 0 0 0 0 
300 0 0 0 0 0 0 0 0 0 
400 0 0 0 0 0 0 0 0 0 
500 185 748 0 30 0 0 0 0 0 
600 253 1031 0 198 0 0 0 0 0 
700 253 1031 0 198 0 0 0 0 0 
800 253 1032 0 198 0 0 0 0 0 
900 253 1032 0 198 0 0 0 0 0 
1000 253 1032 0 198 0 0 0 0 0 
1100 254 1032 0 198 0 0 0 0 0 
1200 254 1032 0 198 0 0 0 0 0 
1300 254 1032 0 198 0 0 0 0 0 
1400 253 1029 0 195 0 0 0 0 0 
1500 253 1030 0 196 0 0 0 0 0 
1600 253 1030 0 196 0 0 0 0 0 
1700 369 1117 0 245 9 0 0 0 0 
1800 368 1116 0 244 9 0 0 0 0 
1900 369 1117 0 245 9 0 0 0 0 
2000 369 1117 0 245 9 0 0 0 0 
2100 368 1116 0 244 9 0 0 0 0 
2200 369 1117 0 245 9 0 0 0 0 
2300 368 1116 0 244 9 0 0 0 0 
2400 371 1117 0 245 9 0 0 0 0 
2500 370 1116 0 244 9 0 0 0 0 
2600 371 1117 0 245 9 0 0 0 0 
2700 371 1117 0 245 9 0 0 0 0 
2800 370 1116 0 244 9 0 0 0 0 
2900 371 1117 0 245 9 0 0 0 0 
3000 371 1117 0 245 9 0 0 0 0 
3100 397 1131 0 249 11 0 0 0 0 
3200 397 1131 0 250 11 0 0 0 0 
3300 397 1131 0 250 11 0 0 0 0 
3400 397 1131 0 250 11 0 0 0 0 
3500 397 1131 0 249 11 0 0 0 0 
3600 397 1131 0 250 11 0 0 0 0 
3700 397 1131 0 250 11 0 0 0 0 
3800 397 1131 0 249 11 0 0 0 0 
3900 397 1131 0 249 11 0 0 0 0 
4000 395 1130 0 249 10 0 0 0 0 
4100 395 1130 0 249 10 0 0 0 0 
4200 395 1130 0 248 10 0 0 0 0 
4300 395 1130 0 249 10 0 0 0 0 
4400 395 1130 0 249 10 0 0 0 0 
4500 395 1130 0 249 10 0 0 0 0 
4600 395 1130 0 248 10 0 0 0 0 
4700 395 1130 0 249 10 0 0 0 0 
4800 395 1130 0 249 10 0 0 0 0 
4900 395 1130 0 248 10 0 0 0 0 
5000 395 1130 0 249 10 0 0 0 0 
5100 395 1130 0 249 10 0 0 0 0 
5200 395 1130 0 249 10 0 0 0 0 
5300 395 1130 0 249 10 0 0 0 0 
5400 395 1130 0 249 10 0 0 0 0 
5500 395 1130 0 249 10 0 0 0 0 
5600 395 1130 0 249 10 0 0 0 0 
5700 395 1130 0 249 10 0 0 0 0 
5800 395 1130 0 248 10 0 0 0 0 
5900 395 1130 0 248 10 0 0 0 0 
6000 396 1130 0 249 10 0 0 0 0 
6100 396 1130 0 249 10 0 0 0 0 
6200 396 1130 0 248 10 0 0 0 0 
6300 396 1130 0 249 10 0 0 0 0 
6400 396 1130 0 248 10 0 0 0 0 
6500 396 1130 0 249 10 0 0 0 0 
6600 396 1130 0 249 10 0 0 0 0 
6700 396 1130 0 249 10 0 0 0 0 
6800 395 1130 0 247 10 0 0 0 0 
6900 395 1130 0 248 10 0 0 0 0 
7000 395 1130 0 248 10 0 0 0 0 
7100 395 1130 0 248 10 0 0 0 0 
7200 395 1130 0 247 10 0 0 0 0 
7300 395 1130 0 247 10 0 0 0 0 
7400 395 1130 0 248 10 0 0 0 0 
7500 395 1130 0 248 10 0 0 0 0 
7600 395 1130 0 248 10 0 0 0 0 
7700 395 1130 0 248 10 0 0 0 0 
7800 395 1130 0 247 10 0 0 0 0 
7900 395 1130 0 248 10 0 0 0 0 
8000 395 1130 0 248 10 0 0 0 0 
8100 395 1130 0 247 10 0 0 0 0 
8200 395 1130 0 248 10 0 0 0 0 
8300 395 1130 0 248 10 0 0 0 0 
8400 395 1130 0 248 10 0 0 0 0 
8500 386 1113 0 216 7 0 0 0 0 
8600 386 1113 0 216 7 0 0 0 0 
8700 386 1113 0 216 7 0 0 0 0 
8800 387 1114 0 216 7 0 0 0 0 
8900 387 1114 0 216 7 0 0 0 0 
9000 387 1116 0 216 7 0 0 0 0 
9100 387 1116 0 216 7 0 0 0 0 
9200 382 1113 0 214 7 0 0 0 0 
9300 380 1112 0 214 7 0 0 0 0 
9400 380 1112 0 214 7 0 0 0 0 
9500 381 1113 0 216 7 0 0 0 0 
9600 382 1113 0 214 7 0 0 0 0 
9700 382 1113 0 214 7 0 0 0 0 
9800 382 1114 0 214 7 0 0 0 0 
9900 374 1119 0 219 5 0 0 0 0 
10000 374 1120 0 219 5 0 0 0 0 
