# Avida tasks data
# Fri Apr 21 22:28:55 2023
# First column gives the current update, next columns give the number
# of organisms that have the particular task as a component of their merit
#  1: Update
#  2: Not
#  3: Nand
#  4: And
#  5: OrNot
#  6: Or
#  7: AndNot
#  8: Nor
#  9: Xor
# 10: Equals

0 0 0 0 0 0 0 0 0 0 
100 0 0 0 0 0 0 0 0 0 
200 0 0 0 0 0 0 0 0 0 
300 0 0 0 0 0 0 0 0 0 
400 0 0 0 0 0 0 0 0 0 
500 0 0 0 0 0 0 0 0 0 
600 0 0 0 0 0 0 0 0 0 
700 361 1 0 0 0 0 0 0 0 
800 1389 0 0 2 0 0 0 0 0 
900 1389 0 0 2 0 0 0 0 0 
1000 1387 0 0 2 0 0 0 0 0 
1100 1386 0 0 2 0 0 0 0 0 
1200 1386 0 0 2 0 0 0 0 0 
1300 1386 0 0 2 0 0 0 0 0 
1400 1386 0 0 2 0 0 0 0 0 
1500 1386 0 0 2 0 0 0 0 0 
1600 1385 0 0 2 0 0 0 0 0 
1700 1386 0 0 2 0 0 0 0 0 
1800 1523 0 0 3 0 0 0 0 0 
1900 1857 0 0 9 0 0 0 0 0 
2000 2355 14 0 484 4 0 0 0 0 
2100 2355 14 0 483 4 0 0 0 0 
2200 2354 14 0 480 4 0 0 0 0 
2300 2350 14 0 479 4 0 0 0 0 
2400 2352 14 0 479 4 0 0 0 0 
2500 2466 10 0 563 3 0 0 0 0 
2600 2466 11 0 563 3 0 0 0 0 
2700 2600 19 0 651 3 0 0 0 0 
2800 2600 19 0 651 3 0 0 0 0 
2900 2601 19 0 652 3 0 0 0 0 
3000 2602 19 0 652 3 0 0 0 0 
3100 2601 19 0 651 3 0 0 0 0 
3200 2601 19 0 652 3 0 0 0 0 
3300 2600 21 0 649 2 0 0 0 0 
3400 2602 20 0 652 2 0 0 0 0 
3500 2602 20 0 652 2 0 0 0 0 
3600 2602 20 0 650 2 0 0 0 0 
3700 2597 20 0 646 2 0 0 0 0 
3800 2597 20 0 647 2 0 0 0 0 
3900 2596 20 0 646 2 0 0 0 0 
4000 2596 20 0 647 2 0 0 0 0 
4100 2596 20 0 648 2 0 0 0 0 
4200 2596 21 0 648 2 0 0 0 0 
4300 2593 21 0 645 2 0 0 0 0 
4400 2593 21 0 645 2 0 0 0 0 
4500 2592 21 0 643 2 0 0 0 0 
4600 2592 21 0 644 2 0 0 0 0 
4700 2637 30 0 665 2 0 0 0 0 
4800 2708 24 0 747 5 0 0 0 0 
4900 2724 22 0 762 5 0 0 0 0 
5000 2722 23 0 762 5 0 0 0 0 
5100 2725 26 0 765 4 0 0 0 0 
5200 2722 24 0 763 4 0 0 0 0 
5300 2726 24 0 766 4 0 0 0 0 
5400 2726 24 0 766 4 0 0 0 0 
5500 2727 24 0 767 4 0 0 0 0 
5600 2730 24 0 770 4 0 0 0 0 
5700 2732 26 0 769 4 0 0 0 0 
5800 2814 28 0 817 2 0 0 0 0 
5900 2811 28 0 818 2 0 0 0 0 
6000 2811 28 0 818 2 0 0 0 0 
6100 2857 35 0 857 2 0 0 0 0 
6200 2855 35 0 856 2 0 0 0 0 
6300 2857 35 0 854 2 0 0 0 0 
6400 2858 36 0 856 2 0 0 0 0 
6500 2860 37 0 858 2 0 0 0 0 
6600 2862 37 0 860 2 0 0 0 0 
6700 2863 41 0 864 2 0 0 0 0 
6800 2865 43 0 858 4 0 0 0 0 
6900 2864 43 0 857 4 0 0 0 0 
7000 2927 57 0 889 4 0 0 0 0 
7100 2923 57 0 888 4 0 0 0 0 
7200 2920 56 0 887 4 0 0 0 0 
7300 3140 104 0 995 4 0 0 0 0 
7400 3162 112 0 1023 6 0 0 0 0 
7500 3161 113 0 1023 6 0 0 0 0 
7600 3161 112 0 1023 6 0 0 0 0 
7700 3163 114 0 1024 6 0 0 0 0 
7800 3165 117 0 1022 6 0 0 0 0 
7900 3166 117 0 1023 6 0 0 0 0 
8000 3166 116 0 1024 6 0 0 0 0 
8100 3168 118 0 1026 6 0 0 0 0 
8200 3167 117 0 1026 6 0 0 0 0 
8300 3166 116 0 1026 6 0 0 0 0 
8400 3166 116 0 1026 6 0 0 0 0 
8500 3168 116 0 1030 6 0 0 0 0 
8600 3170 117 0 1033 6 0 0 0 0 
8700 3168 117 0 1030 6 0 0 0 0 
8800 3166 117 0 1029 6 0 0 0 0 
8900 3164 116 0 1027 5 0 0 0 0 
9000 3170 118 0 1031 5 0 0 0 0 
9100 3172 118 0 1033 5 0 0 0 0 
9200 3173 119 0 1032 5 0 0 0 0 
9300 3193 128 0 1052 5 0 0 0 0 
9400 3192 128 0 1052 5 0 0 0 0 
9500 3191 127 0 1052 5 0 0 0 0 
9600 3191 128 0 1052 5 0 0 0 0 
9700 3191 128 0 1052 5 0 0 0 0 
9800 3191 128 0 1052 5 0 0 0 0 
9900 3192 130 0 1052 5 0 0 0 0 
10000 3321 170 0 1083 10 0 0 0 0 
