# Avida tasks data
# Fri Apr 21 10:50:13 2023
# First column gives the current update, next columns give the number
# of organisms that have the particular task as a component of their merit
#  1: Update
#  2: Not
#  3: Nand
#  4: And
#  5: OrNot
#  6: Or
#  7: AndNot
#  8: Nor
#  9: Xor
# 10: Equals

0 0 0 0 0 0 0 0 0 0 
100 0 0 0 0 0 0 0 0 0 
200 0 0 0 0 0 0 0 0 0 
300 0 0 0 0 0 0 0 0 0 
400 0 0 0 0 0 0 0 0 0 
500 4 0 0 0 0 0 0 0 0 
600 13 0 0 0 0 0 0 0 0 
700 95 17 0 0 0 0 0 0 0 
800 500 331 0 5 0 0 0 0 0 
900 1942 934 3 29 0 0 0 0 0 
1000 3607 1742 10 105 0 0 0 0 0 
1100 5480 3396 5 302 0 38 0 0 0 
1200 6905 5285 10 868 9 206 0 0 0 
1300 7873 6633 12 1787 17 445 0 0 0 
1400 8729 7924 24 2789 47 615 0 0 0 
1500 9610 8812 23 2648 519 1262 63 0 0 
1600 10204 9149 22 2307 1291 1723 952 0 0 
1700 10652 9318 16 2220 2966 898 2690 0 0 
1800 10960 9703 30 2374 4431 539 4060 0 0 
1900 11316 10282 62 2613 5852 325 5391 0 0 
2000 11704 10808 68 2679 6986 785 6495 0 0 
2100 11902 11068 47 2428 7521 2301 6886 153 0 
2200 12201 11459 38 2143 8015 3158 7492 665 0 
2300 12451 11786 44 1858 8577 3661 8044 1250 2 
2400 12513 11934 48 1681 8677 5029 8181 1915 0 
2500 12588 12008 30 1517 8789 6722 8325 3025 0 
2600 12697 12141 43 1268 9194 8178 8700 3948 0 
2700 12846 12509 31 979 9627 9542 9168 5001 0 
2800 12939 12775 35 819 9911 10517 9565 5929 0 
2900 12949 12895 46 684 10212 11291 9808 6728 0 
3000 12997 13102 40 473 10540 12052 10112 7602 0 
3100 13048 13325 28 405 10713 12575 10222 8144 0 
3200 12983 13364 34 393 10839 12754 10407 8539 0 
3300 13109 13475 43 319 11038 12966 10656 8982 0 
3400 13071 13490 30 391 11050 13071 10672 9293 0 
3500 13111 13592 47 427 11084 13178 10630 9295 0 
3600 13105 13594 41 398 11149 13344 10751 9509 0 
3700 13120 13654 34 409 11173 13253 10747 9534 0 
3800 13147 13692 39 369 11184 13318 10807 9512 0 
3900 13061 13637 48 389 11249 13297 10839 9631 2 
4000 13113 13619 35 403 11268 13271 10789 9605 0 
4100 13108 13606 42 431 11212 13296 10824 9577 0 
4200 13157 13678 34 442 11161 13282 10793 9458 0 
4300 13121 13646 42 378 11281 13293 10864 9630 0 
4400 13156 13674 35 397 11291 13251 10860 9517 2 
4500 13098 13665 44 437 11188 13291 10714 9501 7 
4600 13058 13603 42 463 11088 13280 10663 9378 58 
4700 13096 13671 62 434 11181 13281 10748 9401 93 
4800 13056 13656 58 459 11209 13308 10826 9391 179 
4900 13101 13675 60 458 11248 13297 10854 9288 322 
5000 13033 13641 59 475 11238 13224 10830 9033 476 
5100 13068 13658 56 432 11123 13223 10731 8799 619 
5200 13110 13647 48 458 11121 13309 10738 8770 728 
5300 13129 13668 57 402 11269 13273 10859 8744 854 
5400 13099 13635 70 521 11163 13240 10808 8358 1103 
5500 13045 13638 77 520 11151 13266 10733 8084 1324 
5600 13016 13593 91 551 11044 13293 10597 7682 1673 
5700 13084 13648 104 583 11169 13234 10759 7384 2072 
5800 13049 13647 85 571 11082 13173 10687 6985 2375 
5900 13050 13670 123 559 11162 13216 10808 6883 2641 
6000 13132 13700 103 599 11200 13193 10792 6370 3110 
6100 13070 13676 106 696 11116 13262 10748 5990 3427 
6200 12984 13585 135 714 11067 13141 10766 5488 3848 
6300 13130 13685 142 686 11239 13213 10862 5181 4441 
6400 13065 13697 142 760 11225 13174 10933 4832 4730 
6500 13053 13665 130 747 11163 13168 10808 4682 4782 
6600 13030 13676 163 768 11128 13211 10802 4448 4995 
6700 13103 13713 167 777 11156 13242 10828 4172 5395 
6800 13078 13751 176 770 11157 13103 10818 3718 5730 
6900 13027 13743 184 850 11241 13172 10848 3248 6289 
7000 13063 13685 194 873 11193 13130 10861 2802 6623 
7100 13023 13690 176 936 11189 13118 10803 2375 7082 
7200 13021 13691 166 984 11196 12301 10788 2303 7099 
7300 13057 13693 170 972 11238 11811 10840 2307 7151 
7400 13002 13658 178 964 11206 11358 10814 2304 7156 
7500 13003 13643 182 988 11209 11219 10821 2414 7125 
7600 13030 13669 187 988 11244 11088 10857 2312 7235 
7700 13031 13681 173 977 11268 10845 10860 2320 7270 
7800 13015 13672 183 993 11269 10853 10821 2322 7280 
7900 12985 13664 190 1004 11221 10838 10768 2382 7223 
8000 12984 13659 185 1007 11229 10694 10767 2489 7231 
8100 12981 13487 189 1000 11220 10466 10745 2670 7220 
8200 12984 13300 195 1019 11251 10358 10775 2780 7292 
8300 12981 13374 202 1007 11276 10286 10794 2858 7322 
8400 12986 13450 200 1004 11270 10182 10770 2939 7346 
8500 12995 13600 205 1006 11287 10164 10783 2964 7333 
