# Avida tasks data
# Fri Apr 21 15:19:32 2023
# First column gives the current update, next columns give the number
# of organisms that have the particular task as a component of their merit
#  1: Update
#  2: Not
#  3: Nand
#  4: And
#  5: OrNot
#  6: Or
#  7: AndNot
#  8: Nor
#  9: Xor
# 10: Equals

0 0 0 0 0 0 0 0 0 0 
100 0 0 0 0 0 0 0 0 0 
200 0 0 0 0 0 0 0 0 0 
300 0 0 0 0 0 0 0 0 0 
400 0 0 0 0 0 0 0 0 0 
500 0 0 0 0 0 0 0 0 0 
600 0 0 0 0 0 0 0 0 0 
700 0 0 0 0 0 0 0 0 0 
800 2 0 0 0 0 0 0 0 0 
900 122 0 0 0 0 0 0 0 0 
1000 1627 106 0 6 0 0 0 0 0 
1100 3905 2750 14 1874 6 840 4 0 0 
1200 5436 4695 32 4157 8 2554 7 0 0 
1300 6891 6190 23 5680 13 3955 13 0 0 
1400 8208 7617 64 7129 34 5179 33 0 0 
1500 9669 8966 200 8559 212 6414 211 0 0 
1600 10752 9707 568 9797 734 7067 689 0 0 
1700 11399 9841 1010 10621 1419 7143 1327 0 0 
1800 11953 10113 1349 11194 2195 6984 2149 0 0 
1900 12579 11382 1479 11903 3735 6480 3753 0 0 
2000 12758 12067 1291 12131 5143 5715 5146 0 0 
2100 12952 12476 1115 12339 6409 4943 6402 0 0 
2200 13034 12749 867 12498 7545 4233 7572 0 0 
2300 13179 13064 642 12512 8492 3587 8401 0 0 
2400 13210 13168 443 12468 9235 2836 9281 0 0 
2500 13338 13305 271 12613 10152 2034 10257 0 0 
2600 13425 13397 124 12591 10647 1460 10749 0 0 
2700 13436 13373 29 12729 11103 997 11327 0 0 
2800 13416 13359 11 12648 11373 682 11640 0 0 
2900 13364 13369 9 12595 11637 467 11801 0 0 
3000 13444 13460 3 12672 11775 407 11898 0 0 
3100 13436 13323 1 12670 11829 301 11984 0 0 
3200 13411 13376 5 12724 11808 303 12028 0 0 
3300 13368 13442 0 12676 11848 346 12096 0 0 
3400 13437 13443 2 12708 11856 373 11974 0 0 
3500 13433 13436 32 12712 11832 443 12081 0 0 
3600 13413 13482 156 12658 11847 493 12031 0 0 
3700 13474 13458 528 12634 11881 368 12048 0 0 
3800 13457 13466 1237 12684 11907 349 12077 0 0 
3900 13429 13382 2152 12626 11775 286 11973 0 0 
4000 13382 13456 2905 12588 11721 347 11963 0 0 
4100 13369 13440 3689 12519 11628 326 11842 0 0 
4200 13375 13482 4657 12497 11706 338 11903 0 0 
4300 13390 13420 5388 12534 11623 383 11861 0 0 
4400 13379 13516 6462 12471 11716 376 11880 0 0 
4500 13334 13516 7415 12513 11668 413 11887 0 0 
4600 13358 13538 8220 12474 11653 376 11903 0 0 
4700 13402 13554 8990 12407 11558 464 11804 0 0 
4800 13406 13553 9740 12546 11645 454 11849 0 0 
4900 13401 13513 10324 12491 11556 443 11793 0 0 
5000 13384 13567 10677 12484 11617 480 11873 0 0 
5100 13384 13593 11029 12452 11619 456 11809 0 0 
5200 13407 13570 11404 12548 11751 549 11967 0 0 
5300 13397 13597 11634 12490 11699 553 11878 0 0 
5400 13338 13539 11876 12546 11571 716 11805 0 0 
5500 13420 13541 11994 12570 11667 1001 11859 0 0 
5600 13365 13570 12164 12628 11820 1238 12018 0 0 
5700 13341 13574 12156 12521 11670 1562 11836 0 0 
5800 13355 13656 12204 12601 11781 1865 11949 0 0 
5900 13320 13540 12237 12516 11583 2241 11807 0 0 
6000 13363 13593 12207 12543 11600 2626 11890 0 0 
6100 13356 13579 12146 12575 11692 3214 11910 0 0 
6200 13372 13616 12129 12632 11802 3653 12036 0 0 
6300 13353 13606 12131 12658 11822 4110 11971 0 0 
6400 13379 13672 12287 12551 11703 4646 11910 0 0 
6500 13332 13591 12211 12600 11735 5077 11929 0 0 
6600 13351 13607 12284 12645 11783 5631 12002 0 0 
6700 13318 13618 12255 12625 11776 6233 11934 0 0 
6800 13293 13615 12393 12546 11694 6765 11899 0 0 
6900 13254 13630 12364 12512 11684 7276 11878 0 0 
7000 13306 13627 12410 12579 11706 8009 11928 0 0 
7100 13237 13598 12393 12484 11687 8361 11849 0 0 
7200 13246 13715 12444 12619 11795 9052 11946 0 0 
7300 13222 13594 12337 12566 11589 9596 11827 0 0 
7400 13264 13641 12437 12583 11703 9907 11905 0 0 
7500 13273 13692 12516 12495 11656 10153 11851 0 0 
7600 13245 13631 12398 12446 11704 10477 11895 0 0 
7700 13191 13585 12361 12501 11636 10745 11835 0 0 
7800 13219 13610 12331 12429 11512 11053 11759 0 0 
7900 13235 13639 12389 12460 11591 11467 11837 0 0 
8000 13244 13698 12386 12383 11592 11761 11792 0 0 
8100 13255 13594 12352 12519 11657 11874 11805 0 0 
8200 13160 13658 12360 12421 11626 11995 11779 0 0 
8300 13216 13581 12391 12416 11581 12137 11784 0 0 
8400 13251 13673 12360 12444 11524 12308 11662 0 0 
8500 13216 13560 12417 12425 11492 12383 11708 0 0 
8600 13243 13638 12396 12442 11497 12553 11741 0 0 
8700 13220 13591 12368 12449 11558 12462 11787 0 0 
8800 13204 13561 12421 12444 11523 12557 11704 0 0 
