# Avida tasks data
# Fri Apr 21 20:57:00 2023
# First column gives the current update, next columns give the number
# of organisms that have the particular task as a component of their merit
#  1: Update
#  2: Not
#  3: Nand
#  4: And
#  5: OrNot
#  6: Or
#  7: AndNot
#  8: Nor
#  9: Xor
# 10: Equals

0 0 0 0 0 0 0 0 0 0 
100 0 0 0 0 0 0 0 0 0 
200 0 0 0 0 0 0 0 0 0 
300 0 0 0 0 0 0 0 0 0 
400 0 0 0 0 0 0 0 0 0 
500 473 278 0 109 0 0 0 0 0 
600 2464 2437 0 2182 4 0 0 0 0 
700 4637 4520 0 4135 6 0 0 0 0 
800 6939 6731 0 6227 7 2 0 0 0 
900 9362 9028 0 8453 10 15 0 0 0 
1000 11052 10762 0 9958 24 57 0 0 0 
1100 12245 11826 0 11012 22 175 1 0 0 
1200 12795 12279 0 11599 13 377 0 0 0 
1300 13128 12537 0 11823 33 600 5 0 0 
1400 13306 12685 2 12076 172 836 1 0 0 
1500 13229 12705 0 11972 678 1177 3 0 0 
1600 13314 12761 4 12066 1449 1561 6 0 0 
1700 13336 12815 1 12194 2482 2121 4 0 0 
1800 13277 12713 8 12164 3594 2747 5 0 0 
1900 13330 12820 9 12264 4698 3508 8 0 0 
2000 13328 12789 2 12257 5857 4385 7 0 0 
2100 13261 12831 4 12312 6871 5341 6 0 0 
2200 13388 12746 10 12368 7909 6276 18 0 0 
2300 13326 12828 5 12282 8666 7227 18 0 0 
2400 13355 12825 6 12393 9258 8024 19 0 0 
2500 13334 12793 13 12430 9914 8975 13 0 0 
2600 13382 12827 11 12444 10306 9780 19 0 0 
2700 13363 12869 11 12470 10686 10427 17 0 0 
2800 13349 12932 17 12484 11049 10903 34 0 0 
2900 13398 12878 19 12579 11432 11382 21 0 0 
3000 13386 12842 569 12506 11655 11794 18 0 0 
3100 13379 12902 1902 12479 11808 12295 16 0 0 
3200 13386 12858 3287 12500 11895 12614 33 0 0 
3300 13396 12851 4491 12530 12003 12806 37 0 0 
3400 13380 12952 5823 12514 12013 12903 25 0 0 
3500 13325 12907 6992 12546 12016 12790 32 0 0 
3600 13375 12961 8184 12569 11978 12786 30 0 0 
3700 13299 12935 9206 12402 11832 12771 36 0 1 
3800 13331 12887 10076 12437 11889 12847 49 0 0 
3900 13320 12901 10747 12483 11866 12833 33 0 0 
4000 13362 12874 11124 12507 11983 12753 48 0 1 
4100 13375 12935 11656 12534 11993 12982 27 0 0 
4200 13400 13002 11878 12488 12041 12931 47 0 0 
4300 13365 12842 11969 12494 11923 12904 32 0 0 
4400 13319 12782 12093 12432 11911 12779 43 0 0 
4500 13343 12998 12313 12590 12105 12911 33 0 0 
4600 13339 12927 12306 12471 11908 12900 51 0 0 
4700 13453 12898 12358 12509 11996 12889 37 0 0 
4800 13434 12984 12413 12532 12007 12984 32 0 0 
4900 13391 12947 12500 12563 12015 12928 39 0 0 
5000 13439 12933 12420 12566 12037 12990 61 0 0 
5100 13429 13025 12463 12627 12044 12983 54 0 0 
5200 13465 12964 12420 12667 12109 12970 40 0 0 
5300 13380 13002 12539 12609 12017 13085 38 0 0 
5400 13426 13015 12532 12619 12061 13027 25 0 0 
5500 13432 12984 12470 12548 12042 12928 44 0 0 
5600 13410 12964 12444 12598 12017 12948 45 0 0 
5700 13428 12943 12527 12656 12088 12991 37 0 0 
5800 13481 13028 12536 12642 12096 12987 37 0 0 
5900 13419 12953 12444 12587 12027 12944 41 0 0 
6000 13466 13048 12497 12671 12097 12967 32 0 0 
6100 13459 13005 12447 12597 11993 12966 41 0 0 
6200 13465 12933 12378 12646 12090 12896 46 0 0 
6300 13444 12920 12430 12656 12107 12865 43 0 0 
6400 13453 12909 12351 12627 12055 12927 39 0 0 
6500 13410 13013 12509 12626 12040 12995 46 0 0 
6600 13433 12985 12426 12671 12154 13036 39 0 0 
6700 13495 12987 12440 12721 12167 12922 35 0 0 
6800 13504 13044 12535 12720 12184 13015 38 0 0 
6900 13558 12962 12540 12736 12234 12988 37 0 0 
7000 13522 13022 12504 12713 12231 13054 39 0 0 
7100 13492 13007 12485 12634 12120 12935 56 0 0 
7200 13433 13040 12513 12717 12144 12994 222 0 2 
7300 13449 13020 12467 12719 12144 12909 747 0 0 
7400 13470 13061 12537 12690 12157 12971 1468 2 0 
7500 13468 13027 12558 12687 12207 12940 2489 0 0 
7600 13472 13026 12459 12770 12166 13000 3562 0 0 
7700 13546 12964 12480 12789 12210 12982 4803 0 0 
7800 13475 13098 12541 12798 12260 12888 5997 0 8 
7900 13460 13017 12517 12810 12317 12984 7150 0 10 
8000 13436 13032 12445 12800 12267 13011 8315 0 6 
8100 13453 13019 12557 12769 12261 13004 9426 0 0 
8200 13491 13069 12513 12891 12350 12962 10371 0 0 
8300 13484 13000 12387 12924 12380 12957 10964 0 0 
8400 13458 13028 12450 12835 12343 12928 11343 0 0 
8500 13432 12975 12412 12880 12360 12904 11742 0 0 
8600 13479 13037 12476 12866 12356 12994 12120 0 0 
8700 13433 12993 12429 12812 12315 13046 12276 0 0 
8800 13435 13032 12458 12894 12391 12998 12545 0 0 
8900 13447 13011 12448 12839 12344 12974 12601 0 0 
9000 13454 13031 12468 12878 12416 12897 12651 0 0 
9100 13478 13015 12412 12914 12363 12907 12722 0 0 
9200 13450 13033 12523 12869 12428 13063 12716 0 5 
9300 13477 13152 12488 12842 12392 13047 12653 0 46 
9400 13513 13042 12345 12891 12338 12877 12744 0 121 
9500 13478 13022 12168 12871 12339 12736 12669 0 259 
9600 13485 13097 12020 12890 12383 12451 12667 0 442 
9700 13458 13010 11578 12849 12413 11998 12692 0 761 
9800 13410 13124 11283 12868 12404 11726 12661 0 1098 
9900 13509 13051 10774 12888 12395 11320 12721 0 1531 
10000 13487 12961 10113 12878 12360 10802 12683 0 2045 
