# Avida tasks data
# Fri Apr 21 22:10:55 2023
# First column gives the current update, next columns give the number
# of organisms that have the particular task as a component of their merit
#  1: Update
#  2: Not
#  3: Nand
#  4: And
#  5: OrNot
#  6: Or
#  7: AndNot
#  8: Nor
#  9: Xor
# 10: Equals

0 0 0 0 0 0 0 0 0 0 
100 0 0 0 0 0 0 0 0 0 
200 0 0 0 0 0 0 0 0 0 
300 0 0 0 0 0 0 0 0 0 
400 0 0 0 0 0 0 0 0 0 
500 0 0 0 0 0 0 0 0 0 
600 0 0 0 0 0 0 0 0 0 
700 1226 749 0 959 2 0 0 0 0 
800 4011 3677 2 3630 4 1 0 0 0 
900 5926 5646 1092 5446 4 430 0 0 0 
1000 7155 6907 2570 6659 4 2104 1 0 0 
1100 8636 8436 4377 8158 3 3953 0 0 0 
1200 10239 9993 6243 9789 6 5881 0 0 0 
1300 11222 10887 7571 10672 16 7295 3 0 0 
1400 11857 11608 8558 11440 18 8485 6 0 0 
1500 12372 12134 9457 11991 19 9374 4 2 0 
1600 12778 12398 9959 12286 19 9917 6 5 0 
1700 13036 12586 10461 12593 29 10595 9 1 0 
1800 12944 12613 10776 12474 19 10841 8 0 0 
1900 12988 12764 11065 12594 16 11287 9 0 0 
2000 12997 12632 11095 12509 19 11198 3 0 0 
2100 13015 12693 11139 12589 22 11300 5 0 0 
2200 12940 12655 11004 12460 22 11199 3 0 0 
2300 12967 12695 11060 12612 28 11222 7 0 0 
2400 13096 12692 11094 12604 9 11172 3 0 0 
2500 13168 12744 11265 12728 13 11283 2 0 0 
2600 13128 12708 11113 12565 34 11206 5 0 0 
2700 13088 12758 11250 12614 67 11384 3 0 0 
2800 13134 12717 11258 12670 149 11319 10 0 0 
2900 13147 12779 11249 12684 415 11421 4 0 0 
3000 13155 12669 11024 12670 935 11312 9 4 0 
3100 13218 12788 11100 12603 1487 11547 18 3 0 
3200 13197 12728 11122 12656 2178 11569 29 4 0 
3300 13180 12761 11136 12654 2814 11658 36 3 0 
3400 13135 12767 11134 12618 3391 11741 25 4 0 
3500 13071 12589 10969 12470 3709 11772 32 9 1 
3600 13001 12602 10920 12540 4192 11805 54 12 0 
3700 13113 12715 10855 12606 4681 11780 56 7 0 
3800 13001 12680 10944 12566 5263 11815 47 5 0 
3900 13131 12739 10894 12559 5621 11974 37 7 0 
4000 13130 12716 10869 12560 6069 12069 60 9 0 
4100 13147 12698 10815 12618 6622 12060 41 7 0 
4200 13135 12733 10779 12512 6994 12116 55 10 0 
4300 13077 12725 10833 12488 7358 12237 62 13 0 
4400 13088 12682 10756 12520 7759 12245 55 17 0 
4500 13103 12775 10789 12488 8052 12284 45 9 0 
4600 13136 12799 10845 12511 8364 12289 65 12 0 
4700 13133 12812 10919 12505 8664 12412 53 10 0 
4800 13194 12876 10948 12436 8884 12484 61 13 0 
4900 13129 12821 10758 12460 8820 12379 71 14 0 
5000 13138 12848 10819 12458 8975 12547 47 12 0 
5100 13133 12881 10917 12438 9260 12547 65 6 0 
5200 13047 12727 10763 12415 9245 12451 75 20 0 
5300 13077 12792 10781 12463 9416 12497 61 14 0 
5400 13054 12786 10983 12519 9717 12581 41 19 0 
5500 13154 12749 10859 12494 9687 12501 50 26 0 
5600 13123 12890 10891 12408 9919 12547 61 21 0 
5700 13145 12735 10791 12438 9916 12508 67 9 0 
5800 13170 12870 10871 12426 10064 12582 84 13 0 
5900 13074 12677 10767 12377 9927 12479 64 8 0 
6000 13078 12763 10874 12381 10093 12558 67 13 0 
6100 13044 12858 10834 12343 10072 12626 65 16 0 
6200 13181 12870 10841 12323 10179 12655 54 16 0 
6300 13101 12730 10792 12340 10136 12511 52 13 0 
6400 13216 12793 10748 12321 10046 12582 54 20 0 
6500 13100 12890 10782 12293 10046 12620 56 16 0 
6600 13137 12793 10684 12248 10037 12596 43 25 0 
6700 13108 12796 10857 12239 10097 12594 67 19 0 
6800 13134 12920 10865 12295 10164 12668 72 14 0 
6900 13149 12930 10941 12292 10176 12640 45 10 0 
7000 13130 12852 10813 12177 10102 12609 57 19 0 
7100 13048 12827 10740 12082 10061 12510 59 20 0 
7200 13142 12860 10783 12234 10085 12605 46 14 0 
7300 13180 12972 10754 12233 10178 12594 53 20 0 
7400 13139 12898 10756 12173 10212 12589 46 7 0 
7500 13223 12939 10948 12205 10299 12728 35 14 0 
7600 13189 12889 10810 12012 10140 12607 62 13 0 
7700 13196 12929 10783 11911 10083 12598 65 17 0 
7800 13134 12961 10858 11976 10199 12690 65 10 0 
7900 13223 13061 10926 11938 10320 12846 62 19 0 
8000 13201 13005 10972 12047 10365 12777 46 14 0 
8100 13178 13019 11019 11940 10451 12817 43 8 0 
8200 13195 12967 10936 11816 10354 12704 46 20 0 
8300 13235 12889 10880 11770 10233 12643 77 13 0 
8400 13201 12934 10957 11770 10394 12716 41 13 0 
8500 13211 13037 10961 11832 10395 12773 45 16 0 
8600 13167 13074 11063 11762 10450 12708 28 11 0 
8700 13205 13132 11026 11818 10469 12809 34 19 0 
8800 13137 13040 11002 11729 10445 12826 34 14 0 
8900 13213 13021 10929 11678 10375 12827 52 16 0 
9000 13295 13101 11128 11864 10603 12863 39 26 0 
9100 13237 13067 11051 11729 10471 12873 47 12 0 
9200 13249 13111 10943 11633 10423 12839 49 15 0 
9300 13216 13219 11129 11787 10584 12985 33 21 0 
9400 13293 13069 11097 11686 10584 12805 25 11 0 
9500 13294 13081 11131 11626 10549 12917 30 6 0 
9600 13299 13061 11093 11642 10488 12832 28 13 0 
9700 13254 13093 11139 11734 10606 12846 31 11 0 
9800 13266 13070 11070 11605 10530 12830 38 22 0 
9900 13301 13082 11126 11683 10576 12945 44 8 0 
10000 13284 13119 11198 11703 10688 12975 43 8 0 
