# Avida tasks data
# Fri Apr 21 16:21:58 2023
# First column gives the current update, next columns give the number
# of organisms that have the particular task as a component of their merit
#  1: Update
#  2: Not
#  3: Nand
#  4: And
#  5: OrNot
#  6: Or
#  7: AndNot
#  8: Nor
#  9: Xor
# 10: Equals

0 0 0 0 0 0 0 0 0 0 
100 0 0 0 0 0 0 0 0 0 
200 0 0 0 0 0 0 0 0 0 
300 0 0 0 0 0 0 0 0 0 
400 1 0 0 0 0 0 0 0 0 
500 0 434 0 3 0 0 0 0 0 
600 566 1415 0 852 0 0 0 0 0 
700 1971 2985 0 2563 2 0 0 0 0 
800 4001 4658 0 4222 2 0 0 0 0 
900 6232 6747 0 6320 3 0 0 0 0 
1000 8771 8942 0 8581 3 0 0 0 0 
1100 10668 10840 3 10583 7 0 0 0 0 
1200 11518 11568 27 11322 15 0 0 0 0 
1300 12072 12080 46 11892 3 7 0 0 0 
1400 12428 12409 93 12187 2 55 2 0 0 
1500 12692 12729 1595 12618 5 91 2 0 0 
1600 12831 12898 3935 12808 26 161 1 0 0 
1700 12983 13023 5899 13094 366 193 0 0 0 
1800 12957 13004 7603 12989 898 178 0 0 0 
1900 13086 13068 9003 13080 1587 97 0 0 0 
2000 13112 13073 10187 13015 1996 85 0 0 0 
2100 13128 13046 11042 13033 2479 59 0 0 0 
2200 13088 13058 11731 13051 2962 82 0 0 0 
2300 13167 13059 12223 12991 3478 83 0 0 0 
2400 13117 13078 12535 13102 4303 91 0 0 0 
2500 13113 13156 12706 13057 4865 150 2 0 0 
2600 13147 13108 12658 13117 5566 217 0 0 0 
2700 13273 13055 12668 13231 6231 330 2 0 0 
2800 13166 13153 12820 13153 6855 381 3 0 0 
2900 13223 13098 12756 13233 7468 502 0 0 0 
3000 13181 13107 12688 13232 8139 613 2 0 0 
3100 13254 13212 12833 13208 8780 685 2 0 0 
3200 13191 13148 12811 13205 9275 780 2 0 0 
3300 13201 13145 12838 13256 9728 930 0 0 0 
3400 13194 13139 12752 13197 10095 974 2 0 0 
3500 13145 13124 12736 13142 10255 1089 1 0 0 
3600 13202 13072 12712 13247 10569 1010 3 0 0 
3700 13127 13156 12825 13160 10668 1108 5 0 0 
3800 13137 13158 12790 13205 10764 1128 3 0 0 
3900 13211 13127 12837 13215 10974 1177 0 0 0 
4000 13199 13223 12917 13276 11211 1219 2 0 0 
4100 13172 13165 12780 13201 11145 1245 1 0 0 
4200 13167 13243 12908 13208 11086 1377 0 0 0 
4300 13220 13114 12817 13211 11085 1371 1 0 0 
4400 13168 13240 12894 13233 11120 1349 1 0 0 
4500 13175 13199 12874 13309 11000 1494 0 0 0 
4600 13254 13281 12996 13315 10926 1591 3 0 0 
4700 13175 13289 12962 13241 10931 1577 0 0 0 
4800 13274 13280 12978 13236 10957 1714 1 0 0 
4900 13241 13124 12850 13255 10800 2047 0 0 0 
5000 13231 13264 12927 13274 10810 2230 5 0 0 
5100 13250 13241 12958 13282 10765 2677 5 0 0 
5200 13223 13246 12948 13301 10772 3032 6 0 0 
5300 13274 13172 12930 13384 10701 3486 6 0 0 
5400 13283 13269 13017 13369 10766 4058 54 0 0 
5500 13258 13261 12989 13269 10744 4498 295 0 0 
5600 13155 13276 13006 13282 10821 5035 626 0 0 
5700 13205 13263 12993 13249 11009 5372 1269 0 0 
5800 13300 13239 12916 13245 11269 5569 1927 0 0 
5900 13346 13311 13019 13243 11572 5829 2637 0 0 
6000 13260 13285 13026 13192 11780 6052 3437 0 0 
6100 13319 13311 12946 13202 12049 6176 4326 0 55 
6200 13376 13278 12730 13163 12093 6145 5015 0 261 
6300 13310 13302 12327 13187 12408 5827 5931 0 553 
6400 13230 13248 11702 13096 12431 5408 6767 0 1026 
6500 13414 13340 11300 13129 12617 4872 7584 0 1491 
6600 13410 13386 10655 13072 12691 4388 8271 0 2011 
6700 13407 13365 9930 13074 12730 3866 8857 0 2598 
6800 13366 13343 9409 13129 12650 3496 9312 0 3057 
6900 13393 13260 8826 13100 12560 3183 9728 0 3500 
7000 13393 13259 8826 13100 12560 3183 9728 0 3499 
7100 13391 13256 8826 13097 12559 3185 9727 0 3496 
7200 13391 13263 8826 13096 12561 3185 9730 0 3502 
7300 13390 13262 8826 13094 12559 3185 9729 0 3500 
7400 13365 13245 8830 13075 12546 3190 9707 0 3489 
7500 13313 13104 8361 12972 12472 3178 9740 0 3947 
7600 13381 12647 8072 12971 12545 3174 9784 0 4219 
7700 13384 12144 7812 12993 12508 3158 9803 0 4445 
7800 13411 12278 7710 13005 12515 3110 9785 0 4539 
7900 13358 12307 7529 13008 12491 3026 9225 0 4648 
8000 13313 12295 7355 12974 12453 2874 8907 0 4817 
8100 13266 12280 7360 12962 12421 2865 8644 0 4798 
