# Avida tasks data
# Fri Apr 21 13:56:59 2023
# First column gives the current update, next columns give the number
# of organisms that have the particular task as a component of their merit
#  1: Update
#  2: Not
#  3: Nand
#  4: And
#  5: OrNot
#  6: Or
#  7: AndNot
#  8: Nor
#  9: Xor
# 10: Equals

0 0 0 0 0 0 0 0 0 0 
100 0 0 0 0 0 0 0 0 0 
200 0 0 0 0 0 0 0 0 0 
300 0 0 0 0 0 0 0 0 0 
400 0 0 0 0 0 0 0 0 0 
500 0 0 0 0 0 0 0 0 0 
600 0 0 0 0 0 0 0 0 0 
700 222 6 0 0 0 0 0 0 0 
800 1788 127 0 0 0 0 0 0 0 
900 3624 1072 0 13 2 0 0 0 0 
1000 5714 3764 0 28 0 0 0 0 0 
1100 7791 6412 0 84 2 0 0 0 0 
1200 9122 8410 0 95 0 0 0 0 0 
1300 10246 9908 0 150 1 0 0 0 0 
1400 10922 10885 0 250 6 0 0 0 0 
1500 11553 11689 2 427 3 0 0 0 0 
1600 12059 12432 0 759 1 0 0 0 0 
1700 12552 12932 0 1195 11 0 0 0 0 
1800 12667 13185 0 1958 76 0 0 0 0 
1900 12764 13337 0 2734 374 9 0 0 0 
2000 12710 13277 0 3475 672 10 32 0 0 
2100 12788 13315 0 3821 177 0 1386 0 0 
2200 12765 13395 0 3246 65 3 2931 0 0 
2300 12784 13424 0 2748 15 0 4494 0 0 
2400 12752 13369 2 2277 15 0 5836 0 0 
2500 12720 13377 0 1855 9 3 6900 0 0 
2600 12698 13423 0 1509 218 3 8127 0 0 
2700 12596 13398 0 1060 1035 6 9025 0 0 
2800 12531 13465 0 819 2019 8 9653 0 0 
2900 12526 13404 0 752 3201 17 10040 0 0 
3000 12435 13400 0 707 4151 6 10392 0 0 
3100 12474 13403 0 687 5137 12 10643 0 0 
3200 12462 13429 0 719 6204 19 10906 0 0 
3300 12489 13418 0 717 7224 15 10998 0 0 
3400 12271 13480 0 764 8011 22 11044 0 0 
3500 12342 13456 0 786 8653 24 11170 0 0 
3600 12312 13415 0 837 9415 13 11233 0 0 
3700 12296 13455 0 807 9752 19 11241 0 0 
3800 12314 13405 0 752 10005 22 11312 0 0 
3900 12395 13503 0 740 10316 22 11355 0 0 
4000 12320 13437 0 693 10479 21 11304 0 0 
4100 12332 13402 0 619 10685 21 11318 0 0 
4200 12390 13439 0 596 10812 13 11265 0 0 
4300 12275 13434 0 601 10895 21 11179 0 0 
4400 12372 13503 0 627 10923 25 11259 0 0 
4500 12372 13464 0 594 11016 19 11315 0 0 
4600 12310 13430 0 574 10883 17 11240 0 0 
4700 12433 13503 1 553 10971 30 11398 0 0 
4800 12360 13466 0 622 10874 24 11218 0 0 
4900 12459 13415 0 592 11043 17 11402 0 0 
5000 12328 13441 0 624 10948 18 11269 0 0 
5100 12405 13505 0 589 11005 25 11293 0 0 
5200 12459 13410 0 619 11027 30 11395 0 0 
5300 12445 13481 0 541 11021 17 11367 0 0 
5400 12392 13460 0 556 11049 20 11374 0 0 
5500 12425 13440 0 606 10995 29 11295 0 0 
5600 12481 13490 0 585 11066 32 11403 0 0 
5700 12514 13547 0 513 11179 30 11390 0 0 
5800 12372 13427 0 597 10994 24 11298 0 0 
5900 12386 13450 0 501 11062 31 11253 0 0 
6000 12496 13500 0 555 11008 44 11350 0 0 
6100 12584 13495 0 539 11167 28 11485 0 0 
6200 12570 13547 1 524 11171 49 11475 0 0 
6300 12477 13421 0 492 11161 40 11388 0 0 
6400 12498 13538 0 482 11169 30 11448 0 0 
6500 12505 13473 0 478 11083 49 11333 0 0 
6600 12465 13550 0 475 11089 40 11407 0 0 
6700 12517 13553 0 508 11057 30 11385 0 0 
6800 12477 13439 0 576 11019 41 11322 0 0 
6900 12627 13492 0 490 11207 35 11558 0 0 
7000 12510 13430 0 495 11210 31 11475 0 0 
7100 12545 13525 0 533 11083 37 11444 0 0 
7200 12504 13496 0 447 11199 34 11487 0 0 
7300 12461 13548 0 441 11168 31 11428 0 0 
7400 12574 13547 0 468 11222 44 11529 0 0 
7500 12538 13471 0 539 11098 35 11500 0 0 
7600 12586 13608 0 453 11235 19 11582 0 0 
7700 12588 13441 0 498 11177 13 11521 0 0 
7800 12665 13596 0 451 11285 24 11626 0 0 
7900 12515 13514 0 477 11298 30 11588 0 0 
8000 12561 13479 0 501 11195 28 11518 0 0 
8100 12603 13553 0 458 11169 17 11588 0 0 
8200 12637 13615 0 514 11249 25 11611 0 0 
8300 12632 13531 0 454 11354 35 11660 0 0 
8400 12540 13514 0 487 11186 27 11583 0 0 
8500 12440 13580 0 451 11202 30 11527 0 0 
8600 12650 13518 0 424 11378 25 11678 0 0 
8700 12584 13531 0 455 11255 34 11585 0 0 
8800 12719 13551 0 398 11395 24 11745 0 0 
8900 12618 13610 0 442 11273 36 11650 0 0 
9000 12618 13526 0 453 11261 28 11686 0 0 
9100 12621 13582 0 464 11201 39 11591 0 0 
9200 12554 13499 0 423 11236 34 11561 0 0 
9300 12579 13605 0 535 11208 26 11628 0 0 
9400 12677 13611 0 712 11358 24 11751 0 0 
9500 12564 13517 0 1056 11161 36 11572 0 0 
9600 12639 13599 0 1461 11368 32 11708 0 0 
9700 12725 13589 0 1831 11240 44 11668 0 0 
9800 12602 13583 0 2238 11266 37 11745 0 0 
9900 12658 13574 0 2604 11296 16 11845 0 0 
10000 12626 13592 0 2972 11203 34 11720 0 0 
