# Avida tasks data
# Fri Apr 21 08:05:21 2023
# First column gives the current update, next columns give the number
# of organisms that have the particular task as a component of their merit
#  1: Update
#  2: Not
#  3: Nand
#  4: And
#  5: OrNot
#  6: Or
#  7: AndNot
#  8: Nor
#  9: Xor
# 10: Equals

0 0 0 0 0 0 0 0 0 0 
100 0 0 0 0 0 0 0 0 0 
200 0 0 0 0 0 0 0 0 0 
300 0 0 0 0 0 0 0 0 0 
400 0 0 0 0 0 0 0 0 0 
500 0 0 0 0 0 0 0 0 0 
600 0 0 0 0 0 0 0 0 0 
700 0 0 0 0 0 0 0 0 0 
800 4 0 0 0 0 0 0 0 0 
900 30 0 0 0 0 0 0 0 0 
1000 97 0 0 0 0 0 0 0 0 
1100 316 2 0 0 0 0 0 0 0 
1200 603 30 0 1 0 0 0 0 0 
1300 613 1847 17 767 1850 2266 0 0 0 
1400 956 1760 21 1491 2641 2547 0 0 0 
1500 1367 1762 18 1754 3042 2538 0 0 0 
1600 1759 1740 18 1400 3530 2539 1 0 0 
1700 2216 1669 18 1400 3924 2475 1 0 0 
1800 2588 1543 18 1383 4184 2362 1 0 0 
1900 2976 1399 18 1376 4468 2226 1 0 0 
2000 3319 1319 18 1351 4731 2153 0 0 0 
2100 3630 1230 17 1355 5013 2079 0 0 0 
2200 3956 1122 16 1336 5250 1978 0 0 0 
2300 4238 1043 16 1292 5473 1904 0 0 0 
2400 4550 966 16 1257 5672 1823 0 0 0 
2500 4813 909 15 1227 5867 1761 0 0 0 
2600 5116 866 15 1204 6130 1702 0 0 0 
2700 5326 819 15 1170 6318 1648 0 0 0 
2800 5502 789 15 1121 6457 1593 0 0 0 
2900 5701 755 14 940 6548 1426 0 0 0 
3000 5967 734 12 790 6722 1275 0 0 0 
3100 6237 707 12 657 6890 1136 0 0 0 
3200 6396 667 11 625 7019 1063 0 0 0 
3300 6570 629 10 554 7145 982 0 0 0 
3400 6752 587 11 500 7298 900 0 0 0 
3500 6963 542 10 466 7433 803 0 0 0 
3600 7056 498 9 425 7468 726 0 0 0 
3700 7240 474 9 361 7656 651 2 0 0 
3800 7380 445 9 360 7736 583 0 0 0 
3900 7581 418 9 310 7912 507 0 0 0 
4000 7678 387 9 269 8003 445 1 0 0 
4100 7833 353 8 240 8110 398 0 0 0 
4200 7967 324 8 227 8220 352 0 0 0 
4300 8094 291 7 196 8260 302 0 0 0 
4400 8168 259 7 177 8411 263 0 0 0 
4500 8242 232 5 167 8474 233 0 0 0 
4600 8442 211 5 162 8662 212 0 0 0 
4700 8491 195 4 170 8704 193 0 0 0 
4800 8626 175 4 184 8852 172 0 0 0 
4900 8777 162 4 179 9035 158 0 0 0 
5000 8852 143 3 150 9131 144 0 0 0 
5100 9030 139 3 159 9290 137 0 0 0 
5200 9085 127 3 170 9364 127 0 0 0 
5300 9192 114 3 177 9481 116 0 0 0 
5400 9345 102 2 175 9689 99 0 0 0 
5500 9476 80 2 168 9769 82 0 0 0 
5600 9490 75 2 189 9819 69 0 0 0 
5700 9643 80 1 190 9947 66 0 0 0 
5800 9834 74 1 176 10143 68 0 0 0 
5900 9998 70 1 180 10270 64 0 0 0 
6000 10022 65 1 166 10329 57 0 0 0 
6100 10061 62 2 191 10351 51 0 0 0 
6200 10143 53 0 189 10482 46 0 0 0 
6300 10324 44 0 212 10662 44 2 0 0 
6400 10411 44 0 213 10762 42 1 0 0 
6500 10488 41 0 213 10851 45 1 0 0 
6600 10604 39 0 222 10926 39 1 0 0 
6700 10702 43 0 219 11065 40 1 0 0 
6800 10780 35 0 223 11130 32 1 0 0 
6900 10835 36 0 234 11187 36 0 0 0 
7000 10918 39 0 218 11268 36 0 0 0 
7100 11070 37 0 209 11400 31 0 0 0 
7200 11131 32 0 217 11467 29 0 0 0 
7300 11174 43 1 233 11549 31 0 0 0 
7400 11263 38 1 236 11639 27 0 0 0 
7500 11305 34 0 210 11736 26 2 0 0 
7600 11445 31 1 239 11845 23 0 0 0 
7700 11531 31 0 235 11903 24 0 0 0 
7800 11507 26 0 234 11878 21 0 0 0 
7900 11653 25 0 212 11982 20 0 0 0 
8000 11685 22 0 228 11948 25 0 0 0 
8100 11757 35 0 233 12031 20 0 0 0 
8200 11750 34 1 222 12101 21 0 0 0 
8300 11799 31 0 206 12159 15 0 0 0 
8400 11820 23 0 219 12155 17 0 0 0 
8500 11872 25 0 224 12194 14 0 0 0 
8600 11881 30 0 226 12233 17 0 0 0 
8700 12007 23 0 218 12419 13 0 0 0 
8800 12003 21 1 213 12361 11 0 0 0 
8900 12030 18 0 222 12426 7 2 0 0 
9000 12154 13 0 226 12576 5 1 0 0 
9100 12111 9 0 220 12465 10 0 0 0 
9200 12115 11 0 230 12478 17 0 0 0 
9300 12123 8 0 228 12518 7 0 0 0 
9400 12186 11 0 236 12556 6 0 0 0 
9500 12224 5 1 272 12623 2 0 0 0 
9600 12306 4 0 259 12660 3 0 0 0 
9700 12289 4 0 248 12678 0 0 0 0 
9800 12284 7 0 208 12679 3 0 0 0 
9900 12337 4 0 214 12724 3 0 0 0 
10000 12385 8 0 234 12784 4 0 0 0 
