# Avida tasks data
# Fri Apr 21 14:41:54 2023
# First column gives the current update, next columns give the number
# of organisms that have the particular task as a component of their merit
#  1: Update
#  2: Not
#  3: Nand
#  4: And
#  5: OrNot
#  6: Or
#  7: AndNot
#  8: Nor
#  9: Xor
# 10: Equals

0 0 0 0 0 0 0 0 0 0 
100 0 0 0 0 0 0 0 0 0 
200 0 0 0 0 0 0 0 0 0 
300 0 0 0 0 0 0 0 0 0 
400 0 0 0 0 0 0 0 0 0 
500 0 0 0 0 0 0 0 0 0 
600 0 0 0 0 0 0 0 0 0 
700 0 126 0 0 0 0 0 0 0 
800 542 994 0 238 0 0 0 0 0 
900 3058 3274 13 524 2 1914 0 0 0 
1000 5373 5684 32 706 0 4490 1 0 0 
1100 7532 8037 39 1212 2 7021 8 0 0 
1200 8702 9280 47 1793 0 8437 5 0 0 
1300 9601 10085 41 2648 0 9337 4 0 0 
1400 10342 11011 50 3288 5 10238 8 0 0 
1500 10855 11617 42 4094 53 10926 9 0 0 
1600 11132 11810 616 4538 1865 11324 22 0 0 
1700 11113 11907 1250 5038 3372 11279 1220 0 0 
1800 11171 11903 1494 6078 4932 11278 2737 0 0 
1900 11287 11867 1505 7106 6226 11507 4053 0 34 
2000 11573 12331 1025 8945 8112 11926 4765 2 1558 
2100 11755 12620 655 10291 9469 12149 4885 2 2917 
2200 11916 12861 477 11313 10548 12436 4687 2 4208 
2300 12176 13090 358 11961 11346 12464 4413 5 5247 
2400 12197 13229 366 12506 11987 12649 3934 1 6276 
2500 12317 13406 300 12856 12430 12750 3505 2 6967 
2600 12401 13485 294 13048 12646 12803 2960 9 7729 
2700 12452 13560 265 13128 12748 12750 2525 2 8209 
2800 12500 13651 269 13130 12907 12774 2118 9 8736 
2900 12421 13705 222 13229 13001 12779 1708 6 9146 
3000 12453 13694 221 13269 12966 12731 1251 3 9539 
3100 12443 13756 245 13274 13003 12735 894 5 9935 
3200 12434 13740 203 13256 12978 12722 700 9 10037 
3300 12443 13746 246 13249 13058 12792 450 3 10283 
3400 12281 13758 224 13137 12978 12780 318 4 10297 
3500 12314 13772 223 13264 13109 12746 250 9 10385 
3600 12359 13800 248 13132 13014 12813 181 8 10514 
3700 12401 13802 226 13203 13043 12874 120 4 10437 
3800 12457 13833 244 13195 13066 12848 115 4 10596 
3900 12382 13853 211 13195 13045 12928 147 4 10607 
4000 12386 13793 212 13169 13064 12745 191 8 10457 
4100 12433 13875 204 13258 13111 12831 443 4 10657 
4200 12467 13867 233 13250 13033 12918 859 2 10626 
4300 12368 13811 212 13221 13074 12784 1271 3 10597 
4400 12278 13778 233 13178 12965 12787 2210 8 10522 
4500 12321 13823 282 13207 13015 12775 2944 5 10441 
4600 12351 13831 243 13144 12965 12852 3678 4 10442 
4700 12369 13803 256 13098 13003 12910 4470 5 10599 
4800 12442 13820 240 13208 13088 12931 5372 5 10643 
4900 12327 13812 247 13117 13033 12819 6223 10 10465 
5000 12329 13806 240 13155 13005 12910 7139 7 10451 
5100 12351 13765 220 13137 13078 12881 7898 6 10491 
5200 12284 13776 247 13138 13028 12872 8816 14 10514 
5300 12287 13820 230 13081 13096 12966 9737 8 10524 
5400 12154 13741 247 13008 13036 12777 10252 11 10265 
5500 12194 13755 226 13044 12960 12807 10654 3 10301 
5600 12176 13793 282 12986 13003 12818 11049 2 10300 
5700 12318 13824 254 13088 12980 12832 11330 6 10420 
5800 12265 13747 264 13111 12912 12896 11573 3 10394 
5900 12181 13790 201 13045 13027 12898 11834 5 10417 
6000 12339 13773 217 13056 13068 12763 11938 7 10436 
6100 12291 13743 202 13134 13041 12859 11998 11 10490 
6200 12289 13712 200 13100 12994 12804 11936 10 10459 
6300 12324 13701 193 13135 12984 12815 11973 6 10514 
6400 12380 13729 179 13247 13065 12735 12045 10 10547 
6500 12331 13674 179 13242 13029 12608 11895 8 10335 
6600 12479 13685 173 13338 13135 12666 12132 8 10511 
6700 12580 13717 164 13320 13189 12663 12229 13 10682 
6800 12441 13598 156 13235 13107 12599 12240 7 10469 
6900 12583 13671 160 13393 13185 12670 12314 4 10607 
7000 12551 13624 166 13261 13148 12649 12257 492 10578 
7100 12494 13618 181 13155 13150 12664 12239 1058 10585 
7200 12534 13637 169 13084 13173 12702 12325 1552 10625 
7300 12566 13621 180 13197 13109 12720 12314 1884 10632 
7400 12585 13626 186 13385 13208 12728 12429 2455 10665 
7500 12521 13667 164 13359 13177 12779 12430 2965 10654 
7600 12444 13517 171 13248 13114 12122 11615 3031 10669 
7700 12540 13602 172 12856 13120 12627 11073 2419 10686 
7800 12557 13578 179 12742 13142 12717 10489 2134 10702 
7900 12618 13659 165 12709 13188 12754 9868 1858 10815 
8000 12636 13655 179 12861 13143 12718 9290 1619 10836 
8100 12758 13640 183 11936 13127 12764 8846 1397 10879 
8200 12744 13624 186 11372 13090 12748 9164 1244 10892 
8300 12778 13647 171 11073 13097 12702 9393 1077 10883 
8400 12798 13604 174 10569 13035 12744 9650 963 10954 
8500 12873 13621 163 10257 13125 12679 9908 920 10998 
8600 12870 13645 172 10225 13134 12643 9925 912 10996 
8700 12870 13645 172 10225 13134 12643 9925 912 10996 
8800 12870 13645 172 10225 13134 12643 9925 912 10996 
8900 12870 13645 172 10225 13134 12643 9925 912 10996 
9000 12870 13645 172 10225 13134 12643 9925 912 10996 
9100 12870 13645 172 10225 13134 12643 9925 912 10996 
9200 12870 13645 172 10225 13134 12643 9925 912 10996 
9300 12861 13640 171 10192 13124 12668 9947 910 10986 
9400 12834 13632 190 9959 13056 12602 10076 866 10906 
9500 12888 13610 175 9703 13037 12640 10352 805 10982 
9600 12817 13562 176 9469 12971 12573 10327 712 10874 
9700 12869 13562 180 9221 12998 12576 10425 623 10890 
9800 12817 13539 180 8948 12958 12551 10491 533 10828 
9900 12890 13607 179 8726 12993 12587 10520 452 10921 
10000 12892 13580 171 8646 12980 12582 10558 405 10878 
