# Avida tasks data
# Fri Apr 21 16:04:22 2023
# First column gives the current update, next columns give the number
# of organisms that have the particular task as a component of their merit
#  1: Update
#  2: Not
#  3: Nand
#  4: And
#  5: OrNot
#  6: Or
#  7: AndNot
#  8: Nor
#  9: Xor
# 10: Equals

0 0 0 0 0 0 0 0 0 0 
100 0 0 0 0 0 0 0 0 0 
200 0 0 0 0 0 0 0 0 0 
300 0 0 0 0 0 0 0 0 0 
400 0 0 0 0 0 0 0 0 0 
500 0 0 0 0 0 0 0 0 0 
600 345 0 0 0 0 0 0 0 0 
700 1546 931 0 877 3 0 0 0 0 
800 3363 3270 0 3253 14 0 0 0 0 
900 5424 5597 0 5546 24 0 0 0 0 
1000 7703 8054 0 7985 36 0 0 0 0 
1100 9683 10003 0 9994 56 0 0 0 0 
1200 10584 11015 0 10929 58 0 0 0 0 
1300 11208 11713 0 11610 40 0 0 0 0 
1400 11727 12177 0 12064 62 0 0 0 0 
1500 12107 12625 2 12515 61 0 0 0 0 
1600 12282 12828 0 12757 70 0 0 0 0 
1700 12397 12919 0 12801 45 2 0 0 0 
1800 12373 12941 0 12862 50 0 0 0 0 
1900 12374 12847 0 12813 66 0 0 0 0 
2000 12417 12943 0 12874 40 0 0 0 0 
2100 12412 12958 7 12874 59 0 0 0 0 
2200 12396 13053 80 12953 65 0 0 0 0 
2300 12210 13061 183 12973 71 0 0 0 0 
2400 12441 13069 540 12950 46 2 0 0 0 
2500 12543 13082 2369 13010 41 9 0 0 0 
2600 12556 13034 3933 13072 32 24 0 0 0 
2700 12729 13123 5429 13082 21 95 0 0 0 
2800 12736 13076 6830 13099 66 217 2 0 0 
2900 12824 13101 8141 13075 331 457 2 0 0 
3000 12906 13122 9271 13195 645 765 0 0 0 
3100 13060 13132 10118 13243 1161 1355 0 0 0 
3200 13004 13068 10536 13281 1531 1929 2 0 0 
3300 12970 13074 10912 13212 1957 2446 2 0 0 
3400 13058 13120 11290 13340 2447 3168 5 0 0 
3500 12994 13176 11653 13367 2739 3781 2 0 0 
3600 13050 13141 11911 13343 2984 4405 3 0 0 
3700 12958 13132 11984 13305 3343 4847 2 0 0 
3800 12930 13139 12090 13383 3634 5211 3 0 0 
3900 12982 13184 12211 13397 3888 5692 0 0 0 
4000 13007 13203 12286 13356 4234 6033 2 0 0 
4100 13042 13252 12301 13313 4521 6413 1 0 0 
4200 12991 13228 12230 13294 4896 6703 2 0 0 
4300 12935 13311 12184 13357 5335 6902 1 0 0 
4400 12988 13368 12180 13365 5818 7123 22 0 0 
4500 13056 13313 12240 13321 6387 7399 50 0 0 
4600 13003 13310 12024 13303 6848 7561 74 0 0 
4700 13009 13386 11954 13294 7405 7691 131 0 0 
4800 12997 13339 11926 13219 7832 7882 148 0 0 
4900 13016 13312 11917 13181 8302 7959 192 0 0 
5000 13006 13383 11826 13286 8596 8169 243 0 0 
5100 13084 13345 11855 13221 8866 8231 264 0 0 
5200 12946 13381 11720 13214 8979 8495 290 0 0 
5300 13113 13319 11703 13195 9343 8719 299 0 0 
5400 12983 13354 11725 13170 9521 8964 248 0 0 
5500 13035 13332 11728 13185 9730 9256 257 0 0 
5600 13012 13279 11531 13142 9629 9459 256 0 0 
5700 13000 13333 11632 13096 9803 9858 276 0 0 
5800 13007 13349 11678 13147 9965 10097 321 0 0 
5900 12971 13363 11578 13171 10073 10232 357 0 0 
6000 13000 13433 11576 13184 10217 10380 340 0 0 
6100 12985 13404 11509 13115 10354 10454 357 0 0 
6200 12932 13354 11497 13072 10492 10541 333 0 0 
6300 12990 13433 11503 13155 10539 10694 330 0 0 
6400 12978 13443 11556 13178 10719 10840 327 0 0 
6500 12959 13390 11476 13151 10852 10959 239 0 0 
6600 12996 13380 11464 13127 11001 10980 235 0 0 
6700 13085 13429 11580 13151 11128 11110 207 0 0 
6800 12975 13451 11478 13153 11127 11084 159 0 0 
6900 13062 13438 11534 13272 11266 11297 134 0 0 
7000 12951 13399 11464 13140 11163 11266 130 0 0 
7100 13024 13418 11528 13204 11259 11416 124 0 0 
7200 13006 13494 11563 13179 11332 11350 123 0 0 
7300 12977 13466 11459 13184 11197 11325 118 0 0 
7400 13047 13409 11445 13147 11245 11428 80 0 0 
7500 13015 13441 11507 13201 11301 11421 59 0 0 
7600 13046 13430 11585 13176 11420 11352 67 0 0 
7700 13144 13504 11528 13198 11448 11418 73 0 0 
7800 13037 13458 11495 13195 11317 11396 55 0 0 
7900 13040 13441 11518 13247 11319 11393 70 0 0 
8000 13092 13442 11554 13240 11397 11474 65 0 0 
8100 13054 13444 11499 13203 11355 11425 46 0 0 
8200 13055 13466 11584 13220 11394 11460 23 0 0 
8300 12986 13503 11505 13266 11327 11494 7 0 0 
8400 13015 13442 11504 13254 11419 11438 4 0 0 
8500 13083 13473 11586 13291 11480 11629 2 0 0 
8600 13132 13510 11660 13258 11474 11633 2 0 0 
8700 13157 13498 11638 13280 11548 11610 1 0 0 
8800 13129 13446 11645 13272 11506 11611 2 0 0 
8900 13128 13519 11601 13237 11462 11545 8 0 0 
9000 13094 13467 11589 13192 11461 11476 1 0 0 
9100 13131 13507 11480 13200 11429 11482 4 0 0 
9200 13040 13511 11554 13308 11446 11649 4 1 0 
9300 13099 13488 11589 13293 11410 11627 0 0 0 
9400 13097 13566 11631 13299 11450 11596 3 0 0 
9500 13156 13556 11779 13289 11620 11647 3 0 0 
9600 13034 13559 11533 13322 11425 11456 4 0 0 
9700 13194 13522 11746 13260 11620 11669 1 0 0 
9800 13171 13458 11648 13203 11564 11465 1 0 0 
9900 13139 13569 11674 13312 11628 11505 6 0 0 
10000 13148 13601 11701 13403 11550 11489 4 0 0 
