# Avida tasks data
# Fri Apr 21 12:26:01 2023
# First column gives the current update, next columns give the number
# of organisms that have the particular task as a component of their merit
#  1: Update
#  2: Not
#  3: Nand
#  4: And
#  5: OrNot
#  6: Or
#  7: AndNot
#  8: Nor
#  9: Xor
# 10: Equals

0 0 0 0 0 0 0 0 0 0 
100 0 0 0 0 0 0 0 0 0 
200 0 0 0 0 0 0 0 0 0 
300 0 0 0 0 0 0 0 0 0 
400 0 0 0 0 0 0 0 0 0 
500 0 0 0 0 0 0 0 0 0 
600 0 0 0 0 0 0 0 0 0 
700 14 0 0 0 0 0 0 0 0 
800 147 12 0 197 0 0 0 0 0 
900 180 847 19 1442 2 0 0 0 0 
1000 1983 1901 108 2528 524 3 0 0 0 
1100 3426 1530 502 3591 1930 11 0 0 0 
1200 5389 2205 877 5136 3281 219 2 0 0 
1300 6802 3406 1221 6198 3952 1010 10 0 0 
1400 7753 4278 2070 6970 4296 1565 11 0 0 
1500 8368 4278 2979 7534 4805 2087 10 0 0 
1600 8847 5391 3441 7881 5337 2375 8 0 0 
1700 9073 6658 3311 8139 5975 3203 3 0 0 
1800 9278 7529 2547 8212 6322 4299 14 0 0 
1900 9464 8139 2038 8325 6657 5225 9 0 0 
2000 9628 8704 1697 8489 6999 6089 8 0 0 
2100 10025 9341 1526 8833 7657 6970 5 0 0 
2200 10669 10125 1321 9305 8486 7939 20 0 0 
2300 11293 10977 1187 9864 9242 8912 11 0 0 
2400 11832 11688 984 10261 9841 9713 17 0 0 
2500 12301 12243 789 10744 10322 10505 14 0 0 
2600 12670 12614 565 11064 10726 11108 14 0 0 
2700 13014 13010 435 11343 11013 11526 14 0 0 
2800 13256 13216 356 11493 11200 11760 9 0 0 
2900 13341 13392 349 11690 11376 11903 11 0 0 
3000 13466 13431 248 11712 11445 12071 11 0 0 
3100 13415 13529 247 11749 11441 12098 27 0 0 
3200 13443 13501 191 11717 11364 12117 11 0 0 
3300 13440 13456 212 11715 11523 12180 12 0 0 
3400 13431 13443 261 11732 11328 12102 12 0 0 
3500 13446 13497 241 11604 11264 12103 14 0 0 
3600 13461 13463 187 11674 11465 12246 18 0 0 
3700 13487 13474 223 11740 11454 12095 15 0 0 
3800 13506 13473 238 11643 11332 12171 15 0 0 
3900 13552 13467 199 11825 11556 12288 17 0 0 
4000 13577 13515 212 11664 11415 12072 17 0 0 
4100 13472 13584 244 11825 11494 12175 14 0 0 
4200 13528 13474 235 11786 11572 12246 19 0 0 
4300 13535 13442 227 11728 11466 12127 14 0 0 
4400 13504 13443 167 11757 11514 12238 13 0 0 
4500 13555 13545 162 11825 11562 12302 13 0 0 
4600 13535 13547 196 11798 11512 12191 13 0 0 
4700 13525 13531 221 11780 11515 12226 13 0 0 
4800 13534 13503 237 11774 11472 12136 13 0 0 
4900 13615 13532 220 11930 11636 12247 12 0 0 
5000 13533 13517 197 11870 11525 12220 22 0 0 
5100 13598 13477 214 11889 11566 12247 11 0 0 
5200 13557 13518 213 11722 11531 12252 9 0 0 
5300 13537 13530 208 11775 11514 12255 13 0 0 
5400 13554 13472 202 11759 11509 12208 9 0 0 
5500 13572 13517 185 11784 11531 12226 11 0 0 
5600 13601 13579 229 11923 11609 12260 10 0 0 
5700 13587 13599 251 11883 11587 12280 12 0 0 
5800 13636 13523 204 11907 11647 12351 15 0 0 
5900 13590 13570 189 11783 11473 12315 6 0 0 
6000 13605 13539 202 11894 11631 12408 11 0 0 
6100 13630 13532 192 11871 11659 12364 7 0 0 
6200 13700 13570 164 11904 11638 12369 13 0 0 
6300 13592 13499 166 11955 11735 12376 13 0 0 
6400 13642 13571 154 11948 11681 12310 13 0 0 
6500 13629 13577 175 12015 11717 12382 15 1 0 
6600 13637 13563 189 11958 11651 12380 15 1 0 
6700 13602 13529 183 11826 11591 12184 15 0 0 
6800 13681 13575 151 11897 11661 12362 15 0 0 
6900 13650 13573 143 11968 11704 12307 9 0 0 
7000 13617 13507 192 11967 11665 12252 7 0 0 
7100 13702 13505 249 11941 11809 12301 12 0 0 
7200 13649 13549 180 12035 11826 12498 8 0 0 
7300 13674 13471 194 12011 11748 12383 13 0 0 
7400 13617 13492 192 11971 11700 12329 12 0 0 
7500 13683 13428 241 12010 11772 12445 12 0 0 
7600 13648 13485 1384 11974 11739 12441 16 0 0 
7700 13653 13437 3257 11996 11747 12344 16 0 0 
7800 13729 13431 4945 11981 11740 12446 6 0 0 
7900 13736 13503 6583 12066 11815 12496 9 0 0 
8000 13706 13495 8229 11948 11754 12360 15 0 0 
8100 13774 13426 9563 11945 11780 12442 20 0 0 
8200 13731 13366 10885 11862 11646 12457 9 0 0 
8300 13764 13412 11808 11921 11751 12596 8 0 0 
8400 13715 13477 12398 11850 11607 12527 11 0 0 
8500 13727 13392 12820 11943 11716 12498 11 0 0 
8600 13768 13498 13129 11994 11768 12585 9 0 0 
8700 13714 13447 13256 11957 11730 12558 4 0 0 
8800 13755 13443 13279 11980 11789 12560 13 0 0 
8900 13649 13550 13313 11954 11762 12549 15 0 0 
9000 13715 13433 13242 11909 11701 12557 7 0 0 
9100 13681 13569 13282 12132 11906 12706 9 0 0 
9200 13674 13469 13199 11968 11718 12547 11 0 0 
9300 13711 13469 13209 11980 11799 12604 18 0 0 
9400 13738 13519 13270 12030 11765 12565 14 0 0 
9500 13721 13438 13193 11987 11771 12532 23 0 0 
9600 13703 13433 13241 12012 11791 12551 20 0 0 
9700 13732 13508 13196 11978 11712 12504 10 0 0 
9800 13679 13521 13266 11935 11712 12523 15 0 0 
9900 13655 13436 13230 11883 11710 12416 16 0 0 
10000 13706 13565 13342 12012 11770 12673 5 0 0 
