# Avida tasks data
# Fri Apr 21 12:03:29 2023
# First column gives the current update, next columns give the number
# of organisms that have the particular task as a component of their merit
#  1: Update
#  2: Not
#  3: Nand
#  4: And
#  5: OrNot
#  6: Or
#  7: AndNot
#  8: Nor
#  9: Xor
# 10: Equals

0 0 0 0 0 0 0 0 0 0 
100 0 0 0 0 0 0 0 0 0 
200 0 0 0 0 0 0 0 0 0 
300 0 0 0 0 0 0 0 0 0 
400 0 0 0 0 0 0 0 0 0 
500 0 0 0 0 0 0 0 0 0 
600 0 0 0 0 0 0 0 0 0 
700 41 0 0 0 0 0 0 0 0 
800 455 0 0 4 0 0 0 0 0 
900 1738 7 0 53 0 0 0 0 0 
1000 4007 2108 0 234 0 0 0 0 0 
1100 5125 3198 70 321 0 0 0 0 0 
1200 6526 3402 492 220 0 2 0 0 0 
1300 7378 3475 700 156 0 3 0 0 0 
1400 7433 3469 706 152 0 7 0 0 0 
1500 7650 3398 706 110 0 6 0 0 0 
1600 8148 3028 738 98 1 6 0 0 0 
1700 8704 2657 760 101 0 5 0 0 0 
1800 9203 2223 743 96 0 3 0 0 0 
1900 9560 1841 675 97 0 2 0 0 0 
2000 9714 1610 592 116 0 1 0 0 0 
2100 9753 1599 591 128 0 1 0 0 0 
2200 9772 1593 590 122 0 1 0 0 0 
2300 9780 1597 590 122 0 1 0 0 0 
2400 9827 1601 590 120 0 1 0 0 0 
2500 9844 1602 590 128 0 9 0 0 0 
2600 9842 1600 591 125 0 28 0 0 0 
2700 9854 1606 590 129 0 29 0 0 0 
2800 9847 1606 590 125 0 32 0 0 0 
2900 9854 1606 590 122 0 36 0 0 0 
3000 9887 1613 592 182 0 18 51 0 0 
3100 9917 1612 590 213 2 18 84 0 0 
3200 9908 1612 590 201 2 17 70 0 0 
3300 9913 1614 590 206 1 19 67 0 0 
3400 9919 1614 590 214 0 19 71 0 0 
3500 9927 1616 590 215 0 22 75 0 0 
3600 9934 1615 590 229 0 20 90 0 0 
3700 9953 1615 590 265 0 8 117 0 0 
3800 9976 1618 590 285 0 8 130 0 0 
3900 9994 1618 590 309 0 9 155 0 0 
4000 9995 1618 590 306 0 10 158 0 0 
4100 10009 1620 590 328 0 13 177 0 0 
4200 10005 1624 592 320 0 13 164 0 0 
4300 10014 1619 591 336 0 8 179 0 0 
4400 10026 1618 590 349 0 8 194 0 0 
4500 10034 1617 590 363 1 8 203 0 0 
4600 10037 1617 592 363 0 8 207 0 0 
4700 10062 1620 591 411 0 10 230 0 0 
4800 10068 1620 591 431 0 11 252 0 0 
4900 10077 1619 591 457 2 10 283 0 0 
5000 10070 1623 590 483 2 12 293 0 0 
5100 10101 1620 590 551 0 17 357 0 0 
5200 10093 1619 593 555 0 19 357 0 0 
5300 10097 1618 592 573 2 16 371 0 0 
5400 10098 1618 592 574 2 16 372 0 0 
5500 10098 1618 592 574 2 16 372 0 0 
5600 10098 1618 592 574 2 16 371 0 0 
5700 10098 1618 592 574 2 16 371 0 0 
5800 10098 1618 592 574 2 16 371 0 0 
5900 10097 1618 592 573 2 16 370 0 0 
6000 10098 1618 592 574 2 16 371 0 0 
6100 10098 1618 592 574 2 16 371 0 0 
6200 10097 1618 592 573 2 16 370 0 0 
6300 10098 1618 592 574 2 16 371 0 0 
6400 10098 1619 593 573 2 16 370 0 0 
6500 10098 1619 593 573 2 16 370 0 0 
6600 10097 1619 593 572 2 16 369 0 0 
6700 10098 1619 593 573 2 16 370 0 0 
6800 10097 1619 593 572 2 16 370 0 0 
6900 10098 1618 592 569 0 15 328 0 0 
7000 10098 1618 592 569 0 15 328 0 0 
7100 10096 1618 592 567 0 15 328 0 0 
7200 10097 1618 592 568 0 15 328 0 0 
7300 10096 1618 592 567 0 15 328 0 0 
7400 10097 1618 592 568 0 15 328 0 0 
7500 10097 1618 592 568 0 15 328 0 0 
7600 10097 1618 592 568 0 15 328 0 0 
7700 10098 1618 592 569 0 15 328 0 0 
7800 10098 1618 592 569 0 15 328 0 0 
7900 10097 1618 592 569 0 15 328 0 0 
8000 10098 1618 592 570 0 15 328 0 0 
8100 10098 1618 592 570 0 15 328 0 0 
8200 10098 1618 592 570 0 15 328 0 0 
8300 10098 1618 592 568 0 15 328 0 0 
8400 10098 1618 592 566 0 15 328 0 0 
8500 10098 1618 592 566 0 15 328 0 0 
8600 10098 1618 592 566 0 15 328 0 0 
8700 10097 1618 592 565 0 15 328 0 0 
8800 10098 1618 592 566 0 15 328 0 0 
8900 10097 1618 592 565 0 15 328 0 0 
9000 10098 1618 592 566 0 15 328 0 0 
9100 10098 1618 592 566 0 15 328 0 0 
9200 10098 1618 592 566 0 15 328 0 0 
9300 10097 1618 592 565 0 15 328 0 0 
9400 10097 1618 592 565 0 15 328 0 0 
9500 10098 1618 592 566 0 15 328 0 0 
9600 10098 1618 592 566 0 15 328 0 0 
9700 10098 1618 592 566 0 15 328 0 0 
9800 10097 1618 592 565 0 15 328 0 0 
9900 10098 1618 592 566 0 15 328 0 0 
10000 10098 1618 592 566 0 15 328 0 0 
