# Avida tasks data
# Fri Apr 21 09:22:30 2023
# First column gives the current update, next columns give the number
# of organisms that have the particular task as a component of their merit
#  1: Update
#  2: Not
#  3: Nand
#  4: And
#  5: OrNot
#  6: Or
#  7: AndNot
#  8: Nor
#  9: Xor
# 10: Equals

0 0 0 0 0 0 0 0 0 0 
100 0 0 0 0 0 0 0 0 0 
200 0 0 0 0 0 0 0 0 0 
300 0 0 0 0 0 0 0 0 0 
400 0 0 0 0 0 0 0 0 0 
500 0 0 0 0 0 0 0 0 0 
600 0 0 0 0 0 0 0 0 0 
700 0 15 0 0 0 0 0 0 0 
800 2 12 6 346 0 0 0 0 0 
900 31 327 18 1174 0 104 0 0 0 
1000 87 1879 11 2576 8 61 0 0 0 
1100 87 1878 11 2575 8 61 0 0 0 
1200 81 2058 11 2652 7 57 0 0 0 
1300 86 2116 14 2682 7 57 0 0 0 
1400 78 2162 14 2723 7 57 0 0 0 
1500 78 2162 14 2723 7 57 0 0 0 
1600 78 2162 14 2723 7 57 0 0 0 
1700 78 2162 14 2723 7 57 0 0 0 
1800 78 2162 14 2723 7 57 0 0 0 
1900 78 2161 14 2722 7 57 0 0 0 
2000 78 2161 14 2722 7 57 0 0 0 
2100 78 2161 14 2722 7 57 0 0 0 
2200 80 2444 18 2968 7 59 0 0 0 
2300 120 3048 16 3515 7 57 0 0 0 
2400 116 3553 15 3968 6 57 0 0 0 
2500 160 4068 16 4422 6 59 0 0 0 
2600 186 4548 16 4856 4 58 0 0 0 
2700 222 5053 19 5295 5 57 0 0 0 
2800 222 5147 19 5394 5 864 0 0 0 
2900 206 5171 18 5430 5 1478 0 0 0 
3000 233 5636 18 5902 5 2336 0 0 0 
