# Avida tasks data
# Fri Apr 21 06:50:01 2023
# First column gives the current update, next columns give the number
# of organisms that have the particular task as a component of their merit
#  1: Update
#  2: Not
#  3: Nand
#  4: And
#  5: OrNot
#  6: Or
#  7: AndNot
#  8: Nor
#  9: Xor
# 10: Equals

0 0 0 0 0 0 0 0 0 0 
100 0 0 0 0 0 0 0 0 0 
200 0 0 0 0 0 0 0 0 0 
300 0 0 0 0 0 0 0 0 0 
400 0 0 0 0 0 0 0 0 0 
500 0 0 0 0 0 0 0 0 0 
600 0 0 0 0 0 0 0 0 0 
700 0 0 0 0 0 0 0 0 0 
800 0 0 0 0 0 0 0 0 0 
900 20 0 0 0 0 0 0 0 0 
1000 46 0 0 0 0 0 0 0 0 
1100 98 6 0 40 0 0 0 0 0 
1200 333 18 0 549 323 0 0 0 0 
1300 646 1252 0 2711 2638 1131 1220 0 0 
1400 1372 1328 0 4312 4245 1134 2601 0 0 
1500 2448 1315 2 4665 4611 1138 2972 0 0 
1600 3005 1400 0 5446 5423 1153 3698 0 0 
1700 4391 1442 1 6360 6319 1173 4519 0 0 
1800 5555 1445 1 7190 7349 1169 5417 0 0 
1900 6392 1524 0 7826 8045 1185 5994 0 0 
2000 7266 1525 0 8436 8749 1181 6693 0 0 
2100 7744 1574 0 8845 9153 1180 7020 0 0 
2200 7820 1576 2 8912 9183 1176 7047 0 0 
2300 8754 1671 24 9458 10074 1055 7910 0 0 
2400 8548 2362 281 9607 10066 1248 7892 0 0 
2500 8431 3114 813 9706 10025 1684 7907 0 2 
2600 8353 3588 1104 9765 9991 2225 7885 0 0 
2700 8332 3796 1403 9790 9953 2577 7888 0 0 
2800 8318 4075 1699 9842 9903 2839 7884 0 1 
2900 8298 4501 1856 9968 9881 3162 7870 0 2 
3000 8254 4517 1551 9967 9894 3182 7872 0 2 
3100 8253 4922 1195 10044 9862 3520 7917 0 3 
3200 8125 5353 1030 10103 9816 3859 7921 0 6 
3300 8098 5543 990 10114 9827 4064 7951 0 5 
3400 8099 5723 902 10147 9821 4248 7972 0 3 
3500 7991 6055 836 10185 9778 4561 8002 0 7 
3600 7778 6146 837 10215 9799 4632 8023 0 6 
3700 7494 6228 830 10216 9769 4683 8018 0 6 
