# Avida tasks data
# Fri Apr 21 20:40:29 2023
# First column gives the current update, next columns give the number
# of organisms that have the particular task as a component of their merit
#  1: Update
#  2: Not
#  3: Nand
#  4: And
#  5: OrNot
#  6: Or
#  7: AndNot
#  8: Nor
#  9: Xor
# 10: Equals

0 0 0 0 0 0 0 0 0 0 
100 0 0 0 0 0 0 0 0 0 
200 0 0 0 0 0 0 0 0 0 
300 0 0 0 0 0 0 0 0 0 
400 0 0 0 0 0 0 0 0 0 
500 0 0 0 0 0 0 0 0 0 
600 0 0 0 0 0 0 0 0 0 
700 1875 1591 0 30 0 0 0 0 0 
800 4362 3945 2 126 0 0 0 0 0 
900 6604 6108 0 1162 4 798 0 0 0 
1000 9065 8324 0 3573 690 3367 2 0 0 
1100 10508 9727 10 4972 2312 4896 1 0 0 
1200 11326 10595 13 6001 3697 6064 0 0 0 
1300 11792 11070 16 6870 4820 7043 0 0 0 
1400 12135 11338 40 7649 6045 7856 0 0 0 
1500 12510 11671 35 8427 7143 8732 1 0 0 
1600 12870 12016 154 9228 8297 9505 1 2 0 
1700 13102 12240 802 9976 9338 10384 2 1 0 
1800 13207 12272 1824 10260 9847 10819 3 0 0 
1900 13282 12473 2971 10576 10356 11148 1 0 0 
2000 13367 12534 4123 10844 10585 11419 0 0 0 
2100 13314 12414 5174 10785 10594 11418 0 0 0 
2200 13363 12495 6135 10944 10782 11585 0 0 0 
2300 13425 12460 7084 11042 10872 11739 0 0 0 
2400 13453 12474 7861 11050 11054 11771 2 3 0 
2500 13471 12438 8669 11169 11122 11840 1 1 0 
2600 13505 12503 9377 11212 11102 11832 3 0 0 
2700 13435 12500 10040 11243 11135 11853 0 1 0 
2800 13376 12476 10414 11169 11092 11803 0 0 0 
2900 13483 12527 10971 11239 11288 11962 0 0 0 
3000 13420 12545 11164 11227 11112 11959 0 2 0 
3100 13485 12465 11282 11171 11175 11883 2 0 0 
3200 13500 12438 11476 11160 11119 11884 0 3 0 
3300 13445 12514 11612 11322 11223 11945 2 0 0 
3400 13510 12493 11675 11330 11246 11944 1 0 0 
3500 13429 12484 11780 11284 11244 11994 2 0 0 
3600 13524 12492 11838 11373 11241 11993 2 0 0 
3700 13566 12473 11726 11227 11157 11954 2 0 0 
3800 13561 12533 11844 11334 11257 12014 2 0 0 
3900 13557 12554 11786 11396 11238 11974 10 0 528 
4000 13494 12599 11776 11525 11431 12132 33 0 1930 
4100 13500 12635 11864 11511 11469 12110 54 2 3078 
4200 13468 12603 11804 11462 11430 12117 69 1 3668 
4300 13433 12611 11848 11600 11427 12164 77 0 4629 
4400 13414 12674 11841 11560 11354 12074 86 0 5410 
4500 13434 12698 11848 11577 11396 12084 76 1 6184 
4600 13496 12631 11841 11629 11380 12107 133 0 6929 
4700 13430 12611 11877 11584 11344 12089 132 1 7494 
4800 13481 12597 11789 11522 11287 12011 137 0 7917 
4900 13374 12538 11728 11531 11221 11970 146 0 8163 
5000 13389 12694 11810 11661 11388 12156 144 1 8620 
5100 13365 12566 11669 11564 11287 11994 151 0 8630 
5200 13454 12627 11778 11612 11251 12061 172 2 8869 
5300 13439 12642 11838 11464 11208 12011 175 3 8994 
5400 13412 12549 11763 11602 11251 12046 181 0 9078 
5500 13441 12693 11852 11651 11345 12102 147 1 9285 
5600 13511 12583 11729 11571 11239 12031 175 0 9144 
5700 13372 12624 11824 11595 11329 12133 187 0 9187 
5800 13422 12686 11814 11615 11409 12134 170 2 9372 
5900 13389 12625 11741 11508 11288 12047 143 1 9265 
6000 13405 12607 11775 11600 11300 12062 141 0 9235 
6100 13405 12607 11775 11600 11300 12062 141 0 9235 
6200 13405 12607 11775 11600 11300 12062 141 0 9235 
6300 13405 12607 11775 11600 11300 12062 141 0 9235 
6400 13405 12607 11774 11600 11298 12060 141 0 9234 
6500 13405 12606 11773 11600 11298 12059 141 0 9233 
6600 13405 12606 11773 11600 11298 12059 141 0 9233 
6700 13405 12604 11771 11599 11296 12057 141 0 9231 
6800 13405 12603 11771 11598 11298 12057 141 0 9231 
6900 13405 12603 11771 11598 11298 12057 141 0 9231 
7000 13405 12603 11771 11598 11298 12057 141 0 9231 
7100 13405 12603 11771 11598 11298 12057 141 0 9231 
7200 13405 12601 11770 11598 11299 12056 141 0 9230 
7300 13417 12590 11719 11524 11255 12016 149 0 9173 
7400 13429 12612 11785 11552 11268 12049 162 1 9187 
7500 13451 12657 11784 11682 11332 12130 167 0 9231 
7600 13465 12558 11675 11496 11222 12012 164 1 9057 
7700 13427 12653 11762 11591 11319 12121 161 1 9247 
7800 13412 12591 11662 11508 11260 11980 124 0 9110 
7900 13465 12590 11724 11459 11186 11966 125 0 9222 
8000 13397 12620 11750 11564 11269 12075 140 0 9189 
8100 13478 12675 11768 11540 11359 12125 154 1 9216 
8200 13490 12676 11762 11532 11362 12124 162 1 9207 
8300 13488 12658 11754 11523 11346 12115 157 1 9196 
8400 13493 12674 11769 11555 11362 12136 155 1 9223 
8500 13485 12676 11765 11540 11350 12119 157 1 9223 
8600 13496 12567 11712 11523 11360 12068 162 1 9289 
8700 13512 12588 11796 11535 11340 12093 149 0 9253 
8800 13506 12564 11814 11521 11278 12072 157 0 9176 
8900 13527 12633 11785 11486 11275 12075 172 0 9268 
9000 13466 12586 11705 11600 11225 12034 145 2 9195 
9100 13524 12516 11660 11514 11338 12070 151 0 9172 
9200 13510 12675 11801 11528 11302 12059 143 0 9309 
9300 13562 12680 11797 11514 11335 12107 174 0 9297 
9400 13503 12619 11792 11534 11402 12105 176 2 9273 
9500 13501 12615 11787 11531 11398 12100 176 2 9270 
9600 13500 12614 11785 11531 11396 12098 176 2 9268 
9700 13499 12614 11785 11532 11396 12098 176 2 9268 
9800 13500 12614 11785 11534 11396 12098 176 2 9268 
9900 13500 12614 11785 11534 11396 12098 176 2 9268 
10000 13514 12674 11759 11568 11312 12124 125 0 9293 
