# Avida tasks data
# Fri Apr 21 13:01:19 2023
# First column gives the current update, next columns give the number
# of organisms that have the particular task as a component of their merit
#  1: Update
#  2: Not
#  3: Nand
#  4: And
#  5: OrNot
#  6: Or
#  7: AndNot
#  8: Nor
#  9: Xor
# 10: Equals

0 0 0 0 0 0 0 0 0 0 
100 0 0 0 0 0 0 0 0 0 
200 0 0 0 0 0 0 0 0 0 
300 0 0 0 0 0 0 0 0 0 
400 0 0 0 0 0 0 0 0 0 
500 96 0 0 0 0 0 0 0 0 
600 1027 3 0 0 0 0 0 0 0 
700 2916 1910 281 2100 0 1 0 0 0 
800 3776 3202 1683 3736 2 14 0 0 0 
900 6044 4902 3978 5634 10 144 0 0 0 
1000 8239 6748 6136 7595 22 373 0 0 0 
1100 9996 8218 7939 9183 41 812 0 0 0 
1200 10876 8965 8839 10006 29 1116 3 0 0 
1300 11356 9587 9466 10530 45 1518 3 0 0 
1400 11786 10172 10079 10985 37 1827 129 0 0 
1500 12206 10568 10505 11281 36 2130 1209 0 0 
1600 12580 11082 10852 11742 56 2310 2848 0 0 
1700 12772 11302 11043 12003 65 2308 4323 0 0 
1800 12879 11532 11298 12167 78 2120 5540 0 0 
1900 13111 11697 11503 12392 63 1867 6598 0 1 
2000 13170 11689 11504 12338 159 1496 7414 0 0 
2100 13271 11864 11623 12546 289 1131 8211 0 0 
2200 13176 11872 11675 12555 517 1056 8728 0 0 
2300 13278 11948 11784 12623 951 861 9270 0 0 
2400 13295 12032 11834 12700 1480 661 9740 1 3 
2500 13293 11968 11812 12637 2134 481 10152 0 0 
2600 13278 12027 11887 12705 2668 339 10384 0 0 
2700 13306 11995 11862 12735 3346 262 10465 0 2 
2800 13311 12093 12007 12800 4019 195 10568 0 2 
2900 13262 12098 11959 12698 4880 203 10566 0 0 
3000 13414 12147 12125 12904 5596 184 10623 0 0 
3100 13357 11960 11838 12791 6126 208 10473 0 1 
3200 13350 12083 11976 12824 6787 157 10517 0 1 
3300 13330 12084 12039 12915 7443 202 10691 0 2 
3400 13367 12131 11919 12831 7801 222 10594 0 0 
3500 13353 12124 11944 12818 8368 192 10497 0 122 
3600 13435 12081 11894 12826 8688 186 9925 0 657 
3700 13402 12115 11986 12834 8983 171 9977 0 1756 
3800 13398 12136 12001 12933 9246 184 10469 12 3014 
3900 12690 12108 11973 12818 8736 170 10542 796 3428 
4000 11982 12083 11944 12845 8151 183 10497 1186 3351 
4100 11548 12072 11910 12798 7775 186 10460 1517 3315 
4200 11063 12073 11933 12837 7396 182 10480 1857 3300 
4300 10475 12061 11918 12834 6896 181 10510 2329 3355 
4400 10017 11973 11861 12833 6501 177 10407 2576 3338 
4500 9576 12018 11917 12842 6088 184 10502 2995 3571 
4600 9143 11920 11824 12761 5697 208 10407 3204 3723 
4700 8978 11921 11848 12807 5546 213 10500 3392 3908 
4800 8705 11849 11794 12750 5399 226 10413 3510 4029 
4900 8491 11887 11848 12777 5346 225 10463 3759 4282 
5000 8367 11896 11816 12785 5317 249 10494 3877 4381 
5100 7830 11893 11877 11584 4958 242 10648 4269 4597 
5200 7519 11904 11856 11463 4843 250 10683 4562 4795 
5300 7142 11906 11856 11482 4790 243 10764 4921 5047 
5400 6932 11587 11815 11494 4767 244 10735 4833 5148 
5500 6939 10707 11829 11623 4810 226 10718 4094 5145 
5600 6944 10511 11798 11620 4679 214 10699 3919 5132 
5700 6879 10221 11821 11713 4567 207 10728 3680 5182 
