# Avida tasks data
# Fri Apr 21 12:10:06 2023
# First column gives the current update, next columns give the number
# of organisms that have the particular task as a component of their merit
#  1: Update
#  2: Not
#  3: Nand
#  4: And
#  5: OrNot
#  6: Or
#  7: AndNot
#  8: Nor
#  9: Xor
# 10: Equals

0 0 0 0 0 0 0 0 0 0 
100 0 0 0 0 0 0 0 0 0 
200 0 0 0 0 0 0 0 0 0 
300 0 0 0 0 0 0 0 0 0 
400 0 0 0 0 0 0 0 0 0 
500 0 0 0 0 0 0 0 0 0 
600 5 0 0 0 0 0 0 0 0 
700 171 0 0 0 0 0 0 0 0 
800 740 164 0 0 0 0 0 0 0 
900 1644 429 0 174 0 0 0 0 0 
1000 2956 437 0 1014 2 0 0 0 0 
1100 4134 559 0 2357 25 12 0 0 0 
1200 4882 1406 0 3215 142 0 0 0 0 
1300 5306 2241 0 4006 705 0 0 0 0 
1400 5923 2665 0 4858 1592 0 0 0 0 
1500 7104 2512 0 6190 3226 0 1 0 0 
1600 8238 2412 0 7563 4690 0 0 0 0 
1700 9137 2310 0 8685 5857 4 0 0 0 
1800 9772 2576 0 9468 6894 0 0 0 0 
1900 10305 3226 0 10164 7678 0 0 0 0 
2000 10705 4230 0 10628 8366 0 0 0 0 
2100 10977 5187 0 10778 8842 2 0 0 0 
2200 11275 6141 0 10991 9227 0 0 1 0 
2300 11476 7045 0 11195 9678 108 0 0 0 
2400 11537 7852 1233 11211 9779 2592 0 0 0 
2500 11732 8774 3171 11390 9960 4264 0 0 0 
2600 12039 9542 4762 11586 10270 5740 0 0 0 
2700 12325 10070 6173 11913 10665 6965 0 0 0 
2800 12498 10584 7545 12079 10959 8200 0 0 0 
2900 12639 11149 8484 12306 11350 9116 0 0 0 
3000 12781 11589 9471 12482 11764 10140 0 0 0 
3100 12992 12055 10221 12685 12094 10800 0 0 0 
3200 13113 12329 10620 12781 12241 11303 7 0 0 
3300 13258 12728 11112 12787 12383 11839 35 0 0 
3400 13323 12957 11394 12954 12577 12046 86 0 0 
3500 13393 13175 11682 12976 12669 12393 121 0 0 
3600 13387 13481 12059 13064 12812 12738 219 0 0 
3700 13397 13522 12006 13110 12853 12738 307 0 0 
3800 13428 13514 11996 13041 12840 12735 398 0 0 
3900 13454 13419 11908 13124 12846 12655 569 0 0 
4000 13414 13484 11924 13073 12821 12705 753 0 0 
4100 13375 13487 11923 13000 12795 12696 825 0 0 
4200 13330 13469 11996 13106 12842 12723 959 0 0 
4300 13299 13539 12045 13025 12802 12769 1109 0 0 
4400 13336 13589 12084 13067 12826 12846 1387 0 0 
4500 13252 13411 11960 13081 12860 12657 1562 0 0 
4600 13239 13514 12153 13031 12722 12831 1839 0 0 
4700 13263 13553 12043 12936 12738 12828 2078 0 0 
4800 13199 13541 12028 12935 12740 12789 2404 0 0 
4900 13213 13484 11913 12859 12729 12666 2702 0 0 
5000 13156 13537 12065 12775 12640 12815 3166 0 0 
5100 13045 13547 11981 12742 12616 12706 3479 0 0 
5200 13025 13543 11998 12677 12488 12745 3724 0 0 
5300 13007 13516 11995 12654 12426 12724 4019 0 0 
5400 12894 13433 11934 12551 12384 12764 4423 0 0 
5500 12805 13486 11947 12472 12369 12751 4385 1 264 
5600 12597 13449 11696 12174 11999 12634 3211 7 1721 
5700 12458 13494 11735 11921 11883 12731 2489 12 3126 
5800 12311 13445 11618 11651 11554 12717 1794 13 4174 
5900 12107 13406 11350 11336 11298 12641 1378 20 5131 
6000 11905 13390 11301 11173 11163 12642 902 25 6074 
6100 11662 13336 11136 10802 10830 12514 747 16 6667 
6200 11691 13368 11165 10790 10823 12573 506 12 7416 
6300 11647 13416 11197 10612 10775 12571 436 16 8125 
6400 11632 13452 11155 10667 10722 12651 354 36 8607 
6500 11407 13434 11067 10567 10618 12582 345 24 8973 
6600 11341 13411 11052 10442 10476 12649 307 43 9230 
6700 11401 13377 10917 10304 10410 12591 337 22 9418 
6800 11237 13389 10970 10202 10321 12585 400 23 9471 
6900 11354 13438 11082 10273 10341 12605 318 27 9602 
7000 11177 13437 10957 10191 10290 12563 366 25 9576 
7100 11197 13402 10942 10202 10267 12540 326 23 9636 
7200 11292 13444 10998 10186 10261 12586 355 29 9686 
7300 11217 13400 10926 10137 10199 12535 385 25 9557 
7400 11243 13402 10930 10213 10313 12549 375 28 9677 
7500 11346 13395 11026 10304 10319 12559 345 24 9711 
7600 11205 13304 10898 10196 10184 12480 349 29 9627 
7700 11258 13373 11033 10337 10314 12560 360 16 9703 
7800 11264 13351 10984 10243 10283 12519 378 35 9692 
7900 11281 13448 10952 10282 10349 12580 378 27 9667 
8000 11203 13456 11005 10095 10239 12509 388 28 9537 
8100 11227 13456 11107 10212 10259 12588 383 21 9620 
8200 11254 13478 11207 10341 10416 12663 355 26 9827 
8300 11283 13485 11101 10318 10443 12607 457 24 9853 
8400 11303 13555 11124 10281 10367 12684 604 15 9720 
8500 11332 13426 11008 10174 10285 12587 673 21 9711 
8600 11312 13435 11143 10279 10408 12633 779 20 9785 
8700 11312 13414 11076 10162 10301 12592 980 20 9714 
8800 11369 13442 11189 10274 10398 12625 1138 19 9801 
8900 11305 13414 11157 10339 10416 12522 1352 18 9855 
9000 11301 13457 11161 10266 10388 12661 1706 27 9734 
9100 11337 13409 11170 10229 10363 12590 1860 18 9759 
9200 11491 13492 11171 10387 10477 12686 2258 22 9834 
9300 11274 13457 11115 10214 10295 12650 2552 29 9643 
9400 11529 13503 11341 10503 10632 12692 2856 52 9979 
9500 11367 13469 11168 10372 10458 12613 3232 94 9835 
9600 11578 13535 11315 10599 10646 12736 3670 139 9984 
9700 11557 13527 11372 10567 10691 12734 4201 380 9999 
9800 11543 13492 11276 10373 10510 12602 4554 496 9868 
9900 11541 13448 11234 10399 10514 12631 5089 649 9872 
10000 11457 13412 11294 10287 10395 12536 5449 859 9781 
