# Avida tasks data
# Fri Apr 21 08:19:32 2023
# First column gives the current update, next columns give the number
# of organisms that have the particular task as a component of their merit
#  1: Update
#  2: Not
#  3: Nand
#  4: And
#  5: OrNot
#  6: Or
#  7: AndNot
#  8: Nor
#  9: Xor
# 10: Equals

0 0 0 0 0 0 0 0 0 0 
100 0 0 0 0 0 0 0 0 0 
200 0 0 0 0 0 0 0 0 0 
300 0 0 0 0 0 0 0 0 0 
400 0 0 0 0 0 0 0 0 0 
500 0 0 0 0 0 0 0 0 0 
600 0 0 0 0 0 0 0 0 0 
700 2 0 0 0 0 0 0 0 0 
800 3 0 0 0 0 0 0 0 0 
900 53 0 0 0 0 0 0 0 0 
1000 267 21 0 0 0 0 0 0 0 
1100 540 54 0 35 0 0 0 0 0 
1200 769 175 0 895 0 0 0 0 0 
1300 1562 1483 0 2428 6 0 0 0 0 
1400 2985 2885 0 3800 50 0 0 0 0 
1500 4193 4221 0 4926 112 0 0 0 0 
1600 5088 5411 0 6136 305 0 0 0 0 
1700 6220 6671 2 7493 555 0 0 0 0 
1800 7058 7648 0 8788 945 0 0 0 0 
1900 7813 8447 0 9878 1324 0 0 0 0 
2000 8263 8755 21 10879 2045 0 0 0 0 
2100 8830 8899 454 11868 2664 3 0 0 0 
2200 9561 9073 1038 12360 3218 8 0 0 0 
2300 9782 9223 1943 12824 3701 31 0 0 0 
2400 10226 9461 3001 12988 3660 48 0 0 0 
2500 10362 9837 4058 13030 3457 81 0 0 0 
2600 10383 10146 5165 13022 3103 101 0 0 0 
2700 10583 10160 6313 13067 2900 112 0 0 0 
2800 10845 10175 7489 13140 2744 117 0 0 0 
2900 11104 10351 8469 13134 2586 146 0 0 0 
3000 11217 10216 9356 13140 2280 587 315 0 0 
3100 11311 9004 9690 13087 2125 1037 1979 0 0 
3200 11388 7250 9895 13036 3472 787 3784 0 0 
3300 11497 5972 10056 13150 4895 550 5282 0 0 
3400 11676 4962 10270 13226 6119 452 6553 0 0 
3500 11824 4094 10379 13270 7269 462 7467 0 0 
3600 11873 3373 10654 13227 8316 494 8336 0 0 
3700 12050 2858 10893 13251 9185 572 9117 0 0 
3800 12199 2482 11294 13325 10176 507 10073 0 0 
3900 12311 2265 11414 13298 10686 511 10688 0 0 
4000 12360 2302 11704 13329 11056 601 11084 0 0 
4100 12457 2485 11914 13361 11387 867 11443 0 0 
4200 12514 2681 12181 13349 11526 1536 11606 0 0 
4300 12641 2859 12348 13316 11896 2277 11959 0 0 
4400 12728 3165 12471 13318 12002 3010 12098 0 0 
4500 12688 3462 12630 13382 12058 3864 12153 0 0 
4600 12750 3648 12601 13314 12089 4651 12189 0 0 
4700 12719 3733 12581 13211 12028 5531 12252 0 0 
4800 12698 3764 12642 13255 12157 6363 12251 0 0 
4900 12794 3694 12606 13247 12199 7098 12351 0 0 
5000 12780 3920 12631 13236 12135 7595 12267 0 0 
5100 12765 4270 12663 13218 12156 8370 12243 0 0 
5200 12767 4678 12654 13246 12146 9075 12362 0 0 
5300 12619 5125 12524 13190 12043 9464 12183 0 0 
5400 12632 5440 12594 13194 12022 9890 12224 0 0 
5500 12723 5809 12616 13178 12073 10264 12289 0 0 
5600 12689 6249 12521 13135 12083 10502 12271 0 0 
5700 12800 6551 12577 13236 12177 10844 12375 0 0 
5800 12677 7118 12478 13104 12102 11092 12256 0 0 
5900 12710 7600 12531 13136 12115 11340 12249 0 0 
6000 12785 8162 12599 13214 12161 11540 12238 0 0 
6100 12687 8534 12496 13150 12045 11726 12188 0 0 
6200 12651 8933 12470 13185 11981 11760 12179 0 0 
6300 12633 9564 12430 13134 12061 11844 12162 0 0 
6400 12676 10030 12459 13082 12064 11989 12235 0 0 
6500 12739 10511 12432 13183 12036 12078 12305 0 0 
6600 12742 10907 12498 13188 12120 12126 12252 11 0 
6700 12764 11196 12357 13163 12042 12180 12216 50 0 
6800 12808 11485 12261 13242 12112 12133 12296 204 0 
6900 12864 11843 11965 13189 12157 12235 12254 408 0 
7000 12717 11868 11725 13205 12087 12141 12244 634 2 
7100 12865 12216 11461 13346 12180 12276 12277 991 0 
7200 12840 12395 10977 13226 12154 12216 12302 1319 0 
7300 12850 12309 10348 13150 12009 12338 12216 1805 119 
7400 12904 11678 9231 13106 11427 12290 12318 2841 763 
7500 12815 10618 7978 13017 10224 12306 12270 3812 1733 
7600 12910 9610 6905 13050 9145 12386 12391 4700 2815 
7700 12992 8960 5839 12903 8257 12353 12473 5592 3749 
7800 12820 8713 5067 12818 7160 12172 12260 6191 4602 
7900 12916 8323 4141 12825 6160 12093 12381 6914 5725 
8000 12963 8277 3461 12722 5131 12234 12448 7648 6675 
8100 13003 8202 2802 12657 4185 12197 12458 8136 7425 
8200 12951 8355 2321 12608 3607 12123 12446 8392 7940 
8300 12941 8327 1879 12605 2956 12118 12417 8872 8624 
8400 12982 8697 1525 12528 2553 12087 12481 9200 9043 
8500 13017 8981 1278 12506 2206 12091 12517 9483 9399 
8600 12975 9443 1182 12557 1995 12011 12488 9729 9729 
8700 13100 9639 1157 12573 1788 12092 12594 10031 10020 
8800 13093 9976 1310 12561 1641 11969 12538 10059 10057 
8900 12983 10101 1476 12571 1826 11877 12530 10052 10070 
9000 12966 10132 1744 12468 2110 11758 12467 9990 10014 
9100 13054 10122 1958 12572 2473 11717 12544 10193 10220 
9200 13014 10095 2273 12547 2982 11545 12541 10305 10281 
9300 13001 9999 2620 12568 3323 11519 12460 10330 10335 
9400 12972 10083 3016 12554 3840 11585 12535 10348 10388 
9500 12952 10323 3452 12591 4141 11615 12499 10299 10323 
9600 13027 10289 3760 12596 4415 11635 12500 10241 10265 
9700 13058 10397 4301 12691 4758 11819 12546 10380 10415 
9800 13059 10412 4658 12559 5039 11790 12489 10328 10342 
9900 13025 10429 5115 12554 5409 11882 12511 10311 10304 
10000 13135 10589 5559 12627 5798 11992 12503 10389 10424 
