# Avida tasks data
# Fri Apr 21 21:21:12 2023
# First column gives the current update, next columns give the number
# of organisms that have the particular task as a component of their merit
#  1: Update
#  2: Not
#  3: Nand
#  4: And
#  5: OrNot
#  6: Or
#  7: AndNot
#  8: Nor
#  9: Xor
# 10: Equals

0 0 0 0 0 0 0 0 0 0 
100 0 0 0 0 0 0 0 0 0 
200 0 0 0 0 0 0 0 0 0 
300 0 0 0 0 0 0 0 0 0 
400 0 0 0 0 0 0 0 0 0 
500 0 0 0 0 0 0 0 0 0 
600 0 0 0 0 0 0 0 0 0 
700 386 0 0 0 0 0 0 0 0 
800 3200 0 0 0 0 0 0 0 0 
900 5517 430 0 9 0 0 0 0 0 
1000 6712 1919 0 962 1 0 0 0 0 
1100 7698 3640 3 3408 3 0 0 0 0 
1200 8670 5420 0 5264 8 0 0 0 0 
1300 9932 7368 0 7228 13 0 0 0 0 
1400 11044 9158 491 9045 12 1 0 0 0 
1500 11669 10310 2002 10185 25 10 0 0 0 
1600 12050 11200 3595 11107 25 26 0 0 0 
1700 12489 11978 4899 11872 29 45 0 0 0 
1800 12643 12509 6512 12394 45 42 0 0 0 
1900 12753 12826 7702 12710 38 83 0 0 0 
2000 12865 13008 8868 12765 15 115 0 0 0 
2100 12904 13031 9894 12902 20 219 4 0 0 
2200 12895 13045 10648 12872 26 399 2 0 0 
2300 12905 13104 11234 12918 27 571 0 0 0 
2400 12973 13071 11749 12900 28 812 0 0 0 
2500 12963 13154 12087 12935 37 1199 0 0 0 
2600 13044 13211 12422 12999 37 1608 0 0 0 
2700 13108 13212 12522 12994 32 2212 2 0 0 
2800 13037 13199 12646 12942 56 2684 1 0 0 
2900 13094 13193 12714 12961 44 3153 0 57 0 
3000 13069 13196 12684 12947 89 3550 2 155 0 
3100 13094 13149 12510 12914 183 3935 1 454 0 
3200 13115 13309 12674 13002 230 4129 6 903 0 
3300 12983 13247 12695 12934 286 4147 2 1472 0 
3400 13095 13311 12666 12913 569 4479 1 2015 0 
3500 13075 13310 12591 12904 724 4786 5 2593 0 
3600 13158 13362 12720 12961 1069 5164 4 3161 0 
3700 13109 13338 12602 12798 1299 5557 3 3796 0 
3800 13148 13419 12667 12807 1726 5983 0 4529 0 
3900 13055 13305 12534 12766 2027 6269 1 4931 0 
4000 13120 13351 12464 12872 2342 6759 0 5396 0 
4100 13113 13421 12574 12745 2811 7063 3 6164 0 
4200 13073 13383 12486 12836 3303 7353 1 6650 0 
4300 13063 13395 12565 12775 3666 7764 4 7163 0 
4400 13112 13435 12454 12700 4101 8153 1 7659 0 
4500 13080 13446 12546 12720 4618 8582 2 8232 0 
4600 13076 13445 12445 12719 4977 8704 1 8695 0 
4700 13164 13570 12501 12667 5171 9060 0 9306 0 
4800 13130 13503 12530 12647 5751 9463 62 9622 0 
4900 13175 13540 12551 12664 5945 9680 203 10013 0 
5000 13153 13560 12537 12534 6182 9977 398 10279 0 
5100 13152 13588 12504 12541 6216 10027 702 10448 0 
5200 13195 13556 12520 12537 6338 9963 1088 10628 0 
5300 13125 13494 12443 12464 6357 9967 1443 10745 0 
5400 13131 13598 12614 12404 6485 10060 1777 11056 0 
5500 13171 13586 12505 12448 6473 10074 2180 11047 0 
5600 13215 13510 12371 12377 6490 10012 2616 11071 2 
5700 13225 13560 12415 12446 6315 9951 3109 11247 66 
5800 13124 13597 12528 12371 6313 9118 3119 11441 930 
5900 13122 13579 12536 12308 6004 7720 3656 11496 2299 
6000 13047 13579 12540 12224 5037 6232 4720 11485 3673 
6100 12972 13581 12517 12274 3950 4916 6125 11434 4962 
6200 13003 13537 12528 12266 2976 3889 7369 11466 6037 
6300 13043 13590 12525 12226 2070 3076 8396 11378 6918 
6400 13059 13567 12555 12235 1252 2291 9539 10341 7897 
6500 12998 13563 12490 12200 991 1932 9837 10896 8221 
6600 13056 13544 12560 12125 854 1695 10049 11315 8525 
6700 13072 13520 12507 12100 736 1431 10415 11425 8819 
6800 13046 13552 12496 12035 683 1273 10483 11377 8849 
6900 13073 13527 12515 12131 662 1193 10650 11461 9078 
7000 13058 13526 12460 12069 562 1088 10722 11429 9127 
7100 13081 13450 12441 12062 566 1068 10768 11443 9184 
7200 13071 13506 12422 12040 479 856 10971 11387 9394 
7300 13074 13503 12420 12043 479 855 10973 11386 9396 
7400 13067 13488 12410 12041 470 846 10968 11371 9398 
7500 13083 13492 12384 12043 343 659 11119 11347 9653 
7600 13063 13513 12439 11958 297 561 11260 11391 9797 
7700 13119 13530 12531 12014 225 433 11414 11485 10000 
7800 13073 13473 12445 11951 206 391 11418 11415 10027 
7900 13098 13475 12390 12008 206 439 11539 11307 9971 
8000 13105 13537 12427 12106 193 411 11610 11409 10118 
8100 13114 13531 12434 12103 216 412 11596 11384 10065 
8200 13114 13539 12446 12096 217 414 11587 11392 10067 
8300 13124 13535 12435 12103 216 410 11593 11396 10072 
8400 13118 13538 12430 12103 217 418 11591 11390 10065 
8500 13121 13536 12421 12100 221 423 11599 11385 10067 
8600 13125 13535 12416 12097 220 420 11591 11383 10065 
8700 13111 13529 12411 12084 216 418 11576 11385 10061 
8800 13120 13533 12417 12087 217 414 11573 11388 10063 
8900 13114 13536 12422 12089 219 416 11580 11399 10065 
9000 13104 13527 12410 12084 218 415 11574 11389 10057 
9100 13114 13523 12401 12082 218 412 11583 11376 10051 
9200 13120 13524 12399 12088 218 413 11592 11374 10049 
9300 13096 13580 12441 11983 199 422 11446 11465 10016 
9400 13129 13530 12500 12024 182 389 11598 11499 10157 
9500 13128 13531 12493 12025 183 389 11598 11484 10137 
9600 13128 13532 12490 12023 185 389 11598 11480 10131 
9700 13134 13539 12490 12024 185 395 11609 11489 10140 
9800 13124 13542 12490 12005 184 405 11597 11490 10122 
9900 13133 13544 12483 12018 185 408 11600 11481 10114 
10000 13132 13543 12490 12024 187 407 11608 11486 10125 
