# Avida tasks data
# Fri Apr 21 16:54:21 2023
# First column gives the current update, next columns give the number
# of organisms that have the particular task as a component of their merit
#  1: Update
#  2: Not
#  3: Nand
#  4: And
#  5: OrNot
#  6: Or
#  7: AndNot
#  8: Nor
#  9: Xor
# 10: Equals

0 0 0 0 0 0 0 0 0 0 
100 0 0 0 0 0 0 0 0 0 
200 0 0 0 0 0 0 0 0 0 
300 0 0 0 0 0 0 0 0 0 
400 0 0 0 0 0 0 0 0 0 
500 0 0 0 0 0 0 0 0 0 
600 413 0 0 41 0 0 0 0 0 
700 1133 153 0 353 10 0 0 0 0 
800 3043 2484 0 2189 2 0 0 0 0 
900 5533 5453 0 4615 2 0 0 0 0 
1000 7622 7967 0 6796 2 0 0 0 0 
1100 9295 10071 0 8498 7 0 0 0 0 
1200 10152 11036 0 9462 5 0 0 0 0 
1300 10698 11751 0 10111 6 3 0 0 0 
1400 11157 12383 0 10551 1 0 0 0 0 
1500 11641 12824 0 11023 1 0 0 0 0 
1600 11891 13183 0 11228 12 1 0 0 0 
1700 12158 13413 0 11587 2 0 0 0 0 
1800 12224 13467 0 11711 8 0 0 0 0 
1900 12126 13500 0 11537 6 2 0 0 0 
2000 12198 13489 0 11661 6 0 0 0 0 
2100 12287 13467 0 11780 5 0 0 0 0 
2200 12239 13547 0 11632 6 0 0 0 0 
2300 12269 13527 0 11765 11 0 0 0 0 
2400 12329 13540 0 11744 6 0 0 0 0 
2500 12269 13472 0 11825 6 3 0 0 0 
2600 12271 13505 0 11703 4 10 0 0 0 
2700 12304 13539 0 11675 9 4 0 0 0 
2800 12300 13518 0 11711 4 4 0 0 0 
2900 12412 13579 0 11980 10 2 0 0 0 
3000 12211 13521 0 11693 9 0 0 0 0 
3100 12349 13534 0 11913 10 0 0 0 0 
3200 12383 13508 0 11799 3 5 0 0 0 
3300 12393 13537 0 11818 1 4 0 0 0 
3400 12386 13567 0 11807 8 11 0 0 0 
3500 12422 13552 0 11903 12 2 0 0 0 
3600 12534 13517 0 11866 6 0 0 0 0 
3700 12463 13454 0 11980 8 0 0 0 0 
3800 12500 13581 0 11957 5 0 0 0 0 
3900 12355 13503 0 11881 16 0 0 0 0 
4000 12490 13562 0 11932 9 0 0 0 0 
4100 12383 13470 0 11924 7 0 0 0 0 
4200 12523 13601 0 12014 6 0 0 0 0 
4300 12451 13499 0 11949 7 0 0 0 0 
4400 12485 13531 0 12016 5 0 0 0 0 
4500 12482 13624 0 12027 4 1 0 0 0 
4600 12489 13603 0 12069 1 0 0 0 0 
4700 12445 13586 0 12106 6 0 0 0 0 
4800 12569 13565 0 12128 2 0 0 0 0 
4900 12550 13573 0 12044 7 0 0 0 0 
5000 12527 13618 0 12066 12 0 0 0 0 
5100 12537 13587 1 12036 11 0 0 0 0 
5200 12528 13571 0 12050 5 0 0 0 0 
5300 12578 13644 0 12093 7 2 0 0 0 
5400 12566 13632 0 12108 6 2 0 0 0 
5500 12573 13576 0 12109 4 2 0 0 0 
5600 12523 13575 0 12194 4 0 0 0 0 
5700 12428 13586 0 12093 6 0 0 0 0 
5800 12527 13578 2 12130 9 0 0 0 0 
5900 12577 13552 0 12160 3 1 0 0 0 
6000 12586 13612 0 12198 4 0 0 0 0 
6100 12709 13642 0 12221 6 0 0 0 0 
6200 12604 13640 0 12253 6 0 0 0 0 
6300 12605 13586 0 12187 8 1 0 0 0 
6400 12514 13631 0 12182 4 0 0 0 0 
6500 12590 13626 1 12188 4 0 0 0 0 
6600 12612 13671 0 12247 4 0 0 0 0 
6700 12641 13640 0 12289 11 2 0 0 0 
6800 12585 13660 0 12106 9 0 0 0 0 
6900 12551 13623 0 12173 10 0 0 0 0 
7000 12653 13679 0 12297 8 0 0 0 0 
7100 12535 13633 0 12132 1 3 0 0 0 
7200 12644 13673 1 12191 7 1 0 0 0 
7300 12583 13639 0 12262 8 0 0 0 0 
7400 12593 13707 0 12265 5 0 0 0 0 
7500 12592 13585 0 12227 13 1 0 0 0 
7600 12712 13675 0 12252 4 1 0 0 0 
7700 12571 13652 0 12196 6 0 0 0 0 
7800 12647 13679 2 12200 11 0 0 0 0 
7900 12636 13597 0 12263 9 0 0 0 0 
8000 12640 13588 0 12227 12 0 0 0 0 
8100 12768 13645 0 12358 11 0 0 0 0 
8200 12625 13634 0 12213 11 1 0 0 0 
8300 12722 13660 0 12271 10 0 0 0 0 
8400 12678 13627 0 12244 7 2 0 0 0 
8500 12760 13704 0 12364 4 0 0 0 0 
8600 12775 13636 0 12363 10 0 0 0 0 
8700 12684 13575 0 12337 10 6 0 0 0 
8800 12640 13596 0 12277 7 1 0 0 0 
8900 12633 13575 0 12187 15 1 0 0 0 
9000 12739 13691 0 12357 11 2 2 0 0 
9100 12737 13644 0 12378 0 2 0 0 0 
9200 12715 13623 0 12384 3 4 2 0 0 
9300 12774 13635 0 12344 2 0 0 0 0 
9400 12697 13627 0 12307 4 0 0 0 0 
9500 12761 13682 1 12405 3 0 0 0 0 
9600 12738 13642 0 12367 9 1 0 0 0 
9700 12696 13597 0 12269 6 0 0 0 0 
9800 12780 13639 0 12312 9 0 0 0 0 
9900 12771 13636 0 12363 6 3 0 0 0 
10000 12731 13657 0 12416 3 0 0 0 0 
