# Avida tasks data
# Fri Apr 21 09:58:18 2023
# First column gives the current update, next columns give the number
# of organisms that have the particular task as a component of their merit
#  1: Update
#  2: Not
#  3: Nand
#  4: And
#  5: OrNot
#  6: Or
#  7: AndNot
#  8: Nor
#  9: Xor
# 10: Equals

0 0 0 0 0 0 0 0 0 0 
100 0 0 0 0 0 0 0 0 0 
200 0 0 0 0 0 0 0 0 0 
300 0 0 0 0 0 0 0 0 0 
400 7 2 0 0 0 0 0 0 0 
500 31 7 0 0 0 0 0 0 0 
600 37 19 0 34 0 0 0 0 0 
700 49 145 0 1545 1 0 0 0 0 
800 93 822 0 3383 1 0 0 0 0 
900 391 1906 0 5135 180 0 0 0 0 
1000 1341 2399 7 6661 1432 151 0 0 0 
1100 2622 2132 58 7364 2832 2225 3 0 0 
1200 4417 2101 102 8365 4397 4056 5 0 0 
1300 6667 2453 152 10028 6426 6287 4 0 0 
1400 8236 3080 161 11238 8003 7898 2 0 0 
1500 8983 3724 177 11554 8818 8798 6 0 0 
1600 9708 4407 202 11778 9544 9451 4 0 0 
1700 10316 5150 295 11949 10109 10040 3 0 0 
1800 10819 5640 469 12167 10700 10460 9 0 0 
1900 11135 6059 601 12275 11080 10674 3 0 0 
2000 11397 6495 763 12312 11375 10730 11 0 0 
2100 11558 6931 951 12341 11551 10695 9 0 0 
2200 11862 7278 1141 12430 11719 10744 12 0 0 
2300 11899 7559 1356 12452 11834 10723 17 0 0 
2400 12106 8143 1547 12543 11937 10658 10 0 0 
2500 12057 8540 1730 12550 11946 10506 11 0 0 
2600 12057 8996 1860 12512 12027 10487 8 0 0 
2700 12141 9509 2088 12543 12037 10276 4 0 0 
2800 12191 10069 2209 12563 12122 10139 9 0 0 
2900 12148 10497 2337 12536 12073 10000 10 0 0 
3000 12195 10902 2429 12537 12065 9890 4 0 0 
3100 11889 11256 2890 12508 12012 9814 11 0 0 
3200 11007 11579 3751 12435 11967 9991 7 0 0 
3300 10373 11827 4628 12524 12053 10393 9 0 0 
3400 10330 12139 5590 12575 12177 10708 6 0 0 
3500 10269 12274 6353 12617 12197 10972 7 0 0 
3600 10465 12383 7169 12552 12119 11141 6 0 0 
3700 10902 12576 7878 12637 12229 11382 6 0 0 
3800 11111 12676 8635 12582 12208 11612 1 0 0 
3900 11189 12811 9378 12610 12175 11830 3 0 0 
4000 11565 12903 10134 12638 12271 12038 3 0 0 
4100 11834 13026 10541 12640 12262 12116 3 0 0 
4200 12080 13149 10962 12679 12376 12337 4 0 0 
4300 12176 13140 11366 12625 12328 12463 6 0 0 
4400 12293 13236 11739 12685 12332 12570 6 0 0 
4500 12386 13312 12081 12791 12386 12699 3 0 0 
4600 12615 13353 12300 12746 12423 12659 0 0 0 
4700 12751 13461 12590 12753 12408 12721 2 0 2 
4800 12656 13489 12720 12817 12448 12837 3 0 0 
4900 12707 13535 12858 12808 12462 12801 4 0 0 
5000 12841 13457 12809 12762 12400 12751 2 0 0 
5100 12915 13455 12980 12772 12446 12829 2 0 0 
5200 12831 13433 12816 12764 12337 12698 1 0 0 
5300 12895 13435 12864 12788 12400 12736 5 0 0 
5400 12934 13471 12834 12873 12485 12737 3 0 0 
5500 12961 13524 12803 12786 12422 12749 2 0 17 
5600 12935 13490 12868 12750 12357 12849 0 0 46 
5700 12938 13549 12889 12857 12440 12889 2 0 122 
5800 12838 13496 12707 12814 12446 12813 2 0 173 
5900 12932 13443 12410 12852 12400 12749 11 0 309 
6000 13033 13441 12355 12793 12470 12827 7 0 430 
6100 12907 13469 12107 12918 12439 12808 12 1 666 
6200 12849 13515 11872 12923 12549 12807 7 0 865 
6300 13005 13577 11756 12882 12478 12907 17 0 1125 
6400 12996 13546 11770 12914 12414 12858 26 4 1536 
6500 13037 13547 11847 12971 12387 12920 330 349 2124 
6600 13076 13491 11996 12969 12273 12980 878 605 2707 
6700 13131 13499 12123 12970 12199 13011 1344 827 3219 
6800 13109 13394 12142 12997 12159 12951 1740 1253 3626 
6900 13114 13325 12210 12969 12175 12932 2253 1838 4056 
7000 13146 13258 12278 13024 12156 12928 2669 2455 4503 
7100 13150 13185 12288 13045 12110 12924 3168 2971 4894 
7200 13150 13130 12312 12999 12058 12893 3532 3418 5182 
7300 13072 12978 12290 12994 11936 12791 3757 3641 5384 
7400 13094 12978 12423 13015 11978 12841 4166 4117 5729 
7500 13109 12970 12484 13016 12053 12862 4582 4538 6066 
7600 13108 12871 12441 12986 11985 12827 4917 4866 6350 
7700 13085 12810 12482 13017 11951 12836 5247 5103 6566 
7800 13064 12705 12455 13015 11820 12774 5503 5309 6708 
7900 13014 12644 12445 13012 11816 12755 5805 5591 6917 
8000 13041 12584 12550 13009 11857 12710 6207 5898 7167 
8100 12973 12535 12554 12999 11847 12751 6590 6226 7413 
8200 12967 12433 12510 12952 11673 12623 6804 6431 7568 
8300 13018 12502 12573 13051 11841 12746 7184 6775 7863 
8400 12956 12439 12657 13073 11803 12728 7490 6980 8089 
8500 13030 12482 12639 13072 11823 12743 7854 7307 8364 
8600 12969 12387 12581 13084 11730 12702 8079 7452 8507 
8700 12959 12248 12528 13073 11721 12665 8331 7631 8642 
8800 12881 12185 12469 13034 11686 12609 8551 7819 8829 
8900 12889 12256 12583 13095 11715 12665 8895 8167 9143 
9000 12864 12149 12463 13035 11665 12579 9079 8326 9227 
9100 12882 12210 12530 13074 11715 12557 9386 8595 9467 
9200 12855 12170 12515 13095 11719 12666 9615 8804 9641 
9300 12900 12043 12454 13111 11731 12595 9751 8996 9774 
9400 12847 12039 12458 13101 11700 12610 9932 9083 9863 
9500 12890 12119 12483 13179 11825 12672 10247 9354 10126 
9600 12877 12071 12488 13102 11701 12609 10271 9498 10214 
9700 12831 11998 12425 13086 11625 12536 10352 9536 10222 
9800 12841 11932 12368 13107 11663 12576 10566 9638 10329 
9900 12882 11920 12382 13085 11645 12566 10631 9743 10423 
10000 12872 11916 12408 13056 11673 12543 10749 9816 10534 
