# Avida tasks data
# Fri Apr 21 14:25:04 2023
# First column gives the current update, next columns give the number
# of organisms that have the particular task as a component of their merit
#  1: Update
#  2: Not
#  3: Nand
#  4: And
#  5: OrNot
#  6: Or
#  7: AndNot
#  8: Nor
#  9: Xor
# 10: Equals

0 0 0 0 0 0 0 0 0 0 
100 0 0 0 0 0 0 0 0 0 
200 0 0 0 0 0 0 0 0 0 
300 0 0 0 0 0 0 0 0 0 
400 0 0 0 0 0 0 0 0 0 
500 0 0 0 0 0 0 0 0 0 
600 0 294 0 2 0 0 0 0 0 
700 108 1216 0 92 0 2 0 0 0 
800 2339 3191 0 2200 13 0 0 0 0 
900 4256 4933 2 3794 9 786 3 0 0 
1000 5028 5487 6 3428 1156 2159 4 0 0 
1100 5657 6223 11 2833 2592 3382 1 0 0 
1200 6596 7296 9 2675 4122 4884 7 0 0 
1300 7858 8691 9 2656 5783 6625 19 0 0 
1400 9008 10120 19 2981 7281 8287 14 0 0 
1500 9907 11282 14 3321 8612 9862 10 0 0 
1600 10978 12358 20 3750 9941 11247 15 0 0 
1700 11532 13010 22 4275 10782 12074 27 0 0 
1800 11638 13090 23 4969 10983 12301 12 0 0 
1900 11804 13227 21 5841 11229 12525 14 1 0 
2000 11767 13264 19 6505 11285 12592 15 1 0 
2100 11975 13231 27 7278 11364 12592 22 0 0 
2200 11934 13216 23 8111 11317 12552 22 0 0 
2300 12008 13311 20 9061 11461 12629 11 0 0 
2400 12130 13268 18 9770 11449 12606 18 0 0 
2500 11991 13194 19 10143 11358 12544 24 0 0 
2600 12040 13154 22 10720 11501 12502 16 0 0 
2700 12068 13217 23 10963 11446 12628 6 0 0 
2800 11997 13308 17 11159 11451 12679 20 0 0 
2900 12094 13273 35 11438 11502 12662 19 0 0 
3000 12043 13229 18 11485 11460 12590 15 0 0 
3100 12153 13291 18 11643 11577 12637 10 0 0 
3200 12160 13279 22 11574 11513 12602 20 0 0 
3300 12126 13192 19 11585 11490 12559 25 0 0 
3400 12116 13328 21 11608 11514 12697 15 0 0 
3500 12146 13224 26 11619 11449 12585 25 1 0 
3600 12322 13271 25 11790 11613 12649 19 0 0 
3700 12236 13272 33 11834 11649 12725 14 0 0 
3800 12227 13220 21 11719 11525 12674 10 0 0 
3900 12291 13299 17 11678 11631 12712 15 0 0 
4000 12274 13265 31 11749 11516 12732 9 0 0 
4100 12378 13220 24 11726 11608 12698 12 0 0 
4200 12335 13291 24 11694 11613 12716 17 0 0 
4300 12289 13237 18 11662 11541 12614 17 0 0 
4400 12296 13286 43 11742 11598 12774 15 0 0 
4500 12358 13255 20 11732 11644 12677 18 0 0 
4600 12308 13214 16 11728 11623 12672 12 0 0 
4700 12216 13311 29 11694 11521 12779 12 0 0 
4800 12343 13271 30 11702 11580 12708 10 0 0 
4900 12383 13232 28 11834 11726 12739 124 0 0 
5000 12353 13151 23 11778 11615 12625 409 0 0 
5100 12262 13265 44 11679 11521 12711 1126 0 0 
5200 12307 13244 47 11723 11583 12767 2009 0 0 
5300 12303 13391 26 11650 11538 12841 2894 0 0 
5400 12216 13276 46 11662 11413 12776 3860 0 0 
5500 12253 13211 33 11715 11551 12787 4910 0 0 
5600 12185 13279 51 11668 11476 12866 5657 0 0 
5700 12167 13316 61 11726 11486 12805 6544 0 0 
5800 12193 13272 72 11694 11438 12860 7283 0 0 
5900 12071 13235 71 11582 11405 12783 8059 0 0 
6000 12113 13291 72 11713 11436 12828 8711 0 0 
6100 12154 13280 67 11637 11456 12816 9215 0 0 
6200 12120 13234 77 11639 11392 12759 9786 0 0 
6300 12187 13271 76 11664 11490 12852 10257 0 0 
6400 12005 13259 77 11558 11314 12818 10431 0 0 
6500 12141 13271 68 11603 11418 12871 10852 0 0 
6600 12087 13282 92 11628 11415 12910 11140 0 0 
6700 12037 13281 71 11665 11386 12906 11311 0 0 
6800 12070 13365 58 11705 11401 12959 11305 0 0 
6900 12206 13325 82 11786 11516 12906 11463 0 0 
7000 12109 13321 83 11681 11445 12892 11392 0 0 
7100 12120 13273 83 11706 11421 12877 11349 0 0 
7200 12176 13293 71 11766 11483 12838 11511 0 0 
7300 12031 13275 56 11637 11343 12834 11307 0 0 
7400 12141 13356 67 11700 11455 12924 11430 0 0 
7500 12039 13342 84 11687 11357 12938 11372 0 0 
7600 12045 13379 99 11746 11410 12971 11408 0 0 
7700 12127 13365 66 11697 11396 12988 11337 0 0 
7800 12137 13336 91 11741 11541 12933 11422 0 0 
7900 12246 13349 96 11799 11611 13000 11541 0 0 
8000 12178 13379 68 11785 11490 12990 11570 0 0 
8100 12181 13337 65 11632 11465 12959 11437 0 0 
8200 12110 13325 78 11743 11492 12941 11454 0 0 
8300 12243 13313 87 11865 11598 12915 11569 0 0 
8400 12124 13339 72 11787 11475 12945 11518 0 0 
8500 12228 13338 81 11739 11560 12974 11581 0 0 
8600 12080 13303 180 11663 11467 12924 11495 0 0 
8700 12136 13337 239 11749 11561 12967 11562 0 0 
8800 12164 13377 400 11782 11537 12956 11502 0 0 
8900 12164 13320 495 11809 11568 12887 11567 0 0 
9000 12132 13371 665 11758 11585 12960 11614 0 0 
9100 12084 13325 863 11697 11429 12958 11434 0 0 
9200 12187 13342 1149 11746 11603 12959 11525 0 0 
9300 12217 13353 1416 11805 11572 12945 11492 0 0 
9400 12031 13343 1740 11623 11443 12948 11429 0 0 
9500 12199 13326 2033 11848 11665 13003 11602 0 0 
9600 12112 13363 2429 11748 11513 12974 11450 0 0 
9700 12151 13338 2823 11774 11596 12969 11530 0 0 
9800 12196 13427 3329 11835 11666 13000 11620 0 0 
9900 12163 13386 3838 11781 11605 12939 11530 0 0 
10000 12197 13383 4330 11848 11660 12925 11617 0 0 
