# Avida tasks data
# Fri Apr 21 19:24:20 2023
# First column gives the current update, next columns give the number
# of organisms that have the particular task as a component of their merit
#  1: Update
#  2: Not
#  3: Nand
#  4: And
#  5: OrNot
#  6: Or
#  7: AndNot
#  8: Nor
#  9: Xor
# 10: Equals

0 0 0 0 0 0 0 0 0 0 
100 0 0 0 0 0 0 0 0 0 
200 0 0 0 0 0 0 0 0 0 
300 0 0 0 0 0 0 0 0 0 
400 0 0 0 0 0 0 0 0 0 
500 0 0 0 0 0 0 0 0 0 
600 0 0 0 0 0 0 0 0 0 
700 0 0 0 0 0 0 0 0 0 
800 71 0 0 0 0 0 0 0 0 
900 2058 2088 2 4 0 0 0 0 0 
1000 3592 3673 17 11 0 0 0 0 0 
1100 5435 5501 17 85 0 0 0 0 0 
1200 7441 7565 44 217 0 1 0 0 0 
1300 9471 9636 60 584 0 383 0 0 0 
1400 11223 11360 49 1036 1 2629 0 0 0 
1500 12228 12250 269 2149 18 4687 0 0 0 
1600 12424 12529 1109 3393 379 6419 7 0 0 
1700 12626 12631 2568 3732 2199 7404 2 0 0 
1800 12692 12787 3984 3923 3971 8375 7 0 0 
1900 12760 12912 5020 4102 5420 9155 7 0 0 
2000 12773 13045 6001 4181 6744 9871 3 0 0 
2100 12782 13162 6918 4230 8067 10516 5 0 0 
2200 12828 13239 7507 4521 8959 11041 7 0 0 
2300 12897 13328 8084 4862 9825 11577 7 0 0 
2400 12899 13402 8665 5276 10583 12022 9 0 0 
2500 12917 13510 8869 5496 11087 12268 6 0 0 
2600 12945 13645 9215 5981 11617 12388 18 0 0 
2700 13001 13701 9571 6331 11975 12535 12 0 0 
2800 12900 13663 9590 6671 12183 12522 12 0 0 
2900 13053 13761 9760 7115 12488 12718 11 0 0 
3000 12934 13837 10066 7420 12644 12744 8 0 0 
3100 12949 13795 10024 8072 12749 12820 10 0 35 
3200 12980 13846 10139 8547 12709 12827 5 0 138 
3300 12940 13921 10158 9023 12560 12797 6 0 323 
3400 13071 13834 10106 9345 12157 12836 1 0 607 
3500 13047 13874 9479 8745 12375 12775 14 0 1460 
3600 13072 13906 8288 8279 12629 12720 17 9 2834 
3700 13027 13834 7179 8039 12626 12596 32 4 3929 
3800 12954 13755 6285 8145 12655 12520 41 10 4767 
3900 13016 13779 5514 8432 12783 12422 44 5 5736 
4000 13063 13800 5067 8787 12785 12403 43 9 6466 
4100 13059 13788 4785 8997 12809 12278 65 39 7107 
4200 13074 13764 4574 9277 12800 12293 66 42 7758 
4300 13057 13719 4513 9513 12786 12182 120 83 8275 
4400 13158 13763 4464 9817 12801 12211 101 82 8856 
4500 12990 13648 4210 9896 12639 11951 90 84 9219 
4600 13050 13655 4313 10141 12585 11944 93 134 9646 
4700 13070 13658 4156 10366 12649 11952 95 198 10148 
4800 13148 13635 4121 10513 12644 12014 89 317 10379 
4900 13122 13660 4099 10748 12660 12020 73 446 10688 
5000 13137 13662 3913 10869 12625 11905 78 659 10840 
5100 13136 13649 3659 10955 12584 11839 64 865 11013 
5200 13161 13651 3444 10979 12607 11769 105 1165 11127 
5300 13249 13702 3299 11132 12711 11909 104 1491 11375 
5400 13119 13618 3107 11057 12642 11757 96 1860 11435 
5500 13096 13578 2906 11122 12511 11585 123 2117 11335 
5600 13122 13536 2861 11239 12514 11548 93 2324 11464 
5700 13071 13507 2800 11225 12540 11567 103 2697 11456 
5800 13089 13470 2625 11146 12481 11475 107 3048 11345 
5900 13170 13577 2525 11298 12529 11525 136 3591 11513 
6000 13241 13602 2408 11322 12604 11642 98 4066 11556 
6100 13192 13541 2316 11197 12520 11591 94 4473 11455 
6200 13220 13578 2051 11355 12503 11455 89 4952 11353 
6300 13249 13548 1799 11295 12496 11423 95 5588 11370 
6400 13244 13547 1598 11390 12567 11484 100 6187 11382 
6500 13161 13514 1310 11269 12469 11344 145 6729 11191 
6600 13243 13617 1150 11230 12610 11460 113 7341 11319 
6700 13229 13562 1035 11164 12486 11291 130 7660 11251 
6800 13294 13575 991 11129 12580 11327 114 7999 11305 
6900 13386 13539 757 11075 12451 11221 116 8295 11124 
7000 13392 13560 673 11197 12564 11369 114 8760 11227 
7100 13345 13542 539 11176 12500 11289 141 9031 11222 
7200 13374 13524 415 11082 12451 11190 106 9260 10975 
7300 13296 13521 334 11214 12532 11318 99 9651 11210 
7400 13369 13568 280 11183 12565 11338 116 9878 11210 
7500 13335 13563 287 11017 12410 11139 112 9819 10942 
7600 13328 13495 234 11141 12501 11309 79 9977 10991 
7700 13359 13587 163 11233 12510 11357 93 10272 11181 
7800 13346 13579 159 11241 12473 11333 81 10365 11143 
7900 13329 13564 158 11180 12473 11323 81 10506 11124 
8000 13415 13561 102 11143 12472 11172 89 10451 11092 
8100 13407 13581 112 11273 12522 11304 92 10485 11099 
8200 13410 13597 100 11099 12519 11236 123 10421 11094 
8300 13469 13577 99 11091 12539 11285 72 10491 11114 
8400 13361 13600 119 11145 12510 11216 76 10424 10999 
8500 13408 13609 108 11180 12527 11298 86 10505 11138 
8600 13364 13552 100 11157 12429 11258 93 10451 11067 
8700 13435 13545 109 11153 12425 11270 95 10400 11029 
8800 13409 13566 87 11150 12383 11249 115 10384 11022 
8900 13469 13609 108 11260 12513 11256 324 10479 11131 
9000 13386 13530 108 11139 12466 11190 680 10407 11079 
9100 13433 13622 124 11274 12566 11317 1228 10549 11216 
9200 13434 13584 127 11257 12546 11338 1836 10418 11160 
9300 13413 13595 110 11141 12536 11278 2585 10427 11080 
9400 13378 13519 108 11233 12455 11248 3205 10377 11076 
9500 13385 13613 112 11255 12531 11284 3815 10463 11124 
9600 13376 13517 114 11277 12475 11246 4551 10538 11083 
9700 13440 13551 117 11213 12403 11191 5200 10386 11019 
9800 13419 13536 131 11196 12455 11298 5948 10397 11038 
9900 13375 13541 125 11060 12440 11271 6468 10337 10977 
10000 13360 13556 121 11089 12463 11314 7205 10511 11091 
