# Avida tasks data
# Fri Apr 21 08:49:13 2023
# First column gives the current update, next columns give the number
# of organisms that have the particular task as a component of their merit
#  1: Update
#  2: Not
#  3: Nand
#  4: And
#  5: OrNot
#  6: Or
#  7: AndNot
#  8: Nor
#  9: Xor
# 10: Equals

0 0 0 0 0 0 0 0 0 0 
100 0 0 0 0 0 0 0 0 0 
200 0 0 0 0 0 0 0 0 0 
300 0 0 0 0 0 0 0 0 0 
400 0 0 0 0 0 0 0 0 0 
500 0 0 0 0 0 0 0 0 0 
600 4 0 0 0 0 0 0 0 0 
700 106 0 0 0 0 0 0 0 0 
800 346 2 0 0 0 0 0 0 0 
900 847 41 0 0 0 0 0 0 0 
1000 899 1737 519 1968 7 1225 9 0 0 
1100 708 3644 2007 4007 11 1566 3 0 0 
1200 568 4888 3989 5432 31 913 4 0 0 
1300 656 6070 5515 6841 22 668 4 0 0 
1400 661 6493 6729 7947 37 500 5 0 0 
1500 809 6292 8113 9386 29 453 6 0 0 
1600 796 5925 8975 10179 39 344 8 0 0 
1700 911 5765 9569 10734 44 276 4 0 0 
1800 993 5915 9932 11161 40 248 7 0 0 
