# Avida tasks data
# Fri Apr 21 04:50:19 2023
# First column gives the current update, next columns give the number
# of organisms that have the particular task as a component of their merit
#  1: Update
#  2: Not
#  3: Nand
#  4: And
#  5: OrNot
#  6: Or
#  7: AndNot
#  8: Nor
#  9: Xor
# 10: Equals

0 0 0 0 0 0 0 0 0 0 
100 0 0 0 0 0 0 0 0 0 
200 0 0 0 0 0 0 0 0 0 
300 0 0 0 0 0 0 0 0 0 
400 0 0 0 0 0 0 0 0 0 
500 0 0 0 0 0 0 0 0 0 
600 2 0 0 0 0 0 0 0 0 
700 0 0 0 0 0 0 0 0 0 
800 20 9 0 0 0 0 0 0 0 
900 46 45 0 0 0 0 0 0 0 
1000 126 148 0 26 0 0 0 0 0 
1100 259 190 0 278 0 0 0 0 0 
1200 553 925 0 1163 0 0 0 0 0 
1300 1104 2303 3 2502 0 0 0 0 0 
1400 2310 3750 0 3754 0 0 149 0 0 
1500 3555 5228 309 4215 0 587 1121 0 0 
1600 4089 6139 698 4716 0 1850 2147 0 0 
1700 5389 6871 362 6152 6 3602 2967 0 0 
1800 6757 7428 142 6914 12 5087 3904 0 0 
1900 7604 7925 103 7255 27 5904 5015 0 0 
2000 8253 8491 85 7835 31 6748 6260 0 0 
2100 9075 9183 339 8347 21 7437 7344 0 0 
2200 9535 9481 1070 8510 29 7867 8043 0 0 
2300 9903 9835 1952 8813 40 8233 8666 0 0 
2400 10232 10189 2712 9145 41 8630 9173 0 0 
2500 10551 10543 3516 9374 34 8876 9617 0 0 
2600 10767 10741 4331 9554 31 9063 9902 0 0 
2700 11030 10978 5023 9706 35 9214 10166 0 0 
2800 11109 11085 5754 9799 26 9351 10351 0 0 
2900 11307 11331 6544 9940 24 9556 10608 0 0 
3000 11544 11461 7299 10201 24 9760 10829 0 0 
3100 11822 11690 8087 10393 29 9955 11216 0 0 
3200 12024 11776 8610 10541 19 10058 11361 0 0 
3300 12340 12030 9152 10831 27 10333 11694 0 0 
3400 12487 12281 9517 10989 20 10432 11888 0 0 
3500 12755 12559 9731 11289 22 10733 12136 0 0 
3600 12846 12653 9901 11287 16 10769 12216 0 6 
3700 12845 12739 10101 11348 17 10793 12353 0 0 
3800 12981 12960 10225 11542 22 10934 12425 0 0 
3900 13009 12994 10365 11497 24 11021 12477 0 0 
4000 12991 13008 10564 11751 23 11188 12506 0 0 
4100 13048 13001 10540 11715 8 11107 12681 0 0 
4200 13080 12991 10714 11778 16 11242 12685 0 1 
4300 13135 13094 10663 11703 14 11165 12644 0 2 
4400 13253 13171 10672 11757 16 11195 12711 0 0 
4500 13276 13062 10756 11739 12 11157 12638 0 0 
4600 13215 13198 10798 11873 18 11294 12796 0 0 
4700 13248 13177 10838 11859 8 11267 12707 0 0 
4800 13170 13120 10635 11745 11 11127 12640 0 0 
4900 13156 13243 10734 11727 15 11201 12747 0 0 
5000 13270 13147 10891 11958 5 11346 12772 0 0 
5100 13246 13180 10729 11878 11 11236 12698 0 0 
5200 13199 13166 10776 11862 12 11268 12740 0 0 
5300 13280 13114 10785 11943 14 11367 12765 0 0 
5400 13246 13189 10913 12022 7 11419 12859 0 0 
5500 13249 13184 10868 11901 6 11332 12784 0 0 
5600 13258 13180 10897 11935 13 11386 12797 1 0 
5700 13225 13126 10787 11855 7 11326 12731 0 1 
5800 13327 13186 11014 11952 3 11484 12838 0 2 
5900 13230 13213 10840 11887 15 11261 12791 0 2 
6000 13239 13353 10787 11906 7 11313 12872 0 1 
6100 13291 13258 10973 11965 6 11345 12775 0 0 
6200 13270 13279 11014 11942 10 11400 12807 0 0 
6300 13270 13297 10979 11928 22 11365 12844 0 0 
6400 13252 13261 11005 11970 14 11392 12825 0 0 
6500 13316 13274 11069 12045 9 11423 12799 0 0 
6600 13277 13141 11064 12021 11 11460 12740 0 0 
6700 13251 13263 11032 12022 14 11404 12831 0 0 
6800 13239 13236 10997 11983 14 11425 12867 0 0 
6900 13254 13243 11031 12025 11 11457 12826 0 0 
7000 13286 13205 11167 12104 10 11583 12840 0 0 
7100 13299 13338 10887 11948 14 11330 12898 0 0 
7200 13324 13288 11053 12050 9 11458 12948 0 0 
7300 13225 13212 11163 12035 14 11418 12856 0 0 
7400 13258 13216 11098 12006 12 11427 12827 0 0 
7500 13221 13215 11194 12091 15 11511 12730 0 0 
7600 13267 13229 11040 11997 12 11398 12816 0 0 
7700 13170 13295 11158 12059 8 11467 12788 0 0 
7800 13159 13285 11037 11969 7 11338 12855 0 0 
7900 13202 13284 11140 12112 13 11500 12825 0 0 
8000 13216 13206 11173 12145 15 11586 12837 0 0 
8100 13209 13349 11232 12143 14 11520 12894 0 4 
8200 13179 13221 11082 12094 12 11532 12742 0 0 
8300 13309 13297 11039 12002 12 11413 12882 0 0 
8400 13314 13307 11106 12057 24 11492 12890 0 0 
8500 13222 13306 11144 12131 16 11495 12908 0 0 
8600 13268 13248 11129 12088 15 11469 12813 0 0 
8700 13342 13312 11318 12264 22 11610 12944 0 0 
8800 13192 13300 11055 12076 261 11424 12876 0 0 
8900 13289 13250 11259 12213 1566 11613 12821 0 0 
9000 13225 13173 11415 12305 3035 11759 12827 0 0 
9100 13224 13232 11479 12440 4199 11829 12811 0 0 
9200 13248 13314 11604 12528 5515 11920 12834 0 0 
9300 13203 13263 11649 12627 6569 11914 12852 0 0 
9400 13108 13268 11678 12660 7740 11924 12749 0 0 
9500 13089 13224 11741 12649 8776 11910 12791 0 0 
9600 13211 13296 11759 12725 9660 12022 12747 0 0 
9700 13161 13187 11860 12772 10387 12074 12776 0 2 
9800 13223 13115 11963 12784 10861 12181 12683 0 1 
9900 13305 13109 12009 12773 11221 12153 12754 0 0 
10000 13305 13197 11905 12758 11353 12101 12774 0 0 
