# Avida tasks data
# Fri Apr 21 15:54:22 2023
# First column gives the current update, next columns give the number
# of organisms that have the particular task as a component of their merit
#  1: Update
#  2: Not
#  3: Nand
#  4: And
#  5: OrNot
#  6: Or
#  7: AndNot
#  8: Nor
#  9: Xor
# 10: Equals

0 0 0 0 0 0 0 0 0 0 
100 0 0 0 0 0 0 0 0 0 
200 0 0 0 0 0 0 0 0 0 
300 0 0 0 0 0 0 0 0 0 
400 0 0 0 0 0 0 0 0 0 
500 0 0 0 0 0 0 0 0 0 
600 9 0 0 0 0 0 0 0 0 
700 11 4 0 0 0 0 0 0 0 
800 97 238 0 1 0 0 0 0 0 
900 883 808 0 12 0 3 0 0 0 
1000 2286 2124 2 149 0 767 1 0 0 
1100 4239 4050 13 203 0 2843 0 0 0 
1200 5965 5729 16 265 0 4689 0 0 0 
1300 7792 7430 19 320 0 6400 0 0 0 
1400 9288 8858 32 436 0 7816 0 0 0 
1500 10235 9773 39 832 4 8836 2 0 0 
1600 11033 10508 85 1495 0 9580 1 0 0 
1700 11564 11077 131 2629 0 10138 1 0 0 
1800 11919 11468 130 3580 0 10557 0 0 0 
1900 12071 11738 167 4632 0 10883 0 0 0 
2000 12273 11935 196 5559 0 11158 5 0 0 
2100 12558 12066 287 6461 0 11247 3 0 0 
2200 12578 12206 570 7185 0 11462 5 0 0 
2300 12593 12402 1291 7776 0 11657 6 0 0 
2400 12736 12524 1902 8394 2 11746 3 0 0 
2500 12754 12674 2814 8775 1 11877 7 0 0 
2600 12839 12721 3805 9319 0 11986 8 0 0 
2700 12849 12841 4526 9600 0 12086 7 1 0 
2800 12934 12907 5296 9853 15 12235 4 2 0 
2900 12966 12998 6055 10005 36 12338 1 0 0 
3000 13042 13063 6682 10256 105 12373 1 0 0 
3100 12990 13109 7492 10366 175 12459 1 0 0 
3200 13013 13226 8016 10521 266 12610 3 0 0 
3300 12948 13290 8626 10578 316 12644 2 0 0 
3400 13093 13193 9225 10519 360 12589 2 0 0 
3500 13104 13234 9282 10654 854 12603 251 0 0 
3600 13102 13270 8512 10895 1979 12609 1253 1 0 
3700 13083 13273 7590 11130 3063 12571 2219 0 0 
3800 13036 13250 6593 11451 4237 12620 3278 0 0 
3900 13207 13231 5637 11698 5389 12650 4371 0 0 
4000 13122 13270 4875 12030 6309 12586 5283 0 0 
4100 13153 13230 4094 12213 7240 12518 6101 2 0 
4200 13222 13323 3393 12478 8114 12615 7126 4 0 
4300 13209 13262 2781 12680 8965 12483 7951 2 0 
4400 13171 13317 2139 12917 9718 12513 8917 0 0 
4500 13167 13344 1584 13161 10505 12555 9824 0 0 
4600 13186 13412 1174 13239 11090 12568 10429 2 0 
4700 13169 13465 827 13404 11388 12554 10947 23 23 
4800 13231 13445 622 13439 11722 12609 11302 60 60 
4900 13172 13457 490 13445 11719 12614 11333 154 152 
5000 13231 13429 344 13500 11704 12673 11260 295 302 
5100 13224 13359 210 13450 11752 12405 11245 433 441 
5200 13268 13414 123 13520 11647 12628 11174 657 671 
5300 13250 13376 82 13466 11239 12504 10823 944 959 
5400 13229 13347 93 13509 11092 12538 10562 1181 1193 
5500 13254 13328 91 13565 9431 12573 8953 2636 2691 
5600 13316 13323 86 13517 8782 12534 8315 3224 3285 
5700 13284 13354 87 13553 8191 12595 7750 3767 3883 
5800 13332 13328 99 13566 7201 12584 6804 4586 4758 
5900 13266 13273 92 13502 7024 12524 6640 4724 4878 
6000 13253 13273 103 13531 7008 12542 6621 4713 4889 
6100 13242 13269 99 13515 6897 12524 6505 4759 4947 
6200 13224 13276 102 13527 6703 12552 6327 4940 5089 
6300 13211 13229 99 13489 6695 12509 6310 4947 5087 
6400 13214 13235 103 13513 6544 12530 6167 5095 5241 
6500 13195 13254 107 13483 6391 12521 6020 5212 5379 
6600 13179 13288 100 13516 6226 12573 5881 5376 5549 
6700 13152 13231 113 13481 6133 12532 5792 5418 5578 
6800 13054 13174 98 13410 6020 12480 5686 5471 5627 
6900 13116 13218 97 13440 5849 12530 5524 5654 5804 
7000 13039 13180 103 13424 5715 12497 5384 5782 5920 
7100 13054 13165 102 13438 5499 12560 5186 6031 6150 
7200 12964 13123 97 13398 5394 12542 5084 6112 6226 
