# Avida tasks data
# Fri Apr 21 11:25:50 2023
# First column gives the current update, next columns give the number
# of organisms that have the particular task as a component of their merit
#  1: Update
#  2: Not
#  3: Nand
#  4: And
#  5: OrNot
#  6: Or
#  7: AndNot
#  8: Nor
#  9: Xor
# 10: Equals

0 0 0 0 0 0 0 0 0 0 
100 0 0 0 0 0 0 0 0 0 
200 0 0 0 0 0 0 0 0 0 
300 0 0 0 0 0 0 0 0 0 
400 0 0 0 0 0 0 0 0 0 
500 0 0 0 0 0 0 0 0 0 
600 0 0 0 0 0 0 0 0 0 
700 0 0 0 0 0 0 0 0 0 
800 0 0 0 0 0 0 0 0 0 
900 211 395 0 3 0 0 0 0 0 
1000 2523 2890 0 44 10 0 0 0 0 
1100 4622 4351 0 169 514 0 0 0 0 
1200 5610 3916 0 1636 2320 0 0 0 0 
1300 6004 5292 0 3460 3429 39 0 0 0 
1400 6497 5923 6 4305 4194 2123 0 0 0 
1500 7583 7153 13 5438 5312 4054 0 0 0 
1600 8615 8333 17 6583 6346 5656 2 0 0 
1700 9516 9208 26 7639 7348 7144 7 0 0 
1800 10397 9990 36 8699 8429 8415 13 0 0 
1900 11046 10702 27 9693 9302 9578 2 0 0 
2000 11620 11265 26 10183 9980 10382 98 0 0 
2100 12013 11674 45 10380 10421 10901 591 0 0 
2200 12438 12030 46 10764 10910 11378 1477 0 0 
2300 12775 12272 63 11238 11347 11819 2569 0 0 
2400 13208 12711 53 11762 11842 12286 3547 0 0 
2500 13387 12745 56 11815 11923 12377 4414 0 0 
2600 13419 12901 62 11739 11932 12484 5246 0 0 
2700 13431 12943 66 11753 12046 12560 6363 0 0 
2800 13409 12901 42 11602 11993 12510 7181 0 0 
2900 13415 12897 66 11567 12019 12568 8020 0 0 
3000 13428 12906 43 11525 12055 12496 8744 0 0 
3100 13458 12984 65 11625 12036 12555 9500 0 0 
3200 13455 12977 58 11616 12009 12556 10114 0 1 
3300 13421 12928 85 11468 12035 12466 10438 0 0 
3400 13412 12929 180 11563 12046 12511 10857 0 0 
3500 13475 12959 295 11597 12014 12433 11132 0 0 
3600 13490 12962 463 11666 12044 12562 11290 0 0 
3700 13502 12907 633 11809 12046 12485 11359 0 0 
3800 13448 13046 825 11910 12037 12567 11474 0 0 
3900 13504 12861 1045 11971 12034 12411 11495 0 0 
4000 13502 12944 1313 12164 12045 12542 11639 0 0 
4100 13511 13017 1814 12154 12045 12533 11621 0 0 
4200 13517 13003 2139 12262 12027 12500 11626 0 0 
4300 13444 12887 2549 12172 11975 12497 11523 0 0 
4400 13509 12954 2946 12193 12017 12485 11538 0 0 
4500 13583 12968 3362 12281 12023 12545 11612 0 0 
4600 13527 13050 3700 12261 12088 12504 11633 0 0 
4700 13486 13044 4142 12170 12108 12475 11703 0 0 
4800 13520 13018 4646 12186 12134 12433 11650 0 0 
4900 13468 13094 5240 12185 12118 12557 11561 0 0 
5000 13449 13104 5706 12217 11992 12589 11562 0 0 
5100 13515 13015 5917 12234 11967 12514 11482 0 0 
5200 13516 12943 6274 12188 11972 12506 11500 0 0 
5300 13475 12969 6725 12275 12010 12515 11572 0 0 
5400 13495 12970 6984 12339 12049 12513 11607 1 0 
5500 13548 13022 7460 12312 12029 12521 11595 0 0 
5600 13491 13029 8050 12336 12026 12561 11547 3 0 
5700 13506 12980 8322 12217 12005 12516 11546 0 0 
5800 13516 12948 8780 12335 12046 12404 11566 5 0 
5900 13512 12992 9196 12308 12141 12510 11593 3 0 
6000 13508 13008 9471 12204 12040 12465 11569 1 0 
6100 13549 12849 9736 12377 12036 12473 11625 3 161 
6200 13577 11424 9579 12456 11899 12221 11465 2 1344 
6300 13582 10467 9563 12454 11768 11982 11278 2 1969 
6400 13581 9654 9750 12409 11767 11918 11284 3 2672 
6500 13579 8887 9719 12529 11748 11925 11303 2 3445 
6600 13571 8701 9410 12532 11732 11440 11305 2 3600 
6700 13566 8680 9221 12553 11731 11151 11306 2 3648 
6800 13582 8561 9013 12566 11746 10885 11332 2 3785 
6900 13565 8574 8955 12535 11744 10823 11319 2 3773 
