# Avida tasks data
# Fri Apr 21 21:51:23 2023
# First column gives the current update, next columns give the number
# of organisms that have the particular task as a component of their merit
#  1: Update
#  2: Not
#  3: Nand
#  4: And
#  5: OrNot
#  6: Or
#  7: AndNot
#  8: Nor
#  9: Xor
# 10: Equals

0 0 0 0 0 0 0 0 0 0 
100 0 0 0 0 0 0 0 0 0 
200 0 0 0 0 0 0 0 0 0 
300 0 0 0 0 0 0 0 0 0 
400 0 0 0 0 0 0 0 0 0 
500 476 274 0 4 0 0 0 0 0 
600 1916 1613 0 10 0 0 0 0 0 
700 4177 3990 0 1808 1 0 3 0 0 
800 6294 6167 0 4217 3 0 0 0 0 
900 8453 8324 0 6671 9 0 0 0 0 
1000 10593 10457 0 9034 21 2 0 0 0 
1100 11540 11385 0 10228 6 0 2 0 0 
1200 11904 11912 2 10960 159 6 1 0 0 
1300 12278 12305 7 11687 552 286 2 0 0 
1400 12450 12650 28 12281 1123 887 4 0 0 
1500 12676 12935 286 12598 1535 1776 1 0 0 
1600 12811 12997 504 12667 2223 3151 6 0 0 
1700 12831 13081 2320 12730 3438 4733 4 0 0 
1800 12863 13138 3842 12776 4669 6062 5 0 0 
1900 12849 13144 5014 12737 5709 7140 7 0 0 
2000 12926 13163 6202 12753 6764 8087 11 0 0 
2100 12835 13262 7188 12805 7681 8822 5 0 0 
2200 12861 13256 8075 12746 8534 9669 9 2 0 
2300 12844 13223 8903 12699 9382 10330 16 1 0 
2400 12904 13212 9482 12540 9924 10937 7 0 0 
2500 12905 13289 10046 12618 10425 11455 14 1 0 
2600 12811 13300 10423 12677 10857 11783 5 0 0 
2700 12835 13231 10634 12651 11096 12024 24 0 0 
2800 12884 13380 10915 12727 11374 12170 9 0 0 
2900 12947 13357 11073 12691 11505 12388 7 4 0 
3000 12885 13314 11194 12673 11668 12348 11 0 0 
3100 12903 13272 11296 12621 11769 12495 4 1 0 
3200 12921 13301 11384 12647 11840 12551 14 0 0 
3300 12896 13296 11384 12694 11863 12536 6 0 0 
3400 12930 13308 11368 12699 11868 12554 13 0 0 
3500 12903 13319 11306 12623 11816 12548 24 0 0 
3600 12928 13334 11492 12784 11942 12616 39 0 0 
3700 12945 13294 11418 12650 11925 12634 47 2 0 
3800 13009 13349 11502 12725 11998 12595 100 0 0 
3900 12929 13304 11328 12594 11871 12593 139 0 0 
4000 12998 13379 11510 12798 12041 12643 178 1 0 
4100 13022 13354 11404 12677 11923 12645 198 0 0 
4200 13020 13345 11443 12747 11913 12457 406 1 0 
4300 13021 13341 11414 12714 11882 12653 515 0 0 
4400 12999 13418 11445 12724 11924 12625 632 0 0 
4500 13093 13409 11482 12700 11992 12624 689 0 0 
4600 13057 13337 11456 12747 11939 12574 962 0 0 
4700 13043 13367 11399 12682 11849 12602 1233 2 0 
4800 13169 13398 11495 12696 11960 12707 1495 0 0 
4900 13103 13412 11408 12743 11988 12608 1760 1 0 
5000 13091 13386 11411 12712 11940 12575 2167 0 0 
5100 13089 13369 11428 12670 11938 12509 2411 0 0 
5200 13238 13370 11418 12732 11945 12692 2879 0 0 
5300 13226 13327 11412 12763 11897 12641 3014 0 0 
5400 13137 13326 11425 12701 11921 12674 3298 0 0 
5500 13188 13375 11403 12712 11928 12723 3664 0 0 
5600 13306 13331 11320 12726 11839 12717 3947 0 0 
5700 13325 13374 11482 12805 12010 12680 4348 0 0 
5800 13321 13396 11425 12680 11837 12742 4605 0 0 
5900 13336 13359 11304 12636 11822 12764 4966 0 0 
6000 13367 13359 11433 12839 11986 12794 5271 0 0 
6100 13300 13354 11386 12739 11878 12770 5500 0 0 
6200 13344 13285 11300 12666 11839 12750 5926 0 0 
6300 13388 13379 11368 12747 11905 12797 6343 0 0 
6400 13422 13390 11332 12730 11892 12745 6640 0 0 
6500 13408 13421 11325 12731 11858 12711 6848 0 0 
6600 13448 13358 11314 12693 11857 12814 7162 0 0 
6700 13527 13312 11272 12707 11827 12787 7397 0 0 
6800 13487 13306 11184 12664 11789 12847 7847 0 0 
6900 13527 13330 11239 12676 11755 12747 8053 0 0 
7000 13498 13300 11179 12675 11827 12873 8384 1 0 
7100 13603 13282 11228 12646 11755 12793 8685 0 0 
7200 13600 13393 11284 12760 11782 12766 8790 0 0 
7300 13595 13283 11076 12623 11680 12817 9151 1 0 
7400 13621 13315 11160 12652 11716 12872 9421 0 0 
7500 13619 13401 11232 12726 11749 12831 9612 0 0 
7600 13577 13340 11241 12651 11781 12886 9833 1 0 
7700 13647 13316 11303 12703 11855 12844 9983 0 0 
7800 13596 13383 11265 12644 11789 12794 9762 1 0 
7900 13645 13363 11222 12658 11760 12863 10006 2 0 
8000 13609 13346 11125 12631 11666 12855 10095 1 0 
8100 13564 13309 11169 12683 11737 12801 10053 0 0 
8200 13655 13401 11189 12683 11745 12856 10147 1 0 
8300 13622 13398 11204 12638 11735 12860 10203 0 0 
8400 13645 13334 11189 12670 11762 12841 10363 1 0 
8500 13632 13310 11104 12653 11732 12846 10160 1 0 
8600 13593 13394 11256 12700 11788 12874 10084 0 0 
8700 13654 13372 11245 12699 11743 12922 10343 1 0 
8800 13693 13333 11168 12694 11698 12932 10356 1 0 
8900 13626 13447 11257 12661 11789 12951 10433 0 0 
9000 13673 13420 11426 12809 11940 12994 10313 0 0 
9100 13610 13429 11306 12696 11798 12963 10480 0 0 
9200 13653 13457 11364 12733 11872 12924 10422 0 0 
9300 13661 13417 11297 12680 11865 12970 10436 1 0 
9400 13691 13361 11376 12660 11909 12975 10356 0 0 
9500 13675 13469 11502 12788 11991 13017 10488 0 0 
9600 13626 13451 11285 12664 11867 12897 10306 0 0 
9700 13697 13491 11345 12749 11919 13013 10460 2 0 
9800 13766 13494 11407 12858 11966 13108 10560 0 0 
9900 13664 13442 11403 12770 11899 13028 10505 0 0 
10000 13746 13478 11411 12730 11946 12955 10528 0 0 
