# Avida tasks data
# Fri Apr 21 11:02:49 2023
# First column gives the current update, next columns give the number
# of organisms that have the particular task as a component of their merit
#  1: Update
#  2: Not
#  3: Nand
#  4: And
#  5: OrNot
#  6: Or
#  7: AndNot
#  8: Nor
#  9: Xor
# 10: Equals

0 0 0 0 0 0 0 0 0 0 
100 0 0 0 0 0 0 0 0 0 
200 0 0 0 0 0 0 0 0 0 
300 0 0 0 0 0 0 0 0 0 
400 31 0 0 0 0 0 0 0 0 
500 765 0 0 11 0 0 0 0 0 
600 1948 150 0 14 0 0 0 0 0 
700 2318 1186 8 67 0 892 22 0 0 
800 2799 2727 29 108 0 1473 879 0 0 
900 3769 3982 48 202 3 1581 1845 0 0 
1000 3976 3631 42 201 2 1505 1959 0 0 
1100 4173 3349 28 138 4 1441 2131 0 0 
1200 4184 3479 28 141 4 1439 2117 0 0 
1300 4177 3507 28 140 7 1442 2091 0 0 
1400 4200 3481 25 129 6 1416 2109 0 0 
1500 4253 3526 25 121 4 1401 2167 0 0 
1600 4294 3545 25 127 4 1365 2212 0 0 
1700 4315 3543 23 122 4 1347 2235 0 0 
1800 4369 3590 19 117 4 1345 2286 0 0 
1900 4629 3849 16 121 4 1347 2530 0 0 
2000 4906 4111 15 131 2 1342 2775 0 0 
2100 5187 4384 17 136 2 1350 2952 0 0 
2200 5338 4514 17 131 2 1361 3098 0 0 
2300 5333 4516 18 124 2 1364 3102 0 0 
2400 5366 4441 21 218 1 1355 3120 0 0 
2500 5382 4613 19 215 1 1360 3129 0 0 
2600 5387 4682 19 204 4 1362 3155 0 0 
2700 5505 4840 18 206 3 1357 3260 0 0 
2800 5744 5129 15 208 2 1357 3470 0 0 
2900 5940 5290 16 213 3 1357 3613 0 0 
3000 6026 5230 18 202 6 1361 3684 0 0 
3100 6018 5100 18 149 6 1360 3692 0 0 
3200 6026 5045 18 130 6 1360 3709 0 0 
3300 6028 4851 18 123 11 1360 3699 0 0 
3400 6032 4716 17 120 13 1366 3703 0 0 
3500 6031 4544 17 234 15 1371 3677 0 0 
3600 6027 4420 18 385 19 1373 3668 0 0 
3700 6031 4611 18 328 23 1364 3690 0 0 
3800 6033 4653 16 289 20 1362 3663 0 0 
3900 6030 4718 16 282 19 1363 3658 0 0 
4000 6036 4695 16 188 13 1364 3654 0 0 
4100 6039 4467 20 181 13 1362 3677 0 0 
4200 6044 4261 20 175 14 1360 3674 0 0 
4300 6039 4165 18 174 12 1370 3689 0 0 
4400 6054 4092 17 175 11 1369 3681 0 0 
4500 6066 4033 19 171 14 1355 3741 0 0 
4600 6064 3980 18 169 13 1368 3722 0 0 
4700 6070 3952 18 165 15 1394 3704 0 0 
4800 6063 3922 20 166 17 1389 3710 0 0 
4900 6067 3902 19 165 21 1382 3725 0 0 
5000 6083 3898 19 169 22 1386 3738 0 0 
5100 6069 4050 18 172 22 1515 3750 0 0 
5200 6066 4232 17 176 23 1735 3755 0 0 
5300 6059 4301 17 174 17 1883 3733 0 0 
5400 6085 4404 18 195 10 2027 3782 0 0 
5500 6113 4528 22 227 9 2181 3823 0 0 
5600 6118 4580 28 249 12 2217 3792 0 0 
5700 6140 4612 17 244 12 2308 3812 0 0 
5800 6174 4681 17 258 9 2428 3856 0 0 
5900 6185 4713 18 242 17 2485 3857 0 0 
6000 6209 4715 18 249 17 2490 3875 0 0 
6100 6323 4819 21 260 15 2605 3969 0 0 
6200 6386 4858 23 239 14 2666 4045 0 0 
6300 6528 4995 24 205 20 2815 4158 0 0 
6400 6827 5274 19 207 26 3077 4428 0 0 
6500 7157 5585 28 226 23 3395 4719 0 0 
6600 7465 5881 27 234 23 3684 5019 0 0 
6700 7717 6113 27 244 19 3918 5176 0 0 
6800 7931 6305 30 259 16 4091 5386 0 0 
6900 8138 6471 25 265 16 4265 5564 0 0 
7000 8398 6719 26 268 20 4492 5786 0 0 
7100 8725 7018 26 274 18 4782 6076 0 0 
7200 8892 7158 28 291 18 4923 6239 0 0 
7300 9029 7303 25 296 18 5071 6398 0 0 
7400 9159 7462 28 291 20 5223 6527 0 0 
7500 9239 7590 27 292 18 5368 6651 0 0 
7600 9315 7705 29 291 18 5515 6736 0 0 
7700 9473 7906 33 299 20 5714 6948 0 0 
7800 9563 8035 26 300 21 5866 7071 0 0 
7900 9664 8144 27 325 31 5991 7151 0 0 
8000 9702 8167 33 336 30 6014 7196 0 0 
8100 9750 8228 32 363 28 6070 7229 0 0 
8200 9791 8258 35 381 29 6098 7262 0 0 
8300 9821 8385 34 508 28 6223 7404 0 0 
8400 9939 8443 32 685 27 6291 7567 0 0 
8500 10108 8443 35 829 27 6334 7747 0 0 
8600 10279 8484 50 1012 29 6452 7928 0 0 
8700 10339 8587 74 1107 56 6596 8074 0 0 
8800 10348 8670 84 1174 60 6678 8125 0 0 
8900 10392 8772 95 1232 55 6780 8213 0 0 
9000 10488 8878 96 1290 41 6882 8332 0 0 
9100 10603 9035 111 1394 37 7021 8445 0 0 
9200 10712 9132 123 1479 39 7132 8557 0 0 
9300 10767 9196 122 1561 49 7202 8637 0 0 
9400 10569 9231 108 1568 50 7226 8622 0 0 
9500 10297 9240 109 1644 50 7229 8664 0 0 
9600 10135 9237 102 1650 48 7240 8641 0 0 
9700 9934 9263 95 1698 48 7256 8698 0 0 
9800 9800 9263 96 1735 49 7241 8751 0 0 
9900 9649 9274 96 1768 51 7246 8771 0 0 
10000 9545 9270 93 1759 51 7245 8757 0 0 
