# Avida tasks data
# Fri Apr 21 07:48:44 2023
# First column gives the current update, next columns give the number
# of organisms that have the particular task as a component of their merit
#  1: Update
#  2: Not
#  3: Nand
#  4: And
#  5: OrNot
#  6: Or
#  7: AndNot
#  8: Nor
#  9: Xor
# 10: Equals

0 0 0 0 0 0 0 0 0 0 
100 0 0 0 0 0 0 0 0 0 
200 0 0 0 0 0 0 0 0 0 
300 0 0 0 0 0 0 0 0 0 
400 0 0 0 0 0 0 0 0 0 
500 41 0 0 0 0 0 0 0 0 
600 191 7 0 0 0 0 0 0 0 
700 570 32 0 0 0 0 0 0 0 
800 1167 79 0 0 0 0 0 0 0 
900 1730 204 0 67 0 0 0 0 0 
1000 2257 286 0 471 0 0 0 0 0 
1100 2507 393 0 1284 13 0 0 0 0 
1200 4004 805 3 3049 1736 77 1697 0 0 
1300 5161 2139 16 4313 3283 1243 1920 0 0 
1400 5978 3589 30 5113 4493 2517 1685 0 0 
1500 6654 4873 57 5966 5665 3742 1459 0 0 
1600 7605 6054 87 6798 6807 4878 1260 0 0 
1700 8435 7253 92 7585 7893 5966 1083 0 0 
1800 9123 8313 127 8224 8683 6731 848 0 0 
1900 9955 9496 122 8950 9693 7765 740 0 0 
2000 10748 9586 146 9549 10442 8347 1158 0 0 
2100 11186 9273 147 10042 10989 8950 1841 0 0 
2200 11537 8709 164 10406 11235 9253 2626 0 0 
2300 11758 7842 177 10694 11408 9371 3536 0 0 
2400 12005 7004 156 10908 11685 9693 4606 0 0 
2500 12367 6650 139 11308 12017 10104 5616 0 0 
2600 12596 6623 131 11500 12223 10449 6630 0 0 
2700 12846 6678 147 11682 12319 10524 7403 0 0 
2800 12855 6698 131 11725 12264 10579 8088 0 0 
2900 12907 6807 124 11761 12319 10589 8620 0 0 
3000 13033 7203 132 11889 12245 10624 9137 0 0 
3100 13027 7654 116 12007 12401 10689 9795 0 0 
3200 13057 8258 130 12033 12384 10729 10172 0 0 
3300 13043 9033 145 11939 12289 10551 10364 0 0 
3400 12945 9606 119 11874 12304 10595 10725 0 0 
3500 12922 10062 129 11920 12217 10524 10770 0 0 
3600 12948 10720 197 11971 12311 10590 11123 0 2 
3700 13056 11202 624 11871 12369 10664 11395 0 0 
3800 13051 11633 1372 11786 12321 10622 11393 0 1 
3900 13074 11935 2248 11836 12314 10654 11485 0 1 
4000 13131 12313 3175 11809 12461 10809 11641 0 12 
4100 13181 12589 4189 11880 12396 10809 11619 0 6 
4200 13107 12740 5288 11918 12431 10847 11673 0 5 
4300 13116 12855 6066 11752 12369 10773 11671 0 6 
4400 13092 13054 7005 11886 12515 11032 11660 0 1 
4500 12978 12891 8044 11800 12538 10913 11694 0 6 
4600 13138 13000 9096 11857 12653 11096 11913 0 4 
4700 13104 12985 9771 11878 12631 11161 11956 0 4 
4800 13158 13081 10226 11812 12756 11052 11979 0 12 
4900 13147 13155 10645 11782 12705 11166 11929 0 4 
5000 13089 13181 10898 11752 12651 11002 11978 0 10 
5100 13146 13195 11055 11703 12642 10967 11914 0 14 
5200 13066 13073 11337 11688 12682 11061 11935 0 9 
5300 13181 13211 11473 11820 12715 11129 12020 0 10 
5400 13083 13110 11488 11762 12752 11213 12061 0 10 
5500 13139 13076 11559 11842 12714 11218 12044 0 4 
5600 13208 13151 11564 11919 12746 11258 12018 0 11 
5700 13271 13181 11650 12032 12748 11381 12074 0 8 
5800 13087 13182 11516 11903 12710 11229 12017 0 10 
5900 13226 13164 11598 11961 12686 11249 12030 0 15 
6000 13172 13141 11703 11986 12767 11341 12130 0 5 
6100 13094 13060 11732 12005 12810 11294 12158 0 5 
6200 13158 13063 11677 11985 12742 11244 12079 0 4 
6300 13193 13057 11726 12101 12784 11403 12089 0 5 
6400 13153 13105 11713 12150 12809 11392 12229 0 13 
6500 13217 13219 11754 12164 12812 11450 12231 0 6 
6600 13142 13102 11764 12185 12887 11472 12237 0 7 
6700 13117 13031 11708 12064 12773 11352 12135 0 5 
6800 13178 13119 11790 12129 12794 11399 12203 2 12 
6900 13197 12986 11693 12108 12806 11301 12157 0 9 
7000 13311 13064 11792 12202 12907 11485 12222 0 9 
7100 13237 13101 11784 12158 12853 11507 12237 0 4 
7200 13275 13067 11808 12153 12825 11509 12250 0 23 
7300 13183 13127 11730 12130 12779 11504 12158 0 9 
7400 13230 13152 11701 12157 12779 11461 12178 0 9 
7500 13173 13135 11764 12097 12781 11395 12220 0 13 
7600 13292 13052 11737 12165 12767 11416 12203 0 13 
7700 13215 13104 11768 12133 12731 11427 12206 0 12 
7800 13098 13089 11829 12182 12810 11504 12236 0 13 
7900 13172 13189 11885 12226 12820 11505 12222 0 1 
8000 13193 13111 11916 12260 12890 11569 12340 0 7 
8100 13229 13011 11908 12281 12871 11596 12286 0 12 
8200 13241 13084 11827 12182 12857 11555 12246 0 2 
8300 13137 13072 11838 12182 12773 11527 12216 0 8 
8400 13238 13110 11870 12326 12842 11613 12326 0 11 
8500 13261 13169 11944 12356 12891 11681 12330 0 5 
8600 13292 13137 11866 12363 12890 11664 12296 0 7 
8700 13201 13153 11877 12335 12854 11733 12297 1 9 
8800 13172 13131 11899 12237 12811 11621 12229 0 11 
8900 13170 13174 11793 12239 12733 11615 12237 0 8 
9000 13245 13067 12003 12402 12917 11731 12392 0 8 
9100 13334 13059 11990 12371 12859 11836 12332 0 6 
9200 13382 13104 11926 12345 12876 11758 12340 0 7 
9300 13322 13065 11867 12286 12765 11666 12261 0 12 
9400 13279 13055 11923 12384 12894 11726 12402 0 13 
9500 13368 13133 11963 12540 12889 11807 12350 0 12 
9600 13293 13045 11996 12489 12963 11825 12369 0 5 
9700 13345 13110 11817 12406 12866 11692 12339 0 8 
9800 13373 13031 12009 12567 12981 11892 12387 0 9 
9900 13339 12994 11964 12473 12924 11789 12391 0 11 
10000 13405 13120 11952 12569 12945 11916 12434 2 11 
