# Avida tasks data
# Fri Apr 21 19:41:01 2023
# First column gives the current update, next columns give the number
# of organisms that have the particular task as a component of their merit
#  1: Update
#  2: Not
#  3: Nand
#  4: And
#  5: OrNot
#  6: Or
#  7: AndNot
#  8: Nor
#  9: Xor
# 10: Equals

0 0 0 0 0 0 0 0 0 0 
100 0 0 0 0 0 0 0 0 0 
200 0 0 0 0 0 0 0 0 0 
300 0 0 0 0 0 0 0 0 0 
400 0 0 0 0 0 0 0 0 0 
500 0 0 0 0 0 0 0 0 0 
600 0 0 0 0 0 0 0 0 0 
700 1 0 0 0 0 0 0 0 0 
800 1809 1831 0 15 0 0 0 0 0 
900 4162 4194 0 168 1 0 0 0 0 
1000 6263 6333 0 497 6 0 0 0 0 
1100 8289 8400 0 936 2 0 0 0 0 
1200 9725 9862 2 1488 5 0 0 0 0 
1300 10818 10910 0 2082 6 0 0 0 0 
1400 11824 11893 0 2943 14 0 0 0 0 
1500 12449 12508 0 3974 21 0 0 0 0 
1600 12724 12925 0 4908 25 0 0 0 0 
1700 12960 13158 0 5968 34 0 0 0 0 
1800 13080 13324 0 6861 20 0 0 0 0 
1900 13161 13327 0 7674 41 1 0 0 0 
2000 13283 13363 1 8429 37 107 0 0 0 
2100 13265 13356 1604 8598 1210 1835 1649 0 0 
2200 13230 13252 2847 8840 2736 3004 2947 0 0 
2300 13164 13187 3844 9218 3930 4043 3985 1 0 
2400 13208 13152 4922 9668 5059 4973 5070 0 0 
2500 13245 13153 5972 10268 6085 5978 6070 0 0 
2600 13215 13066 6738 10680 6932 6690 6879 0 0 
2700 13322 13169 7652 11071 7829 7478 7784 0 0 
2800 13199 13053 8199 11267 8365 8007 8366 2 0 
2900 13250 12926 8912 11634 9150 8661 9133 1 0 
3000 13230 12894 9534 11919 9827 9299 9798 0 0 
3100 13240 12926 10043 12112 10310 9784 10300 1 0 
3200 13313 12876 10599 12291 10884 10238 10830 2 0 
3300 13246 12867 10944 12456 11226 10492 11220 0 0 
3400 13269 12770 11144 12519 11430 10770 11425 1 0 
3500 13285 12796 11429 12558 11682 11092 11667 1 0 
3600 13321 12883 11725 12779 12039 11357 12005 2 0 
3700 13293 12892 11851 12784 12179 11464 12147 0 0 
3800 13341 12820 12093 12898 12281 11678 12283 0 0 
3900 13276 12751 12147 12703 12363 11713 12368 2 0 
4000 13374 12834 12367 12766 12581 11895 12585 0 0 
4100 13263 12748 12374 12767 12698 11931 12663 0 0 
4200 13333 12824 12528 12824 12760 12130 12773 0 0 
4300 13358 12821 12521 12827 12769 12128 12756 0 0 
4400 13337 12832 12485 12866 12764 12116 12726 1 0 
4500 13372 12853 12470 12813 12765 12140 12737 1 0 
4600 13375 12886 12501 12773 12808 12168 12785 0 0 
4700 13346 12715 12441 12790 12766 12064 12735 0 0 
4800 13305 12697 12470 12784 12768 12086 12725 3 0 
4900 13310 12655 12413 12748 12754 12086 12705 0 0 
5000 13353 12690 12440 12779 12789 12052 12752 0 0 
5100 13355 12709 12535 12792 12750 12109 12733 0 0 
5200 13319 12654 12438 12743 12727 12118 12700 0 0 
5300 13350 12658 12479 12824 12708 12168 12688 0 0 
5400 13327 12676 12482 12821 12759 12167 12716 1 0 
5500 13368 12695 12486 12697 12717 12146 12720 2 0 
5600 13317 12656 12398 12763 12696 12128 12645 0 0 
5700 13385 12738 12488 12791 12713 12251 12689 1 0 
5800 13397 12706 12409 12829 12847 12247 12815 3 0 
5900 13351 12615 12440 12800 12780 12168 12724 2 0 
6000 13419 12613 12472 12787 12806 12158 12807 0 0 
6100 13321 12580 12442 12737 12755 12134 12708 0 0 
6200 13411 12676 12479 12771 12773 12156 12749 2 0 
6300 13368 12713 12522 12823 12838 12210 12733 1 6 
6400 13404 12638 12439 12741 12838 12149 12738 0 6 
6500 13383 12616 12508 12790 12820 12209 12763 6 11 
6600 13371 12500 12404 12702 12757 12162 12698 42 41 
6700 13288 12513 11914 12653 12701 12145 12222 65 476 
6800 13314 12581 10845 12724 11862 11396 11149 67 1564 
6900 13321 12667 9755 12800 10187 9795 10036 71 2699 
7000 13383 12814 8813 12885 9098 8743 9109 69 3713 
7100 13389 12873 7847 12947 8076 7759 8127 69 4711 
7200 13347 12821 7128 12927 7351 7071 7413 68 5391 
7300 13298 12776 6783 12890 7032 6741 7058 68 5678 
7400 13387 12872 6400 12975 6607 6362 6671 66 6181 
7500 13357 12880 5987 12965 6186 5961 6299 75 6536 
7600 13331 12833 5850 12939 6047 5827 6468 72 6631 
7700 13326 12829 5849 12934 6044 5821 6709 69 6636 
7800 13333 12840 5849 12946 6043 5876 6743 69 6651 
7900 13348 12863 5852 12958 6042 5846 6893 69 6669 
8000 13346 12864 5852 12956 6045 5837 7015 69 6683 
8100 13333 12848 5851 12941 6047 5842 7114 72 6672 
8200 13308 12816 5842 12920 6043 5834 7349 69 6668 
8300 13316 12821 5802 12928 5994 5793 7435 69 6719 
8400 13309 12827 5703 12926 5897 5697 7528 71 6824 
8500 13298 12809 5622 12909 5818 5608 7569 73 6894 
8600 13272 12781 5540 12890 5725 5527 7593 71 6970 
8700 13266 12768 5500 12897 5685 5484 7623 67 7004 
8800 13272 12778 5448 12907 5626 5433 7694 67 7063 
8900 13275 12777 5427 12901 5615 5414 7719 68 7094 
9000 13252 12760 5364 12878 5547 5349 7753 66 7143 
9100 13254 12768 5312 12877 5496 5299 7814 66 7196 
9200 13230 12735 5264 12849 5454 5255 7819 64 7208 
9300 13225 12733 5217 12848 5400 5211 7810 59 7246 
9400 13213 12713 5158 12855 5341 5163 7839 56 7307 
9500 13231 12751 5116 12883 5302 5117 7907 53 7396 
9600 13229 12733 5080 12878 5257 5074 7886 48 7420 
9700 13250 12744 5022 12898 5199 5018 7946 47 7484 
9800 13258 12755 4949 12916 5122 4956 8002 50 7569 
9900 13258 12750 4876 12919 5054 4886 8015 43 7636 
10000 13228 12724 4786 12900 4974 4833 8015 38 7697 
