# Avida tasks data
# Fri Apr 21 15:36:17 2023
# First column gives the current update, next columns give the number
# of organisms that have the particular task as a component of their merit
#  1: Update
#  2: Not
#  3: Nand
#  4: And
#  5: OrNot
#  6: Or
#  7: AndNot
#  8: Nor
#  9: Xor
# 10: Equals

0 0 0 0 0 0 0 0 0 0 
100 0 0 0 0 0 0 0 0 0 
200 0 0 0 0 0 0 0 0 0 
300 0 0 0 0 0 0 0 0 0 
400 0 0 0 0 0 0 0 0 0 
500 0 0 0 0 0 0 0 0 0 
600 0 0 0 0 0 0 0 0 0 
700 365 10 0 0 0 0 0 0 0 
800 1483 484 4 27 0 0 0 0 0 
900 1456 1076 5 44 0 0 0 0 0 
1000 1442 1173 5 35 2 0 0 0 0 
1100 1442 1176 5 35 2 0 0 0 0 
1200 1437 1168 5 34 2 0 0 0 0 
1300 1437 1170 5 34 2 0 0 0 0 
1400 1438 1172 5 34 2 0 0 0 0 
1500 1437 1177 5 34 2 0 0 0 0 
1600 1418 1164 5 39 2 0 0 0 0 
1700 1418 1164 5 39 2 0 0 0 0 
1800 1418 1165 5 38 2 0 0 0 0 
1900 1420 1167 5 38 2 0 0 0 0 
2000 1419 1167 5 38 2 0 0 0 0 
2100 1418 1162 5 38 2 0 0 0 0 
2200 1312 1433 9 116 0 0 2 0 0 
2300 1327 1491 9 133 0 0 0 0 0 
2400 1330 1473 7 159 0 0 0 0 0 
2500 1236 1522 7 234 0 0 0 0 0 
