# Avida tasks data
# Fri Apr 21 04:18:29 2023
# First column gives the current update, next columns give the number
# of organisms that have the particular task as a component of their merit
#  1: Update
#  2: Not
#  3: Nand
#  4: And
#  5: OrNot
#  6: Or
#  7: AndNot
#  8: Nor
#  9: Xor
# 10: Equals

0 0 0 0 0 0 0 0 0 0 
100 0 0 0 0 0 0 0 0 0 
200 0 0 0 0 0 0 0 0 0 
300 0 0 0 0 0 0 0 0 0 
400 7 0 0 0 0 0 0 0 0 
500 107 2 0 11 0 0 0 0 0 
600 324 23 0 300 0 0 0 0 0 
700 1226 79 0 1311 69 0 0 0 0 
800 2564 157 2 1915 564 2 94 0 0 
900 3539 170 0 1723 1392 29 618 0 0 
1000 4996 142 2 2664 1731 45 2148 0 0 
1100 6217 184 4 3498 1628 53 3523 0 0 
1200 6847 870 6 4057 2083 58 4407 0 0 
1300 6962 1898 12 4233 2881 1272 4756 0 0 
1400 7218 2818 15 4443 3454 2468 5084 0 0 
1500 7753 3934 5 5038 4461 3789 5603 0 0 
1600 8305 5183 11 5777 5371 5085 6211 0 0 
1700 8959 6350 6 6608 6294 6334 6898 0 0 
1800 9470 7553 13 7463 7137 7615 7537 0 1 
1900 9893 8618 11 8185 7906 8554 8180 0 0 
2000 10439 9502 14 8890 8526 9512 8731 0 0 
2100 10794 10190 16 9450 9083 10204 9148 0 0 
2200 11362 11031 9 10182 9713 11035 9688 0 0 
2300 11904 11811 13 10863 10301 11772 10181 0 0 
2400 12228 12365 22 11230 10649 12339 10497 0 0 
2500 12450 12770 12 11616 10849 12735 10758 0 0 
2600 12598 13099 9 11913 11115 12972 11027 0 0 
2700 12662 13185 12 12001 11091 13126 11003 0 0 
2800 12816 13346 16 12165 11321 13194 11258 0 0 
2900 12671 13286 26 12092 11196 13282 11126 0 0 
3000 12801 13327 6 12159 11210 13285 11150 0 0 
3100 12823 13321 10 12171 11195 13284 11159 0 0 
3200 12845 13367 11 12248 11338 13380 11271 0 0 
3300 12953 13432 15 12302 11488 13296 11433 0 0 
3400 12880 13388 5 12223 11365 13267 11291 0 0 
3500 12904 13441 12 12325 11436 13313 11373 0 2 
3600 12851 13416 12 12191 11309 13314 11259 0 0 
3700 12842 13442 11 12181 11287 13331 11253 0 0 
3800 12875 13334 11 12221 11267 13319 11258 0 0 
3900 12785 13302 10 12228 11282 13206 11211 0 0 
4000 12892 13304 10 12278 11353 13311 11338 0 0 
4100 12945 13357 6 12326 11389 13329 11360 0 0 
4200 12874 13361 7 12205 11308 13270 11273 0 0 
4300 12987 13370 6 12327 11394 13300 11412 0 0 
4400 12997 13362 6 12431 11441 13268 11418 0 0 
4500 12913 13412 17 12293 11385 13313 11389 0 0 
4600 12940 13385 15 12294 11394 13285 11355 0 0 
4700 12894 13406 9 12284 11367 13288 11377 0 0 
4800 12978 13407 4 12442 11487 13389 11505 0 0 
4900 12986 13382 5 12397 11463 13446 11448 0 0 
5000 13014 13451 9 12442 11549 13389 11497 0 0 
5100 13047 13414 12 12389 11480 13331 11431 0 0 
5200 13111 13439 6 12535 11658 13375 11651 0 0 
5300 13045 13452 17 12455 11520 13338 11542 0 0 
5400 13105 13467 12 12537 11593 13338 11582 0 1 
5500 13165 13494 11 12502 11592 13315 11571 0 0 
5600 13137 13431 15 12490 11566 13363 11538 0 0 
5700 13119 13487 22 12499 11615 13366 11555 0 0 
5800 13089 13460 13 12502 11514 13337 11558 0 0 
5900 13112 13443 11 12479 11526 13272 11548 0 0 
6000 13024 13568 13 12426 11483 13339 11476 0 0 
6100 13135 13505 11 12507 11644 13359 11658 0 0 
6200 13116 13466 14 12481 11567 13356 11551 0 0 
6300 13133 13510 17 12555 11705 13313 11672 0 0 
6400 13074 13440 12 12458 11483 13382 11517 0 0 
6500 13149 13461 32 12539 11643 13362 11641 0 0 
6600 13170 13472 23 12519 11670 13363 11606 0 0 
6700 13088 13473 11 12521 11679 13439 11639 0 0 
6800 13100 13449 16 12452 11558 13328 11500 0 0 
6900 13151 13457 14 12549 11624 13322 11599 0 0 
7000 13240 13479 21 12664 11803 13362 11800 0 0 
7100 13221 13501 2 12582 11688 13316 11692 0 0 
7200 13255 13472 3 12665 11797 13411 11774 0 0 
7300 13178 13480 0 12596 11685 13336 11667 0 0 
7400 13171 13447 10 12533 11651 13384 11621 0 0 
7500 13251 13482 17 12615 11623 13382 11607 0 0 
7600 13209 13534 10 12621 11655 13335 11691 0 0 
7700 13216 13465 12 12589 11681 13312 11671 0 0 
7800 13214 13445 7 12638 11689 13350 11651 0 0 
7900 13241 13555 10 12533 11713 13355 11714 0 0 
8000 13197 13399 7 12577 11699 13440 11689 0 0 
8100 13178 13465 14 12479 11640 13288 11611 0 0 
8200 13236 13502 12 12626 11783 13380 11800 0 0 
8300 13240 13559 6 12636 11767 13383 11707 0 0 
8400 13235 13599 9 12619 11847 13351 11798 0 0 
8500 13167 13570 8 12552 11710 13309 11701 0 0 
8600 13125 13521 10 12578 11706 13361 11668 0 0 
8700 13242 13462 10 12603 11747 13309 11767 0 0 
8800 13312 13476 17 12668 11797 13327 11806 0 0 
8900 13236 13479 11 12601 11636 13369 11655 0 0 
9000 13272 13555 19 12667 11764 13305 11807 0 0 
9100 13250 13524 7 12670 11832 13349 11809 0 0 
9200 13206 13525 6 12688 11835 13333 11874 0 0 
9300 13223 13511 9 12623 11749 13340 11744 0 0 
9400 13263 13464 9 12692 11795 13419 11784 0 0 
9500 13263 13491 14 12748 11849 13414 11847 0 0 
9600 13276 13527 7 12676 11808 13366 11852 0 0 
9700 13286 13537 8 12653 11832 13399 11845 0 0 
9800 13248 13537 12 12597 11704 13419 11712 0 0 
9900 13281 13548 16 12703 11840 13396 11867 0 0 
10000 13291 13558 16 12642 11758 13311 11763 0 0 
