# Avida tasks data
# Fri Apr 21 07:09:32 2023
# First column gives the current update, next columns give the number
# of organisms that have the particular task as a component of their merit
#  1: Update
#  2: Not
#  3: Nand
#  4: And
#  5: OrNot
#  6: Or
#  7: AndNot
#  8: Nor
#  9: Xor
# 10: Equals

0 0 0 0 0 0 0 0 0 0 
100 0 0 0 0 0 0 0 0 0 
200 0 0 0 0 0 0 0 0 0 
300 0 0 0 0 0 0 0 0 0 
400 0 0 0 0 0 0 0 0 0 
500 0 0 0 0 0 0 0 0 0 
600 0 0 0 0 0 0 0 0 0 
700 7 0 0 0 0 0 0 0 0 
800 139 18 0 0 0 0 0 0 0 
900 415 95 0 7 0 0 0 0 0 
1000 907 185 7 190 34 242 0 0 0 
1100 1195 490 20 742 196 973 0 0 0 
1200 2051 1108 31 1863 1167 1614 0 0 0 
1300 3978 1298 49 3737 3070 1655 72 0 0 
1400 5751 1215 34 5600 4671 1330 382 0 0 
1500 6215 416 25 7653 6914 414 1563 0 0 
1600 6293 211 22 9490 8706 109 3083 0 0 
1700 6187 256 13 10384 9581 70 4216 0 0 
1800 5732 581 24 11290 10409 49 5469 0 0 
1900 5195 935 38 11803 10734 59 6485 0 0 
2000 4590 1260 30 12211 10994 64 7449 0 0 
2100 4058 1611 45 12303 11190 48 8206 0 0 
2200 3453 2087 38 12541 11331 48 8945 0 0 
2300 3250 2809 60 12366 11209 760 9300 0 0 
2400 3074 3752 86 12095 11285 2147 9554 0 0 
2500 3166 4720 72 11818 11203 3467 9583 0 0 
2600 3183 5559 575 11728 11257 4581 9800 0 0 
2700 3179 6422 1489 11570 11301 5634 9936 0 3 
2800 3125 7053 2475 11422 11243 6496 9976 0 1 
2900 3052 7841 3507 11205 11265 7465 10161 0 2 
3000 2740 8881 4498 11173 11292 8516 10335 0 3 
3100 2395 9643 5425 11039 11249 9332 10429 0 3 
3200 2207 10124 6217 10939 11236 9736 10503 0 2 
3300 1878 10628 7032 11162 11503 10353 10941 0 3 
3400 1671 11344 7788 11010 11394 10802 10906 0 5 
3500 1458 11870 8401 10871 11408 11190 10919 0 10 
3600 1317 12112 9001 10844 11456 11626 11099 0 4 
3700 1267 12482 9390 10824 11429 11852 11168 0 7 
3800 1361 12684 9579 10800 11476 12017 11153 0 3 
3900 1510 12862 9772 10838 11537 12136 11207 0 4 
4000 1778 12795 9732 10761 11438 12132 11138 0 4 
4100 1996 12970 9876 10715 11377 12167 11167 0 4 
4200 2328 13054 10290 11059 11654 12440 11469 0 0 
4300 2660 12966 10200 10877 11573 12418 11341 0 5 
4400 3065 13006 10074 10830 11587 12310 11268 0 3 
4500 3339 13143 10224 10840 11587 12387 11321 0 9 
4600 3701 13153 10210 10899 11548 12328 11314 0 3 
4700 4042 13082 10202 10817 11488 12251 11209 0 3 
4800 4535 13129 10179 10985 11670 12375 11355 0 7 
4900 5199 13146 10107 10861 11556 12369 11233 0 2 
5000 5620 13119 10183 10918 11590 12309 11306 0 6 
5100 6065 13053 10285 10949 11689 12446 11370 0 4 
5200 6667 13192 10210 10931 11627 12232 11336 0 4 
5300 7554 13107 10232 10964 11706 12359 11412 0 2 
5400 8225 13134 10239 10974 11617 12414 11346 0 4 
5500 8789 13183 10301 10957 11678 12359 11410 0 3 
5600 9160 13063 10241 10926 11659 12374 11410 0 10 
5700 9662 13123 10357 11014 11735 12455 11475 0 7 
5800 9952 13210 10206 10967 11656 12460 11363 0 4 
5900 10286 13107 10362 11021 11819 12418 11513 0 6 
6000 10794 13050 10398 11076 11761 12457 11520 0 4 
6100 11006 13082 10403 11040 11818 12454 11500 0 8 
6200 11493 13027 10474 11105 11835 12539 11558 0 7 
6300 11815 13024 10503 11110 11874 12553 11614 0 10 
6400 12053 13108 10433 11033 11837 12459 11572 0 5 
6500 12259 13108 10454 11099 11879 12477 11598 0 2 
6600 12362 13170 10505 11196 11967 12512 11684 0 4 
6700 12557 13179 10688 11286 11979 12538 11738 0 9 
6800 12479 13086 10643 11308 12018 12591 11716 0 8 
6900 12510 13099 10672 11290 12067 12586 11804 0 5 
7000 12610 13247 10590 11184 11943 12517 11701 0 1 
7100 12652 13122 10676 11328 12061 12578 11767 0 2 
7200 12725 13045 10708 11368 12045 12553 11840 0 5 
7300 12714 13172 10749 11364 12096 12534 11877 1 8 
7400 12835 13159 10744 11401 12074 12591 11846 0 3 
7500 12703 13100 10582 11202 11942 12562 11712 0 11 
7600 12726 13094 10732 11327 12136 12586 11790 0 6 
7700 12913 13117 10722 11411 12063 12662 11861 0 5 
7800 12840 13060 10759 11399 12133 12644 11897 0 2 
7900 12863 13112 10706 11285 12076 12552 11793 0 5 
8000 12908 13054 10893 11472 12177 12637 11951 0 4 
8100 12785 13098 10841 11456 12109 12582 11873 0 7 
8200 12735 13006 10720 11417 12072 12567 11832 0 2 
8300 12758 13167 10777 11390 12125 12673 11931 0 6 
8400 12859 13189 10687 11340 12007 12580 11778 0 5 
8500 12920 13114 10717 11281 12050 12465 11831 0 8 
8600 12873 13168 10738 11329 12122 12610 11876 0 3 
8700 12734 13097 10817 11456 12153 12649 11923 0 1 
8800 12747 13134 10825 11384 12155 12540 11928 0 3 
8900 12734 13226 10788 11385 12158 12614 11921 0 1 
9000 12806 13138 10603 11281 12054 12607 11804 0 6 
9100 12767 13165 10928 11475 12238 12702 11987 0 9 
9200 12708 13124 10908 11451 12171 12675 11902 0 7 
9300 12657 13163 10824 11481 12154 12654 11891 0 8 
9400 12732 13079 10773 11378 12130 12635 11904 0 9 
9500 12748 13186 10878 11434 12176 12663 11907 0 6 
9600 12735 13064 10844 11433 12131 12644 11906 0 15 
9700 12778 13047 10733 11381 12119 12662 11933 0 8 
9800 12845 13161 10894 11489 12182 12594 11968 0 7 
9900 12878 13131 10867 11503 12228 12675 11977 0 6 
10000 12755 13157 10861 11537 12229 12735 11973 0 5 
