# Avida tasks data
# Fri Apr 21 05:37:47 2023
# First column gives the current update, next columns give the number
# of organisms that have the particular task as a component of their merit
#  1: Update
#  2: Not
#  3: Nand
#  4: And
#  5: OrNot
#  6: Or
#  7: AndNot
#  8: Nor
#  9: Xor
# 10: Equals

0 0 0 0 0 0 0 0 0 0 
100 0 0 0 0 0 0 0 0 0 
200 0 0 0 0 0 0 0 0 0 
300 0 0 0 0 0 0 0 0 0 
400 0 0 0 0 0 0 0 0 0 
500 3 0 0 0 0 0 0 0 0 
600 23 0 0 0 0 0 0 0 0 
700 61 7 0 0 0 0 0 0 0 
800 212 35 0 0 0 0 0 0 0 
900 434 178 0 8 0 0 0 0 0 
1000 677 98 0 61 0 359 0 0 0 
1100 554 310 4 772 15 1531 0 0 0 
1200 432 159 2 1273 275 1788 0 0 0 
1300 417 144 3 1892 986 2354 0 0 0 
1400 372 131 4 2063 1218 2490 0 0 0 
1500 321 152 6 2167 1499 2599 0 0 0 
1600 249 108 2 2523 1758 2888 0 0 0 
1700 254 141 4 2878 1973 3133 3 0 0 
1800 286 455 2 2984 2196 3161 3 0 0 
1900 728 822 2 3173 1959 2851 3 0 0 
