# Avida tasks data
# Fri Apr 21 06:53:17 2023
# First column gives the current update, next columns give the number
# of organisms that have the particular task as a component of their merit
#  1: Update
#  2: Not
#  3: Nand
#  4: And
#  5: OrNot
#  6: Or
#  7: AndNot
#  8: Nor
#  9: Xor
# 10: Equals

0 0 0 0 0 0 0 0 0 0 
100 0 0 0 0 0 0 0 0 0 
200 0 0 0 0 0 0 0 0 0 
300 0 0 0 0 0 0 0 0 0 
400 0 0 0 0 0 0 0 0 0 
500 0 0 0 0 0 0 0 0 0 
600 0 0 0 0 0 0 0 0 0 
700 6 0 0 0 0 0 0 0 0 
800 31 0 0 0 0 0 0 0 0 
900 129 4 0 0 0 129 0 0 0 
1000 179 1092 2 44 0 1331 0 0 0 
1100 358 3867 13 2791 0 4243 0 0 0 
1200 1152 5721 36 4880 0 6038 0 0 0 
1300 2110 7169 39 6394 20 7348 0 0 0 
1400 2792 8510 56 7751 308 8624 4 0 0 
1500 2601 9269 47 8556 1488 9401 128 0 0 
1600 2400 9995 43 8950 2617 10127 787 14 707 
1700 2090 10220 68 9429 4081 10356 866 15 2632 
1800 2377 10565 75 9923 4881 10684 2500 21 3632 
1900 3766 11080 101 10478 5691 11189 4052 19 4601 
2000 4828 11484 117 10852 6553 11568 4996 20 5441 
2100 5858 11682 179 11122 7215 11771 5904 24 6152 
2200 6665 11947 180 11441 8021 11974 6689 20 6910 
2300 7294 12129 176 11625 8717 12110 7217 1650 7584 
2400 7759 12221 210 11651 9490 12224 7592 3080 8237 
2500 8335 12327 220 11756 10190 12284 8084 4326 8915 
2600 8790 12427 226 11778 10664 12317 8532 5401 9482 
2700 9357 12543 263 11876 11049 12479 8971 6502 9879 
2800 9733 12685 268 11901 11378 12572 9187 7566 10175 
2900 9928 12757 323 11882 11515 12596 9322 8329 10270 
3000 10212 12885 339 12017 11874 12655 9617 9131 10625 
3100 10449 13005 289 12037 12093 12687 9903 9702 10833 
3200 10717 13017 296 11938 12113 12676 9981 9987 10854 
3300 10886 13160 284 12109 12308 12823 10167 10303 11057 
3400 10975 13151 331 12142 12307 12799 10231 10554 11175 
3500 11109 13097 365 11961 12316 12667 10266 10548 11030 
3600 11246 13124 314 12094 12416 12744 10447 10794 11181 
3700 11152 13114 390 12047 12355 12775 10423 10722 11069 
3800 11127 13141 430 12078 12370 12718 10352 10787 11104 
3900 11097 13129 557 12112 12410 12776 10342 10681 11098 
4000 10976 13101 589 12089 12355 12789 10385 10697 11078 
4100 10847 13182 705 12070 12352 12824 10340 10776 11150 
4200 10827 13186 796 12137 12460 12796 10401 10864 11190 
4300 10734 13185 930 12133 12357 12793 10392 10750 11163 
4400 10611 13197 1079 12188 12490 12778 10413 10864 11275 
4500 10456 13113 1228 12140 12364 12729 10391 10776 11094 
4600 10501 13047 1432 12017 12307 12720 10292 10737 11072 
4700 10588 13136 1733 12160 12470 12799 10539 10871 11216 
4800 10607 13126 1948 12033 12351 12759 10323 10707 11064 
4900 10538 13128 2362 12129 12404 12773 10341 10882 11198 
5000 10682 13145 2758 12014 12490 12785 10416 10827 11133 
5100 10919 13080 3018 11894 12374 12767 10412 10895 11155 
5200 11131 13155 3590 11980 12434 12853 10494 10880 11134 
5300 11181 13139 4250 11842 12391 12885 10448 10828 11073 
5400 11302 13122 4974 11754 12347 12789 10443 10880 11106 
5500 11369 13081 5738 11622 12300 12798 10415 10783 10996 
5600 11386 13052 6405 11617 12437 12694 10522 10820 11017 
5700 11501 13138 6979 11574 12571 12849 10622 11103 11165 
5800 11648 13066 7676 11507 12414 12841 10613 10962 11028 
5900 11684 13149 8125 11497 12480 12901 10649 11009 11100 
6000 11686 13139 8692 11480 12498 12865 10696 11028 11080 
6100 11700 13115 9056 11410 12530 12853 10630 10989 11028 
6200 11745 13181 9623 11396 12530 12926 10811 11064 11078 
6300 11826 13234 9961 11399 12544 12957 10772 11128 11131 
6400 11884 13172 10291 11418 12581 12937 10892 11188 11206 
6500 11827 13111 10458 11365 12540 12880 10881 11123 11141 
6600 11914 13186 10684 11402 12629 12885 10986 11244 11262 
6700 11939 13198 10947 11515 12681 12949 11117 11317 11287 
6800 12098 13139 11045 11556 12726 12926 11164 11356 11354 
6900 11997 13191 11089 11580 12626 12897 11092 11342 11323 
7000 12023 13294 11194 11545 12714 12949 11192 11440 11368 
7100 11945 13125 11020 11474 12603 12792 11059 11249 11295 
7200 12047 13238 11280 11598 12705 12912 11252 11365 11361 
7300 12137 13295 11401 11623 12667 12977 11289 11478 11475 
7400 12055 13240 11251 11501 12644 12961 11142 11352 11359 
7500 11997 13239 11244 11560 12617 12966 11136 11434 11403 
7600 12118 13290 11326 11595 12787 12993 11181 11464 11511 
7700 12067 13220 11350 11582 12673 12910 11189 11415 11436 
7800 12147 13309 11489 11668 12787 12992 11317 11549 11511 
7900 12274 13313 11567 11676 12868 12967 11412 11659 11624 
8000 12368 13391 11749 11876 12940 13065 11548 11705 11714 
8100 12221 13271 11574 11702 12798 13049 11439 11575 11592 
8200 12309 13218 11492 11652 12856 12994 11422 11531 11590 
8300 12192 13283 11644 11749 12839 13086 11395 11633 11679 
8400 12252 13299 11592 11687 12888 12976 11462 11603 11658 
8500 12274 13214 11530 11696 12768 12905 11319 11522 11495 
8600 12306 13251 11589 11684 12891 12932 11460 11670 11664 
8700 12469 13342 11756 11834 12998 13039 11605 11758 11842 
8800 12387 13372 11731 11870 12977 13017 11568 11775 11824 
8900 12414 13308 11683 11871 12922 13047 11490 11678 11739 
9000 12273 13279 11733 11862 12898 13052 11508 11626 11729 
9100 12339 13301 11750 11842 12833 13070 11468 11632 11726 
9200 12341 13350 11829 11875 12857 12996 11564 11642 11800 
9300 12300 13322 11694 11813 12900 13036 11546 11620 11730 
9400 12409 13388 11940 12018 13006 13125 11689 11884 11927 
9500 12411 13322 11805 11889 12990 13003 11643 11769 11841 
9600 12330 13291 11728 11906 12951 13015 11601 11692 11782 
9700 12484 13384 11824 11972 13000 13089 11757 11865 11978 
9800 12422 13290 11861 11954 12911 12956 11683 11714 11814 
9900 12459 13302 11891 12014 12919 13046 11634 11780 11837 
10000 12504 13310 11930 12035 12894 13081 11722 11816 11866 
