# Avida tasks data
# Fri Apr 21 10:33:04 2023
# First column gives the current update, next columns give the number
# of organisms that have the particular task as a component of their merit
#  1: Update
#  2: Not
#  3: Nand
#  4: And
#  5: OrNot
#  6: Or
#  7: AndNot
#  8: Nor
#  9: Xor
# 10: Equals

0 0 0 0 0 0 0 0 0 0 
100 0 0 0 0 0 0 0 0 0 
200 0 0 0 0 0 0 0 0 0 
300 0 0 0 0 0 0 0 0 0 
400 0 0 0 0 0 0 0 0 0 
500 0 0 0 0 0 0 0 0 0 
600 0 0 0 0 0 0 0 0 0 
700 0 0 0 0 0 0 0 0 0 
800 154 0 0 0 0 0 0 0 0 
900 724 0 0 6 0 0 0 0 0 
1000 1855 259 0 136 0 0 0 0 0 
1100 3687 818 0 1060 1092 0 0 0 0 
1200 5617 1006 4 3163 2792 0 0 0 0 
1300 6902 1122 3 4953 4340 0 0 0 0 
1400 8039 1981 1 6328 5615 0 0 0 0 
1500 9287 3489 2 7803 7100 2 0 0 0 
1600 10041 4796 5 8773 8081 2 151 0 0 
1700 10305 5173 3 9026 8369 13 2231 0 0 
1800 10620 6136 3 9361 8895 19 4014 0 0 
1900 10996 7128 1 9798 9467 100 5254 0 0 
2000 11223 8515 10 10078 9794 1817 6780 0 0 
2100 11323 9719 18 10187 9863 3419 7927 0 0 
2200 11480 10688 40 10453 10005 4890 8879 0 0 
2300 11725 11475 50 10683 10285 6128 9578 0 0 
2400 12075 12138 47 10868 10467 7492 10174 0 0 
2500 12505 12774 48 11467 11095 8680 10973 0 0 
2600 12697 13128 80 11728 11317 9681 11303 0 0 
2700 12780 13327 60 11783 11417 10581 11409 0 0 
2800 12880 13408 69 11891 11585 11137 11585 0 0 
2900 12944 13510 71 11920 11569 11696 11571 0 0 
3000 12902 13540 57 11964 11534 12129 11590 0 0 
3100 12919 13569 77 12005 11674 12386 11733 0 0 
3200 12974 13453 89 12010 11580 12456 11715 0 0 
3300 12971 13543 74 12192 11743 12696 11720 0 0 
3400 12946 13555 86 12145 11715 12714 11740 0 0 
3500 12872 13563 55 12116 11679 12686 11701 0 0 
3600 12916 13525 82 12097 11644 12590 11633 0 0 
3700 12975 13497 96 12204 11804 12672 11750 0 0 
3800 12941 13599 75 12208 11838 12652 11803 0 0 
3900 12939 13574 56 12130 11784 12737 11687 0 0 
4000 13014 13562 83 12080 11806 12745 11822 0 0 
4100 12881 13558 110 12015 11672 12669 11711 0 0 
4200 12933 13592 72 12107 11703 12772 11749 0 0 
4300 12996 13531 77 12104 11741 12701 11754 0 0 
4400 12908 13548 62 12090 11745 12749 11686 0 0 
4500 12959 13549 68 12015 11776 12773 11712 0 0 
4600 12948 13558 78 12042 11719 12723 11730 0 0 
4700 13010 13562 64 12117 11793 12763 11852 0 0 
4800 13002 13500 77 12113 11766 12641 11801 0 0 
4900 12979 13547 66 12016 11771 12745 11825 0 0 
5000 12994 13541 78 12089 11847 12668 11786 0 0 
5100 13037 13541 64 12151 11984 12743 11905 0 0 
5200 13090 13536 69 12220 11974 12797 11941 0 0 
5300 12976 13547 95 12148 11985 12728 11839 0 1 
5400 12979 13602 64 12150 11926 12769 11843 0 0 
5500 12987 13570 67 12185 11955 12793 11869 0 0 
5600 13002 13606 56 12088 11962 12865 11870 0 0 
5700 13092 13585 81 12199 11990 12858 11892 0 0 
5800 13076 13589 92 12176 11918 12793 11890 0 0 
5900 13070 13629 82 12205 12019 12876 11858 0 0 
6000 13046 13606 70 12194 11947 12822 11819 0 2 
6100 13043 13562 82 12146 11890 12740 11811 0 0 
6200 13036 13550 74 12215 11984 12780 11922 0 0 
6300 13107 13568 59 12210 12105 12916 12010 0 0 
6400 13051 13528 87 12187 12007 12773 11924 0 0 
6500 13060 13547 88 12192 11990 12756 11894 0 0 
6600 13096 13573 63 12276 12049 12837 11965 0 0 
6700 13169 13543 61 12353 12088 12776 11990 0 0 
6800 13069 13513 78 12227 12094 12708 11913 0 0 
6900 13109 13599 70 12158 12018 12851 11882 0 0 
7000 13049 13594 71 12207 11984 12726 11816 0 0 
7100 13081 13544 68 12194 12050 12852 11906 0 0 
7200 13119 13557 90 12206 12043 12766 11904 0 0 
7300 12990 13564 73 12120 11941 12804 11824 0 0 
7400 13079 13544 78 12204 12163 12792 11973 0 0 
7500 13033 13605 64 12022 11938 12772 11822 0 0 
7600 13088 13580 77 12228 12070 12761 11968 0 0 
7700 13102 13623 83 12197 12079 12807 11926 0 0 
7800 13157 13618 85 12233 12076 12868 11945 0 0 
7900 13110 13564 75 12224 12015 12781 11903 0 0 
8000 13114 13645 64 12231 12051 12863 11970 0 0 
8100 13103 13602 77 12202 12089 12861 12026 0 0 
8200 13085 13615 93 12188 11985 12776 11855 0 0 
8300 13124 13588 58 12266 12083 12901 11944 0 0 
8400 13066 13620 42 12248 12076 12907 11982 0 0 
8500 13088 13653 51 12185 12084 12969 11921 0 0 
8600 13071 13593 62 12236 12056 12958 11937 0 0 
8700 13070 13617 66 12132 12063 12791 11947 0 0 
8800 13177 13559 64 12234 12028 12791 11969 0 0 
8900 13100 13607 55 12102 12047 12818 11881 0 0 
9000 13096 13619 53 12228 12051 12787 11940 0 0 
9100 13040 13515 82 12152 12053 12755 11939 0 0 
9200 13027 13613 61 12214 12086 12909 11878 0 1 
9300 13056 13621 72 12227 12097 12793 11914 0 0 
9400 13063 13554 69 12043 11932 12737 11723 0 0 
9500 13107 13604 76 12133 12080 12854 11916 0 0 
9600 13122 13591 63 12116 12220 12834 11953 0 0 
9700 13132 13597 54 12275 12131 12888 11996 0 0 
9800 13084 13601 55 12139 12122 12832 11926 0 0 
9900 13148 13632 59 12229 12220 12894 12005 0 0 
10000 13182 13557 55 12206 12207 12877 12031 0 0 
