# Avida tasks data
# Fri Apr 21 13:30:10 2023
# First column gives the current update, next columns give the number
# of organisms that have the particular task as a component of their merit
#  1: Update
#  2: Not
#  3: Nand
#  4: And
#  5: OrNot
#  6: Or
#  7: AndNot
#  8: Nor
#  9: Xor
# 10: Equals

0 0 0 0 0 0 0 0 0 0 
100 0 0 0 0 0 0 0 0 0 
200 0 0 0 0 0 0 0 0 0 
300 0 0 0 0 0 0 0 0 0 
400 0 38 0 0 0 0 0 0 0 
500 2 176 0 189 0 0 0 0 0 
600 222 656 27 817 0 0 0 0 0 
700 522 1065 22 1245 0 0 0 0 0 
800 841 1463 5 1657 75 0 0 0 0 
900 1188 1699 0 2022 249 0 0 0 0 
1000 1502 1940 0 2397 438 0 0 0 0 
1100 1948 2156 0 2839 648 1 0 0 0 
1200 2320 2272 0 3252 942 0 0 0 0 
1300 2735 2381 0 3709 1258 0 0 0 0 
1400 3155 2530 0 4155 1620 2 0 0 0 
1500 3656 2766 0 4689 1960 1 0 0 0 
1600 4073 2914 0 5161 2299 0 0 0 0 
1700 4602 3020 0 5630 2715 0 0 0 0 
1800 5073 3080 0 6104 3131 0 0 0 0 
1900 5680 3171 0 6657 3657 0 0 0 0 
2000 6310 3282 0 7238 4095 2 0 0 0 
2100 6949 3466 0 7956 4689 0 0 0 0 
2200 7527 3686 1 8565 5147 2 0 0 0 
2300 8074 3845 0 8977 5519 2 0 0 0 
2400 8563 4087 0 9468 5911 0 0 0 0 
2500 8979 4349 0 9978 6361 0 1 0 0 
2600 9469 4520 2 10317 6669 29 0 0 0 
2700 9861 4637 8 10615 7050 137 1 0 0 
2800 10153 4784 69 10857 7391 179 7 0 0 
2900 10306 4905 249 10955 7577 243 0 0 0 
3000 10466 4636 635 10997 7807 667 0 0 0 
3100 10466 4504 974 10999 7921 1003 1 0 0 
3200 10542 4343 1197 11014 8044 1216 1 0 0 
3300 10590 4238 1513 11117 8199 1587 4 0 0 
3400 10575 4110 1607 11052 8210 1669 10 0 0 
3500 10577 4020 1807 11070 8291 1865 9 0 0 
3600 10601 3969 2003 11082 8389 2053 3 0 0 
3700 10596 3915 2134 11045 8390 2186 12 0 0 
3800 10568 3862 2304 11096 8508 2349 5 0 0 
3900 10550 3794 2361 11020 8559 2422 12 0 0 
4000 10590 3743 2538 11051 8636 2601 15 0 0 
4100 10628 3742 2677 11058 8680 2754 13 0 0 
4200 10713 3759 2865 11149 8771 2924 4 0 0 
4300 10800 3762 3050 11217 8922 3126 9 0 0 
4400 10789 3750 3208 11244 8933 3273 5 0 0 
4500 10726 3769 3275 11202 8914 3341 7 0 0 
4600 10725 3739 3368 11235 8974 3422 12 0 0 
4700 10756 3756 3498 11249 8977 3566 17 0 0 
4800 10781 3824 3646 11328 8984 3721 8 0 0 
4900 10818 3811 3751 11277 9087 3809 12 0 0 
5000 10838 3843 3856 11298 9093 3931 12 0 0 
5100 10858 3873 3995 11308 9126 4078 10 0 0 
5200 10915 3907 4176 11428 9288 4249 14 0 0 
5300 10939 3972 4270 11422 9316 4324 13 0 0 
5400 11007 3993 4375 11412 9314 4411 6 0 0 
5500 11041 4070 4457 11469 9454 4507 5 0 0 
5600 11052 4172 4551 11464 9435 4586 11 0 0 
5700 10989 4242 4502 11417 9394 4521 15 0 0 
5800 11031 4337 4577 11427 9433 4645 11 0 0 
5900 11092 4405 4727 11466 9542 4788 15 0 0 
6000 11168 4373 4748 11493 9584 4798 14 0 0 
6100 11159 4392 4846 11501 9587 4887 10 0 0 
6200 11156 4434 4883 11432 9525 4913 12 0 0 
6300 11186 4499 5020 11583 9645 5054 10 0 0 
6400 11166 4593 5070 11554 9660 5097 8 0 0 
6500 11138 4706 5185 11547 9645 5182 11 0 0 
6600 11131 4741 5287 11680 9813 5295 10 0 0 
6700 11188 4813 5365 11696 9858 5387 9 0 0 
6800 11246 4881 5320 11628 9803 5343 11 0 0 
6900 11260 4945 5382 11691 9839 5431 11 0 0 
7000 11238 4953 5401 11587 9766 5414 13 0 0 
7100 11285 5055 5518 11708 9898 5541 15 0 0 
7200 11324 5048 5559 11683 9943 5603 17 0 0 
7300 11289 5113 5668 11684 9979 5696 18 0 0 
7400 11311 5183 5805 11755 10037 5809 16 0 0 
7500 11354 5219 5932 11825 10148 5966 12 0 0 
7600 11356 5341 6047 11845 10188 6064 15 0 0 
7700 11403 5416 6105 11844 10232 6110 12 0 0 
7800 11449 5522 6190 11881 10331 6170 14 0 0 
7900 11473 5634 6284 11932 10354 6262 11 0 0 
8000 11411 5719 6300 11896 10338 6260 9 0 0 
8100 11409 5848 6308 11913 10369 6275 11 0 0 
8200 11382 5972 6378 11922 10406 6329 6 0 0 
8300 11371 6000 6447 11985 10412 6400 7 0 0 
8400 11367 6033 6462 11979 10413 6418 8 0 0 
8500 11394 6146 6590 12014 10463 6556 7 0 0 
8600 11387 6159 6508 11967 10493 6482 9 0 0 
8700 11397 6199 6527 11987 10522 6491 10 0 0 
8800 11398 6300 6584 12027 10549 6563 16 0 0 
8900 11467 6469 6670 12041 10577 6665 13 0 0 
9000 11505 6505 6812 12100 10641 6776 11 0 0 
9100 11465 6602 6781 12082 10654 6744 12 0 0 
9200 11484 6617 6798 12058 10610 6779 13 0 0 
9300 11466 6702 6798 12019 10619 6756 15 0 0 
9400 11569 6856 6974 12077 10651 6906 15 0 0 
9500 11516 6897 6961 12081 10620 6879 17 0 0 
9600 11507 6979 7017 12097 10663 6899 13 0 0 
9700 11478 7046 7101 12082 10665 6982 15 0 0 
9800 11431 7071 7154 12123 10718 7048 13 0 0 
9900 11433 7155 7218 12123 10753 7126 11 0 0 
10000 11427 7253 7281 12134 10740 7148 7 0 0 
