# Avida tasks data
# Fri Apr 21 09:06:14 2023
# First column gives the current update, next columns give the number
# of organisms that have the particular task as a component of their merit
#  1: Update
#  2: Not
#  3: Nand
#  4: And
#  5: OrNot
#  6: Or
#  7: AndNot
#  8: Nor
#  9: Xor
# 10: Equals

0 0 0 0 0 0 0 0 0 0 
100 0 0 0 0 0 0 0 0 0 
200 0 0 0 0 0 0 0 0 0 
300 0 0 0 0 0 0 0 0 0 
400 0 0 0 0 0 0 0 0 0 
500 0 0 0 0 0 0 0 0 0 
600 4 0 0 0 0 0 0 0 0 
700 26 4 0 0 0 0 0 0 0 
800 70 15 0 0 0 0 0 0 0 
900 182 33 0 0 0 0 0 0 0 
1000 365 120 0 0 0 0 0 0 0 
1100 545 306 0 362 0 0 0 0 0 
1200 492 851 8 1959 0 0 0 0 0 
1300 624 1765 16 3831 792 376 16 0 0 
1400 1899 2877 14 5105 2018 1338 22 0 0 
1500 2959 4228 31 6173 3083 1884 54 0 0 
1600 3864 4630 38 7087 4289 3011 202 0 0 
1700 4857 4756 113 7583 5026 4891 59 0 0 
1800 5433 5500 206 8070 5573 6198 111 0 0 
1900 6324 6414 249 8720 6512 7259 110 0 0 
2000 7315 7479 422 9393 7475 8155 126 0 0 
2100 7799 8086 1875 9897 8079 8695 115 0 0 
2200 8003 8476 3130 10074 8396 8958 112 0 1 
2300 8322 8935 4369 10256 8651 9161 153 0 0 
2400 8380 9406 5546 10371 8839 9253 152 0 3 
2500 8690 9951 6530 10492 9201 9461 185 0 2 
2600 8902 10537 7519 10716 9451 9653 366 0 2 
2700 9625 11080 8403 10994 9915 9982 1116 0 4 
2800 10121 11510 8967 11322 10339 10205 2281 0 3 
2900 10480 11861 9490 11495 10646 10488 3742 0 2 
3000 10808 12117 9714 11593 10817 10600 4990 0 0 
3100 11236 12399 10000 11810 11073 10749 6172 0 3 
3200 11501 12616 10307 11961 11278 10980 7184 0 3 
3300 11678 12989 10485 12213 11524 11112 8163 1 3 
3400 11959 13154 10732 12290 11676 11295 8840 0 2 
3500 12088 13280 10882 12453 11868 11403 9468 0 8 
3600 12371 13396 11178 12670 12110 11686 10039 0 0 
3700 12505 13472 11175 12718 12165 11676 10467 0 4 
3800 12510 13505 11168 12717 12136 11640 10898 0 3 
3900 12619 13620 11316 12695 12222 11756 11465 2 6 
4000 12708 13592 11262 12739 12203 11665 11776 0 5 
4100 12721 13617 11216 12694 12207 11720 11946 0 6 
4200 12631 13618 11376 12816 12278 11799 12116 2 8 
4300 12577 13578 11364 12757 12229 11727 12180 0 5 
4400 12700 13536 11276 12777 12235 11723 12269 0 6 
4500 12671 13599 11327 12781 12267 11786 12119 0 2 
4600 12778 13572 11255 12695 12159 11646 12090 0 9 
4700 12673 13626 11390 12750 12297 11813 12173 0 5 
4800 12661 13649 11297 12751 12231 11787 12166 1 8 
4900 12687 13568 11252 12673 12165 11669 12217 0 7 
5000 12707 13577 11231 12647 12132 11662 12103 0 8 
5100 12680 13631 11233 12637 12145 11645 12152 0 13 
