# Avida tasks data
# Fri Apr 21 13:40:38 2023
# First column gives the current update, next columns give the number
# of organisms that have the particular task as a component of their merit
#  1: Update
#  2: Not
#  3: Nand
#  4: And
#  5: OrNot
#  6: Or
#  7: AndNot
#  8: Nor
#  9: Xor
# 10: Equals

0 0 0 0 0 0 0 0 0 0 
100 0 0 0 0 0 0 0 0 0 
200 0 0 0 0 0 0 0 0 0 
300 0 0 0 0 0 0 0 0 0 
400 0 0 0 0 0 0 0 0 0 
500 0 0 0 0 0 0 0 0 0 
600 0 0 0 0 0 0 0 0 0 
700 0 0 0 0 0 0 0 0 0 
800 508 0 0 0 0 0 0 0 0 
900 2351 19 0 0 0 0 0 0 0 
1000 4444 75 0 3 0 0 0 0 0 
1100 5796 162 0 1 0 4 0 0 0 
1200 6526 1512 0 25 0 13 0 0 0 
1300 7105 3590 0 651 0 20 0 0 0 
1400 7627 5462 1 1788 11 10 0 0 0 
1500 8265 6918 2 2972 18 12 0 0 0 
1600 8733 7992 1 3963 26 2 176 0 0 
1700 8899 8320 2 4859 26 15 1875 0 0 
1800 9132 8679 0 5756 24 19 3267 0 0 
1900 9448 9174 1 6754 20 22 4493 0 0 
2000 9889 9776 2 7729 30 28 5506 0 0 
2100 10473 10383 16 8638 38 35 6510 0 0 
2200 10968 10949 59 9564 34 189 7443 0 0 
2300 11366 11360 76 10382 34 561 8120 0 0 
2400 11653 11605 81 10922 40 1009 8781 0 0 
2500 11954 11976 100 11427 29 1593 9326 1 0 
2600 12042 12227 138 11750 35 2328 9748 3 0 
2700 12286 12547 286 12171 44 3039 10136 1 0 
2800 12514 12898 572 12554 35 3816 10302 8 0 
2900 12701 13130 700 12721 21 4484 10542 0 0 
3000 12802 13147 963 12762 27 5151 10637 1 0 
3100 12925 13232 1248 12927 36 5891 10694 8 0 
3200 12817 13200 1566 12896 36 6551 10673 8 0 
3300 12835 13197 1763 12791 34 6897 10415 3 0 
3400 12974 13176 2144 12859 32 7492 10680 6 0 
3500 12828 13158 2454 12766 34 7916 10577 2 7 
3600 12825 13233 2821 12827 169 8424 10675 0 31 
3700 12874 13251 3145 12829 603 8881 10697 5 71 
3800 12926 13175 3299 12770 995 9312 10602 3 115 
3900 13042 13225 3608 12784 1542 9614 10523 2 146 
4000 13094 13220 3923 12844 2073 9886 10417 9 257 
4100 13149 13232 4351 12854 2686 10155 10384 10 312 
4200 13099 13182 4686 12686 3269 10358 10333 7 353 
4300 13055 13274 5273 12643 3866 10653 10529 6 337 
4400 12994 13233 5660 12667 4490 10785 10450 4 331 
4500 13106 13201 6212 12683 5129 11152 10397 3 299 
4600 12979 13123 6832 12723 5672 11324 10567 1 261 
4700 13106 13222 7487 12825 6303 11690 10738 2 200 
4800 13067 13174 8034 12764 6747 11740 10756 2 166 
4900 13067 13151 8409 12769 7271 12036 10758 2 139 
5000 13165 13171 9086 12753 7938 12198 10893 0 84 
5100 13177 13177 9381 12756 8367 12435 10908 0 45 
5200 13154 13119 9591 12691 8609 12506 10872 0 22 
5300 13126 13191 9850 12677 9051 12532 10936 0 11 
5400 13176 13231 10106 12854 9445 12547 11170 0 8 
5500 13204 13183 10082 12723 9618 12757 11106 0 2 
5600 13176 13126 9981 12704 9610 12636 11180 0 153 
5700 13144 13257 9935 12884 9490 12614 11311 0 583 
5800 13186 13187 9258 12858 8946 12659 11251 0 1215 
5900 13208 13218 8533 12811 8260 12666 11330 0 2006 
6000 13167 13237 7800 12832 7508 12694 11439 1 2878 
6100 13227 13184 7157 12785 6785 12624 11472 0 3694 
6200 13200 13150 6358 12800 6086 12666 11473 0 4460 
6300 13205 13239 5878 12850 6011 12720 11585 0 5052 
6400 13176 13250 5220 12857 6013 12650 11635 0 5815 
6500 13210 13211 4732 12826 6207 12528 11661 0 6384 
6600 13168 13236 4169 12886 6516 12579 11648 0 6885 
6700 13242 13262 3591 12770 6801 12568 11648 0 7366 
6800 13227 13207 3028 12809 7089 12678 11775 0 8038 
6900 13263 13247 2596 12891 7465 12647 11743 0 8446 
7000 13223 13113 2204 12812 7719 12699 11653 0 8770 
7100 13219 13109 1878 12824 8120 12724 11687 0 9191 
7200 13116 13120 1542 12751 8214 12637 11606 0 9470 
7300 13188 13131 1306 12790 8542 12536 11690 0 9819 
7400 13126 13189 1144 12787 8803 12575 11788 0 9978 
7500 13146 13234 975 12722 8898 12608 11848 0 10260 
7600 13163 13198 843 12804 9103 12644 11862 0 10434 
7700 13178 13112 769 12752 9157 12559 11761 0 10463 
7800 13160 13197 625 12773 9084 12634 11664 0 10445 
7900 13242 13113 515 12769 9217 12685 11618 0 10470 
8000 13321 13155 491 12837 9416 12671 11686 0 10568 
8100 13334 13249 451 12919 9674 12669 11829 0 10860 
8200 13220 13213 430 12915 9613 12690 11769 0 10765 
8300 13175 13131 438 12833 9551 12578 11794 1 10783 
8400 13232 13139 433 12795 9569 12632 11655 0 10717 
8500 13215 13196 395 12867 9770 12649 11770 0 10833 
8600 13229 13242 378 12879 9836 12645 11802 0 10818 
8700 13228 13215 332 12876 9947 12618 11850 0 10938 
8800 13233 13176 375 12824 9923 12697 11785 0 10813 
8900 13270 13219 438 12940 9806 12691 11750 0 10723 
9000 13244 13203 403 12926 9864 12620 11796 0 10860 
9100 13195 13177 374 12871 9770 12531 11750 0 10740 
9200 13250 13187 341 12764 9841 12633 11775 0 10785 
9300 13205 13295 375 12876 9936 12755 11844 0 10924 
9400 13241 13151 329 12935 9870 12753 11762 1 10859 
9500 13264 13189 367 12892 9887 12650 11827 0 10834 
9600 13314 13168 359 12941 9967 12795 11802 0 10881 
9700 13254 13204 381 13021 9950 12552 11859 0 10929 
9800 13247 13107 357 12878 9783 12679 11687 0 10754 
9900 13164 13231 363 12971 9841 12641 11824 1 10846 
10000 13306 13290 342 13010 9989 12747 11818 0 10917 
