# Avida tasks data
# Fri Apr 21 08:50:40 2023
# First column gives the current update, next columns give the number
# of organisms that have the particular task as a component of their merit
#  1: Update
#  2: Not
#  3: Nand
#  4: And
#  5: OrNot
#  6: Or
#  7: AndNot
#  8: Nor
#  9: Xor
# 10: Equals

0 0 0 0 0 0 0 0 0 0 
100 0 0 0 0 0 0 0 0 0 
200 0 0 0 0 0 0 0 0 0 
300 0 0 0 0 0 0 0 0 0 
400 0 0 0 0 0 0 0 0 0 
500 9 0 0 0 0 0 0 0 0 
600 9 0 0 0 0 0 0 0 0 
700 62 0 0 0 0 0 0 0 0 
800 267 0 0 0 0 0 0 0 0 
900 374 4 0 266 0 0 0 0 0 
1000 256 43 0 1591 0 0 0 0 0 
1100 217 450 0 3460 0 0 0 0 0 
1200 638 1247 0 5645 197 0 0 0 0 
1300 860 1797 0 6255 2029 1201 1 0 0 
1400 963 3649 10 6638 3327 3055 2 0 0 
1500 1283 5156 11 7305 4551 4486 4 0 0 
1600 2243 6461 12 7853 5645 5761 2 0 0 
1700 3362 7640 19 8664 6880 6843 9 0 0 
1800 4636 8686 18 9346 7860 8001 4 0 0 
1900 5478 9638 34 9887 8757 8932 7 0 0 
2000 6271 10540 29 10514 9715 9765 7 0 0 
2100 7106 11209 42 10902 10283 10284 9 0 0 
2200 8000 11730 43 11335 10862 10865 9 0 0 
2300 8825 12130 31 11722 11314 11307 10 0 0 
2400 9522 12464 38 12128 11774 11714 8 0 0 
2500 10106 12744 24 12431 12023 12023 13 0 0 
2600 10505 12947 18 12555 12185 12109 10 0 0 
2700 10822 12967 31 12646 12176 12203 13 0 0 
2800 11237 13119 454 12723 12244 12369 12 0 0 
2900 11499 13184 1718 12720 12289 12492 12 0 0 
3000 11593 13128 3115 12694 12309 12492 12 0 0 
3100 11866 13217 4431 12764 12348 12547 9 0 0 
3200 12087 13278 5553 12836 12472 12601 12 0 0 
3300 12378 13217 6838 12828 12452 12724 4 0 0 
3400 12516 13223 7811 12862 12520 12677 6 0 0 
3500 12677 13246 8862 12869 12500 12714 4 0 0 
3600 12793 13242 9872 12814 12370 12856 0 0 0 
3700 12899 13169 10452 12815 12393 12793 59 0 0 
3800 13036 13228 11008 12878 12529 12813 423 0 0 
3900 13063 13287 11418 12863 12469 12886 1015 0 1 
4000 13126 13331 11606 12904 12490 12791 1778 0 0 
4100 13244 13234 11798 12890 12524 12849 2558 0 0 
4200 13243 13343 11847 12922 12564 12865 3340 3 0 
4300 13244 13407 12007 12991 12586 12888 4202 2 0 
4400 13318 13438 12076 12960 12622 12929 4818 0 0 
4500 13175 13425 12062 12905 12492 12977 5582 2 0 
4600 13236 13389 12087 12985 12616 12892 6518 0 0 
4700 13274 13387 12173 12912 12620 13011 7346 2 0 
4800 13254 13367 12158 12869 12424 12959 8105 1 0 
4900 13293 13365 12118 12962 12554 12849 8942 0 0 
5000 13318 13429 12165 12965 12536 12923 9643 2 0 
5100 13305 13412 12212 12968 12512 13001 10096 5 0 
5200 13372 13434 12179 12965 12514 13034 10527 1 0 
5300 13395 13434 12270 13001 12621 12975 10981 8 0 
5400 13366 13468 12172 13001 12573 12884 11166 17 0 
5500 13296 13408 12172 12931 12574 12947 11218 21 0 
5600 13316 13455 12147 12942 12508 12915 11385 32 0 
5700 13362 13373 12191 12913 12526 12936 11434 25 0 
5800 13337 13389 12249 12980 12582 12988 11502 12 0 
5900 13367 13373 12281 13030 12549 12998 11493 19 0 
6000 13449 13450 12331 13032 12658 12991 11692 16 0 
6100 13415 13446 12247 13039 12560 12990 11552 5 0 
6200 13415 13478 12220 12922 12563 13008 11539 3 0 
6300 13492 13419 12343 13069 12675 13023 11666 3 0 
6400 13354 13431 12232 12919 12618 13030 11574 0 0 
6500 13461 13592 12368 13046 12655 13008 11716 0 0 
6600 13394 13487 12208 13010 12666 12942 11553 1 0 
6700 13391 13544 12246 12989 12668 12960 11608 4 0 
6800 13416 13508 12283 13029 12613 13005 11676 2 0 
6900 13361 13497 12273 13012 12583 12958 11614 0 0 
7000 13378 13461 12273 13023 12673 13037 11656 0 0 
7100 13439 13488 12328 13026 12663 12950 11711 0 0 
7200 13377 13389 12326 13030 12609 13058 11671 2 0 
7300 13367 13474 12323 13095 12674 13002 11646 2 0 
7400 13450 13478 12328 13072 12653 12957 11821 1 0 
7500 13373 13478 12292 13063 12595 13103 11568 0 0 
7600 13442 13512 12233 12991 12667 12980 11752 0 0 
7700 13391 13429 12180 12959 12567 13008 11704 0 0 
7800 13441 13465 12354 13071 12708 13048 11758 1 0 
7900 13407 13497 12296 13062 12679 12972 11737 0 0 
8000 13380 13584 12275 13031 12596 12992 11643 0 0 
8100 13493 13505 12389 13067 12720 13093 11726 2 0 
8200 13454 13552 12310 13082 12711 13005 11812 1 0 
8300 13403 13531 12307 13065 12655 13024 11730 0 0 
8400 13457 13520 12405 13024 12648 13079 11770 0 0 
8500 13405 13425 12456 13088 12685 13158 11697 0 0 
8600 13464 13489 12348 13020 12722 13079 11802 0 0 
8700 13430 13411 12398 13086 12760 13069 11766 1 0 
8800 13445 13469 12336 13086 12688 13081 11777 0 0 
8900 13417 13482 12412 13106 12746 13077 11877 0 0 
9000 13469 13459 12496 13120 12689 13145 11824 0 0 
9100 13449 13424 12295 13080 12705 13017 11779 0 0 
9200 13475 13497 12302 13118 12778 13041 11805 0 0 
9300 13477 13574 12349 13159 12799 13031 11868 0 0 
9400 13443 13438 12345 13087 12726 12957 11861 0 0 
9500 13494 13503 12422 13129 12782 13068 11847 0 0 
9600 13495 13521 12362 13110 12770 13058 11803 0 0 
9700 13534 13600 12419 13204 12793 13017 11885 0 0 
9800 13487 13488 12416 13143 12762 13112 11823 1 0 
9900 13520 13537 12359 13127 12751 13061 11874 0 0 
10000 13496 13556 12387 13152 12747 13051 11809 0 0 
