# Avida tasks data
# Fri Apr 21 05:06:59 2023
# First column gives the current update, next columns give the number
# of organisms that have the particular task as a component of their merit
#  1: Update
#  2: Not
#  3: Nand
#  4: And
#  5: OrNot
#  6: Or
#  7: AndNot
#  8: Nor
#  9: Xor
# 10: Equals

0 0 0 0 0 0 0 0 0 0 
100 0 0 0 0 0 0 0 0 0 
200 0 0 0 0 0 0 0 0 0 
300 0 0 0 0 0 0 0 0 0 
400 0 0 0 0 0 0 0 0 0 
500 0 0 0 0 0 0 0 0 0 
600 0 0 0 0 0 0 0 0 0 
700 20 0 0 0 0 0 0 0 0 
800 45 0 0 0 0 0 0 0 0 
900 108 2 0 0 0 0 0 0 0 
1000 184 20 0 25 0 0 0 0 0 
1100 372 23 0 243 0 0 0 0 0 
1200 664 64 0 697 2 0 0 0 0 
1300 970 527 0 1475 0 0 0 0 0 
1400 1885 1516 0 2483 13 0 0 0 0 
1500 2914 2206 3 2972 1401 184 920 0 0 
1600 4254 3367 2 3834 2864 2133 2719 0 0 
1700 5354 4610 19 5101 4112 3905 4000 0 0 
1800 6512 5792 641 6254 5205 5218 5116 0 0 
1900 7522 6737 2034 7142 6033 6131 6109 0 16 
2000 8608 7804 2832 8338 7064 7110 7088 0 363 
2100 9630 8700 3428 9256 7970 8022 8061 1 778 
2200 10520 9548 3674 10145 8667 8682 8749 0 1447 
2300 11044 10208 3973 10736 9159 9130 9221 0 2038 
2400 11625 10728 4328 11309 9553 9536 9619 0 2581 
2500 11995 11179 4340 11724 9955 9909 9960 0 3117 
2600 12351 11488 4313 12020 10218 10140 10266 0 3685 
2700 12620 11763 4253 12295 10478 10401 10504 0 4212 
2800 12862 11979 4113 12595 10759 10626 10765 0 4761 
2900 13101 12206 3950 12870 10899 10763 10981 0 5288 
3000 13282 12389 3773 12983 10991 10964 11045 0 5623 
3100 13389 12452 3342 13106 11152 11001 11136 1 6349 
3200 13466 12506 3021 13247 11143 11004 11186 0 6774 
3300 13548 12534 2623 13273 11089 11002 11080 0 7113 
3400 13557 12544 2252 13377 11315 11157 11253 0 7675 
3500 13585 12509 1945 13408 11196 11101 11184 1 7992 
3600 13604 12527 1739 13491 11244 11139 11214 0 8258 
3700 13606 12598 1433 13497 11260 11188 11268 0 8549 
3800 13681 12689 1192 13522 11268 11108 11241 0 8844 
3900 13527 12676 1006 13470 11167 11020 11066 0 8972 
4000 13580 12621 818 13523 11280 11069 11160 2 9079 
4100 13685 12643 797 13468 11401 11119 11284 1 9404 
4200 13665 12729 638 13510 11355 11079 11240 0 9548 
4300 13643 12694 509 13481 11300 11070 11256 0 9553 
4400 13673 12611 460 13510 11339 11120 11283 0 9605 
4500 13637 12647 330 13587 11363 11186 11387 0 9767 
4600 13638 12742 337 13485 11284 11154 11253 0 9743 
4700 13633 12722 327 13564 11434 11199 11336 1 9831 
4800 13735 12663 353 13585 11394 11163 11289 0 9745 
4900 13684 12662 333 13566 11496 11240 11404 1 9870 
5000 13686 12660 317 13574 11495 11258 11305 1 9846 
5100 13712 12595 307 13574 11492 11325 11427 0 9885 
5200 13711 12675 304 13562 11389 11228 11346 0 9799 
5300 13698 12721 347 13614 11399 11219 11388 0 9841 
5400 13767 12706 286 13615 11449 11274 11368 2 9936 
5500 13675 12729 357 13548 11423 11257 11387 0 9817 
5600 13731 12494 375 13574 11320 11157 11299 152 9764 
5700 13715 12198 367 13537 11478 11203 11429 965 9895 
5800 13707 12308 331 13581 11444 11363 11513 1922 9884 
5900 13736 12481 306 13599 11530 11424 11550 3066 9896 
6000 13819 12582 320 13592 11497 11446 11533 3967 9797 
6100 13847 12695 337 13554 11426 11450 11500 4893 9716 
6200 13839 12838 322 13626 11561 11626 11700 5960 9856 
6300 13869 12852 357 13546 11396 11489 11533 6606 9625 
6400 13835 12861 314 13541 11470 11638 11598 7337 9664 
6500 13889 12883 331 13562 11476 11639 11543 7947 9676 
6600 13917 12937 349 13573 11492 11613 11584 8548 9727 
6700 13889 13007 370 13524 11384 11659 11546 8785 9644 
6800 13902 12917 370 13549 11477 11668 11645 9086 9679 
6900 13922 12857 356 13635 11492 11777 11597 9339 9699 
7000 13916 12974 391 13585 11448 11736 11561 9445 9679 
7100 13899 12791 470 13550 11490 11651 11573 9430 9642 
7200 13948 12731 485 13643 11478 11762 11641 9614 9755 
7300 13916 12639 617 13629 11629 11742 11731 9651 9794 
7400 13913 12455 837 13580 11458 11561 11572 9575 9656 
7500 13906 12210 1087 13528 11521 11791 11614 9664 9765 
7600 13931 11832 1312 13619 11618 11733 11691 9663 9702 
7700 13902 11525 1596 13589 11471 11667 11642 9643 9701 
7800 13917 11122 2032 13592 11527 11655 11601 9585 9688 
7900 13945 10847 2501 13611 11540 11750 11690 9713 9806 
8000 13871 10772 3006 13581 11443 11731 11573 9596 9672 
8100 13915 10658 3490 13612 11483 11766 11706 9575 9656 
8200 13907 10424 3886 13617 11530 11705 11603 9593 9593 
8300 13913 10193 4478 13625 11500 11743 11609 9567 9576 
8400 13875 10203 4886 13565 11395 11553 11568 9561 9543 
8500 13932 10052 5539 13656 11529 11783 11665 9636 9649 
8600 13948 9885 6124 13652 11499 11740 11604 9614 9638 
8700 13928 9856 6832 13651 11531 11768 11660 9608 9660 
8800 13889 9560 7290 13604 11359 11626 11554 9439 9486 
8900 13879 9329 7994 13629 11408 11733 11568 9450 9440 
9000 13868 9387 8564 13570 11387 11738 11516 9551 9557 
9100 13939 9553 8978 13649 11537 11707 11561 9563 9605 
9200 13939 9572 9347 13678 11465 11714 11575 9549 9538 
9300 13873 9535 9361 13591 11297 11556 11436 9414 9426 
9400 13919 9711 9754 13657 11514 11588 11754 9494 9502 
9500 13889 9759 9996 13669 11468 11714 11605 9509 9580 
9600 13863 9666 10050 13627 11411 11533 11567 9328 9379 
9700 13864 9761 10215 13603 11403 11653 11541 9376 9386 
9800 13899 9792 10375 13641 11420 11734 11604 9440 9441 
9900 13929 9972 10495 13652 11521 11731 11737 9568 9529 
10000 13924 9787 10445 13704 11493 11625 11673 9467 9463 
