# Avida tasks data
# Fri Apr 21 10:30:48 2023
# First column gives the current update, next columns give the number
# of organisms that have the particular task as a component of their merit
#  1: Update
#  2: Not
#  3: Nand
#  4: And
#  5: OrNot
#  6: Or
#  7: AndNot
#  8: Nor
#  9: Xor
# 10: Equals

0 0 0 0 0 0 0 0 0 0 
100 0 0 0 0 0 0 0 0 0 
200 0 0 0 0 0 0 0 0 0 
300 0 0 0 0 0 0 0 0 0 
400 0 0 0 0 0 0 0 0 0 
500 0 0 0 0 0 0 0 0 0 
600 0 0 0 0 0 0 0 0 0 
700 7 0 0 0 0 0 0 0 0 
800 29 0 0 0 0 0 0 0 0 
900 134 2 0 0 0 0 0 0 0 
1000 80 10 0 796 0 0 0 0 0 
1100 1309 717 0 1703 9 0 1 0 0 
1200 1621 695 0 2295 722 1 6 0 0 
1300 1914 641 0 2407 863 4 10 0 0 
1400 2207 224 0 2549 1563 2 13 0 0 
1500 2860 179 0 3201 2189 2 22 0 0 
1600 3484 181 0 3830 2817 0 31 0 0 
1700 4029 200 2 4379 3329 0 27 0 0 
1800 4829 229 1 5173 4039 0 41 0 0 
1900 4969 1050 1 5346 3280 1 26 0 0 
2000 5341 1679 0 5763 3040 1 26 0 0 
2100 5716 2247 0 6180 2775 0 24 0 0 
2200 5901 2857 0 6359 2309 0 20 0 0 
2300 5953 3135 0 6466 2131 0 22 0 0 
2400 6093 3422 0 6633 2003 0 18 0 0 
2500 6203 3619 0 6752 1905 0 18 0 0 
2600 6353 3837 0 6889 1777 0 17 0 0 
2700 6821 4369 0 7421 1670 0 16 0 0 
2800 7315 4896 0 7993 1657 0 16 0 0 
