# Avida tasks data
# Fri Apr 21 07:31:53 2023
# First column gives the current update, next columns give the number
# of organisms that have the particular task as a component of their merit
#  1: Update
#  2: Not
#  3: Nand
#  4: And
#  5: OrNot
#  6: Or
#  7: AndNot
#  8: Nor
#  9: Xor
# 10: Equals

0 0 0 0 0 0 0 0 0 0 
100 0 0 0 0 0 0 0 0 0 
200 0 0 0 0 0 0 0 0 0 
300 0 0 0 0 0 0 0 0 0 
400 15 0 0 0 0 0 0 0 0 
500 78 4 0 0 0 0 0 0 0 
600 201 21 0 0 0 0 0 0 0 
700 343 73 0 10 0 10 0 0 0 
800 570 175 0 159 0 0 0 0 0 
900 828 379 0 631 0 2 0 0 0 
1000 907 677 0 1112 313 0 0 0 0 
1100 1801 913 0 2586 1859 0 2 0 0 
1200 3850 823 0 4595 3638 0 3 0 0 
1300 5770 1004 0 6588 5706 0 3 0 0 
1400 7117 1318 0 7867 7071 0 0 0 0 
1500 8208 1862 0 9086 8366 3 0 0 0 
1600 8991 2131 3 9607 9192 251 0 0 0 
1700 9787 2415 12 9908 10004 702 0 0 0 
1800 10136 2414 24 9451 10579 1493 1 0 0 
1900 10547 2349 36 8994 10919 2230 4 0 0 
2000 10866 2113 32 8099 11118 3109 10 0 0 
2100 11089 1946 47 7329 11325 4013 4 0 0 
2200 11428 1940 73 7235 11531 4784 2 0 0 
2300 11557 1775 48 7796 11662 5357 9 0 0 
2400 11717 1555 55 8202 11532 6112 4 0 0 
2500 11826 1265 56 8663 11599 6846 18 0 0 
2600 11911 1065 76 9338 11642 7535 14 0 0 
2700 12001 860 67 9870 11800 8384 6 0 0 
2800 12153 753 82 10317 11754 8984 8 0 0 
2900 12185 704 87 10776 11710 9319 17 0 0 
3000 12121 583 97 11193 11672 9708 7 0 0 
3100 12319 451 69 11423 11800 10028 15 0 0 
3200 12250 418 92 11565 11764 10196 17 0 0 
3300 12183 417 133 11718 11658 10370 25 0 0 
3400 12249 365 149 11817 11705 10544 24 0 0 
3500 12299 325 191 11865 11726 10772 14 0 0 
3600 12353 323 263 11897 11767 10830 19 0 0 
3700 12231 430 517 11965 11774 10845 9 0 0 
3800 12128 919 1143 11943 11729 10812 10 0 0 
3900 11973 1775 2043 12014 11711 10821 8 0 0 
4000 11886 2816 3110 12107 11693 10842 10 0 0 
4100 11757 3797 3964 11996 11573 10737 16 0 0 
4200 11705 4784 4750 12044 11667 10746 18 0 0 
4300 11547 5740 5761 12101 11510 10738 22 0 0 
4400 11404 6659 6650 12210 11619 10897 13 0 0 
4500 11295 7659 7456 12180 11494 10743 15 0 0 
4600 11416 8610 8227 12317 11625 10934 27 0 0 
4700 11306 9194 8672 12254 11545 10817 23 0 0 
4800 11350 9786 9170 12327 11559 10923 12 0 0 
4900 11436 10174 9511 12337 11637 10945 21 0 0 
5000 11527 10585 9852 12435 11689 10982 14 0 0 
5100 11442 10881 10068 12401 11495 10844 19 0 0 
5200 11554 11174 10366 12455 11573 10907 16 0 0 
5300 11434 11384 10449 12361 11513 10840 17 0 0 
5400 11443 11619 10715 12431 11562 10986 19 0 0 
5500 11573 11935 10837 12533 11541 10932 26 0 0 
5600 11463 11878 10800 12388 11427 10864 25 0 0 
5700 11552 12052 10898 12468 11617 10984 11 0 0 
5800 11582 12089 11026 12480 11548 11022 23 0 0 
5900 11577 12094 11041 12470 11615 11031 13 0 0 
6000 11577 12143 10943 12502 11513 10870 10 0 0 
6100 11504 12123 10868 12382 11411 10881 27 0 0 
6200 11484 12151 10978 12511 11526 10927 30 0 0 
6300 11553 12173 10869 12488 11527 10880 9 0 0 
6400 11446 12219 10844 12500 11450 10843 11 0 0 
6500 11510 12213 10905 12478 11511 10912 19 0 0 
6600 11548 12353 11036 12556 11681 11063 17 0 0 
6700 11593 12295 11007 12569 11622 10995 15 0 0 
6800 11566 12031 10854 12450 11437 10854 150 0 0 
6900 11549 11597 10932 12495 11461 10908 532 0 0 
7000 11705 10867 11083 12521 11456 11059 1280 0 0 
7100 11747 10154 10998 12466 11283 11084 2205 0 0 
7200 11796 9788 11169 12562 11332 11227 3170 0 0 
7300 11820 9958 11139 12479 11341 11366 4105 0 0 
7400 11777 9827 11151 12482 11193 11285 4930 0 0 
7500 11857 9807 11163 12533 11153 11355 5893 0 0 
7600 11999 9882 11262 12574 11152 11542 7173 0 1 
7700 12117 9898 11238 12539 11011 11548 7941 0 0 
7800 12183 10122 11204 12564 11061 11560 8865 134 136 
7900 12259 10310 10501 12649 11159 10907 9287 807 810 
8000 12166 10567 9378 12595 11080 9858 9590 1850 1856 
8100 12261 10953 9115 12635 11164 9584 9878 2831 2846 
8200 12341 11173 10195 12749 11318 10621 10080 3444 3446 
8300 12427 11328 10656 12759 11356 11087 10174 4054 4058 
8400 12467 11561 10913 12812 11411 11351 10273 4640 4643 
8500 12463 11777 11127 12888 11462 11623 10348 5176 5178 
8600 12558 11969 11302 12887 11604 11755 10481 5840 5822 
8700 12616 12256 11502 13018 11725 11975 10674 6413 6419 
8800 12558 12442 11675 13064 11690 12070 10650 6844 6833 
8900 12575 12686 11882 13139 11770 12263 10729 7379 7371 
9000 12617 12748 11901 13088 11753 12254 10845 7783 7752 
9100 12709 12826 11963 13179 11905 12358 10892 8262 8231 
9200 12614 12940 12065 13181 11840 12431 10833 8566 8562 
9300 12752 13054 12099 13215 11899 12439 10964 9068 9021 
9400 12709 13082 12103 13277 11937 12458 10970 9271 9263 
9500 12746 13107 12191 13239 11956 12542 11084 9582 9600 
9600 12635 13140 12142 13274 11892 12522 11000 9659 9679 
9700 12670 13127 12153 13262 11938 12566 11162 9978 9949 
9800 12617 13220 12222 13370 11875 12632 11016 10058 10036 
9900 12760 13173 12204 13367 12046 12682 11303 10483 10476 
10000 12773 13129 12164 13334 11998 12601 11232 10578 10557 
