# Avida tasks data
# Fri Apr 21 11:55:14 2023
# First column gives the current update, next columns give the number
# of organisms that have the particular task as a component of their merit
#  1: Update
#  2: Not
#  3: Nand
#  4: And
#  5: OrNot
#  6: Or
#  7: AndNot
#  8: Nor
#  9: Xor
# 10: Equals

0 0 0 0 0 0 0 0 0 0 
100 0 0 0 0 0 0 0 0 0 
200 0 0 0 0 0 0 0 0 0 
300 0 0 0 0 0 0 0 0 0 
400 0 0 0 0 0 0 0 0 0 
500 21 33 0 0 0 0 0 0 0 
600 36 280 0 350 0 0 0 0 0 
700 79 1384 0 1405 0 0 0 0 0 
800 133 2828 0 2889 0 0 0 0 0 
900 325 4362 0 4469 2 0 0 0 0 
1000 1778 6390 0 6657 7 12 0 0 0 
1100 3472 8476 15 8576 11 27 0 0 0 
1200 5327 10323 28 10569 23 48 0 0 0 
1300 7020 11742 37 11937 45 90 0 0 0 
1400 8431 12391 123 12628 154 172 0 0 0 
1500 9368 12630 1353 12900 390 402 3 0 0 
1600 9946 12734 3002 13008 386 124 0 0 0 
1700 10449 12832 4468 13042 739 88 1 0 0 
1800 10800 12950 5769 13131 1246 192 12 0 0 
1900 10941 12953 6805 13118 1536 247 703 0 0 
2000 11099 12921 6682 13058 2115 244 2069 0 565 
2100 11279 12889 5555 13014 3179 245 2855 0 1847 
2200 11332 12460 5591 13015 3581 231 3244 0 2430 
2300 11331 12459 5590 13014 3580 231 3243 0 2429 
2400 11332 12459 5592 13012 3578 231 3241 0 2428 
2500 11325 12422 5481 13028 3653 228 3277 0 2521 
2600 11334 12433 5418 13015 3680 240 3318 0 2597 
2700 11334 12433 5418 13015 3680 240 3318 0 2597 
2800 11335 12436 5418 13016 3681 240 3320 0 2599 
2900 11297 12541 5104 13013 3796 229 3559 0 2888 
3000 11316 12581 5084 12996 3814 221 3595 0 2960 
3100 11316 12581 5084 12996 3814 221 3595 0 2960 
3200 11292 12619 4749 13001 4019 200 3901 0 3274 
3300 11285 12612 4739 12996 4006 201 3888 0 3262 
3400 11303 12629 4736 13007 4026 197 3924 0 3309 
3500 11304 12626 4738 12977 4012 196 3911 0 3295 
3600 11344 12692 4653 12975 4045 218 3974 0 3365 
3700 11345 12690 4655 12972 4034 219 3967 0 3355 
3800 11356 12733 4583 13009 4112 199 4138 0 3476 
3900 11353 12733 4586 13006 4109 201 4135 0 3473 
4000 11349 12711 4572 12977 4169 210 4138 0 3502 
4100 11354 12721 4562 12986 4175 209 4154 0 3516 
4200 11354 12721 4562 12986 4175 209 4154 0 3516 
4300 11354 12721 4562 12986 4175 209 4154 0 3516 
4400 11353 12720 4562 12985 4174 209 4153 0 3515 
4500 11353 12720 4562 12985 4174 209 4153 0 3515 
4600 11354 12721 4562 12986 4175 209 4154 0 3516 
4700 11354 12721 4562 12986 4175 209 4154 0 3516 
4800 11354 12721 4562 12986 4175 209 4154 0 3516 
4900 11353 12722 4562 12985 4174 209 4153 0 3515 
5000 11353 12722 4562 12985 4174 209 4153 0 3515 
5100 11352 12722 4562 12986 4173 209 4153 0 3514 
5200 11351 12722 4561 12986 4173 209 4153 0 3514 
5300 11353 12723 4561 12985 4173 209 4153 0 3514 
5400 11353 12722 4561 12985 4173 209 4153 0 3514 
5500 11353 12722 4561 12985 4173 209 4153 0 3514 
5600 11353 12722 4561 12985 4173 209 4153 0 3514 
5700 11353 12722 4561 12985 4173 209 4153 0 3514 
5800 11353 12722 4561 12985 4173 209 4153 0 3514 
5900 11353 12722 4561 12985 4173 209 4153 0 3514 
6000 11353 12722 4561 12985 4173 209 4153 0 3514 
6100 11353 12722 4561 12985 4173 209 4153 0 3514 
6200 11353 12722 4561 12985 4173 209 4153 0 3514 
6300 11353 12722 4561 12985 4173 209 4153 0 3514 
6400 11353 12722 4561 12985 4173 209 4153 0 3514 
6500 11353 12722 4561 12985 4173 209 4153 0 3514 
6600 11353 12722 4561 12985 4173 209 4153 0 3514 
6700 11353 12722 4561 12985 4173 209 4153 0 3514 
6800 11353 12722 4561 12985 4173 209 4153 0 3514 
6900 11353 12722 4561 12985 4173 209 4153 0 3514 
7000 11353 12723 4561 12984 4172 209 4152 0 3513 
7100 11353 12723 4561 12984 4172 209 4152 0 3513 
7200 11353 12723 4561 12984 4172 209 4152 0 3513 
7300 11353 12723 4561 12984 4172 209 4152 0 3513 
7400 11353 12723 4561 12984 4172 209 4152 0 3513 
7500 11353 12723 4561 12984 4172 209 4152 0 3513 
7600 11353 12723 4561 12984 4172 209 4152 0 3513 
7700 11352 12722 4561 12983 4171 209 4151 0 3512 
7800 11353 12723 4561 12984 4172 209 4152 0 3513 
7900 11353 12723 4561 12984 4172 209 4152 0 3513 
8000 11353 12723 4561 12984 4172 209 4152 0 3513 
8100 11353 12723 4561 12984 4172 209 4152 0 3513 
8200 11353 12723 4561 12984 4172 209 4152 0 3513 
8300 11353 12723 4561 12984 4172 209 4152 0 3513 
8400 11354 12724 4561 12986 4172 209 4152 0 3513 
8500 11353 12723 4561 12986 4172 209 4152 0 3513 
8600 11353 12723 4561 12986 4172 209 4152 0 3513 
8700 11353 12723 4561 12986 4172 209 4152 0 3513 
8800 11353 12723 4561 12986 4172 209 4152 0 3513 
8900 11352 12722 4561 12985 4171 209 4151 0 3512 
9000 11353 12723 4561 12986 4172 209 4152 0 3513 
9100 11353 12723 4561 12986 4172 209 4152 0 3513 
9200 11353 12723 4561 12984 4171 209 4151 0 3512 
9300 11353 12723 4561 12984 4171 209 4151 0 3512 
9400 11353 12723 4561 12984 4171 209 4151 0 3512 
9500 11353 12723 4561 12984 4171 209 4151 0 3512 
9600 11353 12723 4561 12984 4171 209 4151 0 3512 
9700 11353 12723 4561 12984 4171 209 4151 0 3512 
9800 11354 12724 4559 12986 4171 209 4151 0 3512 
9900 11353 12723 4559 12985 4171 209 4151 0 3512 
10000 11353 12723 4559 12986 4171 209 4151 0 3512 
