# Avida tasks data
# Fri Apr 21 05:38:56 2023
# First column gives the current update, next columns give the number
# of organisms that have the particular task as a component of their merit
#  1: Update
#  2: Not
#  3: Nand
#  4: And
#  5: OrNot
#  6: Or
#  7: AndNot
#  8: Nor
#  9: Xor
# 10: Equals

0 0 0 0 0 0 0 0 0 0 
100 0 0 0 0 0 0 0 0 0 
200 0 0 0 0 0 0 0 0 0 
300 0 0 0 0 0 0 0 0 0 
400 0 0 0 0 0 0 0 0 0 
500 0 0 0 0 0 0 0 0 0 
600 0 0 0 0 0 0 0 0 0 
700 2 0 0 0 0 0 0 0 0 
800 7 4 0 0 0 0 0 0 0 
900 21 127 0 0 0 0 0 0 0 
1000 51 422 0 30 0 0 0 0 0 
1100 104 403 0 562 2 0 0 0 0 
1200 184 352 0 1806 0 0 0 0 0 
1300 494 1518 0 2968 2 0 0 0 0 
1400 691 2869 54 4119 499 1 0 0 0 
1500 1576 2593 1 4498 1976 1078 18 0 0 
1600 2946 1665 0 5298 3666 3449 262 0 0 
1700 4144 1462 12 6187 5095 5081 492 0 0 
1800 5115 1430 9 7139 6345 6057 1043 0 0 
1900 6063 1707 14 7991 7427 6756 1463 0 0 
2000 6704 2144 27 8674 8192 6954 2038 0 0 
2100 7338 2416 12 9248 8853 7057 2630 0 0 
2200 7990 2660 27 9891 9456 7007 3123 0 0 
2300 8531 2948 48 10271 9832 6902 3608 0 0 
2400 9046 3133 53 10572 10051 6979 3873 0 0 
2500 9633 3193 43 10836 10296 6712 4292 0 0 
2600 10005 3335 33 11099 10516 6424 4882 0 0 
2700 10268 3510 54 11163 10638 6206 5212 0 0 
2800 10733 3789 71 11375 10866 6066 5493 0 0 
2900 11110 4100 39 11563 11082 5941 5784 0 0 
3000 11513 4228 39 11711 11239 5582 6271 0 0 
3100 11798 4583 56 11743 11235 5403 6460 0 0 
3200 11975 4914 50 11791 11279 5049 6720 0 0 
3300 12061 5112 49 11678 11319 4784 7102 0 0 
3400 12188 5411 70 11390 11292 5118 7330 0 0 
3500 12201 5331 79 11371 11232 5663 7430 0 0 
3600 12305 5240 59 11527 11341 6143 7787 0 0 
3700 12270 5121 63 11609 11268 6600 8091 0 0 
3800 12433 5100 63 11804 11399 7015 8455 0 0 
3900 12414 5173 55 11906 11361 7385 8693 0 0 
4000 12434 5397 53 11951 11333 7735 8897 0 0 
4100 12522 5678 54 12084 11477 7982 9289 0 0 
4200 12496 5843 43 11997 11468 8357 9544 0 0 
4300 12533 5986 42 12131 11448 8694 9748 0 0 
4400 12390 6232 45 12078 11292 9046 9754 0 0 
4500 12508 6457 51 12088 11282 9405 9907 0 0 
4600 12589 6717 53 12170 11300 9774 10122 0 0 
4700 12664 7049 69 12207 11255 10173 10209 0 0 
4800 12692 7336 57 12113 11148 10497 10275 0 0 
4900 12684 7661 48 12151 11235 10849 10405 0 0 
5000 12715 7972 64 12251 11193 11220 10464 0 0 
5100 12713 8224 32 12179 11213 11379 10504 0 0 
5200 12702 8674 39 12185 11188 11736 10590 0 0 
5300 12696 9040 43 12178 11143 11944 10648 0 0 
5400 12800 9310 55 12256 11248 12191 10778 0 0 
5500 12745 9521 40 12172 11213 12401 10811 0 0 
5600 12718 9736 41 12147 11174 12411 10691 0 0 
5700 12818 10050 39 12123 11204 12563 10832 0 0 
5800 12877 10286 31 12276 11265 12757 10929 0 0 
5900 12835 10530 55 12127 11222 12734 10795 0 0 
6000 12930 10650 42 12141 11157 12813 10778 0 0 
6100 12842 10819 36 12237 11196 12974 10760 0 2 
6200 12895 11248 36 12151 11182 13033 10805 0 0 
6300 12855 11397 49 12246 11242 13125 10968 0 0 
6400 12899 11480 53 12191 11238 13125 10873 0 0 
6500 12827 11515 60 12128 11175 13053 10848 0 0 
6600 12871 11815 35 12039 11140 13060 10763 0 0 
6700 12971 11907 20 12238 11248 13101 10928 0 0 
6800 12899 12132 36 12166 11129 13059 10797 0 0 
6900 12922 12219 38 12140 11148 13203 10796 0 0 
7000 12839 12408 36 12111 11163 13079 10799 0 0 
7100 12888 12545 40 12122 11342 13185 10970 0 0 
7200 12841 12376 42 12174 11182 13129 10781 0 0 
7300 12851 12378 42 12249 11188 13031 10805 0 0 
7400 12843 12528 44 12132 11134 13185 10768 0 0 
7500 12909 12662 39 12240 11225 13117 10909 0 0 
7600 12968 12706 43 12344 11426 13121 11046 0 0 
7700 12947 12700 31 12238 11305 13163 10947 0 0 
7800 12971 12798 38 12336 11417 13150 11039 0 0 
7900 12854 12766 40 12165 11161 13086 10794 0 0 
8000 12864 12841 34 12258 11278 13101 10910 0 0 
8100 12960 12807 55 12277 11250 13155 10894 0 0 
8200 12884 12752 42 12210 11196 13107 10847 0 0 
8300 12854 12789 30 12263 11263 13117 10817 0 0 
8400 12916 12726 32 12322 11273 13210 10949 1 0 
8500 12908 12698 40 12312 11241 13117 10884 0 0 
8600 12886 12702 47 12327 11209 13143 10864 0 0 
8700 12870 12615 42 12278 11334 13152 10948 0 0 
8800 12871 12637 39 12282 11283 13127 10901 0 0 
8900 12879 12711 33 12311 11344 13166 10988 0 0 
9000 12981 12685 27 12386 11281 13135 10868 0 0 
9100 12990 12711 38 12456 11375 13157 11076 0 0 
9200 12932 12730 38 12254 11228 13091 10829 0 2 
9300 12981 12861 37 12377 11409 13187 10986 0 0 
9400 12929 12625 32 12357 11367 13154 10971 0 0 
9500 12894 12735 37 12361 11306 13142 10928 0 0 
9600 12957 12759 42 12464 11320 13092 10992 0 0 
9700 12936 12711 54 12393 11393 13144 11016 0 0 
9800 12855 12708 34 12437 11309 13031 10915 0 0 
9900 12854 12795 42 12425 11311 13094 10950 0 0 
10000 12953 12906 39 12484 11407 13150 10955 0 0 
