# Avida tasks data
# Fri Apr 21 16:37:19 2023
# First column gives the current update, next columns give the number
# of organisms that have the particular task as a component of their merit
#  1: Update
#  2: Not
#  3: Nand
#  4: And
#  5: OrNot
#  6: Or
#  7: AndNot
#  8: Nor
#  9: Xor
# 10: Equals

0 0 0 0 0 0 0 0 0 0 
100 0 0 0 0 0 0 0 0 0 
200 0 0 0 0 0 0 0 0 0 
300 0 0 0 0 0 0 0 0 0 
400 0 0 0 0 0 0 0 0 0 
500 0 0 0 0 0 0 0 0 0 
600 133 0 0 3 0 0 0 0 0 
700 2301 55 0 2158 2 0 0 0 0 
800 3872 949 3 3631 16 0 0 0 0 
900 4583 2199 7 4376 14 1 0 0 0 
1000 5239 3267 18 4952 13 7 0 0 0 
1100 6406 4790 30 6111 13 0 0 0 0 
1200 8233 6859 23 7841 21 5 0 0 0 
1300 9993 8446 32 9574 36 1 0 0 0 
1400 10809 9452 88 10417 35 37 0 0 0 
1500 11461 10420 289 11238 33 364 0 0 0 
1600 11770 11102 476 11750 32 1245 0 0 0 
1700 11812 11374 656 12000 43 2291 0 0 0 
1800 11805 11581 797 12101 30 3377 0 0 0 
1900 11774 11781 939 12235 42 4526 2 0 0 
2000 11865 12029 1039 12359 41 5697 0 0 0 
2100 11796 12098 941 12334 808 6799 0 0 0 
2200 11736 12133 792 12089 2022 7650 0 0 0 
2300 11908 12279 561 12016 3267 8471 0 1 0 
2400 11760 12314 487 11783 4456 9038 1 3 0 
2500 11685 12340 554 11715 5532 9498 0 2 0 
2600 11571 12352 529 11508 6464 9852 2 4 0 
2700 11596 12418 589 11522 7348 10268 4 2 0 
2800 11537 12427 640 11416 8195 10480 0 6 0 
2900 11799 12532 1495 11547 9287 10031 3 2 0 
3000 11868 12590 2612 11541 10119 9088 1 7 0 
3100 11955 12645 3930 11526 10655 8150 4 0 0 
3200 12210 12760 5197 11704 10962 7089 6 2 0 
3300 12408 12852 6436 11815 11161 5904 3 0 2 
3400 12683 12991 7509 12047 11554 5060 2 4 2 
3500 12795 13021 8616 12005 11478 4025 1 0 0 
3600 12960 13104 9488 12094 11608 3197 0 0 0 
3700 13135 13168 10488 12274 11779 2387 0 0 0 
3800 13300 13234 11230 12352 11868 1650 2 0 0 
3900 13351 13293 11775 12417 11994 1206 0 0 0 
4000 13480 13333 12175 12421 11883 842 0 0 0 
4100 13509 13395 12431 12503 12002 1017 0 0 0 
4200 13550 13345 12564 12460 11901 1477 0 0 0 
4300 13512 13410 12694 12531 12018 2344 2 0 0 
4400 13418 13351 12783 12502 11973 3492 1 0 0 
4500 13453 13372 12709 12625 12048 4604 6 0 0 
4600 13522 13481 12824 12623 12098 5776 9 0 0 
4700 13514 13397 12844 12595 12110 6750 5 0 0 
4800 13524 13395 12791 12570 12014 7820 6 0 0 
4900 13452 13331 12822 12611 12102 8859 11 0 0 
5000 13476 13385 12857 12694 12131 9882 22 0 0 
5100 13539 13405 12906 12677 11999 10803 19 0 0 
5200 13566 13447 12912 12631 12096 11464 11 0 0 
5300 13465 13339 12853 12617 12083 11906 9 0 0 
5400 13474 13369 12895 12736 12214 12357 16 0 0 
5500 13508 13416 12812 12661 12051 12565 18 0 0 
5600 13513 13374 12806 12671 12111 12710 13 0 0 
5700 13468 13389 12825 12632 12078 12777 21 0 0 
5800 13470 13312 12730 12694 12173 12786 29 0 0 
5900 13505 13392 12801 12695 12242 12766 13 0 0 
6000 13525 13360 12797 12739 12218 12777 17 0 0 
6100 13464 13435 12755 12724 12203 12787 19 0 0 
6200 13492 13430 12826 12698 12183 12871 23 0 0 
6300 13501 13421 12820 12707 12187 12811 21 0 0 
6400 13460 13432 12840 12658 12183 12840 23 0 0 
6500 13440 13408 12878 12759 12233 12885 18 0 0 
6600 13502 13338 12798 12695 12220 12760 26 0 0 
6700 13533 13439 12860 12734 12235 12825 15 0 0 
6800 13537 13476 12860 12773 12268 12898 25 0 0 
6900 13507 13426 12880 12781 12255 12925 9 0 0 
7000 13536 13412 12759 12828 12358 12826 15 0 0 
7100 13506 13408 12892 12842 12340 12883 16 0 0 
7200 13497 13393 12769 12722 12254 12807 16 0 0 
7300 13454 13368 12740 12774 12220 12816 21 0 0 
7400 13451 13402 12822 12773 12192 12833 15 0 0 
7500 13534 13416 12858 12725 12203 12904 28 0 0 
7600 13477 13423 12786 12786 12311 12835 8 0 0 
7700 13495 13417 12787 12647 12202 12841 16 0 0 
7800 13509 13423 12868 12818 12262 12953 19 0 0 
7900 13488 13423 12843 12849 12316 12937 15 0 0 
8000 13508 13406 12900 12772 12295 12914 8 0 0 
8100 13465 13443 12863 12751 12304 12885 17 0 2 
8200 13523 13467 12882 12740 12135 12984 22 0 0 
8300 13461 13427 12856 12822 12347 12913 26 0 0 
8400 13477 13465 12838 12835 12350 12939 23 0 0 
8500 13462 13441 12907 12789 12288 12941 27 0 0 
8600 13485 13415 12810 12798 12240 12822 19 0 0 
8700 13487 13426 12921 12874 12365 12902 26 0 0 
8800 13546 13546 12878 12843 12356 12902 26 0 0 
8900 13546 13455 12934 12886 12370 12981 12 1 0 
9000 13522 13477 12840 12826 12317 12855 19 0 0 
9100 13577 13427 12811 12745 12145 12806 12 0 0 
9200 13462 13461 12941 12825 12369 12928 18 0 0 
9300 13532 13482 12879 12880 12403 12972 11 0 0 
9400 13481 13473 12965 12820 12326 12983 17 0 0 
9500 13558 13468 12935 12908 12335 12975 25 0 0 
9600 13537 13496 12950 12787 12356 12932 13 0 0 
9700 13577 13609 12995 12918 12509 13041 17 0 0 
9800 13589 13560 12999 12808 12359 13028 17 0 0 
9900 13581 13528 12963 12806 12326 13021 12 0 0 
10000 13556 13522 13002 12792 12365 13046 25 0 0 
