# Avida tasks data
# Fri Apr 21 06:17:42 2023
# First column gives the current update, next columns give the number
# of organisms that have the particular task as a component of their merit
#  1: Update
#  2: Not
#  3: Nand
#  4: And
#  5: OrNot
#  6: Or
#  7: AndNot
#  8: Nor
#  9: Xor
# 10: Equals

0 0 0 0 0 0 0 0 0 0 
100 0 0 0 0 0 0 0 0 0 
200 0 0 0 0 0 0 0 0 0 
300 0 0 0 0 0 0 0 0 0 
400 0 0 0 0 0 0 0 0 0 
500 0 0 0 0 0 0 0 0 0 
600 0 0 0 0 0 0 0 0 0 
700 9 51 0 0 0 0 0 0 0 
800 21 310 0 3 0 0 0 0 0 
900 52 780 1 237 0 521 0 0 0 
1000 180 3319 167 3041 10 3043 0 0 0 
1100 518 4692 1445 4742 396 4662 358 6 0 
1200 2994 3500 2288 5386 143 5442 2635 0 2 
1300 4639 2818 3597 5828 363 6358 4285 0 0 
1400 6021 2894 4449 6128 681 7273 5552 0 0 
1500 7284 2910 5510 6717 853 8275 6740 0 0 
1600 8539 3359 6676 7679 971 9280 7990 0 0 
1700 9504 3957 7618 8655 993 10240 8882 0 0 
1800 10390 4661 8310 9477 1222 10982 9543 0 0 
1900 11031 5695 8622 10056 1545 11670 10221 0 0 
2000 11469 6521 8668 10621 1928 12002 10643 0 0 
2100 11715 7354 8512 10836 2233 12202 10742 0 0 
2200 11742 8234 8166 11175 2712 12273 10916 2 0 
2300 12064 8891 7859 11458 3253 12456 11101 0 0 
2400 12134 9445 7463 11552 3671 12363 11121 0 0 
2500 12268 9894 7090 11614 4081 12426 11216 0 0 
2600 12164 10347 6548 11635 4628 12398 11244 0 0 
2700 12293 10631 6148 11718 5027 12251 11218 0 0 
2800 12258 10859 5512 11737 5610 12203 11139 0 0 
2900 12370 11092 4937 11787 6249 12184 11184 1 0 
3000 12419 11350 4443 11870 6718 12131 11188 0 0 
3100 12321 11587 3919 11797 7272 12086 11263 0 1 
3200 12458 11681 3435 11803 7718 11973 11126 0 0 
3300 12448 11688 2984 11875 8125 11885 11127 0 0 
3400 12429 11781 2518 11918 8550 11856 11103 0 0 
3500 12389 11685 2211 11845 8960 11739 10983 0 0 
3600 12350 11482 2020 11720 9029 11596 10823 0 0 
3700 12483 11497 2098 11904 9557 11787 11094 0 0 
3800 12430 11254 2422 11802 9660 11593 10904 0 0 
3900 12504 11301 2890 11928 9894 11623 10938 0 0 
4000 12547 11055 3425 11845 10119 11648 10991 0 0 
4100 12595 10871 4141 11873 10154 11685 10888 0 2 
4200 12559 10648 4871 11881 10211 11559 10818 0 1 
4300 12732 10566 5567 11974 10524 11763 11026 0 0 
4400 12800 10666 6115 11940 10542 11611 10919 0 0 
4500 12748 10777 6661 12037 10715 11643 10967 0 0 
4600 12796 10875 7002 11960 10650 11534 10839 0 1 
4700 12934 11090 7543 11942 10851 11676 11015 0 1 
4800 13051 11218 8122 11998 10879 11732 10991 0 0 
4900 13013 11239 8668 12012 10845 11665 10959 0 0 
5000 13077 11398 9158 12039 10865 11689 10983 1 1 
5100 13083 11591 9568 12039 10836 11685 10979 0 1 
5200 13132 11761 10002 11962 10688 11577 10883 0 0 
5300 13159 11793 10393 12059 10875 11766 11039 1 1 
5400 13165 11955 10658 11925 10786 11688 10929 0 4 
5500 13164 12030 10895 12011 10735 11677 10914 0 0 
5600 13216 12095 11248 12012 10839 11801 10980 0 0 
5700 13215 12097 11370 12012 10639 11654 10881 0 0 
5800 13245 12253 11614 12034 10835 11799 11003 0 0 
5900 13222 12162 11768 12043 10796 11758 10986 2 0 
6000 13353 12341 12139 12150 10845 11872 11051 0 0 
6100 13415 12369 12135 12017 10780 11764 11007 0 0 
6200 13337 12378 12259 12052 10887 11811 11072 3 4 
6300 13344 12380 12229 12062 10749 11777 10951 0 0 
6400 13377 12356 12194 12051 10783 11783 11054 0 2 
6500 13298 12381 12246 12022 10743 11677 10922 0 0 
6600 13259 12232 12122 11993 10633 11645 10912 0 0 
6700 13303 12253 12212 12047 10787 11780 11002 2 0 
6800 13301 12354 12258 12004 10775 11743 11005 0 0 
6900 13283 12374 12202 11993 10692 11678 10898 0 0 
7000 13329 12346 12229 11998 10781 11772 11006 0 2 
7100 13323 12353 12261 12038 10854 11767 11010 2 4 
7200 13407 12367 12274 12052 10763 11828 11047 1 1 
7300 13371 12330 12216 12004 10805 11742 11019 0 0 
7400 13340 12333 12191 12029 10771 11717 11026 0 0 
7500 13335 12317 12267 12042 10791 11740 11015 0 0 
7600 13362 12300 12278 11979 10746 11766 10986 2 2 
7700 13398 12442 12268 12067 10938 11878 11108 0 2 
7800 13376 12440 12219 12024 10804 11793 11062 0 0 
7900 13399 12505 12267 12009 10865 11758 11035 0 0 
8000 13371 12349 12251 11990 10755 11760 10985 1 2 
8100 13370 12362 12211 11960 10779 11747 10994 0 0 
8200 13402 12434 12299 12070 10883 11831 11073 0 0 
8300 13388 12429 12274 12068 10882 11807 11050 0 3 
8400 13380 12392 12196 12004 10779 11696 11003 0 0 
8500 13438 12357 12323 12118 10862 11861 11132 1 1 
8600 13423 12438 12262 12058 10800 11807 11038 0 0 
8700 13422 12382 12247 12068 10746 11772 11014 0 0 
8800 13410 12397 12271 12204 10757 11792 11052 1 0 
8900 13408 12369 12276 12105 10850 11867 11131 0 2 
9000 13426 12418 12276 12133 10879 11855 11117 0 0 
9100 13407 12313 12281 12242 10967 11853 11123 2 1 
9200 13428 12377 12253 12134 10921 11831 11127 1 2 
9300 13489 12495 12363 12208 10976 11905 11190 0 0 
9400 13433 12466 12393 12149 11039 11895 11234 0 0 
9500 13384 12510 12303 12145 10934 11865 11143 0 0 
9600 13391 12485 12286 12110 10919 11880 11134 0 1 
9700 13482 12476 12251 12141 10978 11936 11184 1 0 
9800 13426 12364 12236 12085 10837 11826 11117 0 0 
9900 13401 12475 12257 12147 10904 11841 11149 1 0 
10000 13513 12469 12290 12135 11062 11942 11297 0 0 
