# Avida tasks data
# Fri Apr 21 05:53:20 2023
# First column gives the current update, next columns give the number
# of organisms that have the particular task as a component of their merit
#  1: Update
#  2: Not
#  3: Nand
#  4: And
#  5: OrNot
#  6: Or
#  7: AndNot
#  8: Nor
#  9: Xor
# 10: Equals

0 0 0 0 0 0 0 0 0 0 
100 0 0 0 0 0 0 0 0 0 
200 0 0 0 0 0 0 0 0 0 
300 0 0 0 0 0 0 0 0 0 
400 0 0 0 0 0 0 0 0 0 
500 0 0 0 0 0 0 0 0 0 
600 0 0 0 0 0 0 0 0 0 
700 0 0 0 0 0 0 0 0 0 
800 8 0 0 0 0 0 0 0 0 
900 22 0 0 0 0 0 0 0 0 
1000 52 2 0 0 0 0 0 0 0 
1100 149 2 0 0 0 0 0 0 0 
1200 265 9 0 36 0 0 0 0 0 
1300 519 40 0 268 0 0 0 0 0 
1400 850 285 0 700 0 0 0 0 0 
1500 1229 1150 0 1573 0 0 0 0 0 
1600 1714 2205 11 2882 47 0 0 0 0 
1700 2234 2456 14 4044 648 0 0 1134 0 
1800 2775 3616 24 5004 660 5 0 2906 0 
1900 3505 4954 25 5959 534 7 0 4312 0 
2000 4290 6236 24 7009 368 5 0 5690 1 
2100 5350 7399 27 8049 323 5 0 6822 1 
2200 6201 8398 29 8930 212 16 3 7743 8 
2300 6844 9288 43 9633 132 15 5 8548 0 
2400 7680 9953 27 10294 78 15 193 9303 4 
2500 7717 9985 28 10546 33 170 1698 9600 0 
2600 8154 10600 673 10803 8 396 3305 9883 0 
2700 8644 11019 1433 11125 11 1176 4361 10176 0 
2800 9432 11509 1528 11647 16 2617 5154 10481 0 
2900 10274 11972 1634 12286 16 3843 6067 10954 0 
3000 11047 12431 1705 12639 8 5028 6927 11153 0 
3100 11522 12671 1751 13000 11 6109 7860 11450 0 
3200 11988 12877 1819 13184 19 7214 8500 11428 0 
3300 12363 13071 1699 13430 16 8214 9204 11517 0 
3400 12588 13143 1546 13548 14 9215 9783 11559 0 
3500 12720 13212 1385 13662 13 10035 10151 11544 0 
3600 12875 13311 1253 13764 15 10571 10673 11666 0 
3700 12996 13402 1065 13773 14 11090 10959 11675 0 
3800 13072 13367 873 13843 28 11361 11105 11701 0 
3900 13251 13421 700 13845 16 11733 11328 11704 0 
4000 13359 13466 588 13937 22 12089 11434 11690 0 
4100 13440 13496 515 13952 24 12188 11554 11760 0 
4200 13354 13468 379 13937 30 12246 11679 11703 0 
4300 13452 13539 329 13922 16 12377 11563 11671 0 
4400 13428 13551 273 13920 24 12512 11571 11691 0 
4500 13428 13515 298 13989 20 12481 11679 11886 0 
4600 13427 13426 273 13940 23 12444 11562 11762 0 
4700 13436 13476 290 13981 8 12487 11663 11795 0 
4800 13416 13481 244 13943 18 12427 11622 11749 0 
4900 13453 13496 263 13899 23 12379 11602 11695 0 
5000 13431 13464 216 13902 22 12462 11580 11714 0 
5100 13445 13483 329 13893 16 12573 11724 11819 0 
5200 13392 13475 651 13915 21 12514 11651 11818 2 
5300 13369 13545 1047 13952 31 12630 11762 11896 0 
5400 13450 13519 1547 13909 17 12590 11527 11744 0 
5500 13443 13501 2353 13801 16 12568 11532 11767 0 
5600 13464 13546 3075 13789 29 12587 11623 11732 0 
5700 13453 13556 3787 13786 21 12569 11697 11842 0 
5800 13417 13564 4875 13761 18 12570 11687 11812 0 
5900 13451 13558 5757 13632 40 12608 11637 11810 0 
6000 13399 13562 6585 13572 40 12654 11642 11755 0 
6100 13310 13587 7502 13554 32 12709 11565 11742 1 
6200 13291 13547 8299 13493 20 12690 11527 11758 0 
6300 13231 13552 9023 13482 31 12695 11593 11790 0 
6400 13339 13560 9762 13426 32 12685 11544 11794 0 
6500 13306 13609 10649 13300 35 12711 11503 11738 0 
6600 13257 13610 11307 13287 39 12820 11572 11768 0 
6700 13266 13614 11721 13196 49 12761 11528 11725 0 
6800 13287 13599 12097 13212 33 12757 11453 11657 0 
6900 13286 13496 12355 13104 18 12686 11421 11695 0 
7000 13183 13520 12493 13133 13 12740 11523 11709 0 
7100 13247 13550 12589 13151 41 12765 11429 11696 0 
7200 13293 13539 12546 13121 27 12759 11496 11783 2 
7300 13237 13531 12518 13081 21 12706 11496 11738 1 
7400 13232 13615 12640 13028 16 12804 11438 11628 0 
7500 13234 13590 12636 13118 6 12767 11523 11771 0 
7600 13258 13616 12583 13081 19 12778 11534 11826 0 
7700 13258 13611 12619 13137 3 12822 11574 11871 0 
7800 13323 13595 12656 13019 19 12790 11528 11741 0 
7900 13282 13554 12654 13018 26 12824 11577 11778 0 
8000 13246 13608 12598 12968 19 12770 11594 11783 0 
8100 13313 13603 12581 12996 27 12763 11549 11804 0 
8200 13294 13601 12487 13002 35 12790 11622 11770 0 
8300 13319 13562 12621 12988 30 12842 11564 11783 0 
8400 13251 13599 12523 12930 6 12832 11623 11781 0 
8500 13373 13625 12612 12965 17 12813 11664 11864 0 
8600 13266 13507 12580 12961 15 12785 11618 11826 0 
8700 13318 13518 12613 12862 21 12799 11484 11745 0 
8800 13290 13558 12592 12980 23 12765 11739 11933 0 
8900 13273 13574 12663 12871 26 12791 11612 11776 1 
9000 13314 13554 12707 12938 23 12813 11724 11849 0 
9100 13343 13514 12556 12881 41 12755 11632 11869 0 
9200 13359 13497 12582 12904 40 12821 11633 11812 0 
9300 13342 13572 12671 12915 26 12910 11705 11938 0 
9400 13344 13509 12660 12838 11 12866 11660 11831 0 
9500 13354 13526 12625 12903 2 12811 11671 11824 0 
9600 13398 13559 12728 12867 6 12902 11757 11946 0 
9700 13343 13516 12733 12944 11 12907 11722 11854 0 
9800 13287 13486 12728 12953 13 12858 11710 11919 0 
9900 13411 13523 12702 12906 14 12852 11701 11917 0 
10000 13369 13525 12705 12867 28 12913 11589 11815 0 
