# Avida tasks data
# Fri Apr 21 15:01:10 2023
# First column gives the current update, next columns give the number
# of organisms that have the particular task as a component of their merit
#  1: Update
#  2: Not
#  3: Nand
#  4: And
#  5: OrNot
#  6: Or
#  7: AndNot
#  8: Nor
#  9: Xor
# 10: Equals

0 0 0 0 0 0 0 0 0 0 
100 0 0 0 0 0 0 0 0 0 
200 0 0 0 0 0 0 0 0 0 
300 0 0 0 0 0 0 0 0 0 
400 0 0 0 0 0 0 0 0 0 
500 0 0 0 0 0 0 0 0 0 
600 415 12 0 0 0 0 0 0 0 
700 1392 14 0 2 0 0 0 0 0 
800 2421 1186 3 67 0 47 2 0 0 
900 3033 2241 33 1146 2 26 0 0 0 
1000 4025 3653 41 2605 13 19 10 0 0 
1100 5416 5143 473 3960 22 33 100 0 0 
1200 8114 7946 864 6452 53 31 2141 0 0 
1300 10662 10304 934 9099 165 16 4747 0 2 
1400 12137 11667 864 10551 559 16 6749 0 0 
1500 12871 12267 699 11120 893 12 7981 0 0 
1600 13227 12662 516 11555 1451 12 9058 0 0 
1700 13385 12751 592 11707 2111 21 9865 0 0 
1800 13559 12931 1249 12034 2401 55 10657 0 0 
1900 13673 12970 2335 12038 2238 72 11011 0 0 
2000 13718 13071 3677 12167 2077 296 11416 0 0 
2100 13809 13038 5018 12293 1605 789 11612 0 0 
2200 13750 13093 6090 12317 1385 1427 11792 0 0 
2300 13807 13212 7148 12447 1381 2267 11968 0 6 
2400 13802 13209 7847 12296 1739 2821 12036 0 127 
2500 13750 13155 7602 12511 2151 2563 12085 0 1117 
2600 13775 13232 7082 12605 2268 2145 12214 1 2494 
2700 13782 13230 6215 12766 2117 1692 12319 0 3910 
2800 13723 13202 5126 12840 1739 1478 12267 0 5360 
2900 13721 13210 4262 13004 1327 1350 12335 0 6776 
3000 13710 13114 3397 13041 1021 1168 12285 0 7829 
3100 13705 13202 2645 13134 769 934 12306 0 8792 
3200 13711 13092 1978 13110 649 786 12228 0 9431 
3300 13677 13133 1433 13226 561 722 12345 1 10051 
3400 13700 13173 1007 13260 448 666 12345 0 10497 
3500 13720 13245 631 13286 353 642 12334 0 10828 
3600 13633 13121 379 13183 230 535 12241 0 11025 
3700 13652 13175 270 13264 193 528 12269 0 11155 
3800 13616 13168 174 13262 326 515 12311 0 11243 
3900 13609 13160 169 13229 532 685 12233 4 11232 
4000 13592 13118 150 13250 780 775 12288 0 11180 
4100 13585 13104 177 13220 1072 946 12248 0 11216 
4200 13676 13201 164 13290 1205 1402 12370 0 11346 
4300 13643 13126 129 13239 1713 1586 12286 0 11300 
4400 13672 13170 224 13320 2093 1686 12337 0 11300 
4500 13616 13099 846 13217 2897 1815 12212 0 11212 
4600 13650 13161 1780 13204 3943 2346 12316 1 11383 
4700 13542 13067 2726 13217 4982 3286 12229 0 11319 
4800 13549 13054 3848 13162 6028 4321 12289 14 11297 
4900 13604 13118 4811 13207 6880 5395 12340 21 11384 
5000 13558 13076 5594 13160 7596 6348 12255 6 11312 
5100 13568 13136 6607 13223 8500 7265 12300 7 11305 
5200 13589 13111 7333 13147 9006 7922 12246 14 11285 
5300 13559 13136 7957 13115 9257 8454 12274 7 11229 
5400 13555 13107 8643 13129 9592 9101 12231 0 11266 
5500 13652 13180 9255 13194 9797 9626 12375 0 11395 
5600 13518 13028 9594 13068 9824 9891 12230 0 11319 
5700 13549 13020 9866 13103 9874 10256 12258 9 11333 
5800 13547 13083 10114 13210 9724 10345 12316 15 11305 
5900 13541 13004 10070 13033 9706 10272 12194 33 11312 
6000 13576 13076 10143 13118 9879 10380 12304 48 11302 
6100 13556 13087 10220 13136 9977 10415 12309 86 11438 
6200 13511 13114 10194 13128 9877 10382 12350 99 11432 
6300 13560 13146 10204 13136 9957 10419 12377 114 11409 
6400 13565 13122 10073 13164 9726 10258 12292 139 11397 
6500 13574 13135 10169 13170 9805 10373 12372 115 11366 
6600 13564 13078 10017 13089 9740 10238 12220 114 11266 
6700 13572 13240 10294 13199 9932 10454 12419 113 11466 
6800 13592 13090 10070 13189 9645 10307 12273 130 11332 
6900 13573 13168 10004 13182 9742 10282 12348 170 11342 
7000 13635 13104 10126 13213 9836 10214 12356 171 11385 
7100 13596 13103 10062 13213 9716 10175 12309 203 11298 
7200 13563 13121 9845 13141 9451 10077 12270 365 11273 
7300 13650 13207 9985 13184 9129 10171 12351 884 11371 
7400 13608 13146 9940 13079 8693 10111 12250 1695 11282 
7500 13524 12982 9625 12853 8581 9749 12111 2377 11179 
7600 13623 13082 9813 12842 8877 9870 12223 3326 11250 
7700 13607 13091 9796 12712 8976 9915 12106 4103 11174 
7800 13661 13086 9708 12527 9061 9772 12117 4800 11107 
7900 13590 13049 9736 12384 9128 9736 12029 5406 11105 
8000 13607 12994 9741 12335 9165 9747 11936 6087 11011 
8100 13618 13020 9818 12309 9348 9873 12076 6874 11197 
8200 13640 12964 9671 12124 9307 9678 11926 7255 10963 
8300 13682 13036 9929 12309 9380 9891 12056 8020 11095 
8400 13670 13065 9782 12162 9222 9754 11968 8346 11041 
8500 13721 13139 9932 12182 9528 9873 12092 8762 11108 
8600 13683 13057 9954 12026 9556 9892 11998 8994 11096 
8700 13625 13028 9957 11979 9698 9922 11968 9114 11055 
8800 13708 13101 10198 12093 9858 10123 12030 9455 11140 
8900 13726 13045 10250 12054 9929 10166 12044 9463 11161 
9000 13675 13103 10242 12061 10040 10165 12072 9486 11164 
9100 13728 13092 10189 12046 9964 10170 12074 9421 11130 
9200 13649 13006 10084 11979 9920 10068 11953 9407 10984 
9300 13682 13044 10144 11999 9993 10107 11969 9523 11100 
9400 13722 13076 10303 12078 10104 10225 11992 9597 11107 
9500 13698 13100 10219 11963 10072 10097 12029 9567 11119 
9600 13648 13080 10207 11940 10106 10191 12007 9555 11074 
9700 13668 13013 10175 11944 10072 10186 11929 9491 11069 
9800 13668 13060 10188 11987 10002 10178 11917 9454 11031 
9900 13724 13056 10204 11986 10112 10162 11957 9553 11131 
10000 13585 13012 10108 11895 9921 10062 11934 9427 11009 
