# Avida tasks data
# Fri Apr 21 15:37:11 2023
# First column gives the current update, next columns give the number
# of organisms that have the particular task as a component of their merit
#  1: Update
#  2: Not
#  3: Nand
#  4: And
#  5: OrNot
#  6: Or
#  7: AndNot
#  8: Nor
#  9: Xor
# 10: Equals

0 0 0 0 0 0 0 0 0 0 
100 0 0 0 0 0 0 0 0 0 
200 0 0 0 0 0 0 0 0 0 
300 0 0 0 0 0 0 0 0 0 
400 0 0 0 0 0 0 0 0 0 
500 74 0 0 0 0 0 0 0 0 
600 498 6 0 2 0 0 0 0 0 
700 1592 26 0 1 0 0 0 0 0 
800 3169 688 0 33 0 0 0 0 0 
900 4701 2762 0 515 328 0 0 0 0 
1000 5717 4548 0 1206 2330 0 0 0 0 
1100 7526 6741 2 3881 4445 0 0 0 0 
1200 9321 8752 0 6190 6376 0 4 0 0 
1300 11238 10848 0 8640 8446 14 3 0 0 
1400 12147 11921 124 10061 9724 72 3 0 0 
1500 12567 12306 609 10932 10524 163 5 0 0 
1600 12669 12356 1182 11122 10987 804 19 0 0 
1700 12740 12267 1440 11592 11269 2647 21 0 0 
1800 12876 12515 1290 11945 11571 4725 18 0 0 
1900 12963 12541 1230 12226 11800 6246 21 1 0 
2000 13033 12722 997 12287 12015 7764 36 0 0 
2100 12986 12857 771 12429 12132 9101 28 0 0 
2200 13093 12885 426 12579 12291 10291 42 0 0 
2300 12963 12828 304 12605 12278 11095 40 2 0 
2400 13019 12951 190 12648 12348 11742 52 0 0 
2500 13012 12895 166 12694 12372 12042 41 0 0 
2600 12999 12934 478 12780 12391 12299 43 0 0 
2700 13009 12918 1089 12802 12440 12316 55 0 0 
2800 13063 12938 2165 12708 12468 12424 47 1 0 
2900 13103 12896 3147 12802 12566 12428 35 0 0 
3000 13050 12920 4233 12765 12472 12499 39 0 0 
3100 13118 12824 5329 12783 12537 12415 35 0 0 
3200 13060 12986 6833 12750 12529 12562 43 0 0 
3300 13109 12878 7942 12748 12502 12433 32 0 0 
3400 13111 13011 9149 12755 12582 12555 22 0 0 
3500 13230 13025 10145 12793 12643 12567 13 0 0 
3600 13182 13017 10696 12757 12585 12505 19 0 0 
3700 13214 12974 11207 12803 12633 12526 13 0 0 
3800 13212 13034 11473 12785 12649 12617 15 0 0 
3900 13170 13166 11872 12815 12662 12754 28 0 0 
4000 13283 13008 11741 12764 12647 12543 14 0 0 
4100 13202 13143 11959 12795 12658 12730 12 0 0 
4200 13167 13081 11917 12741 12594 12649 13 0 0 
4300 13123 13077 11826 12751 12604 12580 10 0 0 
4400 13212 13117 11918 12810 12646 12659 16 0 0 
4500 13279 13095 11984 12873 12698 12662 15 0 0 
4600 13211 13095 11847 12803 12680 12641 20 0 0 
4700 13152 13173 11772 12854 12646 12702 17 0 0 
4800 13278 13059 11877 12903 12736 12618 15 0 0 
4900 13184 13163 11817 12713 12526 12641 26 0 0 
5000 13210 13197 11977 12847 12647 12709 18 0 0 
5100 13180 13197 11989 12829 12655 12776 6 0 0 
5200 13193 13201 11953 12722 12543 12724 15 0 0 
5300 13208 13095 11819 12841 12592 12542 14 0 0 
5400 13245 13195 11934 12869 12703 12704 16 0 0 
5500 13210 13143 11877 12846 12666 12674 14 0 0 
5600 13284 13211 11935 12929 12679 12740 13 0 0 
5700 13244 13244 11940 12930 12672 12720 12 0 0 
5800 13246 13218 12015 12818 12630 12709 26 0 0 
5900 13221 13186 12031 12843 12614 12720 19 0 0 
6000 13302 13187 12064 12897 12738 12760 21 0 0 
6100 13282 13216 12015 12856 12657 12781 17 0 0 
6200 13258 13176 11983 12864 12640 12633 23 0 0 
6300 13315 13210 12083 12931 12686 12812 21 0 0 
6400 13249 13174 11962 12856 12623 12614 17 0 0 
6500 13273 13185 12034 12905 12732 12673 15 0 0 
6600 13270 13162 11965 12848 12694 12703 17 0 0 
6700 13351 13169 11915 12938 12777 12680 20 0 2 
6800 13277 13244 12063 12873 12632 12738 29 0 0 
6900 13210 13189 12118 12892 12612 12738 43 0 0 
7000 13322 13164 12058 12898 12720 12685 71 0 0 
7100 13277 13131 12014 12858 12687 12665 185 0 0 
7200 13291 13107 11436 12900 12750 12685 50 0 546 
7300 13160 13109 10320 12798 12666 12649 25 0 1867 
7400 13322 12967 10347 12898 12822 12552 178 0 3398 
7500 13316 13054 10429 12844 12743 12601 262 2 4995 
7600 13357 13045 10434 12906 12754 12633 376 1 6078 
7700 13284 12959 10397 12842 12719 12545 437 0 7110 
7800 13224 12966 10622 12731 12614 12625 441 2 8317 
7900 13206 12993 10849 12620 12570 12636 442 1 8951 
8000 13229 12925 11061 12667 12583 12499 407 0 9527 
8100 13281 12977 11335 12765 12672 12652 418 5 10058 
8200 13201 13013 11479 12734 12598 12611 362 3 10393 
8300 13162 12954 11436 12637 12493 12561 330 0 10554 
8400 13212 12838 11339 12723 12562 12517 403 2 10760 
8500 13264 13048 11530 12749 12581 12675 441 0 11098 
8600 13312 13015 11659 12833 12775 12664 528 4 11208 
8700 13263 13046 11493 12703 12574 12679 645 3 11206 
8800 13231 12942 11530 12756 12630 12559 843 1 11195 
8900 13263 12941 11520 12730 12669 12575 1198 0 11121 
9000 13229 12967 11527 12778 12602 12602 1741 1 11214 
9100 13241 12923 11519 12815 12685 12523 2036 1 11111 
9200 13266 12949 11590 12763 12654 12634 2562 1 11191 
9300 13253 13022 11584 12843 12637 12613 3137 3 11239 
9400 13355 12955 11581 12860 12710 12557 3488 1 11147 
9500 13318 12922 11502 12850 12652 12593 4026 2 11151 
9600 13278 12951 11525 12775 12619 12614 4610 1 11194 
9700 13275 12883 11534 12777 12599 12603 5220 0 11187 
9800 13307 12885 11515 12757 12639 12566 5624 1 11140 
9900 13229 12823 11385 12712 12616 12534 6200 0 11120 
10000 13191 12897 11529 12742 12537 12612 6899 1 11245 
