# Avida tasks data
# Fri Apr 21 11:09:45 2023
# First column gives the current update, next columns give the number
# of organisms that have the particular task as a component of their merit
#  1: Update
#  2: Not
#  3: Nand
#  4: And
#  5: OrNot
#  6: Or
#  7: AndNot
#  8: Nor
#  9: Xor
# 10: Equals

0 0 0 0 0 0 0 0 0 0 
100 0 0 0 0 0 0 0 0 0 
200 0 0 0 0 0 0 0 0 0 
300 0 0 0 0 0 0 0 0 0 
400 0 0 0 0 0 0 0 0 0 
500 0 0 0 0 0 0 0 0 0 
600 2 0 0 0 0 0 0 0 0 
700 10 1 0 0 0 0 0 0 0 
800 81 11 0 6 0 0 0 0 0 
900 648 433 0 3 0 0 0 0 0 
1000 1837 2180 0 36 0 0 0 0 0 
1100 2687 3851 4 897 48 927 0 0 0 
1200 3824 5315 25 1305 1049 2745 0 0 0 
1300 5225 6503 24 849 2987 3916 0 0 0 
1400 6435 7775 28 949 4653 5206 0 0 0 
1500 7804 9106 39 965 6235 6541 14 0 0 
1600 8600 9920 61 1002 7217 7566 437 0 0 
1700 9049 10348 58 1735 8013 8385 1518 0 0 
1800 9338 10617 69 2698 8494 8855 2296 0 0 
1900 9428 10824 66 3522 8806 9173 2996 0 0 
2000 9618 10986 59 4306 9077 9478 3746 0 0 
2100 9787 11167 81 5138 9305 9715 4466 0 0 
2200 10079 11361 77 6010 9536 9932 5242 0 0 
2300 10364 11622 60 6807 9861 10218 6028 0 0 
2400 10613 11848 113 7385 9988 10499 6536 0 0 
2500 10737 12056 98 7962 10073 10626 7160 0 0 
2600 10896 12261 124 8444 10296 10896 7728 0 0 
2700 11118 12412 153 9185 10452 11003 8303 0 0 
2800 11316 12646 198 9650 10678 11254 8812 0 0 
2900 11457 12807 329 9964 10862 11427 9054 0 0 
3000 11680 12991 414 10498 11041 11653 9406 0 0 
3100 11814 13157 462 10759 11162 11751 9697 0 0 
3200 11952 13311 568 11081 11241 11896 9952 0 0 
3300 12045 13380 723 11120 11351 12001 10195 0 0 
3400 12164 13483 934 11294 11440 12020 10404 0 0 
3500 12206 13554 1251 11272 11531 12172 10512 0 0 
3600 12316 13611 1446 11479 11565 12276 10563 0 0 
3700 12303 13671 1676 11528 11565 12193 10577 0 0 
3800 12464 13751 1989 11809 11782 12414 10695 0 0 
3900 12412 13775 2246 11744 11725 12362 10669 0 0 
4000 12450 13798 2505 11744 11741 12343 10631 0 0 
4100 12417 13759 2816 11614 11677 12396 10748 0 0 
4200 12498 13767 3218 11752 11784 12375 10806 0 1 
4300 12430 13795 3545 11698 11680 12372 10759 0 0 
4400 12456 13788 3832 11583 11762 12387 10685 0 0 
4500 12451 13772 4146 11632 11682 12399 10769 0 0 
4600 12344 13730 4323 11493 11630 12299 10637 0 0 
4700 12398 13768 4600 11851 11666 12398 10697 0 0 
4800 12400 13742 5024 11749 11682 12344 10676 0 0 
4900 12442 13795 5436 11618 11835 12464 10712 0 0 
5000 12359 13769 5621 11681 11699 12386 10782 0 0 
5100 12478 13750 5925 11639 11749 12392 10746 0 0 
5200 12368 13758 6209 11539 11707 12390 10618 0 0 
5300 12483 13738 6559 11671 11740 12426 10687 0 0 
5400 12459 13753 6798 11612 11818 12424 10639 0 0 
5500 12412 13757 7162 11644 11757 12422 10683 0 0 
5600 12512 13778 7507 11623 11783 12412 10670 0 0 
5700 12558 13834 8059 11598 11844 12522 10738 0 0 
5800 12469 13766 8138 11587 11773 12404 10705 0 0 
5900 12402 13785 8099 11556 11715 12376 10695 0 0 
6000 12395 13755 8276 11521 11730 12338 10526 0 0 
6100 12511 13760 8535 11503 11753 12439 10596 0 0 
6200 12371 13745 8834 11585 11687 12354 10686 0 0 
6300 12497 13753 9116 11503 11749 12464 10663 0 0 
6400 12438 13714 9161 11609 11770 12384 10580 0 0 
6500 12463 13781 9514 11524 11756 12490 10576 0 0 
6600 12471 13750 9686 11579 11785 12398 10680 0 0 
6700 12483 13748 9786 11467 11793 12501 10606 0 0 
6800 12436 13770 9986 11510 11777 12535 10608 0 0 
6900 12482 13762 10126 11469 11844 12523 10649 3 0 
7000 12409 13756 10227 11441 11705 12450 10608 0 0 
7100 12441 13708 10160 11507 11745 12482 10526 0 0 
7200 12425 13721 10029 11332 11754 12411 10593 0 0 
7300 12437 13799 10001 11364 11762 12466 10662 0 0 
7400 12441 13720 10039 11326 11714 12434 10506 0 0 
7500 12444 13748 10002 11388 11753 12435 10558 0 0 
7600 12396 13698 10123 11526 11686 12403 10560 0 0 
7700 12425 13763 10167 11502 11739 12440 10526 1 0 
7800 12440 13745 10174 11480 11748 12447 10542 0 0 
7900 12370 13804 10276 11615 11745 12444 10578 0 0 
8000 12349 13817 10212 11512 11724 12388 10534 0 0 
8100 12361 13749 10343 11570 11683 12428 10561 0 0 
8200 12511 13763 10435 11567 11802 12487 10593 0 0 
8300 12444 13786 10370 11585 11744 12466 10710 0 0 
8400 12379 13737 10236 11564 11670 12357 10583 0 0 
8500 12408 13721 10280 11495 11720 12486 10529 0 0 
8600 12405 13754 10139 11575 11705 12386 10604 0 0 
8700 12436 13751 10436 11553 11776 12472 10634 0 0 
8800 12436 13735 10287 11510 11717 12401 10552 0 0 
8900 12426 13741 10390 11589 11704 12426 10564 0 0 
9000 12455 13769 10291 11506 11686 12424 10471 0 0 
9100 12409 13707 10312 11614 11648 12468 10609 0 0 
9200 12447 13782 10444 11599 11709 12491 10619 0 0 
9300 12439 13792 10416 11494 11735 12412 10609 0 0 
9400 12454 13728 10474 11558 11724 12542 10630 0 0 
9500 12423 13720 10328 11586 11714 12394 10597 0 0 
9600 12371 13701 10213 11499 11636 12402 10524 0 0 
9700 12473 13733 10331 11670 11768 12469 10743 0 0 
9800 12422 13745 10342 11611 11695 12435 10610 0 0 
9900 12410 13772 10384 11575 11751 12402 10644 0 0 
10000 12375 13788 10333 11571 11742 12395 10639 0 0 
