# Avida tasks data
# Fri Apr 21 12:43:22 2023
# First column gives the current update, next columns give the number
# of organisms that have the particular task as a component of their merit
#  1: Update
#  2: Not
#  3: Nand
#  4: And
#  5: OrNot
#  6: Or
#  7: AndNot
#  8: Nor
#  9: Xor
# 10: Equals

0 0 0 0 0 0 0 0 0 0 
100 0 0 0 0 0 0 0 0 0 
200 0 0 0 0 0 0 0 0 0 
300 0 0 0 0 0 0 0 0 0 
400 0 0 0 0 0 0 0 0 0 
500 0 0 0 0 0 0 0 0 0 
600 15 0 0 0 0 0 0 0 0 
700 244 49 0 93 0 0 0 0 0 
800 526 386 0 952 0 0 0 0 0 
900 2187 2111 0 2459 0 1 0 0 0 
1000 4636 4747 0 5028 0 0 0 0 0 
1100 6972 7186 58 7399 9 3 0 0 0 
1200 9173 9688 2199 9681 8 33 1 0 0 
1300 10514 11089 4138 11031 4 82 3 0 0 
1400 11829 12458 6430 12335 5 236 4 0 0 
1500 12396 13013 8190 12882 4 502 7 0 0 
1600 12501 13116 9376 12930 7 908 8 0 0 
1700 12592 13173 10353 12939 4 1459 14 0 0 
1800 12610 13176 11133 12887 1 1901 11 0 0 
1900 12731 13306 11854 13032 2 2647 15 0 0 
2000 12763 13280 12191 13008 4 3263 9 0 0 
2100 12737 13251 12420 13003 5 4132 14 0 0 
2200 12869 13279 12535 13029 3 4719 13 0 0 
2300 12809 13225 12552 12966 19 5328 12 0 0 
2400 12864 13322 12659 13041 34 5997 29 0 0 
2500 12721 13299 12682 13053 32 6766 21 0 0 
2600 12833 13342 12712 13061 27 7364 15 0 0 
2700 12902 13304 12790 13088 32 8028 11 0 0 
2800 12895 13292 12754 13058 44 8581 9 0 0 
2900 12913 13258 12705 13027 31 9016 12 0 0 
3000 12904 13333 12693 12990 39 9539 13 0 0 
3100 12941 13307 12727 13035 30 10098 19 0 0 
3200 12949 13310 12721 13044 23 10479 14 0 0 
3300 12897 13286 12760 13097 36 10903 11 0 0 
3400 12926 13305 12743 13037 35 11061 31 0 0 
3500 12888 13343 12637 12977 43 11341 32 0 0 
3600 12825 13381 12702 13007 41 11767 32 0 0 
3700 12897 13318 12768 13088 16 11897 36 0 0 
3800 12981 13379 12759 13062 5 12110 86 0 0 
3900 12892 13320 12805 13149 6 11948 615 0 0 
4000 12906 13293 12786 13029 13 12049 1795 0 0 
4100 12840 13268 12793 13001 5 12132 3234 0 0 
4200 12965 13308 12858 13015 11 12351 4844 0 0 
4300 13088 13329 12915 12984 7 12474 6228 0 0 
4400 13023 13302 12973 12973 10 12471 7622 0 2 
4500 13022 13321 12863 12851 10 12460 8698 0 0 
4600 13112 13333 12892 12860 19 12645 9848 0 0 
4700 13175 13318 12903 12879 12 12544 10739 0 0 
4800 13159 13273 12839 12793 15 12507 11253 0 0 
4900 13110 13283 12982 12819 6 12575 11748 0 0 
5000 13205 13289 12975 12783 5 12698 12120 0 0 
5100 13195 13302 12973 12891 7 12573 12368 0 0 
5200 13192 13288 12924 12801 11 12586 12403 0 0 
5300 13205 13295 12967 12816 33 12746 12410 0 0 
5400 13272 13330 13042 12938 184 12770 12514 0 0 
5500 13244 13304 12881 12798 360 12734 12345 0 0 
5600 13138 13260 12867 12795 754 12624 12278 0 0 
5700 13255 13336 13072 13005 1142 12863 12540 0 0 
5800 13276 13293 13010 12928 1429 12701 12455 0 0 
5900 13277 13315 12994 12899 1926 12831 12384 0 0 
6000 13235 13279 12965 12898 2522 12718 12451 0 0 
6100 13241 13310 12967 12881 2929 12749 12431 0 0 
6200 13272 13385 12997 12842 3623 12840 12392 0 0 
6300 13299 13308 12977 12857 4103 12799 12425 0 0 
6400 13340 13284 12998 12888 4663 12793 12478 0 0 
6500 13371 13322 13084 12924 5417 12827 12536 0 0 
6600 13337 13367 13015 12879 6012 12821 12422 0 0 
6700 13411 13349 13009 12894 6616 12801 12477 0 0 
6800 13293 13424 13031 12963 7292 13012 12544 0 0 
6900 13315 13337 13042 12890 7884 12968 12490 0 0 
7000 13265 13424 13076 12966 8485 12912 12531 2 0 
7100 13322 13373 13021 12946 8844 12861 12528 16 0 
7200 13325 13396 13068 12898 9309 12818 12501 88 0 
7300 13268 13401 12980 12880 9630 12661 12459 239 0 
7400 13279 13361 13052 12936 9674 12702 12490 455 0 
7500 13323 13410 13051 12900 9421 12681 12532 1034 0 
7600 13235 13423 12953 12860 8896 12736 12445 1817 0 
7700 13296 13461 13040 12937 8035 12598 12537 2956 0 
7800 13265 13371 13021 12867 7249 12596 12445 3927 0 
7900 13227 13431 12988 12883 6489 12417 12423 5056 0 
8000 13210 13358 13055 12908 5788 12424 12459 5952 0 
8100 13306 13332 13030 12903 5030 12356 12473 6841 0 
8200 13262 13377 13084 12941 4178 12388 12538 7903 0 
8300 13288 13329 12980 12907 3357 12270 12428 8720 0 
8400 13250 13405 13048 12997 2555 12314 12552 9656 0 
8500 13240 13450 13051 12905 2002 12328 12467 10286 0 
8600 13330 13447 13063 12951 1483 12425 12510 10856 0 
8700 13190 13397 13037 13009 1141 12335 12513 11166 0 
8800 13264 13372 13079 13015 831 12392 12529 11577 0 
8900 13184 13411 13094 13019 555 12427 12519 11867 0 
9000 13288 13412 13072 12982 411 12445 12546 11967 0 
9100 13317 13451 13123 13052 282 12602 12578 12186 0 
9200 13243 13454 13136 13105 193 12509 12603 12278 0 
9300 13271 13396 13121 13061 197 12565 12591 12185 0 
9400 13298 13414 13206 13123 176 12574 12697 12279 0 
9500 13308 13393 13141 13048 144 12504 12623 12336 0 
9600 13357 13444 13150 13051 175 12650 12627 12369 0 
9700 13410 13507 13123 13060 131 12766 12598 12430 0 
9800 13428 13487 13084 13020 153 12721 12672 12343 0 
9900 13394 13441 13059 12988 152 12632 12554 12252 0 
10000 13379 13478 13135 13068 155 12519 12566 12356 0 
