# Avida tasks data
# Fri Apr 21 09:40:51 2023
# First column gives the current update, next columns give the number
# of organisms that have the particular task as a component of their merit
#  1: Update
#  2: Not
#  3: Nand
#  4: And
#  5: OrNot
#  6: Or
#  7: AndNot
#  8: Nor
#  9: Xor
# 10: Equals

0 0 0 0 0 0 0 0 0 0 
100 0 0 0 0 0 0 0 0 0 
200 0 0 0 0 0 0 0 0 0 
300 0 0 0 0 0 0 0 0 0 
400 0 0 0 0 0 0 0 0 0 
500 6 0 0 0 0 0 0 0 0 
600 12 0 0 0 0 0 0 0 0 
700 37 1 0 0 0 0 0 0 0 
800 58 1 0 0 0 0 0 0 0 
900 156 4 0 0 0 0 0 0 0 
1000 285 44 0 0 0 0 0 0 0 
1100 671 54 0 451 0 0 0 0 0 
1200 3221 95 0 2808 2 0 0 0 0 
1300 5165 228 0 4596 7 0 0 0 0 
1400 6733 731 0 6014 197 0 0 0 0 
1500 8000 1093 0 7212 1187 21 371 0 0 
1600 8950 1222 347 8057 2063 54 1125 0 0 
1700 9544 1140 1183 8856 2963 296 1459 0 0 
1800 9847 1104 1607 9149 4549 2480 2426 0 0 
1900 10546 1071 3246 9751 5859 4163 2311 0 0 
2000 11088 902 4842 10307 6934 5452 1942 0 0 
2100 11709 861 6231 10877 7707 6438 1599 0 0 
2200 11871 749 7345 11168 8460 7405 1337 0 0 
2300 12072 627 8149 11282 8960 8119 1168 0 0 
2400 12355 564 8811 11420 9569 8793 1072 0 0 
2500 12363 512 9691 11748 10145 9537 905 0 0 
2600 12571 381 10267 11855 10573 10255 795 0 0 
2700 12682 324 10827 12058 10882 10566 640 0 0 
2800 12826 263 11454 12173 11198 10965 416 0 0 
2900 12999 292 11733 12151 11171 11085 316 0 0 
3000 12971 260 11918 12160 11253 11196 232 0 0 
3100 12982 240 11917 12125 11220 11058 179 2 0 
3200 12974 268 11958 12148 11242 11162 175 0 0 
3300 12921 260 12070 12343 11327 11258 137 0 0 
3400 13005 221 12097 12324 11363 11279 159 0 0 
3500 12993 264 12168 12248 11409 11319 152 0 0 
3600 12992 248 12081 12277 11302 11251 181 0 0 
3700 12973 253 12154 12303 11433 11282 151 0 0 
3800 12909 251 12048 12297 11355 11292 130 0 0 
3900 12957 379 12145 12238 11394 11275 131 0 0 
4000 12941 449 12154 12344 11427 11357 147 0 0 
4100 13072 508 12164 12339 11442 11278 137 0 0 
4200 13111 744 12177 12356 11403 11352 131 0 0 
4300 12988 1011 12194 12339 11383 11380 113 0 0 
4400 13018 1320 12173 12368 11451 11415 114 0 0 
4500 13150 1701 12228 12469 11512 11423 121 0 0 
4600 12958 2095 12286 12422 11507 11383 135 0 0 
4700 13059 2552 12189 12409 11430 11403 124 0 0 
4800 12997 2944 12197 12479 11417 11305 111 0 0 
4900 13115 3434 12214 12446 11478 11359 88 0 0 
5000 13030 3999 12227 12436 11392 11410 107 0 0 
5100 12926 4467 12357 12433 11510 11482 91 0 0 
5200 12888 4883 12138 12332 11371 11247 136 0 0 
5300 13011 5521 12181 12364 11411 11327 104 0 0 
5400 13073 6321 12230 12431 11393 11350 95 0 0 
5500 12917 7151 12258 12390 11417 11406 98 0 0 
5600 12868 7966 12158 12340 11354 11354 123 0 0 
5700 12885 8618 12158 12353 11346 11232 125 0 0 
5800 13080 9458 12333 12515 11547 11600 119 0 0 
5900 12941 9995 12204 12389 11352 11431 105 0 0 
6000 12984 10696 12202 12479 11358 11311 144 0 0 
6100 12890 11096 12348 12459 11431 11457 129 0 0 
6200 13030 11377 12222 12460 11313 11364 101 0 0 
6300 13014 11669 12272 12510 11384 11472 106 0 0 
6400 13042 11839 12130 12424 11312 11345 142 0 0 
6500 13073 12000 12252 12542 11372 11483 144 0 0 
6600 13091 12137 12195 12440 11366 11396 127 0 0 
6700 13094 12045 12187 12525 11379 11345 136 0 0 
6800 12957 12088 12270 12515 11383 11342 191 0 0 
6900 13001 12140 12201 12490 11393 11251 268 0 0 
7000 13009 12264 12349 12603 11524 11351 352 0 0 
7100 13090 12199 12339 12603 11504 10995 633 0 0 
7200 13007 12155 12251 12535 11457 10586 1016 0 0 
7300 12855 12074 12227 12584 11485 10252 1412 0 0 
7400 12749 12070 12308 12595 11529 9868 1962 0 0 
7500 12549 11712 12250 12715 11518 9378 2685 0 0 
7600 12296 11531 12421 12725 11648 8995 3465 0 0 
7700 12127 11299 12380 12676 11561 8598 4109 0 0 
7800 11945 11000 12327 12682 11603 8256 4737 0 0 
7900 11764 10514 12336 12659 11607 7874 5564 0 0 
8000 11880 9954 12367 12711 11534 7738 6175 1 0 
8100 11705 9500 12455 12732 11705 7448 6970 0 0 
8200 11773 8976 12446 12715 11583 7495 7361 2 0 
8300 11784 8673 12450 12746 11569 7648 7830 0 0 
8400 12026 8383 12504 12659 11645 7836 8605 0 0 
8500 11963 8353 12626 12729 11670 8014 9239 0 0 
8600 12067 8358 12563 12653 11643 8327 9934 0 0 
8700 12133 8414 12754 12807 11792 8667 10711 0 0 
8800 12189 8563 12698 12688 11536 8907 11005 0 0 
8900 12261 8681 12771 12678 11647 9292 11464 0 0 
9000 12319 8937 12835 12651 11707 9785 11680 0 0 
9100 12507 9331 12971 12673 11818 10309 11956 0 0 
9200 12456 9714 12985 12677 11824 10895 12176 0 0 
9300 12613 10263 12992 12763 11882 11333 12351 0 0 
9400 12474 10676 13018 12736 11883 11534 12330 2 0 
9500 12558 11364 13018 12731 11745 11524 12319 0 0 
9600 12410 12052 12928 12660 11794 11692 12373 0 2 
9700 12502 12563 12993 12747 11793 11631 12370 0 0 
9800 12502 13032 13075 12622 11781 11667 12279 0 0 
9900 12678 13290 12948 12604 11893 11750 12318 0 0 
10000 12568 13416 13026 12776 11895 11788 12435 0 0 
