# Avida tasks data
# Fri Apr 21 06:08:45 2023
# First column gives the current update, next columns give the number
# of organisms that have the particular task as a component of their merit
#  1: Update
#  2: Not
#  3: Nand
#  4: And
#  5: OrNot
#  6: Or
#  7: AndNot
#  8: Nor
#  9: Xor
# 10: Equals

0 0 0 0 0 0 0 0 0 0 
100 0 0 0 0 0 0 0 0 0 
200 0 0 0 0 0 0 0 0 0 
300 0 0 0 0 0 0 0 0 0 
400 0 0 0 0 0 0 0 0 0 
500 0 0 0 0 0 0 0 0 0 
600 1 10 0 0 0 0 0 0 0 
700 4 68 0 0 0 0 0 0 0 
800 46 265 0 36 0 960 0 0 0 
900 59 1052 2 1232 0 2503 0 0 0 
1000 244 2388 1052 2152 0 3376 1 0 0 
1100 153 3962 1100 3672 9 4822 0 0 0 
1200 218 4967 986 4764 14 5877 0 0 0 
1300 250 5123 804 5059 23 6107 4 0 0 
1400 308 5429 809 5348 23 6390 1033 0 0 
1500 336 5819 807 5735 36 6680 1737 0 0 
1600 327 5845 812 5742 38 6704 1928 780 0 
1700 1154 5870 719 5766 33 6698 2460 1302 0 
1800 1684 5922 562 5853 44 6684 2841 1680 0 
1900 2209 5999 398 5975 50 6657 3165 1993 0 
2000 2818 6077 273 6098 54 6671 3588 2439 0 
2100 3392 6234 175 6282 56 6715 4034 2922 0 
2200 3905 6269 116 6437 51 6732 4383 3334 2 
2300 4285 6451 79 6584 72 6793 4785 3739 0 
2400 4749 6688 46 6763 93 6927 5186 4189 1 
2500 5200 6962 29 6982 81 7095 5544 4629 0 
2600 5620 7165 22 7216 77 7255 5914 5012 0 
2700 6058 7467 15 7514 83 7393 6209 5396 0 
2800 6441 7860 15 7902 74 7743 6756 5901 0 
2900 6416 7883 16 7906 76 7735 6763 5904 0 
3000 6416 7883 16 7906 76 7735 6763 5904 0 
3100 6416 7883 16 7906 76 7735 6763 5904 0 
3200 6416 7883 16 7906 76 7735 6763 5904 0 
3300 6416 7883 16 7906 76 7735 6763 5904 0 
3400 6416 7883 16 7906 76 7735 6763 5904 0 
3500 6416 7883 16 7906 76 7735 6763 5904 0 
3600 6416 7883 16 7906 76 7735 6763 5904 0 
3700 6416 7883 16 7906 76 7735 6763 5904 0 
3800 6416 7883 16 7906 76 7735 6763 5904 0 
3900 6415 7882 16 7905 76 7734 6762 5903 0 
4000 6415 7880 16 7903 76 7732 6761 5902 0 
4100 6416 7881 16 7904 76 7733 6762 5903 0 
4200 6416 7881 16 7904 76 7733 6762 5903 0 
4300 6416 7881 16 7904 76 7733 6762 5903 0 
4400 6416 7881 16 7904 76 7733 6762 5903 0 
4500 6415 7880 16 7903 76 7732 6761 5902 0 
4600 6416 7881 16 7904 76 7733 6762 5903 0 
4700 6415 7880 16 7903 76 7732 6761 5902 0 
4800 6416 7881 16 7904 76 7733 6762 5903 0 
4900 6416 7881 16 7904 76 7733 6762 5903 0 
5000 6415 7880 16 7903 76 7732 6761 5902 0 
5100 6416 7881 16 7904 76 7733 6762 5903 0 
5200 6415 7880 16 7903 76 7732 6761 5902 0 
5300 6415 7880 16 7903 76 7732 6761 5902 0 
5400 6416 7881 16 7904 76 7733 6762 5903 0 
5500 6416 7881 16 7904 76 7733 6762 5903 0 
5600 6416 7881 16 7904 76 7733 6762 5903 0 
5700 6416 7881 16 7904 76 7733 6762 5903 0 
5800 6416 7881 16 7904 76 7733 6762 5903 0 
5900 6415 7880 16 7903 76 7732 6761 5902 0 
6000 6416 7881 16 7904 76 7733 6762 5903 0 
6100 6415 7880 16 7903 76 7732 6761 5902 0 
6200 6416 7881 16 7904 76 7733 6762 5903 0 
6300 6416 7881 16 7904 76 7733 6762 5903 0 
6400 6416 7881 16 7904 76 7733 6762 5903 0 
6500 6415 7880 16 7903 76 7732 6761 5902 0 
6600 6416 7881 16 7904 76 7733 6762 5903 0 
6700 6416 7881 16 7904 76 7733 6762 5903 0 
6800 6416 7881 16 7904 76 7733 6762 5903 0 
6900 6416 7881 16 7904 76 7733 6762 5903 0 
7000 6416 7881 16 7904 76 7733 6762 5903 0 
7100 6415 7880 16 7903 76 7732 6761 5902 0 
7200 6416 7881 16 7904 76 7733 6762 5903 0 
7300 6416 7881 16 7904 76 7733 6762 5903 0 
7400 6415 7880 16 7903 76 7732 6761 5902 0 
7500 6416 7881 16 7904 76 7733 6762 5903 0 
7600 6416 7881 16 7904 76 7733 6762 5903 0 
7700 6415 7880 16 7903 76 7732 6761 5902 0 
7800 6415 7880 16 7903 76 7732 6761 5902 0 
7900 6416 7881 16 7904 76 7733 6762 5903 0 
8000 6416 7881 16 7904 76 7733 6762 5903 0 
8100 6416 7881 16 7904 76 7733 6762 5903 0 
8200 6415 7880 16 7903 76 7732 6761 5902 0 
8300 6417 7880 16 7903 76 7732 6762 5902 0 
8400 6416 7879 16 7902 76 7731 6761 5901 0 
8500 6416 7879 16 7902 76 7731 6761 5901 0 
8600 6417 7880 16 7903 76 7732 6762 5902 0 
8700 6417 7880 16 7903 76 7732 6762 5902 0 
8800 6417 7880 16 7903 76 7732 6762 5902 0 
8900 6417 7880 16 7903 76 7732 6762 5902 0 
9000 6739 8064 11 8128 91 7843 6891 6041 0 
9100 6974 8351 15 8387 87 8065 7248 6374 0 
9200 6974 8351 15 8387 87 8065 7248 6374 0 
9300 6974 8351 15 8387 87 8065 7248 6374 0 
9400 6974 8351 15 8387 87 8065 7248 6374 0 
9500 6974 8351 14 8385 87 8064 7248 6374 0 
9600 6974 8351 14 8385 87 8064 7248 6374 0 
9700 6974 8351 14 8385 87 8064 7248 6374 0 
9800 6974 8349 14 8383 87 8062 7246 6372 0 
9900 6974 8349 14 8383 87 8062 7246 6372 0 
10000 6974 8349 14 8383 87 8062 7246 6372 0 
