# Avida tasks data
# Fri Apr 21 20:12:35 2023
# First column gives the current update, next columns give the number
# of organisms that have the particular task as a component of their merit
#  1: Update
#  2: Not
#  3: Nand
#  4: And
#  5: OrNot
#  6: Or
#  7: AndNot
#  8: Nor
#  9: Xor
# 10: Equals

0 0 0 0 0 0 0 0 0 0 
100 0 0 0 0 0 0 0 0 0 
200 0 0 0 0 0 0 0 0 0 
300 0 0 0 0 0 0 0 0 0 
400 33 0 0 0 0 0 0 0 0 
500 1184 0 0 3 0 0 0 0 0 
600 2663 0 0 5 0 0 0 0 0 
700 4612 0 0 25 0 0 0 0 0 
800 6420 1000 0 458 0 0 0 0 0 
900 7962 4078 0 3015 1 1 33 0 0 
1000 9028 6151 10 5434 23 14 1532 0 0 
1100 9827 7905 25 7033 219 44 3223 0 0 
1200 10416 9150 30 8136 569 161 4683 0 2 
1300 10798 10164 46 8963 903 266 5789 0 0 
1400 11340 10949 93 9645 1378 424 6965 0 0 
1500 11732 11564 73 10094 1733 543 7839 0 0 
1600 12063 12155 111 10585 2376 698 8662 0 0 
1700 12370 12630 103 10946 3026 858 9389 0 0 
1800 12569 12960 112 11208 3425 1165 10002 0 0 
1900 12678 13109 109 11355 4037 1397 10453 0 0 
2000 12747 13195 163 11491 4623 1780 10714 1 2 
2100 12832 13309 193 11600 5250 2332 11015 0 0 
2200 12802 13281 164 11658 5655 2702 11099 0 0 
2300 12824 13365 180 11621 6036 3075 11095 0 3 
2400 12866 13333 136 11556 6697 3549 11301 9 178 
2500 12818 13447 145 11003 6808 3752 11272 10 602 
2600 12798 13381 134 10487 6739 4037 11316 36 1244 
2700 12826 13395 178 10770 6137 3533 11460 26 2238 
2800 12781 13446 1464 11067 5292 2916 11384 37 3143 
2900 12808 13350 3288 11313 4289 1848 11284 39 4403 
3000 12745 13379 4836 11544 3617 1276 11270 34 5396 
3100 12866 13403 5958 11758 3079 1056 11334 836 6128 
3200 12886 13407 6364 11906 2956 1028 11391 2022 6401 
3300 12924 13421 6890 11917 2573 1501 11455 2103 6833 
3400 12939 13385 7394 12035 2327 2898 11494 1979 7236 
3500 13056 13361 7435 12083 2365 3643 11638 1630 7388 
3600 13079 13395 6014 11983 3034 4250 11679 1187 7439 
3700 13095 12570 5045 11941 4313 3935 11700 1118 7525 
3800 13214 12965 4535 11989 5271 3407 11843 966 7855 
3900 13253 13175 4229 12083 6073 2758 11946 838 8380 
4000 13217 13298 3865 12127 6687 2331 12017 723 8800 
4100 11244 13365 3668 12143 6984 2092 12029 677 8891 
4200 9765 13328 3214 12067 7435 1772 12053 522 8909 
4300 8361 13237 2452 10576 6825 1320 12095 121 9222 
4400 7493 13089 2251 9171 5738 1198 12079 84 9843 
4500 7154 12947 2185 8698 5372 1169 10658 73 9961 
4600 7018 13114 2178 8246 4935 1160 9125 76 9936 
4700 6301 12677 2185 7232 4014 1139 8669 70 10219 
4800 5859 10582 2100 6744 3685 1063 9611 85 10278 
4900 5204 9162 1947 5931 3133 904 10114 89 10454 
5000 4616 7955 1774 5096 2671 806 10459 77 10719 
5100 4152 6906 1597 4435 2336 716 10743 89 10950 
5200 3646 5898 1495 3784 1945 610 10939 93 11110 
5300 3220 4969 1402 3241 1611 559 11224 90 11408 
5400 2797 4101 1317 2704 1260 491 11393 105 11520 
5500 2371 3182 1270 2225 912 432 11652 106 11597 
5600 2092 2469 1226 1835 645 399 11777 110 11556 
5700 1784 1874 1125 1489 455 301 12005 94 11680 
5800 1766 1864 1116 1482 444 291 11460 95 11654 
5900 1756 1861 1102 1473 441 286 11142 93 11671 
