# Avida tasks data
# Fri Apr 21 13:12:00 2023
# First column gives the current update, next columns give the number
# of organisms that have the particular task as a component of their merit
#  1: Update
#  2: Not
#  3: Nand
#  4: And
#  5: OrNot
#  6: Or
#  7: AndNot
#  8: Nor
#  9: Xor
# 10: Equals

0 0 0 0 0 0 0 0 0 0 
100 0 0 0 0 0 0 0 0 0 
200 0 0 0 0 0 0 0 0 0 
300 0 0 0 0 0 0 0 0 0 
400 0 0 0 0 0 0 0 0 0 
500 0 0 0 0 0 0 0 0 0 
600 0 0 0 0 0 0 0 0 0 
700 27 0 0 0 0 0 0 0 0 
800 430 0 0 0 0 0 0 0 0 
900 1233 0 0 0 0 0 0 0 0 
1000 2470 4 0 10 0 0 0 0 0 
1100 3444 211 0 819 2 0 0 0 0 
1200 5687 2400 0 2790 2178 3 0 0 0 
1300 7491 4565 1 4585 4111 11 0 0 0 
1400 8849 6118 2 5909 5598 79 0 0 0 
1500 9942 7431 179 7135 6667 674 3 0 0 
1600 10280 8239 2356 7890 7476 735 4 0 0 
1700 10516 8997 4419 8604 8208 610 6 0 0 
1800 10990 9809 6380 9187 8827 463 8 0 0 
1900 11348 10526 8045 9855 9486 398 4 0 0 
2000 11622 11254 9449 10554 10127 432 2 0 0 
2100 11987 11923 10770 11057 10548 396 6 0 0 
2200 12270 12405 11580 11416 10964 398 5 0 0 
2300 12356 12756 12252 11682 11241 327 3 0 0 
2400 12525 12963 12615 11882 11426 351 1 0 0 
2500 12619 13169 12865 12069 11588 373 2 0 0 
2600 12825 13369 13051 12190 11803 411 2 0 0 
2700 12821 13433 13173 12258 11822 383 5 0 0 
2800 12929 13384 13060 12267 11795 389 2 0 0 
2900 12823 13485 13200 12226 11713 359 3 0 0 
3000 12921 13482 13242 12256 11782 349 2 0 0 
3100 12967 13396 13165 12258 11807 406 8 0 0 
3200 12981 13455 13175 12329 11811 409 8 0 0 
3300 12905 13391 13129 12296 11901 458 6 0 0 
3400 12903 13407 13150 12330 11855 441 2 0 0 
3500 12835 13351 13042 12301 11753 606 5 0 0 
3600 12856 13441 13188 12351 11882 637 5 0 0 
3700 12890 13445 13173 12306 11753 1031 2 0 0 
3800 12876 13459 13200 12361 11758 1945 9 0 0 
3900 12835 13385 13051 12262 11775 3494 17 0 0 
4000 12680 13448 13062 12321 11722 4699 26 0 0 
4100 12716 13412 13046 12328 11822 5777 30 0 0 
4200 12669 13435 13014 12268 11758 6965 44 0 0 
4300 12603 13489 12945 12302 11735 8044 37 0 0 
4400 12581 13433 12954 12269 11758 9122 52 0 0 
4500 12561 13494 12965 12287 11767 10063 54 0 0 
4600 12535 13452 12930 12274 11863 11008 56 0 0 
4700 12451 13493 12977 12252 11787 11592 49 0 0 
4800 12535 13534 12928 12345 11890 12111 48 0 0 
4900 12484 13457 12885 12305 11830 12439 66 0 0 
5000 12486 13510 12938 12323 11875 12765 59 0 0 
5100 12475 13478 12898 12377 11880 12986 56 0 0 
5200 12577 13500 12908 12369 11937 13216 49 0 0 
5300 12471 13566 12858 12226 11761 13192 52 0 0 
5400 12468 13522 12939 12374 11841 13181 63 0 0 
5500 12472 13554 12968 12373 11908 13270 69 0 0 
5600 12473 13592 12903 12367 11905 13269 48 0 0 
5700 12474 13567 12999 12355 11880 13207 59 0 0 
5800 12550 13576 13054 12450 11953 13254 55 0 0 
5900 12640 13607 12977 12439 12013 13339 47 0 0 
6000 12627 13559 12987 12542 12009 13290 45 0 0 
6100 12540 13592 13021 12394 12000 13280 37 0 0 
6200 12633 13599 13031 12495 12041 13360 48 0 0 
6300 12540 13622 13010 12392 11990 13320 41 0 0 
6400 12649 13672 13049 12525 12080 13324 48 0 0 
6500 12612 13634 12971 12456 11990 13311 49 0 0 
6600 12627 13586 12995 12462 11965 13356 45 0 0 
6700 12605 13614 13085 12430 12023 13356 49 0 0 
6800 12740 13526 13088 12541 12175 13270 44 0 0 
6900 12589 13655 13091 12520 12080 13367 31 0 0 
7000 12669 13612 13046 12436 12076 13340 39 0 0 
7100 12616 13563 12995 12476 11972 13379 61 0 0 
7200 12779 13582 13007 12553 12156 13391 50 0 0 
7300 12718 13558 13050 12522 12121 13332 44 0 0 
7400 12700 13645 13000 12532 12092 13416 39 0 0 
7500 12860 13607 13003 12577 12174 13404 41 0 0 
7600 12731 13600 13010 12523 12124 13427 35 0 0 
7700 12772 13573 12993 12500 12089 13353 39 0 0 
7800 12777 13651 13029 12560 12142 13338 60 0 0 
7900 12744 13591 12990 12502 12092 13355 37 0 0 
8000 12830 13661 13018 12590 12125 13531 48 0 0 
8100 12857 13670 13033 12521 12114 13407 43 0 0 
8200 12821 13636 13042 12517 12085 13434 48 0 0 
8300 12833 13584 12931 12544 12067 13436 51 0 0 
8400 12828 13533 12970 12506 12066 13434 48 0 0 
8500 12780 13586 13087 12451 12036 13351 50 0 0 
8600 12750 13598 13044 12419 11990 13405 37 0 0 
8700 12817 13612 13018 12589 12088 13402 44 0 0 
8800 12836 13583 13032 12558 12139 13422 30 0 0 
8900 12824 13566 13051 12512 12058 13411 41 0 0 
9000 12864 13659 13011 12557 12135 13405 42 0 0 
9100 12943 13616 13051 12613 12171 13417 42 0 0 
9200 12941 13591 13012 12552 12209 13469 37 0 0 
9300 12938 13630 13038 12568 12135 13440 37 0 0 
9400 12901 13656 13001 12572 12105 13477 33 0 0 
9500 12881 13686 12973 12479 12095 13479 41 0 0 
9600 13031 13634 12992 12545 12134 13399 53 0 0 
9700 12862 13601 13107 12490 12110 13452 53 0 0 
9800 12896 13645 13055 12468 12091 13496 31 0 0 
9900 12912 13642 13012 12531 12088 13448 20 0 0 
10000 13002 13681 13010 12583 12154 13445 52 0 0 
