# Avida tasks data
# Sat Apr 22 12:31:34 2023
# First column gives the current update, next columns give the number
# of organisms that have the particular task as a component of their merit
#  1: Update
#  2: Not
#  3: Nand
#  4: And
#  5: OrNot
#  6: Or
#  7: AndNot
#  8: Nor
#  9: Xor
# 10: Equals

0 0 0 0 0 0 0 0 0 0 
100 0 0 0 0 0 0 0 0 0 
200 0 0 0 0 0 0 0 0 0 
300 157 0 0 0 0 0 0 0 0 
400 704 15 0 9 0 0 0 0 0 
500 1290 308 0 11 0 0 0 0 0 
600 1873 1230 0 246 3 2 0 0 0 
700 2989 2607 0 1460 10 0 0 0 0 
800 4338 4039 0 3017 31 0 0 0 0 
900 5829 5641 2 4738 44 0 0 0 0 
1000 7553 7536 0 6645 39 0 0 0 0 
1100 9624 9812 4 9013 71 1 0 0 0 
1200 11169 11446 0 10783 80 0 0 0 0 
1300 12050 12457 3 12035 104 0 0 0 0 
1400 12389 12919 3 12663 98 0 0 0 0 
1500 12471 12922 4 12736 77 0 0 0 0 
1600 12516 12994 0 12916 85 2 0 0 0 
1700 12457 12968 0 12862 72 0 0 0 0 
1800 12532 13069 4 12951 73 0 0 0 0 
1900 12548 13030 3 12845 93 0 0 0 0 
2000 12619 12956 9 12810 82 0 0 0 0 
2100 12660 13013 15 12891 97 2 0 0 0 
2200 12480 13075 6 12893 86 1 0 0 0 
2300 12481 12946 10 12865 101 0 0 0 0 
2400 12577 13084 12 12938 77 0 0 0 0 
2500 12525 13035 10 12923 88 0 0 0 0 
2600 12658 13019 38 12828 66 0 0 0 0 
2700 12638 13065 23 12840 60 0 0 0 0 
2800 12660 13030 15 12884 66 0 0 0 0 
2900 12684 13065 16 12968 88 1 0 0 0 
3000 12610 12991 117 12865 94 0 0 0 0 
3100 12576 12981 528 12853 92 5 0 0 0 
3200 12636 13034 1388 12943 76 2 0 0 0 
3300 12715 13054 2363 12919 59 87 0 0 0 
3400 12710 13151 3431 12824 63 374 61 0 0 
3500 12869 13121 4339 12223 123 999 683 0 0 
3600 12722 13113 5012 11133 194 1894 1723 0 0 
3700 12779 13135 5414 11636 150 2951 2869 0 0 
3800 12623 13153 5826 12435 53 4170 3973 0 0 
3900 12693 13139 6672 12780 33 5450 5103 0 0 
4000 12661 13191 7469 13047 32 6680 6277 0 0 
4100 12715 13219 8418 13224 29 7979 7567 0 0 
4200 12626 13155 9171 13196 27 8879 8464 0 1 
4300 12627 13203 9712 13337 23 9783 9308 0 0 
4400 12630 13251 10277 13349 16 10575 9891 0 0 
4500 12706 13251 10762 13450 9 11119 10527 0 0 
4600 12763 13271 11175 13498 12 11630 10889 0 0 
4700 12682 13272 11492 13521 10 11968 11248 0 0 
4800 12794 13344 11795 13511 12 12335 11597 0 0 
4900 12696 13270 11946 13468 7 12452 11650 0 0 
5000 12750 13247 12012 13438 6 12454 11721 0 0 
5100 12696 13268 12111 13499 4 12480 11821 0 0 
5200 12726 13271 12018 13439 8 12479 11864 0 0 
5300 12790 13288 12080 13469 10 12457 11823 0 0 
5400 12741 13315 12135 13410 11 12481 11732 0 0 
5500 12732 13328 12060 13442 8 12493 11755 0 0 
5600 12783 13275 12057 13389 5 12557 11779 0 0 
5700 12760 13301 12131 13500 5 12495 11808 0 0 
5800 12808 13379 12212 13505 5 12590 11843 0 0 
5900 12672 13284 12055 13417 6 12535 11697 0 0 
6000 12828 13299 12129 13450 8 12491 11842 0 0 
6100 12724 13279 12044 13416 6 12580 11789 0 0 
6200 12820 13320 12182 13491 5 12492 11847 0 0 
6300 12802 13319 12160 13518 5 12499 11843 0 0 
6400 12893 13276 12196 13473 5 12463 11930 0 0 
6500 12847 13279 12102 13509 12 12605 11813 0 0 
6600 12835 13364 12245 13535 6 12730 11808 0 0 
6700 12812 13288 12162 13545 9 12646 11849 0 0 
6800 12841 13351 12173 13537 4 12690 11848 0 0 
6900 12830 13266 12146 13525 3 12483 11807 0 0 
7000 12850 13244 12214 13560 3 12327 11862 0 0 
7100 12794 13297 12178 13580 5 12541 11901 0 0 
7200 12837 13315 12141 13569 8 12595 11836 0 0 
7300 12857 13343 12120 13532 3 12579 11925 0 0 
7400 12818 13306 12135 13564 6 12568 11823 0 0 
7500 12870 13300 12250 13499 3 12584 11940 0 0 
7600 12894 13344 12171 13549 5 12527 11975 0 0 
7700 12924 13399 12214 13561 6 12557 12002 0 0 
7800 12942 13382 12301 13555 3 12546 12023 0 0 
7900 12879 13370 12275 13586 3 12591 11942 0 0 
8000 12847 13338 12146 13496 5 12637 11932 0 0 
8100 12889 13305 12279 13613 5 12556 12005 0 0 
8200 12954 13340 12245 13565 5 12565 12061 0 0 
8300 12995 13329 12219 13598 3 12623 12166 0 0 
8400 12968 13339 12312 13557 6 12671 12077 0 0 
8500 12822 13354 12223 13552 4 12627 11956 0 0 
8600 12889 13333 12273 13636 3 12501 12047 0 0 
8700 12908 13334 12247 13558 3 12479 12021 0 0 
8800 12915 13351 12288 13556 1 12549 12023 0 0 
8900 12986 13444 12292 13639 6 12723 12177 0 0 
9000 12889 13371 12213 13567 17 12714 12060 0 0 
9100 12888 13369 12291 13578 7 12722 12044 0 0 
9200 12952 13368 12311 13637 3 12689 12076 0 0 
9300 13032 13349 12363 13669 1 12582 12181 0 0 
9400 12848 13347 12290 13643 13 12544 11994 0 0 
9500 13006 13412 12344 13569 14 12802 12101 0 0 
9600 12939 13391 12312 13626 36 12746 12075 0 0 
9700 13052 13411 12465 13670 19 12714 12273 0 0 
9800 13015 13424 12382 13577 26 12585 12172 0 0 
9900 13083 13437 12423 13668 48 12663 12222 0 0 
10000 12951 13469 12380 13634 45 12636 12031 0 0 
