# Avida tasks data
# Fri Apr 21 23:15:32 2023
# First column gives the current update, next columns give the number
# of organisms that have the particular task as a component of their merit
#  1: Update
#  2: Not
#  3: Nand
#  4: And
#  5: OrNot
#  6: Or
#  7: AndNot
#  8: Nor
#  9: Xor
# 10: Equals

0 0 0 0 0 0 0 0 0 0 
100 0 0 0 0 0 0 0 0 0 
200 0 0 0 0 0 0 0 0 0 
300 0 0 0 0 0 0 0 0 0 
400 0 0 0 0 0 0 0 0 0 
500 0 0 0 0 0 0 0 0 0 
600 0 1 0 0 0 0 0 0 0 
700 32 5 0 0 0 0 0 0 0 
800 71 24 0 0 0 0 0 0 0 
900 148 84 0 0 0 0 0 0 0 
1000 265 172 0 15 0 0 0 0 0 
1100 506 224 0 302 0 0 0 0 0 
1200 1576 774 0 1377 1183 3 0 0 0 
1300 3579 2301 0 3053 3044 3 285 0 0 
1400 4941 1985 0 4257 4143 19 2106 0 0 
1500 6195 1614 0 5387 5345 25 3772 0 0 
1600 7327 1134 0 6346 6418 81 5179 0 0 
1700 8422 949 10 7060 7318 234 6259 0 0 
1800 9157 822 16 7776 7958 823 7112 0 0 
1900 9639 747 35 8273 8406 1889 7606 0 0 
2000 9725 666 59 8440 8557 2999 7865 0 0 
2100 10008 550 73 8805 8846 4164 8211 0 0 
2200 10157 412 89 9027 8990 5219 8417 0 0 
2300 10377 325 104 9232 9272 6538 8765 0 0 
2400 10539 253 99 9448 9448 7549 8995 0 0 
2500 10756 275 144 9721 9724 8269 9242 0 0 
2600 11203 275 144 9946 9859 8912 9373 0 0 
2700 11654 272 174 10428 10439 9487 9892 0 0 
2800 11948 256 131 10528 10587 9737 10085 0 0 
2900 12167 333 143 10821 10858 9923 10251 0 0 
3000 12417 315 175 11054 11037 10108 10439 0 0 
3100 12598 358 142 11074 11146 10290 10561 0 0 
3200 12678 380 129 11191 11226 10414 10744 0 0 
3300 12608 471 146 11238 11248 10471 10730 0 0 
3400 12559 611 161 11199 11126 10397 10656 0 0 
3500 12490 778 144 11004 10980 10199 10471 0 0 
3600 12598 938 130 11137 11205 10447 10619 0 0 
3700 12585 1261 127 11145 11194 10442 10650 0 0 
3800 12552 1591 137 11151 11183 10415 10686 0 0 
3900 12496 2001 149 11118 11238 10491 10709 0 0 
4000 12590 2499 131 11197 11223 10438 10664 0 0 
4100 12600 3169 119 11151 11144 10481 10659 0 0 
4200 12641 3946 127 11244 11251 10444 10750 0 0 
4300 12712 4623 150 11182 11271 10493 10712 0 0 
4400 12681 5270 120 11215 11277 10616 10778 0 0 
4500 12660 5865 124 11218 11212 10551 10799 0 0 
4600 12701 6517 136 11245 11170 10556 10736 0 0 
4700 12604 7102 151 11153 11226 10475 10705 0 0 
4800 12640 7671 133 11184 11241 10556 10758 0 0 
4900 12616 8407 143 11230 11208 10635 10748 0 0 
5000 12680 8892 129 11183 11116 10447 10662 0 0 
5100 12517 9574 156 11103 11089 10410 10619 0 0 
5200 12533 10149 140 11143 11133 10498 10644 0 0 
5300 12500 10813 140 11037 11028 10321 10578 0 0 
5400 12454 11425 148 11196 11161 10486 10650 0 0 
5500 12575 11853 130 11205 11158 10581 10647 0 0 
5600 12692 12215 146 11125 11062 10401 10625 0 0 
5700 12635 12601 136 11135 11178 10498 10708 0 0 
5800 12598 12986 119 11216 11189 10549 10745 0 0 
5900 12493 13175 153 11196 11080 10435 10603 0 0 
6000 12614 13148 140 11071 11053 10316 10520 0 0 
6100 12473 13203 148 11162 11078 10466 10543 1 0 
6200 12668 13165 132 11141 11101 10466 10545 0 2 
6300 12565 13168 139 11153 10975 10353 10496 0 7 
6400 12536 13263 131 11206 11005 10350 10549 0 19 
6500 12675 13228 144 11248 11132 10473 10585 0 26 
6600 12549 13337 144 11252 11132 10538 10612 0 51 
6700 12587 13306 164 11282 11216 10559 10634 0 30 
6800 12566 13383 128 11334 11213 10580 10663 7 7 
6900 12653 13363 130 11302 11189 10595 10686 5 10 
7000 12650 13337 120 11329 11226 10560 10642 0 10 
7100 12586 13407 117 11221 11131 10548 10636 0 7 
7200 12523 13420 127 11239 11036 10416 10580 0 5 
7300 12593 13393 140 11322 11168 10540 10706 0 0 
7400 12540 13378 126 11241 11165 10494 10605 0 0 
7500 12673 13381 111 11258 11121 10470 10588 0 0 
7600 12824 13357 100 11431 11284 10655 10789 0 0 
7700 12701 13415 150 11295 11032 10450 10589 1 0 
7800 12780 13372 129 11334 11194 10600 10717 0 1 
7900 12687 13372 120 11465 11288 10726 10856 0 0 
8000 12677 13461 129 11417 11239 10652 10789 0 0 
8100 12580 13442 116 11481 11286 10699 10824 0 0 
8200 12709 13476 107 11403 11291 10732 10812 0 0 
8300 12729 13351 124 11597 11461 10809 10890 0 0 
8400 12721 13366 112 11417 11247 10627 10759 0 0 
8500 12681 13341 120 11549 11397 10804 10841 0 0 
8600 12657 13489 112 11547 11348 10794 10837 0 0 
8700 12667 13472 107 11471 11268 10689 10795 0 0 
8800 12774 13452 119 11542 11422 10770 10921 0 2 
8900 12661 13366 106 11469 11348 10782 10852 0 3 
9000 12641 13316 112 11556 11351 10806 10928 0 2 
9100 12628 13404 113 11572 11379 10797 10923 0 1 
9200 12598 13345 118 11502 11395 10841 10916 0 0 
9300 12765 13374 102 11679 11600 10981 11075 0 0 
9400 12813 13491 111 11696 11620 10976 11074 1 0 
9500 12784 13399 136 11610 11411 10829 10923 0 0 
9600 12807 13403 101 11545 11379 10792 10846 0 0 
9700 12667 13434 113 11415 11330 10743 10829 0 0 
9800 12754 13440 113 11637 11506 10853 10966 0 0 
9900 12764 13459 117 11600 11417 10750 10886 1 0 
10000 12833 13475 126 11649 11500 10910 10954 0 0 
