# Avida tasks data
# Sat Apr 22 09:36:25 2023
# First column gives the current update, next columns give the number
# of organisms that have the particular task as a component of their merit
#  1: Update
#  2: Not
#  3: Nand
#  4: And
#  5: OrNot
#  6: Or
#  7: AndNot
#  8: Nor
#  9: Xor
# 10: Equals

0 0 0 0 0 0 0 0 0 0 
100 0 0 0 0 0 0 0 0 0 
200 0 0 0 0 0 0 0 0 0 
300 0 0 0 0 0 0 0 0 0 
400 0 0 0 0 0 0 0 0 0 
500 0 0 0 0 0 0 0 0 0 
600 0 0 0 0 0 0 0 0 0 
700 319 0 0 0 0 0 0 0 0 
800 4284 3733 13 77 0 633 0 0 0 
900 5209 4792 44 2157 7 3011 6 0 0 
1000 6915 6728 305 4525 65 5162 6 0 0 
1100 7981 7844 1322 6069 68 6512 9 0 0 
1200 8851 8825 2578 6977 59 7383 20 0 0 
1300 9798 9756 4025 8178 53 8425 14 0 0 
1400 10543 10576 5361 8845 185 9097 18 0 0 
1500 10992 10954 5941 9167 1241 9363 11 2 0 
1600 11011 11007 6090 9272 2483 9408 15 5 0 
1700 11070 11067 6219 9189 3543 9346 17 6 0 
1800 11147 11079 6471 9318 4431 9482 16 12 0 
1900 11285 11208 7031 9389 5541 9623 10 6 0 
2000 11333 11324 7819 9606 6553 9752 15 2 0 
2100 11571 11493 8556 9795 7274 9854 15 16 0 
2200 11809 11754 9369 10103 8201 10166 15 11 0 
2300 11965 11905 9965 10127 8709 10203 16 15 0 
2400 12269 12163 10307 10281 9087 10381 37 18 0 
2500 12425 12519 10875 10554 9589 10600 42 15 0 
2600 12586 12685 11209 10816 9980 10885 71 24 0 
2700 12774 12795 11237 10935 10039 11048 139 22 0 
2800 13024 12985 11508 11031 10260 11164 208 19 1 
2900 13188 13115 11841 11370 10552 11433 271 6 0 
3000 13146 13168 11674 11206 10423 11324 321 19 0 
3100 13221 13183 11802 11326 10479 11408 457 9 0 
3200 13262 13246 11843 11349 10418 11451 557 8 0 
3300 13225 13258 11927 11412 10644 11495 744 10 0 
3400 13329 13267 12025 11489 10654 11534 948 19 3 
3500 13232 13256 11825 11354 10499 11398 985 23 1 
3600 13298 13283 11867 11405 10577 11475 1197 18 3 
3700 13279 13323 11889 11471 10650 11516 1368 22 5 
3800 13229 13246 11806 11273 10446 11337 1667 21 3 
3900 13295 13259 11795 11370 10496 11454 1923 13 4 
4000 13224 13241 11829 11323 10455 11419 2189 17 1 
4100 13295 13176 11884 11319 10450 11366 2483 8 4 
4200 13318 13276 11940 11411 10583 11408 2745 14 5 
4300 13321 13315 11919 11533 10650 11572 3102 17 9 
4400 13329 13290 11966 11368 10466 11444 3340 18 9 
4500 13364 13330 11965 11384 10506 11422 3695 21 8 
4600 13369 13370 11985 11463 10622 11484 4098 9 6 
4700 13369 13362 11884 11434 10578 11475 4520 24 10 
4800 13347 13400 11909 11403 10501 11446 4808 21 12 
4900 13288 13343 11908 11383 10578 11367 5212 12 8 
5000 13285 13293 11955 11522 10704 11518 5705 13 8 
5100 13333 13278 11873 11546 10616 11467 6001 11 5 
5200 13403 13296 11971 11506 10602 11460 6375 14 8 
5300 13365 13352 12093 11664 10662 11543 6910 15 10 
5400 13384 13365 12009 11588 10602 11495 7104 14 9 
5500 13380 13332 11953 11460 10560 11358 7499 16 12 
5600 13444 13394 12114 11554 10637 11537 7956 21 14 
5700 13342 13411 12073 11579 10562 11523 8308 19 16 
5800 13335 13389 12108 11644 10832 11573 8780 19 11 
5900 13358 13346 12046 11621 10682 11438 8802 24 15 
6000 13397 13389 12026 11499 10570 11406 8881 14 14 
6100 13372 13375 12067 11630 10700 11501 9242 23 18 
6200 13400 13455 12110 11759 10858 11582 9534 13 13 
6300 13365 12843 12125 11232 10410 11175 9195 298 451 
6400 13314 12535 12148 10812 10028 10764 8837 237 815 
6500 13331 12929 12169 10613 9839 10569 8654 239 997 
6600 13280 13104 12148 10428 9560 10275 8384 421 1285 
6700 13285 13121 12099 10463 9368 10099 8196 484 1444 
