# Avida tasks data
# Sat Apr 22 08:21:23 2023
# First column gives the current update, next columns give the number
# of organisms that have the particular task as a component of their merit
#  1: Update
#  2: Not
#  3: Nand
#  4: And
#  5: OrNot
#  6: Or
#  7: AndNot
#  8: Nor
#  9: Xor
# 10: Equals

0 0 0 0 0 0 0 0 0 0 
100 0 0 0 0 0 0 0 0 0 
200 0 0 0 0 0 0 0 0 0 
300 0 0 0 0 0 0 0 0 0 
400 48 0 0 0 0 0 0 0 0 
500 594 36 0 3 0 0 0 0 0 
600 1165 815 0 10 0 0 0 0 0 
700 2341 2075 0 216 0 0 0 0 0 
800 4066 3619 0 903 0 0 0 0 0 
900 5959 5421 0 2018 13 0 0 0 0 
1000 8174 7199 0 3431 110 2 0 0 0 
1100 10136 9103 0 5004 452 11 0 0 0 
1200 10963 10180 0 6380 1882 12 0 0 0 
1300 11729 11159 0 7150 3582 18 0 0 0 
1400 12637 12221 0 8066 5141 34 0 0 0 
1500 12932 12588 3 8546 6274 12 0 0 0 
1600 12977 12698 2 8918 7243 2 2 0 0 
1700 12899 12830 0 9144 7857 0 0 0 0 
1800 13011 13070 0 9554 8604 7 0 0 0 
1900 13038 13052 0 9689 8927 0 0 0 0 
2000 13045 13114 0 9986 9408 10 0 0 0 
2100 13041 13163 0 10028 9649 2 1 0 0 
2200 13012 13227 0 10238 9916 0 0 0 0 
2300 13099 13241 0 10328 10127 11 0 0 0 
2400 13159 13228 0 10520 10334 16 0 0 0 
2500 13080 13325 0 10564 10426 39 6 0 0 
2600 13074 13136 0 10242 10358 205 8 0 0 
2700 13173 13103 3 9963 10430 1042 19 0 0 
2800 13326 13031 4 10443 10664 2358 45 0 0 
2900 13316 12873 2 10531 10538 3684 81 2 0 
3000 13417 12807 11 10673 10687 4862 77 1 0 
3100 13510 12691 6 10688 10690 5916 90 2 0 
3200 13606 12617 0 10744 10689 6904 105 0 0 
3300 13622 12616 0 10916 10780 8050 125 0 0 
3400 13604 12430 0 11058 10752 8673 130 5 2 
3500 13606 12381 0 11050 10610 8977 166 4 0 
3600 13713 12433 0 11174 10720 9400 174 5 0 
3700 13737 12417 0 11147 10743 9551 153 4 0 
3800 13672 12295 0 11202 10683 9737 186 5 0 
3900 13704 12488 0 11238 10800 9948 172 4 3 
4000 13730 12364 0 11245 10755 9985 206 5 0 
4100 13775 12560 0 11247 10806 10047 188 1 2 
4200 13760 12486 2 11371 10934 10243 173 7 0 
4300 13753 12502 0 11304 10807 10061 190 2 2 
4400 13726 12443 0 11305 10855 10091 180 5 1 
4500 13791 12526 0 11316 10912 10198 201 5 1 
4600 13707 12402 0 11362 10885 10216 196 6 2 
4700 13728 12535 0 11499 11013 10300 167 0 0 
4800 13804 12513 0 11495 11036 10276 176 9 2 
4900 13739 12513 0 11455 10953 10250 198 3 1 
5000 13712 12406 0 11495 10979 10270 210 1 2 
5100 13788 12602 0 11530 11130 10388 180 7 11 
5200 13767 12426 1 11410 10900 10224 169 8 19 
5300 13788 12494 0 11593 11158 10437 171 5 30 
5400 13779 12400 0 11495 11091 10379 141 5 38 
5500 13816 12518 0 11495 11114 10330 179 4 52 
5600 13828 12595 0 11509 11127 10435 167 2 33 
5700 13783 12491 0 11329 10932 10227 174 2 36 
5800 13822 12570 0 11476 11120 10299 172 5 70 
5900 13850 12467 0 11353 11103 10273 138 4 102 
6000 13799 12541 0 11434 11049 10290 159 2 88 
6100 13796 12567 0 11459 11104 10368 178 4 103 
6200 13785 12619 0 11379 11048 10231 170 4 115 
6300 13798 12527 0 11411 11110 10253 156 1 164 
6400 13831 12605 0 11402 11178 10338 144 3 205 
6500 13823 12688 0 11420 11160 10278 193 4 218 
6600 13796 12660 0 11609 11351 10394 153 1 221 
6700 13803 12589 0 11469 11211 10268 134 3 235 
6800 13819 12631 2 11431 11215 10352 148 4 213 
6900 13803 12449 0 11384 11214 10234 151 9 264 
7000 13758 12550 2 11398 11097 10195 184 6 227 
7100 13880 12539 0 11374 11160 10211 134 4 255 
7200 13785 12480 0 11363 11160 10190 134 1 246 
7300 13793 12576 0 11379 11131 10208 148 3 261 
7400 13818 12539 0 11319 11169 10156 161 5 316 
7500 13835 12648 0 11405 11249 10288 138 1 300 
7600 13884 12578 0 11434 11272 10360 158 3 255 
7700 13839 12507 0 11399 11161 10254 146 0 279 
7800 13812 12493 0 11292 11148 10161 152 0 254 
7900 13794 12660 0 11430 11273 10373 181 3 265 
8000 13811 12605 0 11420 11238 10321 159 3 255 
8100 13835 12680 0 11427 11059 10240 187 6 188 
8200 13813 12589 0 11467 11196 10439 173 0 151 
8300 13791 12644 0 11501 11225 10419 179 2 145 
8400 13782 12578 0 11542 11130 10349 173 2 126 
8500 13883 12637 0 11598 11233 10449 147 0 131 
8600 13812 12555 0 11434 11111 10353 168 1 138 
8700 13877 12665 0 11619 11244 10401 187 3 175 
8800 13841 12454 1 11552 11093 10280 176 3 161 
8900 13878 12513 0 11372 11119 10235 190 2 210 
9000 13880 12589 0 11432 11205 10326 138 2 266 
9100 13814 12534 0 11285 11049 10101 190 6 300 
9200 13883 12667 1 11474 11340 10355 174 2 290 
9300 13879 12605 0 11486 11210 10395 163 0 238 
9400 13821 12592 0 11475 11296 10375 167 1 263 
9500 13870 12593 1 11400 11178 10220 154 1 304 
9600 13837 12616 0 11374 11163 10191 176 4 319 
9700 13816 12517 0 11314 11170 10146 179 2 374 
9800 13856 12587 0 11351 11255 10209 144 1 400 
9900 13875 12623 0 11209 11223 10105 147 4 505 
10000 13885 12652 0 11266 11330 10125 146 4 483 
