# Avida tasks data
# Sat Apr 22 10:14:10 2023
# First column gives the current update, next columns give the number
# of organisms that have the particular task as a component of their merit
#  1: Update
#  2: Not
#  3: Nand
#  4: And
#  5: OrNot
#  6: Or
#  7: AndNot
#  8: Nor
#  9: Xor
# 10: Equals

0 0 0 0 0 0 0 0 0 0 
100 0 0 0 0 0 0 0 0 0 
200 0 0 0 0 0 0 0 0 0 
300 0 0 0 0 0 0 0 0 0 
400 0 0 0 0 0 0 0 0 0 
500 2 307 0 10 0 0 0 0 0 
600 200 1122 2 979 0 0 0 0 0 
700 2098 2749 1 2631 0 0 0 0 0 
800 2547 2967 1 3040 0 0 0 0 0 
900 2644 3019 0 3089 0 0 0 0 0 
1000 2653 3002 1 3132 4 0 0 0 0 
1100 2734 3041 0 3179 1 0 0 0 0 
1200 3191 3515 1 3636 2 2 0 0 0 
1300 3386 3692 1 3833 7 2 0 0 0 
1400 3662 3964 1 4158 5 2 0 0 0 
1500 4106 4373 1 4605 18 2 3 0 0 
1600 4318 4599 1 4841 20 4 1 0 0 
1700 4525 4812 3 5014 18 123 1 0 0 
1800 4611 4910 1 5070 16 245 1 0 0 
1900 4839 5119 1 5282 15 228 1 0 0 
