# Avida tasks data
# Sat Apr 22 14:22:45 2023
# First column gives the current update, next columns give the number
# of organisms that have the particular task as a component of their merit
#  1: Update
#  2: Not
#  3: Nand
#  4: And
#  5: OrNot
#  6: Or
#  7: AndNot
#  8: Nor
#  9: Xor
# 10: Equals

0 0 0 0 0 0 0 0 0 0 
100 0 0 0 0 0 0 0 0 0 
200 0 0 0 0 0 0 0 0 0 
300 0 0 0 0 0 0 0 0 0 
400 0 0 0 0 0 0 0 0 0 
500 58 339 0 9 0 8 0 0 0 
600 1328 1585 2 52 0 1 0 0 0 
700 2028 2378 2 81 0 1 0 0 0 
800 3783 4222 9 185 4 2 0 0 0 
900 4039 4503 14 196 4 2 0 0 0 
1000 4885 5383 33 634 4 4 0 0 0 
1100 6135 6595 24 2377 4 5 0 0 0 
1200 6141 6603 26 2378 4 5 0 0 0 
1300 6728 7192 40 2957 4 8 0 0 0 
1400 7478 7937 37 3736 15 12 0 0 0 
1500 8235 8692 34 4712 24 9 0 0 0 
1600 8269 8714 67 4966 26 9 0 0 0 
1700 8360 8803 64 5023 31 11 0 0 0 
1800 8378 8818 50 5036 27 13 0 0 0 
1900 8408 8817 49 5189 25 18 0 0 0 
2000 8424 8830 47 5238 21 28 2 0 0 
2100 8392 8801 47 5198 24 25 0 0 0 
2200 8481 8891 42 5273 23 24 0 0 0 
2300 9643 10045 49 6373 28 27 0 0 0 
