# Avida tasks data
# Sat Apr 22 09:19:05 2023
# First column gives the current update, next columns give the number
# of organisms that have the particular task as a component of their merit
#  1: Update
#  2: Not
#  3: Nand
#  4: And
#  5: OrNot
#  6: Or
#  7: AndNot
#  8: Nor
#  9: Xor
# 10: Equals

0 0 0 0 0 0 0 0 0 0 
100 0 0 0 0 0 0 0 0 0 
200 0 0 0 0 0 0 0 0 0 
300 0 0 0 0 0 0 0 0 0 
400 0 0 0 0 0 0 0 0 0 
500 0 0 0 0 0 0 0 0 0 
600 195 165 0 69 0 0 0 0 0 
700 286 2358 1 378 0 0 1228 0 339 
800 315 3009 2 331 0 0 1554 0 589 
900 315 3007 2 332 0 0 1554 0 588 
1000 317 3007 2 332 0 0 1554 0 586 
1100 320 3008 2 332 0 0 1554 0 586 
1200 567 3529 8 632 2 0 1340 0 932 
1300 1240 3926 12 1270 6 0 1017 0 932 
1400 2023 4588 33 1373 7 0 873 0 932 
1500 2202 4797 22 1415 7 0 863 0 932 
1600 2681 5360 22 1498 11 0 863 0 932 
1700 3738 6553 27 2276 18 5 863 0 932 
1800 4767 7604 28 2412 52 7 849 0 902 
1900 5206 7852 31 2435 36 11 755 0 836 
2000 5315 7939 32 2692 35 9 723 0 836 
