# Avida tasks data
# Sat Apr 22 03:39:00 2023
# First column gives the current update, next columns give the number
# of organisms that have the particular task as a component of their merit
#  1: Update
#  2: Not
#  3: Nand
#  4: And
#  5: OrNot
#  6: Or
#  7: AndNot
#  8: Nor
#  9: Xor
# 10: Equals

0 0 0 0 0 0 0 0 0 0 
100 0 0 0 0 0 0 0 0 0 
200 0 0 0 0 0 0 0 0 0 
300 0 0 0 0 0 0 0 0 0 
400 0 0 0 0 0 0 0 0 0 
500 0 0 0 0 0 0 0 0 0 
600 37 0 0 0 0 0 0 0 0 
700 210 4 0 0 0 0 0 0 0 
800 685 28 0 0 0 0 0 0 0 
900 1306 177 0 397 0 0 0 0 0 
1000 1502 1350 0 1879 0 0 0 0 0 
1100 1755 1493 1 2216 147 293 7 0 0 
1200 1593 1343 1 2571 701 793 24 0 0 
1300 1536 1322 4 2842 1011 1045 29 0 0 
1400 1494 1282 6 3196 1374 1442 37 0 0 
1500 1453 1244 4 3441 1691 1762 39 0 0 
1600 1634 1252 4 3468 1704 1797 31 0 0 
1700 1891 1241 4 3508 1741 1831 36 0 0 
1800 2071 1246 9 3592 1831 1912 31 0 0 
1900 2227 1258 11 3609 1852 1938 21 0 0 
2000 2495 1252 13 3786 2043 2132 31 0 0 
2100 2589 1631 12 3803 2059 2165 31 0 0 
2200 2620 1861 12 3825 2084 2182 28 0 0 
2300 2635 2156 9 3907 2166 2252 26 0 0 
2400 2630 2294 7 3971 2223 2318 24 0 0 
2500 2495 2468 7 4004 2255 2343 20 0 0 
2600 2512 2467 7 4007 2253 2340 20 0 0 
2700 2512 2467 7 4007 2253 2340 20 0 0 
2800 2465 2522 11 4017 2264 2350 18 0 0 
2900 2308 2660 6 4052 2344 2427 15 0 0 
3000 2216 2735 8 4074 2404 2467 14 0 0 
3100 2203 2791 8 4099 2419 2495 14 0 0 
3200 2153 2893 12 4141 2424 2529 15 0 0 
3300 2078 3003 10 4221 2499 2599 13 0 0 
3400 2043 3124 4 4302 2614 2687 12 0 0 
3500 1960 3241 4 4399 2748 2821 14 0 0 
3600 1916 3333 9 4483 2841 2907 11 0 0 
3700 1883 3356 8 4485 2843 2919 11 0 0 
3800 1821 3437 7 4506 2876 2960 12 0 0 
3900 1740 3560 6 4550 2916 2962 10 0 0 
4000 1692 3713 7 4634 2990 3029 7 0 0 
4100 1655 3837 5 4710 3068 3135 9 0 0 
4200 1628 3970 7 4774 3118 3193 6 0 0 
4300 1543 4068 10 4848 3190 3239 4 0 0 
4400 1551 4079 354 4856 3187 2864 4 0 0 
4500 1533 4074 584 4856 3193 2639 4 0 0 
4600 1518 4097 691 4864 3194 2523 4 0 0 
4700 1436 4331 1015 5034 3356 2358 2 0 0 
4800 1422 4764 1445 5441 3730 2305 2 0 0 
4900 1428 5052 1727 5734 4021 2284 2 0 0 
5000 1405 5173 1867 5860 4133 2268 2 0 0 
5100 1298 5303 2003 6004 4253 2261 7 0 0 
5200 1242 5392 2128 6097 4346 2241 12 0 0 
5300 1200 5497 2229 6214 4455 2229 183 0 0 
5400 1223 5700 2737 6441 4957 2228 181 0 0 
5500 1217 5875 2917 6615 5151 2222 55 0 0 
5600 1195 5927 3009 6685 5254 2218 38 0 0 
5700 1191 5980 3070 6738 5317 2223 22 0 0 
5800 1149 6110 3223 6860 5446 2223 14 0 0 
5900 1084 6216 3511 6973 5742 2231 14 0 0 
6000 1065 6244 3597 7018 5820 2228 14 0 0 
6100 1031 6334 3686 7111 5939 2229 14 0 0 
6200 980 6444 3844 7203 6101 2226 15 0 0 
6300 976 6535 3981 7308 6230 2227 14 0 0 
6400 941 6592 4045 7368 6301 2227 14 0 0 
6500 937 6638 4091 7418 6354 2227 23 0 0 
6600 889 6684 4130 7479 6423 2228 16 0 0 
6700 835 6826 4256 7621 6563 2230 19 0 0 
6800 833 6903 4325 7703 6668 2233 24 0 0 
6900 784 7023 4450 7819 6784 2234 22 0 0 
7000 786 7136 4557 7936 6899 2232 21 0 0 
7100 784 7263 4655 8042 7023 2237 15 0 0 
7200 765 7329 4768 8108 7137 2229 18 0 0 
7300 733 7462 4885 8222 7266 2229 15 0 0 
7400 729 7536 4957 8304 7334 2225 21 0 0 
7500 712 7650 5080 8398 7455 2212 19 0 0 
7600 693 7815 5279 8536 7623 2212 20 0 0 
7700 676 7976 5394 8677 7779 2207 17 0 0 
7800 673 8076 5543 8772 7897 2185 16 0 0 
7900 642 8158 5620 8842 7989 2165 19 0 0 
8000 637 8302 5774 8981 8122 2154 13 0 0 
8100 627 8399 5858 9063 8215 2155 14 0 0 
8200 620 8479 5921 9131 8314 2161 12 0 0 
8300 621 8553 6018 9186 8400 2150 19 0 0 
8400 609 8545 6045 9177 8394 2144 22 0 0 
8500 636 8509 5992 9162 8361 2145 25 0 0 
8600 631 8545 6013 9182 8376 2146 26 0 0 
8700 628 8532 6019 9176 8375 2147 28 0 0 
8800 624 8538 6021 9185 8388 2145 26 0 0 
