# Avida tasks data
# Sat Apr 22 00:46:40 2023
# First column gives the current update, next columns give the number
# of organisms that have the particular task as a component of their merit
#  1: Update
#  2: Not
#  3: Nand
#  4: And
#  5: OrNot
#  6: Or
#  7: AndNot
#  8: Nor
#  9: Xor
# 10: Equals

0 0 0 0 0 0 0 0 0 0 
100 0 0 0 0 0 0 0 0 0 
200 0 0 0 0 0 0 0 0 0 
300 0 0 0 0 0 0 0 0 0 
400 0 0 0 0 0 0 0 0 0 
500 0 0 0 0 0 0 0 0 0 
600 3 0 0 0 0 0 0 0 0 
700 14 0 0 0 0 0 0 0 0 
800 27 2 0 0 0 0 0 0 0 
900 126 12 0 1 0 0 0 0 0 
1000 370 33 0 20 0 0 0 0 0 
1100 547 170 0 658 641 0 0 0 0 
1200 1890 212 1 1694 1706 13 18 0 0 
1300 2088 277 0 2160 2189 52 2 0 0 
1400 1796 235 0 2284 2388 30 2 0 0 
1500 1698 226 0 2850 3026 16 0 0 0 
1600 1598 225 0 3223 3475 19 0 0 0 
1700 1597 227 0 3230 3477 19 0 0 0 
1800 1601 225 0 3237 3477 18 0 0 0 
1900 1591 224 0 3243 3481 18 0 0 0 
2000 1591 224 0 3246 3484 18 0 0 0 
2100 1513 234 0 3892 4173 10 0 0 0 
2200 1480 256 0 4279 4873 6 0 0 0 
2300 1482 256 0 4274 4870 6 0 0 0 
2400 1504 249 0 4345 4848 5 0 0 0 
