# Avida tasks data
# Sat Apr 22 12:13:24 2023
# First column gives the current update, next columns give the number
# of organisms that have the particular task as a component of their merit
#  1: Update
#  2: Not
#  3: Nand
#  4: And
#  5: OrNot
#  6: Or
#  7: AndNot
#  8: Nor
#  9: Xor
# 10: Equals

0 0 0 0 0 0 0 0 0 0 
100 0 0 0 0 0 0 0 0 0 
200 0 0 0 0 0 0 0 0 0 
300 0 0 0 0 0 0 0 0 0 
400 0 0 0 0 0 0 0 0 0 
500 0 0 0 0 0 0 0 0 0 
600 0 585 0 4 0 0 0 0 0 
700 825 1539 0 14 0 0 0 0 0 
800 1879 2473 0 19 0 0 0 0 0 
900 2938 3569 0 35 0 2 0 0 0 
1000 4409 5099 0 59 0 0 0 0 0 
1100 6260 6980 0 88 0 3 0 0 0 
1200 8343 9229 2 107 0 15 0 0 0 
1300 10377 11544 2 97 0 5 0 0 0 
1400 11891 13023 4 119 1 971 0 0 0 
1500 12441 13266 14 123 1428 2502 2 0 0 
1600 12610 13188 26 129 3426 3914 1 0 0 
1700 12751 12990 53 141 5115 5412 0 0 0 
1800 12933 12910 44 124 6556 6923 0 0 0 
1900 13052 12851 84 156 7899 8291 8 0 0 
2000 13189 12764 65 155 8988 9388 4 0 0 
2100 13221 12611 69 303 9656 10108 6 2 0 
2200 13279 12687 69 593 10371 10813 11 2 0 
2300 13297 12582 87 1051 10741 11214 10 0 0 
2400 13377 12537 87 1560 11050 11509 10 0 0 
2500 13406 12568 91 2282 11230 11738 40 1 0 
2600 13411 12566 95 3383 11373 11906 436 0 0 
2700 13592 12511 88 4288 11331 11926 1018 2 0 
2800 13512 12567 80 5406 11461 12044 1816 1 0 
2900 13547 12507 85 6515 11513 12097 2509 2 0 
3000 13522 12490 130 7646 11524 12163 3352 3 0 
3100 13517 12563 109 8671 11508 12157 4175 1 0 
3200 13519 12382 169 9363 11445 12140 4912 0 1 
3300 13524 12374 194 10080 11405 12043 5739 0 0 
3400 13599 12375 239 10645 11484 12198 6444 0 0 
3500 13547 12313 297 10992 11358 12032 7118 0 0 
3600 13572 12344 330 11245 11253 12032 7774 0 0 
3700 13622 12408 393 11713 11500 12179 8404 1 0 
3800 13616 12366 398 11795 11550 12237 8973 0 0 
3900 13586 12324 540 12016 11465 12229 9311 0 0 
4000 13619 12347 653 12073 11425 12242 9638 0 0 
4100 13588 12256 786 12038 11431 12160 9817 0 0 
4200 13665 12327 964 11963 11436 12124 9846 0 0 
4300 13633 12232 1130 11917 11303 12082 9790 1 0 
4400 13649 12403 1368 12106 11510 12183 10130 0 0 
4500 13605 12346 1546 12069 11440 12191 10091 0 0 
4600 13606 12347 1862 12058 11444 12158 10242 2 0 
4700 13588 12296 2268 12038 11425 12115 10239 0 1 
4800 13640 12411 2679 12083 11473 12205 10351 0 0 
4900 13651 12338 2983 12005 11457 12162 10438 0 1 
5000 13630 12264 3437 11999 11480 12112 10477 0 0 
5100 13620 12266 3740 11990 11441 12102 10489 0 0 
5200 13655 12416 4263 12136 11634 12249 10641 0 0 
5300 13693 12314 4690 12045 11473 12121 10615 0 0 
5400 13630 12264 5242 12044 11513 12212 10552 0 0 
5500 13569 12357 5906 12070 11594 12215 10656 0 0 
5600 13660 12418 6501 12173 11623 12263 10604 0 0 
5700 13639 12402 7098 12099 11637 12220 10606 0 0 
5800 13621 12300 7600 12028 11595 12170 10558 0 0 
5900 13654 12372 8082 12119 11702 12269 10725 1 0 
6000 13670 12355 8525 12071 11718 12240 10794 0 0 
6100 13682 12425 8982 12170 11796 12343 10771 0 0 
6200 13711 12363 9378 12103 11797 12265 10815 0 0 
6300 13678 12404 9551 12087 11780 12234 10755 0 0 
6400 13680 12404 9856 12121 11796 12269 10827 0 0 
6500 13719 12465 10130 12171 11789 12247 10859 0 0 
6600 13652 12428 10478 12219 11848 12363 10855 0 0 
6700 13672 12491 10590 12185 11830 12248 10819 0 0 
6800 13724 12421 10723 12198 11881 12326 10857 0 0 
6900 13700 12457 10840 12241 11902 12323 10920 0 0 
7000 13715 12496 11039 12133 11935 12347 10862 0 0 
7100 13711 12411 11030 12159 11839 12343 10919 0 0 
7200 13724 12487 11137 12228 11876 12280 10926 0 0 
7300 13651 12384 11100 12087 11861 12295 10850 0 0 
7400 13701 12448 11255 12168 11879 12362 10823 0 0 
7500 13701 12454 11174 12144 11902 12332 10896 0 0 
7600 13738 12449 11192 12173 11888 12343 10926 0 0 
7700 13761 12520 11301 12216 11991 12447 10997 0 0 
7800 13760 12620 11182 12282 11955 12403 11047 1 0 
7900 13768 12554 11280 12249 12042 12349 11022 1 0 
8000 13731 12592 11370 12355 12035 12446 11031 0 0 
8100 13676 12473 11255 12194 11916 12365 10837 0 0 
8200 13698 12523 11384 12262 12059 12474 11052 0 0 
8300 13698 12539 11212 12223 11941 12355 10987 0 0 
8400 13710 12501 11214 12215 11967 12369 11011 0 0 
8500 13774 12544 11297 12260 11984 12419 11032 0 2 
8600 13722 12575 11359 12306 12037 12473 11036 0 0 
8700 13725 12494 11258 12258 11983 12396 11104 0 5 
8800 13731 12527 11045 12349 11626 12387 11097 0 295 
8900 13715 12523 10570 12389 11591 12370 11016 2 705 
9000 13691 12515 10276 12408 11606 12375 10865 0 997 
9100 13685 12487 10020 12460 11590 12366 10833 0 1227 
9200 13692 12510 9822 12451 11578 12370 10838 0 1397 
9300 13660 12524 9547 12447 11534 12246 10671 0 1616 
9400 13675 12550 9400 12448 11528 12270 10611 0 1747 
9500 13647 12559 9564 12419 11481 12211 10329 0 1863 
9600 13636 12583 9280 12441 11495 12207 10067 0 2118 
9700 13627 12586 9019 12470 11478 12139 9919 0 2237 
9800 13640 12613 8817 12512 11494 12175 9714 0 2453 
9900 13586 12610 8619 12501 11452 12125 9524 0 2586 
10000 13637 12679 8449 12523 11442 12108 9325 2 2787 
