# Avida tasks data
# Sat Apr 22 13:08:28 2023
# First column gives the current update, next columns give the number
# of organisms that have the particular task as a component of their merit
#  1: Update
#  2: Not
#  3: Nand
#  4: And
#  5: OrNot
#  6: Or
#  7: AndNot
#  8: Nor
#  9: Xor
# 10: Equals

0 0 0 0 0 0 0 0 0 0 
100 0 0 0 0 0 0 0 0 0 
200 0 0 0 0 0 0 0 0 0 
300 0 0 0 0 0 0 0 0 0 
400 0 0 0 0 0 0 0 0 0 
500 0 0 0 0 0 0 0 0 0 
600 0 0 0 0 0 0 0 0 0 
700 0 224 0 5 0 0 0 0 0 
800 1210 3861 10 1219 0 1014 0 0 0 
900 4549 7155 46 4767 0 822 0 0 0 
1000 6786 9127 60 6996 0 661 0 0 0 
1100 8069 10168 85 8191 2 725 1 0 0 
1200 9049 11000 159 8977 46 987 0 0 0 
1300 9846 11401 206 9689 63 2322 2 0 31 
1400 10371 11655 153 10011 92 3753 6 0 87 
1500 10948 11872 144 10426 74 5214 1 0 173 
1600 11367 12139 170 10850 83 6580 6 0 153 
1700 11913 12426 165 11182 102 7802 3 0 270 
1800 12143 12607 216 11689 105 8895 5 0 1382 
1900 12435 12836 257 12022 104 9693 5 1 3273 
2000 12564 12999 259 12207 100 10348 2 0 4742 
2100 12601 13164 264 12167 99 10904 1 1 6112 
2200 12611 13163 277 12164 80 11218 1 1 7279 
2300 12617 13314 345 12222 35 11550 0 2 8395 
2400 12600 13334 284 12184 19 11795 3 2 9160 
2500 12562 13486 310 12263 3 12086 0 3 9871 
2600 12648 13528 304 12391 3 12259 2 3 10388 
2700 12555 13478 316 12347 10 12169 3 5 10559 
2800 12592 13570 306 12601 8 12279 3 4 10975 
2900 12571 13503 318 12594 33 12310 5 3 10999 
3000 12650 13555 330 12666 9 12364 0 4 11183 
3100 12700 13562 273 12775 22 12471 0 4 11321 
3200 12655 13548 314 12719 5 12399 2 2 11229 
3300 12656 13589 337 12726 1 12354 0 4 11178 
3400 12643 13550 473 12688 4 12442 2 1 11209 
3500 12587 13575 776 12705 7 12359 0 12 11102 
3600 12584 13472 1238 12689 10 12347 1 2 11078 
3700 12665 13532 1705 12716 3 12398 6 1 11234 
3800 12613 13519 2448 12682 17 12348 2 3 11089 
3900 12587 13541 3218 12641 29 12401 2 2 11069 
4000 12700 13584 3837 12737 37 12438 0 5 11232 
4100 12612 13504 4611 12699 42 12345 1 8 11161 
4200 12624 13548 5249 12674 93 12339 5 6 11147 
4300 12736 13552 5734 12805 219 12325 0 8 11183 
4400 12652 13556 6209 12705 502 12265 3 1 11213 
4500 12667 13575 6289 12808 1013 12310 2 7 11290 
4600 12705 13552 6266 12723 1636 12270 1 5 11308 
4700 12609 13512 6296 12671 2468 12166 1 5 11156 
4800 12574 13628 6644 12650 3555 12089 3 9 11094 
4900 12625 13579 7116 12740 4431 12051 4 2 11207 
5000 12713 13600 7707 12769 5313 12055 6 10 11279 
5100 12750 13627 8234 12798 5990 11947 4 6 11375 
5200 12702 13632 8766 12760 6943 11969 3 10 11380 
5300 12714 13621 9145 12741 7748 11841 11 11 11389 
5400 12679 13583 9392 12758 8507 11854 31 6 11330 
5500 12709 13658 9805 12779 9236 11788 35 10 11386 
5600 12737 13637 10081 12834 9724 11795 23 1 11412 
5700 12815 13658 10378 12851 10246 11869 13 3 11536 
5800 12764 13701 10525 12818 10500 11678 15 2 11423 
5900 12721 13660 10711 12870 10862 11654 12 2 11436 
6000 12733 13661 10712 12818 11092 11557 12 5 11390 
6100 12816 13659 10849 12793 11242 11737 4 2 11459 
6200 12818 13771 11087 12829 11513 11701 2 2 11437 
6300 12798 13730 11149 12798 11536 11658 5 1 11353 
6400 12863 13743 11247 12873 11690 11673 4 5 11521 
6500 12751 13747 11361 12814 11809 11650 2 6 11452 
6600 12747 13668 11407 12765 11768 11499 2 6 11403 
6700 12791 13683 11525 12809 11895 11683 6 12 11458 
6800 12844 13732 11568 12859 11933 11764 4 22 11532 
6900 12818 13754 11454 12786 11817 11698 25 23 11442 
7000 12827 13743 11432 12794 11877 11702 65 10 11463 
7100 12856 13700 11590 12795 11912 11769 113 13 11510 
7200 12892 13711 11559 12812 11910 11704 198 17 11534 
7300 12826 13710 11543 12818 11900 11755 296 15 11497 
7400 12854 13749 11458 12821 11895 11821 417 35 11552 
7500 12876 13690 11455 12734 11854 11782 519 50 11429 
7600 12867 13729 11638 12825 11993 11736 606 46 11539 
7700 12819 13749 11511 12709 11867 11770 758 59 11461 
7800 12812 13747 11467 12772 11789 11736 962 74 11485 
7900 12830 13757 11517 12762 11886 11813 1149 76 11531 
8000 12876 13760 11539 12765 11870 11769 1445 80 11563 
8100 12909 13759 11512 12839 11946 11813 1701 99 11588 
8200 12958 13720 11592 12829 12011 11720 2060 124 11600 
8300 12865 13645 11501 12794 11867 11595 2434 162 11530 
8400 12839 13686 11555 12844 11868 11622 2712 152 11513 
8500 12917 13700 11523 12840 11844 11723 3142 154 11490 
8600 12919 13688 11526 12873 11860 11622 3451 153 11475 
8700 12887 13679 11638 12808 11947 11709 3806 141 11551 
8800 12912 13692 11717 12854 11990 11681 4148 154 11540 
8900 12797 13714 11594 12778 11918 11556 4446 220 11527 
9000 12904 13667 11510 12873 11937 11493 4730 168 11566 
9100 12893 13687 11529 12832 11910 11472 5076 189 11520 
9200 12903 13641 11560 12897 11902 11425 5487 168 11571 
9300 12906 13694 11566 12927 11860 11421 5729 154 11554 
9400 12924 13653 11504 12901 11893 11339 6075 200 11589 
9500 12939 13640 11742 12932 12001 11511 6584 181 11588 
9600 12915 13611 11634 12909 11901 11339 6680 178 11523 
9700 12887 13612 11517 12844 11956 11337 6893 185 11474 
9800 12867 13628 11524 12843 11833 11341 7280 150 11493 
9900 12870 13638 11633 12835 11880 11233 7576 137 11493 
10000 12841 13633 11421 12828 11809 11211 7645 150 11447 
