# Avida tasks data
# Sat Apr 22 05:13:20 2023
# First column gives the current update, next columns give the number
# of organisms that have the particular task as a component of their merit
#  1: Update
#  2: Not
#  3: Nand
#  4: And
#  5: OrNot
#  6: Or
#  7: AndNot
#  8: Nor
#  9: Xor
# 10: Equals

0 0 0 0 0 0 0 0 0 0 
100 0 0 0 0 0 0 0 0 0 
200 0 0 0 0 0 0 0 0 0 
300 0 0 0 0 0 0 0 0 0 
400 1 0 0 0 0 0 0 0 0 
500 1 0 0 0 0 0 0 0 0 
600 0 0 0 1 0 0 0 0 0 
700 111 0 0 0 0 0 0 0 0 
800 461 167 0 6 0 0 0 0 0 
900 1962 1800 0 210 2 0 0 0 0 
1000 3819 3598 0 1853 722 0 0 0 0 
1100 5223 5606 0 3958 2786 0 0 0 0 
1200 6928 7417 0 5886 4863 0 0 0 0 
1300 8203 8810 2 7340 6540 0 0 0 0 
1400 8966 9923 0 8363 7932 221 1 0 0 
1500 9625 10587 1 8752 8747 1348 48 0 0 
1600 10013 10913 1 9266 9102 2956 37 0 0 
1700 10222 11194 238 9638 9243 4265 55 0 2 
1800 10557 11562 882 10102 9629 5587 83 0 0 
1900 10984 11837 1579 10553 9947 6730 86 0 0 
2000 11308 12100 2288 10944 10305 7662 916 0 0 
2100 11351 12224 2981 11051 10365 7895 2297 0 0 
2200 11452 12258 4011 11122 10458 8210 3621 0 0 
2300 11481 12312 5012 11125 10465 8454 4769 0 0 
2400 11557 12332 6025 11091 10461 8642 5903 0 0 
2500 11636 12400 7018 11200 10621 9099 6971 0 0 
2600 11804 12506 7902 11306 10719 9469 7860 0 0 
2700 12029 12615 8499 11399 10840 9831 8627 0 0 
2800 12280 12766 9305 11790 11180 10268 9281 0 0 
2900 12340 12895 9469 11734 11087 10270 9542 0 0 
3000 12559 13055 9881 12006 11213 10626 9848 0 0 
3100 12774 13212 10274 12184 11450 10880 10248 0 0 
3200 12859 13359 10350 12271 11572 10937 10437 0 0 
3300 12897 13379 10528 12313 11621 11099 10438 0 2 
3400 13060 13589 10680 12386 11685 11279 10555 0 7 
3500 13065 13586 10741 12426 11759 11272 10801 1 19 
3600 13054 13664 10705 12416 11660 11256 10589 0 43 
3700 12986 13558 10485 12378 11680 11217 10479 0 127 
3800 13003 13597 10414 12401 11695 11289 10559 0 227 
3900 12963 13468 10282 12400 11625 11243 10361 0 340 
4000 13050 13576 10213 12436 11806 11334 10208 0 521 
4100 13071 13599 10010 12480 11774 11356 10092 2 738 
4200 13018 13602 9618 12361 11614 11191 9643 0 993 
4300 13077 13629 9408 12439 11724 11302 9485 0 1223 
4400 12992 13599 9110 12344 11683 11210 9249 2 1433 
4500 13078 13517 8776 12387 11723 11201 8930 3 1722 
4600 13086 13554 8536 12492 11822 11361 8768 1 2016 
4700 13116 13555 8074 12416 11727 11218 8277 0 2315 
4800 13021 13560 7661 12346 11674 11182 7834 1 2638 
4900 13058 13556 7379 12472 11758 11297 7532 0 3123 
5000 13017 13531 7055 12484 11798 11272 7214 3 3375 
5100 12996 13582 6559 12508 11803 11211 6804 2 3779 
5200 13052 13565 6264 12422 11782 11203 6393 1 4078 
5300 13136 13594 5721 12441 11778 11267 5834 5 4575 
5400 13002 13568 5388 12491 11744 11262 5575 1 4928 
5500 13077 13598 4788 12560 11763 11267 5605 3 5470 
5600 13063 13524 4329 12504 11799 11281 5758 3 5923 
5700 13181 13503 3783 12432 11820 11310 5874 3 6503 
5800 13165 13515 3396 12513 11817 11312 6054 5 6951 
5900 13198 13421 3066 12504 11836 11284 6225 5 7264 
6000 13181 13402 2797 12490 11827 11210 6396 2 7533 
6100 13262 13418 2677 12434 11808 11219 6534 1 7791 
6200 13280 13420 2636 12587 11903 11394 6720 2 8150 
6300 13307 13350 2756 12620 11968 11434 6921 14 8371 
6400 13301 13386 2809 12508 11823 11262 6999 12 8492 
6500 13267 13351 2712 12547 11886 11358 7288 15 8760 
6600 13267 13405 2856 12541 11845 11368 7535 14 8926 
6700 13234 13385 3061 12517 11758 11327 7741 11 9015 
6800 13310 13406 3358 12545 11852 11416 7967 7 9266 
6900 13371 13333 3477 12555 11817 11368 8278 4 9380 
7000 13313 13328 3723 12613 11945 11414 8463 8 9536 
7100 13332 13302 4006 12553 11874 11364 8685 13 9576 
7200 13330 13379 4158 12593 11878 11437 8944 7 9725 
7300 13352 13361 4328 12642 11927 11493 9144 3 9768 
7400 13319 13401 4543 12607 11860 11432 9282 4 9753 
7500 13297 13393 4885 12672 11899 11437 9501 7 9761 
7600 13345 13379 5025 12593 11829 11412 9618 4 9814 
7700 13319 13316 5263 12552 11788 11402 9843 9 9848 
7800 13288 13333 5445 12560 11825 11462 10007 6 9889 
7900 13264 13296 5682 12559 11815 11413 10069 9 9995 
8000 13275 13340 5899 12503 11800 11398 10141 12 9996 
8100 13390 13298 6123 12610 11826 11527 10298 9 10069 
8200 13289 13318 6479 12574 11740 11363 10368 7 10112 
8300 13316 13322 6768 12668 11939 11519 10572 3 10271 
8400 13258 13290 7014 12631 11898 11513 10524 2 10136 
8500 13277 13305 7427 12725 11974 11639 10753 6 10302 
8600 13280 13279 7494 12603 11917 11513 10714 7 10276 
8700 13238 13291 7560 12563 11819 11466 10712 2 10147 
8800 13187 13310 7795 12580 11776 11481 10780 7 10158 
8900 13245 13358 8047 12599 11801 11446 10851 7 10219 
9000 13234 13266 8282 12599 11929 11504 10923 10 10317 
9100 13289 13272 8412 12561 11806 11447 10978 7 10202 
9200 13300 13354 8654 12560 11841 11510 11011 10 10259 
9300 13217 13252 8745 12512 11798 11430 10905 5 10203 
9400 13246 13200 8924 12568 11843 11455 11071 6 10254 
9500 13238 13219 8936 12507 11742 11405 11017 8 10128 
9600 13300 13284 9187 12603 11854 11522 11086 7 10258 
9700 13274 13154 9303 12600 11843 11497 11095 4 10150 
9800 13278 13193 9333 12561 11772 11437 11001 7 10170 
9900 13175 13139 9384 12570 11782 11431 11000 9 10172 
10000 13190 13292 9478 12669 11888 11549 11180 6 10284 
