# Avida tasks data
# Sat Apr 22 06:48:47 2023
# First column gives the current update, next columns give the number
# of organisms that have the particular task as a component of their merit
#  1: Update
#  2: Not
#  3: Nand
#  4: And
#  5: OrNot
#  6: Or
#  7: AndNot
#  8: Nor
#  9: Xor
# 10: Equals

0 0 0 0 0 0 0 0 0 0 
100 0 0 0 0 0 0 0 0 0 
200 0 0 0 0 0 0 0 0 0 
300 0 0 0 0 0 0 0 0 0 
400 0 0 0 0 0 0 0 0 0 
500 0 0 0 0 0 0 0 0 0 
600 0 4 0 0 0 0 0 0 0 
700 8 603 0 260 0 0 0 0 0 
800 17 1030 0 648 0 0 0 0 0 
900 24 1805 0 1567 0 0 0 0 0 
1000 26 1959 0 1748 0 0 0 0 0 
1100 38 2620 0 2434 0 0 0 0 0 
1200 44 3255 0 3073 0 0 0 0 0 
1300 46 3610 0 3440 0 0 0 0 0 
1400 46 3609 0 3439 0 0 0 0 0 
1500 46 3607 0 3438 0 0 0 0 0 
1600 46 3607 0 3438 0 0 0 0 0 
1700 46 3607 0 3438 0 0 0 0 0 
1800 46 3607 0 3438 0 0 0 0 0 
1900 46 3607 0 3438 0 0 0 0 0 
2000 46 3609 0 3439 0 0 0 0 0 
2100 46 3609 0 3439 0 0 0 0 0 
2200 46 3607 0 3439 0 0 0 0 0 
2300 46 3607 0 3439 0 0 0 0 0 
2400 46 3606 0 3438 0 0 0 0 0 
2500 46 3606 0 3438 0 0 0 0 0 
2600 46 3605 0 3437 0 0 0 0 0 
2700 46 3606 0 3438 0 0 0 0 0 
2800 46 3605 0 3437 0 0 0 0 0 
2900 46 3605 0 3437 0 0 0 0 0 
3000 56 3792 0 3631 0 0 0 0 0 
3100 99 4013 5 3849 1 0 0 0 0 
3200 583 4007 18 3833 1 0 0 0 0 
3300 947 3972 18 3877 1 0 0 0 0 
3400 940 3982 16 3924 2 1 0 0 0 
3500 873 3967 11 3933 1 0 0 0 0 
3600 873 3967 11 3933 1 0 0 0 0 
3700 789 4018 13 4006 3 0 0 0 0 
3800 700 4080 13 4063 1 0 0 0 0 
3900 544 4131 9 4117 1 0 0 0 0 
4000 483 4181 6 4181 2 0 0 0 0 
4100 425 4248 8 4237 2 0 0 0 0 
4200 389 4389 8 4396 3 0 0 0 0 
4300 344 4864 7 4900 2 0 0 0 0 
4400 348 5294 11 5326 12 0 0 0 0 
4500 300 5545 5 5561 9 0 0 0 0 
4600 298 5539 5 5551 7 0 0 0 0 
4700 298 5531 5 5547 7 0 0 0 0 
4800 299 5527 5 5543 7 0 0 0 0 
4900 299 5506 5 5543 6 0 0 0 0 
5000 303 5411 5 5555 5 0 0 0 0 
5100 300 5477 5 5541 5 0 0 0 0 
5200 292 5501 5 5531 5 0 0 0 0 
5300 292 5500 5 5518 5 0 0 0 0 
5400 289 5546 5 5547 5 0 0 0 0 
5500 290 5548 5 5557 4 0 0 0 0 
