# Avida tasks data
# Sat Apr 22 05:08:13 2023
# First column gives the current update, next columns give the number
# of organisms that have the particular task as a component of their merit
#  1: Update
#  2: Not
#  3: Nand
#  4: And
#  5: OrNot
#  6: Or
#  7: AndNot
#  8: Nor
#  9: Xor
# 10: Equals

0 0 0 0 0 0 0 0 0 0 
100 0 0 0 0 0 0 0 0 0 
200 0 0 0 0 0 0 0 0 0 
300 0 0 0 0 0 0 0 0 0 
400 0 0 0 0 0 0 0 0 0 
500 0 0 0 0 0 0 0 0 0 
600 0 0 0 0 0 0 0 0 0 
700 14 0 0 0 0 0 0 0 0 
800 33 0 0 0 0 0 0 0 0 
900 573 34 0 9 0 0 0 0 0 
1000 2923 811 0 38 0 0 0 0 0 
1100 3967 1486 0 44 0 0 0 0 0 
1200 4538 1698 0 69 0 0 0 0 0 
1300 6058 2100 0 103 2 0 2 0 0 
1400 6072 2112 0 103 2 0 2 0 0 
1500 6133 2095 0 98 2 2 5 0 0 
1600 6132 2095 0 98 2 2 5 0 0 
1700 6132 2095 0 98 2 2 5 0 0 
1800 6132 2095 0 98 2 2 5 0 0 
1900 6132 2095 0 98 2 2 5 0 0 
2000 6132 2095 0 98 2 2 5 0 0 
2100 6132 2095 0 98 2 2 5 0 0 
2200 6133 2095 0 98 2 2 5 0 0 
2300 6131 2095 0 98 2 2 5 0 0 
2400 6132 2095 0 98 2 2 5 0 0 
2500 6133 2095 0 98 2 2 5 0 0 
2600 6132 2095 0 98 2 2 5 0 0 
2700 6132 2095 0 98 2 2 5 0 0 
2800 6133 2095 0 98 2 2 5 0 0 
2900 6133 2095 0 98 2 2 5 0 0 
3000 6133 2095 0 98 2 2 5 0 0 
3100 6132 2095 0 98 2 2 5 0 0 
3200 6132 2095 0 98 2 2 5 0 0 
3300 6132 2095 0 98 2 2 5 0 0 
3400 6130 2095 0 98 2 2 5 0 0 
3500 6131 2095 0 98 2 2 5 0 0 
3600 6130 2095 0 98 2 2 5 0 0 
3700 6130 2095 0 98 2 2 5 0 0 
3800 6131 2095 0 98 2 2 5 0 0 
3900 6129 2095 0 98 2 2 5 0 0 
4000 6130 2095 0 98 2 2 5 0 0 
4100 6129 2095 0 98 2 2 5 0 0 
4200 6129 2095 0 98 2 2 5 0 0 
4300 6130 2095 0 98 2 2 5 0 0 
4400 6131 2095 0 98 2 2 5 0 0 
4500 6130 2095 0 98 2 2 5 0 0 
4600 6131 2095 0 98 2 2 5 0 0 
4700 6132 2095 0 98 2 2 5 0 0 
4800 6131 2095 0 98 2 2 5 0 0 
4900 6131 2095 0 98 2 2 5 0 0 
5000 6131 2095 0 98 2 2 5 0 0 
5100 6131 2095 0 98 2 2 5 0 0 
5200 6132 2095 0 98 2 2 5 0 0 
5300 6129 2095 0 98 2 2 5 0 0 
5400 6127 2095 0 98 2 2 5 0 0 
5500 6128 2095 0 98 2 2 5 0 0 
5600 6129 2095 0 98 2 2 5 0 0 
5700 6129 2095 0 98 2 2 5 0 0 
5800 6129 2095 0 98 2 2 5 0 0 
5900 6129 2095 0 98 2 2 5 0 0 
6000 6460 1997 0 104 2 1 5 0 0 
6100 6845 1908 0 89 2 1 7 0 0 
6200 7117 1776 0 80 2 1 5 0 0 
6300 7645 1538 0 68 4 1 5 0 0 
6400 7923 1425 0 63 3 1 4 0 0 
6500 8748 1499 0 75 4 1 3 0 0 
