# Avida tasks data
# Sat Apr 22 14:42:46 2023
# First column gives the current update, next columns give the number
# of organisms that have the particular task as a component of their merit
#  1: Update
#  2: Not
#  3: Nand
#  4: And
#  5: OrNot
#  6: Or
#  7: AndNot
#  8: Nor
#  9: Xor
# 10: Equals

0 0 0 0 0 0 0 0 0 0 
100 0 0 0 0 0 0 0 0 0 
200 0 0 0 0 0 0 0 0 0 
300 0 0 0 0 0 0 0 0 0 
400 0 0 0 0 0 0 0 0 0 
500 0 0 0 0 0 0 0 0 0 
600 36 11 0 0 0 0 0 0 0 
700 2589 2584 0 2467 0 1 2 0 0 
800 5126 5068 2 4941 2 0 0 0 0 
900 7692 7653 0 7484 4 8 145 0 0 
1000 9724 9657 5 9370 31 84 379 0 0 
1100 11255 11143 4 10810 140 452 714 0 0 
1200 12293 12252 301 11873 296 820 1028 0 0 
1300 12706 12639 1586 12216 360 662 1209 0 0 
1400 12849 12789 2834 12344 202 632 1556 0 0 
1500 12940 12950 4459 12555 148 1098 1476 0 1344 
1600 13123 13088 5805 12654 246 1320 1313 3 3295 
1700 13192 13114 7007 12653 1047 1814 1072 3 4683 
1800 13196 13107 7904 12602 2037 2085 828 6 5982 
1900 13205 13104 8513 12603 2792 2339 671 7 6835 
2000 13264 13187 9244 12631 3614 2662 508 5 7844 
2100 13376 13226 10027 12296 4245 2871 305 11 8842 
2200 13278 13234 10231 12123 3855 3052 220 13 9022 
2300 13264 13299 10755 12369 3701 2948 204 10 9394 
2400 13237 13350 10966 12504 3510 2894 202 13 9495 
2500 13177 13345 11015 12565 3235 3372 193 17 9518 
2600 13086 13351 11217 12624 3064 4134 189 20 9707 
2700 13136 13364 11268 12676 2985 4081 178 18 9782 
2800 13135 13363 11267 12675 2985 4081 178 18 9781 
2900 13135 13363 11267 12675 2985 4081 178 18 9781 
3000 13134 13362 11266 12672 2985 4079 178 18 9781 
3100 13132 13360 11264 12670 2985 4079 178 18 9780 
3200 13134 13362 11266 12672 2985 4079 178 18 9782 
3300 13135 13363 11267 12673 2985 4079 178 18 9781 
3400 13133 13361 11265 12671 2985 4079 178 18 9779 
3500 13132 13362 11266 12670 2985 4079 178 18 9780 
3600 13132 13362 11266 12670 2985 4079 178 18 9780 
3700 13130 13360 11264 12668 2985 4079 178 18 9778 
3800 13130 13360 11264 12668 2985 4079 178 18 9778 
3900 13130 13360 11264 12668 2985 4079 178 18 9778 
4000 13129 13359 11263 12667 2985 4079 178 18 9777 
4100 13127 13359 11263 12667 2985 4079 178 18 9777 
4200 13128 13360 11264 12668 2985 4079 178 18 9778 
4300 13127 13360 11264 12667 2985 4079 178 18 9778 
4400 13124 13355 11261 12662 2985 4079 178 18 9775 
4500 13122 13355 11261 12662 2985 4079 178 18 9775 
4600 13121 13354 11260 12661 2985 4079 178 18 9774 
4700 13122 13355 11261 12662 2985 4079 178 18 9775 
4800 13122 13355 11261 12662 2985 4079 178 18 9775 
4900 13117 13355 11261 12662 2985 4079 178 18 9773 
5000 13114 13349 11262 12665 2975 4064 175 19 9762 
5100 13134 13362 11288 12669 2702 3701 170 17 9774 
5200 13035 13245 11273 12431 2576 3652 161 50 9768 
5300 13045 13261 11258 12096 2398 3618 157 44 9813 
5400 13000 13230 11243 12258 2339 3503 146 45 9820 
5500 13056 13264 11267 12417 2286 3355 145 37 9881 
5600 13000 13254 11243 12523 2215 3214 144 25 9849 
5700 12986 13219 11248 12540 2128 3080 148 27 9910 
5800 12900 13242 11250 12606 2099 3045 146 33 9909 
5900 12866 13203 11233 12555 2100 3055 147 34 9885 
6000 12820 13211 11250 12548 2079 3051 144 32 9899 
6100 12812 13155 11219 12554 2053 2973 144 36 9849 
6200 12795 13149 11248 12596 2031 2953 142 41 9926 
6300 12817 13165 11267 12623 1901 2914 134 40 9972 
6400 12817 13138 11230 12601 1798 2866 135 44 10038 
6500 12758 13143 11253 12622 1661 2864 137 48 10043 
6600 12582 13097 11227 12582 1440 2855 120 61 10070 
6700 12558 13090 11239 12551 1251 2835 117 54 10074 
6800 12519 13090 11258 12583 1126 2819 108 58 10123 
6900 12456 13050 11253 12520 1006 2788 106 66 10165 
7000 12421 13027 11288 12554 910 2758 102 68 10228 
7100 12333 13005 11276 12477 829 2711 104 61 10230 
7200 12329 12971 11318 12469 755 2656 97 80 10325 
7300 12218 12976 11339 12495 687 2616 90 71 10338 
7400 12177 12949 11332 12432 638 2511 98 74 10355 
7500 12135 12910 11354 12399 589 2296 102 72 10371 
7600 12099 12891 11382 12420 566 2147 101 72 10406 
7700 12051 12889 11389 12422 531 2015 100 77 10414 
7800 12018 12886 11376 12449 502 1926 94 80 10435 
7900 11991 12851 11396 12460 456 1827 103 100 10447 
8000 11903 12850 11365 12435 452 1811 93 97 10429 
8100 11913 12866 11378 12427 455 1817 102 93 10407 
8200 11960 12874 11386 12423 454 1826 100 87 10440 
8300 11885 12851 11356 12363 447 1817 94 76 10404 
8400 11881 12813 11369 12372 437 1827 88 83 10412 
8500 11882 12818 11362 12373 437 1824 89 82 10410 
8600 11862 12833 11373 12369 433 1802 87 85 10410 
8700 11860 12847 11394 12381 439 1761 89 85 10462 
8800 11825 12859 11397 12370 417 1733 72 83 10481 
8900 11764 12828 11443 12326 409 1672 80 84 10516 
9000 11754 12786 11462 12323 415 1616 81 83 10554 
9100 11789 12780 11499 12308 400 1562 90 75 10643 
9200 11737 12785 11502 12269 389 1528 91 76 10658 
9300 11716 12796 11493 12256 383 1441 90 75 10656 
9400 11698 12806 11550 12262 379 1352 86 78 10731 
9500 11714 12827 11618 12310 372 1250 91 87 10796 
9600 11711 12850 11681 12318 373 1164 87 71 10864 
9700 11678 12849 11733 12347 367 1096 95 86 10918 
9800 11669 12860 11818 12354 363 1007 90 78 10984 
9900 11618 12856 11901 12320 358 950 87 78 11104 
10000 11643 12876 11974 12373 358 879 89 79 11188 
