# Avida tasks data
# Sat Apr 22 06:51:32 2023
# First column gives the current update, next columns give the number
# of organisms that have the particular task as a component of their merit
#  1: Update
#  2: Not
#  3: Nand
#  4: And
#  5: OrNot
#  6: Or
#  7: AndNot
#  8: Nor
#  9: Xor
# 10: Equals

0 0 0 0 0 0 0 0 0 0 
100 0 0 0 0 0 0 0 0 0 
200 0 0 0 0 0 0 0 0 0 
300 0 0 0 0 0 0 0 0 0 
400 0 0 0 0 0 0 0 0 0 
500 3 0 0 0 0 0 0 0 0 
600 71 0 0 0 0 0 0 0 0 
700 333 105 0 137 0 0 0 0 0 
800 1840 193 0 1604 1 0 0 0 0 
900 3309 1679 1464 2849 3 2 1 0 0 
1000 5612 4364 4166 4948 2 16 0 0 0 
1100 7851 6652 6493 6760 3 25 0 0 0 
1200 9829 8921 8616 8421 4 37 1 0 0 
1300 11235 10459 10117 9708 9 42 0 0 0 
1400 12005 11196 10986 10335 21 63 3 0 0 
1500 12372 11806 11570 10750 13 63 4 0 0 
1600 12761 12156 11938 11067 14 66 3 0 0 
1700 12883 12410 12161 11245 13 54 2 0 0 
1800 12994 12333 12149 11439 12 40 1 0 0 
1900 12905 12440 12247 11289 39 49 4 0 0 
2000 13038 12517 12330 11352 112 49 1 0 0 
2100 13045 12400 12244 11363 253 62 1 0 0 
2200 13051 12592 12380 11462 426 47 1 0 0 
2300 13059 12464 12392 11384 692 50 1 0 0 
2400 13010 12541 12363 11449 1037 82 1 0 0 
2500 13086 12457 12406 11538 1366 100 5 0 0 
2600 12991 12522 12403 11460 1697 168 9 0 0 
2700 13054 12600 12391 11472 2110 231 8 0 0 
2800 13080 12478 12433 11623 2572 286 1 0 0 
2900 13021 12441 12363 11540 3122 343 5 0 0 
3000 13113 12477 12388 11653 3682 390 2 0 0 
3100 13085 12523 12420 11606 4135 511 4 0 0 
3200 13022 12503 12441 11677 4578 659 4 0 0 
3300 12995 12601 12549 11813 5237 879 4 0 0 
3400 13039 12605 12476 11883 5815 1109 7 0 0 
3500 13065 12550 12483 11841 6247 1384 7 0 0 
3600 13103 12553 12514 11904 6923 1746 6 0 0 
3700 12920 12544 12502 11843 7400 2036 8 0 0 
3800 13029 12554 12586 11875 7918 2333 1 0 0 
3900 13013 12563 12566 11891 8284 2817 5 0 0 
4000 13068 12566 12606 11912 8665 3179 4 0 0 
4100 13025 12644 12663 11933 9046 3763 2 0 0 
4200 12989 12569 12552 11935 9150 4015 6 0 0 
4300 12988 12639 12678 12003 9576 4789 1 0 0 
4400 12928 12537 12555 11974 9603 5127 15 0 0 
4500 12854 12608 12600 11985 9677 5769 31 0 0 
4600 12939 12507 12536 12082 9872 6305 27 0 0 
4700 12936 12442 12499 12018 10075 6791 13 0 0 
4800 12886 12538 12648 12129 10259 7344 7 0 0 
4900 12841 12534 12642 12008 10372 7929 0 0 0 
5000 12837 12457 12580 12136 10459 8621 1 0 0 
5100 12835 12521 12702 12134 10527 9181 4 0 0 
5200 12852 12513 12653 12180 10612 9788 4 0 0 
5300 12912 12541 12644 12198 10697 10191 80 0 0 
5400 13028 12609 12749 12305 10884 10605 1136 0 0 
5500 13017 12623 12734 12253 11120 10852 2321 0 0 
5600 13084 12685 12814 12415 11319 11246 3533 0 0 
5700 13035 12627 12780 12460 11398 11244 4522 0 0 
5800 13165 12698 12843 12578 11545 11439 5631 0 0 
5900 13103 12755 12852 12681 11763 11383 6683 0 0 
6000 13121 12763 12833 12804 11922 11549 7684 0 0 
6100 13142 12675 12800 12775 11997 11523 8332 0 0 
6200 13239 12750 12844 12981 12230 11593 9341 0 0 
6300 13222 12799 12952 12968 12036 11696 9651 0 0 
6400 13276 12803 12933 13044 12120 11723 10133 0 0 
6500 13239 12743 12894 13074 11991 11741 10566 0 0 
6600 13259 12901 13003 13069 12127 11703 10865 0 0 
6700 13305 12873 12975 13126 12115 11718 11051 0 0 
6800 13287 12929 12988 13113 12136 11827 11141 0 0 
6900 13281 12923 12956 13152 12184 11831 11294 2 0 
7000 13262 12815 12901 13105 12133 11729 11319 0 0 
7100 13267 12852 13010 13122 12126 12044 11369 0 0 
7200 13287 12877 13027 13151 12215 12040 11389 0 0 
7300 13378 12884 12968 13212 12258 12014 11452 0 0 
7400 13172 12833 12951 13082 12033 11853 11237 0 0 
7500 13358 12872 13085 13205 12242 11979 11508 0 0 
7600 13370 12879 13011 13191 12373 11870 11591 0 0 
7700 13230 12876 13006 13185 12228 11899 11444 0 1 
7800 13302 12801 13006 13167 12297 11902 11495 0 0 
7900 13301 12881 13006 13227 12273 11955 11514 0 0 
8000 13336 12829 12980 13224 12336 11996 11565 0 0 
8100 13273 12849 13004 13256 12297 11966 11528 0 0 
8200 13213 12850 13044 13179 12170 11896 11377 0 3 
8300 13197 12870 13062 13153 12268 11918 11446 0 0 
8400 13241 12904 13033 13218 12193 12040 11463 0 2 
8500 13271 12926 13038 13228 12319 11950 11541 0 0 
8600 13321 12945 13034 13273 12247 11941 11615 0 1 
8700 13276 12947 13079 13210 12294 12111 11550 0 2 
8800 13305 12918 13122 13280 12386 12028 11638 13 0 
8900 13286 12941 13080 13266 12231 11904 11377 41 3 
9000 13338 12913 13091 13320 12376 11827 11602 190 0 
9100 13232 12933 13156 13153 12231 11394 11457 455 1 
9200 13216 12905 13058 13204 12278 11737 11502 165 881 
9300 13070 12972 13106 13162 12209 12072 11412 1 2625 
9400 13041 12943 13101 13097 12155 12151 11361 2 4183 
9500 13014 13027 13127 13117 12122 12124 11427 5 5521 
9600 12919 12986 13101 13084 12033 12201 11264 9 6608 
9700 12894 12964 13023 13100 12013 12233 11198 2 7680 
9800 12848 13002 13139 13062 12032 12288 11188 12 8444 
9900 12896 13056 13127 13185 12112 12297 11400 10 9054 
10000 12856 13047 13175 13106 12020 12292 11292 7 9506 
