# Avida tasks data
# Sat Apr 22 08:37:00 2023
# First column gives the current update, next columns give the number
# of organisms that have the particular task as a component of their merit
#  1: Update
#  2: Not
#  3: Nand
#  4: And
#  5: OrNot
#  6: Or
#  7: AndNot
#  8: Nor
#  9: Xor
# 10: Equals

0 0 0 0 0 0 0 0 0 0 
100 0 0 0 0 0 0 0 0 0 
200 0 0 0 0 0 0 0 0 0 
300 0 0 0 0 0 0 0 0 0 
400 0 0 0 0 0 0 0 0 0 
500 0 22 0 1 0 0 0 0 0 
600 83 487 0 5 0 0 0 0 0 
700 1443 1652 0 20 0 4 0 0 0 
800 2724 3123 0 29 0 142 0 0 0 
900 4169 4992 3 55 0 353 0 0 0 
1000 5644 6907 5 90 4 1367 0 0 0 
1100 6727 8022 12 690 40 2954 0 0 0 
1200 7688 9128 23 2264 1179 4331 0 2 0 
1300 8899 10117 27 3899 2883 5347 0 0 0 
1400 10475 11576 56 6021 4895 6874 0 3 0 
1500 11641 12791 78 8130 6667 8298 0 3 0 
1600 12107 13246 67 9529 7916 9203 0 8 0 
1700 12380 13523 88 10701 8968 10066 0 10 0 
1800 12410 13508 76 11515 9666 10594 0 22 0 
1900 12361 13490 83 12063 10097 10869 0 14 0 
2000 12279 13480 69 12488 10506 11298 0 5 0 
2100 12363 13427 94 12730 10666 11482 0 14 0 
2200 12381 13432 97 12833 10833 11604 0 11 0 
2300 12400 13434 78 12989 10976 11731 0 10 0 
2400 12349 13459 76 13063 10868 11666 0 12 0 
2500 12366 13506 88 13102 10895 11659 0 11 0 
2600 12430 13492 90 13133 11016 11792 0 13 0 
2700 12465 13502 120 13056 10966 11701 0 13 0 
2800 12379 13504 82 13109 10993 11751 0 13 0 
2900 12383 13496 80 13112 11047 11687 1 12 0 
3000 12233 13430 117 13050 10822 11653 0 12 0 
3100 12368 13421 83 13035 11021 11706 0 11 0 
3200 12329 13471 89 13089 10924 11684 0 19 0 
3300 12398 13459 103 13062 11021 11740 0 13 0 
3400 12390 13453 87 13104 10987 11684 0 9 0 
3500 12283 13452 118 13038 10960 11694 0 8 0 
3600 12353 13466 93 13056 10990 11776 0 8 0 
3700 12384 13439 84 13023 10944 11680 0 9 0 
3800 12433 13458 86 12991 11000 11728 0 18 0 
3900 12337 13439 77 13109 11049 11724 0 13 0 
4000 12406 13513 80 13061 11035 11766 0 6 0 
4100 12272 13386 76 13105 10880 11672 0 10 0 
4200 12376 13443 94 13070 10994 11742 0 13 0 
4300 12446 13510 68 13134 11039 11792 0 12 0 
4400 12418 13496 65 13086 10947 11710 0 8 0 
4500 12480 13547 87 13205 11058 11807 0 7 0 
4600 12413 13475 91 13144 11054 11784 0 9 0 
4700 12387 13478 92 13134 11139 11824 0 12 0 
4800 12512 13507 93 13182 11112 11861 0 5 0 
4900 12411 13503 75 13227 11100 11805 0 8 0 
5000 12381 13512 102 13087 11065 11762 0 10 0 
5100 12452 13526 98 13115 11110 11865 0 10 0 
5200 12493 13564 85 13221 11106 11911 0 12 0 
5300 12527 13529 74 13142 11230 11921 0 7 0 
5400 12409 13467 105 13078 11061 11851 0 11 0 
5500 12449 13507 85 12999 11040 11835 2 6 0 
5600 12435 13502 87 13131 11157 11826 0 9 0 
5700 12494 13528 74 13113 11170 11878 0 15 0 
5800 12493 13491 83 13224 11307 11926 0 5 0 
5900 12467 13525 83 13169 11181 11874 0 22 0 
6000 12425 13466 90 13167 11130 11852 0 18 0 
6100 12423 13482 54 13175 11109 11830 0 15 0 
6200 12486 13575 105 13099 11166 11925 0 6 0 
6300 12529 13528 78 13153 11188 11869 0 6 0 
6400 12531 13477 82 13207 11206 11911 0 16 0 
6500 12558 13540 99 13192 11260 11954 0 12 0 
6600 12560 13565 113 13261 11150 11960 0 13 17 
6700 12589 13546 65 13195 11217 11918 0 13 31 
6800 12476 13506 85 13158 11054 11887 0 8 123 
6900 12607 13535 76 13160 10912 11959 0 8 324 
7000 12515 13548 100 13127 10659 11945 1 10 581 
7100 12527 13545 111 13191 10378 11953 0 17 865 
7200 12570 13556 98 13141 10069 11936 1 5 1172 
7300 12647 13564 87 13220 9836 12079 1 1 1559 
7400 12584 13543 105 13123 9274 11910 0 8 1888 
7500 12545 13564 106 13153 8871 11918 0 6 2319 
7600 12691 13566 107 13117 8271 11955 1 7 2957 
7700 12648 13636 109 13189 7850 12049 1 9 3519 
7800 12597 13590 237 13113 7221 11936 1 9 4046 
7900 12574 13541 444 13101 6418 11903 2 10 4859 
8000 12671 13646 611 13206 6143 11990 1 6 5155 
8100 12599 13600 633 13170 5878 11877 2 6 5342 
8200 12583 13597 639 12622 5374 11812 9 6 5804 
8300 12571 13609 640 12098 6041 11822 7 8 5794 
8400 12548 13591 646 11754 6322 11809 6 9 5767 
8500 12566 13596 654 11471 6523 11813 8 9 5799 
8600 12540 13598 655 11292 6581 11795 6 11 5903 
8700 12550 13574 652 11020 6660 11791 5 13 6087 
8800 12527 13564 658 10799 6685 11780 5 11 6185 
8900 12500 13569 654 10806 6660 11751 5 11 6151 
9000 12482 13557 656 10707 6650 11745 9 14 6230 
9100 12470 13548 655 10558 6651 11693 5 10 6308 
9200 12504 13536 651 10377 6698 11750 5 9 6489 
9300 12491 13517 658 10195 6697 11716 7 12 6612 
9400 12464 13527 658 10054 6732 11709 6 11 6672 
9500 12481 13518 660 9903 6847 11707 6 11 6722 
9600 12464 13515 653 9689 6972 11719 6 12 6798 
9700 12420 13490 662 9470 7104 11669 6 15 6777 
9800 12386 13472 655 9313 7209 11638 6 12 6757 
9900 12338 13439 646 9121 7299 11606 6 11 6774 
10000 12354 13441 648 9018 7371 11624 5 11 6804 
