# Avida tasks data
# Sat Apr 22 01:04:11 2023
# First column gives the current update, next columns give the number
# of organisms that have the particular task as a component of their merit
#  1: Update
#  2: Not
#  3: Nand
#  4: And
#  5: OrNot
#  6: Or
#  7: AndNot
#  8: Nor
#  9: Xor
# 10: Equals

0 0 0 0 0 0 0 0 0 0 
100 0 0 0 0 0 0 0 0 0 
200 0 0 0 0 0 0 0 0 0 
300 0 0 0 0 0 0 0 0 0 
400 0 0 0 0 0 0 0 0 0 
500 0 0 0 0 0 0 0 0 0 
600 0 0 0 0 0 0 0 0 0 
700 1 0 0 0 0 0 0 0 0 
800 1 0 0 0 0 0 0 0 0 
900 44 0 0 7 0 0 0 0 0 
1000 296 66 0 53 0 0 0 0 0 
1100 811 540 0 130 1 0 0 0 0 
1200 1938 1351 0 543 352 0 0 0 0 
1300 3491 1157 0 1812 2499 0 0 0 0 
1400 4685 2766 0 3671 4226 0 0 0 0 
1500 6220 4641 0 5651 5749 1 0 0 0 
1600 7664 6298 0 7218 7202 0 0 0 0 
1700 9012 7844 0 8234 8528 2 464 0 0 
1800 9884 8896 0 8062 9417 1 1685 0 0 
1900 10404 9848 0 7225 9961 2 3253 0 0 
2000 10832 10635 0 6289 10338 9 4829 0 0 
2100 10901 11097 0 6942 10632 8 6192 0 0 
2200 11197 11316 2 8430 10794 20 7519 0 0 
2300 11466 11582 0 9727 11047 23 8787 0 0 
2400 11884 11934 0 10583 11465 35 10107 0 0 
2500 12356 12369 0 11340 11876 45 11101 0 0 
2600 12804 12828 0 12194 12419 26 12028 0 0 
2700 13113 13179 0 12818 12695 50 12498 0 0 
2800 13294 13443 0 13162 12874 36 12808 0 0 
2900 13424 13548 0 13270 13063 36 12969 0 0 
3000 13393 13503 0 13260 13061 30 12934 0 0 
3100 13362 13471 0 13284 13053 28 12895 0 0 
3200 13418 13531 0 13316 13040 33 12924 0 0 
3300 13457 13524 0 13339 13089 32 13020 0 0 
3400 13412 13499 2 13241 13019 33 12923 0 0 
3500 13418 13495 0 13248 13080 54 12915 0 0 
3600 13354 13462 1 13184 13043 145 12904 0 0 
3700 13437 13524 7 12992 13056 316 12940 0 0 
3800 13420 13544 5 12866 13075 561 13009 0 0 
3900 13157 13501 13 12680 13093 966 12940 0 0 
4000 12814 13518 23 12774 13041 1817 13033 0 0 
4100 12861 13476 39 12919 13058 3172 13007 0 0 
4200 12983 13475 48 13167 13035 4532 12963 0 0 
4300 13126 13435 52 13305 13061 6110 12971 0 0 
4400 13225 13531 74 13296 12987 7692 12998 0 0 
4500 13266 13539 95 13347 12958 9129 13018 0 0 
4600 13359 13522 109 13304 12928 10331 12987 0 0 
4700 13461 13482 88 13312 13025 11276 12997 0 0 
4800 13495 13430 113 13320 13040 11938 12986 0 0 
4900 13490 13522 97 13310 13023 12413 13051 0 0 
5000 13491 13467 133 13271 12912 12689 13021 0 0 
5100 13507 13467 135 13299 12941 12858 12978 0 0 
5200 13572 13486 122 13309 12985 12962 13101 0 0 
5300 13528 13449 116 13316 12953 13019 12999 0 0 
5400 13570 13459 113 13385 13022 13104 13018 0 0 
5500 13572 13497 96 13324 12983 12983 12999 0 0 
5600 13514 13432 116 13281 13013 12935 12982 0 0 
5700 13519 13497 121 13231 12978 12982 12966 0 0 
5800 13580 13533 130 13337 12969 12978 13054 0 0 
5900 13602 13495 116 13409 13038 13034 13019 0 0 
6000 13496 13455 157 13318 12979 12960 12988 0 0 
6100 13518 13425 124 13258 12961 12979 12994 0 0 
6200 13555 13551 143 13366 12993 13026 13138 0 0 
6300 13438 13443 136 13304 12935 12965 12961 0 0 
6400 13507 13523 129 13286 12947 12960 13059 0 0 
6500 13508 13437 152 13364 13051 13075 13008 0 0 
6600 13528 13536 132 13381 13046 12997 13052 0 0 
6700 13515 13456 111 13234 12955 12911 13012 0 0 
6800 13573 13440 103 13298 13023 13010 12998 0 0 
6900 13610 13533 115 13356 13048 13082 13086 0 0 
7000 13525 13453 124 13330 13033 12966 13044 0 0 
7100 13535 13489 134 13287 12920 12972 13006 0 0 
7200 13522 13514 115 13290 12902 12944 12993 0 0 
7300 13510 13466 110 13276 12998 12993 12988 0 0 
7400 13542 13468 99 13368 13053 13065 12992 0 0 
7500 13491 13507 161 13358 12966 13014 13039 0 0 
7600 13634 13526 111 13349 13031 13069 13115 0 0 
7700 13498 13490 143 13311 12966 12968 13011 0 0 
7800 13551 13465 121 13335 13008 12987 12952 0 0 
7900 13514 13482 115 13301 12972 12949 13032 0 0 
8000 13509 13436 108 13337 12967 12989 12920 0 0 
8100 13583 13544 103 13367 13046 13036 13146 0 0 
8200 13596 13512 119 13331 12984 12965 13066 0 0 
8300 13525 13509 129 13362 13052 13057 12988 0 0 
8400 13575 13509 110 13332 13020 13024 13041 0 0 
8500 13607 13541 111 13308 13053 13021 13079 0 0 
8600 13552 13541 107 13296 12956 12947 13071 0 0 
8700 13580 13438 126 13313 13007 13041 12949 0 0 
8800 13608 13519 136 13354 13020 13046 13075 0 0 
8900 13614 13507 120 13381 13057 13023 13054 0 0 
9000 13524 13457 126 13352 13015 13037 13036 0 0 
9100 13572 13513 139 13359 13013 13047 13039 0 0 
9200 13617 13586 122 13387 13066 13013 13097 0 0 
9300 13593 13480 79 13376 13158 13081 12992 0 0 
9400 13617 13508 115 13425 13098 13137 13059 0 0 
9500 13498 13546 140 13359 13056 13008 13077 0 0 
9600 13628 13607 127 13398 13065 13033 13123 0 0 
9700 13600 13565 110 13354 13043 13041 13071 0 0 
9800 13543 13422 143 13397 13023 13048 12959 0 0 
9900 13626 13465 136 13459 13179 13076 12986 0 0 
10000 13584 13493 145 13380 13002 13042 13036 0 0 
