# Avida tasks data
# Sat Apr 22 01:55:22 2023
# First column gives the current update, next columns give the number
# of organisms that have the particular task as a component of their merit
#  1: Update
#  2: Not
#  3: Nand
#  4: And
#  5: OrNot
#  6: Or
#  7: AndNot
#  8: Nor
#  9: Xor
# 10: Equals

0 0 0 0 0 0 0 0 0 0 
100 0 0 0 0 0 0 0 0 0 
200 0 0 0 0 0 0 0 0 0 
300 0 0 0 0 0 0 0 0 0 
400 0 0 0 0 0 0 0 0 0 
500 0 0 0 0 0 0 0 0 0 
600 0 0 0 0 0 0 0 0 0 
700 0 0 0 0 0 0 0 0 0 
800 2 0 0 0 0 0 0 0 0 
900 5 4 0 0 0 0 0 0 0 
1000 23 11 0 0 0 0 0 0 0 
1100 55 63 0 0 0 0 0 0 0 
1200 155 142 0 16 0 0 0 0 0 
1300 222 172 0 129 42 0 0 0 0 
1400 641 319 1 141 130 32 55 0 0 
1500 749 359 2 242 568 30 147 0 0 
1600 1300 308 2 1183 1230 30 142 0 0 
1700 1301 308 2 1184 1231 30 142 0 0 
1800 1658 321 2 1567 1570 30 142 0 0 
1900 1829 330 2 1658 1765 30 142 0 0 
2000 2019 318 2 1723 1881 30 142 0 0 
2100 2507 326 7 1953 2393 283 142 0 0 
2200 2889 334 11 2033 2836 984 143 0 0 
2300 3419 339 14 2929 3387 1501 145 0 0 
2400 3848 339 25 3456 3798 1930 141 0 0 
2500 4348 290 18 4020 4297 2479 128 0 0 
2600 4750 273 26 4409 4675 2923 113 0 0 
2700 5153 232 24 4820 5014 3392 90 0 0 
2800 5536 259 57 5214 5335 3772 67 0 0 
2900 5917 200 24 5511 5658 4200 67 0 0 
3000 6237 209 36 5809 5965 4587 57 0 0 
3100 6577 201 50 6102 6263 4971 43 0 0 
3200 6819 182 36 6318 6489 5215 30 0 0 
3300 7097 216 51 6593 6774 5558 21 0 0 
3400 6395 221 44 6661 6860 5647 17 0 0 
3500 5674 236 62 6829 6996 5790 11 0 0 
3600 5443 216 44 6860 7034 5253 10 0 0 
3700 5218 210 53 6850 7022 5369 9 0 0 
3800 4825 213 60 6920 7071 5575 8 0 0 
3900 4565 208 63 6954 7107 5720 5 0 0 
4000 4296 195 74 7041 7190 5878 4 0 0 
4100 4114 205 83 7130 7294 5996 3 0 0 
4200 3941 209 83 7307 7439 6183 1 0 0 
4300 3836 218 81 7454 7593 6233 1 0 0 
4400 3744 231 84 7549 7664 6306 1 0 0 
4500 3652 223 79 7780 7895 6555 1 0 0 
4600 3559 226 96 7925 8069 6630 1 0 0 
4700 3485 237 95 8087 8245 6783 1 0 0 
4800 3438 241 86 8287 8418 6855 1 0 0 
4900 3395 228 85 8438 8606 7030 1 0 0 
5000 3291 215 72 8510 8694 6855 1 0 0 
5100 3287 210 67 8504 8699 6759 3 0 0 
5200 3236 222 85 8525 8700 6571 1 0 0 
5300 3194 227 71 8556 8702 6405 1 0 0 
5400 3133 227 78 8559 8690 6281 1 0 0 
5500 3043 237 69 8644 8796 6189 1 0 0 
5600 2925 254 77 8689 8786 6018 3 0 0 
5700 2830 239 78 8743 8842 5962 1 0 0 
5800 2699 265 69 8729 8878 5840 2 0 0 
5900 2645 239 68 8860 8988 5852 2 0 0 
6000 2548 266 81 8902 8992 5707 2 0 0 
6100 2423 284 100 8987 9139 5629 1 0 0 
6200 2363 288 91 9115 9209 5657 1 0 0 
6300 2240 281 94 9195 9285 5668 1 0 0 
6400 2179 292 71 9190 9324 5572 1 0 0 
6500 1957 313 82 9231 9324 5529 1 0 0 
6600 1686 312 83 9282 9352 5543 1 0 0 
6700 1500 322 87 9349 9402 5610 1 0 0 
6800 1362 341 94 9383 9480 5617 1 0 0 
6900 1265 328 85 9537 9586 5693 1 0 0 
7000 1213 315 90 9564 9631 5894 1 0 0 
7100 1238 306 77 9585 9646 5989 1 0 0 
7200 1244 310 90 9676 9731 6114 1 0 0 
7300 1259 325 104 9674 9706 6124 1 0 0 
7400 1194 313 98 9803 9858 6354 1 0 0 
7500 1238 330 109 9839 9897 6439 0 0 0 
7600 1245 318 102 9934 9999 6576 2 0 0 
7700 1239 327 113 9999 10080 6712 0 0 0 
7800 1213 301 90 10091 10170 6871 2 0 0 
7900 1228 333 123 10137 10234 6885 0 0 0 
8000 1177 300 102 10204 10295 7069 0 1 0 
8100 1184 336 105 10300 10330 7125 0 1 0 
8200 1127 334 115 10387 10414 7320 2 0 0 
8300 1109 330 125 10491 10531 7449 1 0 0 
8400 1117 321 119 10571 10606 7654 0 0 0 
8500 1089 323 115 10651 10734 7794 0 0 0 
8600 1073 327 130 10787 10870 7988 0 0 0 
8700 1078 342 148 10838 10912 8117 0 0 0 
8800 1082 315 134 10875 10958 8300 0 0 0 
8900 1071 314 125 10921 11017 8431 0 0 0 
9000 1080 319 145 10989 11086 8510 1 0 0 
9100 1096 346 162 11064 11123 8617 1 0 0 
9200 1052 296 136 11237 11266 8861 1 0 0 
9300 1028 293 134 11233 11360 8948 1 0 0 
9400 1056 340 144 11289 11397 9079 0 2 0 
9500 1081 316 146 11374 11440 9162 0 1 0 
9600 1046 321 173 11507 11547 9407 0 1 0 
9700 1043 308 127 11564 11636 9529 0 1 0 
9800 1054 355 148 11588 11698 9663 0 0 0 
9900 1091 307 136 11653 11737 9764 2 0 0 
10000 1062 314 160 11734 11821 9882 4 0 0 
