# Avida tasks data
# Sat Apr 22 12:48:52 2023
# First column gives the current update, next columns give the number
# of organisms that have the particular task as a component of their merit
#  1: Update
#  2: Not
#  3: Nand
#  4: And
#  5: OrNot
#  6: Or
#  7: AndNot
#  8: Nor
#  9: Xor
# 10: Equals

0 0 0 0 0 0 0 0 0 0 
100 0 0 0 0 0 0 0 0 0 
200 0 0 0 0 0 0 0 0 0 
300 0 0 0 0 0 0 0 0 0 
400 0 0 0 0 0 0 0 0 0 
500 1067 45 0 1 0 0 0 0 0 
600 2572 206 0 4 0 0 0 0 0 
700 3956 806 0 94 0 0 0 0 0 
800 5184 3213 0 2502 5 0 0 0 0 
900 7181 5858 0 4978 5 0 0 0 0 
1000 9115 8215 1 7314 5 0 0 0 0 
1100 10792 10254 0 9333 63 0 0 0 0 
1200 11867 11699 0 10716 320 0 2 0 0 
1300 12435 12569 0 11646 922 0 0 0 0 
1400 12750 13134 6 12189 1657 11 617 0 0 
1500 13005 13351 15 12434 1990 18 1947 0 0 
1600 13033 13346 21 12488 1885 46 3278 0 0 
1700 13123 13444 37 12550 1620 236 4596 0 0 
1800 13108 13515 48 12664 1365 835 5996 0 0 
1900 13237 13493 54 12709 1106 1450 7297 0 0 
2000 13200 13571 140 12675 774 2116 8349 0 0 
2100 13236 13625 594 12640 518 2377 9234 0 0 
2200 13240 13641 1677 12603 336 2138 9980 0 0 
2300 13253 13608 3156 12688 146 1729 10666 0 0 
2400 13280 13647 4440 12741 40 1377 11243 0 0 
2500 13259 13684 5846 12686 9 1112 11617 0 0 
2600 13301 13735 7115 12680 4 868 11839 0 0 
2700 13324 13682 8195 12681 2 687 12017 0 0 
2800 13312 13772 9280 12691 0 780 12208 0 0 
2900 13223 13695 10180 12610 4 829 12279 0 0 
3000 13319 13794 10957 12735 1 881 12489 0 0 
3100 13292 13695 11530 12593 0 981 12371 0 0 
3200 13284 13799 12029 12649 4 1136 12425 0 0 
3300 13324 13780 12414 12615 0 1313 12476 0 0 
3400 13354 13749 12705 12717 2 1579 12545 0 0 
3500 13363 13659 12857 12751 1 1807 12564 0 0 
3600 13389 13704 13085 12667 0 2097 12484 0 0 
3700 13270 13691 13067 12515 3 2441 12274 0 0 
3800 13368 13676 13066 12723 3 2796 12543 0 0 
3900 13422 13653 13156 12706 2 3261 12520 0 0 
4000 13358 13584 13122 12599 2 3730 12393 0 0 
4100 13369 13583 13142 12561 3 4029 12369 0 0 
4200 13385 13618 13186 12657 1 4381 12496 0 0 
4300 13435 13501 13052 12645 2 4732 12431 0 0 
4400 13408 13479 13115 12695 1 5102 12437 0 0 
4500 13405 13469 13105 12624 9 5585 12388 0 0 
4600 13470 13480 13161 12665 2 6177 12419 0 0 
4700 13455 13342 13063 12528 1 6707 12348 0 0 
4800 13479 13386 12993 12588 4 7221 12356 0 0 
4900 13487 13316 12933 12555 10 7597 12300 0 0 
5000 13446 13236 12950 12544 6 7950 12331 0 0 
5100 13509 13269 12992 12552 11 8255 12309 0 0 
5200 13467 13320 12997 12508 10 8656 12244 0 0 
5300 13552 13262 13051 12535 44 8917 12293 0 0 
5400 13570 13208 12991 12536 90 9329 12246 0 0 
5500 13506 13252 13078 12571 215 9699 12213 0 0 
5600 13529 13177 12983 12501 341 9982 12260 0 0 
5700 13574 13190 12918 12521 479 10386 12185 0 0 
5800 13547 13192 12947 12512 692 10741 12160 0 0 
5900 13598 13169 12901 12477 971 11064 12087 0 0 
6000 13632 13203 12993 12489 1349 11408 12041 0 0 
6100 13635 13141 12923 12464 1745 11591 12044 0 0 
6200 13699 13100 12901 12365 2126 11645 11930 0 0 
6300 13680 13230 13010 12421 2600 11940 12011 0 0 
6400 13670 13178 13002 12279 2976 11992 11816 0 0 
6500 13658 13181 12964 12480 3478 12185 11961 0 0 
6600 13686 13172 12984 12297 3970 12272 11777 0 0 
6700 13695 13187 12979 12369 4401 12294 11819 0 0 
6800 13731 13153 12966 12292 4893 12313 11733 0 0 
6900 13713 13096 12908 12265 5444 12359 11680 0 0 
7000 13722 13084 12942 12251 5896 12324 11516 0 0 
7100 13730 13105 13000 12349 6561 12484 11730 0 0 
7200 13763 13028 12987 12209 7064 12502 11554 0 0 
7300 13813 13035 12919 12246 7589 12487 11447 0 0 
7400 13732 12971 12976 12229 8251 12534 11462 0 0 
7500 13757 13012 12958 12229 9042 12666 11413 0 0 
7600 13782 12948 12890 12302 9432 12596 11382 0 0 
7700 13732 13019 12936 12252 9682 12667 11380 0 0 
7800 13814 12970 12981 12236 10067 12758 11341 0 0 
7900 13760 12973 12946 12264 10414 12737 11351 0 0 
8000 13821 12964 12963 12282 10652 12737 11419 0 0 
8100 13707 13043 12987 12341 10821 12847 11359 0 0 
8200 13740 12938 13027 12259 10900 12743 11306 0 0 
8300 13793 12919 12938 12152 10872 12689 11326 0 0 
8400 13753 12887 13014 12201 10906 12810 11314 0 0 
8500 13732 12938 13022 12238 11026 12735 11277 5 0 
8600 13796 12821 12977 12115 11182 12708 11211 3 0 
8700 13781 12849 12931 12142 11278 12733 11181 8 0 
8800 13773 12934 12943 12325 11376 12674 11390 11 0 
8900 13738 12969 13034 12249 11288 12751 11337 3 0 
9000 13714 12829 12916 12222 11232 12603 11240 5 0 
9100 13715 12899 12965 12218 11189 12818 11212 4 0 
9200 13730 12840 12929 12166 11148 12619 11226 3 0 
9300 13710 12945 12987 12294 11202 12611 11241 0 0 
9400 13719 12939 13064 12303 11346 12718 11317 0 0 
9500 13699 12845 12958 12180 11314 12734 11230 0 0 
9600 13690 12878 12851 12140 11252 12623 11207 0 2 
9700 13713 12930 13031 12237 11329 12645 11302 0 0 
9800 13681 12939 13042 12277 11377 12595 11282 0 0 
9900 13700 12997 13007 12255 11412 12611 11347 0 0 
10000 13732 12944 12980 12307 11367 12596 11324 0 0 
