# Avida tasks data
# Sat Apr 22 04:34:41 2023
# First column gives the current update, next columns give the number
# of organisms that have the particular task as a component of their merit
#  1: Update
#  2: Not
#  3: Nand
#  4: And
#  5: OrNot
#  6: Or
#  7: AndNot
#  8: Nor
#  9: Xor
# 10: Equals

0 0 0 0 0 0 0 0 0 0 
100 0 0 0 0 0 0 0 0 0 
200 0 0 0 0 0 0 0 0 0 
300 0 0 0 0 0 0 0 0 0 
400 0 0 0 0 0 0 0 0 0 
500 2 0 0 0 0 0 0 0 0 
600 4 0 0 0 0 0 0 0 0 
700 37 0 0 0 0 0 0 0 0 
800 76 2 0 0 0 0 0 0 0 
900 121 2 2 0 0 8 0 0 0 
1000 319 34 3 0 0 30 0 0 0 
1100 260 183 31 752 4 68 0 0 0 
1200 1229 441 0 2326 78 3 0 0 0 
1300 1242 445 0 2328 77 5 0 0 0 
1400 1315 556 0 2354 81 2 0 0 0 
1500 2077 416 0 2672 40 0 0 0 0 
1600 3016 378 0 3429 56 0 0 0 0 
1700 4564 324 0 4849 90 2 0 0 0 
1800 6129 458 0 6571 110 4 0 0 0 
1900 6934 572 0 7422 123 0 0 0 0 
2000 6944 601 0 7491 148 4 0 0 0 
2100 6521 2100 7 7542 155 2 0 0 0 
2200 5891 2539 13 7651 137 18 0 0 0 
