# Avida tasks data
# Sat Apr 22 00:09:23 2023
# First column gives the current update, next columns give the number
# of organisms that have the particular task as a component of their merit
#  1: Update
#  2: Not
#  3: Nand
#  4: And
#  5: OrNot
#  6: Or
#  7: AndNot
#  8: Nor
#  9: Xor
# 10: Equals

0 0 0 0 0 0 0 0 0 0 
100 0 0 0 0 0 0 0 0 0 
200 0 0 0 0 0 0 0 0 0 
300 0 0 0 0 0 0 0 0 0 
400 0 0 0 0 0 0 0 0 0 
500 0 0 0 0 0 0 0 0 0 
600 0 0 0 0 0 0 0 0 0 
700 0 0 0 0 0 0 0 0 0 
800 0 0 0 0 0 0 0 0 0 
900 15 81 0 0 0 0 0 0 0 
1000 22 155 0 94 0 0 0 0 0 
1100 23 198 0 434 0 0 0 0 0 
1200 52 840 0 1258 0 0 0 0 0 
1300 75 2390 0 2501 2 0 25 0 0 
1400 83 2495 0 2595 0 0 47 0 0 
1500 88 2484 0 2570 0 0 322 0 0 
1600 80 2450 0 2504 0 0 550 0 0 
1700 81 2496 0 2533 0 0 809 0 0 
1800 89 2553 0 2587 0 0 893 0 0 
1900 93 2558 0 2589 0 0 912 0 0 
2000 99 2584 0 2615 0 0 934 0 0 
2100 89 2607 0 2634 0 1 941 0 0 
2200 114 2616 2 2641 12 2 957 0 0 
2300 111 2645 3 2672 48 1 975 0 0 
2400 99 2721 4 2764 37 0 1049 0 0 
2500 109 2788 40 2831 40 0 1108 0 0 
2600 105 2870 39 2907 71 0 1168 0 0 
2700 98 2940 43 2990 117 0 1251 0 0 
2800 106 3120 43 3184 253 0 1412 0 0 
2900 112 3242 43 3323 365 2 1517 1 0 
3000 115 3350 43 3389 520 1 1633 1 0 
3100 109 3383 43 3433 612 0 1681 1 0 
3200 119 3394 41 3449 604 0 1693 1 0 
3300 111 3496 38 3552 649 1 1797 0 0 
3400 124 3604 37 3653 745 0 1897 0 0 
