# Avida tasks data
# Sat Apr 22 10:30:56 2023
# First column gives the current update, next columns give the number
# of organisms that have the particular task as a component of their merit
#  1: Update
#  2: Not
#  3: Nand
#  4: And
#  5: OrNot
#  6: Or
#  7: AndNot
#  8: Nor
#  9: Xor
# 10: Equals

0 0 0 0 0 0 0 0 0 0 
100 0 0 0 0 0 0 0 0 0 
200 0 0 0 0 0 0 0 0 0 
300 0 0 0 0 0 0 0 0 0 
400 538 405 0 269 0 0 0 0 0 
500 1944 1741 0 1802 0 0 0 0 0 
600 3496 3379 0 3428 0 0 0 0 0 
700 5409 5210 0 5281 0 227 0 0 0 
800 7782 7755 26 7593 1 1707 1 0 0 
900 9486 9497 104 9309 5 3302 2 0 0 
1000 11131 11054 692 10857 2 4635 3 0 0 
1100 11683 11822 1967 11454 5 4984 0 0 0 
1200 11843 11994 3531 11650 3 4698 2 0 0 
1300 12150 12199 5125 11905 1 4112 0 0 0 
1400 12275 12494 6601 12129 1 3529 2 0 0 
1500 12576 12793 7681 12238 2 3047 0 0 0 
1600 12617 12895 8559 12463 0 2586 0 0 0 
1700 12710 12965 9409 12612 0 2068 2 0 0 
1800 12908 13062 10019 12609 1 1664 0 0 0 
1900 12862 13146 10438 12622 3 1362 1 0 0 
2000 12805 13150 10906 12573 0 1062 0 0 0 
2100 12856 13140 11231 12707 1 835 0 0 0 
2200 12948 13169 11502 12645 2 777 0 0 0 
2300 12955 13234 11685 12710 4 1071 0 0 0 
2400 13014 13240 11817 12656 1 1726 0 0 0 
2500 12937 13189 11939 12697 1 2618 0 0 0 
2600 12975 13238 11955 12745 7 3486 1 0 0 
2700 12965 13180 11943 12688 12 4297 10 0 0 
2800 12926 13164 12050 12819 16 5221 37 0 0 
2900 12944 13148 12080 12822 16 6127 49 0 0 
3000 12962 13209 12043 12852 39 7176 80 0 0 
3100 13009 13129 12108 12833 40 8129 98 0 0 
3200 12986 13170 12117 12857 19 9086 111 0 0 
3300 12932 13166 12130 12901 29 9800 124 0 0 
3400 12975 13156 12127 12884 34 10523 144 0 0 
3500 12957 13219 12272 13011 43 11069 191 0 0 
3600 12929 13152 12119 12902 56 11370 234 0 0 
3700 12804 13163 12136 12865 111 11685 236 0 0 
3800 12885 13223 12176 12905 104 12127 240 0 0 
3900 12877 13255 12133 12929 167 12284 197 0 0 
4000 13002 13302 12168 12906 165 12512 178 0 0 
4100 12860 13232 12299 12984 139 12552 122 0 0 
4200 12895 13239 12156 12920 162 12675 59 0 0 
4300 12848 13227 12183 12936 115 12681 41 0 0 
4400 12932 13267 12115 12853 67 12880 18 0 0 
4500 12991 13220 12063 12812 56 12837 13 0 0 
4600 12970 13271 12285 12966 52 12876 8 0 0 
4700 13024 13249 12094 12872 72 12802 9 0 0 
4800 12931 13153 12236 12927 79 12662 7 0 0 
4900 12978 13239 12200 12927 105 12762 5 0 0 
5000 13000 13248 12205 12963 129 12745 5 0 0 
5100 12947 13236 12215 12964 141 12651 1 0 0 
5200 12933 13149 12196 12951 145 12699 9 0 0 
5300 12982 13155 12248 12974 150 12631 2 0 0 
5400 13012 13206 12236 12978 137 12737 11 0 0 
5500 12983 13277 12299 13000 87 12853 9 0 0 
5600 12962 13187 12209 12978 103 12709 8 0 0 
5700 13151 13249 12224 12990 97 12849 6 0 0 
5800 13026 13199 12129 12892 89 12748 10 0 0 
5900 13072 13172 12257 12984 77 12719 14 0 0 
6000 13138 13177 12366 12993 66 12824 67 0 0 
6100 13110 13237 12272 13044 55 12900 117 0 0 
6200 13135 13198 12235 12960 28 12833 197 0 0 
6300 13098 13161 12234 12956 28 12868 354 0 0 
6400 13205 13225 12327 13023 13 12927 536 0 0 
6500 13166 13242 12310 13030 19 12935 715 0 0 
6600 13236 13216 12430 13110 33 12875 910 0 0 
6700 13175 13286 12282 13034 26 12944 1159 0 0 
6800 13285 13280 12248 13009 8 12976 1405 0 0 
6900 13277 13330 12415 13037 10 12989 1681 0 0 
7000 13290 13235 12323 13034 41 12946 2029 0 0 
7100 13265 13295 12416 13118 595 13025 2197 0 0 
7200 13185 13210 12337 13056 1517 12890 2457 0 0 
7300 13268 13324 12372 13050 2661 12950 3054 0 0 
7400 13237 13262 12422 13121 3817 12873 3956 0 0 
7500 13258 13256 12414 13141 4885 12922 4878 0 0 
7600 13260 13332 12343 13071 6098 13026 5862 0 0 
7700 13288 13262 12320 13047 7274 12948 6877 0 0 
7800 13317 13404 12255 13046 8167 13009 7751 0 2 
7900 13345 13419 12260 13084 9137 13026 8669 0 34 
8000 13341 13387 12112 13033 10108 13001 9592 0 74 
8100 13312 13406 11974 13034 10906 13016 10209 0 243 
8200 13356 13487 11487 13099 11455 13141 10805 0 535 
8300 13271 13432 11190 13055 11845 12979 11101 0 844 
8400 13348 13473 10629 12962 12198 13101 11446 0 1184 
8500 13343 13565 10004 12924 12307 13095 11794 0 1701 
8600 13368 13533 9358 13008 12562 13099 12075 0 2334 
8700 13353 13563 8691 12965 12694 13106 12157 0 2929 
8800 13255 13548 8222 12980 12777 13066 12309 0 3328 
8900 13317 13520 7459 12953 12835 13085 12425 0 3859 
9000 13333 13553 6924 12999 12873 13130 12484 0 4432 
9100 13292 13436 6244 12921 12836 13014 12455 0 4849 
9200 13292 13519 5710 12913 12880 13059 12521 0 5336 
9300 13368 13480 5177 12929 12923 13010 12657 0 5819 
9400 13342 13516 4775 12995 12890 12975 12508 0 6134 
