# Avida tasks data
# Fri Apr 21 22:58:34 2023
# First column gives the current update, next columns give the number
# of organisms that have the particular task as a component of their merit
#  1: Update
#  2: Not
#  3: Nand
#  4: And
#  5: OrNot
#  6: Or
#  7: AndNot
#  8: Nor
#  9: Xor
# 10: Equals

0 0 0 0 0 0 0 0 0 0 
100 0 0 0 0 0 0 0 0 0 
200 0 0 0 0 0 0 0 0 0 
300 0 0 0 0 0 0 0 0 0 
400 0 0 0 0 0 0 0 0 0 
500 0 0 0 0 0 0 0 0 0 
600 0 0 0 0 0 0 0 0 0 
700 9 0 0 0 0 0 0 0 0 
800 60 7 0 0 0 0 0 0 0 
900 82 42 0 61 0 0 0 0 0 
1000 212 168 0 322 0 0 0 0 0 
1100 852 472 0 1042 93 0 0 0 0 
1200 2593 176 0 2484 2258 0 0 0 0 
1300 4428 114 0 4020 3966 0 0 0 0 
1400 6043 372 0 5583 5474 0 0 0 0 
1500 7631 833 0 7057 6855 0 0 0 0 
1600 8860 1389 0 8230 7945 0 0 0 0 
1700 9890 1886 0 9232 8835 0 0 0 0 
1800 10654 2324 2 9877 9558 138 0 0 0 
1900 11057 2525 5 10190 9903 1344 2 0 0 
2000 11269 2812 5 10447 10124 2868 6 0 0 
2100 11489 3629 10 10599 10234 4532 3 0 0 
2200 11606 4735 17 10859 10400 6064 14 0 0 
2300 11668 5639 15 10822 10362 7372 3 0 0 
2400 11804 6615 15 10995 10530 8510 10 0 0 
2500 12012 7489 46 11158 10672 9471 6 0 0 
2600 12126 8353 34 11231 10759 10319 16 0 0 
2700 12125 9082 29 11268 10806 11019 7 0 0 
2800 12278 9903 31 11375 10897 11830 9 0 0 
2900 12400 10534 29 11473 11033 12462 1 0 0 
3000 12383 11058 49 11487 11032 12898 9 0 0 
3100 12339 11429 37 11588 11164 13188 4 0 0 
3200 12372 11693 39 11560 11062 13203 6 0 0 
3300 12355 12169 35 11588 11073 13389 36 0 0 
3400 12241 11730 32 11461 10927 13355 535 0 0 
3500 12238 10254 45 11316 10829 13254 1879 0 0 
3600 12355 8653 54 11454 10837 13284 3289 0 0 
3700 12298 7310 53 11495 10917 13350 4505 0 0 
3800 12278 5962 52 11443 10888 13338 5711 0 0 
3900 12381 4782 76 11562 10903 13291 6934 0 0 
4000 12308 3620 99 11512 10716 13226 7837 0 0 
4100 12242 2738 83 11446 10714 13243 8794 0 0 
4200 12260 2027 68 11509 10713 13283 9399 0 0 
4300 12207 1470 51 11366 10648 13232 9884 0 0 
4400 12394 1144 43 11536 10767 13281 10355 0 0 
4500 12397 1264 42 11521 10670 13287 10481 0 0 
4600 12340 1375 52 11565 10665 13296 10673 0 0 
4700 12463 1769 53 11711 10819 13252 10955 0 0 
4800 12282 2456 59 11637 10891 13312 11035 0 0 
4900 12467 3379 60 11765 10822 13335 11017 0 0 
5000 12407 4122 49 11764 10891 13328 11111 0 0 
5100 12324 5073 69 11673 10801 13214 10935 0 0 
5200 12405 5894 57 11665 10794 13271 10949 0 0 
5300 12381 6665 84 11714 10839 13274 10972 0 0 
5400 12299 7381 66 11585 10634 13289 10836 0 0 
5500 12429 8044 150 11628 10792 13323 10990 0 0 
5600 12353 8380 353 11567 10836 13234 10986 0 0 
5700 12399 8638 589 11791 10947 13293 11119 0 0 
5800 12468 9055 851 11688 10824 13275 11001 0 0 
5900 12400 9320 1205 11794 10905 13289 11053 0 0 
6000 12380 9390 1718 11673 10850 13290 11010 0 0 
6100 12397 9222 2232 11753 10922 13191 11061 0 0 
6200 12422 9068 2758 11783 10887 13263 11104 0 0 
6300 12384 8872 3314 11830 10894 13275 11002 0 0 
6400 12456 8530 3819 11825 10975 13199 11169 0 0 
6500 12428 8160 4500 11905 10893 13257 11021 0 0 
6600 12556 7593 5136 12125 11059 13272 11193 0 0 
6700 12483 7067 5804 12120 11086 13263 11264 0 0 
6800 12500 6464 6524 12217 11009 13279 11195 0 0 
6900 12442 5814 7214 12286 11028 13247 11169 0 0 
7000 12470 5021 7953 12424 11007 13238 11205 0 0 
7100 12593 4315 8773 12579 11210 13351 11353 0 0 
7200 12420 3646 9382 12608 11066 13264 11185 0 0 
7300 12401 3023 9895 12706 11057 13202 11235 0 0 
7400 12417 2536 10406 12641 11061 13275 11218 0 0 
7500 12428 2020 10824 12787 11115 13246 11265 0 0 
7600 12508 1721 11217 12838 11165 13192 11320 0 0 
7700 12458 1436 11524 12832 11071 13253 11272 0 0 
7800 12417 1241 11736 12834 11103 13158 11240 0 0 
7900 12323 1263 12018 12992 11199 13308 11371 0 0 
8000 12408 1368 12245 13018 11170 13288 11338 0 0 
8100 12337 1497 12386 13082 11072 13256 11233 0 0 
8200 12393 1817 12505 13079 11128 13274 11280 0 0 
8300 12374 2063 12548 13068 11131 13248 11303 0 0 
8400 12445 2562 12548 13077 11185 13222 11332 0 0 
8500 12456 2951 12617 13058 11211 13230 11351 0 0 
8600 12357 3483 12564 12999 11074 13257 11275 0 0 
8700 12334 4000 12541 12987 11033 13164 11226 0 0 
8800 12389 4497 12588 13041 11082 13211 11272 0 0 
8900 12386 5101 12606 12921 11158 13242 11258 0 0 
9000 12292 5693 12641 13038 11142 13262 11267 0 0 
9100 12399 6217 12650 13101 11206 13252 11400 0 0 
9200 12395 6799 12627 13046 11096 13180 11227 0 0 
9300 12403 7429 12700 13091 11214 13237 11367 0 0 
9400 12376 7844 12559 13100 11057 13258 11201 0 0 
9500 12392 8327 12602 12982 11158 13226 11345 0 0 
9600 12353 8935 12654 13061 11189 13265 11350 0 0 
9700 12334 9700 12752 13165 11113 13284 11291 0 1 
9800 12364 10377 12569 13074 11103 13269 11307 0 130 
9900 12390 10889 12031 13015 11118 13248 11305 0 460 
10000 12320 11276 11550 13026 11142 13187 11244 1 896 
