# Avida tasks data
# Sat Apr 22 07:36:43 2023
# First column gives the current update, next columns give the number
# of organisms that have the particular task as a component of their merit
#  1: Update
#  2: Not
#  3: Nand
#  4: And
#  5: OrNot
#  6: Or
#  7: AndNot
#  8: Nor
#  9: Xor
# 10: Equals

0 0 0 0 0 0 0 0 0 0 
100 0 0 0 0 0 0 0 0 0 
200 0 0 0 0 0 0 0 0 0 
300 0 0 0 0 0 0 0 0 0 
400 0 0 0 0 0 0 0 0 0 
500 0 0 0 0 0 0 0 0 0 
600 0 0 0 0 0 0 0 0 0 
700 15 0 0 0 0 0 0 0 0 
800 0 0 0 0 0 0 0 0 0 
900 4 0 0 0 0 0 0 0 0 
1000 52 88 0 88 0 0 0 0 0 
1100 241 2094 65 1718 0 9 0 0 0 
1200 539 4064 48 3587 1542 166 28 0 0 
1300 2446 5219 30 4624 2719 381 71 0 0 
1400 4222 5805 41 5283 3647 424 1072 0 0 
1500 5755 6959 35 6536 4972 2258 1222 0 0 
1600 7297 8454 43 8045 6421 4112 1046 0 0 
1700 8688 9799 38 9430 7816 5721 867 0 0 
1800 9711 10881 42 10544 8916 7082 677 3 0 
1900 10529 11508 34 11237 9808 8171 485 0 0 
2000 11168 12040 65 11806 10501 9036 314 0 0 
2100 11635 12429 155 12243 11066 9668 225 0 0 
2200 12094 12808 315 12583 11590 10180 127 0 0 
2300 12346 13019 515 12889 11902 10497 43 0 0 
2400 12576 13147 711 13077 12092 10587 45 0 0 
2500 12721 13346 990 13171 12258 10554 35 0 0 
2600 12760 13426 1375 13281 12332 10322 33 0 0 
2700 12932 13473 1775 13355 12477 10149 32 0 0 
2800 12946 13516 2405 13409 12483 9799 34 0 0 
2900 12877 13503 4242 13405 12407 9642 26 2 0 
3000 12829 13448 5733 13328 12327 9845 25 0 0 
3100 12892 13517 6893 13368 12388 10302 20 0 0 
3200 12941 13534 7887 13407 12460 10751 17 0 0 
3300 12889 13491 8872 13312 12378 11104 9 0 0 
3400 12887 13490 9697 13377 12345 11372 14 0 6 
3500 12912 13526 10263 13454 12406 11638 13 0 119 
3600 12977 13526 10557 13425 12487 11865 20 1 218 
3700 12937 13453 10484 13399 12410 11868 89 0 494 
3800 13005 13496 10477 13334 12432 11989 143 0 827 
3900 13046 13081 9085 12957 12143 11736 90 0 2064 
4000 13035 12868 7762 12805 11990 11591 42 0 3275 
4100 13068 12669 6692 12618 11904 11541 5 0 4326 
4200 13098 12535 5680 12481 11793 11480 5 0 5282 
4300 13043 12335 4711 12234 11643 11341 5 3 6191 
4400 13087 12200 3850 12159 11571 11334 3 15 7142 
4500 13055 12045 3062 12029 11476 11202 4 51 7827 
4600 13111 11896 2369 11875 11315 11078 25 117 8482 
4700 12949 11744 2301 11732 11155 10925 24 118 8399 
4800 12949 11712 2314 11688 11113 10893 24 118 8360 
4900 12910 11738 2309 11714 11131 10908 26 118 8379 
5000 12911 11744 2308 11715 11133 10915 24 118 8391 
5100 12880 11715 2322 11700 11113 10895 25 118 8362 
5200 12890 11723 2319 11705 11119 10894 26 117 8352 
5300 12875 11740 2314 11693 11120 10889 26 114 8376 
5400 12873 11746 2329 11714 11146 10928 24 111 8402 
5500 12978 11889 2311 11867 11307 11079 24 111 8569 
5600 13014 11956 2300 11923 11342 11128 24 111 8602 
5700 13058 12043 2296 12006 11410 11174 24 111 8670 
5800 13082 12088 2301 12057 11476 11262 24 93 8751 
5900 13075 12093 2298 12052 11454 11232 24 93 8725 
6000 13070 12095 2299 12058 11462 11229 24 93 8721 
6100 13076 12143 2297 12106 11514 11270 24 93 8767 
6200 13096 12151 2293 12112 11526 11282 25 93 8781 
6300 13085 12157 2296 12110 11529 11292 25 93 8793 
6400 13092 12177 2291 12131 11541 11312 25 93 8811 
6500 13091 12164 2280 12119 11527 11292 24 93 8809 
6600 13103 12165 2280 12126 11533 11304 24 93 8822 
6700 13099 12199 2281 12154 11539 11309 27 93 8822 
6800 13102 12204 2287 12166 11555 11323 26 93 8832 
6900 13107 12252 2281 12207 11600 11379 27 93 8891 
7000 13112 12279 2259 12237 11635 11415 27 93 8996 
7100 13121 12309 2262 12263 11671 11453 27 93 9031 
7200 13094 12311 2256 12256 11643 11423 25 93 9013 
7300 13114 12322 2262 12274 11673 11451 29 93 9030 
7400 13109 12290 2260 12233 11642 11414 25 93 9003 
7500 13108 12303 2265 12258 11655 11430 25 93 9008 
7600 13118 12318 2260 12273 11672 11454 25 93 9043 
7700 13117 12311 2254 12258 11666 11443 25 93 9034 
7800 13123 12314 2254 12271 11664 11444 25 93 9040 
7900 13120 12328 2249 12275 11671 11452 25 93 9049 
8000 13110 12315 2255 12268 11653 11434 25 93 9031 
