# Avida tasks data
# Sat Apr 22 08:04:47 2023
# First column gives the current update, next columns give the number
# of organisms that have the particular task as a component of their merit
#  1: Update
#  2: Not
#  3: Nand
#  4: And
#  5: OrNot
#  6: Or
#  7: AndNot
#  8: Nor
#  9: Xor
# 10: Equals

0 0 0 0 0 0 0 0 0 0 
100 0 0 0 0 0 0 0 0 0 
200 0 0 0 0 0 0 0 0 0 
300 0 0 0 0 0 0 0 0 0 
400 0 0 0 0 0 0 0 0 0 
500 0 0 0 0 0 0 0 0 0 
600 7 0 0 0 0 0 0 0 0 
700 1556 66 0 0 0 0 0 0 0 
800 3451 865 0 3 0 0 0 0 0 
900 4573 2530 0 12 0 0 0 0 0 
1000 5723 4047 0 23 0 0 0 0 0 
1100 7140 5729 0 23 0 0 0 0 0 
1200 8948 7973 0 25 0 0 0 0 0 
1300 10574 9997 0 83 0 0 0 0 0 
1400 11662 11479 0 315 1 0 0 0 0 
1500 12333 12276 0 558 1 0 0 0 0 
1600 12807 12828 0 998 4 0 0 0 0 
1700 12942 12977 0 1508 3 0 0 0 0 
1800 13014 13144 0 2123 10 0 0 0 0 
1900 13232 13263 0 2925 9 0 0 0 0 
2000 13264 13341 0 3657 3 0 0 0 0 
2100 13203 13283 0 4271 7 0 0 0 0 
2200 13314 13381 0 4975 5 0 0 0 0 
2300 13229 13280 0 5621 15 0 0 0 0 
2400 13279 13332 0 6333 15 1 0 0 0 
2500 13280 13375 7 7088 14 0 0 0 0 
2600 13267 13393 20 7853 17 1 0 0 0 
2700 13288 13355 14 8618 17 1 0 0 0 
2800 13309 13377 4 9316 13 0 0 0 0 
2900 13367 13369 6 10042 21 0 0 0 0 
3000 13367 13379 2 10621 25 0 0 0 0 
3100 13379 13358 4 11110 25 0 0 0 0 
3200 13394 13410 21 11544 26 0 0 0 0 
3300 13406 13427 27 11956 34 18 0 0 0 
3400 13444 13443 18 12131 27 64 0 0 0 
3500 13495 13428 11 12178 25 128 0 0 0 
3600 13395 13395 7 12141 62 247 0 0 0 
3700 13404 13395 2 12122 148 438 2 0 0 
3800 13450 13546 5 12097 243 792 2 0 0 
3900 13497 13486 10 11990 386 1339 0 0 0 
4000 13410 13483 13 11990 582 2118 4 0 0 
4100 13375 13540 18 11844 787 2998 6 0 0 
4200 13355 13517 29 11805 958 3823 16 0 0 
4300 13322 13525 32 11780 1058 4366 518 0 0 
4400 13382 13578 33 11873 1116 3771 1779 0 0 
4500 13314 13561 27 11850 1229 2904 3248 0 0 
4600 13263 13601 31 11929 2246 2403 4385 0 0 
4700 13182 13604 39 12075 4016 2097 5595 0 0 
4800 13188 13612 30 12148 5627 1783 6892 0 0 
4900 13180 13546 33 12187 6919 1464 8074 0 0 
5000 13076 13619 26 12437 7990 1350 9003 0 0 
5100 13065 13698 17 12765 8951 1221 9846 0 0 
5200 13109 13667 24 12864 9762 1039 10376 0 0 
5300 13024 13574 22 12876 10552 876 10735 0 0 
5400 13130 13705 16 13011 11330 730 11235 0 0 
5500 13022 13646 31 13000 11768 610 11458 0 0 
5600 13051 13642 15 13058 12031 579 11496 0 0 
5700 13007 13656 17 13044 12352 468 11629 0 0 
5800 13020 13667 33 13008 12547 356 11722 0 0 
5900 13003 13619 10 12992 12612 298 11828 0 0 
6000 13047 13643 31 12971 12596 213 11824 0 0 
6100 13062 13720 23 13080 12706 246 11901 0 0 
6200 13090 13696 23 13043 12710 257 11968 0 0 
6300 12958 13653 24 13019 12611 266 11817 0 0 
6400 13124 13722 20 13026 12668 208 12024 0 0 
6500 13053 13646 15 13054 12716 245 11939 0 0 
6600 13005 13678 24 13088 12658 276 11911 0 0 
6700 12992 13593 18 13088 12714 212 11995 0 0 
6800 13128 13743 19 13171 12819 253 11972 0 0 
6900 13053 13653 21 13065 12648 252 11924 0 0 
7000 13089 13662 14 13189 12687 242 12039 0 0 
7100 13181 13748 17 13146 12847 217 12109 0 0 
7200 13154 13661 26 13111 12788 204 12062 0 0 
7300 13047 13662 22 13051 12695 250 11985 0 0 
7400 13052 13666 11 13005 12710 219 11963 0 0 
7500 13098 13672 26 13148 12766 253 12037 0 0 
7600 13029 13638 19 13125 12705 214 12042 0 0 
7700 13085 13663 12 13100 12729 260 11982 0 0 
7800 13111 13675 15 13146 12788 243 12030 0 0 
7900 13196 13743 21 13255 12810 235 12186 0 0 
8000 13183 13717 15 13185 12840 218 12196 0 0 
8100 13059 13655 25 13062 12755 237 11969 0 0 
8200 13134 13742 15 13171 12829 237 12130 0 0 
8300 13132 13750 19 13207 12842 261 12133 0 0 
8400 13161 13715 19 13194 12890 240 12141 0 0 
8500 13176 13763 17 13108 12837 287 12138 0 0 
8600 13230 13711 13 13119 12919 380 12208 0 0 
8700 13246 13795 17 12971 12935 591 12211 0 0 
8800 13169 13755 20 12669 12830 944 12152 0 0 
8900 13194 13721 19 12379 12860 1298 12267 0 0 
9000 13178 13755 26 11924 12863 1990 12228 0 0 
9100 13276 13728 29 11542 12893 2991 12178 0 0 
9200 13146 13673 24 11427 12854 4382 12171 0 0 
9300 13190 13719 27 11279 12885 5984 12165 0 0 
9400 13159 13757 23 11140 12882 7266 12224 0 0 
9500 13132 13670 33 11110 12843 8667 12066 0 0 
9600 13158 13743 33 11182 12870 9771 12101 0 0 
9700 13123 13692 38 11184 12867 10719 12214 0 0 
9800 13106 13661 92 11268 12844 11399 12136 0 0 
9900 13146 13730 238 11616 12815 12059 12102 0 0 
10000 13108 13703 447 11746 12782 12319 12139 0 0 
