# Avida tasks data
# Sat Apr 22 09:46:58 2023
# First column gives the current update, next columns give the number
# of organisms that have the particular task as a component of their merit
#  1: Update
#  2: Not
#  3: Nand
#  4: And
#  5: OrNot
#  6: Or
#  7: AndNot
#  8: Nor
#  9: Xor
# 10: Equals

0 0 0 0 0 0 0 0 0 0 
100 0 0 0 0 0 0 0 0 0 
200 0 0 0 0 0 0 0 0 0 
300 0 0 0 0 0 0 0 0 0 
400 0 0 0 0 0 0 0 0 0 
500 0 0 0 0 0 0 0 0 0 
600 0 0 0 0 0 0 0 0 0 
700 0 2 0 0 0 0 0 0 0 
800 5 9 0 0 0 0 0 0 0 
900 2864 3366 39 3207 0 1 0 0 0 
1000 5272 6208 324 5961 0 6 0 0 0 
1100 6868 7500 2006 7282 18 65 0 0 0 
1200 7757 8186 3809 8129 29 94 0 0 0 
1300 8503 8949 5355 9007 50 129 0 0 0 
1400 9522 9715 6652 9897 46 170 2 0 0 
1500 10271 10393 7884 10646 54 206 0 0 0 
1600 11039 11069 8979 11369 65 228 1 0 0 
1700 11692 11744 9936 12062 75 289 4 0 0 
1800 12149 12216 10667 12536 58 277 3 0 0 
1900 12498 12442 11108 12780 65 286 1 0 0 
2000 12626 12553 11504 12974 93 321 7 0 0 
2100 12671 12577 11704 12960 86 341 0 0 0 
2200 12686 12647 11836 13038 93 340 2 0 0 
2300 12685 12586 11838 13076 97 310 1 0 0 
2400 12836 12692 11952 13080 75 308 4 0 0 
2500 12845 12675 11955 13067 82 303 1 0 0 
2600 12802 12598 11826 13059 81 350 1 0 0 
2700 12778 12675 11993 13104 78 332 5 0 0 
2800 12856 12614 11828 13051 75 372 3 0 0 
2900 12878 12582 11822 13017 80 376 2 0 0 
3000 12893 12664 11897 13160 67 388 1 0 0 
3100 12785 12640 11909 13087 67 429 4 0 0 
3200 12867 12624 11932 13129 95 489 4 0 0 
3300 12918 12693 11961 13234 85 600 3 0 0 
3400 12914 12667 11988 13168 69 676 0 0 0 
3500 12930 12695 11990 13187 69 811 1 0 0 
3600 12986 12707 12019 13147 53 1030 2 0 0 
3700 12946 12803 12050 13160 79 1239 5 0 0 
3800 12921 12629 11939 13103 83 1516 5 0 0 
3900 12947 12767 12017 13164 75 1881 11 0 0 
4000 12910 12685 12001 13112 59 2072 10 0 0 
4100 12890 12756 12028 13128 79 2543 8 0 0 
4200 12820 12679 11956 13067 71 2952 9 0 0 
4300 12905 12744 11965 13022 93 3471 11 0 0 
4400 12899 12780 12042 13051 87 4044 17 0 0 
4500 12875 12763 11938 13016 126 4717 19 0 0 
4600 12814 12793 11949 13050 115 5207 32 0 0 
4700 12839 12672 11916 13020 109 5844 32 0 0 
4800 12834 12779 11907 12979 90 6381 23 0 0 
4900 12844 12837 12051 13023 112 6899 27 0 0 
5000 12837 12719 11856 12884 106 7243 29 0 0 
5100 12843 12727 11853 12895 136 7719 42 0 0 
5200 12803 12712 11872 12914 133 8080 38 0 0 
5300 12813 12714 11890 12886 82 8535 41 0 0 
5400 12773 12713 11869 12882 124 8833 49 0 0 
5500 12721 12702 11798 12799 164 9275 40 0 0 
5600 12778 12715 11791 12744 189 9580 31 0 0 
5700 12827 12748 11829 12778 199 10133 38 0 0 
5800 12802 12745 11839 12814 277 10512 49 0 0 
5900 12679 12642 11622 12642 323 10655 75 0 0 
6000 12886 12754 11879 12751 415 10957 53 0 0 
6100 12817 12714 11763 12675 562 11028 59 0 0 
6200 12806 12722 11759 12763 712 11275 55 0 0 
6300 12792 12757 11811 12778 1065 11409 67 0 0 
6400 12805 12785 11792 12753 1636 11529 56 0 0 
6500 12797 12817 11845 12689 2079 11689 59 0 0 
6600 12791 12782 11775 12707 2621 11743 70 0 0 
6700 12829 12920 11911 12845 3422 11788 50 0 0 
6800 12898 12901 11916 12810 4133 11738 50 0 0 
6900 12884 12785 11776 12696 4771 11648 56 0 0 
7000 12924 12959 11866 12816 5503 11772 54 0 0 
7100 12892 12896 11774 12719 6070 11753 64 0 0 
7200 12833 12890 11880 12736 6751 11745 60 0 0 
7300 12890 12879 11843 12779 7425 11822 59 0 0 
7400 12874 12977 11835 12750 7775 11825 72 0 0 
7500 12863 12962 11870 12801 8230 11805 77 0 0 
7600 12968 12923 11821 12745 8608 11777 72 0 0 
7700 12846 12925 11748 12705 8873 11667 67 0 0 
7800 12929 13010 11877 12760 9536 11611 80 0 0 
7900 12904 12926 11750 12710 9769 11579 78 0 0 
8000 12914 13004 11768 12689 10064 11634 81 0 0 
8100 12847 13086 11887 12786 10450 11563 78 0 0 
8200 12858 13002 11759 12711 10682 11489 88 0 0 
8300 12864 13077 11910 12815 10923 11616 101 0 0 
8400 12869 13129 11904 12806 11037 11604 155 0 0 
8500 12906 13160 12026 12836 11182 11665 268 0 0 
8600 12898 13116 11830 12806 10957 11652 430 0 0 
8700 13026 13194 12041 12895 10975 11779 672 0 0 
8800 13025 13081 11978 12863 10721 11713 941 0 0 
8900 12989 13088 11924 12779 10796 11688 1409 0 0 
9000 12965 13147 11926 12837 11017 11869 1972 0 0 
9100 12989 13067 11798 12788 11024 11744 2673 0 0 
9200 12939 13046 11829 12776 11104 11742 3424 0 0 
9300 13009 13125 11959 12762 11299 11846 4379 0 0 
9400 13013 13114 11928 12787 11323 11895 5242 0 0 
9500 13002 13177 12044 12911 11403 12099 6305 0 0 
9600 13103 13190 12000 12843 11282 12070 7097 0 0 
9700 12997 13140 11986 12835 11252 12154 8005 0 0 
9800 13054 13169 12037 12827 11228 12208 8897 0 0 
9900 13001 13173 11940 12774 11207 12167 9373 0 0 
10000 12980 13215 11979 12806 11131 12152 9787 0 0 
