# Avida tasks data
# Sat Apr 22 05:48:38 2023
# First column gives the current update, next columns give the number
# of organisms that have the particular task as a component of their merit
#  1: Update
#  2: Not
#  3: Nand
#  4: And
#  5: OrNot
#  6: Or
#  7: AndNot
#  8: Nor
#  9: Xor
# 10: Equals

0 0 0 0 0 0 0 0 0 0 
100 0 0 0 0 0 0 0 0 0 
200 0 0 0 0 0 0 0 0 0 
300 0 0 0 0 0 0 0 0 0 
400 0 0 0 0 0 0 0 0 0 
500 0 0 0 0 0 0 0 0 0 
600 4 0 0 0 0 0 0 0 0 
700 113 0 0 58 0 0 0 0 0 
800 964 584 0 990 1 0 0 0 0 
900 2411 2264 4 2242 66 8 0 0 0 
1000 4358 4295 1 4045 314 2 0 0 0 
1100 6489 6355 10 6001 717 2 0 0 0 
1200 8178 8054 14 7674 1116 0 4 0 0 
1300 9664 9405 15 8951 1643 0 0 0 0 
1400 10874 10720 251 10137 2345 82 2 0 0 
1500 11907 11844 2108 11256 3579 1282 15 0 0 
1600 12188 12116 3303 11479 4581 2594 40 0 0 
1700 12381 12251 4278 11506 5383 3613 167 0 0 
1800 12503 12494 5191 11400 6165 4708 433 0 0 
1900 12591 12621 5813 11873 6363 5413 1585 0 0 
2000 12752 12732 6286 11948 6625 5958 3260 0 0 
2100 12829 12774 6970 12052 7138 6689 4749 0 0 
2200 13033 12924 7936 12117 7856 7688 6014 0 0 
2300 13078 13030 8969 12141 8724 8780 7272 0 0 
2400 12998 13039 9686 12174 9312 9538 8166 0 0 
2500 13156 13154 10364 12228 9835 10329 9089 0 0 
2600 13078 13168 10913 12310 10409 10922 9865 0 0 
2700 13156 13161 11317 12290 10780 11324 10391 0 0 
2800 13257 13270 11893 12357 11307 11897 10965 0 0 
2900 13285 13250 12038 12248 11537 12045 11036 0 0 
3000 13266 13227 12217 12278 11902 12258 11313 0 0 
3100 13243 13232 12378 12318 11999 12451 11339 0 0 
3200 13262 13245 12411 12390 11990 12479 11496 0 0 
3300 13238 13238 12432 12313 12046 12495 11436 0 0 
3400 13172 13247 12390 12345 11993 12439 11453 0 0 
3500 13322 13289 12430 12312 11987 12412 11353 0 0 
3600 13272 13261 12414 12301 11977 12446 11329 0 0 
3700 13200 13203 12301 12377 11935 12353 11490 0 0 
3800 13248 13303 12440 12359 12114 12484 11537 0 0 
3900 13224 13270 12420 12409 12003 12472 11485 0 0 
4000 13298 13311 12480 12310 12084 12541 11434 0 0 
4100 13344 13389 12530 12408 12182 12613 11555 0 0 
4200 13223 13314 12417 12324 12001 12426 11399 0 0 
4300 13246 13270 12482 12410 12069 12500 11426 0 0 
4400 13211 13311 12408 12371 12003 12434 11465 0 0 
4500 13264 13336 12533 12552 12106 12540 11700 0 0 
4600 13249 13326 12441 12380 11987 12477 11459 0 0 
4700 13260 13289 12432 12378 12037 12462 11557 0 0 
4800 13324 13296 12474 12543 12021 12571 11671 0 0 
4900 13319 13317 12483 12521 12112 12505 11634 0 0 
5000 13338 13363 12544 12383 12188 12556 11589 0 1 
5100 13327 13297 12509 12285 12097 12572 11663 0 163 
5200 13302 13436 12571 11524 12171 12657 11345 3 760 
5300 13246 13299 12460 10877 12162 12637 11347 6 1675 
5400 13336 13369 12439 11367 12121 12622 11294 11 3062 
5500 13387 13339 12500 11476 12168 12668 11304 25 4316 
5600 13415 13381 12587 11306 12269 12706 11062 41 5514 
5700 13402 13394 12616 11262 12267 12684 10994 42 6849 
5800 13453 13397 12633 11092 12330 12685 10791 42 7834 
5900 13433 13483 12727 11136 12533 12771 10915 38 8849 
6000 13429 13460 12670 11010 12521 12768 10725 42 9254 
6100 13454 13486 12703 10939 12535 12766 10753 46 9684 
6200 13394 13459 12692 10802 12565 12799 10602 47 9925 
6300 13478 13467 12684 10784 12587 12709 10619 72 10221 
6400 13481 13494 12724 10911 12669 12798 10745 61 10628 
6500 13447 13449 12731 10819 12612 12820 10594 49 10673 
6600 13378 13399 12668 10740 12585 12692 10680 48 10674 
6700 13396 13506 12702 10738 12647 12859 10625 64 10668 
6800 13482 13529 12770 10844 12698 12865 10665 56 10769 
6900 13373 13469 12714 10788 12594 12781 10668 50 10727 
7000 13386 13443 12606 10678 12552 12680 10518 39 10615 
7100 13524 13501 12735 10803 12678 12825 10662 55 10751 
7200 13407 13441 12635 10737 12540 12705 10559 51 10626 
7300 13463 13477 12763 10829 12674 12821 10636 48 10789 
7400 13467 13508 12752 10829 12653 12793 10699 60 10741 
7500 13457 13536 12813 10795 12726 12869 10706 46 10832 
7600 13483 13517 12714 10755 12632 12753 10661 46 10714 
7700 13478 13451 12628 10740 12531 12730 10561 49 10685 
7800 13397 13423 12665 10641 12542 12720 10534 66 10554 
7900 13464 13458 12667 10693 12585 12792 10523 44 10647 
8000 13450 13492 12699 10823 12604 12772 10645 38 10743 
8100 13439 13486 12715 10707 12584 12744 10555 43 10676 
8200 13413 13489 12694 10815 12631 12886 10663 56 10776 
8300 13516 13531 12780 10658 12700 12868 10518 68 10681 
8400 13448 13524 12753 10762 12710 12781 10616 64 10756 
8500 13408 13482 12724 10760 12650 12781 10568 52 10737 
8600 13469 13491 12736 10823 12650 12819 10619 54 10745 
8700 13359 13457 12683 10770 12581 12738 10606 53 10662 
8800 13427 13491 12698 10665 12656 12811 10530 48 10664 
8900 13436 13573 12743 10803 12655 12843 10626 46 10718 
9000 13372 13503 12765 10924 12669 12813 10752 45 10845 
9100 13438 13511 12755 10744 12622 12798 10567 46 10709 
9200 13442 13554 12822 10801 12704 12896 10722 67 10837 
9300 13352 13496 12757 10810 12650 12877 10672 56 10805 
9400 13441 13570 12736 10887 12631 12827 10694 45 10834 
9500 13369 13592 12843 10958 12742 12862 10828 42 10894 
9600 13416 13597 12825 10918 12757 12953 10757 58 10912 
9700 13469 13559 12788 10899 12670 12910 10773 44 10876 
9800 13399 13546 12792 10821 12672 12831 10674 45 10785 
9900 13338 13606 12812 10867 12762 12876 10696 46 10925 
10000 13367 13657 12861 10950 12766 12867 10757 60 10870 
