# Avida tasks data
# Sat Apr 22 08:51:30 2023
# First column gives the current update, next columns give the number
# of organisms that have the particular task as a component of their merit
#  1: Update
#  2: Not
#  3: Nand
#  4: And
#  5: OrNot
#  6: Or
#  7: AndNot
#  8: Nor
#  9: Xor
# 10: Equals

0 0 0 0 0 0 0 0 0 0 
100 0 0 0 0 0 0 0 0 0 
200 0 0 0 0 0 0 0 0 0 
300 0 0 0 0 0 0 0 0 0 
400 0 0 0 0 0 0 0 0 0 
500 0 0 0 0 0 0 0 0 0 
600 1 178 0 0 0 20 0 0 0 
700 19 1314 0 398 0 1069 0 0 0 
800 354 2502 3 432 0 2138 0 0 0 
900 2175 4409 2 628 7 3817 0 12 0 
1000 2147 4382 2 638 7 3791 0 12 0 
1100 2142 4378 2 641 7 3788 0 12 0 
1200 2163 4394 2 658 7 3809 0 12 0 
1300 2144 4374 2 650 7 3788 0 12 0 
1400 2156 4391 2 674 7 3798 0 12 0 
1500 2133 4371 2 649 7 3772 0 12 0 
1600 2136 4374 2 651 7 3777 0 12 0 
1700 2124 4362 2 638 7 3761 0 12 0 
1800 2153 4430 5 638 8 3792 0 7 0 
1900 1651 4837 3 1500 0 4156 0 4 0 
2000 1339 4907 2 1395 499 3698 0 4 483 
2100 1262 4988 3 1334 698 3569 1 4 673 
2200 1261 4974 3 1332 685 3568 1 4 663 
2300 1260 4971 3 1332 682 3568 1 4 660 
2400 1260 4965 3 1332 674 3568 1 4 655 
2500 1262 4967 3 1332 676 3568 1 4 657 
2600 1261 4968 3 1331 682 3568 1 4 660 
2700 1261 4959 3 1330 675 3567 1 4 650 
2800 1260 4954 3 1330 668 3566 1 4 644 
2900 1260 4954 3 1331 664 3568 1 4 641 
3000 1262 4959 3 1331 671 3568 1 4 647 
3100 1262 4950 3 1331 662 3568 1 4 638 
3200 1271 4944 3 1331 654 3568 1 4 630 
3300 1261 4943 3 1331 659 3568 1 4 633 
3400 1260 4938 3 1331 654 3568 1 4 629 
3500 1248 5145 3 1306 926 3483 0 4 899 
3600 1181 5395 1 1231 1295 3345 0 4 1246 
3700 1130 5549 1 1197 1549 3248 0 4 1486 
3800 1125 5524 1 1189 1547 3247 0 4 1472 
3900 1125 5525 1 1189 1550 3247 0 4 1471 
4000 1118 5527 1 1184 1556 3240 0 4 1486 
4100 1121 5525 1 1184 1560 3240 0 4 1491 
4200 1123 5506 1 1184 1542 3240 0 4 1473 
4300 1119 5505 1 1184 1542 3240 0 4 1461 
4400 1117 5506 1 1184 1544 3240 0 4 1461 
4500 1085 5654 1 1145 1756 3197 2 4 1689 
4600 1083 5733 1 1152 1868 3184 3 4 1807 
4700 1083 5713 1 1152 1848 3184 3 4 1787 
4800 1056 5877 1 1123 2083 3084 1 3 2008 
4900 1056 5872 1 1123 2078 3083 1 3 2003 
