# Avida tasks data
# Sat Apr 22 06:33:08 2023
# First column gives the current update, next columns give the number
# of organisms that have the particular task as a component of their merit
#  1: Update
#  2: Not
#  3: Nand
#  4: And
#  5: OrNot
#  6: Or
#  7: AndNot
#  8: Nor
#  9: Xor
# 10: Equals

0 0 0 0 0 0 0 0 0 0 
100 0 0 0 0 0 0 0 0 0 
200 0 0 0 0 0 0 0 0 0 
300 0 0 0 0 0 0 0 0 0 
400 0 0 0 0 0 0 0 0 0 
500 0 0 0 0 0 0 0 0 0 
600 205 0 0 0 0 0 0 0 0 
700 945 0 0 0 0 0 0 0 0 
800 2193 0 0 0 0 0 0 0 0 
900 3496 8 0 42 0 0 0 0 0 
1000 5335 1110 0 2452 135 0 0 0 0 
1100 6347 2698 0 4672 360 0 0 0 0 
1200 6896 3858 2 6109 666 0 0 0 0 
1300 7782 4255 0 7485 2132 0 0 0 0 
1400 8636 3830 1 8325 3658 1 0 0 0 
1500 9143 3380 6 8880 5044 0 1 0 0 
1600 9675 4123 6 9289 5968 0 0 0 0 
1700 10122 5390 4 9630 6772 9 0 0 0 
1800 10470 6579 2 9957 7303 39 0 0 0 
1900 10696 7634 2 10041 7890 25 0 0 0 
2000 11037 8783 1 10392 8553 53 1 0 0 
2100 11366 9866 0 10719 9099 44 0 0 0 
2200 11734 10818 2 11044 9764 19 0 0 0 
2300 12136 11562 0 11528 10447 19 1 0 0 
2400 12520 12157 0 11801 10881 12 0 0 0 
2500 12876 12644 0 12178 11463 40 1 0 0 
2600 12918 13032 3 12149 11593 22 0 0 0 
2700 13035 13350 1 12254 11776 22 0 0 0 
2800 13155 13547 0 12395 11845 13 0 0 0 
2900 13109 13659 0 12509 11928 15 0 0 0 
3000 13175 13640 1 12437 11909 7 1 0 0 
3100 13178 13668 2 12418 11961 10 0 0 0 
3200 13162 13642 1 12430 11978 3 0 0 0 
3300 13156 13664 0 12421 11967 0 1 0 0 
3400 13155 13684 0 12357 11906 10 1 0 0 
3500 13164 13631 1 12483 11969 7 0 0 0 
3600 13219 13644 0 12469 12076 12 0 0 0 
3700 13237 13635 0 12540 12016 12 0 0 0 
3800 13194 13696 2 12482 12042 62 5 0 0 
3900 13207 13645 22 12575 12123 1961 23 0 0 
4000 13177 13624 44 12689 12322 3963 40 0 0 
4100 13250 13648 60 12787 12291 5738 55 0 0 
4200 13246 13669 99 12788 12323 7251 83 0 0 
4300 13216 13693 95 12851 12440 8724 90 0 0 
4400 13144 13753 144 12798 12387 9730 94 0 0 
4500 13225 13711 129 12843 12436 10707 121 0 0 
4600 13124 13764 183 12806 12512 11433 116 0 0 
4700 13080 13719 231 12827 12479 11991 124 0 0 
4800 12953 13712 448 12832 12493 12188 125 0 0 
4900 13125 13656 1287 12810 12427 12224 133 0 0 
5000 13051 13730 2615 12825 12348 12238 153 0 0 
5100 12996 13791 3994 12884 12381 12294 162 0 0 
5200 13080 13731 5266 12877 12333 12286 159 0 0 
5300 12992 13802 6538 12873 12336 12300 150 0 0 
5400 12974 13751 7610 12839 12227 12213 162 0 0 
5500 12963 13720 8812 12914 12242 12303 161 0 0 
5600 13003 13707 9683 12844 12244 12238 164 0 0 
5700 12883 13644 10505 12831 12147 12238 176 0 0 
5800 12835 13731 11190 12841 12201 12276 168 0 0 
5900 12906 13702 11560 12817 12144 12272 134 0 0 
6000 12839 13689 11865 12844 12079 12236 157 0 0 
6100 12874 13648 12272 12848 12156 12293 147 0 0 
6200 12867 13677 12412 12843 12224 12281 143 0 0 
6300 12950 13755 12513 12930 12242 12306 147 0 0 
6400 12777 13730 12578 12876 12151 12273 163 0 0 
6500 12897 13747 12602 12910 12208 12279 140 0 0 
6600 12915 13723 12721 12925 12171 12296 173 0 0 
6700 12906 13687 12588 12842 12052 12186 188 0 0 
6800 12867 13722 12613 12775 12063 12218 174 0 0 
6900 12949 13682 12622 12887 12148 12299 172 0 0 
7000 12975 13744 12688 12849 12238 12298 154 0 0 
7100 13006 13665 12617 12822 12079 12201 175 0 0 
7200 12960 13698 12629 12870 12202 12309 145 0 0 
7300 12853 13662 12716 12971 12199 12334 144 0 0 
7400 12910 13726 12670 12881 12171 12311 155 0 0 
7500 12850 13740 12547 12867 12046 12152 168 0 0 
7600 13057 13758 12676 12827 12177 12256 153 0 0 
7700 13054 13701 12594 12885 12152 12252 168 0 0 
7800 12922 13765 12580 12781 12137 12313 128 0 0 
7900 12952 13724 12671 12937 12107 12249 144 0 0 
8000 12993 13708 12573 12860 12155 12293 132 0 0 
8100 13013 13705 12554 12819 12110 12220 136 0 0 
8200 13048 13669 12597 12765 12139 12245 161 0 0 
8300 12981 13717 12735 12970 12204 12351 145 0 0 
8400 13101 13688 12698 12878 12227 12320 138 0 0 
8500 13015 13717 12658 12826 12170 12219 148 0 0 
8600 13033 13765 12673 12855 12248 12279 155 0 0 
8700 13076 13749 12710 12866 12262 12322 162 0 0 
8800 13132 13748 12748 12999 12252 12422 160 0 0 
8900 13112 13739 12689 12850 12251 12334 136 0 0 
9000 13032 13769 12539 12770 12155 12171 155 0 0 
9100 13031 13768 12550 12870 12204 12287 124 0 0 
9200 13027 13735 12579 12809 12210 12298 144 0 0 
9300 13085 13727 12727 12843 12242 12298 176 0 1 
9400 13202 13725 12640 12823 12146 12271 137 0 0 
9500 13112 13755 12614 12846 12187 12249 146 0 0 
9600 13107 13737 12649 12860 12167 12292 129 0 0 
9700 13144 13744 12602 12836 12178 12349 129 0 0 
9800 13152 13771 12590 12897 12249 12381 149 0 0 
9900 13130 13754 12661 12855 12223 12255 142 0 0 
10000 13175 13745 12549 12831 12206 12197 179 0 0 
