# Avida tasks data
# Sat Apr 22 05:29:01 2023
# First column gives the current update, next columns give the number
# of organisms that have the particular task as a component of their merit
#  1: Update
#  2: Not
#  3: Nand
#  4: And
#  5: OrNot
#  6: Or
#  7: AndNot
#  8: Nor
#  9: Xor
# 10: Equals

0 0 0 0 0 0 0 0 0 0 
100 0 0 0 0 0 0 0 0 0 
200 0 0 0 0 0 0 0 0 0 
300 0 0 0 0 0 0 0 0 0 
400 0 0 0 0 0 0 0 0 0 
500 0 4 0 0 0 0 0 0 0 
600 0 152 0 0 0 0 0 0 0 
700 49 551 0 0 0 0 0 0 0 
800 801 1272 1 16 0 0 0 0 0 
900 1397 1703 0 39 81 156 614 0 0 
1000 1982 2174 0 57 945 656 696 0 0 
1100 2748 2927 10 74 2081 1684 584 0 0 
1200 3318 3535 51 129 2865 2506 426 0 0 
1300 3939 4156 129 164 3558 3218 338 0 0 
1400 4713 4938 237 168 4432 4074 246 0 0 
1500 5718 6023 353 240 5418 5037 189 0 0 
1600 7300 7519 458 379 6934 6508 186 0 0 
1700 9006 9345 481 523 8547 8052 183 0 0 
1800 10383 10797 582 660 9822 9283 204 0 0 
1900 11407 11880 673 806 10841 10266 239 0 0 
2000 12059 12584 765 1123 11461 10893 181 0 0 
2100 12561 13151 799 1470 11969 11457 154 0 0 
2200 12559 13093 759 1909 11860 11401 133 0 0 
2300 12641 13031 710 2305 11878 11420 155 0 0 
2400 12531 13052 815 2794 11862 11312 171 0 0 
2500 12530 13065 978 3237 11909 11428 150 0 0 
2600 12677 13124 958 3767 11998 11491 146 0 0 
2700 12662 13164 933 4210 12026 11516 157 0 0 
2800 12675 13199 999 4907 12047 11524 179 0 0 
2900 12573 13241 1046 5570 11868 11342 181 0 0 
3000 12674 13248 1121 6101 12009 11513 138 0 0 
3100 12672 13345 1128 6749 11923 11423 133 0 0 
3200 12726 13367 1109 7513 12012 11517 177 0 0 
3300 12685 13291 1085 8104 12031 11534 123 0 0 
3400 12612 13297 1235 8701 11875 11392 142 0 0 
3500 12636 13375 1305 9079 11886 11428 144 0 0 
3600 12622 13294 1353 9538 11937 11412 157 0 0 
3700 12683 13281 1401 9721 11952 11511 129 0 0 
3800 12643 13323 1411 10152 11962 11493 140 0 0 
3900 12697 13343 1457 10371 11944 11509 137 0 0 
4000 12670 13427 1447 10583 12030 11505 122 0 0 
4100 12712 13382 1245 11078 11983 11472 143 0 0 
4200 12711 13327 1165 11249 11981 11531 137 0 0 
4300 12710 13360 1136 11321 11983 11535 108 0 0 
4400 12851 13363 1117 11395 12041 11652 136 0 0 
4500 12746 13390 1137 11393 12016 11575 118 0 0 
4600 12754 13379 1111 11509 12042 11584 119 0 0 
4700 12782 13416 1103 11543 11987 11556 137 0 0 
4800 12784 13452 1131 11618 12083 11622 117 1 0 
4900 12848 13417 1077 11672 12064 11543 114 0 0 
5000 12795 13521 1093 11604 12057 11592 112 0 0 
5100 12842 13425 1007 11775 12128 11731 132 0 0 
5200 12739 13503 993 11922 11969 11585 114 0 0 
5300 12789 13440 1047 11984 12041 11698 121 0 0 
5400 12812 13377 1083 11813 11988 11553 138 0 0 
5500 12778 13342 1048 12130 12020 11543 127 0 0 
5600 12838 13447 1152 12167 12054 11639 126 0 0 
5700 12881 13425 1242 12202 12063 11687 132 0 0 
5800 12786 13325 1385 12279 11965 11630 111 0 0 
5900 12852 13385 1471 12345 12122 11719 99 0 0 
6000 12837 13389 1654 12535 12076 11616 109 0 0 
6100 12814 13442 1805 12603 12082 11665 115 0 0 
6200 12902 13359 2083 12731 12071 11709 101 0 0 
6300 12847 13437 2377 12682 12050 11626 124 0 0 
6400 12825 13281 2598 12685 12075 11663 114 0 0 
6500 12820 13367 2857 12619 12011 11572 122 0 0 
6600 12895 13325 3153 12790 12090 11744 147 0 0 
6700 13021 13282 3346 12681 12168 11866 117 0 0 
6800 12788 13339 3631 12713 11987 11571 114 0 0 
6900 12814 13316 3957 12771 11905 11585 98 0 0 
7000 12864 13295 4240 12764 11986 11673 109 0 0 
7100 12900 13231 4554 12902 11950 11655 129 0 0 
7200 12927 13319 4919 12726 11987 11724 150 0 0 
7300 12911 13228 5304 12735 11976 11662 191 0 0 
7400 12839 13142 5259 12664 11968 11654 662 0 0 
7500 12888 13198 5146 12695 12012 11750 1518 0 0 
7600 12832 13334 4688 12613 12076 11784 2416 0 2 
7700 12814 13230 4107 12564 12059 11864 3470 0 0 
7800 12891 13281 3603 12500 12203 12011 4608 0 0 
7900 12779 13240 3044 12352 12161 12087 5411 0 0 
8000 12828 13250 2496 12231 12298 12173 6574 0 0 
8100 12802 13317 2044 12249 12355 12272 7631 0 0 
8200 12771 13321 1568 12100 12389 12303 8532 0 0 
8300 12684 13325 1232 11874 12236 12258 9098 0 0 
8400 12655 13298 863 11857 12290 12374 9780 0 0 
8500 12730 13297 608 11822 12400 12429 10418 0 0 
8600 12765 13308 407 11811 12413 12493 10843 0 0 
8700 12748 13313 290 11770 12467 12496 11169 0 0 
8800 12740 13267 176 11750 12478 12447 11424 0 0 
8900 12852 13330 134 11919 12546 12596 11617 0 0 
9000 12733 13254 159 11891 12477 12448 11742 0 0 
9100 12757 13310 195 11915 12509 12552 11801 0 0 
9200 12693 13369 303 11895 12521 12564 11742 0 0 
9300 12738 13257 462 11996 12509 12472 11783 0 0 
9400 12769 13347 607 12025 12589 12612 11867 2 0 
9500 12651 13376 775 11961 12425 12558 11757 0 2 
9600 12744 13316 1037 11971 12558 12564 11823 0 0 
9700 12766 13301 1274 11997 12532 12554 11824 5 0 
9800 12788 13317 1645 11978 12566 12522 11902 1 0 
9900 12880 13308 2068 12054 12621 12671 11981 0 0 
10000 12752 13249 2540 11974 12535 12586 11866 0 0 
