# Avida tasks data
# Fri Apr 21 23:52:54 2023
# First column gives the current update, next columns give the number
# of organisms that have the particular task as a component of their merit
#  1: Update
#  2: Not
#  3: Nand
#  4: And
#  5: OrNot
#  6: Or
#  7: AndNot
#  8: Nor
#  9: Xor
# 10: Equals

0 0 0 0 0 0 0 0 0 0 
100 0 0 0 0 0 0 0 0 0 
200 0 0 0 0 0 0 0 0 0 
300 0 0 0 0 0 0 0 0 0 
400 0 0 0 0 0 0 0 0 0 
500 0 0 0 0 0 0 0 0 0 
600 0 0 0 0 0 0 0 0 0 
700 0 0 0 0 0 0 0 0 0 
800 0 0 0 0 0 0 0 0 0 
900 2 0 0 0 0 0 0 0 0 
1000 32 0 0 0 0 0 0 0 0 
1100 63 15 0 0 0 0 0 0 0 
1200 142 56 0 14 0 0 0 0 0 
1300 278 88 0 152 0 0 0 0 0 
1400 585 188 0 681 0 0 0 0 0 
1500 971 474 5 2033 705 42 0 0 0 
1600 1117 489 2 3229 2225 73 1981 0 0 
1700 1930 520 2 4755 3852 111 3625 0 0 
1800 3403 569 5 6016 5235 144 4936 0 0 
1900 4490 659 3 6971 6347 178 5979 0 0 
2000 5544 919 4 8025 7463 175 7088 0 0 
2100 6857 1118 6 8588 8277 1200 7876 0 0 
2200 8231 1066 11 9125 8820 2731 8342 0 0 
2300 9321 906 32 9599 9323 4197 8798 0 0 
2400 10123 809 39 9997 9836 5514 9256 0 0 
2500 10718 676 47 10341 10108 6707 9561 0 0 
2600 11240 575 35 10659 10523 7885 9877 0 0 
2700 11752 440 41 11086 10870 9003 10233 0 0 
2800 12070 355 38 11316 11131 9915 10416 0 0 
2900 12377 342 58 11463 11345 10646 10624 0 0 
3000 12568 329 43 11584 11465 11159 10701 0 0 
3100 12639 331 40 11629 11507 11576 10875 0 0 
3200 12894 377 50 11708 11739 12056 11059 0 0 
3300 13019 462 47 11650 11584 12398 10933 0 0 
3400 13087 718 66 11739 11741 12650 11098 0 0 
3500 13133 939 40 11722 11655 12894 10967 0 0 
3600 13163 1351 41 11797 11803 13052 11056 0 0 
3700 13141 1745 47 11889 11803 13114 11156 0 0 
3800 13130 2306 53 11762 11622 13111 10954 0 0 
3900 13171 2939 48 11846 11787 13173 10972 0 0 
4000 13213 3561 73 11754 11602 13168 10819 0 0 
4100 13199 4186 57 11758 11705 13187 10944 0 0 
4200 13144 4869 40 11667 11677 13145 10947 0 0 
4300 13141 5513 52 11733 11713 13155 10903 0 0 
4400 13105 6073 48 11817 11709 13182 10994 0 0 
4500 13057 6577 34 11747 11615 13167 10934 0 0 
4600 13072 6898 39 11780 11710 13128 10955 0 0 
4700 13055 7426 35 11699 11590 13147 10936 0 0 
4800 13147 7913 56 11776 11696 13114 11007 0 0 
4900 13119 8273 54 11921 11806 13069 11072 0 0 
5000 13151 8728 65 11808 11775 13150 11027 0 0 
5100 13111 9064 38 11807 11696 13161 11035 0 0 
5200 13074 9321 32 11823 11764 13196 11117 0 0 
5300 13016 9723 29 11790 11621 13234 10952 0 0 
5400 13240 10294 28 11899 11774 13242 11073 0 0 
5500 13238 10727 37 11900 11859 13257 11142 0 0 
5600 13038 10937 39 11738 11618 13125 10903 0 0 
5700 13127 11352 37 11862 11775 13216 11133 0 0 
5800 13116 11423 20 11963 11832 13144 11134 0 0 
5900 13020 11650 33 11836 11666 13209 10996 0 0 
6000 13119 11866 28 11902 11719 13272 11057 0 0 
6100 13129 12029 32 11760 11604 13226 11029 0 0 
6200 13146 12194 33 11935 11800 13301 11048 0 0 
6300 13093 12321 49 11861 11742 13257 11011 0 0 
6400 13222 12321 38 11936 11829 13167 11100 0 0 
6500 13007 12428 43 11738 11683 13239 10981 0 0 
6600 13193 12523 19 11918 11764 13251 11068 0 0 
6700 13107 12535 35 11966 11822 13210 11133 0 0 
6800 13151 12531 37 11824 11691 13197 11012 0 0 
6900 13180 12632 30 11828 11726 13238 11016 0 0 
7000 13129 12679 25 11817 11725 13200 11045 0 0 
7100 13139 12750 22 11919 11889 13305 11200 0 0 
7200 13118 12729 41 12023 11847 13272 11178 0 0 
7300 13126 12675 106 11920 11788 13261 11105 0 0 
7400 13166 12496 379 12011 11754 13278 11158 0 0 
7500 13226 12568 1015 11991 11846 13297 11295 0 0 
7600 13226 12499 1806 11954 11770 13246 11194 0 0 
7700 13134 12553 2817 11985 11794 13256 11255 0 111 
7800 13069 12565 3651 11861 11733 13321 11067 0 307 
7900 13077 12635 4509 11979 11759 13309 11150 0 596 
8000 13079 12631 4879 12004 11758 13267 11184 0 1045 
8100 13094 12533 5057 12023 11799 13251 11218 0 1609 
8200 13137 12504 5333 12099 11826 13302 11316 0 2145 
8300 12991 12527 5365 12114 11725 13285 11234 0 2852 
8400 13152 12532 5456 12189 11773 13344 11268 0 3524 
8500 13213 12534 5468 12154 11837 13370 11341 0 4070 
8600 13214 12616 5279 12294 11877 13375 11354 0 4693 
8700 13245 12563 4956 12235 11785 13436 11315 0 5328 
8800 13062 12479 4547 12195 11689 13313 11223 0 5899 
8900 13150 12490 4174 12251 11823 13328 11385 0 6539 
9000 13221 12540 3754 12260 11716 13354 11318 0 7116 
9100 13284 12512 3199 12348 11870 13419 11410 0 7675 
9200 13228 12589 2821 12391 11867 13412 11461 3 8064 
9300 13353 12584 2348 12380 11814 13427 11416 0 8481 
9400 13321 12604 1923 12373 11801 13456 11383 0 8829 
9500 13391 12545 1612 12517 11824 13451 11467 0 9099 
9600 13403 12621 1403 12503 11972 13450 11521 0 9314 
9700 13463 12550 1171 12536 11885 13444 11443 0 9433 
9800 13422 12455 1055 12590 12048 13502 11619 0 9826 
9900 13421 12394 922 12564 11979 13471 11601 0 9916 
10000 13452 12216 906 12563 12058 13427 11639 2 10048 
