# Avida tasks data
# Sat Apr 22 04:52:26 2023
# First column gives the current update, next columns give the number
# of organisms that have the particular task as a component of their merit
#  1: Update
#  2: Not
#  3: Nand
#  4: And
#  5: OrNot
#  6: Or
#  7: AndNot
#  8: Nor
#  9: Xor
# 10: Equals

0 0 0 0 0 0 0 0 0 0 
100 0 0 0 0 0 0 0 0 0 
200 0 0 0 0 0 0 0 0 0 
300 0 0 0 0 0 0 0 0 0 
400 0 0 0 0 0 0 0 0 0 
500 0 0 0 0 0 0 0 0 0 
600 0 0 0 0 0 0 0 0 0 
700 0 0 0 0 0 0 0 0 0 
800 87 0 0 0 0 0 0 0 0 
900 427 5 0 0 0 0 0 0 0 
1000 1109 284 1 0 0 0 0 0 0 
1100 2382 1544 6 2 0 0 2 0 0 
1200 3795 3219 73 214 7 0 0 0 0 
1300 5375 5006 2086 1676 1964 47 0 0 0 
1400 6543 5941 3396 3362 3717 400 16 0 0 
1500 7469 6768 4508 4859 5225 669 31 0 0 
1600 8226 7478 4696 6175 6359 1744 26 0 0 
1700 9002 8299 4245 7332 7428 3212 0 0 0 
1800 9348 9032 3713 8135 8075 4618 57 0 0 
1900 9504 9748 3240 8766 8493 5578 1479 0 0 
2000 10076 10326 2652 9419 9119 6636 3408 0 0 
2100 10362 10807 2202 10226 9580 7787 4968 0 0 
2200 10605 11247 1900 10694 9950 8590 6307 0 0 
2300 10872 11552 1448 11125 10251 9361 7717 0 0 
2400 11117 12004 1109 11628 10556 10207 8617 0 0 
2500 11298 12332 819 11972 10884 10815 9407 0 0 
2600 11574 12643 605 12337 11253 11431 10212 0 0 
2700 11725 13040 465 12659 11380 11864 10661 0 0 
2800 12085 13151 373 12845 11721 12127 11233 0 0 
2900 12212 13287 280 12958 11813 12317 11544 0 0 
3000 12306 13449 182 13040 11903 12561 11808 0 0 
3100 12432 13498 125 13168 12050 12741 12031 0 0 
3200 12392 13565 110 13189 12068 12717 12161 0 0 
3300 12470 13490 100 13110 12098 12718 12108 0 0 
3400 12457 13523 85 13197 12090 12704 12142 0 0 
3500 12417 13504 108 13135 12095 12690 12109 0 0 
3600 12366 13588 85 13244 12133 12804 12170 0 0 
3700 12407 13590 94 13251 12040 12790 12085 0 0 
3800 12429 13503 115 13145 12132 12699 12168 0 0 
3900 12445 13548 102 13177 12076 12756 12141 0 0 
4000 12419 13585 137 13192 11999 12767 12121 0 0 
4100 12466 13562 137 13199 12083 12861 12127 0 0 
4200 12449 13551 125 13197 11996 12759 12144 0 0 
4300 12504 13621 135 13209 12115 12824 12228 0 0 
4400 12457 13607 136 13214 12124 12804 12214 0 0 
4500 12454 13560 170 13177 12088 12782 12192 0 0 
4600 12597 13599 128 13208 12223 12785 12306 0 0 
4700 12671 13613 122 13266 12221 12824 12254 0 0 
4800 12647 13544 93 13209 12295 12807 12351 0 0 
4900 12577 13621 102 13239 12234 12819 12313 0 0 
5000 12558 13678 88 13314 12160 12906 12246 0 0 
5100 12652 13711 92 13296 12196 12948 12259 0 0 
5200 12665 13644 101 13285 12187 12867 12326 0 0 
5300 12650 13670 89 13332 12142 12849 12247 0 0 
5400 12645 13628 95 13309 12224 12876 12341 0 0 
5500 12636 13586 101 13271 12108 12897 12235 0 0 
5600 12565 13618 90 13229 12125 12846 12232 0 0 
5700 12704 13693 109 13276 12257 12921 12376 0 0 
5800 12638 13661 118 13293 12236 12945 12265 0 0 
5900 12591 13639 130 13274 12209 12906 12303 0 0 
6000 12569 13668 84 13325 12182 12893 12241 0 0 
6100 12694 13609 94 13301 12218 12865 12281 0 0 
6200 12667 13683 93 13344 12267 12902 12353 0 0 
6300 12632 13598 103 13213 12242 12799 12316 0 0 
6400 12626 13677 95 13337 12223 12917 12275 0 0 
6500 12617 13557 103 13231 12230 12824 12210 0 0 
6600 12736 13647 127 13323 12219 12977 12255 0 0 
6700 12733 13562 235 13229 12231 12842 12253 0 0 
6800 12742 13718 366 13337 12368 12981 12407 0 0 
6900 12633 13670 493 13325 12299 12940 12320 0 0 
7000 12734 13696 627 13363 12295 12922 12352 0 0 
7100 12693 13669 730 13355 12287 12948 12362 0 0 
7200 12678 13724 980 13424 12293 13048 12379 0 0 
7300 12686 13703 1226 13385 12268 12916 12315 0 0 
7400 12703 13675 1441 13282 12229 12895 12318 0 0 
7500 12788 13751 1777 13369 12331 13040 12322 0 0 
7600 12807 13679 1996 13336 12384 12964 12393 0 0 
7700 12759 13738 2565 13402 12278 12959 12338 583 0 
7800 12706 13726 3732 13376 12226 12983 12287 2422 0 
7900 12747 13772 4676 13480 12275 13044 12311 4092 0 
8000 12735 13728 5622 13427 12232 12892 12325 5311 0 
8100 12838 13699 6712 13401 12333 12924 12387 6483 0 
8200 12793 13690 7425 13395 12334 12899 12373 7370 0 
8300 12828 13638 8377 13376 12316 12835 12396 8490 0 
8400 12920 13639 9189 13349 12371 12835 12480 9248 0 
8500 12846 13711 9634 13392 12335 12938 12398 9940 1 
8600 12854 13692 10220 13383 12282 12871 12325 10162 0 
8700 12832 13731 10608 13428 12245 12951 12360 10490 0 
8800 12824 13769 10741 13466 12264 12965 12333 10673 3 
8900 12918 13712 10788 13436 12280 12887 12371 10671 4 
9000 12919 13693 10712 13370 12322 12935 12438 10736 7 
9100 12991 13729 10755 13391 12397 12943 12480 10796 4 
9200 12887 13805 10918 13428 12331 13019 12472 10854 4 
9300 12879 13760 10987 13498 12347 12998 12457 10757 28 
9400 12904 13751 11159 13474 12427 12964 12518 10857 35 
9500 12891 13705 11116 13396 12343 12906 12433 10729 28 
9600 12874 13719 11080 13462 12295 12995 12429 10812 12 
9700 12925 13799 10921 13454 12377 13056 12482 10975 10 
9800 12946 13755 10952 13446 12418 12975 12507 10900 0 
9900 12821 13752 10812 13428 12344 12905 12388 10793 0 
10000 12905 13777 10795 13447 12359 13000 12442 10839 0 
