# Avida tasks data
# Sat Apr 22 03:48:52 2023
# First column gives the current update, next columns give the number
# of organisms that have the particular task as a component of their merit
#  1: Update
#  2: Not
#  3: Nand
#  4: And
#  5: OrNot
#  6: Or
#  7: AndNot
#  8: Nor
#  9: Xor
# 10: Equals

0 0 0 0 0 0 0 0 0 0 
100 0 0 0 0 0 0 0 0 0 
200 0 0 0 0 0 0 0 0 0 
300 0 0 0 0 0 0 0 0 0 
400 0 0 0 0 0 0 0 0 0 
500 0 0 0 0 0 0 0 0 0 
600 2 0 0 0 0 0 0 0 0 
700 1 0 0 0 0 0 0 0 0 
800 5 0 0 0 0 0 0 0 0 
900 18 0 0 0 0 0 0 0 0 
1000 54 4 0 76 0 10 0 0 0 
1100 821 50 3 1284 327 0 1 0 0 
1200 1406 307 0 2466 1120 0 0 0 0 
1300 2081 712 0 3496 1868 0 2 0 0 
1400 3086 812 412 4585 2746 0 0 0 0 
1500 4106 1197 1919 5029 3419 2 1 0 0 
1600 4560 1792 3058 5428 4151 246 1 0 0 
1700 4960 2731 3794 5769 4688 1117 2 0 0 
1800 5405 3698 4265 5890 5003 2349 3 0 0 
1900 6152 4865 5034 6452 5690 3515 2 0 0 
2000 6998 5925 5840 7128 6495 4604 75 0 0 
2100 7945 6871 6718 7868 7244 5571 296 0 0 
2200 8710 7729 7574 8433 7996 6106 630 0 0 
2300 9389 8447 8308 9138 8724 6691 1063 0 0 
2400 10021 8991 8876 9579 9177 6993 1395 0 0 
2500 10511 9574 9484 10162 9713 7331 1785 0 0 
2600 10855 9988 9863 10460 10038 7381 2185 0 0 
2700 11230 10479 10258 10767 10376 7465 2548 0 0 
2800 11567 10893 10629 11103 10693 7387 3103 0 0 
2900 11818 11231 10928 11347 10912 7386 3717 0 0 
3000 11908 11420 11119 11430 10955 7525 4114 0 0 
3100 12023 11496 11292 11484 11110 7711 4480 0 0 
3200 12211 11571 11442 11635 11182 7849 4824 0 0 
3300 12294 11663 11518 11763 11242 8001 5248 0 0 
3400 12393 11734 11645 11846 11298 8308 5564 0 0 
3500 12528 11711 11738 11916 11377 8584 5818 0 0 
3600 12579 11699 11797 11944 11421 8813 6111 0 0 
3700 12672 11684 11922 12037 11530 9033 6474 2 0 
3800 12587 11647 11824 12022 11517 9159 6757 0 0 
3900 12532 11546 11825 12069 11485 9326 6967 0 0 
4000 12675 11508 11951 12093 11546 9541 7237 0 0 
4100 12661 11330 11953 12102 11534 9776 7385 0 0 
4200 12754 11299 11946 12121 11549 9907 7660 0 3 
4300 12749 11182 11964 12217 11701 10146 7873 0 5 
4400 12745 11013 11871 12213 11620 10256 8025 0 0 
4500 12816 11016 12001 12307 11724 10528 8357 0 0 
4600 12836 11091 12059 12375 11808 10705 8721 0 0 
4700 12869 11088 12053 12365 11789 10812 8927 0 0 
4800 12902 11060 12094 12451 11829 10929 9078 0 1 
4900 12976 11108 12222 12484 11918 11094 9375 0 0 
5000 12992 11148 12146 12544 11927 11207 9472 0 0 
5100 12995 11203 12194 12518 11896 11355 9679 0 0 
5200 12996 11223 12133 12432 11840 11453 9992 0 0 
5300 12948 11218 12035 12503 11882 11676 10277 0 0 
5400 12956 11195 12126 12501 11835 11769 10416 0 0 
5500 13070 11308 12197 12502 11879 11861 10606 0 0 
5600 13039 11393 12207 12545 11821 11916 10769 0 0 
5700 13105 11436 12320 12574 11899 12132 11028 0 0 
5800 13139 11571 12313 12605 11857 12318 11263 0 0 
5900 13088 11688 12313 12566 11882 12470 11416 0 0 
6000 13040 11773 12386 12638 11953 12474 11554 0 0 
6100 13098 11849 12343 12615 11911 12446 11669 0 0 
6200 13203 12041 12387 12692 11998 12624 11892 0 0 
6300 13229 12257 12323 12561 11846 12750 12000 0 0 
6400 13217 12377 12388 12642 11908 12810 11988 0 2 
6500 13126 12436 12220 12645 11908 12835 11999 0 0 
6600 13236 12549 12286 12632 11916 12903 12174 0 15 
6700 13194 12743 12274 12665 12018 12938 12187 0 33 
6800 13193 12827 12347 12766 12046 12960 12237 0 72 
6900 13154 12846 12345 12732 12020 13051 12219 0 119 
7000 13234 12939 12361 12732 11980 13082 12244 0 169 
7100 13199 12909 12286 12729 11939 12999 12110 0 236 
7200 13242 12953 12365 12745 12077 13046 12139 0 265 
7300 13242 12924 12289 12738 12033 13061 12031 0 362 
7400 13241 12820 12275 12708 11970 13085 11976 0 421 
7500 13278 12753 12318 12708 11963 13064 11848 0 504 
7600 13297 12747 12353 12779 12045 13030 11721 0 583 
7700 13276 12653 12350 12757 12048 13100 11648 0 688 
7800 13300 12563 12370 12704 12027 13011 11656 0 708 
7900 13228 12481 12241 12534 11903 13014 11550 0 790 
8000 13243 12405 12272 12679 12017 13111 11549 0 910 
8100 13275 12300 12338 12802 12156 12989 11421 0 991 
8200 13238 12220 12263 12730 12032 13034 11164 0 1171 
8300 13264 12202 12309 12772 12101 13017 11005 0 1350 
8400 13276 12094 12363 12772 12103 12991 10842 0 1508 
8500 13236 11984 12368 12690 12110 13151 10692 0 1748 
8600 13287 11847 12260 12680 12066 13035 10348 0 2046 
8700 13213 11883 12357 12783 12135 13128 10103 0 2306 
8800 13240 11770 12338 12766 12160 13094 9917 0 2537 
8900 13300 11725 12374 12754 12170 13049 9614 0 2814 
9000 13376 11807 12395 12751 12145 13117 9374 0 2965 
9100 13276 11773 12300 12741 12125 13005 9099 0 3178 
9200 13325 12052 12387 12813 12163 13139 8856 0 3508 
9300 13272 12025 12383 12894 12259 13071 8516 0 3815 
9400 13249 12113 12308 12848 12177 13098 8283 0 4070 
9500 13236 12070 12299 12854 12266 13035 7764 0 4429 
9600 13187 12234 12337 12823 12245 13049 7527 0 4779 
9700 13276 12196 12375 12879 12325 13117 7074 0 5188 
9800 13271 12275 12390 12892 12362 13140 6671 1 5592 
9900 13342 12261 12512 12908 12341 13180 6254 0 6032 
10000 13293 12342 12379 12912 12308 13132 5843 0 6415 
