# Avida tasks data
# Sat Apr 22 14:04:01 2023
# First column gives the current update, next columns give the number
# of organisms that have the particular task as a component of their merit
#  1: Update
#  2: Not
#  3: Nand
#  4: And
#  5: OrNot
#  6: Or
#  7: AndNot
#  8: Nor
#  9: Xor
# 10: Equals

0 0 0 0 0 0 0 0 0 0 
100 0 0 0 0 0 0 0 0 0 
200 0 0 0 0 0 0 0 0 0 
300 0 0 0 0 0 0 0 0 0 
400 0 0 0 0 0 0 0 0 0 
500 0 0 0 0 0 0 0 0 0 
600 0 0 0 0 0 0 0 0 0 
700 0 0 0 0 0 0 0 0 0 
800 5 3 0 0 0 0 0 0 0 
900 2335 2539 0 2502 0 0 0 0 0 
1000 4770 5032 0 5013 9 0 0 0 0 
1100 7069 7367 0 7391 36 0 0 0 0 
1200 8608 9003 1 9020 22 0 0 0 0 
1300 10115 10445 0 10482 26 2 0 0 0 
1400 11145 11597 1 11554 25 1 0 0 0 
1500 11994 12431 0 12440 27 0 0 0 0 
1600 12412 12995 0 12944 23 0 0 0 0 
1700 12672 13147 4 13174 27 4 0 0 0 
1800 12793 13289 9 13328 25 4 0 0 0 
1900 12787 13281 20 13309 59 2 0 0 0 
2000 12784 13278 14 13268 93 2 0 0 0 
2100 12881 13333 9 13280 138 7 0 0 0 
2200 12845 13345 2 13345 260 11 0 0 0 
2300 12836 13344 601 13369 428 27 0 0 0 
2400 12942 13366 1958 13288 517 57 0 0 0 
2500 13077 13403 3446 13369 444 43 0 0 0 
2600 12945 13376 4831 13327 324 45 0 0 0 
2700 12979 13364 6085 13308 181 65 0 0 0 
2800 13069 13381 7319 13309 174 107 0 0 0 
2900 13148 13415 8540 13346 144 373 0 0 0 
3000 13151 13341 9421 13296 133 735 0 0 0 
3100 13204 13403 10170 13329 139 1252 0 0 0 
3200 13228 13297 10885 13211 100 1902 0 0 0 
3300 13349 13374 11409 13280 74 2754 0 0 0 
3400 13328 13383 11911 13262 103 3510 0 0 0 
3500 13348 13328 12319 13264 101 4557 0 0 0 
3600 13356 13296 12590 13163 228 5422 0 0 0 
3700 13381 13319 12628 13251 343 6053 0 0 0 
3800 13416 13366 12825 13203 512 6639 0 0 0 
3900 13396 13330 12747 13212 769 7405 2 0 0 
4000 13541 13389 12727 13232 1064 8139 0 0 0 
4100 13427 13353 12796 13208 1407 8938 1 0 0 
4200 13409 13291 12812 13108 1777 9524 0 0 0 
4300 13350 13199 12842 13137 2096 10138 3 0 0 
4400 13372 13245 12741 13186 2357 10569 0 0 0 
4500 13464 13304 12784 13201 2742 10949 0 0 0 
4600 13430 13242 12779 13157 3110 11270 3 0 0 
4700 13340 13230 12769 13129 3596 11762 5 0 0 
4800 13425 13255 12685 13180 4012 11957 6 0 0 
4900 13363 13160 12684 13093 4448 12187 3 2 0 
5000 13507 13296 12815 13242 4985 12348 8 0 0 
5100 13392 13179 12816 13162 5507 12460 5 0 0 
5200 13419 13300 12805 13090 5947 12503 9 0 0 
5300 13457 13213 12887 13140 6696 12541 7 0 0 
5400 13375 13257 12790 13160 7378 12446 7 0 0 
5500 13361 13193 12825 13083 7969 12490 9 0 0 
5600 13424 13167 12733 13033 8632 12507 9 0 0 
5700 13425 13249 12884 13084 9048 12579 9 0 0 
5800 13354 13178 12797 12992 9490 12488 17 0 0 
5900 13395 13167 12868 13030 10012 12499 17 0 0 
6000 13320 13101 12829 12997 10369 12546 25 0 0 
6100 13319 13070 12762 12968 10705 12436 57 0 0 
6200 13363 13170 12789 13012 11157 12297 135 0 0 
6300 13393 13140 12810 12954 11243 12164 253 0 0 
6400 13299 13072 12929 12910 11148 11902 456 0 0 
6500 13366 13130 12902 12929 11300 11782 681 0 0 
6600 13360 13042 12832 12861 11428 11447 1016 0 0 
6700 13379 13125 12877 12984 11516 11000 1316 0 0 
6800 13362 13098 12888 12973 11580 10668 1661 0 0 
6900 13394 13077 12876 12959 11753 10231 2010 0 0 
7000 13326 13027 12854 12940 11651 9724 2596 0 0 
7100 13305 13026 12843 12850 11538 9119 3047 0 0 
7200 13347 12944 12825 12863 11574 8454 3734 0 0 
7300 13436 12957 13061 12904 11706 7779 4358 0 0 
7400 13335 12972 12925 12915 11787 7056 4940 0 0 
7500 13332 12976 13018 12890 11734 6386 5481 0 0 
7600 13355 12922 13047 12954 11656 5832 5954 0 0 
7700 13398 12859 12977 12883 11833 4923 6914 0 0 
7800 13404 12913 12997 12917 11756 4105 7599 0 0 
7900 13447 12907 13095 12898 11847 3242 8330 0 0 
8000 13464 12895 13064 12911 11939 2718 8990 0 0 
8100 13433 12792 13050 12843 11916 2024 9348 0 0 
8200 13518 12777 13067 12789 11881 1658 9791 0 0 
8300 13481 12812 13043 12887 11988 1406 10011 0 0 
8400 13493 12869 13097 12962 11946 1230 10266 0 0 
8500 13493 12871 13086 13000 11961 993 10377 0 0 
8600 13504 12848 13153 12868 11933 816 10581 0 0 
8700 13486 12847 13078 12915 11903 789 10587 0 0 
8800 13554 12925 13077 13024 11971 846 10802 0 0 
8900 13505 12722 13132 12846 11871 896 10755 0 0 
9000 13499 12778 13157 12842 11914 1037 10812 0 0 
9100 13538 12914 13066 12968 11992 1335 10855 1 0 
9200 13552 12860 13149 12949 11923 1536 10822 0 0 
9300 13543 12816 13122 12889 11878 1672 10749 0 0 
9400 13517 12854 13035 12920 11893 1989 10805 0 0 
9500 13597 12804 13084 12914 11873 2456 10713 0 0 
9600 13567 12776 13049 12892 11918 2820 10868 0 0 
9700 13599 12804 13117 12935 11887 3324 10913 0 0 
9800 13650 12901 13081 12938 11900 3772 10949 0 0 
9900 13591 12859 13052 12923 11782 4290 10773 0 0 
10000 13682 12853 13082 12997 11963 4834 11120 0 0 
