# Avida tasks data
# Sat Apr 22 14:54:44 2023
# First column gives the current update, next columns give the number
# of organisms that have the particular task as a component of their merit
#  1: Update
#  2: Not
#  3: Nand
#  4: And
#  5: OrNot
#  6: Or
#  7: AndNot
#  8: Nor
#  9: Xor
# 10: Equals

0 0 0 0 0 0 0 0 0 0 
100 0 0 0 0 0 0 0 0 0 
200 0 0 0 0 0 0 0 0 0 
300 0 0 0 0 0 0 0 0 0 
400 0 0 0 0 0 0 0 0 0 
500 0 0 0 0 0 0 0 0 0 
600 1416 2051 0 910 17 0 0 0 0 
700 1944 2645 0 1502 12 0 0 0 0 
800 1944 2645 0 1502 12 0 0 0 0 
900 1943 2644 0 1501 12 0 0 0 0 
1000 1943 2645 0 1501 12 0 0 0 0 
1100 1943 2645 0 1501 12 0 0 0 0 
1200 1942 2644 0 1500 12 0 0 0 0 
1300 1943 2645 0 1500 12 0 0 0 0 
1400 3236 3883 0 2758 7 0 0 0 0 
1500 4010 4729 0 3551 22 0 0 0 0 
1600 4010 4729 0 3551 22 0 0 0 0 
1700 4010 4729 0 3551 22 0 0 0 0 
1800 4010 4729 0 3551 22 0 0 0 0 
1900 4023 4730 0 3565 29 0 0 0 0 
