# Avida tasks data
# Sat Apr 22 04:36:32 2023
# First column gives the current update, next columns give the number
# of organisms that have the particular task as a component of their merit
#  1: Update
#  2: Not
#  3: Nand
#  4: And
#  5: OrNot
#  6: Or
#  7: AndNot
#  8: Nor
#  9: Xor
# 10: Equals

0 0 0 0 0 0 0 0 0 0 
100 0 0 0 0 0 0 0 0 0 
200 0 0 0 0 0 0 0 0 0 
300 0 73 0 0 0 0 0 0 0 
400 22 578 0 12 0 0 0 0 0 
500 203 1442 0 16 0 45 0 0 0 
600 869 2457 0 58 0 157 0 0 0 
700 2100 3346 1 444 239 183 0 0 0 
800 3322 3897 1 1298 1037 124 0 0 0 
900 4424 4522 0 1621 1849 89 0 0 0 
1000 5303 5092 0 1892 2754 65 0 0 0 
1100 6368 5607 1 2135 3880 24 0 0 0 
1200 7377 6156 2 2348 5122 12 0 0 0 
1300 8165 6703 2 2499 6175 34 0 0 0 
1400 8953 7574 0 2534 7233 47 3 0 0 
1500 9815 8248 2 2552 8331 130 0 0 0 
1600 10461 8990 1 2854 9345 148 7 0 0 
1700 10717 9614 2 3054 10070 251 18 0 0 
1800 10874 10024 0 3141 10398 656 60 0 0 
1900 11122 10229 3 3688 10574 2044 42 0 0 
2000 11201 10656 3 4753 10771 3828 61 0 0 
2100 11299 11364 0 5902 10814 5203 67 0 0 
2200 11221 11880 0 6844 10727 6330 86 0 0 
2300 11416 12380 0 7599 10747 7353 122 0 0 
2400 11467 12791 0 8310 10737 8291 122 0 0 
2500 11490 13115 0 8958 10740 9013 134 0 0 
2600 11440 13217 0 9640 10825 9425 176 0 0 
2700 11431 13292 0 10015 10718 9627 201 0 0 
2800 11550 13341 0 10606 10851 9950 179 0 0 
2900 11585 13373 1 10296 10850 10125 773 0 0 
3000 11933 13396 6 8595 11078 10512 2725 0 0 
3100 12032 13451 4 7045 11060 10603 4595 0 0 
3200 12125 13436 4 5793 11242 10734 6052 0 0 
3300 12163 13534 8 4826 11103 10714 7005 0 0 
3400 12278 13503 20 3944 11192 10746 7979 0 0 
3500 12310 13515 10 3301 11312 10943 8942 0 0 
3600 12371 13491 29 2792 11292 10938 9652 0 0 
3700 12419 13536 13 2428 11226 10906 10372 0 0 
3800 12599 13551 27 2276 11271 10970 10934 0 0 
3900 12627 13500 13 2190 11300 10936 11353 0 0 
4000 12675 13530 18 2355 11320 10995 11513 0 0 
4100 12643 13523 14 2520 11217 10898 11521 0 0 
4200 12645 13563 17 2857 11227 10921 11559 0 0 
4300 12689 13585 12 3327 11319 10968 11570 0 0 
4400 12658 13520 19 3935 11245 10904 11589 0 0 
4500 12755 13537 25 4708 11252 10861 11492 0 0 
4600 12627 13499 20 5495 11017 10687 11448 0 0 
4700 12730 13546 21 6125 11200 10814 11545 0 0 
4800 12617 13487 20 7060 11051 10690 11447 0 0 
4900 12756 13465 23 7920 11075 10743 11421 0 0 
5000 12743 13587 13 8804 11093 10742 11367 0 0 
5100 12820 13460 31 9683 11001 10701 11425 0 0 
5200 12777 13552 25 10594 10908 10529 11284 0 0 
5300 12861 13504 20 11233 10959 10623 11400 0 0 
5400 12778 13434 27 11774 10903 10576 11353 0 0 
5500 12822 13472 29 12203 10877 10567 11360 2 0 
5600 12861 13443 19 12374 10926 10505 11350 0 0 
5700 12950 13435 27 12679 10915 10550 11370 0 1 
5800 12884 13490 12 12835 10874 10527 11292 0 0 
5900 12896 13553 23 12821 10891 10593 11271 0 0 
6000 12960 13534 18 13004 11015 10665 11413 0 0 
6100 12955 13549 33 13018 10936 10475 11385 0 0 
6200 12981 13545 18 12967 10907 10565 11422 0 0 
6300 12978 13488 17 12962 10878 10528 11330 0 0 
6400 12933 13502 28 13070 10949 10512 11392 0 0 
6500 12946 13547 14 13079 10931 10605 11358 0 0 
6600 12995 13575 19 13032 11007 10663 11414 0 0 
6700 12910 13552 26 12879 10900 10473 11384 1 0 
6800 12935 13489 23 12940 10816 10449 11297 0 0 
6900 12969 13569 25 12817 10937 10654 11471 0 0 
7000 13063 13518 29 12889 11021 10670 11485 0 0 
7100 13036 13534 34 12947 10972 10656 11422 0 0 
7200 13017 13461 23 12843 10899 10540 11415 0 0 
7300 13029 13542 17 12950 10917 10550 11382 0 0 
7400 12959 13488 22 12874 10796 10428 11308 0 2 
7500 13062 13520 50 12964 10939 10523 11476 0 169 
7600 12982 13630 85 13017 11039 10074 11492 0 678 
7700 12905 13549 214 13048 10897 9208 11355 0 1390 
7800 12986 13566 324 13023 11030 8412 11653 0 2378 
7900 12941 13565 361 12979 11016 8509 11635 0 3404 
8000 12841 13549 323 12969 10875 8838 11655 0 4559 
8100 12819 13565 154 12947 10864 9216 11635 0 5685 
8200 12712 13597 154 12950 10797 9433 11718 0 6584 
8300 12671 13546 160 12857 10755 9585 11747 0 7605 
8400 12617 13580 372 12940 10812 9767 11796 0 8416 
8500 12737 13617 593 12967 10906 10149 11963 0 9019 
8600 12696 13593 919 13156 10793 10177 11856 0 9308 
8700 12727 13555 1351 13132 10770 10179 11909 0 9690 
8800 12780 13643 1919 13119 10812 10278 11913 0 9964 
8900 12700 13699 2367 13114 10877 10392 11985 1 10273 
9000 12719 13636 2965 13151 10830 10388 11938 0 10330 
9100 12736 13688 3678 13214 10950 10498 12053 0 10528 
9200 12782 13634 4215 13146 10884 10414 12077 1 10543 
9300 12868 13673 4829 13219 10963 10434 12073 0 10545 
9400 12933 13712 5586 13249 10859 10383 12066 4 10495 
9500 12846 13768 6396 13283 10929 10476 11977 4 10526 
9600 12852 13718 7121 13365 10841 10437 11966 5 10509 
9700 12966 13754 7695 13367 10914 10513 12053 0 10565 
9800 12944 13776 8307 13411 10955 10569 12050 2 10573 
9900 12922 13737 8888 13339 10885 10492 12023 0 10550 
10000 13069 13787 9469 13326 10936 10553 12022 1 10595 
