# Avida tasks data
# Sat Apr 22 12:29:56 2023
# First column gives the current update, next columns give the number
# of organisms that have the particular task as a component of their merit
#  1: Update
#  2: Not
#  3: Nand
#  4: And
#  5: OrNot
#  6: Or
#  7: AndNot
#  8: Nor
#  9: Xor
# 10: Equals

0 0 0 0 0 0 0 0 0 0 
100 0 0 0 0 0 0 0 0 0 
200 0 0 0 0 0 0 0 0 0 
300 0 0 0 0 0 0 0 0 0 
400 0 0 0 0 0 0 0 0 0 
500 788 118 0 14 0 0 0 0 0 
600 1673 1394 0 41 31 4 0 0 0 
700 2947 2917 0 123 19 14 0 0 0 
800 4040 4205 0 213 3 24 5 0 0 
900 4514 4734 0 276 3 43 4 0 0 
1000 4658 5000 2 325 6 240 3 0 0 
1100 4645 5026 5 295 5 342 6 0 0 
1200 4950 5083 2 383 4 120 3 0 0 
1300 7059 7101 3 496 5 84 2 0 0 
1400 8564 8619 5 594 7 106 4 0 0 
1500 9234 9307 6 646 4 154 4 0 0 
1600 10205 10267 9 703 9 155 6 0 0 
1700 10206 10268 9 704 9 155 6 0 0 
1800 10205 10267 9 703 9 155 6 0 0 
1900 10205 10267 9 703 9 155 6 0 0 
2000 10205 10267 9 705 9 157 6 0 0 
2100 10206 10268 9 706 9 157 6 0 0 
2200 10205 10267 9 705 9 157 6 0 0 
2300 10205 10267 9 705 9 157 6 0 0 
2400 11226 11332 13 794 10 214 2 0 0 
2500 11232 11343 10 795 9 213 2 0 0 
2600 11703 11832 3 878 10 235 2 0 0 
2700 11702 11831 3 879 10 235 2 0 0 
2800 11701 11830 3 878 10 235 2 0 0 
2900 11701 11830 3 878 10 235 2 0 0 
