# Avida tasks data
# Sat Apr 22 09:20:03 2023
# First column gives the current update, next columns give the number
# of organisms that have the particular task as a component of their merit
#  1: Update
#  2: Not
#  3: Nand
#  4: And
#  5: OrNot
#  6: Or
#  7: AndNot
#  8: Nor
#  9: Xor
# 10: Equals

0 0 0 0 0 0 0 0 0 0 
100 0 0 0 0 0 0 0 0 0 
200 0 0 0 0 0 0 0 0 0 
300 0 0 0 0 0 0 0 0 0 
400 9 0 0 0 0 0 0 0 0 
500 926 0 0 0 0 0 0 0 0 
600 2217 120 0 0 0 0 0 0 0 
700 4034 1368 0 24 0 2 0 0 0 
800 6326 3707 0 72 0 6 0 0 0 
900 8090 5828 0 558 5 52 0 0 0 
1000 9076 7197 0 1630 16 63 11 0 0 
1100 9929 8314 0 3208 8 70 21 0 0 
1200 10463 9022 0 4553 422 78 10 0 0 
1300 10928 9685 0 5809 1990 87 23 0 0 
1400 11467 10174 2 7047 4069 87 17 0 0 
1500 11858 10522 1 7970 5605 85 22 0 0 
1600 12190 10920 1 8856 7177 68 14 0 0 
1700 12369 11182 1 9652 8260 41 19 0 0 
1800 12532 11508 0 10503 9383 20 101 0 0 
1900 12677 11779 4 10995 10017 789 30 0 0 
2000 12727 11941 4 11037 10184 2188 26 0 0 
2100 12724 12098 5 11045 10276 3362 33 0 25 
2200 12792 12184 4 11102 10432 4423 70 0 38 
2300 12760 12268 51 10265 10315 5179 69 0 799 
2400 12792 12390 116 9233 10438 5923 106 0 1948 
2500 12782 12487 159 7987 10415 6409 109 0 3130 
2600 12769 12559 222 6908 10368 6795 141 0 4167 
2700 12865 12545 305 7179 10426 7206 156 0 5023 
2800 12859 12614 332 7733 10462 7482 152 0 5583 
2900 12958 12634 376 8419 10632 7946 170 0 6249 
3000 12973 12772 368 8923 10832 8277 148 1 6929 
3100 12995 12782 429 9382 10921 8597 184 2 7482 
3200 13059 12952 442 9837 11151 9062 196 0 8256 
3300 13092 13079 469 10308 11066 9199 170 2 8710 
3400 13144 13095 463 10751 11148 9451 182 0 9250 
3500 13115 13181 454 11191 11140 9666 220 0 9501 
3600 13186 13190 502 11481 11205 9854 192 0 9812 
3700 13252 13250 475 11741 11186 9915 223 0 9991 
3800 13214 13161 497 11743 11111 9918 208 0 9979 
3900 13263 13121 486 11925 11014 9855 207 1 10021 
4000 13257 13254 541 11951 11088 9941 206 1 10198 
4100 13261 13307 497 12080 11055 9985 225 1 10221 
4200 13360 13265 463 12313 11176 10120 219 0 10319 
4300 13251 13221 454 12170 11162 10097 212 4 10286 
4400 13292 13201 471 12258 11180 10050 257 1 10255 
4500 13239 13223 521 12157 11149 10008 249 0 10157 
4600 13295 13237 510 12163 11205 10150 235 0 10352 
4700 13281 13264 476 12252 11131 10109 198 1 10318 
4800 13316 13311 484 12234 11184 10150 237 0 10433 
4900 13294 13248 466 12193 11219 10156 212 1 10330 
5000 13346 13338 490 12202 11285 10262 239 0 10486 
5100 13363 13271 470 12160 11160 10126 217 0 10370 
5200 13414 13276 481 12350 11345 10318 243 0 10567 
5300 13370 13292 461 12288 11361 10263 252 1 10505 
5400 13454 13322 447 12396 11421 10329 216 2 10602 
5500 13428 13328 481 12366 11410 10370 225 0 10600 
5600 13432 13311 443 12383 11349 10332 234 1 10437 
5700 13356 13277 444 12254 11176 10201 327 0 10311 
5800 13463 13371 444 12272 11300 10274 425 1 10489 
5900 13437 13357 425 12428 11343 10313 527 2 10508 
6000 13456 13329 466 12383 11390 10351 689 1 10619 
6100 13485 13340 451 12399 11434 10419 911 2 10610 
6200 13436 13348 468 12337 11346 10325 1200 2 10502 
6300 13463 13352 425 12383 11405 10386 1548 0 10601 
6400 13507 13347 435 12345 11442 10477 1987 2 10605 
6500 13532 13290 427 12415 11375 10419 2279 0 10555 
6600 13616 13410 434 12442 11462 10450 2716 0 10631 
6700 13649 13358 419 12472 11477 10588 3036 1 10651 
6800 13624 13348 435 12436 11368 10395 3455 0 10501 
6900 13605 13287 430 12454 11363 10361 4152 2 10545 
7000 13640 13340 393 12483 11398 10402 4725 2 10555 
7100 13673 13422 450 12546 11489 10530 5274 0 10657 
7200 13635 13319 454 12454 11360 10421 5795 0 10602 
7300 13755 13424 399 12631 11602 10709 6633 1 10800 
7400 13760 13297 444 12557 11486 10559 7253 0 10650 
7500 13668 13305 433 12482 11381 10463 7745 2 10543 
7600 13679 13175 413 12369 11316 10363 8115 3 10443 
7700 13714 13310 454 12411 11272 10327 8519 0 10517 
7800 13791 13276 454 12509 11347 10415 9040 0 10509 
7900 13731 13303 460 12470 11379 10492 9165 0 10560 
8000 13800 13261 432 12485 11286 10346 9372 0 10530 
8100 13711 13324 429 12405 11328 10383 9620 0 10493 
8200 13784 13320 359 12566 11373 10513 9919 1 10551 
8300 13687 13330 372 12457 11356 10462 10008 2 10540 
8400 13742 13336 382 12616 11446 10502 10251 3 10609 
8500 13691 13293 422 12437 11326 10494 10322 0 10538 
8600 13667 13334 393 12533 11289 10431 10385 4 10520 
8700 13717 13305 411 12550 11332 10474 10410 4 10542 
8800 13753 13344 378 12561 11441 10563 10509 2 10632 
8900 13704 13324 346 12538 11403 10487 10422 1 10598 
9000 13680 13360 409 12477 11268 10352 10330 4 10429 
9100 13738 13296 419 12497 11296 10430 10409 2 10446 
9200 13818 13322 393 12566 11486 10656 10534 0 10700 
9300 13713 13293 410 12487 11356 10504 10352 0 10509 
9400 13753 13308 399 12576 11382 10475 10457 3 10576 
9500 13766 13343 361 12531 11428 10469 10417 0 10597 
9600 13802 13338 416 12506 11365 10452 10422 2 10468 
9700 13726 13394 398 12553 11424 10522 10521 1 10658 
9800 13781 13296 397 12533 11465 10556 10322 2 10615 
9900 13821 13270 439 12483 11360 10480 10249 0 10573 
10000 13709 13304 419 12505 11384 10531 10353 1 10546 
