# Avida tasks data
# Sat Apr 22 07:07:16 2023
# First column gives the current update, next columns give the number
# of organisms that have the particular task as a component of their merit
#  1: Update
#  2: Not
#  3: Nand
#  4: And
#  5: OrNot
#  6: Or
#  7: AndNot
#  8: Nor
#  9: Xor
# 10: Equals

0 0 0 0 0 0 0 0 0 0 
100 0 0 0 0 0 0 0 0 0 
200 0 0 0 0 0 0 0 0 0 
300 0 0 0 0 0 0 0 0 0 
400 0 0 0 0 0 0 0 0 0 
500 0 0 0 0 0 0 0 0 0 
600 137 1 0 0 0 0 0 0 0 
700 1334 35 0 644 4 0 0 0 0 
800 2709 732 0 2153 19 0 0 0 0 
900 4392 2715 0 3878 30 0 0 0 0 
1000 5956 4533 2 5406 31 0 0 0 0 
1100 7061 5839 7 6572 53 0 0 0 0 
1200 7876 6878 8 7490 61 0 0 0 0 
1300 8706 7977 14 8321 52 0 0 0 0 
1400 9408 8757 73 8978 69 2 0 0 0 
1500 9757 9277 119 9427 80 2 0 0 0 
1600 10209 9835 163 9853 76 2 0 0 0 
1700 10545 10253 188 10237 62 2 0 0 0 
1800 10621 10730 371 10666 48 2 0 0 0 
1900 10347 11045 820 10889 46 1 0 0 0 
2000 10125 11335 1403 11235 60 9 0 0 0 
2100 9701 11620 2028 11480 62 15 0 0 0 
2200 9585 11824 2778 11644 43 98 0 0 0 
2300 10443 11750 3252 11535 46 106 0 0 0 
2400 11300 11845 3798 11510 256 105 0 0 0 
2500 11841 11931 4816 11598 729 263 0 0 0 
2600 12141 11978 5890 11606 1224 471 0 0 0 
2700 12351 11925 6806 11598 1738 764 3 0 0 
2800 12470 12001 7653 11709 2187 1050 3 0 0 
2900 12541 11958 8284 11637 2441 1284 2 0 0 
3000 12787 12167 8996 11757 2903 1670 2 0 0 
3100 12937 12270 9576 11825 3339 1985 2 0 0 
3200 13020 12354 10180 11832 3659 2358 4 0 0 
3300 13082 12442 10564 11908 3903 2787 3 0 0 
3400 13080 12337 10768 11795 4185 3129 4 0 0 
3500 13117 12348 11063 11825 4518 3539 1 0 0 
3600 13229 12360 11285 11762 4746 3810 10 0 0 
3700 13218 12259 11413 11756 4964 4001 21 0 0 
3800 13138 12236 11537 11648 5178 4002 29 0 0 
3900 13215 12252 11611 11633 5433 4185 23 0 0 
4000 13165 12079 11593 11517 5585 4259 57 0 0 
4100 13176 12177 11705 11568 5856 4300 118 0 0 
4200 13075 12312 11831 11515 6016 4339 211 0 0 
4300 12935 12254 11741 11630 6415 4270 321 0 0 
4400 12867 12298 11719 11586 6682 4227 439 0 0 
4500 12738 12310 11840 11632 7004 4208 584 0 0 
4600 12551 12164 11637 11463 7259 4105 746 0 2 
4700 12370 12318 11739 11606 7442 4092 962 0 0 
4800 12350 12312 11790 11500 7360 4220 1177 0 0 
4900 12600 12335 11809 11577 7591 4014 1529 0 0 
5000 12880 12243 11747 11553 8179 3872 2216 0 0 
5100 12997 12411 11959 11726 8890 3618 3165 0 0 
5200 12992 12487 11933 11877 9479 3366 4028 0 0 
5300 13004 12617 12076 12041 9993 3087 4914 0 28 
5400 13047 12712 11946 12192 10366 2811 5801 0 201 
5500 13025 12836 11680 12334 10597 2713 6621 0 498 
5600 13099 12789 11285 12478 11007 2430 7550 0 783 
5700 13073 12935 11050 12624 11157 2505 8277 0 1099 
5800 13039 13064 10814 12711 11280 2521 8920 0 1365 
5900 12993 13101 10473 12783 11400 2561 9405 0 1725 
6000 12980 13094 10246 12846 11446 2481 9660 1 1932 
6100 13011 13120 10081 12943 11539 2607 9913 0 2054 
6200 13027 13162 9981 12987 11644 2554 10212 2 2733 
6300 13044 13187 10045 12957 11580 2552 10221 1 2807 
6400 13045 13189 10041 12953 11587 2553 10227 1 2810 
6500 13133 13202 9541 13047 11665 2500 10375 1 3451 
6600 13095 13211 8407 13023 11726 2284 10436 1 4394 
6700 13177 13255 7508 13040 11672 2129 10482 0 5076 
6800 13185 13207 6598 13083 11655 1825 10515 5 5894 
6900 13151 13233 6472 13104 11571 1815 10399 2 5914 
7000 13241 13335 5419 13211 11802 1495 10697 0 6944 
7100 13254 13311 5096 13180 11782 1604 10651 0 6930 
7200 13242 13331 5040 13175 11766 1607 10638 0 6959 
7300 13226 13287 5037 13164 11754 1620 10610 0 6946 
7400 13237 13302 5038 13177 11745 1575 10632 0 6934 
7500 13251 13324 5073 13186 11767 1552 10634 0 6952 
7600 13192 13279 5054 13139 11707 1549 10556 0 6912 
7700 13236 13295 5021 13177 11769 1539 10626 0 6959 
7800 13218 13277 4999 13163 11765 1548 10658 0 7010 
7900 13211 13250 4992 13157 11773 1537 10673 0 6994 
8000 13231 13302 5008 13164 11825 1521 10675 0 7020 
8100 13216 13291 4998 13180 11784 1532 10679 0 7026 
8200 13231 13289 4982 13166 11824 1519 10728 0 7042 
8300 13264 13280 5000 13150 11824 1508 10722 0 7043 
8400 13221 13271 4985 13147 11809 1508 10715 0 7023 
8500 13208 13270 4981 13143 11784 1505 10679 0 7000 
8600 13239 13281 4969 13171 11812 1501 10714 0 7039 
8700 13251 13287 4926 13166 11783 1504 10687 0 7016 
8800 13241 13269 4878 13159 11795 1511 10678 1 7028 
8900 13225 13278 4875 13169 11787 1514 10676 1 7031 
9000 13239 13263 4867 13157 11782 1510 10672 1 7031 
9100 13236 13248 4760 13143 11774 1514 10677 1 7046 
9200 13238 13247 4730 13127 11763 1508 10650 1 7023 
9300 13241 13252 4731 13130 11773 1505 10658 1 7027 
9400 13234 13246 4723 13117 11768 1512 10642 1 7026 
9500 13223 13074 4660 13118 11754 1518 10635 1 7026 
9600 13221 13056 4639 13129 11758 1518 10645 1 7048 
9700 13233 13039 4559 13157 11766 1494 10646 1 7118 
9800 13216 13064 4558 13133 11753 1492 10644 1 7106 
9900 13224 13064 4555 13139 11758 1506 10634 1 7096 
10000 13204 13056 4552 13132 11740 1496 10623 1 7091 
