# Avida tasks data
# Sat Apr 22 06:04:52 2023
# First column gives the current update, next columns give the number
# of organisms that have the particular task as a component of their merit
#  1: Update
#  2: Not
#  3: Nand
#  4: And
#  5: OrNot
#  6: Or
#  7: AndNot
#  8: Nor
#  9: Xor
# 10: Equals

0 0 0 0 0 0 0 0 0 0 
100 0 0 0 0 0 0 0 0 0 
200 0 0 0 0 0 0 0 0 0 
300 0 0 0 0 0 0 0 0 0 
400 0 0 0 0 0 0 0 0 0 
500 0 0 0 0 0 0 0 0 0 
600 45 10 0 0 0 0 0 0 0 
700 199 111 0 7 0 0 0 0 0 
800 1116 826 0 530 2 0 0 0 0 
900 2659 2453 0 2643 3 0 0 0 0 
1000 4723 4666 0 4885 22 0 0 0 0 
1100 6457 6571 0 6799 19 3 0 0 0 
1200 8414 8629 0 8878 37 0 0 0 0 
1300 9660 9987 1 10175 49 0 0 0 0 
1400 10649 11022 0 11183 68 0 0 0 0 
1500 11566 11961 0 12085 49 0 0 0 0 
1600 12077 12630 0 12677 71 2 0 0 0 
1700 12448 12721 0 12914 119 5 114 0 0 
1800 12549 12523 14 12949 127 5 590 0 0 
1900 12566 12865 222 12912 161 20 2011 0 0 
2000 12575 13096 269 12802 182 22 3528 0 0 
2100 12625 13205 197 12817 190 18 5225 0 0 
2200 12684 13279 110 12661 163 24 6648 0 0 
2300 12877 13382 81 12695 120 23 7900 0 0 
2400 12878 13456 66 12544 49 25 8865 0 0 
2500 13016 13443 18 12589 19 32 9824 0 0 
2600 13121 13483 1 12589 12 40 10653 0 0 
2700 13130 13517 5 12486 20 43 10912 1 0 
2800 13157 13626 35 12656 8 148 11428 0 0 
2900 13165 13557 81 12526 13 253 11519 0 0 
3000 13254 13522 1198 12549 4 245 11622 0 0 
3100 13216 13496 2926 12458 9 334 11754 0 0 
3200 13160 13427 4448 12434 10 444 11658 0 0 
3300 13249 13433 5871 12466 9 498 11739 0 0 
3400 13267 13463 7303 12382 11 493 11625 0 0 
3500 13325 13523 8622 12427 6 520 11680 0 0 
3600 13328 13532 9791 12368 7 450 11616 0 0 
3700 13289 13572 10655 12261 12 422 11482 0 0 
3800 13293 13536 11327 12346 8 427 11605 0 0 
3900 13281 13578 11916 12451 17 491 11672 0 0 
4000 13371 13515 12261 12355 18 492 11601 0 0 
4100 13342 13583 12553 12466 3 680 11711 0 0 
4200 13276 13623 12803 12333 10 801 11608 0 0 
4300 13306 13595 12997 12446 6 1029 11689 0 0 
4400 13332 13610 13080 12336 9 1195 11576 0 0 
4500 13372 13642 13144 12377 6 1347 11581 0 0 
4600 13370 13580 13052 12444 12 1627 11652 0 0 
4700 13286 13542 13089 12421 11 1931 11590 0 0 
4800 13338 13619 13109 12443 11 2260 11625 0 0 
4900 13278 13639 12934 12363 8 2423 11590 0 0 
5000 13350 13637 12994 12511 13 2804 11697 0 0 
5100 13316 13621 12879 12383 11 3308 11572 0 0 
5200 13317 13643 12846 12452 13 3760 11613 0 1 
5300 13348 13708 12855 12497 15 4260 11707 0 0 
5400 13310 13710 12694 12443 9 4815 11681 0 23 
5500 13329 13710 12157 12471 8 5293 11697 0 560 
5600 13269 13679 11701 12449 8 5305 11628 0 1567 
5700 13197 13689 12097 12490 9 5863 11614 0 2823 
5800 13073 13695 12182 12490 366 6499 11648 0 3861 
5900 13073 13696 12184 12491 367 6501 11646 0 3860 
6000 13039 13627 12146 12428 1147 7334 11529 0 4455 
6100 13089 13655 12127 12492 1632 7544 11624 0 4766 
6200 13089 13655 12127 12491 1632 7544 11623 0 4765 
6300 13089 13655 12127 12492 1632 7544 11625 0 4765 
6400 13090 13656 12128 12491 1632 7545 11624 0 4765 
6500 13089 13655 12127 12489 1632 7544 11620 0 4762 
6600 13090 13656 12128 12490 1632 7545 11619 0 4762 
6700 13073 13630 12130 12392 2038 7735 11552 0 4890 
6800 13054 13608 12161 12415 3051 8272 11570 0 5403 
6900 13062 13637 12111 12448 3692 8613 11607 1 5750 
7000 13083 13621 12102 12429 3739 8667 11581 1 5741 
7100 13026 13636 12160 12438 4055 8892 11612 0 5988 
7200 13031 13604 12165 12424 4926 9313 11551 0 6466 
7300 12978 13658 12219 12469 5291 9512 11602 0 6805 
7400 12974 13597 12160 12497 5501 9580 11536 2 6932 
7500 13030 13590 12191 12444 5787 9750 11548 0 7254 
7600 13068 13635 12227 12521 5003 9693 11649 0 7512 
7700 13069 13636 12228 12522 5003 9694 11650 0 7513 
7800 13068 13635 12227 12521 5003 9693 11649 0 7512 
7900 13069 13636 12228 12522 5003 9694 11650 0 7513 
8000 13068 13635 12227 12521 5003 9693 11649 0 7512 
8100 13068 13635 12227 12521 5003 9693 11649 0 7512 
8200 13068 13635 12227 12521 5003 9693 11649 0 7512 
8300 13068 13635 12227 12521 5003 9693 11649 0 7512 
8400 13068 13635 12227 12521 5003 9693 11649 0 7512 
8500 13070 13634 12226 12520 5003 9693 11649 0 7512 
8600 13070 13634 12226 12520 5003 9693 11649 0 7512 
8700 13069 13633 12225 12519 5003 9692 11648 0 7511 
8800 13069 13633 12225 12519 5003 9692 11648 0 7511 
8900 13069 13634 12226 12520 5003 9692 11649 1 7512 
9000 13067 13634 12224 12518 5003 9692 11648 0 7511 
9100 13067 13634 12224 12518 5003 9692 11648 0 7511 
9200 13068 13633 12224 12518 5003 9692 11648 0 7511 
9300 13068 13633 12224 12518 5003 9692 11648 0 7511 
9400 13068 13633 12224 12518 5003 9692 11648 0 7511 
9500 13066 13633 12224 12518 5003 9691 11646 0 7509 
9600 13066 13633 12224 12518 5003 9691 11646 0 7509 
9700 13066 13633 12224 12518 5003 9691 11646 0 7509 
9800 13066 13633 12224 12518 5003 9691 11646 0 7509 
9900 13066 13633 12224 12518 5003 9691 11646 0 7509 
10000 13066 13633 12224 12518 5003 9691 11646 0 7509 
