# Avida tasks data
# Sat Apr 22 04:28:27 2023
# First column gives the current update, next columns give the number
# of organisms that have the particular task as a component of their merit
#  1: Update
#  2: Not
#  3: Nand
#  4: And
#  5: OrNot
#  6: Or
#  7: AndNot
#  8: Nor
#  9: Xor
# 10: Equals

0 0 0 0 0 0 0 0 0 0 
100 0 0 0 0 0 0 0 0 0 
200 0 0 0 0 0 0 0 0 0 
300 0 0 0 0 0 0 0 0 0 
400 0 0 0 0 0 0 0 0 0 
500 0 0 0 0 0 0 0 0 0 
600 0 0 0 0 0 0 0 0 0 
700 0 0 0 0 0 0 0 0 0 
800 0 0 0 0 0 0 0 0 0 
900 2 15 0 0 0 0 0 0 0 
1000 10 84 0 0 0 0 0 0 0 
1100 182 183 0 264 0 0 0 0 0 
1200 2052 235 0 1793 1326 207 0 0 0 
1300 3852 250 0 3503 3007 1947 0 0 2 
1400 5074 531 2 4620 4134 3322 1 0 0 
1500 6222 973 0 5669 5205 4530 0 0 0 
1600 7193 1473 0 6629 6057 5576 1 0 0 
1700 8199 2115 0 7570 6947 6529 5 0 0 
1800 9054 2826 0 8340 7685 7382 2 0 0 
1900 9797 3568 4 9031 8289 8021 0 0 0 
2000 10443 4219 1 9722 8955 8778 1 0 0 
2100 10732 4875 0 10018 9200 9021 3 0 0 
2200 11078 5527 0 10274 9442 9354 0 0 2 
2300 11363 6274 2 10577 9689 9581 3 0 0 
2400 11736 6934 7 10924 10015 9949 2 0 0 
2500 11919 7488 25 11124 10254 10107 2 0 0 
2600 12085 8195 28 11205 10354 10268 1 0 0 
2700 12204 8834 19 11373 10529 10320 1 1 0 
2800 12114 9520 27 11342 10419 10287 2 0 0 
2900 12253 10097 48 11316 10455 10258 136 0 0 
3000 12314 10528 59 11488 10586 10419 469 0 1 
3100 12278 11062 67 11439 10491 10320 951 2 0 
3200 12322 11526 103 11538 10626 10394 1672 0 0 
3300 12393 11689 2933 11576 10661 10490 3143 0 0 
3400 12413 11821 4857 11594 10708 10488 4296 0 0 
3500 12421 11940 6289 11642 10640 10561 5353 0 1596 
3600 12544 11896 7423 11710 10623 10648 6359 8 3113 
3700 12572 11949 8361 11722 10613 10803 7120 11 4463 
3800 12527 11906 8682 11743 10617 10842 7389 6 4866 
3900 12573 12024 9385 11813 10675 11125 8042 7 5976 
4000 12643 12024 10033 11858 10616 11179 8592 9 6951 
4100 12648 12045 10587 11947 10792 11236 8434 30 7948 
4200 12549 11990 10977 11935 10767 11091 7501 16 8395 
4300 12559 11983 11344 12103 10927 11065 6602 20 8867 
4400 12563 12039 11629 12166 10927 10985 6260 37 9204 
4500 12563 12189 12009 12079 10808 10806 6699 54 9608 
4600 12122 12304 12052 11988 10278 10299 6572 61 9725 
4700 11665 12333 11813 11859 9890 9928 6349 40 9775 
