# Avida tasks data
# Sat Apr 22 01:24:15 2023
# First column gives the current update, next columns give the number
# of organisms that have the particular task as a component of their merit
#  1: Update
#  2: Not
#  3: Nand
#  4: And
#  5: OrNot
#  6: Or
#  7: AndNot
#  8: Nor
#  9: Xor
# 10: Equals

0 0 0 0 0 0 0 0 0 0 
100 0 0 0 0 0 0 0 0 0 
200 0 0 0 0 0 0 0 0 0 
300 0 0 0 0 0 0 0 0 0 
400 0 0 0 0 0 0 0 0 0 
500 0 0 0 0 0 0 0 0 0 
600 0 0 0 0 0 0 0 0 0 
700 1 0 0 0 0 0 0 0 0 
800 5 0 0 0 0 0 0 0 0 
900 69 11 0 0 0 0 0 0 0 
1000 233 89 0 2 0 0 0 0 0 
1100 558 179 0 2 0 0 0 0 0 
1200 1109 445 0 314 0 2 0 0 0 
1300 1325 2086 4 2228 0 1787 7 61 0 
1400 1344 4030 75 4077 1 2839 21 876 0 
1500 1212 5416 1172 5563 0 3630 0 1478 2 
1600 1477 6759 2314 6862 0 4561 3 1700 59 
1700 1243 7549 2370 7657 1 3944 0 3057 2473 
1800 1677 8455 2000 8556 2 3246 0 4423 4221 
1900 2351 9299 1600 9310 1 2600 0 5811 5666 
2000 3169 10037 1320 10008 0 2121 0 6926 6773 
2100 4070 10706 1004 10598 3 1546 3 7943 7775 
2200 5043 11152 582 11115 1 891 2 9136 8876 
2300 6145 11599 347 11582 3 551 1 9869 9575 
2400 7236 11978 173 11921 0 361 0 10285 10013 
2500 8241 12142 108 12096 3 237 0 10475 10193 
2600 8977 12519 104 12388 0 174 0 11011 10687 
2700 9600 12727 91 12565 0 130 0 11203 10878 
2800 10044 12762 75 12629 5 96 0 11256 10916 
2900 10792 13002 89 12788 5 66 1 11363 11086 
3000 11340 13038 89 12904 31 80 0 11540 11151 
3100 11818 13100 80 12949 953 80 0 11585 11255 
3200 12360 13098 99 12938 2335 74 0 11600 11327 
3300 12627 13203 77 13017 3700 55 0 11803 11531 
3400 12794 13199 75 12972 5048 53 0 11726 11416 
3500 12820 13201 91 12977 6293 60 0 11743 11403 
3600 12907 13098 81 12949 7571 55 0 11747 11413 
3700 12877 13193 108 12953 8743 46 0 11727 11380 
3800 12889 13168 115 12929 9709 32 2 11775 11445 
3900 13017 13244 74 13001 10637 27 0 11870 11554 
4000 12988 13187 122 12973 11244 23 0 11858 11512 
4100 13120 13308 112 13036 11802 32 0 11959 11613 
4200 13003 13317 132 13058 12110 31 0 11918 11634 
4300 13006 13280 117 13021 12345 28 0 11887 11590 
4400 12979 13286 115 13075 12479 31 3 11983 11702 
4500 13068 13224 174 12964 12559 72 65 11798 11471 
4600 13026 13155 290 13017 12410 259 140 11876 11564 
4700 13065 13195 326 13061 12398 650 254 11915 11669 
4800 13040 13188 271 13078 12158 1290 444 11844 11513 
4900 13005 13165 272 13147 12019 2074 601 11881 11532 
5000 13054 13119 311 13125 11863 2818 750 11774 11443 
5100 13131 13029 693 13091 11730 3621 875 11760 11426 
5200 13191 13050 1068 13210 11621 4487 975 11869 11522 
5300 13126 13118 1568 13215 11548 5207 1022 11909 11523 
5400 13150 13112 2003 13179 11485 5879 1040 11811 11461 
5500 13159 13065 2366 13215 11491 6546 994 11796 11414 
5600 13212 13079 2763 13303 11602 7131 937 11878 11493 
5700 13212 13096 3149 13316 11665 7662 884 11878 11525 
5800 13223 13060 3428 13274 11683 8143 822 11824 11514 
5900 13257 13051 3788 13344 11848 8615 760 11827 11465 
6000 13154 12972 4026 13343 11867 8908 682 11715 11348 
6100 13172 12949 4372 13365 11806 9366 832 11777 11468 
6200 13185 12941 4893 13385 11598 9563 1688 11795 11456 
6300 13293 12912 5252 13388 11500 9794 2365 11790 11446 
6400 13336 12938 5655 13356 11466 9971 2978 11827 11501 
6500 13357 12866 5957 13312 11324 10049 3557 11759 11404 
6600 13327 12788 6291 13312 11221 10166 4164 11739 11371 
6700 13338 12812 6743 13244 11162 10243 4730 11787 11411 
6800 13346 12746 7017 13203 11094 10353 5233 11752 11372 
6900 13420 12784 7487 13227 11103 10508 5756 11770 11449 
7000 13468 12766 7778 13281 11004 10674 6179 11767 11404 
7100 13432 12677 8097 13236 10861 10767 6538 11658 11307 
7200 13460 12689 8501 13249 10870 10878 7104 11757 11370 
7300 13472 12678 8795 13230 10742 10969 7485 11729 11339 
7400 13457 12667 9110 13244 10695 11079 7840 11735 11339 
7500 13504 12675 9436 13189 10702 11168 8271 11692 11354 
7600 13450 12700 9750 13187 10704 11320 8671 11731 11410 
7700 13509 12661 9918 13160 10705 11431 9055 11677 11348 
7800 13478 12604 10083 13068 10632 11453 9287 11690 11320 
7900 13481 12546 10193 13068 10475 11563 9363 11527 11151 
8000 13497 12630 10469 13103 10486 11733 9573 11647 11257 
8100 13501 12600 10663 13074 10638 11888 9876 11659 11301 
8200 13426 12533 10808 13070 10560 11944 9959 11586 11248 
8300 13447 12682 11062 13176 10710 12115 10210 11727 11391 
8400 13407 12653 11148 13046 10766 12075 10331 11735 11408 
8500 13468 12702 11271 13136 10782 12251 10403 11746 11418 
8600 13428 12620 11261 13110 10675 12247 10446 11715 11378 
8700 13420 12672 11381 13136 10809 12343 10614 11736 11438 
8800 13492 12754 11569 13168 10786 12430 10698 11855 11540 
8900 13360 12697 11512 13146 10730 12405 10691 11698 11351 
9000 13408 12653 11568 13150 10707 12476 10723 11683 11358 
9100 13388 12636 11610 13108 10750 12491 10742 11697 11372 
9200 13373 12635 11661 13123 10707 12569 10759 11635 11329 
9300 13412 12737 11786 13176 10748 12608 10846 11766 11438 
9400 13340 12706 11807 13123 10869 12625 10990 11805 11470 
9500 13376 12746 11898 13127 10850 12673 10992 11859 11527 
9600 13383 12678 11772 13164 10776 12713 10942 11690 11368 
9700 13281 12625 11715 13068 10842 12612 10962 11642 11322 
9800 13292 12738 11855 13145 10860 12685 11004 11797 11477 
9900 13306 12768 11900 13120 10848 12663 10939 11840 11536 
10000 13366 12884 12002 13192 10886 12781 11021 11936 11628 
