# Avida tasks data
# Sat Apr 22 06:17:39 2023
# First column gives the current update, next columns give the number
# of organisms that have the particular task as a component of their merit
#  1: Update
#  2: Not
#  3: Nand
#  4: And
#  5: OrNot
#  6: Or
#  7: AndNot
#  8: Nor
#  9: Xor
# 10: Equals

0 0 0 0 0 0 0 0 0 0 
100 0 0 0 0 0 0 0 0 0 
200 0 0 0 0 0 0 0 0 0 
300 0 0 0 0 0 0 0 0 0 
400 0 0 0 0 0 0 0 0 0 
500 2 0 0 0 0 0 0 0 0 
600 6 0 0 0 0 0 0 0 0 
700 67 122 0 7 0 0 0 0 0 
800 134 1122 5 646 0 888 0 0 0 
900 969 2528 13 2131 3 2259 10 0 0 
1000 2935 4715 14 4140 10 4285 20 0 0 
1100 5049 7017 26 6180 16 6366 24 0 0 
1200 6911 8998 45 7968 33 8235 53 0 0 
1300 8462 10409 31 9364 27 9608 41 0 0 
1400 9097 11450 801 10237 607 10490 48 0 0 
1500 8822 11896 2564 10755 2418 10929 50 0 0 
1600 9461 12071 3982 11025 3922 11111 40 0 0 
1700 10094 12414 5330 11393 5390 11244 62 0 0 
1800 10436 12507 6317 11436 6430 11291 62 0 0 
1900 10887 12600 7349 11663 7561 11452 56 0 0 
2000 11229 12665 8204 11817 8460 11515 48 0 0 
2100 11706 12800 9285 12016 9489 11700 37 0 0 
2200 11970 12918 9993 12092 10172 11762 54 0 0 
2300 12254 13086 10464 12308 10672 11859 49 0 0 
2400 12431 12990 10771 12368 11154 11907 53 0 0 
2500 12428 13265 11032 12430 11381 11908 57 0 0 
2600 12503 13192 11338 12412 11552 11979 54 0 0 
2700 12555 13232 11470 12500 11706 11998 103 0 0 
2800 12548 13242 11482 12501 11857 11990 125 0 0 
2900 12528 13227 11478 12437 11857 11951 213 0 0 
3000 12532 13267 11614 12509 11918 12109 310 0 0 
3100 12568 13203 11409 12493 11897 11925 454 0 0 
3200 12457 13261 11442 12439 11742 11943 660 0 0 
3300 12594 13286 11514 12570 11940 12083 831 0 0 
3400 12660 13392 11436 12618 11943 12053 1175 0 0 
3500 12515 13345 11374 12519 11893 11993 1392 0 0 
3600 12558 13422 11483 12525 11826 12081 1738 0 0 
3700 12607 13453 11504 12595 11926 12155 2254 0 0 
3800 12627 13447 11464 12560 11962 12198 2497 0 0 
3900 12578 13480 11474 12582 11936 12108 2892 0 0 
4000 12544 13423 11271 12516 11883 12041 3384 0 0 
4100 12713 13438 11360 12710 11975 12131 3906 0 0 
4200 12685 13443 11388 12671 12022 12135 4342 0 0 
4300 12552 13520 11411 12590 11892 12225 4757 0 0 
4400 12758 13492 11315 12709 12093 12108 5122 0 0 
4500 12696 13474 11318 12566 12041 12154 5502 0 0 
4600 12714 13514 11377 12647 12056 12206 5909 0 0 
4700 12638 13478 11305 12542 11825 12141 6216 0 0 
4800 12716 13473 11307 12594 12010 12061 6575 0 0 
4900 12708 13424 11296 12651 11992 12184 7068 0 0 
5000 12786 13583 11265 12649 12058 12159 7450 0 0 
5100 12627 13453 11210 12542 11968 12065 7671 0 0 
5200 12644 13547 11233 12551 11912 12156 7973 0 0 
5300 12652 13509 11228 12606 12002 12146 8226 0 0 
5400 12735 13521 11302 12621 12016 12229 8461 0 0 
5500 12721 13482 11297 12607 11963 12197 8783 0 0 
5600 12637 13568 11285 12557 11956 12157 9096 0 0 
5700 12680 13487 11213 12674 11960 12133 9177 0 0 
5800 12699 13522 11282 12636 11980 12261 9220 0 0 
5900 12822 13518 11259 12738 12085 12191 9426 0 0 
6000 12697 13442 11216 12621 11957 12231 9302 0 0 
6100 12808 13501 11115 12722 12043 12084 9313 0 0 
6200 12745 13561 11326 12628 12017 12289 9482 0 0 
6300 12873 13556 11308 12727 12134 12294 9550 0 0 
6400 12848 13594 11333 12711 12086 12247 9395 0 0 
6500 12942 13603 11325 12816 12162 12308 9723 0 0 
6600 12864 13567 11323 12784 12101 12218 9546 0 0 
6700 13016 13618 11257 12822 12240 12199 9467 0 0 
6800 12841 13626 11389 12730 12088 12326 9603 0 0 
6900 12958 13650 11293 12889 12133 12325 9485 0 0 
7000 12909 13635 11267 12810 12230 12186 9436 0 0 
7100 12947 13523 11357 12845 12164 12261 9517 0 0 
7200 13005 13641 11349 12883 12312 12295 9523 0 0 
7300 12969 13605 11292 12836 12220 12261 9672 0 0 
7400 12969 13568 11377 12887 12282 12330 9766 0 0 
7500 12943 13553 11311 12899 12300 12309 9804 0 2 
7600 13071 13608 11327 12993 12359 12290 9763 0 0 
7700 13091 13575 11445 12989 12417 12377 9883 0 0 
7800 13086 13676 11406 12897 12390 12347 9695 0 0 
7900 13128 13623 11374 12976 12435 12272 9747 0 0 
8000 13181 13593 11330 12997 12460 12307 9563 0 0 
8100 13116 13643 11409 13008 12475 12315 9631 0 0 
8200 13097 13587 11321 12976 12378 12250 9519 0 0 
8300 13155 13636 11378 13108 12539 12246 9701 0 0 
8400 13213 13650 11353 12986 12453 12343 9779 0 0 
8500 13208 13670 11371 12996 12466 12244 9650 0 0 
8600 13192 13613 11330 13051 12438 12232 9496 0 0 
8700 13107 13708 11439 12991 12421 12285 9835 0 0 
8800 13236 13681 11489 13062 12549 12362 9726 0 0 
8900 13248 13683 11419 13003 12475 12369 9745 0 0 
9000 13162 13657 11523 13063 12453 12388 9890 0 0 
9100 13160 13635 11412 12962 12416 12332 9730 0 0 
9200 13278 13605 11507 13105 12583 12404 9893 0 0 
9300 13211 13636 11381 13108 12499 12294 9714 0 0 
9400 13273 13671 11500 13017 12499 12397 9708 0 0 
9500 13187 13618 11427 13024 12453 12397 9564 0 0 
9600 13206 13688 11491 13095 12528 12410 9716 0 0 
9700 13258 13704 11479 13084 12505 12321 9643 2 0 
9800 13276 13669 11482 13101 12547 12438 9670 0 0 
9900 13267 13694 11583 13114 12488 12446 9936 0 0 
10000 13312 13681 11466 13106 12568 12349 9791 0 0 
