# Avida tasks data
# Sat Apr 22 11:18:41 2023
# First column gives the current update, next columns give the number
# of organisms that have the particular task as a component of their merit
#  1: Update
#  2: Not
#  3: Nand
#  4: And
#  5: OrNot
#  6: Or
#  7: AndNot
#  8: Nor
#  9: Xor
# 10: Equals

0 0 0 0 0 0 0 0 0 0 
100 0 0 0 0 0 0 0 0 0 
200 0 0 0 0 0 0 0 0 0 
300 0 0 0 0 0 0 0 0 0 
400 0 0 0 0 0 0 0 0 0 
500 0 0 0 0 0 0 0 0 0 
600 0 0 0 0 0 0 0 0 0 
700 296 6 0 0 0 0 0 0 0 
800 710 882 1 2 0 730 3 0 0 
900 2002 2731 9 16 0 1525 9 0 0 
1000 4414 5051 27 56 3 4027 24 0 0 
1100 6570 7152 33 70 1 6224 35 0 0 
1200 8500 8978 34 105 3 8119 53 0 0 
1300 9745 10111 52 128 2 9522 67 0 0 
1400 10624 10826 56 172 5 10442 62 0 0 
1500 11281 11425 81 251 2 11232 77 0 0 
1600 11864 12005 55 448 2 11905 79 0 0 
1700 12182 12233 77 587 4 12214 83 0 0 
1800 12502 12640 61 790 3 12544 86 0 0 
1900 12674 12758 63 1067 0 12668 95 0 0 
2000 12725 12755 75 1458 2 12716 55 0 0 
2100 12703 12751 158 2147 1 12633 76 0 0 
2200 12660 12776 364 2810 5 12692 80 0 0 
2300 12778 12789 717 3468 3 12707 69 0 0 
2400 12740 12821 1462 4144 5 12785 81 0 0 
2500 12715 12790 2134 4853 2 12684 106 0 0 
2600 12732 12875 2557 5627 8 12709 309 0 0 
2700 12778 12947 2723 6658 980 12709 1239 0 0 
2800 12803 12987 2261 7891 2699 12616 2812 0 0 
2900 12905 13145 2022 9174 4331 12611 4386 0 0 
3000 12845 13236 1949 10065 5756 12664 5710 0 0 
3100 12964 13326 1989 10761 6993 12682 7004 0 0 
3200 12984 13383 2139 11133 8120 12678 8082 0 0 
3300 13066 13492 2453 11606 9108 12699 9019 0 0 
3400 13110 13534 2915 11925 9788 12771 9730 0 0 
3500 13121 13515 3382 12272 10476 12834 10439 0 0 
3600 13109 13593 3813 12532 11030 12841 10935 0 0 
3700 13141 13613 4157 12667 11474 12839 11408 0 0 
3800 13179 13598 4611 12760 11688 12817 11593 0 0 
3900 13189 13661 5090 12869 12030 12769 11948 0 0 
4000 13110 13708 5632 13007 12240 12905 12160 0 0 
4100 13192 13688 6179 13031 12307 12875 12311 0 4 
4200 13166 13627 6552 12995 12455 12950 12402 0 588 
4300 13174 13632 7155 13222 12408 13017 12424 0 2184 
4400 13092 13690 7772 13281 12357 13048 12437 0 3544 
4500 13192 13660 8302 13234 12447 13002 12531 0 4647 
4600 13197 13699 8867 13295 12488 13069 12587 0 5875 
4700 13169 13651 9448 13360 12395 13097 12581 0 6844 
4800 13121 13657 9935 13410 12428 13041 12680 1 7818 
4900 13150 13639 10299 13468 12354 13057 12637 0 8662 
5000 13195 13668 10751 13398 12442 13114 12791 2 9464 
5100 13192 13657 11361 13496 12457 13131 12785 0 10168 
5200 13215 13653 11683 13552 12533 13100 12846 2 10680 
5300 13284 13676 12030 13557 12420 13130 12756 0 10925 
5400 13277 13647 12177 13549 12434 13149 12784 0 11139 
5500 13285 13696 12304 13539 12532 13180 12788 0 11397 
5600 13337 13662 12502 13574 12443 13154 12816 0 11536 
5700 13251 13725 12534 13574 12514 13160 12842 0 11682 
5800 13329 13699 12685 13577 12553 13238 12918 0 11625 
5900 13259 13689 12686 13536 12487 13203 12818 0 11646 
6000 13393 13696 12689 13548 12592 13189 12886 2 11668 
6100 13378 13690 12554 13638 12526 13167 12905 1 11663 
6200 13464 13723 12592 13630 12618 13177 12949 2 11783 
6300 13436 13680 12535 13579 12455 13162 12881 0 11687 
6400 13351 13763 12647 13663 12589 13174 12871 0 11737 
6500 13388 13675 12592 13602 12490 13069 12872 0 11622 
6600 13421 13674 12681 13567 12491 13174 12817 0 11595 
6700 13433 13671 12652 13604 12560 13170 12871 0 11685 
6800 13443 13670 12755 13626 12482 13195 12834 1 11678 
6900 13425 13735 12674 13645 12631 13166 12936 0 11791 
7000 13447 13682 12790 13648 12548 13194 12911 0 11691 
7100 13449 13736 12664 13619 12635 13127 12940 0 11697 
7200 13509 13720 12734 13597 12615 13156 12872 0 11781 
7300 13494 13706 12773 13623 12624 13187 12932 0 11711 
7400 13396 13712 12667 13671 12676 13080 13012 0 11790 
7500 13468 13744 12749 13613 12574 13177 12952 1 11721 
7600 13405 13771 12751 13660 12589 13234 12953 0 11855 
7700 13490 13787 12752 13671 12693 13204 13060 0 11992 
7800 13477 13688 12759 13583 12677 13138 12992 0 11785 
7900 13491 13684 12784 13575 12647 13240 12976 0 11817 
8000 13492 13742 12783 13609 12635 13209 12956 1 11773 
8100 13477 13683 12696 13594 12586 13160 12944 0 11748 
8200 13462 13660 12663 13568 12589 13150 12898 0 11736 
8300 13505 13692 12803 13627 12674 13220 13043 0 11843 
8400 13408 13689 12792 13520 12660 13198 12973 0 11709 
8500 13534 13666 12785 13591 12747 13177 13081 0 11909 
8600 13511 13671 12740 13568 12671 13232 12979 0 11846 
8700 13514 13667 12743 13600 12647 13155 12991 0 11784 
8800 13508 13734 12684 13665 12696 13134 12972 0 11828 
8900 13592 13744 12772 13594 12681 13233 13001 0 11830 
9000 13543 13770 12798 13643 12710 13210 13057 0 11862 
9100 13503 13734 12722 13622 12733 13121 12991 0 11871 
9200 13468 13761 12717 13599 12762 13143 13080 2 11867 
9300 13495 13703 12721 13563 12694 13111 13008 0 11836 
9400 13560 13702 12797 13614 12797 13189 13086 2 11908 
9500 13538 13687 12690 13602 12655 13201 12992 0 11805 
9600 13553 13733 12747 13638 12778 13197 13049 0 11910 
9700 13519 13699 12790 13621 12699 13160 13083 0 11879 
9800 13571 13749 12843 13656 12721 13245 12994 0 11847 
9900 13476 13697 12790 13600 12660 13184 12974 0 11774 
10000 13565 13714 12792 13571 12683 13213 13046 0 11858 
