# Avida tasks data
# Sat Apr 22 13:06:45 2023
# First column gives the current update, next columns give the number
# of organisms that have the particular task as a component of their merit
#  1: Update
#  2: Not
#  3: Nand
#  4: And
#  5: OrNot
#  6: Or
#  7: AndNot
#  8: Nor
#  9: Xor
# 10: Equals

0 0 0 0 0 0 0 0 0 0 
100 0 0 0 0 0 0 0 0 0 
200 0 0 0 0 0 0 0 0 0 
300 0 0 0 0 0 0 0 0 0 
400 0 0 0 0 0 0 0 0 0 
500 0 0 0 0 0 0 0 0 0 
600 0 0 0 0 0 0 0 0 0 
700 2 0 0 0 0 0 0 0 0 
800 4 0 0 0 0 0 0 0 0 
900 208 399 2 0 0 0 0 0 0 
1000 208 406 2 0 0 0 0 0 0 
1100 222 391 2 0 0 0 0 0 0 
1200 208 383 2 2 0 0 0 0 0 
1300 205 370 6 1 0 0 0 0 0 
1400 207 368 6 3 0 0 0 0 0 
1500 191 364 6 13 0 0 0 0 0 
1600 899 999 7 12 0 0 0 0 0 
1700 1835 1765 15 9 0 0 0 0 0 
1800 2630 2326 15 29 0 0 0 0 0 
1900 3304 2945 19 58 2 2 0 0 0 
2000 4023 3606 31 67 1 4 0 0 0 
2100 4808 4333 28 102 2 2 0 0 0 
2200 5539 5034 27 122 0 5 0 0 0 
2300 6012 5466 30 132 2 3 0 0 0 
2400 6263 5697 31 917 14 1 0 0 0 
2500 6488 5937 34 1468 15 4 0 0 0 
2600 6742 6228 36 1574 13 5 0 0 0 
