# Avida tasks data
# Sat Apr 22 02:24:56 2023
# First column gives the current update, next columns give the number
# of organisms that have the particular task as a component of their merit
#  1: Update
#  2: Not
#  3: Nand
#  4: And
#  5: OrNot
#  6: Or
#  7: AndNot
#  8: Nor
#  9: Xor
# 10: Equals

0 0 0 0 0 0 0 0 0 0 
100 0 0 0 0 0 0 0 0 0 
200 0 0 0 0 0 0 0 0 0 
300 0 0 0 0 0 0 0 0 0 
400 0 0 0 0 0 0 0 0 0 
500 0 0 0 0 0 0 0 0 0 
600 7 0 0 0 0 0 0 0 0 
700 60 0 0 0 0 0 0 0 0 
800 223 0 0 0 0 0 0 0 0 
900 498 0 0 0 0 0 0 0 0 
1000 1046 0 0 0 0 0 0 0 0 
1100 1614 19 0 0 0 0 0 0 0 
1200 2537 86 5 68 0 0 0 0 0 
1300 2427 155 12 1280 0 1015 0 0 0 
1400 1473 984 1606 3351 24 3161 2 0 0 
1500 844 1678 2424 4632 789 4398 0 0 0 
1600 699 3169 2476 5042 2256 4696 0 3 0 
1700 621 4581 3220 5276 3584 4939 0 0 0 
1800 532 5858 4033 5844 4744 5575 0 3 0 
1900 563 7043 5062 6746 5789 6378 1 222 0 
2000 573 7568 5659 7171 6222 6787 0 1665 7 
2100 540 8253 6384 7693 6870 7290 3 3148 7 
2200 728 9070 7196 8407 7614 8046 5 4643 13 
2300 1141 9868 7898 9031 8334 8703 2 5788 24 
2400 1365 10353 8240 9479 8669 9085 4 6526 28 
2500 1688 10804 8420 9782 8868 9334 45 7126 31 
2600 2121 11199 8805 10176 9313 9788 103 7827 26 
2700 2365 11607 8816 10592 9621 10054 70 8218 254 
2800 2042 11886 7918 10811 9856 10371 48 8562 1344 
2900 1851 12118 6981 11120 10054 10533 77 8820 2810 
3000 1717 12286 6965 11232 10207 10720 98 8964 4114 
3100 1548 12345 7469 11291 10210 10738 112 8958 5066 
3200 1491 12524 8052 11454 10449 10946 107 9231 6021 
3300 1478 12542 7862 11445 10537 11079 116 9313 6502 
