# Avida tasks data
# Sat Apr 22 04:09:14 2023
# First column gives the current update, next columns give the number
# of organisms that have the particular task as a component of their merit
#  1: Update
#  2: Not
#  3: Nand
#  4: And
#  5: OrNot
#  6: Or
#  7: AndNot
#  8: Nor
#  9: Xor
# 10: Equals

0 0 0 0 0 0 0 0 0 0 
100 0 0 0 0 0 0 0 0 0 
200 0 0 0 0 0 0 0 0 0 
300 0 0 0 0 0 0 0 0 0 
400 0 0 0 0 0 0 0 0 0 
500 2 0 0 0 0 0 0 0 0 
600 72 0 0 0 0 0 0 0 0 
700 266 5 0 17 0 0 0 0 0 
800 204 91 0 1247 937 0 0 0 0 
900 661 167 0 3711 3439 0 0 0 0 
1000 1729 215 0 6233 5830 0 0 0 0 
1100 2631 215 0 7576 7163 0 0 0 0 
1200 3851 767 0 8961 8414 4 0 0 0 
1300 4705 1463 0 9724 9250 1 0 0 0 
1400 5715 2368 0 10461 9873 0 8 0 0 
1500 6760 3461 0 11110 10611 1 51 0 0 
1600 7343 4366 188 11337 10889 22 71 0 0 
1700 7276 5052 1075 11606 11165 37 5 0 0 
1800 7400 5039 2249 11791 11290 82 6 0 0 
1900 7698 5003 3349 11936 11378 98 15 0 0 
2000 7806 5052 4576 11978 11529 104 13 0 0 
2100 8095 5484 5617 12159 11574 127 15 0 0 
2200 8248 6085 6498 12179 11612 150 15 0 0 
2300 8626 7058 7274 12244 11606 461 22 0 0 
2400 8722 7856 7862 12260 11617 904 20 0 0 
2500 9046 8406 8259 12322 11693 1370 30 0 0 
2600 9405 8983 8581 12392 11626 1984 17 0 0 
2700 9574 9268 8885 12448 11661 2481 24 0 0 
2800 9941 9663 9108 12501 11588 2885 597 0 0 
2900 10316 9827 9213 12506 11519 3179 1463 0 0 
3000 10592 10140 9310 12576 11605 3666 2273 0 0 
3100 10769 10346 9359 12543 11524 4267 2942 0 0 
3200 11015 10672 9530 12580 11548 4907 3433 0 0 
3300 11233 10898 9694 12685 11556 5525 4013 0 0 
3400 11354 11076 9838 12682 11540 6133 4601 1 0 
3500 11511 11343 9924 12742 11523 6736 5092 0 0 
3600 11746 11550 10035 12831 11606 7307 5652 1 0 
3700 11914 11802 10385 12904 11680 7995 6288 0 0 
3800 12070 11980 10470 13015 11682 8576 6693 1 0 
3900 12183 12056 10660 13043 11593 9235 7205 0 0 
4000 12326 12236 10927 13107 11636 9948 7804 2 0 
4100 12432 12265 10930 13087 11554 10357 8233 0 0 
4200 12531 12499 11163 13201 11640 10911 8659 1 0 
4300 12721 12563 11350 13242 11740 11368 9213 0 0 
4400 12723 12548 11507 13224 11789 11788 9592 2 0 
4500 12800 12585 11484 13177 11595 11929 9567 2 0 
4600 12864 12769 11504 13225 11529 12142 9740 0 0 
4700 12974 12896 11661 13304 11667 12361 10008 0 0 
4800 13010 12880 11758 13296 11654 12465 10113 0 0 
4900 12926 12914 11751 13325 11702 12537 10234 1 0 
5000 12969 12929 11770 13296 11645 12595 10271 0 0 
5100 13012 12909 11747 13268 11634 12622 10326 1 0 
5200 12963 12925 11794 13263 11624 12705 10314 1 0 
5300 13074 12956 11841 13331 11655 12739 10409 0 0 
5400 13053 12945 11856 13316 11656 12747 10447 0 0 
5500 13073 12938 11829 13308 11650 12675 10428 2 0 
5600 13025 12817 11773 13289 11640 12756 10351 2 0 
5700 13028 12815 11795 13243 11601 12667 10452 0 0 
5800 13091 12922 11827 13346 11706 12643 10586 0 0 
5900 13086 12877 11929 13288 11730 12785 10579 6 0 
6000 13056 12958 11911 13352 11652 12720 10621 2 0 
6100 12993 12810 11828 13189 11580 12684 10496 0 0 
6200 13061 12792 11744 13229 11562 12674 10438 0 0 
6300 13091 12793 11775 13220 11647 12622 10412 3 0 
6400 13120 12745 11761 13250 11653 12612 10500 1 0 
6500 13142 12861 11890 13245 11644 12712 10661 1 0 
6600 13109 12813 11909 13221 11620 12711 10733 1 0 
6700 13131 12879 11853 13290 11716 12681 10622 1 0 
6800 13061 12767 11817 13241 11681 12638 10511 0 0 
6900 13159 12823 11914 13306 11749 12684 10556 0 2 
7000 13193 12913 11889 13327 11784 12683 10751 0 0 
7100 13149 12787 11857 13254 11650 12618 10609 1 1 
7200 13141 12717 11835 13212 11591 12604 10514 2 2 
7300 13202 12790 11790 13258 11647 12675 10541 0 0 
7400 13123 12798 11756 13219 11515 12616 10542 0 0 
7500 13237 12838 11869 13274 11804 12681 10633 1 0 
7600 13219 12803 11903 13286 11696 12731 10707 1 0 
7700 13158 12932 11866 13318 11688 12634 10689 0 0 
7800 13106 12892 11887 13348 11787 12609 10697 0 0 
7900 13125 12811 11802 13272 11647 12598 10589 0 0 
8000 13092 12767 11861 13283 11693 12620 10525 1 0 
8100 13159 12811 11887 13226 11674 12681 10620 3 0 
8200 13144 12927 11918 13299 11758 12706 10746 0 0 
8300 13142 12823 11809 13239 11659 12574 10709 0 0 
8400 13152 12889 11807 13327 11646 12626 10666 0 2 
8500 13184 12860 11868 13328 11781 12694 10792 0 0 
8600 13181 12892 11818 13274 11723 12604 10720 0 1 
8700 13222 12899 11906 13364 11790 12676 10842 0 0 
8800 13194 12808 11836 13273 11619 12574 10702 3 0 
8900 13172 12939 11805 13308 11672 12595 10688 5 0 
9000 13182 12877 11747 13316 11643 12538 10645 8 0 
9100 13172 12872 11747 13205 11601 12498 10644 16 0 
9200 13221 12887 11927 13265 11701 12655 10769 10 2 
9300 13194 12917 11895 13287 11711 12634 10788 9 0 
9400 13208 12955 11889 13288 11654 12579 10799 20 0 
9500 13190 12907 11757 13194 11621 12574 10697 29 0 
9600 13211 12874 11835 13254 11696 12617 10774 21 0 
9700 13247 12925 11762 13255 11723 12660 10764 35 0 
9800 13153 12892 11841 13227 11630 12509 10852 37 0 
9900 13205 12925 11839 13268 11627 12537 10695 60 15 
10000 13215 12917 11845 13230 11660 12599 10482 50 218 
