# Avida tasks data
# Sat Apr 22 00:30:25 2023
# First column gives the current update, next columns give the number
# of organisms that have the particular task as a component of their merit
#  1: Update
#  2: Not
#  3: Nand
#  4: And
#  5: OrNot
#  6: Or
#  7: AndNot
#  8: Nor
#  9: Xor
# 10: Equals

0 0 0 0 0 0 0 0 0 0 
100 0 0 0 0 0 0 0 0 0 
200 0 0 0 0 0 0 0 0 0 
300 0 0 0 0 0 0 0 0 0 
400 0 0 0 0 0 0 0 0 0 
500 0 0 0 0 0 0 0 0 0 
600 2 0 0 0 0 0 0 0 0 
700 23 0 0 6 0 0 0 0 0 
800 34 2 0 8 0 0 0 0 0 
900 146 22 0 22 0 0 0 0 0 
1000 323 80 0 20 0 0 0 0 0 
1100 722 161 0 121 0 0 0 0 0 
1200 1002 300 0 763 2 0 0 0 0 
1300 2214 64 0 2164 1943 0 0 0 0 
1400 2706 1459 4 3672 3432 264 2150 0 0 
1500 3899 2057 261 4330 4098 2057 3427 0 0 
1600 5242 4094 2380 4707 4505 3611 4203 0 0 
1700 6135 5360 4123 5654 5451 4846 5206 0 0 
1800 7007 6692 5651 6566 6268 6147 6025 0 0 
1900 8024 7990 6961 7681 7309 7367 7121 0 0 
2000 8973 9225 8152 8579 8257 8520 7947 0 0 
2100 10056 10452 9132 9745 9293 9541 9002 0 0 
2200 10891 11395 10010 10616 10191 10374 9854 27 0 
2300 11498 11971 10499 11155 10721 10885 10372 90 1 
2400 11957 12487 10932 11585 11183 11127 10808 218 5 
2500 12282 12764 11293 11940 11461 11334 11096 378 2 
2600 12423 13020 11576 12096 11644 11352 11247 576 0 
2700 12667 13185 11590 12265 11817 11166 11388 882 1 
2800 12784 13376 11772 12479 11977 10948 11575 1239 1 
2900 12827 13445 11475 12515 12025 10783 11636 1557 4 
3000 12977 13461 11234 12655 12168 10805 11803 2052 7 
3100 12979 13549 10767 12567 12158 10810 11693 2475 4 
3200 12892 13543 10047 12579 12080 10681 11692 2905 8 
3300 12952 13523 9541 12711 12236 10927 11803 3373 4 
3400 12936 13536 8929 12709 12293 10957 11903 3852 4 
3500 12910 13505 8128 12704 12236 10910 11816 4324 3 
3600 12866 13512 7423 12704 12157 11150 11778 4895 3 
3700 12979 13477 6471 12777 12268 11176 11939 5541 5 
3800 12945 13504 5715 12748 12274 11247 11827 6011 1 
3900 12960 13512 4871 12765 12252 11525 11877 6668 5 
4000 13012 13465 4026 12846 12305 11583 11878 7246 1 
4100 12952 13519 3254 12735 12264 11781 11780 7983 8 
4200 13037 13439 2565 12803 12292 11718 11851 8450 6 
4300 13001 13523 2384 12738 12299 11662 11916 9012 6 
4400 12940 13480 2643 12801 12288 11718 11902 9311 6 
4500 12939 13560 3183 12819 12315 11848 11848 9520 7 
4600 12934 13595 4090 12854 12336 11918 11887 9772 14 
4700 12960 13518 4786 12849 12319 11922 11887 9783 16 
4800 13000 13531 5684 12871 12368 11928 11922 10099 11 
4900 12900 13499 6557 12839 12348 11915 11899 10156 11 
5000 12933 13535 7354 12854 12396 11964 11885 10276 7 
5100 13000 13513 8429 12854 12438 11841 11940 10318 14 
5200 12925 13590 9198 12823 12358 11904 11906 10284 22 
5300 12902 13541 10066 12883 12318 11930 11872 10256 44 
5400 12896 13500 10499 12819 12336 11853 11873 10293 42 
5500 12973 13637 10927 12833 12301 11863 11861 10260 43 
5600 13058 13543 11308 12846 12369 11822 11888 10356 42 
5700 13106 13579 11511 12929 12392 11887 11999 10350 40 
5800 13165 13665 11572 12925 12453 11945 11970 10412 27 
5900 13168 13571 11672 12919 12486 11970 12003 10466 40 
6000 13186 13692 11528 12962 12515 11865 12011 10392 60 
6100 13094 13633 11595 12995 12479 11881 12036 10489 41 
6200 13197 13530 11609 12893 12407 11911 11986 10420 33 
6300 13159 13637 11575 12877 12435 11912 11998 10324 28 
6400 13207 13625 11789 12985 12461 12012 12068 10472 46 
6500 13261 13604 11684 12954 12464 11981 12009 10487 35 
6600 13181 13577 11740 12876 12417 12041 11945 10410 44 
6700 13140 13574 11681 12845 12382 11906 11989 10333 50 
6800 13220 13580 11791 12859 12389 12012 11972 10464 63 
6900 13203 13579 11723 12895 12380 11877 11938 10297 61 
7000 13269 13648 11757 12931 12447 11976 11961 10399 77 
7100 13181 13630 11706 12850 12436 11971 11991 10361 91 
7200 13140 13649 11740 12956 12510 12051 12048 10436 79 
7300 13203 13593 11676 12941 12424 11960 11961 10312 117 
7400 13099 13620 11779 12815 12354 12030 11936 10360 144 
7500 13063 13601 11808 12887 12404 12028 11959 10432 164 
7600 13113 13622 11807 12894 12499 12024 12017 10422 190 
7700 13121 13609 11718 12948 12471 12004 11979 10528 287 
7800 13242 13590 11638 12996 12443 11954 11957 10437 262 
7900 13191 13603 11633 12943 12477 11976 12055 10502 329 
8000 13103 13623 11674 12888 12432 11943 11956 10347 324 
8100 13045 13680 11691 12971 12463 12008 12031 10418 357 
8200 13136 13669 11707 12921 12432 11998 11955 10388 396 
8300 13131 13596 11849 13035 12515 12126 12040 10566 370 
8400 13137 13565 11852 13055 12544 12098 12007 10561 464 
8500 13174 13640 11878 13082 12601 12112 12111 10591 477 
8600 13200 13643 11865 13078 12563 12117 12139 10664 568 
8700 13064 13604 11703 12997 12433 11979 12011 10440 570 
8800 13048 13576 11834 13023 12503 12039 12034 10472 633 
8900 13125 13603 11873 12955 12478 12203 12049 10602 625 
9000 13307 13608 11895 13075 12584 12133 12206 10615 653 
9100 13028 13622 11914 12964 12421 12139 11972 10474 743 
9200 13081 13625 11800 12965 12458 12074 12057 10461 829 
9300 13120 13620 11948 12987 12490 12171 12002 10606 816 
9400 13193 13661 11941 13127 12549 12181 12153 10651 923 
9500 13267 13692 12001 13037 12456 12292 12079 10636 939 
9600 13202 13626 11770 13024 12452 12111 11980 10383 992 
9700 13245 13675 11806 13068 12462 12240 12073 10459 1011 
9800 13143 13609 11887 13034 12436 12207 12069 10459 1068 
9900 13075 13666 11862 12990 12432 12238 11970 10453 1122 
10000 13081 13605 11843 13109 12517 12224 12039 10556 1220 
