# Avida tasks data
# Sat Apr 22 10:02:29 2023
# First column gives the current update, next columns give the number
# of organisms that have the particular task as a component of their merit
#  1: Update
#  2: Not
#  3: Nand
#  4: And
#  5: OrNot
#  6: Or
#  7: AndNot
#  8: Nor
#  9: Xor
# 10: Equals

0 0 0 0 0 0 0 0 0 0 
100 0 0 0 0 0 0 0 0 0 
200 0 0 0 0 0 0 0 0 0 
300 0 0 0 0 0 0 0 0 0 
400 0 696 0 708 0 0 0 0 0 
500 3 1848 0 1754 0 0 0 0 0 
600 46 3266 0 3049 0 0 0 0 0 
700 389 4550 0 4316 1 0 0 0 0 
800 1175 5560 0 5285 6 0 0 0 0 
900 2098 6329 0 6089 9 0 0 0 0 
1000 3420 7458 1 7173 58 0 1 0 0 
1100 5294 9001 0 8830 182 0 3 0 0 
1200 7363 10813 9 10550 517 0 7 0 0 
1300 9585 12181 227 12027 889 8 0 0 0 
1400 11354 13029 2121 12796 1114 56 0 0 0 
1500 12079 13378 4190 13154 960 218 3 0 0 
1600 12267 13417 5903 13157 831 680 0 0 0 
1700 12237 13368 7211 13172 663 1409 0 0 0 
1800 12261 13429 8569 13167 566 2016 0 0 0 
1900 12343 13341 9651 13188 481 2874 1 0 0 
2000 12410 13368 10656 13299 582 3647 2 0 0 
2100 12357 13268 11481 13341 810 4626 0 0 0 
2200 12443 13324 12027 13375 1072 5578 2 0 0 
2300 12387 13249 12268 13325 1353 6186 0 0 0 
2400 12432 13155 12271 13303 1755 6942 2 0 0 
2500 12527 13225 12441 13331 2271 7517 0 0 5 
2600 12421 13159 12406 13159 2687 7894 4 1 138 
2700 12427 13135 12381 12921 3140 8309 3 6 420 
2800 12513 13060 12343 12611 3464 8696 14 9 732 
2900 12417 12925 12356 12547 3161 8186 16 8 1586 
3000 12349 12872 12228 12573 2791 7792 17 14 1826 
3100 12389 12822 12148 12632 2684 7690 22 12 2117 
3200 12350 12738 12034 12700 2502 7517 43 21 2223 
3300 12359 12624 11550 12728 2349 7360 35 7 2380 
3400 12389 12203 11229 12831 2161 7240 33 7 2582 
3500 12425 12568 10842 12835 1923 7039 36 6 2855 
3600 12497 12766 10241 12847 1547 6655 32 6 3426 
3700 12562 12737 9657 12843 1502 6307 33 6 4010 
3800 12589 12722 9382 12822 1485 6063 33 6 4254 
3900 12614 12770 8985 12816 1408 5679 33 6 4672 
4000 12634 12759 8697 12830 1406 5396 33 6 4991 
4100 12679 12761 8353 12842 1409 5099 33 6 5346 
4200 12714 12807 8038 12850 1403 4858 34 6 5670 
4300 12762 12791 7734 12852 1430 4618 35 6 5944 
4400 12782 12836 7484 12859 1416 4423 38 6 6237 
4500 12839 12823 7239 12852 1390 4239 35 6 6500 
4600 12830 12805 7043 12758 1402 4108 36 6 6670 
4700 12813 12795 6970 12590 1390 4056 34 6 6719 
4800 12804 12797 6921 12535 1406 4036 33 6 6737 
4900 12842 12827 6856 12588 1411 4017 33 6 6828 
5000 12856 12848 6744 12603 1394 3975 34 6 6958 
5100 12848 12797 6620 12510 1368 3916 35 6 7048 
5200 12828 12753 6465 12497 1356 3830 33 6 7176 
5300 12877 12781 6307 12529 1351 3717 33 6 7311 
5400 12899 12814 6131 12515 1363 3563 36 6 7471 
5500 12934 12767 5957 12509 1353 3410 38 6 7670 
5600 12961 12813 5776 12588 1329 3251 39 6 7922 
5700 12952 12860 5578 12556 1333 3101 36 6 8050 
5800 12965 12814 5422 12527 1317 2987 37 6 8194 
5900 12971 12870 5191 12487 1329 2846 35 6 8415 
6000 12994 12851 5123 12505 1328 2795 37 6 8494 
6100 12981 12795 4781 12429 1325 2464 39 6 8769 
6200 13026 12834 4456 12497 1347 2222 40 6 9116 
6300 13088 12796 4221 12504 1303 2092 44 6 9413 
6400 13090 12842 4093 12488 1303 2033 36 6 9529 
6500 13096 12805 3914 12487 1296 1973 37 6 9611 
6600 13154 12858 3746 12519 1305 1922 36 6 9772 
6700 13006 12785 3583 11964 1728 1806 32 6 9909 
6800 13042 12801 3499 11686 1973 1734 35 6 9987 
6900 13078 12781 3466 11872 1740 1714 34 6 9974 
7000 13064 12762 3467 11984 1656 1710 34 6 9901 
7100 13088 12680 3276 12146 1356 1608 32 6 9997 
7200 13089 12559 3205 12281 1175 1574 32 6 10011 
7300 13128 12480 3147 12360 1089 1536 32 6 10024 
7400 13133 12459 3074 12405 1047 1495 29 6 10044 
7500 13115 12304 3026 12411 1031 1467 30 6 10053 
7600 13131 12267 2958 12429 1017 1434 31 6 10108 
7700 13109 12197 2938 12406 1037 1430 32 6 10086 
7800 13075 12173 2921 12382 1024 1421 29 6 10069 
7900 13066 12176 2866 12336 1021 1350 27 6 10094 
8000 13044 12213 2783 12350 1017 1319 26 6 10154 
8100 13030 12080 2679 12365 967 1267 25 6 10242 
8200 13084 11957 2575 12371 1010 1212 26 6 10281 
8300 13098 11909 2502 12350 1022 1167 23 6 10275 
8400 13101 11906 2496 12340 1035 1163 23 5 10294 
8500 13073 11841 2420 12368 1020 1127 23 5 10336 
8600 13064 11792 2380 12333 1018 1078 28 5 10361 
8700 13072 11830 2309 12320 1033 1041 25 5 10374 
8800 13095 11733 2197 12322 1057 967 23 5 10440 
8900 13118 11696 2122 12343 999 919 21 5 10533 
9000 13092 11648 2030 12341 1033 882 24 4 10498 
9100 13086 11557 1981 12305 1026 852 23 3 10459 
9200 13103 11486 1890 12296 1040 821 18 0 10510 
9300 13130 11546 1809 12309 1030 787 20 0 10628 
9400 13109 11509 1744 12344 1000 749 20 0 10650 
9500 13113 11425 1677 12330 1002 725 21 0 10616 
9600 13139 11487 1655 12345 1003 715 17 0 10657 
9700 13138 11492 1655 12341 1002 715 17 0 10653 
9800 13112 11454 1629 12327 992 706 17 0 10624 
9900 13186 11505 1541 12423 974 660 17 0 10761 
10000 13219 11457 1444 12476 985 609 16 0 10858 
