# Avida tasks data
# Fri Apr 21 23:32:13 2023
# First column gives the current update, next columns give the number
# of organisms that have the particular task as a component of their merit
#  1: Update
#  2: Not
#  3: Nand
#  4: And
#  5: OrNot
#  6: Or
#  7: AndNot
#  8: Nor
#  9: Xor
# 10: Equals

0 0 0 0 0 0 0 0 0 0 
100 0 0 0 0 0 0 0 0 0 
200 0 0 0 0 0 0 0 0 0 
300 0 0 0 0 0 0 0 0 0 
400 0 0 0 0 0 0 0 0 0 
500 0 0 0 0 0 0 0 0 0 
600 0 0 0 0 0 0 0 0 0 
700 0 0 0 0 0 0 0 0 0 
800 2 0 0 0 0 0 0 0 0 
900 54 82 0 0 0 10 0 0 0 
1000 156 331 3 219 0 607 0 0 0 
1100 1010 1434 214 1590 131 1519 3 0 0 
1200 550 616 78 3366 2774 206 2159 0 0 
1300 696 968 66 4872 4412 250 3365 0 0 
1400 844 1557 94 5675 5293 326 4020 0 0 
1500 908 2081 94 6127 5828 342 4438 0 5 
1600 1032 2840 95 6713 6445 369 4842 0 1 
1700 1229 3743 112 7426 7253 593 5538 0 1 
1800 1162 3915 155 6415 7236 655 5815 0 7 
1900 1037 4296 145 5540 7131 582 5925 0 5 
2000 996 4711 134 4976 7252 526 6132 0 3 
2100 974 4874 134 4824 7234 522 6186 0 3 
2200 964 5056 133 4585 7186 524 6165 0 3 
2300 940 5175 130 4351 7201 521 6221 0 3 
2400 910 5355 127 4169 7335 513 6372 0 3 
2500 925 5578 128 4175 7570 515 6608 0 3 
