# Avida tasks data
# Sat Apr 22 02:45:48 2023
# First column gives the current update, next columns give the number
# of organisms that have the particular task as a component of their merit
#  1: Update
#  2: Not
#  3: Nand
#  4: And
#  5: OrNot
#  6: Or
#  7: AndNot
#  8: Nor
#  9: Xor
# 10: Equals

0 0 0 0 0 0 0 0 0 0 
100 0 0 0 0 0 0 0 0 0 
200 0 0 0 0 0 0 0 0 0 
300 0 0 0 0 0 0 0 0 0 
400 0 0 0 0 0 0 0 0 0 
500 0 0 0 0 0 0 0 0 0 
600 0 2 0 0 0 0 0 0 0 
700 0 17 0 0 0 0 0 0 0 
800 158 69 360 844 0 15 0 0 0 
900 2530 371 3355 3854 19 154 99 0 0 
1000 3977 1036 5187 5592 26 220 107 0 0 
1100 4414 1834 6250 6670 75 307 179 0 0 
1200 5270 2274 6860 7478 433 319 629 0 0 
1300 6206 2351 6200 7990 1878 297 2173 0 0 
1400 7234 2214 5428 8463 3249 335 3493 0 0 
1500 8497 2060 4673 8876 4521 404 4709 2 0 
1600 9516 2250 4090 9396 5637 370 5861 0 0 
1700 10483 2666 4086 9843 6054 379 6788 0 0 
1800 10959 3475 4521 10114 6005 465 7480 0 0 
1900 11375 4386 5175 10307 5581 567 8011 0 0 
2000 11728 5146 5684 10515 5231 606 8444 0 0 
2100 12025 6031 6366 10861 4738 717 8876 0 0 
2200 12376 6921 7106 11135 4303 783 9389 0 1 
2300 12644 7638 7573 11226 3851 748 9766 0 0 
2400 12676 8154 8103 11215 3505 806 9975 0 0 
2500 12790 8775 8658 11278 3113 808 10336 0 0 
2600 12727 9045 9019 11264 3006 861 10397 2 0 
2700 12841 9433 9493 11379 2956 765 10615 0 0 
2800 12877 9803 9883 11337 3052 647 10758 0 0 
2900 12876 10307 10168 11221 3511 587 10675 0 0 
3000 12782 10869 10263 11289 4070 580 10815 0 0 
3100 12951 11287 10634 11423 4903 595 11074 0 0 
3200 12856 11469 10681 11368 5777 625 11009 0 0 
3300 12834 11631 10662 11324 6586 621 11025 0 0 
3400 12923 11838 10817 11272 7625 1088 11354 0 0 
3500 12893 12188 11009 11501 8219 1708 11340 2 0 
3600 12860 12211 10940 11394 8738 2528 11321 0 0 
3700 12957 12180 10999 11467 9232 3361 11409 0 0 
3800 12905 12310 11005 11429 9627 4274 11347 2 0 
3900 12870 12303 10966 11380 9884 5216 11281 1 0 
4000 12856 12371 11058 11540 10359 6025 11448 0 0 
4100 12851 12318 11139 11563 10671 6981 11531 1 0 
4200 12833 12254 11012 11498 10836 7657 11408 43 0 
4300 12709 12235 11107 11561 11163 8022 11484 388 1 
4400 12611 12211 10962 11491 11318 7991 11387 981 8 
4500 12809 12416 11082 11535 11520 7639 11482 1899 6 
4600 12809 12513 11119 11530 11684 7303 11631 2670 8 
4700 12762 12572 11026 11577 11651 6664 11490 3469 8 
4800 12685 12366 11028 11565 11669 6076 11445 4351 16 
4900 12677 11966 11137 11674 11755 5746 11571 5229 22 
5000 12731 11544 11141 11701 11769 5449 11609 6090 23 
5100 12690 11375 11248 11809 11853 5432 11622 6718 49 
5200 12791 11350 11276 11837 11909 5803 11610 7175 28 
5300 12705 11329 11128 11712 11848 6019 11545 7405 21 
5400 12638 11513 11231 11788 11888 6497 11569 8010 25 
5500 12656 11704 11234 11751 11879 6941 11539 8368 40 
5600 12723 12033 11190 11825 11991 7415 11682 8879 36 
5700 12740 12192 11225 11769 11880 8100 11646 9176 37 
5800 12738 12418 11224 11758 11896 8605 11559 9292 36 
5900 12823 12515 11128 11723 11829 9167 11535 9320 39 
6000 12823 12552 11262 11817 11919 9816 11632 9533 19 
6100 12897 12606 11309 11870 11954 10367 11709 9621 34 
6200 12881 12795 11330 11792 12046 10822 11802 9719 44 
6300 12980 12747 11323 11777 11958 11125 11723 9696 40 
6400 12978 12809 11305 11773 12006 11316 11703 9718 32 
6500 12858 12787 11423 11848 11988 11557 11677 9711 34 
6600 12887 12777 11367 11815 12024 11617 11702 9739 29 
6700 12821 12861 11260 11749 12037 11492 11732 9716 37 
6800 12893 12696 11263 11735 11958 11484 11702 9669 39 
6900 12793 12719 11257 11820 11948 11515 11626 9642 52 
7000 12881 12814 11257 11780 12052 11581 11703 9697 35 
7100 12931 12796 11425 11861 12064 11617 11733 9833 37 
7200 12897 12872 11372 11799 12016 11682 11727 9826 35 
7300 12953 12790 11325 11855 12123 11601 11786 9811 47 
7400 12875 12790 11315 11788 12002 11587 11758 9730 29 
7500 12858 12737 11284 11751 12004 11608 11686 9674 32 
7600 12931 12784 11279 11774 12099 11541 11841 9732 49 
7700 13038 12810 11349 11790 12076 11616 11776 9798 24 
7800 13013 12872 11455 11918 12061 11745 11745 9932 41 
7900 12972 12921 11376 11796 12085 11661 11765 9846 32 
8000 13002 12976 11429 11865 12073 11694 11782 9884 40 
8100 12898 12896 11333 11789 12043 11539 11750 9768 35 
8200 12846 12935 11291 11771 12010 11565 11732 9676 54 
8300 12923 12834 11307 11859 12043 11626 11784 9742 42 
8400 12814 12861 11370 11825 12056 11603 11754 9819 56 
8500 12840 12846 11281 11761 12058 11614 11760 9789 44 
8600 12894 12953 11406 11864 12052 11660 11773 9918 38 
8700 12883 12831 11309 11716 12165 11573 11804 9796 42 
8800 12968 12867 11340 11772 12067 11641 11798 9840 36 
8900 12980 12872 11274 11840 12065 11608 11821 9821 41 
9000 12963 12869 11381 11860 12063 11651 11805 9916 40 
9100 12969 12953 11385 11876 12142 11585 11797 9878 38 
9200 13063 12961 11481 11929 12231 11743 11890 10030 48 
9300 13038 12906 11461 11939 12243 11721 11952 10136 37 
9400 12995 13010 11429 11913 12122 11734 11862 9938 40 
9500 13039 12977 11491 11989 12179 11743 11939 10056 40 
9600 12979 12964 11530 12028 12099 11776 11791 9954 46 
9700 13085 12989 11397 11912 12187 11647 11936 10029 56 
9800 13078 12975 11498 11999 12239 11745 11928 10064 35 
9900 12938 13026 11452 11985 12136 11765 11891 10028 26 
10000 12996 12976 11471 11946 12171 11772 11926 10067 36 
