# Avida tasks data
# Sat Apr 22 01:20:19 2023
# First column gives the current update, next columns give the number
# of organisms that have the particular task as a component of their merit
#  1: Update
#  2: Not
#  3: Nand
#  4: And
#  5: OrNot
#  6: Or
#  7: AndNot
#  8: Nor
#  9: Xor
# 10: Equals

0 0 0 0 0 0 0 0 0 0 
100 0 0 0 0 0 0 0 0 0 
200 0 0 0 0 0 0 0 0 0 
300 0 0 0 0 0 0 0 0 0 
400 0 0 0 0 0 0 0 0 0 
500 0 0 0 0 0 0 0 0 0 
600 2 0 0 0 0 0 0 0 0 
700 10 3 0 0 0 0 0 0 0 
800 56 50 0 0 0 0 0 0 0 
900 108 126 0 139 0 0 0 0 0 
1000 394 1157 0 1074 0 44 0 0 0 
1100 483 1878 4 1730 0 395 0 0 0 
1200 472 1877 4 1721 0 422 0 0 0 
1300 460 1878 4 1724 0 432 0 0 0 
1400 411 1874 6 1727 0 455 0 0 0 
1500 381 1860 2 1722 0 526 0 0 0 
1600 374 1864 1 1719 0 525 0 0 0 
1700 367 1860 2 1721 0 549 0 0 0 
1800 364 1867 1 1732 0 588 0 0 0 
1900 353 1863 1 1731 0 620 0 0 0 
2000 352 1868 1 1736 0 626 0 0 0 
2100 354 1882 1 1758 0 681 0 0 0 
2200 350 1885 1 1758 0 713 0 0 0 
2300 352 1889 1 1757 0 738 0 0 0 
2400 357 1886 1 1753 0 778 0 0 0 
2500 358 1900 1 1768 0 813 0 0 0 
2600 358 1900 1 1768 0 813 0 0 0 
2700 358 1899 1 1767 0 812 0 0 0 
2800 358 1899 1 1767 0 812 0 0 0 
2900 358 1899 1 1767 0 812 0 0 0 
3000 358 1899 1 1767 0 812 0 0 0 
3100 358 1899 1 1767 0 812 0 0 0 
3200 358 1899 1 1767 0 812 0 0 0 
3300 358 1899 1 1767 0 812 0 0 0 
3400 358 1899 1 1767 0 812 0 0 0 
3500 358 1900 1 1768 0 813 0 0 0 
3600 358 1899 1 1767 0 812 0 0 0 
3700 358 1900 1 1768 0 813 0 0 0 
3800 358 1899 1 1767 0 812 0 0 0 
3900 358 1899 1 1767 0 812 0 0 0 
4000 358 1899 1 1767 0 812 0 0 0 
4100 358 1899 1 1767 0 812 0 0 0 
4200 358 1899 1 1767 0 812 0 0 0 
4300 358 1900 1 1768 0 813 0 0 0 
4400 358 1900 1 1768 0 813 0 0 0 
4500 358 1893 1 1764 0 815 0 0 0 
4600 350 1886 1 1763 0 838 0 0 0 
4700 338 1893 1 1769 0 862 6 0 0 
4800 340 1887 1 1764 0 856 6 0 0 
4900 340 1887 1 1764 0 856 6 0 0 
5000 340 1887 1 1764 0 856 6 0 0 
5100 340 1887 1 1764 0 856 6 0 0 
5200 336 1889 1 1767 0 857 6 0 0 
5300 338 1878 1 1771 0 869 3 0 0 
5400 334 1878 1 1773 0 886 7 0 0 
5500 328 1863 1 1774 0 901 2 0 0 
5600 322 1861 3 1770 0 900 3 0 0 
5700 322 1874 1 1783 0 910 2 0 0 
5800 316 1883 3 1782 0 919 4 0 0 
5900 357 1876 5 1785 0 917 4 0 0 
6000 341 1873 5 1780 0 912 4 0 0 
6100 333 1872 5 1781 0 915 4 0 0 
6200 327 1877 5 1782 0 931 4 0 0 
6300 323 1880 5 1786 0 938 3 0 0 
6400 327 1897 5 1807 0 965 3 0 0 
