# Avida tasks data
# Sat Apr 22 10:14:45 2023
# First column gives the current update, next columns give the number
# of organisms that have the particular task as a component of their merit
#  1: Update
#  2: Not
#  3: Nand
#  4: And
#  5: OrNot
#  6: Or
#  7: AndNot
#  8: Nor
#  9: Xor
# 10: Equals

0 0 0 0 0 0 0 0 0 0 
100 0 0 0 0 0 0 0 0 0 
200 0 0 0 0 0 0 0 0 0 
300 0 0 0 0 0 0 0 0 0 
400 0 0 0 0 0 0 0 0 0 
500 0 0 0 0 0 0 0 0 0 
600 76 9 0 0 0 0 0 0 0 
700 156 497 0 100 0 0 0 0 0 
800 1175 1000 0 1316 0 0 0 0 0 
900 2255 2293 87 2215 18 1 0 0 0 
1000 4391 4347 185 4135 19 1 4 0 0 
1100 6668 6625 250 6331 22 0 2 0 0 
1200 8742 8618 279 8282 36 28 2 0 0 
1300 10529 10445 317 9987 43 290 2 0 0 
1400 11613 11592 1028 11205 34 302 5 0 0 
1500 12065 11948 2788 11613 32 116 2 0 0 
1600 12311 12150 4420 11842 32 50 1 0 0 
1700 12427 12273 5931 12048 28 53 0 0 0 
1800 12464 12339 7258 12093 25 93 31 0 0 
1900 12569 12405 8578 12176 14 192 111 0 0 
2000 12671 12418 9487 12333 16 829 312 0 0 
2100 12758 12485 10320 12387 7 1696 511 0 0 
2200 12790 12512 10944 12432 8 2717 724 0 0 
2300 12819 12579 11472 12417 6 3748 921 0 0 
2400 12877 12599 11748 12451 8 4874 1120 0 0 
2500 12982 12620 12182 12468 7 6073 1258 0 0 
2600 13092 12704 12540 12507 3 7239 1389 0 0 
2700 13153 12740 12739 12576 5 8184 1382 0 0 
2800 13236 12728 12934 12549 8 9159 1275 0 0 
2900 13282 12758 13024 12627 3 9944 1074 0 0 
3000 13312 12725 12924 12602 2 10646 836 0 0 
3100 13304 12726 12938 12592 8 11277 572 0 0 
3200 13343 12684 12904 12564 3 11923 334 0 0 
3300 13231 12648 12981 12511 4 12274 172 0 0 
3400 13279 12724 12943 12647 7 12471 95 0 0 
3500 13314 12839 12956 12665 2 12666 57 0 0 
3600 13316 12759 12965 12601 3 12829 36 0 0 
3700 13286 12732 12937 12577 4 12818 32 0 0 
3800 13328 12766 12918 12568 1 12849 65 0 0 
3900 13347 12823 12957 12619 15 12893 98 0 0 
4000 13313 12823 12924 12668 24 12809 178 0 0 
4100 13340 12866 13008 12717 11 12842 333 0 0 
4200 13391 12866 13036 12681 37 12826 485 0 0 
4300 13317 12798 12999 12611 89 12804 691 0 0 
4400 13343 12952 12996 12676 244 12812 909 0 0 
4500 13274 12958 13002 12782 614 12884 1127 0 0 
4600 13251 12900 12924 12602 1317 12893 1282 0 0 
4700 13283 13026 13018 12725 2272 12929 1396 0 0 
4800 13261 12994 12979 12715 3146 12935 1477 0 0 
4900 13306 12984 13031 12731 4030 13018 1452 0 0 
5000 13277 13110 13033 12781 5027 13004 1399 0 0 
5100 13247 13132 12983 12844 5951 12940 1417 0 0 
5200 13212 13108 12962 12776 6613 12988 1390 0 0 
5300 13193 13149 12969 12856 7391 12982 1486 0 0 
5400 13139 13288 12988 12969 8163 13119 1700 0 0 
5500 13166 13144 12964 12891 8612 13074 1865 0 9 
5600 13198 13214 13013 12895 9175 13068 2175 0 34 
5700 13128 13257 12984 12977 9714 13066 2546 0 4 
5800 13124 13238 12936 12949 10020 13067 2758 0 5 
5900 13087 13336 12918 13020 10371 13116 2818 0 0 
6000 13134 13318 12971 12933 10741 13140 3045 0 3 
6100 13194 13399 13047 13042 11011 13061 3376 0 4 
6200 13114 13383 12937 12977 11202 13078 3912 0 0 
6300 13205 13381 12952 12977 11328 13037 4526 0 0 
6400 13168 13332 12998 13015 11391 13027 4150 0 1585 
6500 13223 13311 12954 13077 11596 13092 3413 0 3734 
6600 13248 13312 13040 13113 11692 13189 2882 0 5399 
6700 13258 13323 13033 13163 11744 13225 2384 1 6726 
6800 13330 13278 13162 13198 11739 13322 1820 0 8058 
6900 13223 13234 12995 13197 11759 13306 1241 0 9195 
7000 13284 13280 13101 13230 11864 13353 729 2 10148 
7100 13303 13235 13133 13237 11894 13387 448 0 10683 
7200 13318 13351 13109 13316 12034 13384 179 0 11181 
7300 13303 13306 13147 13291 12012 13407 84 0 11434 
7400 13258 13343 13007 13269 12067 13408 41 0 11563 
7500 13297 13317 13130 13307 12039 13454 32 2 11658 
7600 13310 13255 13089 13295 12007 13392 27 0 11589 
7700 13313 13306 13102 13327 12081 13385 37 1 11662 
7800 13345 13252 13118 13254 11989 13392 38 0 11618 
7900 13396 13300 13094 13311 12043 13397 31 0 11629 
8000 13324 13342 13136 13363 12100 13398 27 0 11709 
8100 13357 13324 13159 13360 12132 13459 30 0 11745 
8200 13388 13306 13193 13354 12111 13339 32 0 11698 
8300 13397 13334 13096 13350 12054 13465 41 0 11651 
8400 13363 13327 13174 13351 12138 13458 32 0 11719 
8500 13368 13307 13096 13312 12001 13411 23 0 11620 
8600 13306 13193 13038 13280 11968 13312 28 0 11532 
8700 13439 13239 13190 13318 11980 13391 29 0 11574 
8800 13348 13243 13046 13356 12022 13378 15 0 11639 
8900 13358 13278 13020 13297 12026 13348 24 0 11620 
9000 13336 13249 13136 13337 12090 13357 23 3 11648 
9100 13359 13319 13146 13349 12249 13472 18 1 11850 
9200 13433 13341 13134 13317 12091 13432 23 0 11752 
9300 13395 13297 13085 13337 12102 13416 19 0 11715 
9400 13322 13270 13090 13330 12082 13425 22 0 11777 
9500 13390 13256 13166 13315 12052 13305 27 0 11660 
9600 13383 13284 13150 13333 12156 13414 28 0 11736 
9700 13423 13390 13074 13423 12176 13407 30 0 11781 
9800 13439 13413 13084 13415 12191 13417 40 0 11755 
9900 13443 13396 13163 13404 12162 13436 31 1 11755 
10000 13451 13343 13125 13408 12148 13460 17 0 11816 
