# Avida tasks data
# Sun Apr 23 08:45:13 2023
# First column gives the current update, next columns give the number
# of organisms that have the particular task as a component of their merit
#  1: Update
#  2: Not
#  3: Nand
#  4: And
#  5: OrNot
#  6: Or
#  7: AndNot
#  8: Nor
#  9: Xor
# 10: Equals

0 0 0 0 0 0 0 0 0 0 
100 0 0 0 0 0 0 0 0 0 
200 0 0 0 0 0 0 0 0 0 
300 0 0 0 0 0 0 0 0 0 
400 0 0 0 0 0 0 0 0 0 
500 0 0 0 0 0 0 0 0 0 
600 0 0 0 0 0 0 0 0 0 
700 1311 354 0 3 0 0 0 0 0 
800 2155 1772 1 22 0 0 0 0 0 
900 3414 3322 0 34 0 0 0 0 0 
1000 4897 4991 0 47 0 0 0 0 0 
1100 6538 6772 1 665 2 0 0 0 0 
1200 7922 8286 0 2214 6 0 0 0 0 
1300 9057 9365 1 3844 14 0 0 0 0 
1400 9962 10247 0 5413 23 0 0 0 0 
1500 10403 10824 0 6593 12 0 0 0 0 
1600 10719 11153 0 7684 18 0 0 0 0 
1700 11008 11440 0 8575 31 0 0 0 0 
1800 11235 11665 1 9351 26 0 0 0 0 
1900 11623 12050 0 10111 33 0 0 0 0 
2000 11721 12196 0 10615 41 0 0 0 0 
2100 11931 12379 0 11105 29 0 0 0 0 
2200 12021 12465 0 11494 33 0 0 0 0 
2300 12170 12570 0 11790 46 0 0 0 0 
2400 12412 12801 0 12160 71 0 0 0 0 
2500 12621 12915 1 12394 127 0 0 0 0 
2600 12596 13019 1 12525 186 0 0 0 0 
2700 12556 12964 0 12470 238 0 0 0 0 
2800 12525 12921 0 12474 238 0 0 0 0 
2900 12626 13042 0 12517 312 0 0 0 0 
3000 12636 13033 0 12375 501 0 0 0 0 
3100 12768 13105 0 12275 615 0 0 0 0 
3200 12752 13073 0 12012 852 0 0 0 0 
3300 12726 13121 0 11785 1139 6 5 0 0 
3400 12833 13022 0 11262 1511 0 2 0 0 
3500 12692 13026 0 10927 1907 1 0 0 0 
3600 12850 13058 0 10437 2363 5 0 0 0 
3700 12848 13145 1 10434 2848 3 0 0 0 
3800 12799 13071 0 10831 3416 1 0 0 0 
3900 12826 13175 0 11330 4441 3 2 0 0 
4000 12872 13230 0 11731 5478 0 7 0 0 
4100 12968 13306 1 12075 6603 0 4 0 0 
4200 12969 13396 0 12437 7748 5 9 0 0 
4300 13052 13377 1 12659 8888 8 9 0 0 
4400 13096 13468 5 12860 9959 15 9 0 0 
4500 13120 13515 0 13020 11002 21 7 0 0 
4600 13110 13579 1 13124 11848 18 14 0 0 
4700 13149 13552 6 13056 12340 37 19 0 0 
4800 13263 13678 8 13184 12648 57 11 0 0 
4900 13215 13607 9 13042 12701 131 10 0 0 
5000 13211 13613 6 12928 12806 281 20 0 0 
5100 13260 13623 2 12773 12779 447 12 0 0 
5200 13245 13661 16 12766 12875 768 6 0 0 
5300 13263 13616 9 12967 12772 1696 9 0 0 
5400 13223 13653 46 13229 12829 2729 15 0 0 
5500 13270 13669 35 13339 12860 3883 11 0 0 
5600 13197 13642 69 13353 12897 5052 16 0 0 
5700 13273 13686 63 13406 12944 6209 18 0 0 
5800 13282 13639 103 13371 12807 7220 10 0 0 
5900 13357 13672 116 13355 12896 8325 11 0 0 
6000 13340 13641 113 13406 12847 9398 13 0 0 
6100 13359 13648 111 13467 12922 10304 10 0 0 
6200 13309 13640 127 13430 12909 10891 17 0 0 
6300 13312 13622 182 13461 12923 11495 17 0 0 
6400 13271 13587 159 13403 12894 11746 6 0 0 
6500 13281 13602 158 13467 12879 12062 11 0 0 
6600 13223 13682 186 13452 12867 12350 14 0 0 
6700 13338 13619 163 13418 12844 12499 9 0 0 
6800 13318 13645 142 13475 12917 12705 13 0 0 
6900 13307 13646 188 13448 12911 12767 18 0 0 
7000 13318 13689 186 13472 13018 12804 16 0 0 
7100 13297 13668 171 13549 12994 12789 12 0 0 
7200 13311 13690 184 13479 12980 12866 12 0 0 
7300 13408 13638 165 13498 12980 12920 19 0 0 
7400 13321 13624 151 13461 12915 12842 15 0 0 
7500 13380 13626 150 13465 12929 12801 20 0 0 
7600 13364 13626 179 13432 12946 12802 19 0 0 
7700 13366 13644 148 13478 12946 12891 17 0 0 
7800 13353 13646 132 13474 12993 12912 12 0 0 
7900 13393 13686 131 13498 12963 12867 21 0 0 
8000 13419 13590 136 13431 12930 12865 14 0 0 
8100 13316 13627 159 13452 12970 12890 16 0 0 
8200 13374 13716 137 13541 13013 12986 13 0 0 
8300 13422 13641 120 13474 13026 12903 18 0 0 
8400 13376 13609 116 13482 12976 12853 25 0 0 
8500 13354 13648 128 13465 12989 12904 12 0 0 
8600 13369 13621 151 13413 12980 12833 16 0 0 
8700 13400 13683 120 13475 13051 12888 10 0 0 
8800 13440 13690 131 13486 13063 12894 19 0 0 
8900 13469 13696 140 13496 13027 12950 13 0 0 
9000 13388 13642 121 13453 12984 12909 18 0 0 
9100 13322 13662 139 13477 12965 12922 10 0 0 
9200 13403 13689 148 13542 13044 12935 20 0 0 
9300 13492 13678 171 13540 13070 12936 19 0 0 
9400 13438 13646 186 13522 12997 12947 22 0 0 
9500 13437 13701 245 13503 13037 12980 19 0 0 
9600 13365 13750 321 13561 13060 12940 16 0 0 
9700 13436 13646 351 13502 12978 12935 12 0 0 
9800 13452 13682 415 13491 13044 12966 12 0 0 
9900 13446 13735 504 13556 13136 13060 16 0 0 
10000 13435 13719 612 13491 13062 12995 17 0 0 
