# Avida tasks data
# Sun Apr 23 07:28:27 2023
# First column gives the current update, next columns give the number
# of organisms that have the particular task as a component of their merit
#  1: Update
#  2: Not
#  3: Nand
#  4: And
#  5: OrNot
#  6: Or
#  7: AndNot
#  8: Nor
#  9: Xor
# 10: Equals

0 0 0 0 0 0 0 0 0 0 
100 0 0 0 0 0 0 0 0 0 
200 0 0 0 0 0 0 0 0 0 
300 0 0 0 0 0 0 0 0 0 
400 0 0 0 0 0 0 0 0 0 
500 0 0 0 0 0 0 0 0 0 
600 1100 0 0 0 0 0 0 0 0 
700 3157 1855 0 12 0 0 0 0 0 
800 5164 4431 0 27 0 0 0 0 0 
900 7471 7188 0 93 0 0 0 0 0 
1000 8852 9052 0 303 0 0 0 0 0 
1100 9651 10415 0 396 425 1 0 0 0 
1200 10025 11426 1 513 1689 0 0 0 0 
1300 10312 11993 1 780 2997 3 0 0 0 
1400 10421 12261 0 1116 4411 417 0 0 0 
1500 10784 12362 9 1302 5821 2151 1 0 0 
1600 10932 12635 24 1202 6936 3829 2 0 0 
1700 11226 12877 19 898 7988 5273 10 0 0 
1800 11477 13068 38 754 8579 6428 8 0 0 
1900 11568 13141 39 703 9199 7638 15 0 0 
2000 11613 13224 28 925 9639 8680 22 0 0 
2100 11606 13295 70 1531 9954 9653 25 0 0 
2200 11756 13300 48 2287 10309 10528 15 0 0 
2300 11737 13375 51 3277 10448 11197 8 0 0 
2400 11861 13292 64 4312 10632 11570 31 0 0 
2500 11958 13287 65 5460 10791 12082 30 0 0 
2600 12025 13362 74 6636 10941 12436 30 0 0 
2700 12084 13326 53 7592 10991 12699 35 0 0 
2800 12077 13369 59 8262 11002 12783 35 2 0 
2900 12099 13329 60 8870 11060 12869 79 0 0 
3000 12011 13321 56 9315 10967 12954 163 0 0 
3100 12052 13342 66 9797 11043 13047 282 0 0 
3200 12125 13369 70 10116 11097 12975 427 0 0 
3300 12146 13414 56 10340 11098 13015 588 0 0 
3400 12184 13329 61 10187 11135 12929 866 0 0 
3500 12120 13397 51 10034 11043 12971 1120 0 0 
3600 12107 13385 76 9859 11040 13002 1421 0 0 
3700 12343 13324 67 9685 11187 12978 1709 0 0 
3800 12270 13393 86 9169 11071 12994 2125 0 0 
3900 12332 13315 75 8696 11101 13007 2626 0 0 
4000 12336 13365 65 8318 11126 13059 3217 0 0 
4100 12417 13362 88 7935 11044 12932 3696 0 0 
4200 12422 13345 76 7641 11137 12978 4406 0 0 
4300 12631 13416 67 7232 11182 13014 5141 0 0 
4400 12587 13368 68 6932 11189 13013 5830 0 0 
4500 12585 13396 63 6768 11145 12957 6409 0 0 
4600 12806 13487 76 6636 11240 13048 7059 0 0 
4700 12762 13381 78 6588 11192 13064 7587 0 0 
4800 12812 13427 77 6634 11152 13037 7996 0 0 
4900 12802 13416 69 6867 11156 12962 8423 0 0 
5000 12705 13443 95 6876 11076 12984 8700 0 0 
5100 12883 13538 71 7189 11169 13066 9095 0 0 
5200 12846 13455 76 7439 11161 13022 9514 0 0 
5300 12922 13558 60 7632 11135 13095 9789 0 0 
5400 12878 13522 75 7981 11112 13077 9935 0 0 
5500 12881 13526 84 8333 11136 13049 10113 0 0 
5600 12920 13585 85 8798 11249 12972 10337 0 0 
5700 12827 13623 76 8985 11066 13048 10197 0 0 
5800 12928 13584 51 9483 11180 13045 10432 0 0 
5900 12922 13571 55 9942 11270 13054 10526 0 0 
6000 12929 13516 66 10162 11150 12970 10472 0 0 
6100 12913 13561 68 10412 11145 13008 10527 0 0 
6200 12784 13566 74 10551 11048 12991 10293 0 0 
6300 12918 13568 62 10867 11137 13016 10458 0 0 
6400 12842 13593 63 11052 11123 13017 10376 0 0 
6500 12838 13628 92 11181 11150 13073 10545 0 0 
6600 12915 13624 78 11285 11229 13086 10549 0 0 
6700 12900 13577 87 11291 11188 13058 10593 0 0 
6800 12855 13521 70 11293 11200 13067 10537 0 0 
6900 12843 13552 74 11228 11233 12982 10452 1 0 
7000 12930 13544 80 11357 11294 13062 10621 0 0 
7100 12998 13584 117 11388 11256 13059 10629 0 0 
7200 12956 13559 128 11421 11396 13089 10743 0 0 
7300 12959 13480 166 11428 11277 12990 10550 0 0 
7400 12823 13520 257 11271 11129 13023 10397 0 0 
7500 13034 13484 388 11487 11367 13039 10628 0 0 
7600 12864 13527 544 11244 11090 12981 10435 0 0 
7700 13024 13554 797 11412 11317 13034 10618 0 0 
7800 13040 13529 1007 11411 11314 13024 10622 0 0 
7900 13000 13639 1273 11467 11320 13099 10711 0 0 
8000 13040 13508 1578 11495 11368 13058 10688 0 0 
8100 13081 13527 1902 11413 11363 13014 10619 0 0 
8200 12962 13549 2302 11379 11278 13045 10608 0 0 
8300 13052 13528 2745 11479 11316 12994 10686 0 0 
8400 13069 13537 3176 11273 11229 12974 10508 0 0 
8500 13206 13537 3653 11409 11273 12977 10670 0 0 
8600 13173 13549 4224 11420 11315 13066 10651 0 0 
8700 13249 13610 4731 11430 11309 13082 10637 0 0 
8800 13242 13595 5249 11561 11446 13034 10721 0 0 
8900 13268 13566 5844 11512 11398 13079 10732 0 0 
9000 13321 13585 6467 11602 11511 13061 10778 0 0 
9100 13325 13608 7091 11438 11325 13108 10638 0 2 
9200 13293 13545 7515 11474 11373 13040 10736 0 0 
9300 13281 13520 8029 11555 11414 13096 10700 0 0 
9400 13399 13614 8498 11594 11543 13064 10767 0 0 
9500 13504 13551 8924 11492 11449 13031 10701 0 0 
9600 13416 13573 9412 11548 11501 12964 10692 0 0 
9700 13424 13578 10010 11627 11543 13071 10812 0 0 
9800 13465 13615 10411 11565 11511 12976 10828 0 0 
9900 13476 13570 10754 11560 11536 13066 10761 0 0 
10000 13454 13476 10874 11510 11506 12972 10689 0 0 
