# Avida tasks data
# Sun Apr 23 08:17:09 2023
# First column gives the current update, next columns give the number
# of organisms that have the particular task as a component of their merit
#  1: Update
#  2: Not
#  3: Nand
#  4: And
#  5: OrNot
#  6: Or
#  7: AndNot
#  8: Nor
#  9: Xor
# 10: Equals

0 0 0 0 0 0 0 0 0 0 
100 0 0 0 0 0 0 0 0 0 
200 0 0 0 0 0 0 0 0 0 
300 0 0 0 0 0 0 0 0 0 
400 0 0 0 0 0 0 0 0 0 
500 0 0 0 0 0 0 0 0 0 
600 0 0 0 0 0 0 0 0 0 
700 499 74 0 0 0 0 0 0 0 
800 3237 2153 0 81 0 0 0 0 0 
900 4993 4323 0 1524 0 125 0 0 0 
1000 6823 6430 291 3836 1 352 159 0 0 
1100 7582 7339 827 5327 0 350 1765 0 0 
1200 8492 8261 1005 6925 5 325 3554 0 0 
1300 9392 9150 1107 8210 28 355 5186 0 0 
1400 9883 9747 1182 9109 29 503 6475 3 0 
1500 10338 10246 1108 9781 30 597 7541 1 0 
1600 10744 10748 1043 10367 94 723 8412 1 0 
1700 11162 11193 1158 10817 206 927 9005 3 2 
1800 11197 11360 981 11010 225 1062 9258 5 1023 
1900 11162 11363 971 11036 233 1061 9256 7 1234 
2000 11106 11356 967 11035 233 1055 9306 6 1447 
2100 11090 11405 963 11087 233 1051 9374 6 1637 
2200 11161 11515 934 11208 233 1027 9513 7 1883 
2300 11387 11771 930 11469 233 1020 9767 6 2242 
2400 11473 11905 931 11605 235 1020 9926 5 2551 
2500 11581 12034 927 11720 233 1013 10069 5 2791 
2600 11596 12075 893 11776 233 996 10133 5 2942 
2700 11626 12102 888 11803 233 983 10168 5 3015 
2800 11728 12221 881 11909 232 972 10305 6 3209 
2900 11772 12345 867 12033 233 967 10430 4 3407 
3000 11793 12425 828 12108 234 964 10527 5 3538 
3100 11803 12441 777 12126 235 961 10600 4 3589 
3200 11929 12547 637 12234 234 959 10858 4 3885 
3300 11945 12630 533 12307 237 945 11061 4 4077 
3400 11961 12640 461 12313 235 935 11156 4 4191 
3500 11980 12667 395 12350 231 914 11236 4 4378 
3600 11980 12724 377 12382 233 885 11321 4 4540 
3700 12037 12747 365 12419 233 861 11382 4 4648 
3800 12114 12838 355 12529 232 845 11457 4 4791 
3900 12100 12825 361 12516 232 839 11466 4 4779 
4000 12181 12899 339 12603 235 830 11554 4 4993 
4100 12205 12921 327 12610 242 811 11607 4 5170 
4200 12221 12923 306 12616 240 817 11619 4 5211 
4300 12229 12948 299 12642 241 817 11648 6 5251 
4400 12220 12957 302 12665 241 844 11690 5 5356 
4500 12204 12957 301 12671 238 869 11702 5 5404 
4600 12252 12980 308 12714 238 869 11742 6 5467 
4700 12177 12974 354 12702 237 910 11746 4 5493 
4800 12264 13026 410 12769 236 926 11828 3 5671 
4900 12328 13058 476 12812 238 1001 11883 3 5845 
5000 12332 13025 370 12769 239 923 11847 3 5790 
5100 12375 13028 296 12762 237 866 11839 3 5816 
5200 12417 13051 237 12786 232 773 11906 4 5916 
5300 12438 13020 217 12755 231 736 11887 3 5988 
5400 12441 13006 209 12751 230 721 11904 4 6121 
5500 12444 13005 198 12730 229 710 11908 3 6215 
5600 12460 12989 184 12727 227 708 11927 3 6286 
5700 12447 12960 148 12681 231 702 11904 3 6352 
5800 12517 13063 133 12792 227 700 12067 3 6567 
5900 12523 13014 107 12712 226 701 11990 3 6592 
6000 12538 12984 92 12696 227 699 11995 3 6679 
6100 12514 13027 71 12726 228 699 12066 3 6808 
6200 12582 13049 62 12761 219 699 12082 5 6927 
6300 11958 13033 63 12765 219 699 12073 5 7011 
6400 12047 13041 64 12783 219 699 12067 5 7078 
6500 12151 13026 71 12768 219 699 12080 5 7108 
6600 12216 13014 72 12769 220 699 12080 5 7158 
6700 12229 13045 77 12792 222 702 12110 5 7197 
6800 12320 13091 82 12853 220 701 12150 5 7243 
6900 12300 13084 86 12852 219 701 12167 6 7276 
7000 12303 13129 89 12907 221 700 12236 6 7348 
7100 12323 13124 84 12906 227 703 12254 5 7344 
7200 12218 13099 78 12878 219 706 12218 5 7328 
7300 12313 13057 79 12848 219 706 12165 5 7366 
7400 12405 13090 80 12897 219 706 12218 5 7440 
7500 12434 13120 78 12918 220 702 12250 5 7482 
7600 12452 13118 78 12925 219 701 12250 5 7484 
7700 12492 13143 79 12954 219 701 12280 5 7524 
7800 12490 13142 73 12949 219 700 12278 5 7511 
7900 12525 13156 75 12965 219 700 12296 5 7541 
8000 12532 13136 76 12973 219 702 12289 7 7550 
8100 12516 13102 74 12930 219 700 12220 6 7501 
8200 12529 13104 75 12947 220 702 12264 5 7531 
8300 12520 13098 71 12941 219 700 12266 6 7526 
8400 12544 13099 66 12939 223 699 12274 5 7556 
8500 12486 13092 60 12946 224 702 12273 5 7566 
8600 12502 13103 60 12956 221 700 12265 5 7573 
8700 12512 13108 62 12955 220 700 12294 5 7611 
8800 12480 13064 53 12897 220 698 12258 5 7590 
8900 12470 13083 52 12917 221 702 12267 7 7597 
9000 12471 13053 49 12898 222 700 12246 5 7634 
9100 12497 13091 53 12925 221 698 12283 5 7723 
9200 12521 13129 52 12950 221 700 12321 4 7780 
9300 12500 13113 45 12926 221 700 12321 4 7815 
9400 12515 13113 43 12939 219 696 12317 5 7848 
9500 12508 13088 44 12935 219 696 12321 51 7886 
9600 12528 13126 42 12978 218 696 12351 162 7935 
9700 12501 13085 46 12933 218 696 12304 268 7889 
9800 12486 13072 42 12921 218 698 12293 410 7897 
9900 12502 13103 46 12935 212 700 12315 544 7950 
10000 12508 13111 47 12950 203 702 12334 604 7985 
