# Avida tasks data
# Sat Apr 22 22:38:46 2023
# First column gives the current update, next columns give the number
# of organisms that have the particular task as a component of their merit
#  1: Update
#  2: Not
#  3: Nand
#  4: And
#  5: OrNot
#  6: Or
#  7: AndNot
#  8: Nor
#  9: Xor
# 10: Equals

0 0 0 0 0 0 0 0 0 0 
100 0 0 0 0 0 0 0 0 0 
200 0 0 0 0 0 0 0 0 0 
300 0 0 0 0 0 0 0 0 0 
400 0 0 0 0 0 0 0 0 0 
500 7 0 0 0 0 0 0 0 0 
600 44 0 0 0 0 0 0 0 0 
700 85 2 0 3 0 0 0 0 0 
800 231 14 5 14 0 42 0 0 0 
900 382 163 663 852 0 8 0 0 0 
1000 681 282 2145 2476 0 26 0 0 0 
1100 944 515 3309 3683 1 45 0 0 0 
1200 1022 1294 4218 4630 0 550 0 0 0 
1300 1060 2474 5105 5530 0 1375 2 0 0 
1400 1112 3278 5889 6342 0 2153 5 0 0 
1500 1243 4193 6726 7246 1 3043 0 0 0 
1600 1324 5285 7773 8242 0 4031 5 0 0 
1700 1512 6228 8739 9243 56 4968 27 0 0 
1800 1660 7066 9460 9988 28 5628 104 0 0 
1900 1766 7511 10139 10702 82 6319 213 0 0 
2000 1957 7914 10691 11268 224 6860 411 0 0 
2100 2256 8347 11296 11835 289 7303 784 0 0 
2200 2839 8440 11547 12096 609 7396 1114 2 0 
2300 2855 8475 11684 12185 1006 7500 2254 0 0 
2400 2484 8739 11625 12161 2231 7974 3373 0 0 
2500 2273 9044 11680 12156 3242 8561 4183 0 0 
2600 2141 9314 11719 12196 4127 9035 4915 0 0 
2700 2041 9540 11678 12135 5004 9452 5651 0 0 
2800 1943 9811 11770 12204 5738 9805 6337 0 0 
2900 1855 9836 11771 12189 6455 10025 6938 1 0 
3000 1854 9971 11879 12284 7138 10201 7615 0 0 
3100 1991 10041 11902 12290 7787 10442 8189 0 0 
3200 1996 10115 11902 12357 8413 10650 8811 2 2 
3300 2017 10211 11854 12291 8848 10833 9136 0 1 
3400 2082 10237 11926 12298 9354 10904 9598 0 0 
3500 2158 10370 11994 12350 9748 11009 9962 0 0 
3600 2330 10433 12051 12423 10110 11093 10306 0 0 
3700 2527 10610 12127 12506 10374 11253 10581 3 1 
3800 2604 10780 12209 12608 10748 11269 10954 0 0 
3900 2803 10922 12158 12588 10880 11296 11082 2 2 
4000 3072 10992 12239 12665 11104 11423 11293 7 6 
4100 3283 11138 12157 12633 11206 11482 11354 9 9 
4200 3308 11195 12272 12698 11344 11494 11606 8 8 
4300 3423 11278 12190 12625 11426 11536 11662 1 1 
4400 3466 11310 12268 12734 11636 11600 11843 1 0 
4500 3558 11429 12250 12742 11741 11778 11957 0 0 
4600 3731 11532 12346 12812 11771 11745 12028 1 0 
4700 3925 11609 12294 12763 11707 11804 11983 1 0 
4800 4185 11689 12435 12833 11809 11802 12070 0 2 
4900 4394 11555 12369 12803 11772 11700 12029 2 2 
5000 4549 11663 12461 12878 11804 11812 12089 4 0 
5100 4788 11686 12382 12766 11753 11774 12003 5 0 
5200 4969 11757 12403 12909 11772 11978 12056 1 0 
5300 5117 11800 12398 12865 11859 11925 12159 1 1 
5400 5331 11764 12516 12961 11985 11909 12235 0 0 
5500 5518 11711 12454 12889 11858 11806 12069 0 0 
5600 5783 11780 12492 12888 11842 11809 12088 5 0 
5700 6105 11732 12431 12851 11768 11871 12048 0 0 
5800 6547 11811 12413 12896 11916 11801 12200 0 0 
5900 6791 11867 12460 12858 11791 11868 12075 3 1 
6000 6970 11812 12504 12943 11858 11842 12169 7 5 
6100 7238 11872 12434 12873 11778 11896 12055 4 4 
6200 7601 11823 12484 12888 11864 11899 12110 0 0 
6300 7834 11851 12406 12823 11821 11850 12069 0 0 
6400 8283 11934 12467 12851 11810 11931 12063 1 1 
6500 8344 11974 12455 12849 11840 11985 12127 1 0 
6600 8679 12012 12453 12875 11838 12026 12172 5 2 
6700 9008 11959 12517 12952 11926 11978 12229 0 0 
6800 9328 11897 12524 12877 11916 11848 12184 5 1 
6900 9656 11861 12444 12859 11905 11905 12168 0 1 
7000 9867 12052 12554 12985 11940 12056 12209 0 0 
7100 10227 12008 12532 12935 11880 12000 12137 0 0 
7200 10410 11952 12370 12881 11773 11861 12041 1 0 
7300 10484 11873 12353 12864 11871 11751 12059 0 0 
7400 10782 12017 12311 12862 11700 11890 11950 15 15 
7500 11122 12078 12528 12940 11825 11957 12114 29 29 
7600 11269 12073 12474 12949 11852 11944 12113 44 44 
7700 11458 12082 12344 12859 11767 11963 12013 53 40 
7800 11593 12072 12407 12847 11435 11914 11932 249 44 
7900 11529 12190 12352 12832 11178 11946 12016 589 43 
8000 11732 12172 12553 12909 10774 12019 12120 1056 34 
8100 11865 12194 12479 12912 10262 12039 12145 1599 43 
8200 11880 12219 12459 12867 9680 12097 12095 2128 19 
8300 11988 12280 12466 12881 8978 12139 12124 2868 22 
8400 12097 12321 12539 12824 8150 12251 12037 3635 19 
8500 12267 12276 12505 12762 7295 12181 12142 4470 24 
8600 12357 12300 12625 12872 6508 12263 12202 5333 27 
8700 12348 12453 12525 12847 5587 12359 12083 6275 16 
8800 12457 12486 12576 12760 4715 12314 12045 7089 12 
8900 12525 12484 12617 12793 4075 12287 12146 7915 14 
9000 12349 12532 12532 12726 3439 12227 12083 8500 2 
9100 12283 12643 12703 12894 2895 12401 12118 9236 1 
9200 12081 12555 12699 12876 2558 12419 12154 9810 2 
9300 11798 12533 12662 12798 2425 12434 12100 10141 1 
9400 11279 12668 12651 12788 2502 12506 12027 10499 2 
9500 10945 12781 12785 12792 2544 12529 12125 10982 1 
9600 10593 12814 12725 12891 2770 12572 12196 11370 2 
9700 10191 12881 12689 12759 3021 12613 12100 11400 0 
9800 10001 12777 12708 12820 3482 12549 12143 11587 0 
9900 9643 12819 12687 12775 3994 12512 12062 11586 2 
10000 9394 12914 12654 12865 4557 12695 12138 11619 0 
