# Avida tasks data
# Sun Apr 23 08:01:41 2023
# First column gives the current update, next columns give the number
# of organisms that have the particular task as a component of their merit
#  1: Update
#  2: Not
#  3: Nand
#  4: And
#  5: OrNot
#  6: Or
#  7: AndNot
#  8: Nor
#  9: Xor
# 10: Equals

0 0 0 0 0 0 0 0 0 0 
100 0 0 0 0 0 0 0 0 0 
200 0 0 0 0 0 0 0 0 0 
300 0 0 0 0 0 0 0 0 0 
400 0 0 0 0 0 0 0 0 0 
500 0 0 0 0 0 0 0 0 0 
600 1359 0 0 2 0 0 0 0 0 
700 3155 9 0 124 0 0 0 0 0 
800 4367 2113 0 1489 5 0 0 0 0 
900 6397 4662 0 4147 21 0 0 0 0 
1000 7740 6471 0 6114 23 0 0 0 0 
1100 8859 8291 0 7968 25 0 0 0 0 
1200 9825 9799 0 9568 27 0 0 0 0 
1300 10404 10818 0 10582 41 0 0 0 0 
1400 10623 11700 0 11415 35 0 0 0 0 
1500 11050 12273 0 12067 38 0 0 0 0 
1600 11216 12747 0 12581 40 0 0 0 0 
1700 11261 13123 0 12909 60 0 0 0 0 
1800 11330 13248 0 13015 49 0 0 0 0 
1900 11355 13306 0 13064 49 0 0 0 0 
2000 11447 13357 0 13131 43 0 0 0 0 
2100 11459 13386 0 13081 42 0 0 0 0 
2200 11499 13404 0 13174 43 0 0 0 0 
2300 11490 13341 0 13067 44 0 0 0 0 
2400 11577 13384 0 13116 64 0 0 0 0 
2500 11559 13376 0 13100 43 0 0 0 0 
2600 11764 13369 0 13107 49 0 0 0 0 
2700 11869 13326 0 13128 70 0 5 0 0 
2800 11977 13409 0 13151 63 0 63 0 0 
2900 11912 13347 0 12873 48 0 199 0 0 
3000 12071 13425 4 12723 53 0 412 0 0 
3100 12130 13359 3 12459 47 3 624 0 0 
3200 12249 13377 0 12232 50 0 890 0 0 
3300 12295 13364 0 11834 39 2 1262 0 0 
3400 12451 13404 1 11326 47 0 1792 0 0 
3500 12464 13400 0 10751 32 0 2283 0 0 
3600 12582 13368 0 10158 38 0 2953 0 0 
3700 12709 13398 2 9640 39 11 3478 0 0 
3800 12845 13402 32 9081 46 7 3978 0 0 
3900 12838 13415 671 8553 34 12 4547 0 0 
4000 12795 13338 1917 7851 40 22 5115 0 0 
4100 12955 13437 3167 7064 33 20 5911 0 0 
4200 13007 13418 4551 6033 22 40 6852 0 0 
4300 13062 13304 5881 5025 24 67 7806 0 0 
4400 13139 13334 7317 4030 21 74 8784 0 0 
4500 13317 13395 8579 3193 19 70 9588 0 0 
4600 13364 13308 9815 2392 29 93 10306 0 0 
4700 13375 13293 10718 1819 16 106 10883 0 0 
4800 13404 13342 11327 1385 15 113 11389 0 0 
4900 13462 13369 11749 1374 16 113 11764 0 0 
5000 13431 13305 11967 1870 11 101 12041 0 0 
5100 13417 13385 12227 2683 2 91 12193 0 0 
5200 13443 13285 12300 3830 6 129 12201 0 0 
5300 13396 13360 12445 4915 5 138 12292 0 0 
5400 13406 13341 12406 6090 6 119 12368 0 0 
5500 13496 13351 12450 7265 10 128 12468 0 0 
5600 13494 13436 12590 8362 11 123 12557 0 0 
5700 13445 13332 12407 9386 7 123 12486 0 0 
5800 13433 13325 12503 10410 9 123 12438 0 0 
5900 13447 13328 12472 11098 0 120 12440 0 0 
6000 13484 13391 12602 11719 9 108 12486 0 0 
6100 13444 13413 12549 12134 9 107 12573 0 0 
6200 13439 13352 12483 12338 10 132 12465 0 0 
6300 13514 13360 12494 12581 4 109 12486 0 0 
6400 13471 13367 12474 12840 5 131 12500 0 0 
6500 13525 13401 12633 13022 11 134 12599 0 0 
6600 13451 13335 12566 12978 6 99 12530 0 0 
6700 13423 13385 12568 13047 4 119 12596 0 0 
6800 13495 13352 12511 13069 6 119 12457 0 0 
6900 13429 13445 12630 13154 6 90 12614 0 0 
7000 13468 13371 12473 13140 7 125 12534 0 0 
7100 13492 13376 12564 13115 2 121 12521 0 0 
7200 13500 13357 12449 13141 5 130 12519 0 0 
7300 13435 13380 12544 13210 5 124 12510 0 0 
7400 13501 13419 12575 13105 5 129 12590 0 0 
7500 13467 13372 12522 13104 2 110 12584 0 0 
7600 13488 13379 12526 13172 4 131 12545 0 0 
7700 13418 13434 12617 13208 6 116 12585 0 0 
7800 13501 13403 12607 13107 11 94 12509 0 0 
7900 13526 13464 12604 13255 1 108 12632 0 0 
8000 13568 13419 12587 13152 6 129 12553 0 0 
8100 13503 13415 12575 13155 1 120 12600 0 0 
8200 13558 13399 12526 13098 3 120 12508 0 0 
8300 13580 13499 12709 13161 5 109 12686 0 0 
8400 13483 13419 12626 13228 6 121 12520 0 0 
8500 13496 13436 12594 13212 4 116 12599 0 0 
8600 13575 13471 12646 13137 17 116 12605 0 0 
8700 13579 13419 12538 13215 10 123 12540 0 0 
8800 13517 13378 12568 13144 7 128 12539 0 0 
8900 13492 13369 12575 13117 5 128 12615 0 0 
9000 13509 13462 12646 13156 9 107 12647 0 0 
9100 13557 13527 12687 13241 9 99 12711 0 0 
9200 13549 13488 12678 13267 5 109 12646 0 0 
9300 13592 13494 12700 13231 0 114 12690 0 0 
9400 13497 13477 12648 13188 11 110 12637 0 0 
9500 13549 13481 12657 13181 7 116 12697 0 0 
9600 13554 13449 12679 13232 12 100 12586 0 0 
9700 13602 13576 12801 13229 5 77 12828 0 0 
9800 13549 13537 12734 13277 4 118 12705 0 0 
9900 13623 13588 12818 13258 3 106 12752 0 0 
10000 13569 13515 12725 13258 6 102 12702 0 0 
