# Avida tasks data
# Sat Apr 22 22:16:04 2023
# First column gives the current update, next columns give the number
# of organisms that have the particular task as a component of their merit
#  1: Update
#  2: Not
#  3: Nand
#  4: And
#  5: OrNot
#  6: Or
#  7: AndNot
#  8: Nor
#  9: Xor
# 10: Equals

0 0 0 0 0 0 0 0 0 0 
100 0 0 0 0 0 0 0 0 0 
200 0 0 0 0 0 0 0 0 0 
300 0 0 0 0 0 0 0 0 0 
400 0 0 0 0 0 0 0 0 0 
500 14 0 0 0 0 0 0 0 0 
600 14 0 0 0 0 0 0 0 0 
700 23 0 33 1 0 0 0 0 0 
800 24 2 179 0 0 0 0 0 0 
900 1209 1381 84 6 1138 1210 0 0 0 
1000 1705 1911 19 3 1608 1774 0 0 0 
1100 2045 2276 16 18 1896 2121 0 0 0 
1200 2399 2620 17 6 2262 2469 2 0 0 
1300 2899 3157 22 308 2679 2945 0 0 0 
1400 3666 4048 24 1145 3392 3777 0 0 0 
1500 4499 4929 35 2031 4206 4634 0 0 0 
1600 5392 5839 25 2913 4996 5485 0 0 0 
1700 5749 6147 27 3190 5251 5777 0 0 0 
1800 6147 6531 32 3553 5550 6133 2 0 0 
1900 6767 7118 26 4116 6098 6736 0 0 0 
2000 7205 7547 29 3946 6460 7135 0 0 0 
2100 7387 7733 27 3885 6634 7330 0 0 0 
2200 7386 7732 27 3885 6631 7329 0 0 0 
2300 7384 7730 27 3885 6629 7327 0 0 0 
2400 7382 7729 27 3885 6625 7323 0 0 0 
2500 7381 7728 27 3885 6626 7324 0 0 0 
2600 7382 7729 27 3885 6628 7325 0 0 0 
2700 7383 7730 27 3885 6629 7326 0 0 0 
2800 7382 7729 27 3885 6628 7325 0 0 0 
2900 7381 7728 27 3885 6627 7324 0 0 0 
3000 7382 7729 27 3885 6628 7325 0 0 0 
3100 7379 7726 27 3885 6625 7322 0 0 0 
3200 7380 7727 27 3885 6627 7323 0 0 0 
3300 7381 7728 27 3885 6628 7324 0 0 0 
3400 7385 7732 27 3885 6635 7328 0 0 0 
3500 7384 7731 27 3885 6632 7327 0 0 0 
3600 7383 7730 27 3885 6631 7326 0 0 0 
3700 7381 7728 27 3885 6630 7325 0 0 0 
3800 7380 7727 27 3885 6630 7324 0 0 0 
3900 7378 7725 27 3884 6624 7322 0 0 0 
4000 7378 7725 27 3884 6624 7322 0 0 0 
4100 7375 7722 27 3884 6621 7319 0 0 0 
4200 7373 7720 27 3884 6621 7317 0 0 0 
4300 7374 7721 27 3884 6620 7318 0 0 0 
4400 7375 7722 27 3884 6621 7319 0 0 0 
4500 7376 7723 27 3884 6622 7320 0 0 0 
4600 7375 7722 27 3884 6621 7319 0 0 0 
4700 7377 7724 27 3884 6624 7321 0 0 0 
4800 7377 7724 27 3884 6624 7321 0 0 0 
4900 7377 7724 27 3884 6623 7321 0 0 0 
5000 7378 7725 27 3884 6625 7322 0 0 0 
5100 7382 7729 27 3884 6629 7326 0 0 0 
5200 7383 7730 27 3884 6630 7327 0 0 0 
5300 7384 7731 27 3884 6631 7328 0 0 0 
5400 7385 7732 27 3884 6632 7329 0 0 0 
5500 7385 7732 27 3884 6632 7327 0 0 0 
5600 7382 7731 27 3884 6633 7327 0 0 0 
5700 7385 7734 27 3884 6636 7330 0 0 0 
5800 7386 7735 27 3884 6637 7331 0 0 0 
5900 7386 7735 27 3884 6637 7331 0 0 0 
6000 7388 7737 27 3883 6639 7333 0 0 0 
6100 7392 7741 27 3883 6641 7337 0 0 0 
6200 7393 7742 27 3883 6642 7338 0 0 0 
6300 7392 7741 27 3883 6641 7337 0 0 0 
6400 7391 7740 27 3883 6641 7336 0 0 0 
6500 7392 7741 27 3883 6642 7337 0 0 0 
6600 7391 7740 27 3883 6642 7337 0 0 0 
6700 7391 7740 27 3883 6642 7337 0 0 0 
6800 7391 7740 27 3882 6643 7337 0 0 0 
6900 7387 7736 27 3882 6639 7333 0 0 0 
7000 7386 7735 27 3882 6638 7332 0 0 0 
7100 7385 7734 27 3882 6635 7331 0 0 0 
7200 7385 7734 27 3882 6633 7329 0 0 0 
7300 7388 7738 27 3881 6637 7333 0 0 0 
7400 7385 7735 27 3881 6634 7330 0 0 0 
7500 7388 7738 27 3881 6637 7333 0 0 0 
7600 7388 7738 27 3881 6635 7333 0 0 0 
7700 7384 7736 27 3881 6632 7331 0 0 0 
7800 7384 7736 27 3881 6633 7331 0 0 0 
7900 7384 7736 27 3881 6634 7331 0 0 0 
8000 7385 7737 27 3881 6635 7332 0 0 0 
8100 7385 7737 27 3881 6635 7332 0 0 0 
8200 7383 7735 27 3881 6633 7330 0 0 0 
8300 7384 7736 27 3881 6634 7331 0 0 0 
8400 7386 7738 27 3881 6636 7333 0 0 0 
8500 7385 7737 27 3881 6635 7332 0 0 0 
8600 7385 7737 27 3881 6635 7332 0 0 0 
8700 7389 7742 27 3881 6636 7333 0 0 0 
8800 7390 7743 27 3881 6637 7334 0 0 0 
8900 7389 7742 27 3881 6637 7334 0 0 0 
9000 7388 7741 27 3881 6636 7333 0 0 0 
9100 7387 7740 27 3881 6635 7332 0 0 0 
9200 7389 7742 27 3881 6637 7334 0 0 0 
9300 7389 7742 27 3881 6637 7334 0 0 0 
9400 7387 7740 27 3881 6636 7332 0 0 0 
9500 7385 7738 27 3881 6634 7330 0 0 0 
9600 7387 7740 27 3881 6636 7332 0 0 0 
9700 7386 7739 27 3881 6635 7331 0 0 0 
9800 7388 7739 27 3881 6637 7331 0 0 0 
9900 7384 7735 27 3881 6633 7327 0 0 0 
10000 7384 7735 27 3881 6633 7327 0 0 0 
