# Avida tasks data
# Sat Apr 22 14:55:23 2023
# First column gives the current update, next columns give the number
# of organisms that have the particular task as a component of their merit
#  1: Update
#  2: Not
#  3: Nand
#  4: And
#  5: OrNot
#  6: Or
#  7: AndNot
#  8: Nor
#  9: Xor
# 10: Equals

0 0 0 0 0 0 0 0 0 0 
100 0 0 0 0 0 0 0 0 0 
200 0 0 0 0 0 0 0 0 0 
300 0 0 0 0 0 0 0 0 0 
400 0 0 0 0 0 0 0 0 0 
500 0 0 0 0 0 0 0 0 0 
600 2 0 0 0 0 0 0 0 0 
700 22 92 0 502 0 0 0 0 0 
800 67 1445 0 2251 12 34 0 0 0 
900 319 3047 1 3932 186 110 0 0 0 
1000 872 4668 102 5848 932 46 0 0 0 
1100 1586 6223 102 7176 2298 254 0 0 0 
1200 2263 7024 84 7955 3250 571 62 0 0 
1300 2988 7802 41 8652 3844 917 323 0 0 
1400 4144 8254 75 9048 4644 2825 130 0 0 
1500 5547 8583 96 9401 5314 4197 71 0 0 
1600 6716 9083 117 9898 6204 5413 75 0 0 
1700 7759 10006 144 10606 7338 6515 78 0 0 
1800 8715 10853 163 11201 8309 7332 86 0 0 
1900 9854 11523 170 11794 9377 8185 203 0 0 
2000 10472 12093 182 12194 10262 8578 429 0 0 
2100 11148 12309 167 12452 10748 8705 685 0 0 
2200 11440 12638 165 12682 11197 8846 982 1 0 
2300 11728 12857 194 12865 11568 8796 1308 0 0 
2400 11769 13079 169 12994 11691 8556 1678 0 0 
2500 12110 13232 169 13130 11791 8116 2239 0 0 
2600 12197 13275 173 13262 11934 7754 2854 2 0 
2700 12141 13314 157 13245 11852 7032 3478 0 0 
2800 12202 13426 128 13303 11949 6495 4116 6 0 
2900 12176 13343 134 13255 11917 5674 4806 0 0 
3000 12249 13362 113 13330 11942 5078 5559 0 0 
3100 12098 13308 135 13319 11926 4471 6097 0 0 
3200 12107 13304 116 13333 11894 3995 6595 0 0 
3300 12298 13398 91 13353 11919 3447 7078 2 0 
3400 12220 13414 108 13378 11923 3101 7593 0 0 
3500 12345 13401 87 13305 11860 2708 8005 0 0 
3600 12139 13352 109 13191 11699 2190 8421 0 0 
3700 12223 13380 96 13151 11874 1955 8901 0 0 
3800 12364 13394 83 13021 11775 1920 9266 0 0 
3900 12507 13337 82 13257 11755 2758 9581 0 0 
4000 12630 13338 95 13184 11712 4138 9793 0 0 
4100 12901 13429 99 13145 11748 5526 10063 0 0 
4200 12987 13335 104 13235 11829 6683 10134 0 4 
4300 13223 13341 139 13121 11787 8056 10129 0 0 
4400 13353 13386 113 13141 11951 9174 10511 0 0 
4500 13409 13326 123 13057 11838 10074 10346 0 0 
4600 13543 13325 121 13052 11936 10924 10474 0 0 
4700 13651 13341 144 13058 11947 11501 10419 0 0 
4800 13696 13383 114 13096 11942 12043 10453 0 0 
4900 13715 13319 138 12954 11863 12392 10357 0 2 
5000 13759 13294 148 13075 11846 12630 10455 0 0 
5100 13743 13346 124 13049 11922 12927 10503 0 0 
5200 13716 13408 119 13002 11980 13080 10557 0 0 
5300 13738 13378 115 12868 11885 13080 10411 0 0 
5400 13744 13372 155 12983 11942 13041 10476 0 1 
5500 13763 13306 148 12930 11770 12968 10296 0 0 
5600 13751 13338 141 12961 11858 13036 10473 0 0 
5700 13761 13341 139 13029 11927 12946 10461 0 0 
5800 13836 13381 145 13075 11968 13094 10513 0 0 
5900 13736 13342 132 13044 11955 13073 10503 0 0 
6000 13761 13403 126 13078 11995 13095 10535 0 0 
6100 13752 13335 142 13045 11972 13046 10481 0 2 
6200 13753 13364 130 12995 11890 13022 10447 0 0 
6300 13686 13344 133 13015 11939 13024 10514 0 0 
6400 13713 13310 129 12945 11944 12959 10490 0 0 
6500 13764 13334 134 12988 11895 13008 10392 0 0 
6600 13707 13365 113 12999 11931 13083 10544 0 0 
6700 13785 13300 131 13045 11885 13016 10404 0 0 
6800 13718 13277 149 12944 11871 12954 10381 0 0 
6900 13734 13335 141 12986 11956 13063 10579 0 0 
7000 13701 13443 135 12971 11994 13170 10649 0 0 
7100 13688 13371 131 12916 11996 13033 10493 0 0 
7200 13700 13446 121 12964 12014 13164 10576 0 73 
7300 13698 13397 143 12971 11968 13112 10161 0 387 
7400 13683 13349 153 12986 12034 13085 9529 0 1063 
7500 13644 13368 177 12972 12092 13094 8811 0 1842 
7600 13746 13337 184 12938 12092 13139 7951 0 2779 
7700 13645 13366 182 12910 12096 13188 9066 2 3512 
7800 13624 13302 175 12995 12016 13157 9923 0 4269 
7900 13578 13286 172 12886 11920 13107 10546 0 5097 
8000 13595 13290 188 12756 11974 13189 10925 0 6166 
8100 13512 13280 175 12744 11881 13093 11105 0 7201 
8200 13521 13215 187 12715 11858 13110 11235 0 8171 
8300 13464 13263 219 12730 11878 13098 11488 2 8941 
8400 13486 13284 258 12699 11861 13239 11478 2 9482 
8500 13408 13190 469 12636 11658 13059 11425 31 9745 
8600 13425 13228 855 12656 11768 13145 11602 73 10165 
8700 13459 13211 1624 12670 11556 13123 11548 175 10277 
8800 13471 13188 2806 12703 11462 13091 11556 327 10417 
8900 13534 13281 3721 12696 11331 13174 11581 402 10492 
9000 13529 13200 4522 12593 11221 13095 11547 499 10617 
9100 13528 13139 5275 12674 11104 13077 11438 474 10550 
9200 13529 13154 6218 12729 11007 13078 11479 576 10564 
9300 13621 13235 7119 12745 11115 13124 11602 597 10665 
9400 13668 13201 7782 12747 11068 13106 11518 583 10602 
9500 13709 13174 8320 12785 10966 13097 11419 589 10625 
9600 13710 13186 9005 12787 11111 13110 11575 585 10642 
9700 13721 13156 9582 12748 11156 13081 11471 535 10602 
9800 13767 13191 10155 12842 11226 13151 11598 518 10714 
9900 13727 13101 10543 12845 11123 13033 11455 462 10557 
10000 13752 13093 10802 12905 11190 13071 11479 454 10635 
