# Avida tasks data
# Sun Apr 23 02:15:18 2023
# First column gives the current update, next columns give the number
# of organisms that have the particular task as a component of their merit
#  1: Update
#  2: Not
#  3: Nand
#  4: And
#  5: OrNot
#  6: Or
#  7: AndNot
#  8: Nor
#  9: Xor
# 10: Equals

0 0 0 0 0 0 0 0 0 0 
100 0 0 0 0 0 0 0 0 0 
200 0 0 0 0 0 0 0 0 0 
300 0 0 0 0 0 0 0 0 0 
400 0 0 0 0 0 0 0 0 0 
500 0 0 0 0 0 0 0 0 0 
600 0 0 0 0 0 0 0 0 0 
700 0 0 0 0 0 0 0 0 0 
800 0 0 0 0 0 0 0 0 0 
900 0 0 0 0 0 0 0 0 0 
1000 202 2 0 0 0 0 0 0 0 
1100 709 159 0 0 0 0 0 0 0 
1200 1657 1406 0 1154 0 0 0 0 0 
1300 3568 3774 0 3332 10 1 0 0 0 
1400 5323 5654 0 5097 112 1 1530 0 0 
1500 6727 7060 0 6499 152 2 3408 0 0 
1600 7575 8098 2 7481 466 1 4885 0 0 
1700 8477 8859 500 8211 873 9 6212 0 0 
1800 9285 9653 1126 9032 1059 17 7680 0 1013 
1900 10303 10732 773 9987 1039 25 8778 0 2868 
2000 11295 11605 585 10857 938 16 9651 0 4378 
2100 11962 12165 448 11327 890 13 10224 536 5598 
2200 12113 12268 364 11300 833 23 10397 2074 6330 
2300 12246 12441 257 11371 684 29 10659 3417 7126 
2400 12276 12470 186 11374 501 42 10699 4674 7795 
2500 12361 12526 773 11356 381 46 10737 5672 8263 
2600 12291 12483 2408 11316 177 55 10721 6371 8716 
2700 12353 12505 3787 11274 90 60 10722 7048 9146 
2800 12359 12634 5319 11396 66 61 10928 7723 9518 
2900 12575 12818 6602 11601 49 49 11156 8249 9822 
3000 12753 12955 7693 11702 36 68 11247 8615 9927 
3100 12890 13042 8710 11916 29 80 11390 8949 10121 
3200 13050 13252 9489 11954 32 90 11470 9297 10313 
3300 13146 13262 10264 12035 30 73 11596 9630 10551 
3400 13151 13244 10719 12071 35 102 11607 9820 10650 
3500 13171 13300 11175 12076 16 77 11604 10000 10707 
3600 13280 13410 11668 12140 14 100 11692 10157 10795 
3700 13262 13418 11860 12183 18 92 11735 10327 10905 
3800 13309 13352 12058 12176 16 93 11730 10354 10799 
3900 13369 13387 12178 12103 8 96 11660 10411 10787 
4000 13371 13428 12376 12168 10 106 11715 10494 10846 
4100 13362 13411 12424 12176 23 120 11763 10566 10872 
4200 13357 13415 12495 12199 17 135 11801 10633 10910 
4300 13302 13457 12589 12211 19 221 11742 10531 10855 
4400 13343 13441 12586 12170 16 333 11840 10756 11017 
4500 13308 13478 12589 12141 12 445 11760 10625 10915 
4600 13335 13455 12563 12257 20 700 11930 10793 11095 
4700 13379 13475 12604 12146 8 903 11836 10684 11022 
4800 13392 13444 12680 12232 16 1163 11881 10718 11035 
4900 13414 13462 12630 12244 16 1391 11916 10781 11117 
5000 13300 13445 12593 12196 13 1684 11809 10623 10974 
5100 13389 13534 12648 12351 20 1997 11982 10874 11112 
5200 13360 13498 12659 12210 6 2333 11879 10763 11010 
5300 13317 13492 12587 12232 12 2663 11847 10699 10965 
5400 13275 13479 12696 12319 12 3002 11974 10904 11149 
5500 13349 13482 12699 12292 13 3499 11962 10817 11140 
5600 13299 13486 12652 12255 21 3855 11937 10815 11146 
5700 13315 13435 12690 12275 20 4434 11887 10757 11058 
5800 13284 13464 12675 12272 12 5019 11821 10739 11039 
5900 13313 13431 12606 12128 11 5500 11832 10707 11021 
6000 13237 13440 12792 12266 16 6205 11876 10746 11061 
6100 13295 13465 12588 12210 24 6690 11834 10742 11029 
6200 13332 13450 12550 12142 23 7358 11811 10622 10916 
6300 13275 13471 12630 12198 11 7820 11816 10581 10959 
6400 13358 13472 12679 12139 18 8667 11830 10678 10978 
6500 13372 13396 12757 12158 10 9327 11725 10681 10990 
6600 13286 13432 12634 12172 13 9915 11745 10575 10930 
6700 13288 13407 12624 12213 10 10412 11770 10671 10992 
6800 13329 13456 12644 12228 8 10943 11775 10615 10906 
6900 13297 13388 12600 12149 24 11212 11842 10618 10997 
7000 13318 13412 12644 12161 16 11598 11721 10608 10959 
7100 13259 13463 12569 12122 8 11867 11777 10654 10856 
7200 13273 13425 12668 12159 17 11979 11753 10599 10879 
7300 13291 13461 12680 12222 12 12120 11840 10679 11051 
7400 13370 13439 12714 12135 25 12267 11809 10647 10961 
7500 13297 13482 12609 12138 14 12374 11805 10601 10895 
7600 13297 13498 12602 12116 14 12303 11805 10647 10929 
7700 13258 13523 12650 12225 9 12364 11847 10693 11054 
7800 13330 13498 12575 12198 23 12326 11791 10682 10993 
7900 13303 13432 12732 12193 13 12412 11767 10652 10940 
8000 13365 13463 12643 12155 16 12383 11819 10654 10976 
8100 13330 13466 12645 12140 18 12456 11805 10735 11048 
8200 13363 13538 12696 12303 24 12451 11849 10683 10998 
8300 13368 13477 12652 12254 19 12388 11786 10625 10898 
8400 13389 13543 12711 12360 22 12610 12013 10886 11204 
8500 13444 13447 12690 12234 8 12549 11912 10870 11127 
8600 13360 13506 12563 12132 27 12496 11718 10589 10904 
8700 13313 13395 12683 12194 30 12474 11845 10721 11063 
8800 13435 13525 12665 12255 33 12456 11872 10733 11067 
8900 13409 13506 12768 12296 26 12525 11972 10895 11184 
9000 13374 13526 12722 12216 30 12535 11895 10845 11135 
9100 13361 13499 12699 12266 17 12530 11963 10817 11152 
9200 13316 13470 12703 12340 20 12491 11940 10912 11184 
9300 13369 13517 12678 12281 28 12596 11945 10836 11186 
9400 13435 13527 12783 12486 31 12577 11977 10928 11210 
9500 13375 13467 12694 12346 28 12550 11892 10831 11126 
9600 13455 13497 12800 12270 23 12684 12030 11012 11332 
9700 13375 13456 12659 12273 23 12593 11918 10756 11114 
9800 13415 13534 12809 12499 41 12611 12023 10925 11237 
9900 13437 13469 12692 12398 28 12640 12018 10893 11198 
10000 13460 13504 12731 12429 25 12460 12074 11005 11361 
