# Avida tasks data
# Sun Apr 23 05:10:59 2023
# First column gives the current update, next columns give the number
# of organisms that have the particular task as a component of their merit
#  1: Update
#  2: Not
#  3: Nand
#  4: And
#  5: OrNot
#  6: Or
#  7: AndNot
#  8: Nor
#  9: Xor
# 10: Equals

0 0 0 0 0 0 0 0 0 0 
100 0 0 0 0 0 0 0 0 0 
200 0 0 0 0 0 0 0 0 0 
300 0 0 0 0 0 0 0 0 0 
400 0 0 0 0 0 0 0 0 0 
500 1 0 0 0 0 0 0 0 0 
600 11 479 0 204 0 0 0 0 0 
700 2512 3243 0 2853 3 0 0 0 0 
800 4581 5411 0 4993 7 0 0 0 0 
900 6921 7664 0 7190 12 4 0 0 0 
1000 8500 9348 2 8913 24 1 0 0 0 
1100 9566 10379 5 9942 21 0 0 0 0 
1200 10188 10910 3 10474 17 0 0 0 0 
1300 10712 11612 0 10989 25 1 1 0 0 
1400 11050 11887 6 11368 22 2 0 0 0 
1500 11269 12232 0 11599 23 1 0 0 0 
1600 11539 12546 2 12005 23 0 0 0 0 
1700 11777 12744 0 12121 18 0 0 0 0 
1800 11804 12729 0 12165 12 0 0 0 0 
1900 11781 12850 0 11997 13 0 0 0 0 
2000 11851 12843 0 12182 11 0 0 0 0 
2100 11821 12795 7 12190 12 0 0 0 0 
2200 11842 12829 236 12219 19 3 0 0 0 
2300 11826 12884 853 12160 18 3 0 0 0 
2400 11925 12950 1785 12306 18 6 0 0 0 
2500 11935 12946 2875 12208 19 0 142 0 0 
2600 12024 12980 3621 12338 43 14 1362 0 0 
2700 12285 13062 4056 12477 44 7 2737 0 0 
2800 12464 13011 4136 12608 49 150 4020 0 0 
2900 12497 13088 4895 12611 10 546 5054 0 0 
3000 12653 13108 6720 12792 10 1568 5957 0 0 
3100 12805 13093 8452 12921 13 2644 6946 0 0 
3200 12930 13178 9844 12996 14 3841 7773 0 0 
3300 13093 13149 10831 13136 7 4717 8733 0 0 
3400 13199 13174 11505 13144 12 5782 9449 0 0 
3500 13316 13188 12056 13198 10 6736 10044 0 0 
3600 13374 13194 12559 13235 9 7554 10640 0 0 
3700 13350 13244 12734 13284 7 8360 11029 0 1 
3800 13359 13113 12756 13295 7 8814 11384 0 0 
3900 13457 13086 12723 13227 7 9470 11526 0 0 
4000 13452 13083 12683 13260 6 10082 11907 0 0 
4100 13466 13119 12750 13252 8 10503 12046 0 0 
4200 13516 13154 12710 13340 31 10820 12158 0 0 
4300 13499 13123 12638 13304 99 11120 12104 0 0 
4400 13456 13107 12770 13417 195 11241 12162 0 0 
4500 13517 13084 12678 13379 340 11331 12188 0 0 
4600 13488 13108 12706 13354 551 11613 12142 0 0 
4700 13488 13118 12734 13370 780 11859 12198 0 0 
4800 13494 13257 12742 13426 1096 12164 12158 0 0 
4900 13517 13196 12706 13385 1528 12149 12075 0 0 
5000 13531 13131 12717 13386 1976 12189 12173 0 0 
5100 13547 13213 12761 13420 2406 12202 12185 0 0 
5200 13477 13157 12737 13377 2802 12199 12139 0 0 
5300 13460 13162 12832 13398 3259 12225 12205 0 0 
5400 13438 13189 12828 13427 3765 12308 12167 0 0 
5500 13457 13116 12791 13395 4245 12139 12190 0 0 
5600 13343 13156 12702 13374 4736 12174 12185 0 0 
5700 13373 13143 12743 13413 5268 12268 12218 0 0 
5800 13465 13246 12852 13416 5763 12246 12193 0 0 
5900 13480 13278 12934 13484 6451 12394 12296 0 0 
6000 13458 13273 12822 13386 7018 12422 12227 0 0 
6100 13395 13178 12839 13466 7664 12375 12234 0 0 
6200 13492 13295 12889 13379 8111 12379 12205 0 0 
6300 13410 13291 12978 13404 8760 12330 12187 0 0 
6400 13397 13304 12861 13357 9278 12249 12264 0 7 
6500 13396 13289 12933 13450 9803 12245 12202 0 11 
6600 13388 13324 12982 13440 10390 12233 12257 0 10 
6700 13380 13261 12837 13352 10648 12363 12191 0 1 
6800 13408 13313 12994 13395 10891 12413 12145 0 0 
6900 13354 13371 12931 13407 11326 12459 12237 0 2 
7000 13374 13416 12929 13460 11540 12499 12268 0 0 
7100 13359 13391 12995 13481 11636 12465 12268 0 0 
7200 13417 13371 12876 13449 11811 12452 12322 0 3 
7300 13416 13429 12922 13388 11825 12490 12175 0 36 
7400 13338 13338 12845 13400 11869 12411 12206 0 34 
7500 13402 13468 13012 13394 11873 12505 12206 0 64 
7600 13365 13486 12956 13443 11975 12492 12260 0 84 
7700 13370 13420 12972 13425 11978 12409 12150 0 102 
7800 13364 13475 12864 13448 11943 12378 12162 0 134 
7900 13457 13465 12995 13503 11964 12481 12168 0 202 
8000 13424 13432 12957 13497 11966 12539 12122 0 276 
8100 13297 13356 12851 13442 11758 12392 11946 0 360 
8200 13373 13476 13046 13446 11680 12448 11866 0 438 
8300 13399 13405 12922 13412 11691 12498 11884 0 443 
8400 13327 13424 13005 13499 11649 12388 11835 0 470 
8500 13344 13447 12936 13466 11536 12510 11711 0 529 
8600 13288 13469 12972 13473 11518 12544 11685 0 584 
8700 13329 13437 12968 13412 11595 12301 11710 0 649 
8800 13330 13457 12889 13452 11479 12325 11571 0 789 
8900 13355 13482 12843 13453 11334 12514 11458 0 836 
9000 13357 13468 12968 13552 11365 12541 11539 0 933 
9100 13388 13499 12905 13463 11123 12355 11287 0 999 
9200 13343 13476 12903 13482 11242 12376 11403 0 1015 
9300 13407 13484 12953 13464 11120 12371 11268 0 1098 
9400 13355 13523 12929 13351 11042 12420 11169 0 1132 
9500 13380 13445 12987 13475 11035 12471 11176 0 1217 
9600 13313 13463 12981 13436 10827 12357 11034 0 1281 
9700 13318 13448 12814 13367 10735 12386 10941 0 1284 
9800 13355 13409 12948 13456 10720 12350 11061 0 1405 
9900 13409 13346 12938 13395 10722 12346 10936 0 1452 
10000 13406 13316 12930 13403 10578 12269 10775 0 1599 
