# Avida tasks data
# Sun Apr 23 03:43:05 2023
# First column gives the current update, next columns give the number
# of organisms that have the particular task as a component of their merit
#  1: Update
#  2: Not
#  3: Nand
#  4: And
#  5: OrNot
#  6: Or
#  7: AndNot
#  8: Nor
#  9: Xor
# 10: Equals

0 0 0 0 0 0 0 0 0 0 
100 0 0 0 0 0 0 0 0 0 
200 0 0 0 0 0 0 0 0 0 
300 0 0 0 0 0 0 0 0 0 
400 0 0 0 0 0 0 0 0 0 
500 0 0 0 0 0 0 0 0 0 
600 2 0 0 0 0 0 0 0 0 
700 18 0 0 0 0 0 0 0 0 
800 99 0 0 0 0 0 0 0 0 
900 395 43 0 23 0 0 0 0 0 
1000 863 1209 0 1241 70 0 0 0 0 
1100 2257 2562 0 2582 164 0 0 0 0 
1200 3707 4048 2 3842 118 0 0 0 0 
1300 5027 5319 2 5049 126 0 0 0 0 
1400 6367 6711 2 6338 112 10 0 0 0 
1500 7524 7699 0 7284 112 49 0 0 0 
1600 8174 8305 37 7848 104 582 0 0 0 
1700 8540 8713 1525 8005 66 1958 7 0 0 
1800 9256 9441 2827 8568 67 3040 14 0 0 
1900 9924 10216 3998 9109 57 3998 10 0 0 
2000 10659 11002 5239 9764 60 5169 16 0 0 
2100 11183 11598 6219 10180 50 6117 16 0 0 
2200 11677 12165 7234 10697 44 7082 10 0 0 
2300 12020 12598 7967 11009 48 7850 17 0 0 
2400 12318 12850 8607 11165 53 8390 16 0 0 
2500 12517 13056 9261 11273 41 9059 26 0 0 
2600 12525 13183 9877 11436 34 9673 25 0 0 
2700 12494 13273 10226 11342 40 10022 33 0 0 
2800 12576 13239 10712 11387 33 10436 36 0 0 
2900 12727 13219 11019 11291 33 10636 38 0 0 
3000 12686 13348 11034 11124 25 10685 30 0 0 
3100 12638 13344 11298 11146 31 10931 29 0 0 
3200 12618 13463 11569 11256 30 11113 37 0 0 
3300 12615 13465 11708 11300 28 11271 34 0 0 
3400 12650 13608 11823 11250 21 11353 28 0 0 
3500 12672 13585 11917 11255 31 11426 28 0 0 
3600 12740 13604 11898 11281 26 11417 37 0 0 
3700 12699 13594 11998 11333 30 11439 40 0 0 
3800 12671 13530 11921 11290 35 11403 44 0 0 
3900 12729 13550 11951 11406 27 11544 34 0 0 
4000 12695 13604 12013 11302 23 11515 26 0 0 
4100 12685 13544 11982 11278 20 11452 28 0 0 
4200 12712 13633 12031 11421 24 11621 28 0 0 
4300 12690 13560 11933 11274 27 11454 37 0 0 
4400 12643 13609 11885 11191 17 11329 30 0 0 
4500 12739 13526 11981 11380 24 11517 32 0 0 
4600 12769 13565 11943 11359 23 11513 36 0 0 
4700 12643 13542 11915 11341 28 11464 31 0 0 
4800 12711 13530 11972 11263 20 11470 27 0 0 
4900 12731 13489 12003 11386 28 11500 29 0 0 
5000 12698 13551 11925 11342 26 11487 28 0 0 
5100 12699 13546 11938 11389 25 11543 28 0 0 
5200 12817 13553 12028 11386 23 11534 29 0 0 
5300 12893 13539 12049 11431 33 11581 41 0 0 
5400 12837 13614 12018 11412 24 11537 29 0 0 
5500 12783 13571 11971 11350 21 11511 29 0 0 
5600 12785 13568 11947 11343 28 11545 32 0 0 
5700 12769 13542 12056 11461 25 11558 31 0 0 
5800 12831 13560 12077 11440 22 11591 17 0 0 
5900 12908 13568 12161 11545 29 11708 32 0 0 
6000 12798 13586 11987 11491 35 11604 40 0 0 
6100 12791 13589 12048 11481 30 11645 32 0 0 
6200 12848 13562 12011 11394 19 11572 20 0 0 
6300 12902 13533 11999 11499 28 11641 26 0 0 
6400 12789 13594 12007 11391 45 11516 43 0 0 
6500 12860 13527 12064 11458 42 11536 21 0 0 
6600 12827 13587 12052 11482 38 11567 21 0 0 
6700 12867 13550 12065 11519 43 11646 23 0 0 
6800 12835 13550 11932 11344 57 11519 30 0 0 
6900 12930 13554 12108 11535 53 11703 27 0 0 
7000 12834 13572 11972 11372 73 11572 32 0 0 
7100 12839 13560 12082 11492 145 11616 29 0 0 
7200 12839 13525 12171 11459 274 11611 33 0 0 
7300 12805 13548 11993 11353 426 11548 33 0 0 
7400 12731 13523 12015 11375 487 11523 31 0 0 
7500 12746 13436 12004 11373 677 11410 30 0 0 
7600 12724 13497 12017 11402 842 11501 15 0 0 
7700 12736 13429 12070 11446 1126 11533 31 0 0 
7800 12650 13513 12115 11496 1266 11605 21 0 0 
7900 12471 13408 11969 11372 1491 11550 26 0 0 
8000 12574 13410 12006 11326 1715 11421 34 0 0 
8100 12519 13459 12071 11358 2014 11482 25 0 0 
8200 12549 13422 11981 11348 2151 11400 29 0 0 
8300 12458 13367 12005 11319 2380 11382 20 0 0 
8400 12422 13365 12000 11366 2669 11464 23 0 0 
8500 12342 13301 12061 11322 3080 11424 30 0 0 
8600 12390 13305 12073 11357 3462 11407 29 0 0 
8700 12363 13270 12011 11282 3832 11336 28 0 0 
8800 12325 13272 12069 11289 4155 11338 21 0 0 
8900 12290 13262 11931 11297 4577 11372 26 0 0 
9000 12396 13308 11999 11297 4890 11370 27 0 0 
9100 12242 13311 12027 11315 5347 11355 20 0 0 
9200 12329 13255 12106 11338 5864 11411 37 0 0 
9300 12295 13269 11954 11260 6224 11305 22 0 0 
9400 12324 13323 12159 11465 6632 11489 17 0 0 
9500 12237 13287 12086 11502 6920 11554 27 0 0 
9600 12299 13258 12073 11502 7307 11614 31 0 0 
9700 12438 13286 12195 11559 7805 11595 17 0 0 
9800 12328 13214 12141 11492 7978 11480 18 0 0 
9900 12322 13257 12151 11498 8377 11479 31 0 0 
10000 12358 13268 12063 11503 8677 11492 21 0 0 
