# Avida tasks data
# Sun Apr 23 00:31:37 2023
# First column gives the current update, next columns give the number
# of organisms that have the particular task as a component of their merit
#  1: Update
#  2: Not
#  3: Nand
#  4: And
#  5: OrNot
#  6: Or
#  7: AndNot
#  8: Nor
#  9: Xor
# 10: Equals

0 0 0 0 0 0 0 0 0 0 
100 0 0 0 0 0 0 0 0 0 
200 0 0 0 0 0 0 0 0 0 
300 0 0 0 0 0 0 0 0 0 
400 0 0 0 0 0 0 0 0 0 
500 0 0 0 0 0 0 0 0 0 
600 0 0 0 0 0 0 0 0 0 
700 1 1 0 0 0 0 0 0 0 
800 12 95 0 901 0 0 0 0 0 
900 45 981 6 3060 2 1 0 0 0 
1000 99 2139 40 4471 1 1 0 0 0 
1100 176 3261 39 6488 3 0 0 0 0 
1200 385 3321 41 6905 3 2 0 0 0 
1300 808 3009 40 7034 1 4 0 0 0 
1400 732 2974 39 7576 2 4 2 0 0 
1500 411 2885 36 8148 1 2 2 0 0 
1600 1119 3149 39 8723 5 1 2 0 0 
1700 1095 3053 39 9472 19 8 2 0 0 
1800 1124 3171 970 9636 16 28 2 0 0 
1900 1157 3051 1562 10072 16 61 2 0 0 
2000 1165 2880 2375 10622 18 58 2 0 0 
2100 1176 2705 2921 10892 13 102 3 0 0 
2200 1186 2366 3417 10928 16 102 2 0 0 
2300 1193 2250 3793 10973 17 120 2 0 0 
2400 1206 2144 4181 11032 15 158 2 0 0 
2500 1214 2577 4377 11044 22 165 2 0 0 
2600 1190 3006 4706 11183 21 166 0 0 0 
2700 1238 3371 4982 11287 23 159 0 0 0 
2800 1291 4062 5637 11807 23 173 0 0 0 
2900 1938 3791 6159 12244 24 176 0 0 0 
3000 2204 3801 6666 12774 25 187 0 0 0 
3100 2136 3726 6682 12783 25 184 0 0 0 
3200 1998 3653 6733 12824 23 192 0 0 0 
3300 1928 3681 6781 12900 26 186 0 0 0 
3400 1877 3559 6890 12912 27 189 0 0 0 
3500 1799 3563 7089 12980 29 195 2 0 0 
3600 1770 3547 7278 13020 26 199 0 0 0 
3700 1697 3577 7500 13124 25 185 0 0 0 
3800 1671 3532 7738 13235 23 202 0 0 0 
3900 1628 3631 7843 13306 24 192 0 0 0 
4000 1545 3600 8020 13400 27 214 0 0 0 
4100 1592 3663 8228 13447 23 205 0 0 0 
4200 1561 3718 8375 13552 21 225 0 0 0 
4300 1512 3717 8650 13657 24 219 0 0 0 
4400 1436 3768 8799 13704 28 203 0 0 0 
4500 1465 3849 8859 13759 29 191 0 0 0 
4600 1437 3817 8926 13800 24 201 0 0 0 
4700 1426 3912 8993 13815 23 207 0 0 0 
4800 1412 3918 9062 13831 25 200 0 0 0 
4900 1416 3941 9132 13882 25 192 0 0 0 
5000 1362 4022 9191 13858 24 201 0 0 0 
5100 1319 4060 9378 13875 28 204 0 0 0 
5200 1302 4092 9415 13856 27 206 0 2 0 
5300 1279 4045 9519 13878 23 203 0 0 0 
5400 1223 4107 9617 13884 20 214 0 0 0 
5500 1201 4173 9716 13852 19 216 1 0 0 
5600 1184 4209 9852 13884 22 220 1 0 0 
5700 1123 4247 10031 13929 19 227 0 0 0 
5800 1121 4282 10051 13910 22 230 2 0 0 
5900 1034 4250 10168 13880 29 221 2 0 1 
6000 978 4262 10171 13850 23 256 0 0 0 
6100 948 4199 10377 13899 23 234 1 0 0 
6200 942 4185 10522 13919 15 266 1 0 0 
6300 978 4182 10599 13875 16 240 1 0 0 
6400 976 4155 10658 13850 20 248 0 1 0 
6500 918 4110 10798 13852 15 240 0 1 0 
6600 955 4087 10872 13885 17 255 2 1 0 
6700 966 4052 10947 13883 15 246 0 0 0 
6800 935 4167 11060 13885 13 240 0 0 0 
6900 940 4408 11128 13867 11 233 0 0 0 
7000 959 4734 11222 13858 13 240 0 0 0 
7100 930 4948 11337 13855 11 239 0 0 0 
7200 914 5204 11466 13875 12 241 0 0 0 
7300 911 5100 11558 13865 14 240 0 0 0 
7400 947 4843 11620 13874 12 233 0 0 0 
7500 957 4679 11608 13881 12 247 0 0 0 
7600 973 4599 11665 13875 10 244 0 0 0 
7700 1034 4572 11758 13911 11 234 0 0 0 
7800 1069 4537 11746 13884 10 249 0 0 0 
7900 1068 4558 11784 13903 11 241 0 0 0 
8000 1113 4530 11791 13902 16 244 2 0 0 
8100 1143 4453 11779 13877 14 242 0 0 0 
8200 1106 5105 11799 13874 14 252 0 0 0 
8300 1067 5444 11824 13895 13 251 0 1 1 
8400 1055 5724 11812 13894 13 267 0 7 4 
8500 1028 5976 11858 13890 16 245 0 10 2 
8600 1031 6216 11816 13873 19 246 0 9 0 
8700 1025 6383 11841 13895 19 251 1 13 4 
8800 1028 6573 11875 13898 15 244 0 13 7 
8900 1016 6737 11871 13903 12 249 0 28 3 
9000 1023 6584 11839 13894 12 249 0 31 5 
9100 1017 6131 11846 13902 14 248 0 22 4 
9200 989 5868 11882 13926 11 246 3 14 91 
9300 958 5655 11876 13916 12 252 5 15 525 
9400 964 5537 11875 13917 11 253 5 16 896 
9500 958 5409 11833 13894 11 247 7 18 1279 
9600 948 5280 11888 13898 10 249 3 18 1595 
9700 952 5181 11835 13910 12 279 8 17 1870 
9800 955 5092 11866 13910 11 270 15 17 2291 
9900 926 4962 11927 13907 13 265 16 17 2594 
10000 935 4839 11929 13933 16 260 9 16 2799 
