# Avida tasks data
# Sun Apr 23 06:57:24 2023
# First column gives the current update, next columns give the number
# of organisms that have the particular task as a component of their merit
#  1: Update
#  2: Not
#  3: Nand
#  4: And
#  5: OrNot
#  6: Or
#  7: AndNot
#  8: Nor
#  9: Xor
# 10: Equals

0 0 0 0 0 0 0 0 0 0 
100 0 0 0 0 0 0 0 0 0 
200 0 0 0 0 0 0 0 0 0 
300 0 0 0 0 0 0 0 0 0 
400 0 0 0 0 0 0 0 0 0 
500 0 0 0 0 0 0 0 0 0 
600 0 0 0 0 0 0 0 0 0 
700 0 0 0 0 0 0 0 0 0 
800 495 335 0 2 0 0 0 0 0 
900 1789 2445 0 26 0 0 0 0 0 
1000 3396 4234 6 292 0 0 0 0 0 
1100 5202 5877 39 808 2 0 0 0 0 
1200 6865 7367 89 1276 2 0 0 0 0 
1300 8233 8699 63 1979 1 1 0 0 0 
1400 9225 9607 76 2656 2 1 0 0 0 
1500 10086 10353 73 3311 6 2 0 0 0 
1600 10993 10890 47 4243 167 0 0 0 0 
1700 11415 11427 97 5251 807 14 4 0 0 
1800 11948 11857 117 6238 1531 38 184 0 0 
1900 12235 12062 130 6307 2186 89 965 0 0 
2000 12385 12179 119 5743 2672 100 2228 0 0 
2100 12443 12294 122 5110 3386 103 3386 0 0 
2200 12660 12391 116 4676 4177 102 4455 0 0 
2300 12912 12587 107 4139 5151 81 5599 0 0 
2400 12911 12584 69 3748 5948 128 6355 0 0 
2500 12966 12568 41 3312 6912 117 7287 0 0 
2600 13049 12618 24 2757 7752 96 8106 0 0 
2700 13004 12395 11 2365 8335 105 8622 0 0 
2800 13038 12374 10 2019 8967 111 9253 0 0 
2900 13050 12355 7 1707 9383 112 9652 0 0 
3000 13046 12363 7 1561 9775 99 9947 0 0 
3100 13089 12337 3 1355 10063 127 10167 0 0 
3200 13047 12328 2 1302 10319 96 10394 0 0 
3300 13069 12270 2 1412 10455 97 10486 0 0 
3400 13111 12327 0 1470 10679 101 10580 0 0 
3500 13112 12245 2 1746 10779 97 10638 0 0 
3600 13144 12279 1 1977 10697 126 10459 0 0 
3700 13196 12376 0 2234 10860 107 10564 0 0 
3800 13243 12323 2 2530 10925 86 10627 0 0 
3900 13245 12296 3 2906 10961 100 10460 0 0 
4000 13234 12364 0 3282 11026 107 10565 0 0 
4100 13191 12378 1 3721 10978 98 10529 0 0 
4200 13249 12273 5 4147 10904 113 10478 0 0 
4300 13156 12178 1 4594 10820 95 10365 0 1 
4400 13235 12341 10 5010 10920 115 10433 0 0 
4500 13245 12303 3 5280 10862 120 10369 0 0 
4600 13285 12236 0 5786 10982 113 10469 0 0 
4700 13317 12317 2 6151 11073 122 10537 0 0 
4800 13382 12414 2 6633 11121 109 10633 0 0 
4900 13300 12349 3 7085 11096 99 10548 0 0 
5000 13342 12368 7 7437 11166 105 10584 0 0 
5100 13360 12459 3 7917 11186 92 10663 0 0 
5200 13365 12414 4 8210 11074 96 10504 0 0 
5300 13294 12379 6 8430 11038 134 10358 0 0 
5400 13320 12323 1 8915 11108 150 10453 0 0 
5500 13357 12401 2 9176 11131 130 10489 0 0 
5600 13344 12267 3 9342 10896 130 10303 0 0 
5700 13358 12348 2 9595 10979 123 10446 0 0 
5800 13376 12290 4 9634 10909 114 10396 0 0 
5900 13396 12370 6 9764 10928 111 10423 0 0 
6000 13323 12310 4 9928 10954 113 10433 0 0 
6100 13427 12316 4 10102 10951 128 10426 0 0 
6200 13467 12380 2 10101 10960 134 10382 0 0 
6300 13367 12318 6 10423 11000 114 10433 0 0 
6400 13335 12263 1 10560 10987 114 10470 0 0 
6500 13401 12386 5 10625 10990 104 10503 0 0 
6600 13423 12385 8 10853 11096 89 10550 0 0 
6700 13417 12415 9 10835 11085 136 10467 0 0 
6800 13408 12337 1 10883 11011 119 10427 0 0 
6900 13404 12292 11 10833 10945 126 10391 0 0 
7000 13407 12299 0 11121 11095 114 10585 0 0 
7100 13402 12370 13 11044 11002 136 10467 0 0 
7200 13454 12279 7 11151 11107 125 10540 0 0 
7300 13439 12395 8 11237 11104 87 10572 0 0 
7400 13443 12359 5 11216 11115 120 10539 0 0 
7500 13450 12316 9 11231 11128 97 10602 0 0 
7600 13440 12389 8 11095 11024 135 10403 0 0 
7700 13474 12499 7 11151 11070 132 10490 0 0 
7800 13453 12401 6 11303 11186 152 10588 0 0 
7900 13493 12370 8 11387 11207 136 10658 0 0 
8000 13483 12364 9 11292 11145 126 10564 0 0 
8100 13486 12363 11 11318 11303 106 10724 0 0 
8200 13410 12338 7 11242 11133 131 10577 0 0 
8300 13505 12451 9 11336 11347 146 10764 0 0 
8400 13508 12402 6 11253 11134 118 10559 0 0 
8500 13485 12359 8 11376 11186 108 10674 0 0 
8600 13502 12419 13 11363 11084 114 10640 0 0 
8700 13523 12415 4 11396 11157 122 10679 0 0 
8800 13519 12474 11 11418 11187 97 10753 0 0 
8900 13500 12412 6 11287 11176 122 10668 0 0 
9000 13513 12512 10 11329 11193 119 10645 0 0 
9100 13554 12551 11 11519 11353 116 10851 0 0 
9200 13567 12465 11 11416 11326 127 10810 0 0 
9300 13460 12371 10 11357 11279 102 10790 0 0 
9400 13563 12589 3 11350 11231 122 10728 0 0 
9500 13504 12447 10 11487 11423 101 10907 0 0 
9600 13612 12462 8 11455 11374 105 10886 0 0 
9700 13542 12438 6 11433 11315 99 10872 0 0 
9800 13531 12455 4 11352 11239 90 10762 0 0 
9900 13571 12519 10 11504 11362 124 10817 0 0 
10000 13572 12505 5 11597 11434 112 10946 0 0 
