# Avida tasks data
# Sun Apr 23 02:59:48 2023
# First column gives the current update, next columns give the number
# of organisms that have the particular task as a component of their merit
#  1: Update
#  2: Not
#  3: Nand
#  4: And
#  5: OrNot
#  6: Or
#  7: AndNot
#  8: Nor
#  9: Xor
# 10: Equals

0 0 0 0 0 0 0 0 0 0 
100 0 0 0 0 0 0 0 0 0 
200 0 0 0 0 0 0 0 0 0 
300 0 0 0 0 0 0 0 0 0 
400 0 0 0 0 0 0 0 0 0 
500 0 0 0 0 0 0 0 0 0 
600 3 0 0 0 0 0 0 0 0 
700 5 67 0 0 0 0 0 0 0 
800 9 351 0 0 0 0 0 0 0 
900 497 764 224 512 0 79 0 0 0 
1000 1721 1723 696 1614 427 1365 10 2 0 
1100 2954 2706 1888 2631 1554 2247 40 0 0 
1200 3997 3599 2835 3594 2382 3111 281 0 1 
1300 5029 4625 3770 4653 3318 3971 523 1 0 
1400 4762 5195 3974 5156 3639 4242 741 12 544 
1500 4473 5333 4200 5225 3704 4481 826 95 890 
1600 4353 5379 4282 5260 3716 4601 768 51 973 
1700 4237 5537 4420 5399 3816 4776 780 38 1199 
1800 4357 5548 4457 5397 3830 4801 776 43 1330 
1900 4746 5599 4486 5389 3827 4858 802 51 1440 
2000 5017 5630 4541 5390 3877 4908 721 48 1656 
2100 5209 5654 4633 5418 3934 4992 669 45 1851 
2200 5356 5746 4615 5435 3955 5040 621 63 2084 
2300 5527 5836 4758 5493 4069 5166 603 71 2368 
2400 5584 5974 4843 5575 4176 5282 609 79 2610 
2500 5662 6046 4952 5643 4209 5376 586 81 2820 
2600 5737 6160 5068 5761 4269 5505 555 76 3013 
2700 5951 6451 5279 5987 4437 5763 553 72 3264 
2800 6340 6863 5674 6420 4795 6167 516 75 3660 
2900 6506 7142 5879 6655 4948 6413 518 109 3865 
3000 6885 7512 6186 7016 5263 6718 553 122 4207 
3100 7161 7872 6477 7305 5457 7060 516 138 4428 
3200 7494 8185 6783 7623 5714 7380 491 124 4764 
3300 7643 8506 7005 7884 5896 7627 568 148 5004 
3400 7856 8812 7211 8105 6040 7875 524 159 5207 
3500 8155 9064 7490 8377 6312 8155 519 159 5496 
3600 8333 9233 7702 8585 6510 8359 561 156 5699 
3700 8512 9380 7812 8708 6603 8506 797 159 5793 
3800 8724 9582 7997 8877 6748 8724 1023 140 5970 
3900 8845 9714 8097 8979 6807 8829 1337 159 6053 
4000 9028 9827 8239 9146 6943 8984 1725 153 6188 
4100 9138 9938 8299 9207 6994 9018 2032 149 6205 
4200 9300 10072 8382 9311 7180 9126 2356 154 6383 
4300 9437 10201 8516 9419 7268 9276 2631 158 6547 
4400 9504 10282 8564 9476 7368 9311 2664 170 6633 
4500 9564 10275 8584 9479 7351 9342 2239 200 6639 
4600 9651 10315 8636 9548 7359 9385 2075 184 6661 
4700 9711 10372 8697 9613 7380 9451 2066 195 6735 
4800 9794 10442 8725 9611 7385 9498 2083 194 6710 
4900 9894 10537 8837 9714 7445 9612 2188 216 6764 
5000 10055 10560 8910 9757 7573 9670 2273 226 6895 
5100 10213 10659 9003 9836 7630 9750 2419 211 7000 
5200 10303 10769 9076 9918 7680 9841 2608 198 7068 
5300 10406 10837 9182 10044 7777 9908 2732 200 7208 
5400 10556 10988 9349 10168 7872 10098 2933 226 7380 
5500 10633 11064 9433 10281 7988 10148 3087 219 7506 
5600 10671 11153 9559 10372 8028 10259 3222 246 7600 
5700 10764 11287 9686 10520 8181 10408 3445 246 7757 
5800 10974 11380 9764 10584 8224 10545 3559 240 7839 
5900 11109 11492 9840 10662 8335 10638 3698 219 7988 
6000 11259 11613 9997 10808 8474 10788 3940 220 8174 
6100 11376 11713 10149 10926 8600 10915 4114 232 8278 
6200 11462 11758 10164 10995 8609 10935 4353 208 8332 
6300 11550 11853 10340 11112 8736 11053 4563 226 8475 
6400 11640 11866 10350 11113 8791 11065 4697 233 8512 
6500 11733 11913 10339 11184 8783 11095 4946 232 8544 
6600 11760 11928 10299 11147 8773 11103 5034 241 8523 
6700 11850 11972 10425 11195 8880 11233 5136 269 8646 
6800 12051 12088 10522 11274 9008 11332 5345 257 8814 
6900 12054 12162 10612 11423 9076 11443 5640 245 8913 
7000 12119 12267 10598 11440 9134 11431 5824 285 8950 
7100 12169 12247 10640 11440 9154 11427 5995 253 8981 
7200 12232 12385 10724 11506 9254 11600 6190 254 9104 
7300 12248 12404 10691 11484 9221 11562 6263 251 9025 
7400 12269 12496 10763 11591 9314 11605 6454 260 9167 
7500 12296 12548 10811 11652 9358 11631 6655 248 9195 
7600 12366 12567 10804 11641 9296 11638 6857 250 9216 
7700 12463 12566 10760 11605 9309 11701 7024 232 9250 
7800 12480 12568 10829 11704 9349 11700 6828 242 9285 
7900 12483 12517 10821 11673 9373 11639 6340 254 9237 
8000 12482 12454 10792 11655 9388 11663 5974 255 9221 
8100 12455 12516 10816 11697 9399 11677 5694 258 9263 
8200 12494 12476 10794 11648 9438 11690 5400 258 9255 
8300 12542 12425 10760 11657 9417 11647 5185 251 9227 
8400 12508 12412 10774 11672 9495 11557 4909 241 9262 
8500 12511 12407 10824 11698 9492 11587 4702 260 9322 
8600 12535 12378 10755 11641 9518 11599 4452 248 9269 
8700 12517 12386 10749 11670 9498 11580 4246 249 9285 
8800 12411 12389 10808 11726 9632 11606 3997 286 9344 
8900 12543 12314 10756 11703 9560 11555 3870 269 9256 
9000 12557 12281 10791 11718 9595 11566 3715 266 9297 
9100 12566 12231 10793 11717 9606 11578 3499 261 9294 
9200 12561 12183 10788 11736 9644 11567 3281 257 9319 
9300 12612 12140 10798 11776 9663 11595 3162 265 9349 
9400 12643 12079 10818 11774 9685 11589 3057 253 9322 
9500 12680 12047 10796 11817 9673 11583 2943 237 9327 
9600 12647 12108 10884 11876 9749 11638 2909 236 9432 
9700 12692 12068 10910 11926 9754 11676 2895 233 9464 
9800 12705 12006 10923 11912 9730 11714 2872 217 9496 
9900 12688 11940 10887 11907 9705 11681 2845 211 9440 
10000 12688 11872 10919 11900 9724 11688 2796 210 9515 
