# Avida tasks data
# Sun Apr 23 04:53:30 2023
# First column gives the current update, next columns give the number
# of organisms that have the particular task as a component of their merit
#  1: Update
#  2: Not
#  3: Nand
#  4: And
#  5: OrNot
#  6: Or
#  7: AndNot
#  8: Nor
#  9: Xor
# 10: Equals

0 0 0 0 0 0 0 0 0 0 
100 0 0 0 0 0 0 0 0 0 
200 0 0 0 0 0 0 0 0 0 
300 0 0 0 0 0 0 0 0 0 
400 0 0 0 0 0 0 0 0 0 
500 0 0 0 0 0 0 0 0 0 
600 4 0 0 0 0 0 0 0 0 
700 1070 0 0 0 0 0 0 0 0 
800 2363 791 4 30 0 771 2 0 0 
900 2543 582 3 770 26 611 4 0 0 
1000 2576 1070 7 869 181 1044 9 0 0 
1100 2873 1564 14 566 938 1501 7 0 0 
1200 3445 2316 16 489 1641 2085 25 0 0 
1300 4303 3221 18 549 2415 2870 37 0 0 
1400 4925 3852 16 570 2990 3389 39 0 0 
1500 5022 3975 33 555 2693 3286 23 0 0 
1600 5018 3997 25 500 2606 3348 23 0 0 
1700 5030 4088 28 463 2497 3306 24 0 0 
1800 4979 4092 22 441 2466 3308 23 0 0 
1900 4988 4122 24 451 2463 3330 24 0 0 
2000 5001 4128 24 450 2463 3289 23 0 0 
2100 4992 4099 24 445 2426 3306 23 0 0 
2200 4964 4078 22 436 2373 3288 24 0 0 
2300 4960 4075 21 426 2359 3236 24 0 0 
2400 4941 4049 20 424 2348 3201 24 0 0 
2500 4940 4053 20 425 2317 3175 24 0 0 
2600 4940 4057 20 423 2297 3147 24 0 0 
2700 4938 4044 19 417 2267 3095 24 0 0 
2800 4941 4045 19 416 2263 3086 24 0 0 
2900 4937 4030 19 415 2228 3053 24 0 0 
3000 4910 3995 17 411 2192 3017 24 0 0 
3100 4905 3981 17 411 2165 2990 23 0 0 
3200 4898 3970 17 412 2147 2974 23 0 0 
3300 4913 3973 17 410 2130 2960 23 0 0 
3400 4907 3963 17 409 2113 2944 23 0 0 
3500 4901 3961 17 409 2084 2914 23 0 0 
3600 4882 3947 17 407 2058 2887 22 0 0 
3700 4878 3933 17 408 2032 2871 22 0 0 
3800 4887 3924 17 405 2019 2860 22 0 0 
3900 4878 3920 15 402 1999 2839 22 0 0 
4000 4866 3918 15 400 1987 2822 22 0 0 
4100 4872 3920 15 399 1973 2806 22 0 0 
4200 4869 3913 15 398 1940 2775 21 0 0 
4300 4865 3892 15 396 1918 2750 21 0 0 
4400 4869 3898 15 395 1902 2733 21 0 0 
4500 4866 3873 15 396 1879 2709 20 0 0 
4600 4868 3874 15 395 1856 2690 20 0 0 
4700 4900 3890 15 395 1843 2675 20 0 0 
4800 4893 3887 15 400 1830 2663 20 0 0 
4900 4952 3946 15 399 1825 2655 20 0 0 
5000 4960 3963 15 400 1813 2645 20 0 0 
5100 5017 4006 15 399 1802 2632 20 0 0 
5200 5016 3994 15 399 1792 2624 20 0 0 
5300 5069 4045 15 398 1783 2616 20 0 0 
5400 5067 4036 15 401 1779 2612 20 0 0 
5500 5080 4034 15 397 1773 2607 20 0 0 
5600 5094 4050 15 396 1763 2598 20 0 0 
5700 5119 4068 15 392 1750 2588 20 0 0 
5800 5130 4073 15 392 1744 2583 20 0 0 
5900 5148 4089 15 391 1743 2582 20 0 0 
6000 5190 4115 15 396 1738 2577 20 0 0 
6100 5257 4171 15 399 1734 2575 20 0 0 
6200 5279 4191 15 395 1730 2571 20 0 0 
6300 5349 4263 15 390 1727 2568 20 0 0 
6400 5416 4314 15 388 1724 2565 20 0 0 
6500 5439 4333 15 395 1726 2565 20 0 0 
6600 5458 4361 15 393 1723 2563 20 0 0 
6700 5496 4396 15 396 1723 2563 20 0 0 
6800 5547 4440 15 400 1720 2562 20 0 0 
6900 5573 4456 15 398 1719 2560 20 0 0 
7000 5598 4483 15 396 1718 2560 20 0 0 
7100 5633 4514 15 396 1718 2560 20 0 0 
7200 5735 4616 15 396 1716 2559 20 0 0 
7300 5801 4679 15 399 1714 2558 20 0 0 
7400 5849 4720 15 399 1713 2557 20 0 0 
7500 5904 4783 15 398 1713 2557 20 0 0 
7600 5930 4809 15 398 1710 2554 20 0 0 
7700 5929 4805 15 400 1710 2552 20 0 0 
7800 5966 4848 15 401 1712 2551 20 0 0 
7900 5986 4865 15 408 1711 2550 20 0 0 
8000 5983 4862 15 402 1710 2550 20 0 0 
8100 6010 4892 15 401 1710 2548 20 0 0 
8200 6076 4951 15 402 1709 2546 20 0 0 
8300 6067 4939 15 408 1709 2544 20 0 0 
8400 6091 4963 15 402 1708 2541 20 0 0 
8500 6113 4994 15 402 1708 2541 20 0 0 
8600 6113 4990 15 401 1707 2539 20 0 0 
8700 6123 5000 15 398 1709 2538 20 0 0 
8800 6139 5021 15 398 1708 2533 20 0 0 
8900 6152 5031 15 397 1707 2533 20 0 0 
9000 6194 5083 15 392 1707 2524 20 0 0 
9100 6207 5096 15 389 1707 2521 20 0 0 
9200 6184 5071 15 384 1707 2515 20 0 0 
9300 6223 5117 15 377 1707 2511 20 0 0 
9400 6229 5115 15 370 1707 2491 20 0 0 
9500 6186 5069 15 362 1707 2481 20 0 0 
9600 6221 5110 15 352 1707 2470 20 0 0 
9700 6219 5106 15 348 1707 2465 20 0 0 
9800 6234 5125 15 352 1708 2457 20 0 0 
9900 6258 5150 15 353 1708 2453 20 0 0 
10000 6272 5167 15 350 1708 2444 20 0 0 
