# Avida tasks data
# Sun Apr 23 02:01:41 2023
# First column gives the current update, next columns give the number
# of organisms that have the particular task as a component of their merit
#  1: Update
#  2: Not
#  3: Nand
#  4: And
#  5: OrNot
#  6: Or
#  7: AndNot
#  8: Nor
#  9: Xor
# 10: Equals

0 0 0 0 0 0 0 0 0 0 
100 0 0 0 0 0 0 0 0 0 
200 0 0 0 0 0 0 0 0 0 
300 0 0 0 0 0 0 0 0 0 
400 0 0 0 0 0 0 0 0 0 
500 0 0 0 0 0 0 0 0 0 
600 1 0 0 0 0 0 0 0 0 
700 7 6 0 0 0 0 0 0 0 
800 60 243 0 3 0 0 0 0 0 
900 665 1163 0 5 0 0 0 0 0 
1000 2773 2672 0 530 6 0 0 0 0 
1100 4237 3712 1 1220 290 0 0 0 0 
1200 4878 3846 3 1499 1133 352 0 0 0 
1300 5596 4828 2 2457 1207 1738 0 0 0 
1400 6907 6173 9 4217 1012 3652 0 0 0 
1500 8222 7689 16 6097 972 5444 0 0 0 
1600 8660 8675 75 7165 1129 6689 0 0 0 
1700 8845 9752 259 7879 1582 7879 0 0 0 
1800 9093 10724 603 7989 2385 8895 2 0 0 
1900 9645 11200 837 7201 3590 9324 3 1 0 
2000 10163 11398 735 6657 4940 9495 1 0 0 
2100 10317 11475 482 6585 5922 9681 258 0 0 
2200 10110 11806 328 6793 6953 10091 949 0 0 
2300 9778 12078 185 7004 7699 10370 1509 0 0 
2400 9349 12371 91 7282 8502 10757 2133 0 0 
2500 8778 12711 43 7664 9162 11037 2902 0 0 
2600 7968 12971 32 8215 9642 11333 3683 0 0 
2700 7023 13255 17 9027 10219 11657 4793 0 0 
2800 6713 13218 20 9558 10359 11790 5489 0 0 
2900 7095 13301 21 10328 10605 11903 6525 0 0 
3000 7645 13243 27 10757 10887 12062 7223 0 101 
3100 8308 13087 32 11063 11000 12110 7578 0 218 
3200 8988 12870 33 11157 11209 12181 8213 0 354 
3300 9610 12681 39 11274 11382 12256 8650 1 523 
3400 10407 11769 64 11626 11364 12251 8893 1 1161 
3500 11037 10872 105 12034 11509 12344 9356 0 2043 
3600 11270 11374 106 12314 11606 12422 9706 1 2836 
3700 11548 12188 111 12469 11708 12496 10003 0 3678 
3800 11789 12664 154 12569 11690 12512 10160 0 4413 
3900 12075 13030 174 12617 11704 12551 10387 5 5193 
4000 12371 13164 205 12802 11810 12527 10725 1 6084 
4100 12697 13395 200 13066 11857 12640 11008 3 7092 
4200 12965 13429 214 13097 11897 12584 11192 8 7944 
4300 13152 13432 222 13141 11994 12597 11360 2 8583 
4400 13142 13384 269 13132 11888 12502 11352 1 8956 
4500 13191 13395 313 13122 11845 12472 11349 3 9191 
4600 13133 13427 278 13133 11909 12520 11415 3 9522 
4700 13176 13482 280 13207 12018 12597 11545 3 9859 
4800 13203 13476 280 13142 11927 12519 11426 4 9839 
4900 13136 13492 232 13131 11931 12544 11574 3 10192 
5000 13170 13465 228 13154 11940 12518 11598 9 10042 
5100 13165 13467 274 13099 11942 12573 11524 4 10061 
5200 13193 13456 275 13258 11877 12468 11440 1 10034 
5300 13166 13470 250 13156 12030 12628 11603 1 10247 
5400 13121 13406 225 13067 11989 12599 11547 3 10069 
5500 13126 13376 260 13006 11881 12524 11458 5 9925 
5600 13093 13285 430 13009 11901 12520 11441 3 9934 
5700 13093 13281 541 13040 11891 12508 11445 4 9937 
5800 13030 13284 397 12870 11849 12462 11375 7 9851 
5900 12960 12758 329 12826 11791 12385 11300 7 9757 
6000 12984 12068 371 12558 11676 12303 11209 5 9627 
6100 12952 11455 372 12482 11652 12278 11218 9 9587 
6200 12945 11112 349 12339 11647 12276 11173 7 9566 
6300 12883 10780 322 12185 11552 12174 11079 10 9460 
6400 12838 10542 314 12180 11559 12201 11103 12 9477 
6500 12844 10229 331 12184 11581 12233 11106 6 9473 
6600 12765 9794 317 11682 11485 12182 11018 8 9407 
6700 12759 9287 325 11430 11438 12148 10983 12 9327 
6800 12751 9010 329 11361 11386 12101 10953 16 9293 
6900 12725 8944 329 11265 11389 12109 10936 16 9259 
7000 12601 8776 342 11210 11322 12051 10900 21 9224 
7100 12566 8510 325 11198 11309 12012 10877 15 9203 
7200 12610 8175 338 11197 11278 12002 10828 18 9118 
7300 12594 7919 326 11237 11241 11966 10797 21 9040 
7400 12620 7700 355 11319 11226 11981 10831 24 9002 
7500 12560 7441 365 11386 11195 11947 10759 29 8969 
7600 12549 7179 372 11312 11118 11866 10680 32 8877 
7700 12614 6928 338 11320 11164 11897 10738 31 8913 
7800 12594 6666 351 11198 11129 11837 10661 30 8823 
7900 12627 6425 368 11306 11166 11924 10719 31 8857 
8000 12624 6198 384 11265 11052 11810 10644 24 8758 
8100 12601 6035 378 11197 11103 11864 10683 26 8782 
8200 12624 5835 349 11048 11050 11802 10592 30 8707 
8300 12609 5625 357 11033 11049 11822 10576 21 8753 
8400 12625 5425 339 10813 11036 11828 10561 27 8681 
8500 12627 5172 362 10640 10964 11751 10514 32 8616 
8600 12561 4920 371 10549 11024 11762 10542 24 8510 
8700 12466 4767 347 10477 11005 11717 10540 34 8540 
8800 12403 4591 368 10391 10939 11599 10494 26 8492 
8900 12403 4385 393 10327 10960 11669 10525 35 8505 
9000 12323 4133 381 10366 10943 11645 10467 39 8495 
9100 12337 3919 357 10237 10956 11646 10466 34 8396 
9200 12224 3730 380 10224 10867 11570 10373 38 8345 
9300 12288 3570 364 10215 10795 11528 10307 31 8255 
9400 12252 3469 381 10184 10859 11585 10406 35 8371 
9500 12154 3348 396 10167 10804 11514 10284 43 8275 
9600 12118 3212 415 10203 10784 11568 10281 40 8309 
9700 12006 3099 409 10207 10742 11480 10263 42 8250 
9800 12052 3008 415 10126 10680 11503 10235 53 8111 
9900 12018 2832 423 10208 10700 11526 10213 46 8073 
10000 11988 2726 422 10379 10693 11462 10244 45 8123 
