# Avida tasks data
# Sat Apr 22 20:06:31 2023
# First column gives the current update, next columns give the number
# of organisms that have the particular task as a component of their merit
#  1: Update
#  2: Not
#  3: Nand
#  4: And
#  5: OrNot
#  6: Or
#  7: AndNot
#  8: Nor
#  9: Xor
# 10: Equals

0 0 0 0 0 0 0 0 0 0 
100 0 0 0 0 0 0 0 0 0 
200 0 0 0 0 0 0 0 0 0 
300 0 0 0 0 0 0 0 0 0 
400 0 0 0 0 0 0 0 0 0 
500 0 0 0 0 0 0 0 0 0 
600 7 0 0 0 0 0 0 0 0 
700 36 0 0 0 0 0 0 0 0 
800 66 2 0 26 0 0 0 0 0 
900 164 41 0 157 4 0 0 0 0 
1000 392 148 0 291 187 6 0 0 0 
1100 699 330 9 1235 959 255 622 0 0 
1200 484 920 41 1870 2115 1302 2228 0 0 
1300 486 364 47 3492 3437 3084 3631 0 0 
1400 577 202 107 4832 4870 4597 5174 0 0 
1500 751 170 133 6659 6622 6371 6985 0 0 
1600 1001 156 151 7960 7979 7619 8350 0 0 
1700 1200 246 130 9030 8969 8669 9463 0 0 
1800 1496 341 170 9898 9767 9436 10376 0 0 
1900 1781 553 194 10686 10526 10177 11140 0 0 
2000 2042 747 195 11162 11152 10588 11702 0 0 
2100 2302 1040 228 11515 11367 10971 12075 0 0 
2200 2594 1507 213 11715 11525 11076 12142 0 0 
2300 2993 2056 218 11823 11560 11170 12224 0 0 
2400 3388 2791 231 11950 11604 11205 12327 3 0 
2500 4169 3592 211 11920 11642 11270 12168 50 0 
2600 4711 4625 200 12004 11642 10959 12144 344 0 
2700 4975 4638 197 12155 11705 11311 12207 1148 0 
2800 5251 4615 156 12360 11749 11854 12163 2806 0 
2900 5894 5286 167 12481 11769 12009 12176 4207 0 
3000 6503 5915 171 12631 11687 12156 12111 5379 34 
3100 7283 6638 173 12765 11764 12329 12173 6423 72 
3200 8225 7201 107 12875 11797 12550 12186 7739 40 
3300 8833 8220 94 13048 11899 12827 12192 8754 56 
3400 9504 8677 99 13091 11866 12829 12096 9520 53 
3500 10079 9460 85 13241 11856 12944 12050 10168 74 
3600 10395 10102 128 13389 11690 13015 11895 10670 86 
3700 10845 10689 105 13449 11739 13129 11968 11157 88 
3800 11069 11148 114 13491 11727 13191 11936 11379 59 
3900 11189 11586 137 13522 11843 13217 12072 11539 66 
4000 11388 11795 266 13460 11815 13204 11964 11581 125 
4100 11507 11874 537 13559 11801 13238 11974 11646 206 
4200 11614 12004 897 13511 11818 13288 12031 11606 276 
4300 11664 12151 1334 13624 11817 13335 11990 11586 392 
4400 11673 12243 2078 13566 11786 13208 11975 11439 1534 
4500 11769 12264 3174 13581 11674 13334 11890 11270 3085 
4600 11868 12265 4044 13454 11452 13309 11690 11095 4312 
4700 11899 12203 5112 13477 11394 13347 11642 11003 5580 
4800 11993 12163 5995 13489 11080 13336 11318 10850 6737 
4900 12189 12074 6810 13469 11031 13358 11332 10719 7633 
5000 12243 11964 7630 13439 10941 13333 11208 10749 8642 
5100 12430 11773 8188 13367 10774 13345 11038 10433 9259 
5200 12482 11790 8951 13396 10761 13399 11061 10552 10020 
5300 12460 11649 9520 13410 10742 13313 11088 10551 10563 
5400 12483 11661 9856 13368 10750 13334 11046 10495 10848 
5500 12491 11713 10061 13452 10767 13356 11112 10654 11112 
5600 12588 11615 10335 13344 10796 13383 11115 10544 11106 
5700 12477 11562 10393 13363 10621 13363 10934 10690 11375 
5800 12601 11588 10595 13364 10629 13354 11015 10775 11404 
5900 12498 11482 10672 13315 10540 13308 10843 10724 11327 
6000 12638 11449 10681 13378 10584 13406 10892 10812 11476 
6100 12585 11565 10979 13329 10664 13394 11012 10949 11435 
6200 12567 11491 10830 13372 10589 13305 10936 10909 11383 
6300 12602 11580 10876 13464 10723 13376 11031 11010 11604 
6400 12530 11569 10965 13438 10651 13304 11031 11027 11517 
6500 12656 11712 10987 13352 10768 13281 11161 11028 11450 
6600 12594 11637 10837 13357 10555 13284 10956 10992 11508 
6700 12573 11432 10786 13371 10538 13238 10875 10780 11334 
6800 12611 11520 10877 13457 10613 13275 10961 10945 11513 
6900 12655 11643 10946 13448 10750 13290 11090 11104 11615 
7000 12720 11634 10939 13403 10711 13276 11092 11126 11614 
7100 12640 11540 10909 13477 10728 13295 11084 11034 11484 
7200 12719 11532 10972 13384 10656 13277 11020 11000 11467 
7300 12715 11690 10991 13421 10843 13331 11142 11107 11529 
7400 12717 11655 11090 13455 10754 13380 11104 11078 11604 
7500 12639 11492 10966 13440 10778 13327 11067 11011 11533 
7600 12671 11524 10954 13448 10738 13314 11074 11015 11553 
7700 12671 11627 10927 13412 10695 13299 11045 11061 11582 
7800 12762 11549 10971 13342 10776 13287 11098 10949 11426 
7900 12683 11493 10877 13378 10678 13250 11004 10964 11355 
8000 12829 11540 10931 13387 10808 13271 11168 10932 11341 
8100 12687 11645 11029 13438 10827 13341 11142 11097 11466 
8200 12690 11737 11105 13457 10875 13326 11204 11028 11468 
8300 12666 11647 10905 13413 10856 13249 11181 10974 11497 
8400 12789 11679 10978 13510 10818 13286 11163 11005 11436 
8500 12711 11441 10937 13394 10703 13158 11059 10894 11352 
8600 12744 11677 11009 13502 10816 13289 11182 11124 11490 
8700 12691 11655 11041 13449 10801 13294 11135 11112 11519 
8800 12740 11611 10957 13498 10747 13295 11106 11126 11554 
8900 12765 11571 10784 13425 10747 13228 11097 10996 11384 
9000 12700 11539 10957 13460 10816 13287 11139 10989 11448 
9100 12736 11676 11065 13444 10979 13311 11324 11127 11546 
9200 12644 11573 10923 13482 10797 13249 11183 11053 11449 
9300 12719 11682 10993 13393 10925 13134 11205 11027 11426 
9400 12729 11689 11038 13468 10774 13193 11110 11055 11481 
9500 12727 11656 11036 13484 10864 13303 11206 11036 11357 
9600 12799 11615 10976 13401 10876 13285 11215 11055 11460 
9700 12757 11583 11067 13433 10924 13218 11246 11105 11472 
9800 12588 11548 10997 13453 10755 13292 11064 10976 11386 
9900 12747 11643 11080 13430 10944 13299 11254 11090 11459 
10000 12800 11677 11093 13472 11032 13312 11289 11136 11475 
