# Avida tasks data
# Sun Apr 23 09:34:27 2023
# First column gives the current update, next columns give the number
# of organisms that have the particular task as a component of their merit
#  1: Update
#  2: Not
#  3: Nand
#  4: And
#  5: OrNot
#  6: Or
#  7: AndNot
#  8: Nor
#  9: Xor
# 10: Equals

0 0 0 0 0 0 0 0 0 0 
100 0 0 0 0 0 0 0 0 0 
200 0 0 0 0 0 0 0 0 0 
300 0 0 0 0 0 0 0 0 0 
400 0 0 0 0 0 0 0 0 0 
500 0 0 0 0 0 0 0 0 0 
600 58 0 0 0 0 0 0 0 0 
700 1169 251 0 8 0 0 0 0 0 
800 1290 502 0 11 0 0 0 0 0 
900 1270 855 0 39 0 0 0 0 0 
1000 1543 936 0 24 0 0 0 0 0 
1100 1757 1040 0 22 0 0 0 0 0 
1200 2019 1237 0 33 0 0 0 0 0 
1300 2230 1466 0 42 0 0 0 0 0 
1400 2232 1461 6 50 0 256 0 0 0 
1500 2311 1527 4 49 0 494 0 0 0 
1600 2384 1594 3 42 0 684 0 0 0 
1700 2492 1700 7 241 0 643 0 0 0 
1800 2653 1859 19 519 0 521 0 0 0 
1900 2724 1928 18 752 0 365 0 0 0 
2000 2824 2017 20 945 0 274 0 0 0 
2100 2920 2107 26 1124 0 195 0 0 0 
2200 3096 2293 21 1348 0 170 0 0 0 
2300 3095 2292 14 1346 0 168 0 0 0 
2400 3190 2381 11 1486 0 138 0 0 0 
2500 3349 2535 10 1658 0 116 0 0 0 
2600 3419 2599 10 1461 0 106 0 0 0 
2700 3417 2592 9 1202 0 88 0 0 0 
2800 3432 2605 9 1064 0 78 0 0 0 
2900 3454 2633 7 939 2 59 0 0 0 
3000 3501 2654 5 1336 1 14 0 0 0 
3100 3520 2674 5 1445 0 11 0 0 0 
3200 3520 2661 5 1525 0 11 0 0 0 
3300 3521 2657 2 1663 0 6 0 0 0 
3400 3650 2793 0 1799 0 5 0 0 0 
3500 3839 2984 0 1978 0 3 0 0 0 
3600 3953 3122 0 2104 2 3 0 0 0 
3700 4091 3276 0 2304 0 10 0 0 0 
3800 4213 3408 0 2438 0 3 0 0 0 
3900 4209 3405 0 2443 0 5 0 0 0 
4000 4217 3413 0 2506 0 3 0 0 0 
4100 4222 3417 2 2526 0 6 0 0 0 
4200 4194 3398 1 2543 0 2 0 0 0 
4300 4202 3411 0 2583 0 6 0 0 0 
4400 4204 3431 0 2647 2 15 0 0 0 
4500 4213 3454 3 2672 0 12 0 0 0 
4600 4213 3465 6 2728 2 18 0 0 0 
4700 4258 3516 5 2799 4 10 0 0 0 
4800 4262 3520 4 2802 2 12 0 0 0 
4900 4256 3508 3 2803 2 10 0 0 0 
5000 4259 3515 3 2790 2 16 0 0 0 
5100 4260 3516 3 2790 4 15 0 0 0 
5200 4255 3507 6 2773 5 11 0 0 0 
5300 4244 3501 5 2775 3 14 0 0 0 
5400 4274 3521 2 2816 6 17 0 0 0 
5500 4261 3525 1 2814 5 196 0 0 0 
5600 4230 3534 5 2804 5 502 0 0 0 
5700 4248 3529 7 2835 5 409 0 0 0 
