# Avida tasks data
# Sun Apr 23 09:52:11 2023
# First column gives the current update, next columns give the number
# of organisms that have the particular task as a component of their merit
#  1: Update
#  2: Not
#  3: Nand
#  4: And
#  5: OrNot
#  6: Or
#  7: AndNot
#  8: Nor
#  9: Xor
# 10: Equals

0 0 0 0 0 0 0 0 0 0 
100 0 0 0 0 0 0 0 0 0 
200 0 0 0 0 0 0 0 0 0 
300 0 0 0 0 0 0 0 0 0 
400 0 0 0 0 0 0 0 0 0 
500 2 156 0 0 0 0 0 0 0 
600 12 1384 0 200 0 0 0 0 0 
700 66 1973 19 1130 0 0 0 0 0 
800 93 3200 8 2685 0 0 0 0 0 
900 249 4473 13 3955 0 0 0 0 0 
1000 1658 5854 676 4088 0 6 0 0 0 
1100 3076 6343 1997 4134 0 5 0 0 0 
1200 3838 6479 3229 5103 0 13 0 0 0 
1300 5009 6969 4501 5938 0 15 0 0 0 
1400 7279 8725 6691 7811 0 13 0 0 0 
1500 9551 10403 8682 9568 0 28 0 0 0 
1600 10805 11247 9853 10445 0 32 0 0 0 
1700 11802 11804 10781 11090 0 54 0 0 0 
1800 12421 12143 11378 11450 0 46 0 0 0 
1900 12872 12371 11778 11678 0 51 0 0 0 
2000 13114 12564 12039 11838 7 63 0 0 0 
2100 13295 12704 12233 12058 142 210 0 0 0 
2200 13441 12866 12398 12263 387 682 14 0 0 
2300 13479 12866 12460 12355 1004 1695 25 0 0 
2400 13493 12806 12406 12365 2034 2716 52 2 0 
2500 13502 12865 12475 12465 3142 3711 46 1 0 
2600 13478 12820 12481 12539 3419 4388 58 1 969 
2700 13398 12746 12464 12666 4170 5593 12 0 2891 
2800 13343 12674 12444 12708 4927 6372 7 0 4146 
2900 13290 12694 12462 12859 5837 7218 5 0 5299 
3000 13298 12733 12500 12930 6379 7805 9 0 6256 
3100 13238 12710 12513 13005 7033 8389 5 0 7057 
3200 13389 12745 12605 13096 7766 8986 8 0 7974 
3300 13334 12822 12653 13167 8473 9613 5 0 8715 
3400 13383 12740 12566 13171 9223 10242 9 1 9272 
3500 13329 12704 12534 13205 9935 10653 10 0 9795 
3600 13402 12753 12640 13330 10507 11228 5 0 10294 
3700 13369 12755 12594 13388 10948 11495 8 0 10636 
3800 13333 12733 12573 13396 11102 11691 11 0 10700 
3900 13396 12838 12677 13420 11339 11949 16 0 10945 
4000 13358 12778 12616 13410 11457 11981 9 0 11008 
4100 13372 12845 12678 13473 11564 12074 9 0 11122 
4200 13390 12837 12702 13443 11547 12052 13 0 11158 
4300 13468 12833 12695 13505 11473 12077 3 0 11052 
4400 13411 12888 12786 13472 10813 12107 4 0 11256 
4500 13456 12951 12796 13513 10101 12162 2 0 11318 
4600 13450 12986 12819 13551 9121 12162 1 0 11356 
4700 13487 13082 12928 13544 8186 12291 2 0 11543 
4800 13457 13012 12934 13542 7386 12291 4 0 11547 
4900 13443 13125 12972 13560 6551 12353 1 0 11649 
5000 13468 13122 12988 13589 5766 12396 0 0 11730 
5100 13533 13280 13137 13660 5012 12552 2 0 11927 
5200 13505 13227 13147 13629 4345 12515 5 0 11918 
5300 13558 13264 13137 13671 3621 12596 2 0 12035 
5400 13536 13249 13161 13668 2926 12567 4 0 12073 
5500 13466 13243 13161 13631 2363 12661 2 0 12089 
5600 13529 13254 13180 13701 1982 12671 2 0 12122 
5700 13503 13275 13198 13694 1742 12666 0 0 12138 
5800 13548 13329 13237 13677 1640 12699 4 0 12178 
5900 13497 13237 13132 13610 1573 12628 3 0 12092 
6000 13536 13264 13151 13637 1562 12644 7 0 12132 
6100 13505 13265 13154 13649 1525 12675 5 0 12197 
6200 13520 13310 13191 13652 1388 12740 4 0 12296 
6300 13497 13335 13216 13639 1242 12794 4 0 12328 
6400 13553 13362 13241 13638 1130 12800 4 0 12401 
6500 13427 13346 13176 13581 1181 12792 4 0 12412 
6600 13455 13426 13248 13638 1540 12900 4 0 12524 
6700 13513 13454 13286 13644 2022 12907 6 2 12574 
6800 13430 13409 13227 13604 2405 12899 1 0 12544 
6900 13450 13422 13226 13611 2817 12929 5 0 12625 
7000 13471 13420 13235 13606 3287 12944 3 0 12634 
7100 13495 13382 13222 13595 3819 12908 6 0 12579 
7200 13497 13435 13262 13624 4392 12939 2 0 12636 
7300 13445 13324 13116 13527 4892 12827 5 2 12552 
7400 13448 13336 13153 13538 5361 12851 2 0 12593 
7500 13494 13424 13184 13594 5933 12968 5 0 12702 
7600 13437 13342 13114 13527 6250 12842 12 0 12639 
7700 13463 13336 13083 13551 6630 12837 6 3 12571 
7800 13462 13330 13109 13531 7065 12805 11 4 12541 
7900 13412 13278 13041 13531 7451 12762 9 1 12545 
8000 13471 13336 13120 13591 7929 12823 10 4 12584 
8100 13425 13300 13073 13537 8385 12833 7 1 12531 
8200 13475 13270 13012 13489 8780 12839 11 1 12512 
8300 13388 13278 13029 13497 9083 12829 14 2 12535 
8400 13401 13188 12960 13433 9333 12735 11 0 12454 
8500 13372 13223 12955 13448 9612 12731 13 1 12460 
8600 13344 13146 12866 13380 9708 12622 10 0 12338 
8700 13396 13176 12937 13437 9947 12712 8 3 12470 
8800 13394 13213 12909 13448 10139 12736 5 2 12455 
8900 13460 13222 12950 13447 10392 12735 7 2 12485 
9000 13382 13191 12884 13418 10419 12661 10 5 12458 
9100 13367 13109 12863 13347 10434 12558 4 2 12296 
9200 13382 13227 12889 13426 10710 12689 8 4 12396 
9300 13446 13234 12926 13478 10837 12723 13 1 12471 
9400 13407 13175 12878 13439 10789 12654 9 1 12392 
9500 13391 13154 12861 13428 10734 12596 6 1 12335 
9600 13376 13139 12837 13412 10625 12564 6 1 12270 
9700 13385 13090 12774 13365 10603 12498 9 1 12227 
9800 13430 13174 12861 13446 10417 12592 13 1 12305 
9900 13374 13103 12661 13394 9960 12540 136 1 12273 
10000 13364 13083 12682 13388 9921 12503 850 1 12262 
