# Avida tasks data
# Sat Apr 22 17:00:02 2023
# First column gives the current update, next columns give the number
# of organisms that have the particular task as a component of their merit
#  1: Update
#  2: Not
#  3: Nand
#  4: And
#  5: OrNot
#  6: Or
#  7: AndNot
#  8: Nor
#  9: Xor
# 10: Equals

0 0 0 0 0 0 0 0 0 0 
100 0 0 0 0 0 0 0 0 0 
200 0 0 0 0 0 0 0 0 0 
300 0 0 0 0 0 0 0 0 0 
400 0 0 0 0 0 0 0 0 0 
500 1 0 0 0 0 0 0 0 0 
600 1 0 0 0 0 0 0 0 0 
700 12 0 0 0 0 0 0 0 0 
800 27 0 0 0 0 0 0 0 0 
900 127 49 0 365 0 0 0 0 0 
1000 1023 1296 0 2135 1012 3 0 0 0 
1100 1614 2082 1 3289 2050 0 0 0 0 
1200 2296 2209 15 4157 2793 121 0 0 0 
1300 2834 2038 5 4660 2782 971 11 0 0 
1400 2996 2522 68 4723 2783 1130 16 0 0 
1500 3148 2864 18 4795 2771 1325 10 0 0 
1600 3239 3052 27 4888 2770 1444 10 0 0 
1700 3465 2741 26 5092 2725 1702 16 0 0 
1800 3723 2754 33 5410 2726 2027 16 0 0 
1900 3802 2784 53 5904 2725 2521 19 0 0 
