# Avida tasks data
# Sun Apr 23 09:03:22 2023
# First column gives the current update, next columns give the number
# of organisms that have the particular task as a component of their merit
#  1: Update
#  2: Not
#  3: Nand
#  4: And
#  5: OrNot
#  6: Or
#  7: AndNot
#  8: Nor
#  9: Xor
# 10: Equals

0 0 0 0 0 0 0 0 0 0 
100 0 0 0 0 0 0 0 0 0 
200 0 0 0 0 0 0 0 0 0 
300 0 0 0 0 0 0 0 0 0 
400 0 0 0 0 0 0 0 0 0 
500 0 0 0 0 0 0 0 0 0 
600 377 5 0 4 0 0 0 0 0 
700 1358 8 0 0 0 0 0 0 0 
800 2577 10 0 2 0 0 0 0 0 
900 4003 65 0 1 0 0 0 0 0 
1000 4880 1557 0 25 0 0 0 0 0 
1100 6532 3857 0 2146 4 0 0 0 0 
1200 9218 6651 0 5333 4 0 0 0 0 
1300 11242 8929 0 7838 11 0 0 0 0 
1400 12122 10143 0 9367 12 0 0 0 0 
1500 12657 11034 0 10350 18 0 0 0 0 
1600 13037 11734 0 11221 20 0 1 0 0 
1700 13182 12259 0 11674 21 0 0 0 0 
1800 13265 12653 0 12220 19 0 0 0 0 
1900 13286 12950 0 12473 19 0 0 0 0 
2000 13368 13114 2 12690 24 0 0 0 0 
2100 13359 13232 0 12762 29 0 0 0 0 
2200 13361 13225 0 12862 13 16 0 0 0 
2300 13342 13259 2 12823 25 69 0 0 0 
2400 13461 13248 1 12949 22 206 0 0 0 
2500 13372 13326 3 12785 30 372 0 0 0 
2600 13336 13288 5 12734 21 617 0 0 0 
2700 13334 13246 10 12768 28 948 0 0 0 
2800 13390 13237 11 12860 36 1392 6 0 0 
2900 13390 13258 7 12724 31 1876 230 0 0 
3000 13421 13277 14 12855 38 2329 802 0 0 
3100 13401 13193 26 12796 48 2812 1580 0 0 
3200 13423 13303 15 12841 46 3281 2411 0 0 
3300 13355 13175 18 12740 48 3558 3229 0 0 
3400 13435 13269 23 12857 49 3811 4119 0 0 
3500 13424 13322 28 12828 48 3863 4990 0 0 
3600 13396 13234 32 12849 58 3863 5888 0 0 
3700 13438 13239 28 12842 56 3806 6772 0 0 
3800 13457 13273 32 12862 86 3774 7603 0 0 
3900 13431 13225 25 12812 78 3878 8377 0 0 
4000 13444 13276 20 12879 78 3997 9049 0 0 
4100 13517 13300 37 12918 92 4311 9645 0 0 
4200 13493 13319 47 12881 102 4835 10071 0 0 
4300 13494 13323 43 12904 97 5360 10453 0 0 
4400 13459 13296 33 12829 90 5980 10593 0 0 
4500 13480 13325 58 12918 103 6526 11020 0 0 
4600 13474 13296 50 12914 113 7073 11332 0 0 
4700 13444 13215 79 12866 84 7641 11609 0 0 
4800 13474 13250 89 12839 90 8084 11815 0 0 
4900 13501 13310 71 12876 130 8554 12055 0 0 
5000 13574 13324 75 13062 79 9190 12358 0 0 
5100 13485 13255 85 12924 106 9634 12337 0 0 
5200 13430 13341 123 12994 75 10084 12445 0 0 
5300 13524 13294 466 12935 97 10109 12585 0 0 
5400 13519 13357 1236 12912 115 9695 12655 0 0 
5500 13469 13349 2603 12792 130 8922 12511 0 0 
5600 13529 13388 4251 12866 103 8233 12547 0 0 
5700 13518 13367 5681 12870 105 8102 12591 0 0 
5800 13499 13408 6684 12834 94 8097 12493 0 0 
5900 13503 13390 7357 12897 109 8290 12566 0 0 
6000 13479 13436 7929 12805 143 8534 12535 0 0 
6100 13454 13404 8438 12800 118 8775 12520 0 0 
6200 13508 13384 9162 12796 140 9117 12521 0 0 
6300 13430 13348 9687 12748 203 9469 12472 0 0 
6400 13456 13374 10200 12788 190 9781 12572 0 0 
6500 13449 13309 10553 12750 210 9992 12536 0 0 
6600 13444 13346 11137 12840 193 10508 12531 0 0 
6700 13460 13322 11334 12806 201 10789 12607 0 0 
6800 13434 13299 11400 12704 184 11328 12530 0 0 
6900 13421 13327 11542 12713 192 11671 12505 0 0 
7000 13424 13247 11543 12677 239 11962 12460 0 0 
7100 13424 13282 11685 12724 184 12158 12572 0 0 
7200 13444 13219 11559 12631 197 12393 12545 0 0 
7300 13420 13307 11669 12728 193 12694 12606 0 0 
7400 13440 13222 11589 12703 174 12724 12454 0 0 
7500 13342 13153 11569 12657 177 12679 12512 1 0 
7600 13476 13218 11601 12757 207 12716 12599 0 0 
7700 13437 13234 11623 12696 237 12718 12501 0 0 
7800 13455 13252 11655 12743 249 12779 12577 0 1 
7900 13450 13207 11619 12718 294 12630 12548 0 0 
8000 13502 13205 11721 12846 400 12610 12575 0 0 
8100 13465 13244 11768 12800 456 12453 12578 0 0 
8200 13537 13258 11725 12730 521 12563 12547 0 0 
8300 13469 13260 11745 12729 586 12532 12645 0 0 
8400 13484 13331 11752 12761 639 12463 12587 0 0 
8500 13472 13274 11734 12761 697 12353 12595 0 0 
8600 13496 13325 11807 12830 765 12278 12579 0 0 
8700 13454 13222 11728 12736 882 12116 12544 2 0 
8800 13497 13309 11778 12742 891 12108 12522 0 0 
8900 13517 13329 11989 12867 1010 11997 12709 0 0 
9000 13524 13337 11869 12740 1128 11886 12635 0 0 
9100 13530 13364 11954 12860 1239 11785 12663 0 0 
9200 13476 13304 11948 12812 1355 11676 12626 0 0 
9300 13486 13349 11978 12868 1545 11514 12634 0 0 
9400 13576 13319 12005 12913 1630 11317 12710 0 0 
9500 13643 13329 12030 12951 1733 11303 12667 0 0 
9600 13606 13281 11993 12876 1850 11128 12644 0 0 
9700 13531 13389 11974 12864 1911 11142 12654 0 0 
9800 13579 13407 12211 12988 2086 11008 12761 0 0 
9900 13666 13448 12210 12994 2238 10828 12737 0 0 
10000 13577 13413 12196 12913 2402 10688 12725 0 0 
