# Avida tasks data
# Sun Apr 23 00:29:53 2023
# First column gives the current update, next columns give the number
# of organisms that have the particular task as a component of their merit
#  1: Update
#  2: Not
#  3: Nand
#  4: And
#  5: OrNot
#  6: Or
#  7: AndNot
#  8: Nor
#  9: Xor
# 10: Equals

0 0 0 0 0 0 0 0 0 0 
100 0 0 0 0 0 0 0 0 0 
200 0 0 0 0 0 0 0 0 0 
300 0 0 0 0 0 0 0 0 0 
400 0 0 0 0 0 0 0 0 0 
500 0 0 0 0 0 0 0 0 0 
600 13 0 0 0 0 0 0 0 0 
700 48 22 0 0 0 0 0 0 0 
800 120 611 1 543 0 0 0 0 0 
900 226 3169 572 3341 3 45 0 0 0 
1000 1391 3921 3005 5175 7 65 0 0 7 
1100 2455 4656 4299 6331 23 559 4 0 225 
1200 3076 5651 5067 7396 30 1573 4 2 652 
1300 3459 6763 5783 8434 30 2659 4 0 952 
1400 3898 7846 6576 9275 38 3811 5 0 1018 
1500 4351 8591 7022 9812 78 4846 4 0 1124 
1600 4998 9597 7589 10384 86 6000 4 0 1219 
1700 5565 10427 8168 11044 91 6966 10 0 1229 
1800 6349 11161 8628 11467 334 7658 9 0 1231 
1900 6979 11646 8875 11922 891 8132 8 0 1356 
