# Avida tasks data
# Sun Apr 23 03:12:39 2023
# First column gives the current update, next columns give the number
# of organisms that have the particular task as a component of their merit
#  1: Update
#  2: Not
#  3: Nand
#  4: And
#  5: OrNot
#  6: Or
#  7: AndNot
#  8: Nor
#  9: Xor
# 10: Equals

0 0 0 0 0 0 0 0 0 0 
100 0 0 0 0 0 0 0 0 0 
200 0 0 0 0 0 0 0 0 0 
300 0 0 0 0 0 0 0 0 0 
400 63 8 0 0 0 0 0 0 0 
500 595 92 0 0 0 0 0 0 0 
600 1344 71 0 293 0 0 0 0 0 
700 2218 602 0 1698 8 0 0 0 0 
800 5125 3815 30 4672 27 0 0 0 0 
900 7809 6634 40 7230 28 1 0 0 0 
1000 9931 9106 44 9515 45 0 0 0 0 
1100 11018 10324 41 10591 35 0 0 0 0 
1200 11581 11031 62 11160 35 3 0 0 0 
1300 11920 11583 55 11661 53 0 0 0 0 
1400 12287 12044 76 12010 52 6 0 0 0 
1500 12604 12430 65 12346 49 3 0 0 0 
1600 12896 12607 55 12531 62 2 1 0 0 
1700 12885 12700 73 12537 51 3 1 0 0 
1800 12933 12708 89 12572 57 2 0 0 0 
1900 12843 12728 93 12570 54 2 14 0 0 
2000 12953 12729 113 12574 56 4 1023 0 0 
2100 13035 12791 134 12632 45 8 2848 0 0 
2200 13156 12755 104 12603 61 19 4426 0 0 
2300 13091 12696 109 12594 57 24 6051 0 0 
2400 13166 12598 59 12523 50 17 7275 0 0 
2500 13288 12674 26 12665 56 24 8592 0 0 
2600 13275 12629 19 12594 64 28 9669 0 0 
2700 13299 12716 15 12620 38 15 10489 0 0 
2800 13435 12813 14 12704 57 30 11164 0 0 
2900 13297 12693 5 12646 43 24 11514 0 0 
3000 13354 12773 0 12663 49 31 11825 0 0 
3100 13350 12750 0 12750 59 40 11986 0 0 
3200 13417 12689 2 12676 62 51 11973 0 0 
3300 13403 12711 6 12703 60 41 11999 0 1 
3400 13432 12709 0 12650 45 37 11977 0 0 
3500 13364 12685 4 12675 47 41 11877 0 0 
3600 13393 12742 0 12740 40 21 12001 0 0 
3700 13384 12717 1 12747 38 22 12045 0 0 
3800 13443 12725 0 12678 39 29 12017 0 0 
3900 13427 12649 0 12607 42 23 11882 0 0 
4000 13427 12782 0 12694 57 32 11949 0 0 
4100 13408 12693 0 12679 59 31 11912 0 0 
4200 13414 12773 1 12700 37 31 12018 0 0 
4300 13389 12811 1 12709 55 37 11983 0 0 
4400 13386 12766 0 12709 67 48 12008 0 0 
4500 13410 12711 0 12683 47 34 11955 0 0 
4600 13420 12823 39 12728 46 30 12040 0 0 
4700 13387 12290 459 12616 46 39 12002 0 0 
4800 13404 11437 1286 12572 47 56 11976 0 0 
4900 13327 10852 2898 12665 34 92 12003 0 0 
5000 13359 11632 4562 12562 33 140 11943 0 6 
5100 13274 12323 6178 12554 38 134 11943 0 1 
5200 13370 12672 7648 12545 42 251 11979 0 3 
5300 13320 12794 8989 12533 35 218 12020 0 10 
5400 13307 13031 10138 12537 38 276 12055 0 5 
5500 13402 13101 11113 12536 25 288 12093 0 1 
5600 13346 13096 11774 12411 38 339 12009 0 3 
5700 13413 13216 12255 12423 30 299 12016 0 7 
5800 13354 13178 12459 12440 37 306 11973 0 2 
5900 13439 13187 12508 12435 34 274 12073 0 4 
6000 13423 13223 12612 12558 35 292 12164 0 7 
6100 13425 13236 12609 12530 28 324 12109 0 14 
6200 13330 13212 12598 12484 26 311 12080 0 6 
6300 13405 13162 12601 12541 33 278 12114 0 5 
6400 13470 13174 12654 12579 26 276 12168 0 3 
6500 13389 13214 12540 12466 39 307 11987 0 4 
6600 13361 13216 12502 12429 23 285 11989 0 3 
6700 13423 13248 12668 12488 34 303 12102 0 1 
6800 13390 13204 12380 12346 53 362 11901 0 11 
6900 13353 13324 12606 12501 46 338 12094 0 2 
7000 13396 13179 12557 12450 32 283 12045 0 7 
7100 13455 13302 12568 12506 35 290 12034 0 8 
7200 13355 13307 12597 12543 74 313 12085 0 5 
7300 13375 13286 12577 12486 219 323 12064 0 7 
7400 13420 13242 12567 12511 401 324 12020 0 2 
7500 13395 13182 12589 12453 518 312 12088 0 8 
7600 13404 13283 12601 12458 828 287 12087 0 3 
7700 13426 13250 12540 12428 1034 331 11961 0 3 
7800 13315 13331 12426 12328 1372 319 11861 0 3 
7900 13391 13390 12524 12430 1692 273 11959 0 9 
8000 13362 13346 12571 12492 2263 309 12050 0 12 
8100 13384 13391 12531 12481 2836 313 12047 0 12 
8200 13423 13379 12593 12497 3530 288 12016 0 9 
8300 13361 13359 12506 12428 4276 315 11891 0 6 
8400 13373 13414 12504 12379 4860 285 11885 0 7 
8500 13397 13388 12584 12449 5537 268 11902 0 3 
8600 13365 13408 12457 12436 6182 303 11892 0 2 
8700 13378 13465 12466 12338 6784 294 11772 0 2 
8800 13415 13454 12602 12501 7684 296 11965 0 5 
8900 13347 13507 12529 12500 8353 274 11879 0 5 
9000 13334 13498 12467 12396 8946 321 11826 0 4 
9100 13410 13553 12527 12422 9521 295 11850 0 6 
9200 13414 13597 12642 12459 10051 250 11899 0 8 
9300 13383 13593 12529 12473 10495 284 11874 0 5 
9400 13430 13562 12556 12410 10709 304 11828 0 6 
9500 13360 13621 12527 12434 10910 262 11786 0 2 
9600 13404 13571 12547 12524 11311 249 11830 0 8 
9700 13326 13584 12444 12383 9716 298 10209 1459 1481 
9800 13342 13552 12427 12384 7821 287 8242 3329 3345 
9900 13286 13570 12459 12398 6246 282 6638 4916 4954 
10000 13304 13589 12356 12403 4816 274 5162 6272 6310 
