# Avida tasks data
# Sun Apr 23 06:26:40 2023
# First column gives the current update, next columns give the number
# of organisms that have the particular task as a component of their merit
#  1: Update
#  2: Not
#  3: Nand
#  4: And
#  5: OrNot
#  6: Or
#  7: AndNot
#  8: Nor
#  9: Xor
# 10: Equals

0 0 0 0 0 0 0 0 0 0 
100 0 0 0 0 0 0 0 0 0 
200 0 0 0 0 0 0 0 0 0 
300 0 0 0 0 0 0 0 0 0 
400 0 0 0 0 0 0 0 0 0 
500 67 1 0 196 0 0 0 0 0 
600 664 1748 0 1821 6 0 0 0 0 
700 2493 3611 0 3660 15 0 0 0 0 
800 4486 5509 0 5665 44 0 0 0 0 
900 6419 7517 0 7671 69 1 0 0 0 
1000 8595 9670 0 9841 67 0 0 0 0 
1100 10155 11136 644 11383 75 10 0 0 0 
1200 11400 12455 2889 12801 89 48 2 0 0 
1300 11888 12698 4625 13137 89 89 3 0 0 
1400 12069 12924 6233 13396 75 78 6 0 0 
1500 12236 12930 7593 13485 75 107 5 0 0 
1600 12243 12961 8727 13454 77 152 3 0 0 
1700 12391 12954 9844 13486 53 136 1 0 0 
1800 12305 12867 10634 13500 78 267 3 0 0 
1900 12432 12985 11168 13509 96 714 5 0 0 
2000 12365 12989 11560 13477 127 1713 3 0 0 
2100 12497 13036 11774 13463 181 2719 1 0 0 
2200 12399 13110 11886 13493 1351 4113 2 0 0 
2300 12322 13157 12015 13491 2679 5552 0 2 0 
2400 12383 13218 12136 13502 3736 6529 0 0 0 
2500 12437 13222 12169 13530 4820 7370 0 3 0 
2600 12275 13188 12107 13487 5710 8031 1 0 0 
2700 12321 13276 12279 13507 6870 8978 5 1 0 
2800 12294 13262 12273 13458 7713 9611 1 0 0 
2900 12259 13278 12371 13463 8692 10308 0 0 0 
3000 12281 13197 12298 13433 9342 10792 4 2 0 
3100 12323 13257 12403 13456 10101 11268 3 1 0 
3200 12307 13268 12376 13436 10586 11427 2 1 0 
3300 12275 13285 12407 13481 10888 11739 1 0 0 
3400 12400 13260 12374 13449 11179 11846 3 1 0 
3500 12335 13237 12383 13430 11357 11889 1 1 0 
3600 12433 13268 12445 13432 11544 12025 2 2 0 
3700 12397 13214 12384 13437 11506 12003 1 0 0 
3800 12437 13240 12448 13489 11585 11995 0 4 0 
3900 12417 13218 12357 13373 11504 11965 3 1 0 
4000 12458 13249 12390 13458 11485 12055 1 1 0 
4100 12454 13203 12388 13446 11484 12010 0 5 0 
4200 12566 13247 12382 13418 11490 11956 6 3 0 
4300 12600 13294 12435 13461 11492 11987 1 2 0 
4400 12404 13152 12354 13392 11478 11940 3 3 0 
4500 12491 13273 12467 13445 11495 12001 1 1 0 
4600 12579 13264 12450 13441 11563 12048 2 1 0 
4700 12617 13271 12403 13515 11616 12051 7 2 0 
4800 12598 13250 12482 13484 11610 12052 0 2 0 
4900 12695 13258 12430 13472 11556 12043 1 1 0 
5000 12664 13173 12416 13396 11500 12010 2 3 0 
5100 12691 13200 12434 13394 11588 12018 2 1 0 
5200 12730 13269 12405 13415 11557 12018 5 0 0 
5300 12753 13198 12424 13438 11530 12029 0 1 0 
5400 12620 13220 12448 13423 11648 12061 3 1 0 
5500 12703 13256 12578 13547 11690 12151 2 1 0 
5600 12694 13204 12372 13442 11546 12014 2 10 0 
5700 12731 13232 12410 13456 11525 11982 3 3 0 
5800 12770 13217 12413 13491 11578 12060 1 1 0 
5900 12736 13217 12503 13407 11659 12053 1 3 6 
6000 12653 13139 12362 13332 11455 11916 1 1 997 
6100 12551 13202 12436 13374 11516 11959 4 0 2653 
6200 12441 13093 12369 13335 11448 11910 6 0 3942 
6300 12362 13124 12395 13365 11483 11986 7 0 5238 
6400 12320 13145 12387 13283 11564 11972 10 2 6411 
6500 12166 13112 12352 13311 11465 11939 8 1 7454 
6600 12260 13056 12365 13242 11496 11912 6 2 8394 
6700 12217 13092 12364 13259 11494 11998 4 1 9230 
6800 12148 13057 12338 13247 11431 11971 12 0 9840 
6900 12136 13087 12349 13222 11444 12009 9 0 10364 
7000 12247 13159 12485 13273 11567 12083 6 0 10908 
7100 12233 13041 12352 13222 11453 11926 4 0 10998 
7200 12234 13160 12454 13354 11542 11997 7 1 11161 
7300 12196 13140 12480 13312 11565 12026 7 0 11194 
7400 12276 13159 12447 13304 11536 12022 9 3 11272 
7500 12298 13095 12341 13297 11463 11928 7 0 11138 
7600 12234 13107 12359 13323 11389 11906 15 3 11143 
7700 12163 13095 12388 13251 11502 11939 8 0 11200 
7800 12238 13137 12382 13267 11477 11915 9 2 11181 
7900 12241 13163 12493 13337 11615 12044 25 0 11379 
8000 12322 13109 12447 13284 11531 12003 51 0 11285 
8100 12350 13148 12383 13328 11496 12056 108 1 11241 
8200 12537 13195 12510 13354 11620 12084 227 0 11357 
8300 12465 13160 12513 13312 11677 12147 273 1 11354 
8400 12471 13198 12473 13308 11583 12121 383 2 11300 
8500 12444 13184 12475 13348 11593 12040 522 2 11364 
8600 12484 13244 12603 13400 11737 12181 725 0 11450 
8700 12543 13176 12480 13369 11568 12098 977 1 11272 
8800 12431 13220 12505 13393 11575 12137 1165 4 11249 
8900 12594 13241 12580 13425 11728 12212 1420 1 11413 
9000 12543 13222 12556 13402 11676 12136 1655 0 11323 
9100 12652 13192 12520 13398 11577 12121 1890 0 11321 
9200 12613 13151 12503 13404 11601 12135 2202 0 11366 
9300 12547 13164 12494 13357 11604 12141 2505 2 11318 
9400 12606 13249 12538 13482 11638 12147 2882 1 11356 
9500 12515 13222 12469 13443 11555 12081 3252 0 11292 
9600 12588 13294 12504 13442 11567 12130 3636 0 11284 
9700 12676 13223 12602 13517 11672 12156 3983 0 11425 
9800 12695 13295 12657 13489 11768 12234 4549 0 11503 
9900 12696 13234 12608 13417 11711 12158 4872 0 11421 
10000 12764 13301 12651 13491 11773 12198 5242 0 11441 
