# Avida tasks data
# Sun Apr 23 00:59:04 2023
# First column gives the current update, next columns give the number
# of organisms that have the particular task as a component of their merit
#  1: Update
#  2: Not
#  3: Nand
#  4: And
#  5: OrNot
#  6: Or
#  7: AndNot
#  8: Nor
#  9: Xor
# 10: Equals

0 0 0 0 0 0 0 0 0 0 
100 0 0 0 0 0 0 0 0 0 
200 0 0 0 0 0 0 0 0 0 
300 0 0 0 0 0 0 0 0 0 
400 0 0 0 0 0 0 0 0 0 
500 0 0 0 0 0 0 0 0 0 
600 0 0 0 0 0 0 0 0 0 
700 0 0 0 0 0 0 0 0 0 
800 0 2 0 0 0 0 0 0 0 
900 0 2 0 0 0 0 0 0 0 
1000 4 11 0 6 0 0 0 0 0 
1100 35 37 0 226 0 0 0 0 0 
1200 31 251 2 1048 0 0 0 0 0 
1300 60 1213 0 1814 0 0 0 0 0 
1400 76 2080 0 2590 0 0 0 0 0 
1500 181 2961 0 3508 0 0 0 0 0 
1600 370 3975 0 4446 1 0 0 0 0 
1700 1068 4094 6 5033 520 118 0 0 0 
1800 2275 4048 0 5558 1525 307 0 0 0 
1900 3066 3953 71 5827 2132 802 3 0 0 
2000 3667 3114 1103 6103 2625 1304 5 0 0 
2100 4467 3675 2470 6403 3321 1069 12 0 0 
2200 5285 4566 3624 6920 3964 1204 10 0 0 
2300 6463 5809 5013 7710 4952 1162 32 0 0 
2400 7522 6624 6096 8444 5816 1194 30 0 0 
2500 8499 7472 7166 9105 6702 1199 28 0 0 
2600 9273 8296 7979 9365 7063 1177 29 0 0 
2700 9930 9023 8677 9793 7659 1491 221 0 0 
2800 10392 9586 9084 9918 8000 2525 236 0 0 
2900 10802 10339 9645 10064 8527 3447 246 0 0 
3000 11392 11015 10497 10268 9060 4368 335 0 0 
3100 11807 11243 10955 10308 9300 5112 411 0 0 
3200 12269 11479 11378 10608 9741 6029 435 0 0 
3300 12755 12008 12032 10979 10228 6982 422 0 0 
3400 13022 12245 12318 11053 10289 7696 428 0 0 
3500 13209 12635 12569 11189 10494 8299 406 0 0 
3600 13359 12874 12732 11432 10751 8888 383 0 0 
3700 13419 13041 12762 11369 10661 9151 393 0 0 
3800 13380 13135 12803 11517 10780 9650 400 0 0 
3900 13516 13270 12919 11538 10792 9675 329 0 2 
4000 13431 13318 12942 11470 10736 9874 316 0 0 
4100 13457 13240 12959 11624 10885 10013 274 0 0 
4200 13445 13272 12967 11663 10942 10180 243 0 0 
4300 13468 13272 12934 11472 10644 9854 255 0 0 
4400 13519 13331 12948 11613 10953 10176 285 0 0 
4500 13513 13224 12922 11469 10775 10029 251 0 0 
4600 13453 13233 12933 11488 10709 9924 262 0 0 
4700 13472 13319 12889 11525 10807 10071 224 0 0 
4800 13499 13295 12964 11550 10829 10219 210 0 0 
4900 13506 13371 12979 11721 10933 10273 281 0 0 
5000 13539 13379 12948 11625 10946 10300 630 0 0 
5100 13530 13252 12877 11602 10884 10353 1145 0 0 
5200 13516 13301 12954 11645 10960 10446 1773 0 0 
5300 13559 13334 12986 11671 10889 10367 2503 0 0 
5400 13552 13327 12922 11709 10800 10335 3336 0 0 
5500 13554 13390 12890 11723 10905 10540 4126 0 0 
5600 13576 13341 12943 11644 10812 10460 4961 0 0 
5700 13507 13328 12937 11700 10865 10548 5883 0 0 
5800 13557 13382 12975 11697 10838 10657 6563 0 0 
5900 13535 13316 12927 11714 10874 10701 7285 0 0 
6000 13574 13358 13028 11814 10814 10727 7929 0 0 
6100 13534 13225 13026 11686 10821 10671 8402 0 0 
6200 13590 13342 12979 11783 10934 10891 8982 0 0 
6300 13642 13215 12945 11773 10991 10900 9366 0 0 
6400 13607 13387 13047 11770 11080 11042 9904 0 0 
6500 13625 13416 12981 11848 11087 11024 10291 0 0 
6600 13710 13363 12971 11780 10954 10945 10362 0 0 
6700 13724 13443 13108 11809 11138 11044 10619 0 0 
6800 13632 13410 12982 11838 11065 11007 10742 0 0 
6900 13692 13457 13036 11877 11129 11121 10762 0 0 
7000 13670 13493 13047 11833 11119 11130 10725 0 0 
7100 13731 13487 13015 11853 11156 11130 10803 0 0 
7200 13695 13384 13038 11881 11195 11205 10894 2 0 
7300 13705 13382 13003 11671 10969 10921 10631 2 0 
7400 13701 13353 12918 11637 10969 10943 10516 0 0 
7500 13829 13460 13071 11901 11328 11251 10961 0 0 
7600 13684 13360 13108 11840 11196 11190 10861 0 0 
7700 13734 13434 13078 11972 11313 11262 10910 0 0 
7800 13723 13470 13133 11812 11120 11171 10752 0 0 
7900 13650 13328 12970 11811 11148 11121 10801 0 0 
8000 13724 13358 13038 11750 11097 11042 10764 0 0 
8100 13726 13348 13019 11789 11280 11267 10840 0 0 
8200 13805 13396 13097 11955 11291 11243 10911 0 0 
8300 13801 13427 13064 11927 11308 11283 10921 0 0 
8400 13813 13328 13029 11955 11335 11267 10954 0 0 
8500 13801 13291 13043 11882 11285 11183 10847 0 0 
8600 13797 13312 13076 11770 11208 11128 10783 0 0 
8700 13838 13343 13037 11994 11345 11297 10936 0 0 
8800 13873 13467 13127 11882 11295 11252 10879 0 0 
8900 13816 13340 13021 11789 11226 11217 10849 0 0 
9000 13817 13355 13121 11858 11334 11275 10912 0 0 
9100 13852 13424 13120 11910 11395 11354 11057 1 0 
9200 13861 13423 13106 11954 11414 11311 10948 0 0 
9300 13914 13445 13166 12060 11537 11434 11157 0 0 
9400 13834 13467 13171 11984 11446 11434 11005 0 0 
9500 13906 13375 13122 11863 11372 11237 10950 0 0 
9600 13863 13491 13169 11900 11390 11335 11017 0 0 
9700 13841 13391 13143 11863 11296 11303 10899 0 0 
9800 13856 13331 13131 11891 11373 11306 10919 0 0 
9900 13925 13397 13237 12072 11545 11487 11153 0 0 
10000 13878 13380 13233 12035 11398 11317 11091 0 0 
