# Avida tasks data
# Sun Apr 23 01:46:01 2023
# First column gives the current update, next columns give the number
# of organisms that have the particular task as a component of their merit
#  1: Update
#  2: Not
#  3: Nand
#  4: And
#  5: OrNot
#  6: Or
#  7: AndNot
#  8: Nor
#  9: Xor
# 10: Equals

0 0 0 0 0 0 0 0 0 0 
100 0 0 0 0 0 0 0 0 0 
200 0 0 0 0 0 0 0 0 0 
300 0 0 0 0 0 0 0 0 0 
400 0 0 0 0 0 0 0 0 0 
500 2 0 0 0 0 0 0 0 0 
600 39 0 0 0 0 0 0 0 0 
700 219 7 0 0 0 0 0 0 0 
800 532 65 0 0 0 0 0 0 0 
900 981 138 0 3 0 0 0 0 0 
1000 1558 283 0 4 0 0 0 0 0 
1100 2599 929 0 257 0 6 0 0 0 
1200 4105 2173 0 1490 0 380 3 0 0 
1300 4837 2979 4 2472 48 2412 6 4 0 
1400 6327 4852 6 4274 76 4007 2 0 0 
1500 7806 6527 15 6221 148 5389 4 0 0 
1600 9269 8276 39 8017 368 6881 3 3 0 
1700 10356 9394 240 9269 2249 8021 3 0 0 
1800 11081 10169 673 10089 3474 8665 5 3 0 
1900 11617 10680 1293 10652 4465 9175 2 7 0 
2000 12047 11121 1977 11121 5352 9615 3 7 0 
2100 12303 11352 2619 11560 6092 9828 2 5 0 
2200 12450 11606 3351 11911 6736 10011 3 8 0 
2300 12592 11789 3900 12180 7544 10194 1 10 0 
2400 12619 11892 4550 12218 8046 10259 1 4 0 
2500 12691 11975 4967 12406 8483 10251 1 11 0 
2600 12764 12121 5537 12580 8831 10345 1 7 0 
2700 12975 12205 6296 12791 9120 10570 2 10 0 
2800 12972 12216 6763 12841 9372 10678 0 7 0 
2900 12962 12368 7235 13025 9482 10551 0 2 0 
3000 13035 12408 7734 13093 9787 10690 0 4 0 
3100 13064 12449 8249 13142 9861 10782 0 2 0 
3200 13140 12414 8532 13177 10081 10702 0 3 0 
3300 13060 12447 8792 13176 10053 10703 0 4 0 
3400 13072 12433 9060 13173 10206 10759 5 3 0 
3500 13028 12371 9210 13109 10103 10741 0 5 0 
3600 13110 12422 9410 13091 10153 10668 3 7 0 
3700 13079 12513 9738 13179 10287 10808 2 0 0 
3800 13030 12333 9633 13043 10060 10663 1 6 0 
3900 13149 12523 9896 13248 10317 10902 0 1 0 
4000 13141 12475 9948 13136 10301 10749 2 4 0 
4100 13130 12485 9934 13097 10298 10872 1 2 0 
4200 13091 12404 9893 13068 10165 10630 1 8 0 
4300 13076 12364 9912 13064 10173 10749 0 5 0 
4400 13095 12408 9836 13037 10131 10688 1 3 0 
4500 13138 12481 9836 13145 10149 10700 1 1 0 
4600 13097 12341 9768 13111 10004 10719 1 3 0 
4700 13109 12426 9967 13144 10189 10778 0 1 0 
4800 13136 12353 9936 13085 10197 10770 0 3 0 
4900 13070 12418 9811 13154 10093 10724 2 2 0 
5000 13098 12481 9926 13163 10212 10801 0 5 0 
5100 13200 12391 9916 13149 10201 10839 2 2 0 
5200 13081 12476 9935 13169 10159 10786 0 1 0 
5300 13061 12568 10068 13194 10340 10915 0 5 0 
5400 13091 12533 9939 13138 10240 10823 4 9 0 
5500 13070 12424 9885 13041 10214 10758 2 2 0 
5600 13181 12411 9998 13042 10332 10870 0 2 0 
5700 13121 12521 10097 13133 10378 10894 0 5 0 
5800 13173 12534 10040 13206 10380 10930 0 0 0 
5900 13150 12477 10088 13150 10304 10841 0 2 0 
6000 13093 12519 9972 13167 10262 10833 0 2 0 
6100 13115 12518 10125 13148 10361 10929 1 3 0 
6200 13238 12543 10137 13147 10494 11103 0 8 0 
6300 13193 12390 10110 13140 10374 10945 0 4 0 
6400 13181 12417 10075 13174 10367 10963 0 2 0 
6500 13127 12525 10120 13154 10428 10988 3 1 0 
6600 13205 12488 10081 13189 10415 10954 2 4 0 
6700 13193 12472 10138 13223 10423 10969 1 3 0 
6800 13253 12458 10189 13188 10467 11041 2 2 0 
6900 13145 12485 10158 13200 10393 10968 1 0 0 
7000 13233 12514 10233 13233 10451 11007 1 3 0 
7100 13168 12451 10060 13244 10443 11038 0 2 0 
7200 13281 12431 10121 13223 10482 11020 1 2 0 
7300 13202 12388 10072 13147 10379 10963 1 6 0 
7400 13213 12517 10160 13262 10526 11138 1 2 2 
7500 13137 12530 10145 13304 10421 11094 0 0 0 
7600 13210 12472 10180 13223 10472 11032 0 0 0 
7700 13168 12487 10194 13259 10420 10992 0 1 0 
7800 13213 12613 10291 13259 10633 11124 1 2 0 
7900 13265 12562 10147 13224 10527 11102 1 1 0 
8000 13287 12585 10284 13230 10640 11205 0 1 0 
8100 13268 12701 10426 13271 10686 11193 0 3 1 
8200 13276 12599 10216 13180 10554 11111 0 6 0 
8300 13281 12518 10168 13123 10467 11068 0 3 0 
8400 13310 12576 10290 13134 10575 11186 0 4 0 
8500 13232 12564 10350 13186 10567 11131 0 1 0 
8600 13259 12520 10277 13219 10579 11160 1 3 0 
8700 13270 12441 10172 13129 10448 11067 0 5 0 
8800 13251 12574 10312 13215 10567 11201 0 3 2 
8900 13291 12599 10409 13315 10598 11228 0 1 0 
9000 13260 12605 10393 13268 10628 11202 0 3 0 
9100 13271 12618 10510 13299 10733 11314 0 5 0 
9200 13283 12554 10372 13236 10589 11214 0 7 0 
9300 13265 12543 10270 13182 10560 11064 0 0 0 
9400 13335 12588 10330 13208 10628 11190 0 4 0 
9500 13277 12520 10249 13184 10536 11135 0 3 0 
9600 13256 12589 10273 13242 10582 11194 0 1 0 
9700 13266 12555 10314 13129 10551 11218 0 5 0 
9800 13204 12494 10218 13189 10526 11090 2 3 0 
9900 13284 12489 10302 13231 10643 11187 1 0 0 
10000 13199 12527 10191 13231 10491 11106 2 2 0 
