# Avida tasks data
# Sun Apr 23 06:12:39 2023
# First column gives the current update, next columns give the number
# of organisms that have the particular task as a component of their merit
#  1: Update
#  2: Not
#  3: Nand
#  4: And
#  5: OrNot
#  6: Or
#  7: AndNot
#  8: Nor
#  9: Xor
# 10: Equals

0 0 0 0 0 0 0 0 0 0 
100 0 0 0 0 0 0 0 0 0 
200 0 0 0 0 0 0 0 0 0 
300 0 0 0 0 0 0 0 0 0 
400 0 0 0 0 0 0 0 0 0 
500 0 0 0 0 0 0 0 0 0 
600 0 0 0 0 0 2 0 0 0 
700 2 108 0 0 0 1 0 0 0 
800 612 1706 1024 749 1 196 0 0 0 
900 1302 2532 1753 1724 0 832 0 0 0 
1000 2006 3043 2249 2386 2 1486 0 0 0 
1100 2849 3844 2990 3220 2 2165 0 0 0 
1200 3751 4633 3720 4161 4 2883 0 0 0 
1300 4609 5500 4573 5062 1 3496 0 0 0 
1400 5243 6225 5187 5763 4 4047 0 0 0 
1500 6020 7021 5948 6622 2 4668 0 0 0 
1600 6716 7675 6504 7265 5 5159 0 0 0 
1700 7398 8365 7139 7993 2 5729 0 0 0 
1800 7873 8838 7548 8476 5 6128 0 0 0 
1900 8521 9410 8095 9064 4 6610 0 0 0 
2000 8900 9880 8544 9518 9 7082 0 0 0 
2100 9265 10268 8885 9945 9 7445 0 0 0 
2200 9538 10647 9178 10268 2 7795 0 0 0 
2300 9844 10891 9446 10520 9 8109 0 0 0 
2400 10016 11037 9475 10672 3 8273 0 0 0 
2500 10213 11284 9834 10874 7 8572 0 0 0 
2600 10402 11388 9848 11014 10 8696 0 0 0 
2700 10495 11597 10042 11264 13 8974 0 0 0 
2800 10611 11722 10108 11339 8 9066 0 0 0 
2900 10830 11877 10203 11522 4 9258 0 0 0 
3000 10985 11989 10371 11648 6 9570 1 0 0 
3100 11083 12250 10645 11873 2 9760 0 0 0 
3200 11274 12388 10754 11895 0 9911 0 0 0 
3300 11317 12481 10856 12020 5 10115 0 2 0 
3400 11511 12653 10970 12172 3 10211 1 1 0 
3500 11602 12737 10986 12240 4 10349 0 2 0 
3600 11655 12857 11216 12355 7 10554 0 1 0 
3700 11817 12935 11225 12499 5 10581 1 0 0 
3800 11903 13086 11358 12633 1 10553 2 0 0 
3900 12025 13114 11468 12661 3 10726 0 0 0 
4000 12166 13213 11573 12815 1 10920 0 1 0 
4100 12234 13252 11656 12904 5 11108 1 0 0 
4200 12239 13281 11612 12883 2 11150 0 0 0 
4300 12346 13388 11555 12954 6 11121 0 0 0 
4400 12349 13378 11612 12938 4 11054 0 0 0 
4500 12331 13407 11625 12886 7 11108 0 0 0 
4600 12373 13411 11786 12926 11 11414 0 0 0 
4700 12372 13496 11779 12993 5 11466 0 0 0 
4800 12449 13387 11680 12855 4 11269 0 0 0 
4900 12401 13421 11652 12933 7 11358 0 0 0 
5000 12370 13413 11715 12975 8 11409 0 1 0 
5100 12353 13440 11798 12995 8 11511 0 0 1 
5200 12474 13475 11864 12978 5 11512 0 0 0 
5300 12368 13384 11733 12945 2 11364 1 0 0 
5400 12553 13409 11769 12976 7 11422 0 0 0 
5500 12530 13412 11736 12962 8 11362 0 1 0 
5600 12455 13424 11690 13014 3 11308 1 0 0 
5700 12352 13339 11736 12987 2 11235 0 1 0 
5800 12348 13343 11663 12904 4 11190 0 2 0 
5900 12425 13352 11570 12936 5 11244 0 1 0 
6000 12442 13396 11732 12973 4 11339 0 0 0 
6100 12394 13306 11770 12889 5 11317 0 0 0 
6200 12532 13343 11684 12952 0 11285 0 0 0 
6300 12554 13365 11696 13007 2 11362 0 0 0 
6400 12586 13371 11718 12941 1 11334 0 0 0 
6500 12596 13336 11687 12915 1 11341 0 0 0 
6600 12569 13357 11722 12949 3 11322 0 0 0 
6700 12416 13360 11695 12848 5 11349 0 0 0 
6800 12620 13352 11737 12925 6 11435 1 0 0 
6900 12525 13397 11771 13015 1 11434 1 0 0 
7000 12454 13324 11590 12877 7 11288 0 1 0 
7100 12585 13357 11561 12939 4 11352 2 0 0 
7200 12624 13294 11576 12925 5 11282 1 0 0 
7300 12554 13350 11590 12863 5 11261 0 0 0 
7400 12540 13329 11602 12910 10 11270 0 0 0 
7500 12587 13329 11634 12900 8 11326 0 0 0 
7600 12523 13477 11812 13035 4 11399 0 0 0 
7700 12580 13378 11753 12901 1 11349 2 0 0 
7800 12625 13340 11806 12989 6 11420 1 0 0 
7900 12625 13366 11725 12911 5 11491 3 0 0 
8000 12656 13401 11703 12999 2 11416 1 0 0 
8100 12604 13414 11824 13010 5 11464 0 0 0 
8200 12567 13346 11716 12902 5 11316 0 0 0 
8300 12627 13384 11751 12962 4 11352 2 0 0 
8400 12530 13361 11798 12920 6 11351 0 0 0 
8500 12558 13371 11794 12943 4 11431 0 1 0 
8600 12628 13339 11683 12958 8 11420 2 0 0 
8700 12697 13332 11734 12921 10 11344 0 0 0 
8800 12648 13357 11808 12915 3 11504 1 0 0 
8900 12667 13334 11744 12966 10 11504 1 0 0 
9000 12687 13348 11832 13016 22 11469 0 0 0 
9100 12692 13370 11767 12906 44 11538 1 0 0 
9200 12644 13275 11724 12976 86 11430 5 0 0 
9300 12721 13282 11733 12840 105 11350 0 0 0 
9400 12740 13305 11701 12990 192 11385 0 0 0 
9500 12790 13285 11793 12934 301 11370 1 0 0 
9600 12795 13317 11708 12954 392 11346 0 0 0 
9700 12757 13322 11809 12881 542 11365 0 1 0 
9800 12808 13260 11729 12951 603 11382 0 0 0 
9900 12803 13268 11743 12858 754 11481 2 1 0 
10000 12874 13314 11840 13023 888 11622 2 0 0 
