# Avida tasks data
# Sat Apr 22 17:19:10 2023
# First column gives the current update, next columns give the number
# of organisms that have the particular task as a component of their merit
#  1: Update
#  2: Not
#  3: Nand
#  4: And
#  5: OrNot
#  6: Or
#  7: AndNot
#  8: Nor
#  9: Xor
# 10: Equals

0 0 0 0 0 0 0 0 0 0 
100 0 0 0 0 0 0 0 0 0 
200 0 0 0 0 0 0 0 0 0 
300 0 0 0 0 0 0 0 0 0 
400 0 0 0 0 0 0 0 0 0 
500 16 0 0 0 0 0 0 0 0 
600 55 0 0 0 0 0 0 0 0 
700 283 2 0 0 0 0 0 0 0 
800 748 84 0 24 0 0 0 0 0 
900 1428 430 0 207 0 0 0 0 0 
1000 1840 931 0 1035 2 0 0 0 0 
1100 2205 1795 19 2958 34 1018 18 0 0 
1200 3821 2557 24 5263 1216 1771 1222 0 0 
1300 5047 2392 70 6246 3107 1060 3111 0 0 
1400 6217 2039 101 7022 4687 1181 4738 0 0 
1500 7532 1927 42 7119 6052 1985 6102 0 0 
1600 8554 1927 61 7171 7135 2774 7197 0 0 
1700 9100 2012 143 7740 7673 3413 7797 0 0 
1800 9641 2050 161 8553 8141 4211 8271 0 0 
1900 9906 2067 142 9264 8604 5021 8727 0 0 
2000 10342 1990 199 9801 9039 6010 9216 0 0 
2100 10486 1914 222 10117 9196 6883 9346 0 0 
2200 10884 1683 187 10437 9691 7979 9810 0 0 
2300 10987 1675 229 10786 9746 8742 9868 0 0 
2400 11234 1662 211 10924 9892 9387 9996 0 0 
2500 11498 1533 246 11193 10154 9922 10335 0 0 
2600 11700 1640 225 11471 10419 10316 10547 0 0 
2700 11981 1901 192 11537 10616 10725 10749 0 0 
2800 12061 2447 602 11519 10591 10998 10745 0 0 
2900 12033 3403 1343 11526 10734 11113 10876 0 0 
3000 12203 4227 2119 11523 10730 11209 10816 0 0 
3100 12175 5031 2931 11591 10823 11490 10963 0 0 
3200 12325 6002 3879 11704 10836 11794 11049 0 0 
3300 12186 6687 4528 11466 10632 11727 10789 0 0 
3400 12229 7358 5309 11509 10724 11873 10844 0 0 
3500 12305 7971 5905 11467 10826 11909 10949 0 0 
3600 12398 8480 6644 11560 10819 12085 10899 0 0 
3700 12438 9202 7477 11541 10961 12270 11072 0 0 
3800 12509 9633 8266 11426 10993 12385 11062 0 0 
3900 12507 10224 9054 11569 11020 12528 11063 0 0 
4000 12570 10395 9372 11473 10938 12522 11087 0 0 
4100 12625 10625 9703 11580 11107 12607 11211 0 0 
4200 12577 10732 9937 11441 11091 12626 11222 0 0 
4300 12689 10960 10285 11573 11197 12786 11334 0 0 
4400 12647 10893 10355 11446 11090 12672 11210 0 0 
4500 12626 11114 10717 11474 11100 12732 11210 0 0 
4600 12671 11243 10858 11488 11212 12832 11319 0 0 
4700 12507 11123 10729 11402 10989 12691 11029 0 0 
4800 12589 11265 10980 11528 11115 12806 11206 0 0 
4900 12683 11337 10929 11389 11004 12717 11125 0 0 
5000 12628 11344 11051 11450 11032 12787 11186 0 0 
5100 12640 11270 10986 11393 11070 12741 11209 0 0 
5200 12748 11401 11033 11481 11033 12804 11217 0 0 
5300 12709 11348 11090 11552 11215 12858 11330 0 0 
5400 12736 11346 11098 11491 11138 12827 11261 0 0 
5500 12735 11209 10982 11435 11158 12744 11264 0 0 
5600 12842 11462 11249 11634 11305 12876 11383 0 0 
5700 12746 11442 11172 11587 11303 12845 11379 0 0 
5800 12708 11396 11137 11556 11297 12784 11357 0 0 
5900 12743 11552 11174 11648 11256 12870 11364 0 0 
6000 12790 11495 11128 11567 11292 12891 11407 0 0 
6100 12705 11463 11113 11569 11244 12835 11316 0 0 
6200 12774 11512 11219 11582 11270 12912 11331 0 0 
6300 12745 11616 11322 11695 11356 12949 11443 0 0 
6400 12797 11448 11268 11611 11214 12907 11302 0 0 
6500 12835 11508 11181 11655 11243 12907 11326 0 0 
6600 12903 11662 11326 11698 11374 12912 11521 0 0 
6700 12832 11575 11241 11709 11387 12917 11460 0 0 
6800 12728 11556 11391 11711 11380 12968 11494 46 0 
6900 12418 11327 11308 11713 11360 12932 11418 317 0 
7000 11902 10565 11291 11663 11425 12813 11395 878 1 
7100 11775 9955 11501 11745 11486 12870 11423 1721 1 
7200 11687 9992 11427 11637 11453 12704 11352 3071 2 
7300 11890 10128 11365 11593 11319 12570 11113 4180 3 
7400 11998 10413 11334 11593 11401 12418 11061 5213 1 
7500 12273 10718 11408 11682 11439 12437 11044 6079 9 
7600 12406 10915 11487 11794 11531 12389 11032 6852 4 
7700 12491 11097 11412 11690 11433 12307 10814 7311 7 
7800 12571 11155 11507 11748 11520 12296 10981 7943 5 
7900 12529 11218 11522 11718 11500 12295 10836 8401 7 
8000 12580 11461 11547 11816 11601 12297 10945 8948 7 
8100 12574 11453 11549 11749 11566 12239 10830 9186 9 
8200 12556 11536 11429 11793 11551 12119 10833 9271 5 
8300 12523 11704 11579 11856 11549 12118 10834 9532 2 
8400 12512 11631 11553 11781 11582 12150 10799 9776 3 
8500 12546 11706 11547 11804 11511 12101 10755 9889 2 
8600 12478 11748 11549 11925 11506 12112 10789 9868 4 
8700 12546 11696 11563 11929 11670 12174 10900 10013 2 
8800 12530 11595 11508 11761 11507 12174 10817 9870 6 
8900 12560 11582 11585 11779 11592 12226 10847 9906 6 
9000 12536 11695 11561 11824 11560 12054 10868 10007 15 
9100 12675 11728 11584 11889 11629 12176 11003 10079 8 
9200 12527 11749 11686 11863 11644 12237 10943 10069 7 
9300 12589 11687 11605 11824 11597 12185 10804 9982 7 
9400 12656 11747 11656 11888 11773 12201 11073 10155 8 
9500 12530 11731 11625 11900 11688 12166 10902 9989 10 
9600 12441 11642 11544 11767 11574 12097 10771 9909 6 
9700 12493 11592 11483 11779 11584 12090 10792 9884 3 
9800 12549 11541 11427 11688 11516 12055 10801 9833 8 
9900 12580 11656 11499 11750 11526 12080 10779 9880 3 
10000 12561 11738 11595 11817 11520 12101 10789 9923 9 
