# Avida tasks data
# Sun Apr 23 04:33:15 2023
# First column gives the current update, next columns give the number
# of organisms that have the particular task as a component of their merit
#  1: Update
#  2: Not
#  3: Nand
#  4: And
#  5: OrNot
#  6: Or
#  7: AndNot
#  8: Nor
#  9: Xor
# 10: Equals

0 0 0 0 0 0 0 0 0 0 
100 0 0 0 0 0 0 0 0 0 
200 0 0 0 0 0 0 0 0 0 
300 0 0 0 0 0 0 0 0 0 
400 0 0 0 0 0 0 0 0 0 
500 0 0 0 0 0 0 0 0 0 
600 0 0 0 0 0 0 0 0 0 
700 0 0 0 0 0 0 0 0 0 
800 15 0 0 0 0 0 0 0 0 
900 747 9 0 2 0 0 0 0 0 
1000 2564 2373 3 117 0 1522 1 0 0 
1100 4265 4175 9 1014 321 3505 0 0 0 
1200 5278 5265 4 1455 2300 4539 0 0 0 
1300 6467 6395 6 3032 4046 5656 0 0 0 
1400 7585 7591 16 4703 5627 6724 0 0 0 
1500 8681 8684 11 6060 6856 7768 0 0 0 
1600 9710 9743 14 7352 8050 8764 0 0 0 
1700 10650 10718 32 8676 9137 9679 1 2 0 
1800 11440 11469 134 9661 9779 10331 1 0 0 
1900 12152 12167 278 10566 10478 11071 0 0 0 
2000 12558 12558 464 11312 10785 11374 1 0 0 
2100 12807 12859 665 12043 11237 11784 0 0 0 
2200 12982 13127 968 12555 11466 11928 1 0 0 
2300 13122 13131 1232 12840 11523 11955 0 0 0 
2400 13156 13168 1495 13060 11523 12021 2 0 0 
2500 13056 13115 1847 13127 11567 12063 2 0 0 
2600 13153 13215 2166 13234 11634 12118 54 0 0 
2700 13138 13226 2658 13298 11611 12134 224 0 0 
2800 13232 13182 2916 13222 11556 12110 673 0 0 
2900 13188 13248 3172 13252 11650 12147 1326 0 25 
3000 13182 13212 3136 13201 11675 12111 800 0 1078 
3100 13161 13208 2637 13208 11669 12127 417 1 2276 
3200 13094 13150 2320 13078 11612 12095 319 0 3320 
3300 13160 13165 2012 13103 11555 12041 761 0 4112 
3400 13067 13161 1769 13072 11518 12020 1458 3 4860 
3500 13087 13101 1585 13068 11577 12044 2270 0 5478 
3600 13060 13136 1473 13119 11690 12117 3123 2 6115 
3700 13116 13103 1374 13088 11604 12002 3822 3 6461 
3800 13116 13087 1206 13092 11734 12110 4817 3 7177 
3900 13081 13094 1049 13134 11707 12024 5534 13 7606 
4000 13081 13092 951 13051 11646 11934 6196 3 7966 
4100 13069 13127 785 13046 11692 11971 7039 7 8448 
4200 13101 13104 615 13051 11731 11931 7660 5 8817 
4300 13161 13153 466 13102 11787 11985 8212 9 9234 
4400 13095 13138 339 13058 11756 11937 8567 8 9383 
4500 13162 13143 185 12985 11759 11975 8921 9 9584 
4600 13157 13132 120 12990 11853 12049 9398 3 9941 
4700 13021 13157 75 13046 11907 12083 9653 6 10163 
4800 13162 13107 99 12963 11734 11918 9672 2 10038 
4900 13211 13172 56 13023 11864 12011 9955 6 10342 
5000 13129 13158 50 13090 11924 12111 10237 9 10504 
5100 13161 13135 65 13055 11768 11929 10064 10 10321 
5200 13167 13112 53 13043 11785 11990 10219 5 10441 
5300 13169 13193 55 13085 11795 11938 10206 10 10378 
5400 13118 13180 59 13088 11823 12055 10274 8 10481 
5500 13125 13175 75 13100 11845 12017 10254 2 10477 
5600 13077 13176 55 13081 11829 11972 10191 5 10421 
5700 13067 13245 59 13124 11910 12069 10381 5 10634 
5800 13198 13213 74 13190 11879 11994 10276 12 10533 
5900 13203 13167 80 13062 11883 12045 10358 18 10589 
6000 13232 13234 104 13115 11828 11976 10176 13 10474 
6100 13128 13177 125 13037 11836 11945 10239 19 10504 
6200 13237 13180 234 13021 11891 12014 10331 37 10466 
6300 13139 13294 334 13142 11946 12112 10274 23 10505 
6400 13290 13277 441 13121 11865 12107 10338 36 10589 
6500 13243 13190 660 13054 11848 12055 10272 35 10428 
6600 13240 13269 918 13046 11908 12041 10358 10 10584 
6700 13185 13277 1076 13055 11970 12136 10329 9 10597 
6800 13262 13176 1394 13009 11835 12050 10329 6 10516 
6900 13119 13160 1885 13087 11769 11997 10236 11 10449 
7000 13236 13240 2301 13143 11906 12083 10304 8 10540 
7100 13227 13201 2867 13152 11881 12094 10347 7 10565 
7200 13194 13148 3470 13114 11860 12031 10208 8 10423 
7300 13221 13201 4009 13083 11846 12028 10282 15 10471 
7400 13251 13123 4565 13057 11860 12078 10373 11 10495 
7500 13274 13262 5277 13130 11962 12223 10385 17 10569 
7600 13164 13123 5849 13077 11946 12120 10328 10 10430 
7700 13197 13193 6395 13137 11931 12197 10382 4 10532 
7800 13175 13076 7010 13009 11731 11900 10158 7 10390 
7900 13242 13010 7578 12939 11707 11958 10244 8 10346 
8000 13233 13092 8234 13048 11854 12120 10256 6 10481 
8100 13186 13080 8617 13039 11704 12061 10278 9 10410 
8200 13160 13059 9118 12885 11727 11994 10241 8 10322 
8300 13194 13047 9761 12972 11769 11988 10239 13 10393 
8400 13324 13091 10172 13031 11788 12088 10239 21 10420 
8500 13169 13076 10469 13123 11769 12081 10169 23 10349 
8600 13153 13110 10943 13156 11786 12123 10211 18 10362 
8700 13276 13031 11113 13007 11780 12042 10230 21 10444 
8800 13187 13090 11451 12948 11847 12071 10248 29 10450 
8900 13278 13065 11722 13036 11805 12038 10193 34 10349 
9000 13195 13039 11818 13014 11753 12111 10130 26 10342 
9100 13259 13051 11836 13068 11762 12083 10186 10 10432 
9200 13364 13082 11982 13086 11780 12119 10226 2 10403 
9300 13253 13046 11939 13024 11765 12086 10241 18 10406 
9400 13255 13077 12026 13049 11696 12018 10126 18 10311 
9500 13242 12957 11994 13016 11697 12056 10097 10 10179 
9600 13263 13103 12047 13061 11740 12102 10154 9 10249 
9700 13319 13081 12144 13054 11785 12059 10280 11 10460 
9800 13292 13032 12084 13053 11751 12074 10238 8 10420 
9900 13291 13005 12084 12991 11690 12062 10181 4 10337 
10000 13279 13141 12192 13011 11850 12133 10322 10 10482 
