# Avida tasks data
# Sat Apr 22 15:11:33 2023
# First column gives the current update, next columns give the number
# of organisms that have the particular task as a component of their merit
#  1: Update
#  2: Not
#  3: Nand
#  4: And
#  5: OrNot
#  6: Or
#  7: AndNot
#  8: Nor
#  9: Xor
# 10: Equals

0 0 0 0 0 0 0 0 0 0 
100 0 0 0 0 0 0 0 0 0 
200 0 0 0 0 0 0 0 0 0 
300 0 0 0 0 0 0 0 0 0 
400 0 0 0 0 0 0 0 0 0 
500 2 0 0 0 0 0 0 0 0 
600 12 0 0 0 0 0 0 0 0 
700 19 0 0 0 0 0 0 0 0 
800 66 4 0 0 0 0 0 0 0 
900 198 155 0 4 0 0 0 0 0 
1000 509 433 0 166 0 0 0 0 0 
1100 1529 1351 0 1109 106 0 44 0 0 
1200 2252 781 6 1571 756 10 1734 0 0 
1300 1900 328 11 2765 1820 16 2949 0 0 
1400 1380 215 19 3749 2842 16 3860 0 0 
1500 1028 172 25 4818 4086 27 4944 0 0 
1600 840 163 31 5800 5316 47 5908 0 0 
1700 814 170 29 6827 6571 45 7035 0 0 
1800 674 185 40 7814 7638 40 8013 0 0 
1900 635 203 41 8662 8610 45 9003 0 0 
2000 679 272 58 9331 9170 63 9545 0 0 
2100 769 250 67 9826 9686 54 10103 0 0 
2200 896 297 62 10242 10070 55 10403 0 0 
2300 1128 451 87 10579 10532 47 10897 0 0 
2400 1532 687 59 10969 10856 73 11239 0 0 
2500 2224 1240 70 10962 10844 84 11289 0 0 
2600 3041 1862 84 11147 10906 185 11400 0 0 
2700 4027 2503 70 11324 10891 270 11510 0 0 
2800 4791 3165 89 11398 10916 332 11546 0 0 
2900 5451 3797 69 11435 10946 392 11630 0 0 
3000 6095 4406 75 11465 10842 481 11590 0 0 
3100 6717 5042 64 11483 10722 616 11636 0 0 
3200 7255 5800 68 11463 10511 752 11577 0 0 
3300 7713 6522 69 11570 10322 943 11624 0 0 
3400 8028 7108 70 11437 10236 1044 11566 0 0 
3500 8405 7575 64 11490 10092 1176 11566 0 0 
3600 8774 8302 53 11453 9902 1337 11656 0 0 
3700 9126 8830 71 11453 9662 1544 11648 0 0 
3800 9358 9265 51 11422 9542 1677 11565 0 0 
3900 9630 9650 48 11509 9554 1704 11642 0 0 
4000 9775 10211 56 11602 9564 1769 11734 0 0 
4100 10102 10689 67 11448 9391 1819 11636 0 0 
4200 10210 11098 72 11483 9344 1929 11659 0 0 
4300 10125 11490 70 11527 9202 2002 11581 0 0 
4400 10448 11874 50 11539 9283 2011 11669 0 0 
4500 10576 12043 85 11464 9197 2045 11548 0 0 
4600 10890 12160 51 11491 9390 2081 11627 0 0 
4700 11111 11953 57 11637 9565 2172 11674 0 0 
4800 11113 11757 72 11563 9759 2357 11654 0 0 
4900 11092 11391 74 11497 9882 2521 11687 0 0 
5000 11041 10974 77 11477 9983 2756 11578 0 0 
5100 11207 10606 61 11703 10300 3009 11749 0 0 
5200 11172 10111 66 11733 10495 3393 11730 0 0 
5300 11110 9716 75 11640 10527 3550 11659 0 0 
5400 11072 9414 70 11627 10630 3838 11694 0 0 
5500 11090 9087 54 11668 10676 4183 11689 0 0 
5600 11031 8698 56 11702 10761 4479 11673 0 0 
5700 10904 8465 55 11714 10901 4765 11708 0 0 
5800 10905 8244 70 11723 10913 5036 11750 0 0 
5900 10980 7969 70 11743 11040 5441 11774 0 0 
6000 10833 7706 75 11680 11028 5637 11753 0 0 
6100 10805 7462 68 11722 11053 5961 11716 0 0 
6200 10863 7183 80 11774 11078 6285 11785 0 0 
6300 10952 6880 74 11719 11125 6557 11797 0 0 
6400 10906 6688 63 11786 11181 6940 11778 0 0 
6500 10922 6455 79 11730 11174 7240 11891 0 0 
6600 10673 6174 71 11886 11251 7476 11895 0 0 
6700 10773 5892 63 11810 11260 7643 11755 0 0 
6800 10820 5595 62 11856 11265 7898 11809 0 0 
6900 10585 5334 81 11812 11242 8132 11768 0 0 
7000 10479 5168 61 11809 11262 8337 11799 0 0 
7100 10466 4983 68 11866 11353 8551 11766 0 0 
7200 10417 4901 58 11791 11248 8670 11759 0 0 
7300 10580 4710 86 11823 11284 8925 11791 0 0 
7400 10534 4474 74 11898 11444 9201 11801 0 0 
7500 10617 4374 74 11819 11331 9226 11812 0 0 
7600 10731 4310 57 11830 11285 9380 11879 0 0 
7700 10714 4383 71 11771 11289 9453 11744 0 0 
7800 10879 4426 50 11898 11382 9672 11834 0 0 
7900 10865 4389 54 11939 11486 9928 11837 0 0 
8000 10875 4409 83 11899 11396 9963 11855 0 0 
8100 11009 4556 86 11882 11361 10019 11819 0 0 
8200 10906 4599 78 11927 11411 10161 11876 0 0 
8300 11116 4617 69 11886 11370 10138 11858 0 0 
8400 11129 4684 85 11965 11472 10246 11901 0 0 
8500 11048 4811 80 11898 11485 10361 11890 0 0 
8600 10996 5066 85 11943 11435 10395 11890 0 0 
8700 11077 5400 77 11924 11444 10476 11881 0 0 
8800 11129 5533 70 11920 11413 10555 11936 0 0 
8900 11099 5734 64 11878 11424 10569 11895 0 0 
9000 11113 5987 74 11884 11420 10706 11934 0 0 
9100 11256 6244 74 11925 11451 10791 11985 0 0 
9200 11347 6526 73 11983 11484 10873 11924 0 0 
9300 11243 6719 66 11883 11348 10806 11844 0 0 
9400 11208 6922 83 11877 11388 10858 11912 0 0 
9500 11317 7200 71 11888 11387 10895 11899 0 0 
9600 11318 7478 75 11930 11494 10984 11898 0 0 
9700 11342 7941 72 11801 11342 10883 11768 0 0 
9800 11439 8304 80 11821 11373 10921 11825 0 0 
9900 11422 8578 99 11853 11442 10932 11910 0 0 
10000 11368 8842 90 11846 11375 10947 11779 0 0 
