# Avida tasks data
# Sat Apr 22 21:46:59 2023
# First column gives the current update, next columns give the number
# of organisms that have the particular task as a component of their merit
#  1: Update
#  2: Not
#  3: Nand
#  4: And
#  5: OrNot
#  6: Or
#  7: AndNot
#  8: Nor
#  9: Xor
# 10: Equals

0 0 0 0 0 0 0 0 0 0 
100 0 0 0 0 0 0 0 0 0 
200 0 0 0 0 0 0 0 0 0 
300 0 0 0 0 0 0 0 0 0 
400 0 0 0 0 0 0 0 0 0 
500 0 0 0 0 0 0 0 0 0 
600 20 7 0 0 0 0 0 0 0 
700 309 79 0 2 0 0 0 0 0 
800 812 233 0 48 0 0 0 0 0 
900 1356 332 3 114 311 0 0 0 0 
1000 1510 297 0 976 1515 2 0 0 0 
1100 2330 466 7 1701 2471 27 1151 0 0 
1200 3550 1256 17 2407 2787 54 2407 0 0 
1300 4512 2426 15 3424 3392 66 3371 0 0 
1400 5539 3644 23 4634 4312 81 4352 0 0 
1500 6980 5004 36 6006 5446 65 5551 0 0 
1600 8368 6496 39 7449 6575 86 6695 0 0 
1700 9450 7843 22 8524 7628 81 7749 0 0 
1800 10269 8819 27 9469 8154 102 8342 0 0 
1900 11108 9885 36 10393 8816 219 9001 0 0 
2000 11744 9633 60 11046 9486 1499 9699 0 0 
2100 12056 8376 47 11331 9720 3214 10020 0 0 
2200 12359 7429 42 11667 10178 4636 10425 0 0 
2300 12460 6521 28 11810 10296 5873 10560 0 0 
2400 12621 5724 40 11840 10474 7070 10728 0 0 
2500 12771 5037 50 12006 10427 8079 10732 0 0 
2600 12873 4351 65 12165 10527 9151 10867 0 0 
2700 12939 3606 45 12147 10827 10038 11157 0 0 
2800 12942 2841 43 12175 10649 10898 11051 0 0 
2900 12899 2181 57 12294 10688 11516 11066 0 0 
3000 13018 1863 67 12243 10805 12028 11062 0 0 
3100 13033 1631 63 12233 10723 12391 11066 0 0 
3200 13004 1479 69 12237 10812 12805 11049 0 0 
3300 13037 1350 54 12220 10746 12984 11051 0 0 
3400 13021 1387 43 12309 10773 13109 11060 0 0 
3500 13006 1467 67 12277 10772 13158 11132 0 0 
3600 13005 1559 50 12269 10764 13332 11108 0 0 
3700 13131 1865 45 12201 10801 13369 11110 0 0 
3800 13067 2225 45 12210 10843 13420 11138 0 0 
3900 13109 2563 61 12352 10809 13419 11088 0 0 
4000 12951 2999 72 12229 10681 13431 10999 0 0 
4100 12950 3422 55 12286 10777 13363 11046 0 0 
4200 13077 3948 66 12162 10838 13419 11167 0 0 
4300 13135 4584 58 12241 10829 13385 11190 0 0 
4400 13143 5249 54 12313 10961 13414 11296 0 0 
4500 13094 5842 56 12165 10719 13364 11072 0 0 
4600 13112 6631 43 12219 10803 13396 11197 0 0 
4700 13096 7271 73 12192 10882 13451 11246 0 0 
4800 13182 7961 77 12129 10711 13379 10996 0 0 
4900 13194 8688 60 12241 10770 13380 11155 0 0 
5000 13149 9207 66 12112 10779 13383 11215 0 0 
5100 13162 9805 61 12155 10764 13373 11165 0 0 
5200 13239 10346 55 12120 10823 13407 11163 0 0 
5300 13278 10643 55 12077 10730 13325 11045 0 0 
5400 13109 11118 73 12125 10807 13314 11051 0 0 
5500 13248 11434 65 12169 10896 13388 11170 0 0 
5600 13156 11588 62 12053 10745 13313 11088 0 0 
5700 13141 11786 69 12080 10894 13393 11188 0 0 
5800 13240 11776 56 12009 10735 13365 11053 0 0 
5900 13114 11925 70 12074 10736 13345 11030 0 0 
6000 13246 11963 71 12171 10817 13420 11114 0 0 
6100 13188 12055 62 12129 10795 13359 11130 0 0 
6200 13227 12099 81 12204 10745 13376 11055 0 0 
6300 13249 12087 70 12219 10892 13399 11209 0 0 
6400 13311 12022 154 12201 10822 13359 11152 0 0 
6500 13281 12172 427 12288 10926 13370 11241 0 0 
6600 13227 12169 996 12225 10829 13379 11139 0 0 
6700 13293 12257 1824 12329 11060 13393 11321 0 0 
6800 13146 12340 2621 12276 10967 13305 11219 21 22 
6900 13099 12256 3444 12252 11042 13394 11296 33 38 
7000 13154 12286 4351 12359 11130 13441 11346 117 114 
7100 12948 12333 5346 12309 10979 13376 11180 182 178 
7200 13112 12370 6379 12420 11112 13443 11312 265 261 
7300 13176 12423 7338 12415 10899 13398 11099 363 361 
7400 13200 12496 8150 12390 10900 13444 11070 443 462 
7500 13137 12413 8929 12384 10832 13418 11048 511 525 
7600 13118 12380 9642 12456 10865 13403 11033 598 605 
7700 13159 12319 10256 12433 10809 13452 10963 641 650 
7800 13077 12276 10668 12315 10726 13302 10926 685 708 
7900 13105 12245 11089 12405 10627 13345 10868 778 791 
8000 13044 12276 11466 12481 10783 13402 10948 793 807 
8100 13116 12263 11875 12452 10614 13448 10804 828 836 
8200 13039 12360 11988 12475 10853 13365 11032 779 782 
8300 13159 12477 12369 12474 10786 13448 10984 750 771 
8400 13159 12443 12363 12500 10844 13411 11090 746 778 
8500 13156 12359 12372 12496 10681 13431 10866 798 827 
8600 13046 12473 12459 12409 10674 13442 10873 792 803 
8700 13085 12365 12524 12473 10642 13410 10829 885 900 
8800 13054 12467 12555 12487 10689 13388 10844 886 920 
8900 12991 12517 12464 12521 10494 13398 10740 1053 1104 
9000 12990 12577 12549 12496 10285 13499 10500 1222 1252 
9100 13088 12562 12513 12530 10058 13429 10251 1414 1465 
9200 13163 12666 12531 12603 9870 13460 9971 1614 1787 
9300 13020 12826 12464 12462 9927 13415 10068 1477 2690 
9400 13059 12888 12406 12412 10049 13380 9978 1231 3981 
9500 13215 12984 12480 12548 10192 13389 10054 1087 5168 
9600 13245 12891 12439 12618 10283 13367 10021 929 6187 
9700 13297 12841 12378 12554 10268 13365 9944 819 7099 
9800 13374 12919 12460 12613 10446 13384 10012 642 8040 
9900 13323 12920 12376 12638 10436 13352 9948 526 8699 
10000 13396 12928 12375 12655 10563 13373 10037 421 9378 
