# Avida tasks data
# Sun Apr 23 07:12:08 2023
# First column gives the current update, next columns give the number
# of organisms that have the particular task as a component of their merit
#  1: Update
#  2: Not
#  3: Nand
#  4: And
#  5: OrNot
#  6: Or
#  7: AndNot
#  8: Nor
#  9: Xor
# 10: Equals

0 0 0 0 0 0 0 0 0 0 
100 0 0 0 0 0 0 0 0 0 
200 0 0 0 0 0 0 0 0 0 
300 0 0 0 0 0 0 0 0 0 
400 0 0 0 0 0 0 0 0 0 
500 9 0 0 0 0 0 0 0 0 
600 697 0 0 0 0 0 0 0 0 
700 2055 74 0 0 0 0 0 0 0 
800 3336 1927 0 14 0 0 0 0 0 
900 5007 4103 0 34 0 2 0 0 0 
1000 6947 6485 0 31 0 0 0 0 0 
1100 8841 8747 0 39 0 0 0 0 0 
1200 10117 10453 0 66 1 4 0 0 0 
1300 11129 11761 1 112 0 303 0 0 0 
1400 11776 12461 0 104 1 1022 4 0 0 
1500 11931 12684 0 136 0 2026 13 0 0 
1600 12034 12826 1 173 1 3169 10 0 0 
1700 12293 13009 18 192 0 4435 17 0 0 
1800 12418 13022 21 220 0 5392 13 0 0 
1900 12429 13009 18 239 0 6527 15 0 0 
2000 12413 12957 17 378 2 7610 33 0 0 
2100 12513 12986 26 618 5 8562 134 0 0 
2200 12667 12952 20 773 3 9128 366 0 0 
2300 12555 12888 37 1006 4 9429 667 0 0 
2400 12645 12960 19 1265 1 9839 902 0 0 
2500 12734 12872 35 2087 19 9704 1470 0 0 
2600 12802 12882 35 2767 389 9173 2341 0 0 
2700 12831 12945 24 3110 1336 8034 3622 0 0 
2800 12791 12872 15 3117 2541 7017 4796 0 0 
2900 12884 12930 15 3102 3719 6033 5949 0 0 
3000 12755 12901 17 3329 4717 5170 7008 0 0 
3100 12711 12938 20 3522 5534 4563 7930 0 0 
3200 12718 12983 32 3737 6273 4274 8735 0 0 
3300 12699 12950 41 3764 6748 4133 9496 0 0 
3400 12731 13043 17 4115 7180 4053 10172 0 0 
3500 12789 13061 32 4590 7368 4163 10762 0 0 
3600 12819 13017 42 5153 7439 4301 11076 0 0 
3700 12701 13120 38 5714 7285 4566 11342 0 0 
3800 12708 13074 68 6314 6998 4932 11602 0 0 
3900 12807 13116 44 6941 6891 5378 11856 0 0 
4000 12818 13130 40 7512 6726 5709 11925 0 0 
4100 12838 13187 70 8011 6521 6140 11944 0 0 
4200 12776 13144 61 8339 6484 6541 11806 0 0 
4300 12837 13135 66 8758 6572 6929 11818 0 0 
4400 12848 13078 48 9521 6746 7509 11929 0 0 
4500 12894 13145 72 10025 6958 8173 11945 0 0 
4600 12858 13030 53 10440 7103 8817 11867 0 0 
4700 12880 13011 89 10813 7614 9235 11821 0 0 
4800 12966 12960 116 11113 8173 9869 11860 0 0 
4900 12934 12917 95 11108 8687 10493 11734 0 0 
5000 12924 12903 100 11207 9202 10905 11784 0 0 
5100 12995 12912 93 11274 9779 11379 11771 0 0 
5200 12969 12836 115 11380 10101 11561 11715 0 0 
5300 13077 12833 116 11457 10610 11945 11759 0 0 
5400 13050 12897 111 11509 10973 12018 11855 0 0 
5500 13062 12804 131 11451 11199 12203 11849 0 0 
5600 13070 12837 140 11482 11284 12235 11722 0 3 
5700 13058 12926 135 11504 11369 12266 11772 0 0 
5800 13138 12996 103 11765 11558 12436 11945 0 0 
5900 13107 12947 96 11649 11455 12280 11822 0 0 
6000 13163 12942 140 11773 11559 12429 11916 2 0 
6100 13079 13066 135 11674 11450 12370 11931 43 0 
6200 13078 13039 107 11699 11441 12368 12001 135 0 
6300 13102 13142 129 11644 11220 12353 11848 272 0 
6400 13209 13041 122 11825 11182 12481 11959 404 0 
6500 13174 13100 105 11822 11020 12438 11995 659 0 
6600 13246 13207 112 11882 10879 12522 12027 1087 13 
6700 13203 13221 104 11843 11258 12509 12023 2119 14 
6800 13149 13269 135 11758 11397 12435 11883 3275 17 
6900 13080 13269 138 11751 11431 12435 11858 4571 0 
7000 13086 13327 132 11823 11410 12442 11865 5700 0 
7100 13055 13296 156 11746 11276 12406 11759 6732 0 
7200 13064 13149 161 11753 11231 12353 11678 7715 2 
7300 12981 13250 160 11687 11163 12243 11679 8431 0 
7400 12957 13150 149 11643 11021 12258 11573 9034 0 
7500 13050 13249 150 11669 11121 12379 11686 9558 0 
7600 13073 13240 164 11798 11210 12441 11723 10171 0 
7700 13028 13246 192 11817 11115 12359 11655 10414 1 
7800 12987 13155 143 11788 11179 12390 11634 10634 1 
7900 13000 13187 167 11846 11196 12452 11676 10813 4 
8000 12992 13187 198 11753 11040 12339 11588 10701 0 
8100 12967 13173 164 11750 11044 12440 11532 10736 2 
8200 12992 13252 155 11791 11142 12418 11617 10876 0 
8300 13036 13291 164 11805 11139 12406 11661 10806 0 
8400 13000 13282 180 11759 11067 12408 11585 10719 0 
8500 12985 13285 176 11754 11188 12419 11639 10850 1 
8600 13004 13259 265 11793 11204 12442 11691 10857 3 
8700 12972 13256 387 11857 11265 12369 11748 10885 0 
8800 13014 13346 564 11836 11282 12433 11779 10916 0 
8900 13068 13319 701 11859 11203 12465 11731 10891 1 
9000 13058 13326 885 11890 11201 12413 11765 10943 3 
9100 13086 13367 1236 11982 11303 12483 11830 11031 2 
9200 13142 13301 1527 12008 11316 12597 11773 10947 0 
9300 13076 13396 1985 11886 11275 12411 11706 10813 0 
9400 13131 13461 2429 11934 11395 12629 11866 11058 0 
9500 13079 13462 3077 11999 11427 12525 11842 11047 0 
9600 13135 13428 3672 11993 11406 12691 11861 10984 1 
9700 13145 13437 4306 12062 11414 12631 11935 11002 0 
9800 13122 13447 4812 11943 11336 12551 11868 10961 0 
9900 13097 13465 5520 11903 11277 12568 11874 10977 0 
10000 13057 13597 6047 11916 11296 12567 11869 10913 0 
