# Avida tasks data
# Sat Apr 22 22:23:08 2023
# First column gives the current update, next columns give the number
# of organisms that have the particular task as a component of their merit
#  1: Update
#  2: Not
#  3: Nand
#  4: And
#  5: OrNot
#  6: Or
#  7: AndNot
#  8: Nor
#  9: Xor
# 10: Equals

0 0 0 0 0 0 0 0 0 0 
100 0 0 0 0 0 0 0 0 0 
200 0 0 0 0 0 0 0 0 0 
300 0 0 0 0 0 0 0 0 0 
400 0 0 0 0 0 0 0 0 0 
500 0 0 0 0 0 0 0 0 0 
600 0 0 0 0 0 0 0 0 0 
700 0 0 0 0 0 0 0 0 0 
800 4 3 0 0 0 0 0 0 0 
900 20 18 0 0 0 0 0 0 0 
1000 146 36 0 0 0 2 0 0 0 
1100 595 130 0 685 275 0 0 0 0 
1200 2804 291 0 2811 1965 0 0 0 0 
1300 4628 538 0 4545 3456 2 0 0 0 
1400 6157 1399 2 6057 4713 1 0 0 0 
1500 7385 2206 269 7053 5803 7 0 0 0 
1600 8052 3492 1485 7623 6400 16 0 0 0 
1700 8341 4641 2727 7886 6723 38 1 0 0 
1800 8689 5842 3989 8082 6994 39 0 0 0 
1900 9189 6906 4970 8408 7318 34 0 0 0 
2000 9642 7826 5923 8826 7801 61 0 0 0 
2100 10231 8670 7009 9469 8343 105 0 0 0 
2200 10776 9548 7900 10112 9024 191 83 0 0 
2300 10991 9815 7978 10364 9309 443 417 1339 1421 
2400 10918 9974 8076 10393 9359 358 350 2603 2751 
2500 10930 10302 8381 10553 9476 280 192 3861 4092 
2600 10944 10542 8497 10549 9432 242 76 4661 4928 
2700 11051 10912 8730 10697 9542 273 39 5363 5679 
2800 11163 11156 9030 10832 9592 290 29 5988 6354 
2900 11249 11504 9317 11055 9889 238 18 6679 7040 
3000 11375 11800 9790 11256 10101 270 19 7246 7661 
3100 11567 12141 10050 11400 10240 286 44 7782 8189 
3200 11631 12408 10368 11465 10457 336 29 8151 8650 
3300 11719 12763 10681 11651 10619 523 31 8437 8902 
3400 11789 12858 10990 11774 10766 877 33 8776 9270 
3500 11874 12919 11072 11869 10848 1324 29 8842 9316 
3600 11929 13005 11140 11880 11013 1836 50 9047 9501 
3700 11866 13015 11148 11880 11035 2074 450 8983 9500 
3800 11961 13041 11234 11990 11230 1777 1622 9013 9531 
3900 12009 13026 11265 11943 11239 1497 2755 9057 9561 
4000 12073 13095 11343 12071 11309 1211 3893 9121 9603 
4100 12031 13124 11311 12009 11312 1059 4926 9007 9514 
4200 12064 13112 11265 12050 11342 879 5883 9002 9474 
4300 12007 13215 11303 12012 11494 785 6778 9103 9557 
4400 12150 13164 11377 12100 11490 747 7496 9014 9501 
4500 12024 13083 11271 11933 11440 593 8169 8905 9385 
4600 12073 13130 11315 11990 11489 575 8761 8896 9417 
4700 12099 13146 11348 12057 11569 511 9259 9028 9496 
4800 11958 13122 11253 11903 11539 469 9634 8805 9279 
4900 12096 13209 11454 12057 11521 406 10238 9114 9591 
5000 12028 13135 11358 12033 11682 337 10632 9082 9528 
5100 12013 13092 11280 11969 11651 290 10929 8938 9375 
5200 12048 13157 11285 11970 11609 347 11081 8934 9366 
5300 12056 13121 11364 12010 11638 345 11179 8904 9375 
5400 12146 13065 11288 12019 11592 364 11232 8966 9405 
5500 12177 13158 11329 12075 11707 383 11326 9126 9562 
5600 12055 13000 11294 11937 11593 383 11411 8969 9423 
5700 12130 13098 11421 12114 11640 490 11511 9011 9484 
5800 12059 13187 11333 12079 11696 591 11514 8961 9415 
5900 12133 13217 11306 12053 11720 668 11569 9045 9459 
6000 12204 13225 11301 12076 11638 857 11520 9003 9426 
6100 12146 13258 11272 12103 11628 1036 11442 8934 9368 
6200 12279 13262 11333 12160 11675 1497 11537 9114 9548 
6300 12216 13223 11304 12079 11697 2003 11548 9051 9402 
6400 12252 13219 11431 12106 11693 2562 11521 9091 9498 
6500 12406 13259 11438 12163 11728 3086 11453 9067 9483 
6600 12421 13248 11374 12254 11683 3549 11380 9034 9461 
6700 12514 13226 11407 12342 11681 4071 11410 9071 9474 
6800 12527 13100 11438 12405 11719 4607 11520 9153 9526 
6900 12562 13118 11544 12479 11785 4924 11507 9191 9578 
7000 12528 13060 11426 12363 11676 5171 11388 9082 9465 
7100 12556 13017 11465 12374 11688 5614 11531 9234 9572 
7200 12542 12956 11495 12373 11659 5914 11464 9194 9588 
7300 12607 12818 11496 12347 11721 6176 11475 9142 9560 
7400 12649 12825 11537 12478 11794 6663 11540 9233 9614 
7500 12675 12664 11538 12458 11819 6976 11601 9296 9635 
7600 12675 12683 11657 12409 11878 7426 11529 9267 9653 
7700 12653 12513 11563 12418 11810 7602 11478 9222 9640 
7800 12767 12481 11634 12421 11817 8046 11449 9205 9621 
7900 12747 12373 11658 12376 11840 8276 11519 9205 9652 
8000 12642 12315 11598 12312 11705 8512 11476 9085 9463 
8100 12703 12141 11573 12314 11802 8630 11444 9087 9474 
8200 12656 12021 11433 12267 11673 8844 11287 8953 9355 
8300 12664 11997 11466 12235 11681 8912 11322 8943 9401 
8400 12675 11935 11552 12380 11879 9177 11541 9092 9541 
8500 12712 11944 11619 12384 11805 9403 11524 9308 9740 
8600 12693 11885 11604 12353 11702 9330 11423 9088 9511 
8700 12758 11907 11638 12363 11725 9582 11410 9252 9630 
8800 12691 11719 11558 12170 11737 9263 11419 9029 9461 
8900 12540 11693 11495 12156 11742 9272 11397 8995 9387 
9000 12696 11735 11682 12314 11759 9496 11492 9197 9613 
9100 12644 11768 11587 12284 11818 9479 11456 9168 9589 
9200 12602 11806 11520 12259 11780 9505 11510 9158 9591 
9300 12607 11764 11511 12235 11740 9485 11358 9008 9460 
9400 12637 11737 11560 12349 11784 9445 11443 9151 9543 
9500 12639 11680 11600 12251 11831 9675 11573 9266 9641 
9600 12651 11722 11653 12352 11832 9491 11505 9122 9528 
9700 12684 11823 11700 12288 11893 9644 11519 9264 9652 
9800 12674 11665 11601 12265 11655 9442 11321 9048 9455 
9900 12620 11658 11617 12250 11783 9537 11387 9209 9612 
10000 12607 11713 11554 12197 11805 9483 11553 9143 9538 
