# Avida tasks data
# Sun Apr 23 04:03:06 2023
# First column gives the current update, next columns give the number
# of organisms that have the particular task as a component of their merit
#  1: Update
#  2: Not
#  3: Nand
#  4: And
#  5: OrNot
#  6: Or
#  7: AndNot
#  8: Nor
#  9: Xor
# 10: Equals

0 0 0 0 0 0 0 0 0 0 
100 0 0 0 0 0 0 0 0 0 
200 0 0 0 0 0 0 0 0 0 
300 0 0 0 0 0 0 0 0 0 
400 125 8 0 0 0 0 0 0 0 
500 1052 399 0 2 0 0 0 0 0 
600 1650 1544 0 29 0 0 0 0 0 
700 2433 2596 81 80 0 8 0 0 0 
800 3396 3721 167 238 0 538 2 0 0 
900 4405 4752 213 501 0 1378 22 0 0 
1000 5345 5639 226 683 1 2197 33 0 0 
1100 6303 6518 196 1086 427 2986 34 0 0 
1200 7000 7023 203 2109 1451 3868 51 2 0 
1300 7514 7476 206 3071 2591 4650 31 0 0 
1400 8485 8415 219 4435 4048 5952 24 0 0 
1500 10293 10183 245 6281 5991 7827 13 4 0 
1600 11634 11490 188 7954 7632 9294 13 2 0 
1700 12368 12271 168 9159 8765 10262 17 2 0 
1800 13019 12775 131 10116 9829 11014 28 0 0 
1900 13104 12796 121 10637 10300 11125 185 0 0 
2000 13165 12962 122 11183 10859 10806 808 2 0 
2100 13246 13020 97 11546 11047 10062 1651 7 0 
2200 13308 13059 108 11524 11099 8878 2814 1 0 
2300 13231 13078 91 11553 11082 7891 3766 0 0 
2400 13295 13192 122 11614 11157 7017 4714 2 0 
2500 13268 13202 148 11651 11169 6001 5688 1 0 
2600 13313 13211 119 11604 11169 5051 6601 4 0 
2700 13389 13262 95 11462 11100 4091 7458 5 0 
2800 13395 13294 77 11422 11133 3235 8381 2 2 
2900 13292 13267 80 11511 11092 2471 9052 1 0 
3000 13440 13331 66 11499 11099 1881 9707 1 0 
3100 13368 13393 42 11544 11107 1467 10100 0 5 
3200 13457 13361 50 11565 11205 1398 10558 0 0 
3300 13419 13481 42 11612 11269 1796 10807 0 1 
3400 13456 13446 36 11554 11191 2407 10880 0 0 
3500 13462 13442 47 11698 11203 3196 11073 0 0 
3600 13473 13404 37 11724 11176 3881 11074 0 1 
3700 13433 13449 52 11827 11172 4933 11181 0 0 
3800 13557 13413 59 11920 11177 5817 11199 0 0 
3900 13484 13407 56 11898 11181 6847 11236 0 0 
4000 13556 13386 65 11929 11148 7723 11212 0 0 
4100 13541 13387 56 12115 11319 8774 11321 0 2 
4200 13508 13341 64 12090 11164 9591 11262 0 0 
4300 13520 13336 72 12193 11138 10368 11189 0 0 
4400 13551 13336 69 12270 11164 10900 11173 0 0 
4500 13615 13392 88 12365 11203 11398 11233 0 0 
4600 13584 13427 71 12399 11310 11784 11285 0 0 
4700 13555 13352 74 12325 11265 11964 11270 0 0 
4800 13553 13316 84 12271 11210 12152 11222 0 0 
4900 13559 13378 76 12387 11309 12371 11303 0 0 
5000 13575 13348 94 12313 11322 12555 11299 0 0 
5100 13591 13364 99 12281 11273 12650 11261 0 0 
5200 13580 13405 75 12394 11308 12746 11284 0 0 
5300 13607 13306 75 12385 11177 12674 11198 0 0 
5400 13606 13373 75 12380 11279 12735 11285 0 0 
5500 13616 13340 86 12306 11220 12712 11275 0 0 
5600 13592 13307 95 12348 11213 12686 11164 0 0 
5700 13572 13332 72 12345 11212 12743 11225 0 0 
5800 13609 13372 75 12454 11357 12762 11320 0 0 
5900 13582 13294 90 12273 11211 12692 11245 0 1 
6000 13607 13296 99 12272 11323 12705 11341 0 0 
6100 13590 13349 116 12292 11239 12744 11222 0 0 
6200 13608 13383 170 12321 11302 12732 11290 0 0 
6300 13587 13362 284 12257 11148 12706 11180 0 25 
6400 13690 13293 216 12216 11105 12640 11231 0 154 
6500 13572 13283 131 11825 10802 12678 11226 0 478 
6600 13615 13262 132 11152 10189 12701 11313 0 1024 
6700 13588 13352 135 10247 9391 12651 11301 0 1823 
6800 13610 13330 177 9497 8329 12643 11201 0 2692 
6900 13487 13238 198 8668 7464 12568 11301 0 3536 
7000 13497 13224 198 8157 6492 12614 11399 0 4548 
7100 13473 13227 227 7902 5622 12590 11319 0 5283 
7200 13508 13226 257 7380 4714 12633 11209 2 5991 
7300 13426 13186 257 7200 4158 12548 11398 0 6822 
7400 13500 13269 289 6821 3892 12622 11406 0 7567 
7500 13446 13204 254 6121 4151 12566 11398 1 7967 
7600 13448 13156 264 5659 4598 12502 11308 2 8338 
7700 13426 13148 214 5024 5348 12575 11473 0 8773 
7800 13470 13132 259 4696 5782 12566 11441 0 9087 
7900 13456 13171 274 4091 6509 12630 11393 0 9279 
8000 13459 13152 258 3568 7304 12617 11671 0 9670 
8100 13420 13113 276 3058 7895 12544 11536 0 9827 
8200 13473 13184 218 2730 8419 12673 11505 3 9854 
8300 13425 13131 263 2368 8992 12495 11528 0 9867 
8400 13409 13140 262 2048 9503 12592 11640 0 10104 
8500 13538 13286 236 1604 10024 12662 11783 0 10408 
8600 13494 13206 298 1521 10055 12590 11635 2 10291 
8700 13453 13151 239 1147 10401 12486 11604 0 10407 
8800 13525 13195 275 1134 10410 12499 11600 0 10483 
8900 13505 13160 241 979 10407 12604 11587 0 10322 
9000 13522 13266 233 1009 10649 12636 11655 2 10575 
9100 13541 13203 266 1186 10520 12559 11605 0 10437 
9200 13545 13306 235 1221 10616 12760 11712 2 10588 
9300 13514 13196 271 1383 10464 12524 11605 0 10320 
9400 13493 13188 283 1541 10592 12574 11738 3 10495 
9500 13558 13225 274 1764 10464 12578 11585 0 10414 
9600 13574 13217 255 1996 10613 12665 11657 1 10576 
9700 13538 13208 249 2408 10491 12649 11573 0 10515 
9800 13541 13160 299 3029 10679 12549 11672 0 10471 
9900 13591 13186 278 3528 10712 12655 11774 0 10668 
10000 13563 13186 244 4337 10579 12605 11572 0 10498 
