# Avida tasks data
# Sun Apr 23 05:27:05 2023
# First column gives the current update, next columns give the number
# of organisms that have the particular task as a component of their merit
#  1: Update
#  2: Not
#  3: Nand
#  4: And
#  5: OrNot
#  6: Or
#  7: AndNot
#  8: Nor
#  9: Xor
# 10: Equals

0 0 0 0 0 0 0 0 0 0 
100 0 0 0 0 0 0 0 0 0 
200 0 0 0 0 0 0 0 0 0 
300 0 0 0 0 0 0 0 0 0 
400 0 0 0 0 0 0 0 0 0 
500 0 0 0 0 0 0 0 0 0 
600 39 0 0 0 0 0 0 0 0 
700 1223 1074 0 90 0 0 0 0 0 
800 2347 2300 0 127 2 0 0 0 0 
900 2541 2492 0 123 2 0 0 0 0 
1000 2548 2497 0 121 4 0 0 0 0 
1100 2578 2529 0 119 3 0 0 0 0 
1200 2970 2920 0 143 3 0 0 0 0 
1300 3387 3316 0 158 3 1 0 0 0 
1400 3799 3717 0 164 5 1 0 0 0 
1500 4128 4037 0 179 7 1 0 0 0 
1600 4138 4043 0 173 6 1 0 0 0 
1700 4204 4109 0 179 10 1 0 0 0 
1800 4204 4107 0 165 8 0 0 0 0 
1900 4209 4118 2 164 7 0 0 0 0 
2000 4208 4103 5 173 7 0 0 0 0 
