# Avida tasks data
# Sat Apr 22 17:01:25 2023
# First column gives the current update, next columns give the number
# of organisms that have the particular task as a component of their merit
#  1: Update
#  2: Not
#  3: Nand
#  4: And
#  5: OrNot
#  6: Or
#  7: AndNot
#  8: Nor
#  9: Xor
# 10: Equals

0 0 0 0 0 0 0 0 0 0 
100 0 0 0 0 0 0 0 0 0 
200 0 0 0 0 0 0 0 0 0 
300 0 0 0 0 0 0 0 0 0 
400 19 0 0 0 0 0 0 0 0 
500 125 0 0 0 0 0 0 0 0 
600 390 6 0 0 0 0 0 0 0 
700 840 109 0 5 0 0 0 0 0 
800 1537 835 0 486 0 0 0 0 0 
900 1788 2479 0 2149 96 0 0 0 0 
1000 2612 3152 0 2853 1287 0 843 0 0 
1100 3674 4192 0 3064 2036 0 1998 0 0 
1200 4767 5263 0 3749 2089 0 3367 0 0 
1300 6437 6313 10 5079 1813 474 4740 0 0 
1400 7472 7677 15 6633 2223 2120 6140 0 0 
1500 8258 8610 31 7757 2481 3398 7144 0 0 
1600 8809 9066 26 8417 4059 4186 7649 0 0 
1700 9375 9509 50 9076 5548 5019 8216 0 0 
1800 10058 9917 62 9847 6732 6055 8802 0 0 
1900 10689 10527 53 10627 7989 7048 9435 0 0 
2000 11171 10962 62 11059 8798 7916 9884 0 0 
2100 11621 11358 102 11411 9568 8827 10435 1 0 
2200 12025 11825 90 11690 10007 9542 10972 0 0 
2300 12420 12103 76 11766 10181 10064 11359 0 0 
2400 12724 12276 87 11859 10248 10349 11510 3 0 
2500 12946 12445 106 11963 10362 10771 11737 1 0 
2600 13092 12660 98 12066 10542 10902 12000 0 0 
2700 13266 12779 106 12218 10697 11210 12130 0 0 
2800 13421 12881 98 12335 10846 11329 12242 2 0 
2900 13489 12872 86 12294 10788 11219 12201 2 0 
3000 13397 12920 109 12340 10730 11289 12254 3 0 
3100 13425 12842 83 12263 10774 11196 12183 1 0 
3200 13427 12875 109 12318 10837 11301 12239 0 0 
3300 13429 12831 106 12329 10746 11189 12183 4 0 
3400 13475 12988 101 12440 10913 11352 12300 2 0 
3500 13479 12956 104 12417 10901 11433 12309 1 0 
3600 13523 13059 107 12546 11014 11484 12391 2 0 
3700 13391 12976 86 12484 11002 11466 12381 2 0 
3800 13459 13006 102 12397 10883 11381 12329 0 0 
3900 13524 13046 78 12506 10959 11445 12416 0 0 
4000 13443 12955 104 12424 10878 11392 12317 2 0 
4100 13479 12937 86 12456 10898 11370 12325 0 0 
4200 13487 13063 116 12529 11053 11533 12435 0 0 
4300 13418 12979 78 12442 10949 11494 12355 0 0 
4400 13490 12990 95 12518 10978 11497 12365 1 0 
4500 13462 13027 103 12530 11074 11526 12432 1 0 
4600 13443 13057 81 12542 11056 11495 12463 2 0 
4700 13406 12978 111 12451 10902 11426 12321 1 0 
4800 13521 13079 110 12593 11102 11554 12448 0 0 
4900 13485 13036 81 12610 11160 11611 12464 0 0 
5000 13548 13037 92 12606 11094 11539 12475 0 0 
5100 13550 13111 106 12621 11212 11598 12514 0 0 
5200 13578 13008 86 12569 11092 11564 12378 0 0 
5300 13556 13099 106 12568 11141 11625 12476 2 0 
5400 13476 13029 117 12505 11079 11530 12432 1 0 
5500 13469 13068 114 12539 11118 11595 12432 2 0 
5600 13532 13075 93 12572 11038 11575 12411 2 0 
5700 13473 12947 85 12515 11019 11534 12354 0 0 
5800 13521 13108 108 12591 11209 11606 12474 2 0 
5900 13462 13075 72 12573 11266 11706 12496 2 0 
6000 13548 13188 88 12766 11375 11895 12638 0 0 
6100 13610 13176 100 12671 11240 11702 12575 0 0 
6200 13557 13175 102 12720 11232 11767 12553 1 0 
6300 13587 13159 94 12692 11237 11687 12528 0 0 
6400 13559 13153 74 12647 11162 11588 12543 1 0 
6500 13604 13212 94 12784 11379 11876 12655 0 0 
6600 13546 13172 81 12682 11231 11686 12564 0 0 
6700 13561 13167 84 12685 11260 11721 12571 0 0 
6800 13652 13268 85 12722 11343 11803 12692 1 0 
6900 13686 13248 100 12742 11263 11753 12639 0 0 
7000 13631 13245 78 12732 11354 11849 12665 0 0 
7100 13559 13186 91 12686 11260 11724 12581 0 0 
7200 13639 13274 83 12825 11422 11901 12697 3 0 
7300 13645 13189 100 12740 11396 11809 12645 3 0 
7400 13645 13260 110 12771 11363 11858 12629 0 0 
7500 13582 13250 92 12727 11250 11746 12576 0 0 
7600 13632 13303 86 12801 11331 11879 12707 1 0 
7700 13663 13268 79 12854 11380 11971 12674 1 0 
7800 13608 13194 84 12772 11337 11896 12636 2 0 
7900 13612 13279 96 12794 11407 11873 12740 3 0 
8000 13609 13294 89 12814 11432 11936 12714 1 0 
8100 13670 13257 90 12709 11329 11809 12664 0 0 
8200 13664 13198 91 12743 11318 11846 12602 0 0 
8300 13659 13294 78 12831 11357 11918 12730 1 0 
8400 13608 13156 105 12666 11284 11775 12576 0 0 
8500 13711 13291 85 12846 11438 11962 12715 0 0 
8600 13607 13210 96 12742 11278 11850 12617 1 0 
8700 13710 13312 88 12854 11450 11919 12680 0 0 
8800 13676 13231 96 12727 11209 11792 12580 1 0 
8900 13680 13277 95 12855 11351 11905 12692 2 0 
9000 13674 13369 73 12810 11398 11921 12772 1 0 
9100 13647 13261 80 12743 11281 11811 12614 0 0 
9200 13669 13350 102 12860 11457 11912 12731 0 0 
9300 13625 13282 91 12771 11326 11944 12695 5 0 
9400 13708 13380 83 12912 11428 11994 12777 0 0 
9500 13584 13263 100 12767 11253 11818 12614 1 0 
9600 13756 13404 95 12932 11427 12016 12799 0 0 
9700 13769 13343 95 12798 11443 11982 12725 0 0 
9800 13772 13375 82 12876 11433 12010 12816 2 0 
9900 13762 13384 105 12861 11391 11966 12755 0 0 
10000 13682 13318 103 12850 11421 11947 12719 0 0 
