# Avida tasks data
# Sun Apr 23 00:00:36 2023
# First column gives the current update, next columns give the number
# of organisms that have the particular task as a component of their merit
#  1: Update
#  2: Not
#  3: Nand
#  4: And
#  5: OrNot
#  6: Or
#  7: AndNot
#  8: Nor
#  9: Xor
# 10: Equals

0 0 0 0 0 0 0 0 0 0 
100 0 0 0 0 0 0 0 0 0 
200 0 0 0 0 0 0 0 0 0 
300 0 0 0 0 0 0 0 0 0 
400 1 0 0 0 0 0 0 0 0 
500 0 0 0 0 0 0 0 0 0 
600 5 0 0 0 0 0 0 0 0 
700 31 4 0 446 0 0 0 0 0 
800 404 1189 21 2185 7 0 0 0 0 
900 286 2113 1729 3528 0 4 0 0 0 
1000 304 3699 3661 5312 2 7 0 0 0 
1100 556 5505 5617 7234 1 9 0 0 0 
1200 888 7331 7590 9096 27 25 0 0 0 
1300 1172 8855 9139 10582 294 44 0 0 0 
1400 1374 9768 9967 11425 766 52 0 0 0 
1500 1750 10456 10777 11909 1515 69 0 0 0 
1600 2277 10683 10915 12033 2336 208 0 0 0 
1700 2773 11216 11228 12235 3243 439 3 0 0 
1800 3366 11463 11342 12280 4025 724 0 0 0 
1900 4157 11716 11566 12465 4672 858 0 0 0 
2000 4748 11848 11577 12498 5151 999 0 0 0 
2100 5460 12042 11801 12441 5859 1118 2 0 0 
2200 6154 12196 11944 12577 6574 1393 1 0 0 
2300 6992 12260 11762 12423 7173 1836 0 0 0 
