# Avida tasks data
# Sat Apr 22 15:44:41 2023
# First column gives the current update, next columns give the number
# of organisms that have the particular task as a component of their merit
#  1: Update
#  2: Not
#  3: Nand
#  4: And
#  5: OrNot
#  6: Or
#  7: AndNot
#  8: Nor
#  9: Xor
# 10: Equals

0 0 0 0 0 0 0 0 0 0 
100 0 0 0 0 0 0 0 0 0 
200 0 0 0 0 0 0 0 0 0 
300 0 0 0 0 0 0 0 0 0 
400 0 0 0 0 0 0 0 0 0 
500 0 0 0 0 0 0 0 0 0 
600 1 0 0 0 0 0 0 0 0 
700 14 0 0 0 0 0 0 0 0 
800 35 3 0 0 0 0 0 0 0 
900 101 33 0 43 0 0 0 0 0 
1000 179 321 0 406 0 0 0 0 0 
1100 261 1388 0 1254 0 0 0 0 0 
1200 380 2688 33 2532 0 318 0 0 0 
1300 1730 2602 20 4379 2452 117 2351 0 0 
1400 3123 4128 15 5984 4376 115 4219 0 0 
1500 4299 5651 22 7174 5793 962 5534 0 0 
1600 5093 6666 47 7786 6622 2712 6330 0 0 
1700 6085 7572 153 8443 7549 4308 7208 0 0 
1800 6944 8054 918 8872 8092 5549 7711 0 0 
1900 7769 8310 2269 9165 8568 6383 8240 0 0 
2000 8369 8710 3616 9458 8914 7225 8582 0 0 
2100 8945 8872 4979 9672 9127 7918 8807 0 0 
2200 9408 9227 6193 9925 9393 8714 9082 0 3 
2300 10079 9815 7559 10275 9805 9701 9485 0 19 
2400 10643 10149 8586 10692 10214 10473 9883 0 98 
2500 11195 10672 9520 11161 10646 11255 10257 0 272 
2600 11427 10958 10014 11437 10883 11693 10537 0 962 
2700 12095 11767 10820 12142 11509 12479 11163 17 1945 
2800 12414 11958 11198 12408 11794 12823 11408 0 2900 
2900 12518 12115 11380 12521 11906 12978 11558 0 3638 
3000 12678 12347 11469 12700 12029 13167 11690 0 4126 
3100 12808 12475 11631 12791 12166 13288 11844 0 4446 
3200 12802 12470 11622 12783 12163 13286 11829 0 4461 
3300 12822 12495 11614 12790 12162 13295 11833 0 4486 
3400 12830 12533 11593 12779 12166 13291 11821 0 4510 
3500 12819 12550 11644 12874 12267 13315 11935 1 4832 
3600 12897 12644 11748 12965 12284 13377 11985 0 5144 
3700 12968 12694 11752 12960 12321 13412 11954 0 5403 
3800 12870 12675 11715 12938 12271 13400 11937 0 5511 
3900 12860 12692 11795 13001 12343 13412 12006 0 5684 
4000 12888 12701 11657 12922 12260 13392 11902 0 5730 
4100 12912 12670 11764 12978 12326 13409 11954 0 5832 
4200 12951 12682 11780 12997 12349 13383 11970 2 5924 
4300 12929 12696 11798 13008 12357 13397 12034 0 6000 
4400 12982 12724 11765 13041 12358 13413 12011 1 6081 
4500 13012 12746 11819 13050 12361 13413 12023 4 6213 
4600 12999 12779 11371 13088 12376 13388 12098 1 6498 
4700 13012 12796 10335 13094 12357 13374 12093 1 6971 
4800 12985 12833 9590 13091 12383 13355 12085 1 7414 
4900 12988 12847 8945 13076 12403 13342 12112 2 7781 
5000 12957 12846 8408 13131 12410 13303 12112 7 8094 
5100 12923 12887 8021 13098 12440 13345 12110 6 8419 
5200 12816 12825 8063 13048 12367 13233 12029 16 8330 
5300 12422 12833 8476 13035 12347 12897 12006 12 8334 
5400 12032 12840 8681 13008 12291 13115 11944 10 8279 
5500 11870 12839 8705 13028 12327 13148 11971 9 8360 
5600 11666 12784 8912 12982 12275 13194 11943 8 8313 
5700 11631 12809 8981 12996 12310 13195 11980 16 8351 
5800 11498 12776 9117 13000 12266 13254 11912 13 8320 
5900 11334 12687 9181 12959 12264 13259 11932 10 8323 
6000 11303 12652 9213 12944 12261 13251 11907 21 8360 
6100 11188 12707 9261 12972 12256 13191 11914 22 8383 
6200 11374 12733 8941 12999 12237 13147 11899 18 8362 
6300 11727 12777 8800 12980 12264 13153 11890 25 8388 
6400 11757 12762 8947 12955 12254 13124 11881 27 8356 
6500 11763 12762 9184 12973 12235 13152 11848 28 8349 
6600 11745 12765 9393 12975 12203 13181 11814 39 8338 
6700 11799 12771 9575 12995 12203 13108 11771 37 8377 
6800 11827 12757 9598 12950 12189 13111 11766 51 8350 
6900 11834 12731 9531 12903 12164 13036 11739 35 8315 
7000 11893 12789 9470 12941 12190 13062 11489 37 8361 
7100 11847 12769 9416 12918 12162 13060 11073 39 8347 
7200 11858 12783 9526 12859 12147 13018 10758 38 8373 
7300 11840 12768 9530 12867 12151 13009 10405 42 8510 
7400 11857 12763 9532 12858 12119 13036 10191 44 8593 
7500 11877 12764 9517 12853 12134 13025 9976 43 8688 
7600 11881 12776 9525 12877 12128 13043 9777 47 8783 
7700 11861 12764 9395 12817 12105 13007 9498 52 8861 
7800 11866 12784 9187 12869 12113 13016 9296 45 8933 
7900 11869 12799 8949 12853 12112 12992 9300 45 8931 
8000 11880 12809 8867 12862 12155 13003 9295 39 8978 
8100 11818 12810 9053 12877 12093 12981 9294 40 8906 
8200 11863 12822 9185 12912 12155 12991 9284 36 8970 
8300 11822 12788 9338 12880 12109 12992 9257 36 8916 
8400 11821 12775 9395 12876 12125 12959 9208 36 8976 
8500 11780 12763 9499 12849 12075 12956 9149 33 8909 
8600 11829 12786 9587 12873 12117 12988 9017 33 9011 
8700 11836 12774 9567 12826 12109 12983 8920 31 9048 
8800 11840 12793 9571 12817 12097 12979 8762 34 9108 
8900 11808 12760 9570 12764 12042 12911 8607 31 9113 
9000 11828 12770 9530 12795 12082 12897 8451 31 9184 
9100 11880 12810 9571 12845 12096 12952 8275 30 9240 
9200 11855 12778 9606 12787 12033 12941 8089 33 9245 
9300 11836 12798 9668 12821 12078 12971 7929 35 9366 
9400 11811 12782 9593 12797 12031 12952 7790 36 9390 
9500 11855 12814 9539 12824 12037 12953 7643 44 9428 
9600 11915 12807 9596 12829 12107 12953 7495 38 9508 
9700 11973 12808 9613 12844 12128 12919 7342 35 9532 
9800 11962 12814 9662 12811 12124 12950 7183 26 9581 
9900 11984 12811 9678 12796 12076 12928 7011 30 9588 
10000 11974 12738 9578 12743 12042 12955 6861 32 9583 
