# Avida tasks data
# Sat Apr 22 22:53:17 2023
# First column gives the current update, next columns give the number
# of organisms that have the particular task as a component of their merit
#  1: Update
#  2: Not
#  3: Nand
#  4: And
#  5: OrNot
#  6: Or
#  7: AndNot
#  8: Nor
#  9: Xor
# 10: Equals

0 0 0 0 0 0 0 0 0 0 
100 0 0 0 0 0 0 0 0 0 
200 0 0 0 0 0 0 0 0 0 
300 0 0 0 0 0 0 0 0 0 
400 0 0 0 0 0 0 0 0 0 
500 0 0 0 0 0 0 0 0 0 
600 0 0 0 0 0 0 0 0 0 
700 0 0 0 0 0 0 0 0 0 
800 2 0 0 0 0 0 0 0 0 
900 0 10 0 0 0 0 0 0 0 
1000 1 45 0 0 0 0 0 0 0 
1100 24 124 0 1 0 0 0 0 0 
1200 101 118 0 561 0 0 0 0 0 
1300 164 131 0 2003 0 0 0 0 0 
1400 436 1844 284 3402 12 916 0 0 0 
1500 432 3242 1875 4329 1581 972 1 0 0 
1600 1016 4318 3455 5217 2972 786 3 0 0 
1700 1780 5517 4921 6277 4311 796 23 0 0 
1800 2225 6042 6167 7426 5440 1580 16 0 0 
1900 1140 5178 6834 7692 6378 3893 10 0 0 
2000 727 5469 7698 8206 7434 5435 0 0 0 
2100 692 6201 7923 8957 8404 6633 16 0 334 
2200 716 6706 7351 9435 8806 7295 58 0 1289 
2300 715 7342 6649 9981 9445 8029 62 6 2447 
2400 931 7958 5899 10415 9899 8545 143 1 3470 
2500 986 8473 4994 10848 10298 9089 163 8 4559 
2600 1277 9195 4111 11215 10701 9668 223 14 5756 
2700 1595 9924 3029 11532 10940 10293 251 6 6952 
2800 2216 10620 2108 11855 11297 10755 275 4 8035 
2900 3070 11281 1466 12124 11548 11099 303 6 8764 
3000 3944 11873 1188 12399 11844 11319 294 81 9186 
3100 5041 12431 900 12608 12044 11645 361 232 9762 
3200 6059 12607 645 12752 12119 11829 353 524 9974 
3300 7085 12911 561 12903 12338 11998 344 938 10282 
3400 7795 13112 427 13014 12456 12082 346 1360 10437 
3500 8252 13278 645 13072 12590 12057 368 1812 10554 
3600 7988 13274 1385 13104 12546 12013 345 1979 10574 
3700 7385 13209 2590 13033 12558 12171 359 2062 10593 
3800 6649 13241 3685 13008 12489 12164 365 2012 10555 
3900 5579 13303 5076 12982 12479 12226 358 1928 10505 
4000 4693 13223 6188 12972 12425 12118 352 1809 10345 
4100 4082 13277 7342 12869 12385 12073 351 1637 10285 
4200 3534 13265 8373 12980 12490 12250 305 1438 10402 
4300 3594 13224 9131 12876 12413 12347 353 1223 10373 
4400 3613 13215 9837 12895 12409 12432 318 974 10330 
4500 3715 13180 10389 12860 12383 12312 313 750 10323 
4600 4051 13260 10883 12885 12369 12378 336 589 10248 
4700 5072 13294 11209 12876 12423 12350 814 449 10363 
4800 5760 13311 11554 12829 12319 12389 1382 306 10242 
4900 6677 13230 11850 12868 12274 12399 2257 204 10268 
5000 7498 13213 12102 12849 12242 12501 3125 159 10432 
5100 8254 13286 12137 12881 12250 12512 3831 121 10444 
5200 8950 13358 12178 12871 12209 12499 4605 102 10392 
5300 9472 13355 12375 12852 12147 12555 5300 92 10347 
5400 9934 13291 12396 12768 12066 12496 6056 71 10376 
5500 10345 13277 12442 12641 11966 12546 6674 48 10196 
5600 10859 13327 12470 12733 11955 12544 7486 25 10320 
5700 11151 13316 12488 12686 11934 12509 7982 17 10232 
5800 11475 13333 12536 12718 11901 12600 8531 5 10327 
5900 11755 13290 12583 12643 11787 12608 8934 57 10215 
6000 11928 13298 12647 12680 11918 12588 9383 317 10271 
6100 12076 13238 12628 12759 11951 12592 9561 620 10301 
6200 12067 13287 12654 12773 11896 12540 9700 1018 10236 
6300 12299 13371 12675 12802 12044 12548 10084 1534 10404 
6400 12347 13396 12697 12734 12000 12561 10058 2053 10306 
6500 12355 13367 12735 12794 12066 12600 10163 2474 10376 
6600 12345 13351 12622 12836 12070 12473 10200 3071 10372 
6700 12329 13332 12718 12869 12105 12464 10167 3584 10346 
6800 12237 13348 12690 12920 12196 12460 10132 4186 10405 
6900 12283 13266 12686 13070 12322 12478 10133 4765 10467 
7000 12235 13203 12560 13048 12278 12429 10139 5179 10461 
7100 12187 13265 12577 13027 12339 12457 10063 5686 10500 
7200 12185 13224 12555 13057 12358 12441 10050 5953 10368 
7300 12127 13226 12631 13118 12413 12414 10114 6471 10571 
7400 12046 13247 12539 13193 12516 12393 9964 6810 10479 
7500 12093 13209 12556 13147 12466 12388 9912 7071 10440 
7600 12131 13248 12615 13204 12589 12437 10097 7663 10571 
7700 12010 13353 12621 13204 12579 12464 10055 7942 10631 
7800 12040 13275 12578 13263 12618 12488 10012 8271 10540 
7900 11993 13352 12598 13317 12653 12444 9990 8591 10637 
8000 12039 13321 12679 13318 12686 12484 10064 8744 10784 
8100 12067 13307 12669 13311 12694 12492 10035 8978 10627 
8200 11988 13366 12564 13320 12634 12400 9962 9129 10627 
8300 12047 13317 12631 13359 12768 12480 10088 9289 10692 
8400 12079 13289 12620 13276 12682 12521 10146 9454 10759 
8500 12037 13171 12642 13254 12636 12525 10032 9344 10655 
8600 12009 13137 12504 13252 12610 12388 10020 9291 10607 
8700 12002 13225 12543 13319 12679 12507 9997 9302 10582 
8800 12011 13188 12551 13278 12717 12520 10100 9487 10640 
8900 12061 13283 12537 13304 12707 12499 10154 9485 10779 
9000 12056 13139 12683 13277 12654 12544 10060 9378 10650 
9100 12002 13010 12629 13283 12641 12524 10066 9407 10635 
9200 11987 13184 12553 13281 12669 12460 10062 9353 10657 
9300 12055 13048 12630 13369 12730 12498 10175 9566 10789 
9400 12057 13071 12542 13336 12674 12552 10133 9506 10717 
9500 12083 13153 12644 13271 12662 12603 10192 9564 10824 
9600 12134 13164 12664 13385 12718 12506 10206 9618 10799 
9700 12155 13249 12694 13403 12784 12638 10263 9721 10859 
9800 11968 13148 12584 13348 12730 12530 10110 9498 10724 
9900 12082 13087 12588 13260 12712 12466 10114 9434 10668 
10000 11885 13135 12562 13257 12657 12398 9971 9333 10568 
