# Avida tasks data
# Sun Apr 23 02:31:02 2023
# First column gives the current update, next columns give the number
# of organisms that have the particular task as a component of their merit
#  1: Update
#  2: Not
#  3: Nand
#  4: And
#  5: OrNot
#  6: Or
#  7: AndNot
#  8: Nor
#  9: Xor
# 10: Equals

0 0 0 0 0 0 0 0 0 0 
100 0 0 0 0 0 0 0 0 0 
200 0 0 0 0 0 0 0 0 0 
300 0 0 0 0 0 0 0 0 0 
400 0 0 0 0 0 0 0 0 0 
500 0 70 0 0 0 0 0 0 0 
600 33 879 0 355 0 0 0 0 0 
700 2135 3448 5 3047 2 14 0 0 0 
800 5243 6298 19 5919 0 35 0 0 0 
900 7928 8916 59 8538 2 107 1 0 0 
1000 9250 10455 442 10130 0 437 1 0 0 
1100 9745 10782 1615 10513 0 499 1 0 0 
1200 10172 11050 2949 10808 0 437 0 0 0 
1300 10556 11352 4435 11144 0 465 3 0 0 
1400 11083 11765 5735 11520 0 459 1 0 0 
1500 11542 11971 6825 11755 0 507 5 0 0 
1600 12039 12398 7877 12213 0 725 2 0 0 
1700 12460 12608 8900 12342 1 1025 9 0 0 
1800 12710 12908 9704 12702 0 1500 5 0 0 
1900 12841 12876 10385 12670 49 1788 38 0 0 
2000 12676 12997 10987 12844 268 2088 285 0 0 
2100 12883 12866 11215 12672 269 2057 1249 0 0 
2200 13009 13006 11402 12798 112 1843 2443 0 0 
2300 13055 13062 11607 12860 42 1725 3404 0 0 
2400 12983 13086 11656 12906 21 1635 4150 0 0 
2500 12963 13142 11705 12972 16 1439 4832 0 0 
2600 12980 13171 11857 12957 11 1363 5495 0 0 
2700 12970 13148 11977 12995 3 1210 6101 0 0 
2800 12910 13208 12016 13020 10 1086 6633 0 0 
2900 12955 13169 12142 12971 9 1004 7294 0 0 
3000 12866 13249 12184 13087 10 954 7779 0 0 
3100 12873 13236 12199 13013 1 857 8168 0 0 
3200 12891 13194 12323 12972 13 796 8653 0 0 
3300 12872 13263 12414 13026 9 716 9099 0 0 
3400 12888 13262 12451 13062 19 633 9527 0 0 
3500 12847 13230 12467 13025 22 597 9713 0 0 
3600 12796 13287 12455 13085 12 592 9999 0 0 
3700 12819 13229 12483 12961 14 591 10221 0 0 
3800 12838 13210 12601 12966 4 625 10433 0 0 
3900 12832 13257 12625 12986 12 660 10667 0 0 
4000 12918 13320 12767 13057 17 742 10931 0 0 
4100 12865 13324 12868 13093 24 804 11187 0 0 
4200 12868 13259 12862 13027 27 859 11309 0 0 
4300 12919 13331 12908 13098 29 947 11426 0 0 
4400 12984 13307 13034 13122 31 984 11585 0 0 
4500 12939 13348 13065 13128 34 1103 11671 0 0 
4600 12928 13342 12990 13093 49 1238 11770 0 0 
4700 12916 13337 13040 13136 49 1353 11828 0 0 
4800 12904 13376 13084 13141 60 1440 11936 0 0 
4900 12889 13346 13030 13060 67 1590 11953 0 0 
5000 12880 13319 13067 13105 97 1736 11972 0 0 
5100 12876 13316 13119 13121 145 1818 12083 0 0 
5200 12868 13319 13165 13083 210 1992 12131 0 0 
5300 12953 13291 13188 13094 302 2150 12243 0 0 
5400 12812 13382 13144 13174 313 2387 12147 0 0 
5500 12896 13401 13199 13208 410 2605 12234 0 0 
5600 12910 13283 13133 13048 467 2825 12247 0 0 
5700 12854 13226 13113 12999 563 3144 12202 0 0 
5800 12878 13313 13167 13078 648 3341 12189 0 0 
5900 12955 13348 13239 13141 800 3528 12285 0 0 
6000 12883 13376 13221 13170 1012 3682 12225 0 0 
6100 12876 13408 13193 13164 1161 3990 12182 0 0 
6200 12885 13316 13213 13115 1333 4202 12187 0 0 
6300 12902 13403 13159 13178 1603 4518 12186 0 0 
6400 12876 13331 13068 13120 1857 4812 12073 0 0 
6500 12960 13326 13140 13131 2112 4956 12106 0 1 
6600 12935 13374 13205 13160 2579 5370 12097 0 0 
6700 12944 13373 13208 13197 2862 5709 12081 0 0 
6800 12935 13323 13182 13124 3336 6138 12151 0 0 
6900 12956 13353 13140 13170 3720 6477 11918 0 0 
7000 13050 13300 13174 13124 4010 6682 11981 0 28 
7100 12933 13349 13137 13181 4289 6956 11842 0 46 
7200 12969 13298 13184 13132 4597 7150 11907 0 91 
7300 13036 13254 13200 13066 4956 7303 11750 0 240 
7400 12880 13276 13194 13120 5257 7463 11441 0 437 
7500 12371 13302 13150 13104 5781 7560 11557 0 901 
7600 12178 13237 13133 13068 5999 7735 11621 0 1428 
7700 12182 13232 13106 13027 6191 7798 11701 0 1801 
7800 12231 13239 13098 12997 6328 7934 11798 0 2158 
7900 12157 13296 13132 13079 6499 8146 11937 0 2456 
8000 12121 13309 13161 13015 6594 8184 11941 0 2702 
8100 12131 13282 13140 13021 6678 8377 12011 0 2982 
8200 12204 13244 13140 12998 6793 8490 12055 0 3230 
8300 12089 13267 13102 13040 6870 8610 12082 0 3500 
8400 12073 13327 13136 13078 7132 8799 12146 0 3899 
8500 11966 13280 13144 13051 7159 8975 12094 0 4048 
8600 11979 13259 13113 13047 7221 9067 12069 0 4262 
8700 11968 13271 13157 13045 7478 9208 12219 0 4578 
8800 11959 13258 13088 12965 7548 9237 12211 1 4713 
8900 11948 13270 13134 13021 7627 9182 12224 0 4922 
9000 11866 13262 13082 13017 7664 9315 12125 0 4957 
9100 11798 13291 13076 12901 7823 9364 12176 0 5188 
9200 11738 13323 13072 12911 7858 9414 12224 0 5475 
9300 11668 13270 13050 12881 7906 9588 12200 0 5564 
9400 11650 13264 13049 12867 7955 9620 12220 0 5695 
9500 11578 13246 13050 12790 7951 9627 12165 0 5721 
9600 11568 13229 13018 12730 7949 9701 12101 0 5830 
9700 11538 13258 13040 12715 8112 9695 12214 0 6013 
9800 11458 13222 13040 12682 8232 9809 12172 0 6198 
9900 11437 13175 13004 12624 8365 9811 12209 0 6308 
10000 11332 13144 12991 12522 8533 9727 12193 0 6463 
