# Avida tasks data
# Sat Apr 22 15:59:25 2023
# First column gives the current update, next columns give the number
# of organisms that have the particular task as a component of their merit
#  1: Update
#  2: Not
#  3: Nand
#  4: And
#  5: OrNot
#  6: Or
#  7: AndNot
#  8: Nor
#  9: Xor
# 10: Equals

0 0 0 0 0 0 0 0 0 0 
100 0 0 0 0 0 0 0 0 0 
200 0 0 0 0 0 0 0 0 0 
300 0 0 0 0 0 0 0 0 0 
400 5 0 0 0 0 0 0 0 0 
500 6 0 0 0 0 0 0 0 0 
600 39 0 0 0 0 0 0 0 0 
700 85 30 0 2 0 0 0 0 0 
800 199 69 0 146 51 0 0 0 0 
900 406 203 2 522 109 0 0 0 0 
1000 786 483 2 1119 289 3 0 0 0 
1100 785 867 9 2341 1091 7 0 0 0 
1200 705 1076 8 3462 2088 20 0 0 0 
1300 965 1191 5 4450 2971 14 28 0 0 
1400 1350 1324 2 4739 3807 63 522 0 0 
1500 1674 1397 11 5393 4543 171 1332 0 0 
1600 2473 1479 10 6505 5256 271 2505 0 0 
1700 3263 1617 30 7283 5821 268 3488 0 0 
1800 3896 1786 19 7810 6406 195 4724 0 0 
1900 4628 1961 27 8419 6954 199 5657 0 0 
2000 5354 2126 32 9093 7642 244 6711 0 0 
2100 6226 2232 36 9993 8614 294 7794 0 0 
2200 7206 2258 42 10929 9616 306 8826 0 0 
2300 8228 2235 29 11602 10550 303 9859 0 0 
2400 9040 2532 60 12075 11229 312 10451 0 0 
2500 9721 2749 33 12192 11557 384 10757 0 0 
2600 10338 3276 47 12224 11631 428 11013 0 0 
2700 10905 3740 50 12278 11770 518 11161 0 0 
2800 11272 4281 41 12351 11744 658 11206 0 0 
2900 11339 4613 53 12255 11671 1002 11074 0 0 
3000 11528 4673 44 12215 11707 1585 11085 0 0 
3100 11659 4724 42 12181 11857 2291 11046 0 1 
3200 11929 5020 51 12262 11960 3221 11231 0 0 
3300 12184 5588 53 12277 12092 4467 11245 0 0 
3400 12171 6529 50 12289 12016 5581 11243 0 0 
3500 12350 7279 51 12405 12179 6617 11318 0 2 
3600 12388 8175 80 12434 12137 7582 11292 0 0 
3700 12407 9002 57 12487 12198 8501 11374 0 1 
3800 12469 9664 60 12545 12221 9224 11402 0 0 
3900 12462 10357 47 12494 12308 9632 11424 0 0 
4000 12625 11114 70 12545 12290 10122 11463 0 0 
4100 12740 11669 57 12588 12382 10479 11474 0 0 
4200 12772 12202 73 12643 12349 10831 11487 0 0 
4300 12828 12596 65 12645 12381 11028 11508 0 0 
4400 12941 12963 50 12719 12445 11281 11592 0 0 
4500 12967 13142 62 12675 12402 11363 11484 0 0 
4600 12974 13319 79 12747 12484 11599 11579 0 0 
4700 13001 13342 75 12715 12487 11611 11585 0 0 
4800 13024 13322 80 12701 12460 11633 11575 0 0 
4900 12995 13402 65 12746 12517 11662 11595 0 1 
5000 12910 13395 61 12636 12350 11592 11503 0 0 
5100 12932 13363 63 12719 12453 11561 11547 0 0 
5200 13006 13329 65 12719 12490 11545 11612 0 0 
5300 12967 13311 62 12748 12481 11578 11522 0 0 
5400 12981 13400 57 12780 12548 11671 11581 0 0 
5500 12898 13319 65 12732 12529 11630 11614 0 0 
5600 12984 13335 67 12704 12495 11667 11589 0 0 
5700 13042 13438 52 12628 12439 11600 11507 0 0 
5800 13044 13359 56 12740 12467 11644 11561 0 0 
5900 12950 13354 77 12686 12505 11682 11658 0 0 
6000 12896 13399 51 12759 12593 11677 11704 0 0 
6100 12981 13467 68 12717 12489 11580 11565 0 2 
6200 13018 13396 65 12798 12540 11714 11615 0 0 
6300 13045 13455 41 12858 12601 11799 11717 0 1 
6400 13045 13509 60 12715 12546 11743 11655 0 0 
6500 12917 13491 59 12693 12469 11613 11618 0 0 
6600 12915 13357 62 12771 12529 11701 11621 0 0 
6700 13026 13401 50 12775 12603 11768 11762 0 0 
6800 13036 13526 75 12864 12619 11806 11812 0 0 
6900 13013 13452 64 12786 12454 11693 11654 0 1 
7000 12978 13467 63 12784 12522 11724 11679 0 0 
7100 12969 13474 65 12802 12544 11834 11728 0 0 
7200 13028 13507 45 12906 12566 11836 11727 0 0 
7300 12946 13431 64 12819 12653 11838 11773 0 0 
7400 12951 13494 57 12834 12589 11709 11761 0 0 
7500 12943 13509 55 12811 12485 11831 11696 0 0 
7600 13052 13472 72 12742 12489 11753 11600 0 0 
7700 13176 13546 52 12818 12597 11809 11761 0 0 
7800 13157 13503 71 12778 12508 11734 11642 0 0 
7900 13034 13422 53 12849 12568 11837 11772 0 0 
8000 13085 13473 52 12785 12530 11779 11696 0 0 
8100 13095 13470 59 12846 12597 11819 11790 0 0 
8200 13005 13413 58 12786 12504 11772 11754 0 0 
8300 13151 13447 51 12725 12511 11698 11654 0 0 
8400 13192 13482 51 12844 12617 11801 11779 0 0 
8500 13173 13511 58 12841 12612 11817 11785 0 0 
8600 13091 13571 63 12860 12615 11806 11818 0 0 
8700 13139 13476 54 12844 12654 11929 11880 0 0 
8800 13156 13527 48 12898 12659 11883 11796 0 0 
8900 13165 13545 44 12789 12585 11787 11800 0 0 
9000 13107 13542 50 12886 12664 11833 11833 0 0 
9100 13065 13547 62 12832 12622 11863 11770 0 1 
9200 13138 13562 61 12784 12552 11833 11743 0 1 
9300 13167 13509 60 12733 12591 11775 11768 0 0 
9400 13179 13504 59 12828 12580 11830 11806 0 0 
9500 13193 13564 48 12901 12771 11973 11918 0 0 
9600 13039 13539 46 12859 12651 11849 11848 0 0 
9700 13194 13591 69 12919 12603 11943 11928 0 0 
9800 13118 13558 61 12823 12572 11785 11748 0 1 
9900 13184 13569 61 12936 12657 11944 11976 0 0 
10000 13131 13543 61 12825 12602 11816 11830 0 0 
