# Avida tasks data
# Sun Apr 23 08:29:25 2023
# First column gives the current update, next columns give the number
# of organisms that have the particular task as a component of their merit
#  1: Update
#  2: Not
#  3: Nand
#  4: And
#  5: OrNot
#  6: Or
#  7: AndNot
#  8: Nor
#  9: Xor
# 10: Equals

0 0 0 0 0 0 0 0 0 0 
100 0 0 0 0 0 0 0 0 0 
200 0 0 0 0 0 0 0 0 0 
300 0 0 0 0 0 0 0 0 0 
400 0 0 0 0 0 0 0 0 0 
500 0 0 0 0 0 0 0 0 0 
600 0 0 0 0 0 0 0 0 0 
700 1251 1106 5 9 0 0 0 0 0 
800 3749 3893 8 20 0 5 0 0 0 
900 5616 6016 14 1020 0 12 0 0 0 
1000 7183 7644 19 2325 0 1020 0 0 0 
1100 8412 8936 20 3314 1 2578 2 0 0 
1200 9537 10188 29 4261 140 4315 2 0 0 
1300 10130 10829 29 4367 1081 5793 1 0 0 
1400 10326 11046 32 5282 3254 6635 0 0 0 
1500 10686 11303 31 6422 4918 7490 2 0 0 
1600 11156 11735 28 7386 6333 8549 0 0 0 
1700 11487 12052 32 8154 7261 9384 0 0 0 
1800 11811 12410 29 8941 8173 10167 1 0 0 
1900 11999 12629 37 9579 8883 10865 0 0 0 
2000 12404 12943 22 10229 9655 11502 1 0 0 
2100 12579 13146 43 10751 10263 12055 0 0 0 
2200 12704 13138 32 11261 10816 12402 5 0 0 
2300 12663 13102 37 11456 11147 12545 1 0 0 
2400 12771 13206 25 11724 11404 12850 0 0 0 
2500 12780 13252 27 11745 11495 12871 5 0 0 
2600 12789 13214 32 11724 11523 12802 4 0 0 
2700 12827 13202 24 11775 11516 12866 5 0 0 
2800 12791 13259 31 11855 11575 12896 0 0 0 
2900 12744 13202 23 11787 11544 12870 2 0 0 
3000 12756 13238 46 11845 11536 12860 0 0 0 
3100 12914 13185 25 11932 11605 12859 1 0 0 
3200 12734 13191 45 11855 11597 12831 0 0 0 
3300 12795 13190 47 11781 11547 12817 2 0 0 
3400 12765 13248 73 11844 11575 12826 2 0 0 
3500 12668 13262 100 11819 11510 12899 0 0 0 
3600 12697 13237 88 11815 11454 12813 1 0 0 
3700 12673 13165 115 11766 11430 12762 4 0 0 
3800 12714 13229 125 11819 11469 12844 7 0 0 
3900 12729 13193 167 11830 11544 12850 1 0 0 
4000 12712 13282 475 11817 11551 12876 4 0 0 
4100 12810 13255 887 11931 11557 12872 1 0 0 
4200 12739 13258 1511 11930 11516 12832 9 0 0 
4300 12774 13200 2368 11953 11684 12824 7 0 0 
4400 12730 13244 3177 11933 11544 12833 5 0 0 
4500 12665 13308 3901 11916 11553 12875 1 0 0 
4600 12702 13287 4687 11996 11640 12928 7 0 0 
4700 12669 13317 5333 12031 11650 12916 5 0 0 
4800 12711 13252 6186 12037 11703 12878 7 0 0 
4900 12685 13343 7105 11981 11658 12931 4 0 0 
5000 12759 13321 8048 12123 11790 12881 8 0 0 
5100 12671 13350 8937 12051 11752 12887 8 0 0 
5200 12704 13301 9716 12132 11777 12890 13 0 0 
5300 12622 13313 10438 12156 11790 12827 8 0 0 
5400 12646 13325 11071 12178 11828 12880 5 0 0 
5500 12610 13257 11467 12147 11786 12769 13 0 0 
5600 12647 13252 11707 12238 11852 12847 24 0 0 
5700 12606 13405 11993 12244 11840 12891 12 0 0 
5800 12693 13353 12227 12299 11954 12896 12 0 0 
5900 12671 13368 12341 12360 12001 12892 12 0 0 
6000 12692 13374 12365 12295 11957 12966 9 0 0 
6100 12607 13321 12401 12331 11945 12888 14 0 0 
6200 12663 13276 12381 12269 11952 12830 9 0 0 
6300 12762 13398 12429 12380 12008 12897 6 0 0 
6400 12647 13259 12319 12207 11836 12727 6 0 0 
6500 12815 13356 12430 12411 11989 12852 8 0 0 
6600 12828 13323 12466 12369 12009 12838 13 0 0 
6700 12812 13429 12447 12436 12059 12969 8 0 0 
6800 12768 13308 12453 12388 12090 12823 10 0 0 
6900 12785 13332 12404 12370 12006 12848 21 0 0 
7000 12784 13301 12352 12383 12046 12746 11 0 0 
7100 12869 13412 12517 12527 12172 12922 7 0 0 
7200 12952 13353 12600 12537 12221 12907 9 0 0 
7300 12927 13349 12465 12552 12205 12900 19 0 0 
7400 12945 13409 12549 12525 12260 12865 11 0 0 
7500 12931 13379 12603 12471 12172 12932 15 0 0 
7600 12905 13426 12533 12525 12186 12911 10 0 0 
7700 12840 13460 12578 12397 12117 12938 11 0 0 
7800 12901 13457 12576 12513 12235 13013 14 0 0 
7900 13048 13450 12630 12623 12355 12997 9 0 0 
8000 13053 13458 12680 12677 12395 12972 13 0 0 
8100 13066 13434 12533 12664 12354 12943 10 0 0 
8200 12888 13486 12710 12503 12231 13021 9 0 0 
8300 13012 13482 12621 12567 12313 13035 7 0 0 
8400 13053 13477 12621 12632 12347 12994 7 0 0 
8500 13057 13446 12618 12693 12365 12963 2 0 0 
8600 13002 13507 12584 12584 12317 13021 15 0 0 
8700 12907 13520 12657 12570 12316 13073 12 0 0 
8800 12941 13501 12551 12600 12278 13006 2 0 0 
8900 13002 13459 12716 12543 12338 12987 7 0 0 
9000 12981 13497 12672 12614 12367 12951 14 0 0 
9100 13081 13525 12686 12629 12380 12975 10 0 0 
9200 12958 13548 12704 12535 12314 13008 9 0 0 
9300 12973 13462 12698 12596 12329 12995 8 0 0 
9400 13093 13423 12723 12683 12377 12966 13 0 0 
9500 13047 13440 12680 12619 12328 13046 10 0 0 
9600 13007 13520 12667 12485 12280 13015 10 0 0 
9700 13112 13451 12636 12635 12430 13047 10 0 0 
9800 13075 13444 12693 12658 12390 13006 12 0 0 
9900 13017 13475 12670 12629 12349 13030 9 0 0 
10000 13012 13454 12798 12626 12351 13075 12 0 0 
