# Avida tasks data
# Sun Apr 23 07:43:39 2023
# First column gives the current update, next columns give the number
# of organisms that have the particular task as a component of their merit
#  1: Update
#  2: Not
#  3: Nand
#  4: And
#  5: OrNot
#  6: Or
#  7: AndNot
#  8: Nor
#  9: Xor
# 10: Equals

0 0 0 0 0 0 0 0 0 0 
100 0 0 0 0 0 0 0 0 0 
200 0 0 0 0 0 0 0 0 0 
300 0 0 0 0 0 0 0 0 0 
400 0 0 0 0 0 0 0 0 0 
500 0 0 0 0 0 0 0 0 0 
600 0 0 0 0 0 0 0 0 0 
700 29 0 0 0 0 0 0 0 0 
800 1250 412 0 3 1 0 0 0 0 
900 3855 3498 0 49 0 0 0 0 0 
1000 6718 6417 0 69 1 0 0 0 0 
1100 8559 8371 0 117 1 0 0 0 0 
1200 9785 9717 0 349 9 0 0 0 0 
1300 10576 10560 0 612 36 0 0 0 0 
1400 11115 11118 0 256 1382 0 0 0 0 
1500 11502 11611 0 213 3137 0 0 0 0 
1600 11630 11927 0 258 4671 0 0 0 0 
1700 11939 12325 0 336 6182 0 0 0 0 
1800 12393 12802 0 372 7639 0 0 0 0 
1900 12702 13105 0 403 8774 1 0 0 0 
2000 12772 13358 0 416 9817 2 0 0 0 
2100 12851 13372 0 470 10643 1 0 0 0 
2200 12981 13467 0 442 11417 0 0 0 0 
2300 13030 13590 0 404 11921 0 0 0 0 
2400 12935 13497 0 469 12218 0 0 0 0 
2500 13072 13661 0 426 12484 0 0 0 0 
2600 13017 13718 0 485 12529 0 0 0 0 
2700 12936 13625 0 508 12527 0 0 0 0 
2800 12975 13629 0 615 12523 0 1 0 0 
2900 12951 13676 0 749 12559 0 0 0 0 
3000 13029 13643 0 1082 12562 0 0 0 0 
3100 12995 13608 0 1672 12461 0 0 0 0 
3200 13050 13609 0 2354 12573 0 0 0 0 
3300 12980 13639 3 3271 12519 1 0 0 0 
3400 12964 13560 0 4239 12479 2 0 0 0 
3500 13114 13610 19 5272 12484 0 0 0 0 
3600 12979 13569 84 6266 12389 0 0 0 0 
3700 13021 13525 155 7195 12421 27 0 0 0 
3800 13103 13660 202 8033 12499 265 0 0 0 
3900 13102 13630 266 9162 12460 1031 2 0 0 
4000 13079 13641 344 9964 12575 1925 2 0 0 
4100 13157 13688 628 10455 12524 2793 0 0 0 
4200 13068 13706 1047 10835 12552 3627 0 0 0 
4300 13119 13711 1479 11139 12566 4272 0 0 0 
4400 13072 13691 1843 11361 12470 4864 9 0 0 
4500 13055 13688 2325 11601 12483 5473 160 0 0 
4600 13115 13648 2809 11871 12606 5935 435 0 0 
4700 13077 13717 3283 12122 12586 6342 722 0 0 
4800 13123 13737 3503 12311 12532 6848 1031 0 0 
4900 13133 13723 3764 12458 12510 7411 1573 0 0 
5000 13104 13681 4159 12575 12416 7871 2024 46 0 
5100 13149 13654 4783 12635 12409 8288 2435 90 0 
5200 13132 13615 5527 12685 12348 8627 2961 138 0 
5300 13117 13540 5839 12742 12343 8837 3288 195 0 
5400 13122 13533 6150 12787 12300 9104 3793 276 0 
5500 13066 13500 6583 12769 12199 9283 4122 314 0 
5600 13212 13454 6890 12866 12245 9550 4513 350 0 
5700 13038 13405 7302 12865 12064 9743 4970 373 0 
5800 13124 13508 7738 13007 12082 10213 5407 431 0 
5900 13111 13502 8017 13052 12054 10492 5989 463 0 
6000 13095 13409 8232 12959 11954 10545 6365 476 0 
6100 13076 13351 8441 12998 11863 10760 6799 441 0 
6200 13147 13359 8695 13061 11943 11001 7314 428 0 
6300 13053 13236 8771 12961 11691 11029 7531 447 0 
6400 13040 13209 9039 13049 11777 11275 7932 440 0 
6500 13113 13250 9406 13090 11836 11544 8375 414 0 
6600 13047 13233 9544 13046 11691 11649 8607 451 0 
6700 13128 13180 9725 13068 11629 11849 8875 451 0 
6800 13026 13054 9827 13005 11451 11897 8916 449 0 
6900 13130 13204 10174 13150 11570 12101 9363 452 0 
7000 13048 13094 10097 13054 11417 12165 9354 447 0 
7100 13117 13080 10177 13044 11356 12155 9499 379 0 
7200 13048 13030 10162 12994 11287 12164 9553 336 0 
7300 13096 12960 10333 12988 11291 12227 9711 281 0 
7400 13071 12962 10572 13059 11250 12319 9914 254 1 
7500 13033 12852 10627 13040 11192 12304 9947 201 0 
7600 13107 12996 10704 13144 11260 12437 10109 200 2 
7700 13149 12879 10718 13055 11234 12333 10158 174 2 
7800 13095 12949 10862 13117 11255 12403 10346 119 0 
7900 13115 12894 10812 13073 11077 12377 10180 76 0 
8000 13109 12864 10897 13102 11157 12357 10322 49 0 
8100 13007 12796 10896 13087 10959 12323 10207 31 0 
8200 13057 12872 11025 13044 11030 12339 10318 32 0 
8300 13036 12793 11038 12980 10917 12308 10342 20 0 
8400 13000 12820 11091 13030 10999 12345 10405 14 0 
8500 13138 12876 11228 13105 11011 12422 10424 7 0 
8600 13054 12798 11158 13050 10963 12363 10434 1 0 
8700 13164 12843 11255 13025 10937 12393 10401 0 0 
8800 13117 12790 11275 13008 10928 12375 10400 0 0 
8900 13081 12744 11228 13007 10764 12361 10259 0 1 
9000 13070 12816 11235 12994 10752 12274 10370 1 0 
9100 13103 12810 11250 13025 10782 12307 10334 0 0 
9200 13111 12782 11305 13035 10838 12332 10385 1 0 
9300 13088 12766 11307 13040 10778 12401 10413 0 0 
9400 13021 12649 11121 12942 10614 12244 10263 0 0 
9500 13025 12743 11234 13065 10651 12297 10334 1 0 
9600 13033 12722 11268 12993 10649 12295 10337 4 0 
9700 13031 12684 11238 12978 10605 12262 10318 0 0 
9800 13046 12622 11239 12960 10710 12243 10384 0 1 
9900 13050 12742 11355 12999 10663 12277 10388 2 0 
10000 13118 12755 11444 13060 10830 12356 10542 0 0 
