# Avida tasks data
# Sun Apr 23 03:28:49 2023
# First column gives the current update, next columns give the number
# of organisms that have the particular task as a component of their merit
#  1: Update
#  2: Not
#  3: Nand
#  4: And
#  5: OrNot
#  6: Or
#  7: AndNot
#  8: Nor
#  9: Xor
# 10: Equals

0 0 0 0 0 0 0 0 0 0 
100 0 0 0 0 0 0 0 0 0 
200 0 0 0 0 0 0 0 0 0 
300 0 0 0 0 0 0 0 0 0 
400 0 0 0 0 0 0 0 0 0 
500 0 0 0 0 0 0 0 0 0 
600 11 0 0 0 0 0 0 0 0 
700 136 0 0 0 0 0 0 0 0 
800 626 6 0 22 0 0 0 0 0 
900 2268 1613 0 1678 4 0 0 0 0 
1000 5147 4358 411 4516 55 3 0 0 0 
1100 6449 5622 2594 5998 20 169 3 0 0 
1200 7616 6731 4210 7135 20 657 4 0 0 
1300 8547 7716 5420 8153 24 1308 6 0 0 
1400 9178 8490 6469 8744 27 1886 12 0 0 
1500 9903 9253 7408 9487 19 2448 7 0 0 
1600 10538 10117 8451 10121 12 3153 8 0 0 
1700 11199 10721 9239 10761 59 3767 23 0 0 
1800 11913 11428 10165 11436 188 4405 349 0 0 
1900 12317 12044 11112 11865 319 4686 1306 0 0 
2000 12671 12192 11478 12216 790 4849 2294 0 0 
2100 12798 12461 11846 12268 1614 4793 3509 0 0 
2200 12868 12581 11950 12382 2630 4691 4514 0 0 
2300 12859 12615 11919 12426 3682 4331 5518 0 0 
2400 12934 12668 12024 12522 4693 3889 6560 0 0 
2500 13110 12788 12169 12707 5703 3640 7428 0 0 
2600 13225 12901 12329 12848 6713 3139 8282 0 0 
2700 13353 12985 12417 12908 7437 2720 8920 0 0 
2800 13303 13014 12494 12858 8045 2392 9383 0 0 
2900 13261 13045 12499 12953 8717 2034 9889 0 0 
3000 13297 12989 12426 12985 9325 1759 10204 0 0 
3100 13400 13068 12523 13106 9835 1570 10579 0 0 
3200 13358 13057 12475 13075 10346 1395 10978 0 0 
3300 13287 13057 12431 13008 10615 1266 11159 0 2 
3400 13298 13047 12508 13115 10824 1168 11360 0 3 
3500 13345 13091 12497 13144 11286 1264 11585 0 2 
3600 13286 13103 12497 13137 11437 1483 11699 0 0 
3700 13332 13118 12493 13157 11791 1736 11885 0 0 
3800 13373 13181 12599 13244 12132 2056 12130 0 0 
3900 13353 13116 12612 13197 12206 2414 12140 0 0 
4000 13299 13089 12449 13215 12337 2861 12170 0 0 
4100 13284 13113 12516 13161 12328 3476 12103 0 0 
4200 13365 13152 12519 13224 12314 4094 12189 0 0 
4300 13259 13139 12439 13110 12284 4673 12122 0 0 
4400 13333 13101 12545 13080 12311 5324 12175 0 0 
4500 13309 13120 12567 13122 12326 5919 12138 0 10 
4600 13346 13059 12437 13128 12294 6434 12178 0 31 
4700 13347 13012 12441 13112 12300 6826 12175 0 60 
4800 13308 13172 12440 13135 12424 7469 12220 0 86 
4900 13388 13123 12471 13186 12383 7968 12231 0 112 
5000 13331 13168 12486 13073 12336 8509 12154 0 146 
5100 13339 13102 12272 13122 12392 8844 12172 0 195 
5200 13275 13093 12234 13031 12224 9210 12050 0 298 
5300 13347 13109 12109 13095 12329 9630 12210 0 357 
5400 13309 13141 12111 13093 12289 9801 12176 4 443 
5500 13361 13091 11985 13103 12338 10137 12179 0 506 
5600 13294 13102 11851 13118 12318 10496 12193 0 603 
5700 13295 13152 11826 13127 12416 10685 12213 0 662 
5800 13319 13143 11784 13157 12327 10765 12168 0 665 
5900 13366 13072 11743 13052 12282 10952 12139 0 730 
6000 13384 13103 11658 13103 12349 11139 12175 0 847 
6100 13437 13138 11567 13179 12363 11284 12229 0 852 
6200 13313 13133 11521 13142 12299 11302 12079 0 894 
6300 13384 13047 11474 13184 12378 11316 12162 0 1012 
6400 13391 13130 11401 13174 12412 11311 12244 0 1063 
6500 13303 13149 11274 13150 12416 11250 12157 0 1114 
6600 13336 13145 11114 13131 12431 11152 12169 0 1231 
6700 13362 13091 11025 13121 12368 11235 12228 0 1305 
6800 13315 13110 11050 13124 12416 11107 12197 0 1334 
6900 13329 13158 11028 13110 12338 10972 12102 0 1423 
7000 13362 13210 11017 13196 12440 11045 12294 0 1478 
7100 13395 13190 10919 13201 12517 10906 12297 0 1563 
7200 13368 13234 10851 13217 12520 10966 12350 0 1643 
7300 13285 13179 10718 13193 12521 10863 12331 1 1642 
7400 13355 13273 10835 13196 12456 10932 12175 2 1598 
7500 13388 13210 10809 13256 12524 10814 12315 0 1612 
7600 13387 13213 10878 13204 12461 10865 12229 11 1587 
7700 13461 13243 10886 13304 12633 10950 12467 14 1626 
7800 13517 13182 10901 13204 12622 11043 12446 25 1604 
7900 13427 13191 10997 13204 12501 11058 12315 40 1493 
8000 13434 13231 10920 12983 12634 10958 12397 48 1616 
8100 13376 13236 10561 13193 12527 10544 12201 49 1932 
8200 13371 12311 9440 13361 12589 9387 12376 43 2957 
8300 13280 10196 8257 13385 12603 8185 12387 41 4046 
8400 13299 10517 7294 13397 12627 7207 12398 41 4956 
8500 13265 11358 6776 13450 12602 6655 12358 41 5463 
8600 13263 12469 6571 13441 12628 6445 12381 41 5637 
8700 13212 12868 5907 13439 12571 5787 12281 21 6179 
8800 13222 13017 5275 13483 12592 5202 12395 8 6759 
8900 13208 13135 4592 13465 12592 4479 12419 7 7423 
9000 13198 13057 3040 13462 12623 2874 10528 3 8858 
9100 13188 13015 2693 13432 12623 2545 10193 3 9155 
9200 13148 12887 2464 13394 12604 2328 9968 4 9345 
9300 13165 12889 2197 13385 12626 2059 9454 4 9626 
