# Avida tasks data
# Sun Apr 23 09:18:33 2023
# First column gives the current update, next columns give the number
# of organisms that have the particular task as a component of their merit
#  1: Update
#  2: Not
#  3: Nand
#  4: And
#  5: OrNot
#  6: Or
#  7: AndNot
#  8: Nor
#  9: Xor
# 10: Equals

0 0 0 0 0 0 0 0 0 0 
100 0 0 0 0 0 0 0 0 0 
200 0 0 0 0 0 0 0 0 0 
300 172 0 0 0 0 0 0 0 0 
400 918 184 0 6 0 0 0 0 0 
500 1336 801 346 116 0 11 1 0 0 
600 1766 1382 672 465 2 31 0 0 0 
700 2823 2442 1419 1584 5 115 0 0 0 
800 4587 4153 2832 3408 7 478 2 0 0 
900 6706 6275 4686 5690 9 1616 4 0 0 
1000 9062 8607 6745 8142 6 3308 22 0 0 
1100 11337 10909 8966 10485 4 5081 31 0 0 
1200 12468 12180 10317 11945 1 6453 31 0 0 
1300 13018 12829 11127 12630 1 7414 38 0 0 
1400 13252 12988 11375 12795 1 8110 33 0 0 
1500 13273 13055 11577 12876 1 8657 39 0 0 
1600 13222 13146 11660 12921 4 9064 39 0 0 
1700 13109 13127 11842 13074 3 9609 41 0 0 
1800 13158 13147 11841 13008 3 10115 51 0 0 
1900 13206 13204 12015 13076 4 10487 43 0 0 
2000 13136 13156 11970 13144 3 10802 59 0 0 
2100 13153 13208 12145 13164 0 11142 55 0 0 
2200 13213 13257 12030 13229 3 11253 49 0 0 
2300 13151 13291 12073 13198 3 11371 42 0 0 
2400 13134 13303 12094 13233 5 11535 54 0 0 
2500 13170 13385 12187 13268 3 11661 45 0 0 
2600 13146 13322 12102 13267 3 11540 48 0 0 
2700 13132 13360 12158 13271 3 11733 60 0 0 
2800 13183 13331 12109 13214 2 11636 46 0 0 
2900 13246 13382 12164 13285 3 11689 63 0 0 
3000 13258 13429 12179 13261 0 11674 55 0 0 
3100 13174 13314 12240 13190 4 11684 56 0 0 
3200 13168 13459 12250 13265 1 11699 50 0 0 
3300 13225 13420 12219 13356 18 11719 38 0 0 
3400 13220 13435 12153 13349 91 11656 48 0 0 
3500 13355 13395 12249 13284 278 11680 51 0 0 
3600 13265 13424 12313 13319 575 11684 96 0 0 
3700 13214 13424 12242 13321 1088 11690 118 0 0 
3800 13308 13373 12324 13237 1781 11667 125 0 0 
3900 13340 13424 12341 13277 2559 11634 190 3 0 
4000 13235 13440 12331 13327 3286 11747 245 11 0 
4100 13358 13359 12414 13313 4125 11796 491 11 0 
4200 13308 13439 12295 13286 4832 11587 940 40 0 
4300 13330 13435 12390 13304 5328 11614 1440 77 0 
4400 13365 13428 12299 13314 5656 11629 1889 76 0 
4500 13360 13367 12284 13333 5774 11618 2557 97 0 
4600 13269 13445 12208 13323 5676 11570 3259 80 0 
4700 13308 13427 12308 13336 5761 11608 3853 135 0 
4800 13355 13412 12224 13346 5741 11660 4303 119 0 
4900 13361 13501 12304 13383 5637 11792 4717 89 0 
5000 13217 13528 12297 13412 5560 11996 5166 59 0 
5100 13325 13547 12286 13344 5287 12122 5713 46 0 
5200 13341 13610 12327 13456 5038 12252 6288 24 0 
5300 13254 13523 12398 13502 4686 12370 6872 27 0 
5400 13339 13550 12242 13339 4278 12190 7295 37 0 
5500 13254 13548 12212 13334 3809 12173 7697 28 0 
5600 13320 13562 12170 13378 3410 12214 8240 14 0 
5700 13350 13521 12232 13284 3015 12275 8749 5 0 
5800 13292 13489 12089 13333 2575 12281 9037 4 0 
5900 13298 13526 12257 13294 2252 12347 9483 0 0 
6000 13349 13539 12277 13359 1843 12333 9961 0 0 
6100 13315 13554 12202 13345 1476 12305 10257 0 0 
6200 13313 13546 12290 13374 1111 12409 10773 0 0 
6300 13302 13538 12213 13292 816 12416 10889 1 0 
6400 13369 13625 12243 13310 619 12421 11120 0 2 
6500 13298 13550 12164 13333 465 12407 11140 0 0 
6600 13316 13530 12160 13315 351 12461 11318 0 1 
6700 13344 13569 12333 13370 215 12485 11509 0 0 
6800 13294 13509 12149 13345 160 12487 11482 0 0 
6900 13312 13535 12227 13342 106 12498 11528 0 0 
7000 13385 13603 12327 13389 81 12501 11599 0 0 
7100 13375 13656 12318 13412 59 12539 11722 0 0 
7200 13386 13640 12349 13478 30 12592 11837 0 0 
7300 13402 13609 12235 13400 20 12547 11719 0 0 
7400 13391 13613 12198 13394 23 12548 11689 0 0 
7500 13351 13649 12288 13436 23 12566 11700 0 0 
7600 13451 13671 12316 13384 15 12614 11819 0 0 
7700 13439 13607 12303 13376 13 12636 11763 0 0 
7800 13431 13680 12297 13399 19 12596 11750 0 2 
7900 13423 13615 12310 13437 21 12639 11742 0 0 
8000 13393 13646 12436 13531 21 12637 11789 0 0 
8100 13423 13656 12268 13377 20 12581 11723 0 0 
8200 13423 13680 12243 13515 15 12579 11766 0 0 
8300 13416 13615 12262 13444 18 12541 11741 0 0 
8400 13446 13646 12398 13456 12 12700 11917 0 0 
8500 13453 13659 12352 13489 18 12649 11849 0 0 
8600 13450 13642 12324 13454 8 12612 11801 0 0 
8700 13503 13683 12417 13397 17 12661 11889 0 0 
8800 13489 13687 12382 13374 25 12630 11847 0 0 
8900 13460 13647 12444 13411 18 12685 11844 0 0 
9000 13434 13684 12425 13384 14 12678 11870 0 0 
9100 13428 13699 12337 13375 16 12610 11800 0 0 
9200 13490 13671 12364 13458 12 12646 11796 0 0 
9300 13479 13679 12291 13528 18 12544 11813 0 0 
9400 13471 13680 12408 13483 21 12662 11856 0 0 
9500 13523 13687 12401 13388 13 12633 11839 0 1 
9600 13493 13645 12456 13494 8 12746 11958 0 0 
9700 13529 13733 12400 13442 14 12741 11858 0 0 
9800 13535 13732 12448 13489 16 12696 11920 0 2 
9900 13484 13686 12450 13467 19 12676 11863 0 0 
10000 13486 13688 12360 13485 26 12636 11836 0 0 
