# Avida tasks data
# Sun Apr 23 05:56:59 2023
# First column gives the current update, next columns give the number
# of organisms that have the particular task as a component of their merit
#  1: Update
#  2: Not
#  3: Nand
#  4: And
#  5: OrNot
#  6: Or
#  7: AndNot
#  8: Nor
#  9: Xor
# 10: Equals

0 0 0 0 0 0 0 0 0 0 
100 0 0 0 0 0 0 0 0 0 
200 0 0 0 0 0 0 0 0 0 
300 0 0 0 0 0 0 0 0 0 
400 0 0 0 0 0 0 0 0 0 
500 745 14 0 0 0 0 0 0 0 
600 2296 45 0 2 0 0 0 0 0 
700 4165 1649 0 742 2 0 0 0 0 
800 4546 2697 1 2290 9 0 0 0 0 
900 5645 4159 0 4057 3 0 0 0 0 
1000 7237 5999 2 6059 10 0 0 0 0 
1100 8814 7738 1 7810 17 1 0 0 0 
1200 10349 9465 0 9594 13 0 0 0 0 
1300 11628 10740 2 10824 24 0 0 0 0 
1400 12009 11327 0 11305 19 0 0 0 0 
1500 12347 11582 3 11734 19 0 0 0 0 
1600 12725 11993 8 12008 20 2 0 0 0 
1700 12906 12139 34 12244 15 0 0 0 0 
1800 12979 12153 97 12344 22 1 0 0 0 
1900 12992 12152 174 12363 23 0 0 0 0 
2000 13096 12033 355 12436 13 4 0 0 0 
2100 13139 11924 493 12394 26 5 0 0 0 
2200 13065 11462 870 12349 20 7 0 0 0 
2300 13139 11189 1196 12441 18 11 0 0 0 
2400 13090 11175 1825 12459 22 19 1 0 0 
2500 12986 11595 2918 12346 24 31 0 0 0 
2600 13141 11952 4043 12529 14 46 0 0 0 
2700 13192 12221 5196 12595 21 59 3 0 0 
2800 13232 12116 6270 12562 20 72 2 0 0 
2900 13137 12142 7460 12582 26 80 5 0 0 
3000 13132 12124 8499 12564 20 65 2 0 0 
3100 13180 12125 9302 12597 22 105 5 0 0 
3200 13179 12163 9940 12653 40 138 2 0 0 
3300 13191 12170 10530 12724 32 117 3 0 0 
3400 13205 12120 10826 12681 27 110 4 0 0 
3500 13271 12166 11194 12696 32 116 3 0 0 
3600 13235 12168 11477 12712 21 129 1 0 0 
3700 13270 12211 11718 12742 35 98 3 0 0 
3800 13271 12178 11678 12735 30 141 1 0 0 
3900 13227 12177 11814 12717 28 118 0 0 0 
4000 13218 12159 11788 12748 33 119 1 0 0 
4100 13218 12134 11765 12728 19 140 1 0 0 
4200 13274 12227 11859 12757 27 141 2 0 0 
4300 13311 12231 11749 12746 17 114 1 0 0 
4400 13224 12178 11746 12699 14 117 1 0 0 
4500 13273 12218 11819 12766 30 149 2 0 0 
4600 13276 12251 11865 12755 18 102 0 0 0 
4700 13276 12231 11838 12846 22 149 0 0 0 
4800 13314 12302 11841 12765 25 120 1 0 0 
4900 13260 12183 11818 12740 26 107 0 0 0 
5000 13299 12316 11833 12825 22 134 0 0 0 
5100 13316 12302 11829 12845 12 112 0 0 0 
5200 13319 12282 11812 12793 34 141 1 0 0 
5300 13353 12377 11903 12865 21 127 0 0 0 
5400 13318 12375 11946 12805 18 109 0 0 0 
5500 13324 12336 11867 12834 24 120 0 0 0 
5600 13354 12363 11902 12899 19 144 1 0 0 
5700 13290 12420 11968 12922 8 98 0 0 0 
5800 13347 12601 12060 12926 32 138 1 0 0 
5900 13373 12574 12054 12902 27 108 2 0 0 
6000 13412 12542 12007 12889 21 114 0 0 0 
6100 13360 12625 12007 12869 23 120 2 0 0 
6200 13440 12701 12145 12986 17 104 2 0 0 
6300 13426 12604 12043 12977 31 120 2 0 0 
6400 13363 12641 12101 12933 28 131 3 0 0 
6500 13361 12674 12023 12900 55 140 11 0 0 
6600 13306 12634 12063 12883 314 172 215 0 0 
6700 13515 12699 12098 13011 883 129 655 0 0 
6800 13492 12736 12155 13057 1519 152 1170 0 0 
6900 13474 12753 12202 13068 2216 160 1730 0 0 
7000 13431 12705 12114 13044 2972 152 2362 0 0 
7100 13470 12650 12086 13061 3600 251 2837 0 0 
7200 13423 12647 12138 13081 4241 671 3371 0 0 
7300 13436 12533 12032 12985 4914 1263 3920 0 0 
7400 13452 12583 12093 13031 5624 2065 4451 0 0 
7500 13536 12584 12088 13109 6187 2772 4902 0 0 
7600 13511 12675 12161 13164 6694 3667 5264 1 0 
7700 13549 12724 12223 13171 7246 4513 5724 2 0 
7800 13526 12617 12156 13155 7727 5218 6187 0 0 
7900 13528 12619 12176 13190 8105 6170 6457 0 0 
8000 13523 12581 12093 13172 8654 6898 6822 0 0 
8100 13566 12644 12232 13300 9143 7675 7349 0 0 
8200 13565 12593 12162 13249 9384 8262 7455 0 0 
8300 13536 12597 12150 13258 9550 8978 7605 0 0 
8400 13571 12614 12237 13268 9975 9663 8004 0 0 
8500 13502 12528 12136 13234 10104 10346 8121 0 0 
8600 13484 12580 12166 13190 10371 10849 8320 0 0 
8700 13429 12466 12084 13176 10501 11183 8396 0 0 
8800 13506 12456 12113 13152 10620 11590 8530 0 0 
8900 13541 12505 12117 13276 10740 11830 8652 0 0 
9000 13527 12596 12203 13271 10816 12076 8671 0 0 
9100 13544 12589 12163 13281 10995 12297 8825 0 0 
9200 13498 12514 12135 13216 10988 12286 8840 0 0 
9300 13485 12492 12076 13210 10966 12338 8804 0 0 
9400 13563 12620 12230 13300 11191 12536 9016 0 0 
9500 13500 12451 12075 13186 10784 12365 8717 0 0 
9600 13456 12523 12108 13207 10953 12467 8877 0 0 
9700 13509 12562 12159 13277 11103 12568 8978 0 0 
9800 13504 12516 12120 13228 11064 12485 8941 0 0 
9900 13465 12448 12033 13186 10844 12387 8726 0 0 
10000 13532 12589 12170 13291 10999 12500 8822 0 0 
