# Avida tasks data
# Sun Apr 23 05:27:49 2023
# First column gives the current update, next columns give the number
# of organisms that have the particular task as a component of their merit
#  1: Update
#  2: Not
#  3: Nand
#  4: And
#  5: OrNot
#  6: Or
#  7: AndNot
#  8: Nor
#  9: Xor
# 10: Equals

0 0 0 0 0 0 0 0 0 0 
100 0 0 0 0 0 0 0 0 0 
200 0 0 0 0 0 0 0 0 0 
300 0 0 0 0 0 0 0 0 0 
400 0 0 0 0 0 0 0 0 0 
500 0 0 0 0 0 0 0 0 0 
600 0 0 0 0 0 0 0 0 0 
700 30 8 0 0 0 0 0 0 0 
800 1408 1363 6 358 0 0 0 0 0 
900 2445 2138 0 1783 278 0 0 0 0 
1000 3384 3073 0 2680 897 0 0 0 0 
1100 4110 4123 0 3465 2211 0 0 0 0 
1200 5365 5387 0 4714 3835 0 0 0 0 
1300 7119 7278 0 6297 5685 0 0 0 0 
1400 8944 9086 0 7888 7495 0 0 0 0 
1500 10274 10423 0 9084 8815 0 0 0 0 
1600 11523 11596 0 10213 9886 0 0 0 0 
1700 12414 12630 0 10931 10658 0 0 0 0 
1800 12826 13025 0 11434 11153 0 0 0 0 
1900 13154 13256 0 11771 11460 16 0 0 0 
2000 13299 13420 3 11886 11494 1273 0 0 0 
2100 13449 13649 6 11984 11723 2588 1 0 0 
2200 13466 13639 11 11980 11750 3781 8 0 0 
2300 13458 13663 25 12020 11762 4827 11 0 0 
2400 13458 13694 25 11914 11680 5858 2 0 0 
2500 13520 13641 33 12011 11806 6990 6 0 0 
2600 13547 13628 38 12070 11957 7956 18 0 0 
2700 13475 13631 44 11983 11901 8683 21 0 0 
2800 13584 13670 35 12097 11936 9462 15 0 0 
2900 13496 13655 29 12061 11935 10009 14 0 0 
3000 13521 13696 41 12081 12002 10379 14 0 0 
3100 13492 13642 36 11916 11870 10536 17 0 0 
3200 13474 13684 39 12043 11979 10892 11 0 0 
3300 13518 13660 55 12036 12008 11007 8 0 0 
3400 13474 13737 52 11996 11966 11091 12 0 0 
3500 13501 13680 43 12094 12148 11315 12 0 0 
3600 13495 13712 53 12159 12139 11421 16 0 0 
3700 13555 13649 39 12115 12133 11330 21 0 0 
3800 13516 13741 48 12075 12040 11305 19 0 0 
3900 13508 13652 61 12076 11973 11312 10 0 0 
4000 13537 13690 44 12140 12121 11415 13 0 0 
4100 13517 13706 71 11977 12011 11205 20 0 0 
4200 13483 13712 51 12019 12114 11350 16 0 0 
4300 13520 13687 67 12071 12039 11272 9 0 0 
4400 13470 13780 62 12074 12110 11258 14 0 0 
4500 13528 13734 42 12165 12112 11475 18 0 0 
4600 13484 13660 55 12046 12068 11281 22 0 0 
4700 13647 13713 62 12205 12211 11437 20 0 0 
4800 13576 13702 57 12253 12212 11493 12 0 0 
4900 13526 13693 66 12116 12115 11406 13 0 0 
5000 13621 13770 50 12228 12234 11511 10 0 0 
5100 13562 13738 63 12164 12162 11417 12 0 0 
5200 13525 13728 98 12151 12057 11262 20 0 0 
5300 13556 13698 53 12117 12157 11295 15 0 0 
5400 13569 13734 53 12173 12181 11450 15 0 0 
5500 13583 13737 48 12222 12237 11423 14 0 0 
5600 13606 13738 60 12282 12339 11569 12 0 0 
5700 13575 13718 62 12095 12067 11386 9 0 0 
5800 13564 13775 71 12208 12220 11435 9 0 0 
5900 13577 13721 73 12209 12162 11471 13 0 0 
6000 13599 13752 49 12273 12260 11554 7 0 0 
6100 13638 13716 63 12356 12359 11660 10 0 0 
6200 13598 13751 65 12239 12279 11569 14 0 0 
6300 13639 13729 54 12310 12323 11555 9 0 0 
6400 13633 13765 64 12348 12357 11652 12 0 0 
6500 13650 13750 76 12353 12377 11660 19 0 0 
6600 13604 13734 68 12238 12239 11463 11 0 0 
6700 13636 13661 56 12321 12406 11646 12 0 0 
6800 13639 13719 67 12266 12297 11561 7 0 0 
6900 13577 13694 78 12275 12303 11607 9 0 0 
7000 13639 13770 66 12291 12260 11598 12 0 0 
7100 13636 13722 53 12328 12295 11688 16 0 0 
7200 13650 13730 65 12326 12300 11630 6 0 0 
7300 13583 13734 51 12258 12293 11591 17 0 0 
7400 13613 13760 74 12292 12343 11676 12 0 0 
7500 13640 13700 50 12352 12427 11704 17 0 0 
7600 13673 13760 62 12286 12341 11630 14 0 0 
7700 13679 13772 52 12386 12432 11768 16 0 0 
7800 13680 13694 53 12321 12412 11708 7 0 0 
7900 13676 13741 52 12290 12342 11629 9 0 0 
8000 13627 13796 63 12396 12397 11673 18 0 0 
8100 13614 13792 64 12326 12291 11631 18 0 0 
8200 13631 13740 84 12388 12325 11758 15 0 0 
8300 13630 13720 82 12421 12419 11722 9 0 0 
8400 13646 13748 53 12333 12366 11649 7 0 0 
8500 13653 13768 93 12323 12282 11623 7 0 0 
8600 13655 13718 56 12401 12426 11799 10 0 0 
8700 13714 13771 61 12388 12384 11722 16 0 0 
8800 13710 13802 90 12424 12411 11800 13 0 0 
8900 13630 13694 63 12335 12349 11737 21 0 0 
9000 13669 13765 78 12433 12421 11763 10 0 0 
9100 13727 13736 64 12438 12497 11789 8 0 0 
9200 13595 13698 72 12249 12299 11604 18 0 0 
9300 13654 13752 54 12374 12433 11863 10 0 0 
9400 13676 13752 55 12413 12408 11789 15 0 0 
9500 13660 13746 85 12510 12447 11806 13 0 0 
9600 13710 13756 70 12540 12542 11895 12 0 0 
9700 13699 13735 74 12375 12383 11793 9 0 0 
9800 13698 13740 73 12478 12475 11870 10 0 0 
9900 13694 13726 60 12523 12460 11895 4 0 0 
10000 13706 13752 60 12435 12458 11828 15 0 0 
