# Avida tasks data
# Sun Apr 23 02:44:42 2023
# First column gives the current update, next columns give the number
# of organisms that have the particular task as a component of their merit
#  1: Update
#  2: Not
#  3: Nand
#  4: And
#  5: OrNot
#  6: Or
#  7: AndNot
#  8: Nor
#  9: Xor
# 10: Equals

0 0 0 0 0 0 0 0 0 0 
100 0 0 0 0 0 0 0 0 0 
200 0 0 0 0 0 0 0 0 0 
300 0 0 0 0 0 0 0 0 0 
400 61 0 0 0 0 0 0 0 0 
500 856 5 0 2 0 0 0 0 0 
600 2231 19 2 8 0 0 0 0 0 
700 3441 856 27 1607 438 0 0 0 0 
800 5031 3283 2 3755 2039 0 0 0 0 
900 7135 5996 6 6220 4416 3 0 0 0 
1000 9005 8458 8 8430 6695 1 0 0 0 
1100 10643 10177 16 10165 8464 0 0 0 0 
1200 11652 11366 212 11279 9533 26 3 0 0 
1300 12247 11965 802 11965 10514 48 1 0 0 
1400 12386 12237 1594 12176 10664 51 0 0 0 
1500 12352 12266 2244 12208 10819 63 0 0 0 
1600 12503 12479 2909 12400 10993 67 0 0 0 
1700 12541 12478 3466 12446 10978 93 0 0 0 
1800 12584 12580 4065 12544 11178 105 2 0 0 
1900 12569 12646 4589 12609 11277 153 0 0 0 
2000 12594 12790 5195 12663 11320 288 0 0 0 
2100 12560 12799 5699 12720 11468 566 6 0 0 
2200 12533 12846 6149 12732 11417 1675 12 0 0 
2300 12619 12942 6380 12782 11456 2692 40 0 0 
2400 12610 12932 6687 12750 11430 3753 79 0 0 
2500 12707 12998 7087 12769 11495 4886 73 0 0 
2600 12751 13032 7357 12861 11590 5766 89 0 0 
2700 12792 13074 7891 12869 11743 6600 71 0 0 
2800 12825 13141 8313 13013 11732 7512 125 0 0 
2900 12915 13207 8844 13017 11810 8303 99 0 0 
3000 12945 13205 9314 13014 11853 8979 129 0 0 
3100 12970 13257 9755 13008 11924 9682 160 0 0 
3200 13058 13309 10016 13129 11847 10069 202 0 0 
3300 12994 13249 10388 13051 11884 10519 257 0 0 
3400 13000 13295 10667 13122 11854 10849 370 0 0 
3500 13029 13324 10885 13164 11938 11113 491 0 0 
3600 13084 13377 11063 13213 11911 11317 622 0 0 
3700 13163 13290 11138 13081 11917 11541 800 0 0 
3800 13081 13334 11170 13065 11905 11606 1039 0 0 
3900 13078 13320 11359 13100 11932 11753 1290 0 0 
4000 13146 13290 11189 13071 11814 11557 1542 0 0 
4100 13083 13296 11271 13076 11862 11633 1853 0 0 
4200 13138 13359 11237 13145 11912 11664 2205 0 0 
4300 13104 13419 11220 13125 11873 11647 2591 0 0 
4400 13047 13332 11295 13116 11929 11701 3054 0 0 
4500 13109 13275 11113 13018 11799 11569 3505 0 0 
4600 13129 13358 10964 13081 11688 11392 4008 0 0 
4700 13083 13295 10968 13004 11726 11432 4447 0 0 
4800 13158 13342 11116 13156 11805 11586 4784 0 0 
4900 13104 13327 11002 13023 11701 11429 5089 1 0 
5000 13115 13393 10962 13033 11627 11435 5520 0 0 
5100 13097 13345 11032 13085 11721 11465 5967 0 0 
5200 13151 13348 10907 12996 11640 11328 6466 0 0 
5300 13140 13364 10890 12990 11643 11367 6937 0 0 
5400 13150 13384 10804 12989 11504 11242 7413 0 0 
5500 13150 13337 10745 12988 11349 11137 7966 0 0 
5600 13049 13355 10635 12971 11357 11153 8399 0 0 
5700 13210 13395 10809 12880 11503 11190 8870 0 0 
5800 13230 13455 10802 13037 11542 11281 9601 1 0 
5900 13194 13412 10751 12996 11427 11137 10188 0 0 
6000 13163 13374 10614 12922 11416 11081 10543 0 0 
6100 13150 13402 10564 12960 11317 11005 10906 0 0 
6200 13148 13465 10754 12976 11503 11273 11219 0 0 
6300 13207 13417 10639 12961 11352 11138 11474 0 0 
6400 13165 13435 10672 13013 11443 11157 11663 1 0 
6500 13144 13453 10599 12933 11321 11079 11715 0 0 
6600 13204 13414 10602 12979 11369 11103 11841 0 0 
6700 13142 13374 10559 12914 11257 11022 11822 0 0 
6800 13206 13466 10714 12936 11443 11177 12043 0 0 
6900 13235 13370 10558 12908 11245 11049 12070 0 0 
7000 13256 13422 10689 12882 11407 11099 12207 0 0 
7100 13291 13459 10568 12991 11361 11006 12281 0 0 
7200 13267 13414 10588 12900 11392 11038 12306 0 0 
7300 13216 13361 10572 12854 11366 11085 12202 0 0 
7400 13247 13375 10607 12863 11323 11053 12265 0 0 
7500 13251 13499 10633 12967 11348 11131 12373 1 0 
7600 13201 13401 10657 12913 11470 11155 12355 0 0 
7700 13194 13345 10640 12846 11354 11119 12219 0 0 
7800 13146 13417 10533 12865 11273 10995 12216 0 0 
7900 13238 13436 10646 12912 11452 11169 12416 0 0 
8000 13248 13381 10666 12881 11432 11119 12250 0 0 
8100 13288 13434 10702 12964 11430 11157 12384 0 0 
8200 13238 13394 10683 12937 11442 11170 12398 1 0 
8300 13269 13395 10661 12906 11364 11149 12368 0 0 
8400 13301 13430 10716 13038 11453 11218 12372 0 0 
8500 13300 13454 10650 12931 11403 11060 12337 0 0 
8600 13311 13464 10684 12946 11377 11135 12349 0 0 
8700 13275 13435 10684 12915 11420 11145 12406 0 0 
8800 13311 13404 10812 12936 11510 11263 12430 0 0 
8900 13187 13382 10726 12946 11494 11158 12370 0 0 
9000 13241 13450 10787 12977 11472 11229 12367 0 0 
9100 13253 13485 10797 13033 11494 11242 12419 0 0 
9200 13284 13407 10819 12944 11517 11253 12319 1 0 
9300 13201 13427 10694 12917 11424 11090 12335 0 0 
9400 13219 13380 10831 12887 11499 11261 12291 0 0 
9500 13200 13397 10742 12873 11470 11228 12280 0 0 
9600 13198 13453 10741 12978 11433 11120 12346 0 0 
9700 13182 13410 10675 12868 11430 11129 12278 0 0 
9800 13222 13427 10656 12872 11421 11123 12331 0 0 
9900 13170 13413 10636 12903 11389 11114 12344 0 0 
10000 13179 13426 10709 12952 11442 11095 12264 0 0 
