# Avida tasks data
# Sun Apr 23 06:41:33 2023
# First column gives the current update, next columns give the number
# of organisms that have the particular task as a component of their merit
#  1: Update
#  2: Not
#  3: Nand
#  4: And
#  5: OrNot
#  6: Or
#  7: AndNot
#  8: Nor
#  9: Xor
# 10: Equals

0 0 0 0 0 0 0 0 0 0 
100 0 0 0 0 0 0 0 0 0 
200 0 0 0 0 0 0 0 0 0 
300 0 0 0 0 0 0 0 0 0 
400 0 0 0 0 0 0 0 0 0 
500 0 0 0 0 0 0 0 0 0 
600 0 0 0 0 0 0 0 0 0 
700 2 0 0 0 0 0 0 0 0 
800 206 0 0 29 0 0 0 0 0 
900 2095 2054 0 2017 9 0 0 0 0 
1000 4245 4307 0 4181 14 0 1 0 0 
1100 6250 6393 0 6159 16 0 0 0 0 
1200 8276 8511 0 8157 27 0 0 0 0 
1300 10209 10475 0 10044 19 0 0 0 0 
1400 11679 11919 0 11511 44 12 0 0 0 
1500 12652 12986 11 12537 40 0 2 0 0 
1600 13033 13297 68 12870 30 2 0 0 0 
1700 13143 13410 94 12948 31 0 0 0 0 
1800 13217 13270 194 12921 34 0 0 0 0 
1900 13181 13123 314 12965 40 1 4 0 0 
2000 13161 12938 468 12835 128 1 0 0 0 
2100 13180 12793 582 12937 355 0 0 0 0 
2200 13198 12921 986 13004 1003 5 3 0 0 
2300 13168 13404 2223 12895 1091 18 0 0 0 
2400 13228 13482 3621 12838 1505 48 2 0 0 
2500 13234 13432 4391 12926 2660 52 1 0 0 
2600 13266 13436 5281 12870 3965 55 2 0 0 
2700 13269 13446 6099 12766 5050 73 1 0 0 
2800 13351 13498 6943 12824 5976 64 1 0 0 
2900 13371 13550 7943 12773 6964 58 1 0 0 
3000 13457 13585 8688 12758 7791 65 1 0 0 
3100 13432 13610 9331 12764 8482 54 3 0 0 
3200 13474 13591 10038 12775 9288 58 1 0 0 
3300 13388 13640 10499 12666 9851 73 1 0 0 
3400 13456 13621 10894 12694 10308 63 0 0 0 
3500 13520 13696 11392 12740 10738 65 0 0 0 
3600 13557 13711 11726 12730 11103 64 0 0 0 
3700 13548 13697 11960 12765 11374 85 0 0 0 
3800 13513 13708 12202 12668 11482 62 0 0 0 
3900 13458 13726 12325 12757 11846 59 2 0 0 
4000 13472 13693 12348 12679 11843 69 0 0 0 
4100 13605 13697 12433 12727 11983 83 0 0 0 
4200 13613 13658 12529 12728 12161 102 1 0 0 
4300 13649 13702 12534 12767 12179 100 2 0 0 
4400 13553 13649 12468 12780 12183 85 0 0 0 
4500 13594 13688 12477 12732 12210 125 2 0 0 
4600 13562 13736 12569 12715 12157 104 0 0 0 
4700 13560 13749 12516 12738 12122 86 0 0 0 
4800 13587 13736 12496 12813 12297 95 0 0 0 
4900 13542 13678 12421 12650 12166 108 0 0 0 
5000 13553 13665 12469 12693 12121 122 0 0 0 
5100 13611 13760 12563 12858 12316 111 2 0 0 
5200 13645 13716 12463 12756 12201 107 0 0 0 
5300 13603 13696 12590 12730 12252 103 1 0 0 
5400 13576 13689 12479 12678 12172 100 0 0 0 
5500 13592 13688 12475 12739 12232 101 0 0 0 
5600 13633 13728 12554 12844 12326 104 0 0 0 
5700 13578 13715 12509 12747 12239 129 2 0 0 
5800 13581 13681 12417 12775 12250 120 4 0 0 
5900 13597 13725 12538 12842 12281 146 0 0 0 
6000 13597 13713 12507 12826 12214 150 0 0 0 
6100 13647 13667 12552 12784 12132 125 0 0 0 
6200 13599 13731 12637 12860 12278 138 0 0 0 
6300 13624 13748 12626 12825 12236 134 0 0 0 
6400 13624 13734 12614 12810 12273 129 0 0 0 
6500 13649 13756 12643 12853 12289 126 0 0 0 
6600 13642 13790 12644 12751 12219 109 0 0 0 
6700 13605 13742 12625 12849 12297 109 0 0 0 
6800 13643 13759 12690 12897 12353 127 1 0 0 
6900 13555 13747 12641 12848 12298 150 0 0 0 
7000 13635 13701 12528 12802 12288 138 2 0 0 
7100 13619 13655 12521 12865 12332 119 0 0 0 
7200 13616 13719 12590 12916 12388 110 0 0 1 
7300 13601 13800 12712 12885 12296 139 1 0 0 
7400 13635 13727 12625 12967 12290 157 1 0 0 
7500 13627 13730 12702 12823 12257 159 4 0 0 
7600 13628 13724 12704 12942 12398 140 0 0 0 
7700 13622 13700 12636 12888 12381 124 1 0 0 
7800 13677 13684 12599 12915 12404 123 0 0 0 
7900 13680 13722 12724 12956 12373 85 0 0 0 
8000 13685 13715 12733 12987 12381 101 0 0 0 
8100 13674 13808 12733 12977 12434 109 0 0 0 
8200 13682 13804 12708 13005 12461 132 2 0 0 
8300 13656 13760 12687 12962 12365 148 0 0 0 
8400 13637 13728 12656 12983 12340 118 0 0 0 
8500 13707 13738 12736 13028 12481 333 0 0 0 
8600 13626 13750 12621 12989 12445 1053 0 0 0 
8700 13662 13755 12765 13000 12463 2067 0 0 0 
8800 13705 13677 12773 12995 12435 3151 0 0 0 
8900 13627 13645 12811 12941 12408 4294 0 0 0 
9000 13676 13580 12768 12991 12463 5313 0 0 0 
9100 13678 13530 12847 12975 12481 6427 3 0 0 
9200 13665 13604 12818 12996 12522 7473 0 2 0 
9300 13613 13455 12824 12968 12409 8535 0 0 0 
9400 13624 13572 12950 13002 12471 9672 0 0 0 
9500 13699 13492 12862 13048 12540 10425 0 0 0 
9600 13704 13441 12860 13045 12504 11011 1 0 0 
9700 13691 13392 12919 13000 12465 11469 0 0 0 
9800 13679 13452 12937 13056 12453 11843 0 0 0 
9900 13731 13485 12936 12987 12518 12112 0 0 0 
10000 13702 13465 13027 12991 12492 12403 2 0 0 
