# Avida tasks data
# Sun Apr 23 10:06:08 2023
# First column gives the current update, next columns give the number
# of organisms that have the particular task as a component of their merit
#  1: Update
#  2: Not
#  3: Nand
#  4: And
#  5: OrNot
#  6: Or
#  7: AndNot
#  8: Nor
#  9: Xor
# 10: Equals

0 0 0 0 0 0 0 0 0 0 
100 0 0 0 0 0 0 0 0 0 
200 0 0 0 0 0 0 0 0 0 
300 0 0 0 0 0 0 0 0 0 
400 0 0 0 0 0 0 0 0 0 
500 0 0 0 0 0 0 0 0 0 
600 0 0 0 0 0 0 0 0 0 
700 0 0 0 0 0 0 0 0 0 
800 73 0 0 0 0 0 0 0 0 
900 1826 6 0 4 0 0 0 0 0 
1000 3554 84 0 20 0 0 0 0 0 
1100 4210 79 0 32 0 0 0 0 0 
1200 5224 206 0 61 0 0 0 0 0 
1300 5761 840 0 64 0 0 0 0 0 
1400 5772 1324 0 85 0 0 0 0 0 
1500 5772 1342 0 77 0 0 0 0 0 
1600 5758 1515 0 92 0 0 0 0 0 
1700 5779 1632 0 96 0 0 0 0 0 
1800 5747 1731 0 156 0 0 0 0 0 
1900 5758 1764 0 158 0 0 0 0 0 
2000 5756 1830 0 136 0 0 0 0 0 
2100 5772 2069 0 140 0 0 0 0 0 
2200 5947 2465 0 152 0 0 0 0 0 
2300 6132 2657 1 145 0 0 0 0 0 
2400 6325 2963 0 176 0 0 0 0 0 
2500 6589 3322 0 172 0 0 0 0 0 
2600 6607 3510 0 174 0 0 0 0 0 
2700 6644 3550 0 184 0 0 0 0 0 
2800 6705 3655 0 172 0 0 0 0 0 
2900 6677 3692 0 190 0 0 0 0 0 
3000 6740 3813 0 175 0 0 0 0 0 
3100 6836 3975 0 187 0 1 0 0 0 
3200 6873 4033 0 201 0 0 0 0 0 
3300 6915 4121 0 215 0 0 1 0 0 
3400 7249 4507 0 238 0 0 1 0 0 
3500 7571 4921 2 242 0 0 2 0 0 
3600 7629 5005 5 240 0 0 1 0 0 
3700 7646 5045 4 226 0 0 1 0 0 
3800 7736 5135 6 266 0 0 1 0 0 
3900 7769 5151 6 267 0 2 1 0 0 
