# Avida tasks data
# Sat Apr 22 15:26:04 2023
# First column gives the current update, next columns give the number
# of organisms that have the particular task as a component of their merit
#  1: Update
#  2: Not
#  3: Nand
#  4: And
#  5: OrNot
#  6: Or
#  7: AndNot
#  8: Nor
#  9: Xor
# 10: Equals

0 0 0 0 0 0 0 0 0 0 
100 0 0 0 0 0 0 0 0 0 
200 0 0 0 0 0 0 0 0 0 
300 0 0 0 0 0 0 0 0 0 
400 0 0 0 0 0 0 0 0 0 
500 0 0 0 0 0 0 0 0 0 
600 3 0 0 0 0 0 0 0 0 
700 1 0 0 0 0 0 0 0 0 
800 6 7 0 0 0 0 0 0 0 
900 5 19 0 17 0 0 0 0 0 
1000 37 24 0 146 0 0 0 0 0 
1100 67 31 0 481 3 0 0 0 0 
1200 158 451 0 990 42 10 0 0 0 
1300 297 1427 9 1962 673 344 396 0 0 
1400 532 1462 11 4354 3258 233 2953 0 0 
1500 1196 2026 9 5611 4644 144 4341 0 0 
1600 2191 2439 0 6667 5872 89 5556 0 0 
1700 3466 2936 2 7455 6766 108 6564 0 0 
1800 4949 3746 6 8457 7969 101 7711 0 0 
1900 6642 4649 7 9332 8868 157 8519 0 0 
2000 8091 5669 7 10108 9702 136 9376 0 0 
2100 9207 6600 4 10610 10205 164 9822 0 0 
2200 10069 7331 6 11129 10689 134 10316 0 0 
2300 10850 8054 3 11515 11071 159 10719 0 0 
2400 11447 8775 4 11826 11436 140 11079 0 0 
2500 11958 9284 9 12108 11792 184 11328 0 0 
2600 12498 9862 4 12440 12001 163 11593 0 0 
2700 12820 10311 3 12648 12269 171 11852 0 0 
2800 13174 10839 8 12782 12339 177 11900 0 0 
2900 13305 11452 5 12935 12439 190 12002 0 0 
