# Avida tasks data
# Sat Apr 22 21:44:35 2023
# First column gives the current update, next columns give the number
# of organisms that have the particular task as a component of their merit
#  1: Update
#  2: Not
#  3: Nand
#  4: And
#  5: OrNot
#  6: Or
#  7: AndNot
#  8: Nor
#  9: Xor
# 10: Equals

0 0 0 0 0 0 0 0 0 0 
100 0 0 0 0 0 0 0 0 0 
200 0 0 0 0 0 0 0 0 0 
300 0 0 0 0 0 0 0 0 0 
400 0 0 0 0 0 0 0 0 0 
500 2 0 0 0 0 0 0 0 0 
600 12 2 0 0 0 0 0 0 0 
700 31 0 0 0 0 0 0 0 0 
800 61 4 0 0 0 0 0 0 0 
900 81 35 0 4 0 0 0 0 0 
1000 238 79 0 0 0 0 0 0 0 
1100 470 236 0 75 0 0 0 0 0 
1200 662 152 0 1102 914 90 0 0 0 
1300 969 114 2 1448 2969 437 1722 0 0 
1400 998 335 4 2645 4201 458 2983 0 0 
1500 1044 634 4 3579 4779 450 3581 0 0 
1600 1370 1168 6 4862 5736 467 4455 0 2 
1700 1534 1726 8 5673 6342 447 5139 0 1 
1800 1356 1914 12 5955 6459 469 5286 0 0 
1900 1358 2331 12 6210 6699 472 5448 0 0 
2000 1345 2677 12 6555 7060 474 5735 0 0 
2100 1353 2757 12 6649 7129 977 5864 0 0 
2200 1247 2964 12 6779 7248 1328 5991 0 0 
