# Avida tasks data
# Sun Apr 23 00:43:13 2023
# First column gives the current update, next columns give the number
# of organisms that have the particular task as a component of their merit
#  1: Update
#  2: Not
#  3: Nand
#  4: And
#  5: OrNot
#  6: Or
#  7: AndNot
#  8: Nor
#  9: Xor
# 10: Equals

0 0 0 0 0 0 0 0 0 0 
100 0 0 0 0 0 0 0 0 0 
200 0 0 0 0 0 0 0 0 0 
300 0 0 0 0 0 0 0 0 0 
400 0 0 0 0 0 0 0 0 0 
500 0 0 0 0 0 0 0 0 0 
600 0 0 0 0 0 0 0 0 0 
700 0 0 0 0 0 0 0 0 0 
800 0 0 0 0 0 0 0 0 0 
900 8 0 0 0 0 0 0 0 0 
1000 33 0 0 0 0 0 0 0 0 
1100 154 23 0 0 0 0 0 0 0 
1200 414 20 0 644 0 0 0 0 0 
1300 786 888 35 2549 0 0 0 0 0 
1400 1060 1596 62 4202 1013 6 0 0 0 
1500 1047 2156 81 5910 2953 16 0 0 0 
1600 914 3305 79 7136 4652 37 0 0 0 
1700 900 3634 719 7945 5743 671 1 0 0 
1800 765 3985 2588 8717 6630 834 4 0 0 
1900 836 4797 4068 9506 7784 930 5 0 0 
2000 1144 5319 5399 9927 8359 888 5 0 0 
2100 1584 5634 6669 10278 9147 756 5 0 0 
2200 2094 5884 7604 10447 9546 800 4 0 0 
2300 2907 6232 8510 10620 9990 706 12 0 0 
2400 3774 6490 9359 10955 10282 786 5 0 0 
2500 4194 6828 10037 11150 10573 1405 3 0 0 
2600 4539 7783 10748 11499 10888 3152 4 0 0 
2700 5461 8562 11607 11870 11275 4648 3 0 0 
2800 6370 9310 12033 12234 11587 5994 7 0 0 
2900 7213 10169 12428 12565 11904 7134 5 0 0 
3000 7986 10846 12741 12713 12020 8236 3 0 0 
3100 8605 11404 12981 12752 12216 9208 3 0 0 
3200 9138 11829 13124 12771 12216 10054 4 0 0 
3300 9659 12326 13237 12906 12270 10769 5 0 0 
3400 10101 12621 13249 12866 12307 11242 3 0 0 
3500 10754 12824 13342 13006 12370 11690 5 0 0 
3600 11253 12963 13267 12970 12363 12000 9 0 0 
3700 11653 13076 13326 12965 12470 12251 2 0 0 
3800 12046 13142 13279 13043 12446 12430 3 0 0 
3900 12519 13071 13259 13069 12402 12660 4 0 0 
4000 12633 13145 13351 13065 12552 12780 3 0 0 
4100 12734 13020 13231 12925 12350 12814 4 0 0 
4200 12916 13171 13371 13026 12601 12959 0 0 0 
4300 12880 13105 13375 13035 12534 12909 3 0 0 
4400 12953 13208 13372 13109 12489 12972 1 0 0 
4500 12869 13094 13333 13024 12464 12910 1 0 0 
4600 12885 13176 13290 13154 12501 12943 4 0 0 
4700 12923 13220 13369 13111 12562 12976 3 0 0 
4800 13005 13134 13352 13085 12497 12917 3 0 0 
4900 13047 13165 13437 13021 12566 12989 3 0 0 
5000 13066 13118 13330 13094 12556 12887 3 2 0 
5100 13011 13127 13352 13128 12483 12921 4 0 0 
5200 13008 13201 13393 13064 12567 12969 0 0 0 
5300 13035 13270 13414 13151 12605 12973 0 0 0 
5400 13073 13229 13406 13124 12572 13049 1 0 0 
5500 13078 13135 13440 13011 12630 13030 0 0 0 
5600 13043 13167 13352 13093 12557 12905 2 0 0 
5700 13063 13302 13438 13163 12694 13018 1 0 0 
5800 13011 13223 13387 13121 12517 13009 2 2 0 
5900 13032 13194 13437 13148 12608 12980 2 0 0 
6000 12928 13149 13383 13168 12564 12966 2 0 0 
6100 12989 13138 13381 13162 12513 12894 2 0 0 
6200 12983 13298 13395 13205 12535 13017 5 0 0 
6300 13075 13248 13423 13209 12556 12971 3 0 0 
6400 13030 13227 13368 13125 12529 12939 3 0 0 
6500 13074 13197 13415 13148 12602 12972 0 0 0 
6600 13077 13268 13401 13280 12502 12959 6 0 0 
6700 13107 13261 13406 13207 12565 12943 2 0 0 
6800 13077 13224 13374 13199 12532 13001 0 0 0 
6900 13030 13234 13399 13197 12599 13023 2 0 0 
7000 13154 13268 13455 13280 12642 13023 5 0 0 
7100 13043 13261 13473 13276 12681 13076 0 0 0 
7200 13005 13225 13390 13236 12583 13008 4 0 0 
7300 13109 13208 13404 13189 12596 13019 2 0 0 
7400 13069 13343 13458 13274 12638 13117 1 0 0 
7500 13120 13268 13447 13236 12647 13026 5 0 0 
7600 13097 13278 13381 13208 12592 13002 2 0 0 
7700 13106 13258 13493 13158 12642 13053 0 0 0 
7800 13046 13337 13372 13228 12589 12953 5 0 0 
7900 13091 13283 13447 13238 12641 13048 4 0 0 
8000 13062 13363 13440 13241 12640 13063 5 0 0 
8100 13161 13321 13398 13297 12626 13084 3 0 0 
8200 13044 13313 13428 13273 12578 12998 4 0 0 
8300 13054 13292 13463 13205 12642 13083 1 0 0 
8400 13067 13336 13469 13335 12690 13036 13 0 0 
8500 13157 13385 13471 13379 12719 13082 4 0 0 
8600 13104 13327 13449 13288 12633 13070 2 0 0 
8700 13133 13329 13434 13297 12655 13037 1 0 0 
8800 13092 13336 13468 13268 12675 13058 7 0 0 
8900 13093 13316 13416 13292 12694 13040 4 0 0 
9000 13169 13307 13382 13296 12658 13018 3 0 0 
9100 13084 13334 13415 13320 12661 13066 2 0 0 
9200 13046 13332 13400 13310 12606 13048 4 0 0 
9300 13047 13393 13488 13348 12679 13065 5 0 0 
9400 13067 13403 13463 13305 12708 13070 4 0 0 
9500 13172 13360 13458 13332 12672 13157 3 0 0 
9600 13049 13402 13471 13348 12774 13095 2 0 0 
9700 13171 13419 13459 13398 12744 13094 5 0 0 
9800 13064 13346 13352 13361 12540 12994 3 0 0 
9900 13122 13423 13458 13387 12669 13082 6 0 0 
10000 13068 13378 13439 13366 12674 13075 4 0 0 
