# Avida tasks data
# Mon Apr 24 00:17:45 2023
# First column gives the current update, next columns give the number
# of organisms that have the particular task as a component of their merit
#  1: Update
#  2: Not
#  3: Nand
#  4: And
#  5: OrNot
#  6: Or
#  7: AndNot
#  8: Nor
#  9: Xor
# 10: Equals

0 0 0 0 0 0 0 0 0 0 
100 0 0 0 0 0 0 0 0 0 
200 0 0 0 0 0 0 0 0 0 
300 0 0 0 0 0 0 0 0 0 
400 0 0 0 0 0 0 0 0 0 
500 206 13 0 0 0 0 0 0 0 
600 1454 1357 0 20 0 0 0 0 0 
700 3279 3294 0 38 0 0 0 0 0 
800 5318 5346 0 59 0 20 0 0 0 
900 6790 6858 3 989 4 1064 0 0 0 
1000 7719 7661 3 2632 8 2728 0 0 0 
1100 8728 8616 2 4553 16 4702 34 0 0 
1200 9580 9511 1 5991 309 6367 148 0 0 
1300 10331 10206 0 7378 1987 7931 257 0 0 
1400 11017 10909 0 8500 3680 9181 330 0 0 
1500 11861 11754 0 9436 5476 10286 372 0 0 
1600 12405 12390 1 10168 6913 11065 353 0 0 
1700 12658 12650 0 10600 7949 11593 313 0 0 
1800 13003 13033 0 11089 8905 11998 208 0 0 
1900 13120 13217 0 11367 9738 12280 274 0 0 
2000 13331 13298 3 11340 10411 12481 467 0 0 
2100 13366 13473 1 11083 10820 12653 834 0 0 
2200 13412 13493 1 10762 11180 12700 1260 0 0 
2300 13443 13531 0 10569 11518 12786 1797 0 0 
2400 13457 13419 2 10366 11707 12712 2412 0 0 
2500 13386 13563 0 10095 11641 12755 3207 0 0 
2600 13451 13517 0 10097 11781 12748 4177 0 0 
2700 13491 13577 0 10033 11948 12767 4975 0 0 
2800 13509 13492 0 9885 11948 12801 5757 0 0 
2900 13441 13598 3 9859 11887 12694 6575 0 0 
3000 13408 13493 6 9823 11846 12694 7290 0 0 
3100 13441 13540 1 10015 11838 12673 7950 0 0 
3200 13499 13580 4 10213 11971 12844 8614 0 0 
3300 13503 13519 3 10507 11962 12689 9232 0 0 
3400 13552 13551 0 10827 12015 12781 9869 0 0 
3500 13509 13514 3 11154 11848 12821 10225 0 0 
3600 13537 13467 2 11470 11851 12761 10503 0 0 
3700 13521 13489 0 11736 11882 12804 10721 0 0 
3800 13515 13435 4 11882 11890 12652 10925 0 0 
3900 13531 13530 1 12095 12009 12798 11208 0 0 
4000 13567 13536 0 12097 12028 12814 11341 0 0 
4100 13510 13551 3 12249 12031 12874 11434 0 0 
4200 13526 13527 1 12266 12081 12778 11628 0 0 
4300 13485 13421 2 12185 11961 12744 11517 0 0 
4400 13513 13505 4 12285 12012 12881 11544 0 0 
4500 13551 13487 1 12212 11936 12753 11487 0 0 
4600 13531 13485 1 12332 11941 12790 11464 0 0 
4700 13511 13464 4 12221 11903 12788 11432 0 0 
4800 13532 13537 3 12315 11970 12779 11487 0 0 
4900 13534 13547 5 12360 12108 12745 11622 0 0 
5000 13522 13523 2 12357 12037 12748 11542 0 0 
5100 13565 13580 2 12360 12041 12798 11618 0 0 
5200 13557 13579 5 12320 12023 12711 11531 0 0 
5300 13513 13566 0 12428 12200 12792 11721 0 0 
5400 13491 13541 5 12337 12077 12791 11663 0 0 
5500 13518 13571 4 12333 12061 12767 11659 0 2 
5600 13559 13579 5 12345 12015 12870 11551 0 0 
5700 13530 13539 10 12368 12062 12831 11632 0 0 
5800 13558 13490 2 12348 12109 12763 11693 0 0 
5900 13531 13622 4 12452 12129 12850 11670 0 0 
6000 13507 13629 4 12416 12105 12776 11703 0 0 
6100 13480 13603 5 12471 12235 12781 11809 0 0 
6200 13550 13601 5 12476 12213 12724 11820 0 0 
6300 13520 13624 76 12562 12220 12795 11816 0 0 
6400 13488 13662 172 12604 12277 12747 11842 0 0 
6500 13544 13620 299 12481 12228 12796 11785 0 0 
6600 13509 13618 433 12576 12194 12787 11775 0 0 
6700 13517 13624 653 12544 12202 12680 11729 0 0 
6800 13488 13616 841 12670 12275 12757 11815 0 0 
6900 13479 13674 1072 12513 12277 12696 11846 0 0 
7000 13493 13669 1439 12687 12402 12788 11951 0 0 
7100 13533 13665 1752 12711 12398 12858 11989 0 0 
7200 13509 13711 2120 12601 12383 12794 11952 0 0 
7300 13518 13645 2573 12678 12378 12852 11951 0 0 
7400 13495 13602 3085 12673 12427 12799 11978 0 0 
7500 13494 13668 3462 12678 12371 12854 11920 0 0 
7600 13502 13675 3840 12745 12308 12834 11861 0 0 
7700 13522 13698 4325 12893 12365 12891 11975 0 0 
7800 13471 13627 4849 12895 12445 12868 11973 0 0 
7900 13455 13628 5300 12831 12448 12923 11965 0 0 
8000 13483 13663 5614 12807 12464 12867 12004 0 0 
8100 13467 13647 6004 12771 12432 12889 11988 0 0 
8200 13494 13696 6611 12811 12356 12939 11909 0 0 
8300 13501 13582 7147 12897 12355 12890 11936 0 0 
8400 13384 13641 7657 12932 12505 12895 12031 0 0 
8500 13471 13668 8037 12795 12401 12929 11896 0 0 
8600 13402 13663 8336 12882 12375 12855 11967 0 0 
8700 13443 13670 8855 12915 12433 12948 12000 0 0 
8800 13490 13653 9238 12877 12441 12883 11943 0 0 
8900 13431 13737 9730 12872 12313 12913 11824 0 0 
9000 13406 13660 9801 12875 12388 12848 11887 0 0 
9100 13423 13631 10167 12930 12421 12986 11888 0 0 
9200 13328 13624 10419 12905 12336 12910 11914 0 0 
9300 13417 13661 10781 12962 12405 12959 11989 0 0 
9400 13471 13701 10987 13027 12457 13000 11992 0 0 
9500 13368 13667 10956 12886 12343 12820 11888 0 0 
9600 13423 13608 11132 12920 12323 12966 11823 0 0 
9700 13338 13658 11090 12871 12276 12913 11872 0 0 
9800 13370 13651 11085 12912 12353 12860 11878 0 0 
9900 13314 13595 10973 12939 12315 12828 11759 0 0 
10000 13464 13643 11178 12873 12328 12961 11847 0 0 
