# Avida tasks data
# Sun Apr 23 21:41:12 2023
# First column gives the current update, next columns give the number
# of organisms that have the particular task as a component of their merit
#  1: Update
#  2: Not
#  3: Nand
#  4: And
#  5: OrNot
#  6: Or
#  7: AndNot
#  8: Nor
#  9: Xor
# 10: Equals

0 0 0 0 0 0 0 0 0 0 
100 0 0 0 0 0 0 0 0 0 
200 0 0 0 0 0 0 0 0 0 
300 0 0 0 0 0 0 0 0 0 
400 0 0 0 0 0 0 0 0 0 
500 0 0 0 0 0 0 0 0 0 
600 1160 0 0 0 0 0 0 0 0 
700 2750 392 0 8 0 0 0 0 0 
800 4346 2469 0 31 0 0 0 0 0 
900 6448 5060 0 120 0 7 0 0 0 
1000 8051 6983 0 478 2 47 0 0 0 
1100 9165 8504 0 1716 2 136 2 0 0 
1200 9687 9321 2 2993 5 205 7 0 0 
1300 10031 9707 3 4134 6 246 3 0 0 
1400 10187 10051 0 5188 21 244 2 0 0 
1500 10497 10461 2 6162 28 236 3 0 0 
1600 10749 10757 4 7059 38 263 2 0 0 
1700 11095 11049 12 7859 31 293 1 0 0 
1800 11174 11337 26 8405 31 325 0 0 0 
1900 11361 11608 34 9094 30 354 2 0 0 
2000 11498 11809 70 9542 28 378 1 0 0 
2100 11650 12078 98 10002 25 372 3 0 0 
2200 11816 12271 108 10678 59 314 6 0 0 
2300 12039 12515 96 11065 51 251 2 0 0 
2400 12097 12650 108 11312 29 226 2 0 0 
2500 12359 12819 106 11733 38 218 1 0 0 
2600 12237 12885 94 11971 32 162 0 0 0 
2700 12229 12914 102 12100 45 111 0 0 0 
2800 12370 12942 174 12307 46 81 0 0 0 
2900 12332 12834 369 12235 43 35 0 0 0 
3000 12338 12852 655 12315 40 20 2 0 0 
3100 12309 12931 1060 12381 23 29 0 0 0 
3200 12431 12944 1468 12488 38 33 0 0 0 
3300 12374 12946 2080 12514 35 24 0 0 0 
3400 12455 12924 2609 12424 56 40 0 0 0 
3500 12431 13005 3199 12409 29 56 20 0 0 
3600 12362 12913 3808 12275 32 34 58 0 0 
3700 12528 13015 4310 12250 21 29 148 0 0 
3800 12543 13014 4805 12160 36 59 296 0 0 
3900 12479 13000 5289 11929 31 89 470 0 0 
4000 12598 12999 5936 11808 29 133 657 0 0 
4100 12485 12981 6458 11591 31 175 824 0 0 
4200 12539 12989 6949 11351 28 303 1042 0 0 
4300 12506 12961 7289 11104 26 550 1232 0 0 
4400 12519 12946 7772 10860 24 745 1379 0 0 
4500 12504 12926 8122 10739 18 1037 1524 0 0 
4600 12682 13011 8431 10665 17 1266 1712 0 2 
4700 12542 12946 8788 10462 20 1575 1777 0 0 
4800 12573 12930 9103 10586 17 1783 1714 0 0 
4900 12595 13007 9409 10678 17 2075 1615 0 0 
5000 12620 13058 9814 10667 15 2486 1671 0 0 
5100 12618 13059 9902 10587 16 2906 1666 0 2 
5200 12751 13060 9930 10800 14 3336 1695 0 0 
5300 12703 13044 10088 10829 24 3801 1594 0 0 
5400 12729 13072 10286 10863 13 4259 1518 0 0 
5500 12679 13205 10353 10993 13 4685 1447 0 0 
5600 12685 13123 10511 11012 19 5045 1311 0 0 
5700 12669 13161 10677 11072 8 5511 1240 0 0 
5800 12800 13231 10680 11284 10 5830 1178 0 0 
5900 12804 13229 10814 11482 19 6279 1073 0 0 
6000 12713 13163 10751 11415 20 6549 1013 0 0 
6100 12691 13211 10812 11405 22 6915 989 0 0 
6200 12761 13190 10856 11558 27 7465 906 0 0 
6300 12818 13264 10921 11702 43 7722 832 0 0 
6400 12872 13348 11067 11805 19 8172 767 0 0 
6500 12760 13305 11140 11787 34 8560 720 0 0 
6600 12838 13290 11182 11971 32 8884 642 0 0 
6700 12868 13356 11243 11956 33 9157 627 0 0 
6800 12881 13368 11245 12010 19 9467 593 0 0 
6900 12887 13330 11345 12053 14 9791 493 0 0 
7000 12881 13405 11288 12213 14 10143 452 0 0 
7100 12934 13406 11477 12189 26 10661 439 0 0 
7200 12968 13364 11285 12233 19 10758 400 0 0 
7300 12980 13450 11565 12390 36 11120 357 0 0 
7400 12929 13417 11479 12434 68 11369 279 0 0 
7500 12987 13477 11562 12454 82 11498 229 0 0 
7600 13011 13515 11708 12628 91 11670 160 5 0 
7700 13115 13502 11707 12630 157 11680 138 6 0 
7800 13021 13520 11704 12564 186 11813 86 11 0 
7900 12992 13539 11726 12607 277 11761 84 11 0 
8000 13003 13468 11663 12577 361 11692 79 16 0 
8100 13005 13535 11879 12598 436 11988 46 34 0 
8200 12987 13539 11809 12713 483 11794 41 57 0 
8300 12958 13492 11842 12655 677 11843 37 80 0 
8400 13078 13587 11848 12733 830 11776 32 83 0 
8500 13035 13558 11824 12811 1075 11749 29 110 0 
8600 13026 13538 11613 12812 1364 11626 47 214 0 
8700 12943 13569 11524 12791 1652 11484 59 268 0 
8800 12954 13600 11382 12825 2104 11445 33 407 0 
8900 12963 13536 11451 12896 2607 11378 44 475 0 
9000 12873 13560 11234 12800 3070 11110 47 631 0 
9100 12899 13532 11174 12841 3352 11086 30 733 0 
9200 12976 13503 10913 12782 3780 11021 45 827 0 
9300 12941 13490 10755 12847 4100 10966 52 1033 0 
9400 12934 13487 10614 12879 4478 10810 56 1199 0 
9500 12942 13561 10383 12844 4774 10707 43 1468 0 
9600 12801 13597 10316 12893 5032 10571 44 1692 0 
9700 12844 13529 9754 12846 5401 10243 55 2156 1 
9800 12907 13524 9370 12921 5653 10179 53 2611 1 
9900 12932 13558 8965 12916 5873 10079 40 3088 0 
10000 12888 13581 8448 12950 5933 9926 48 3671 0 
