# Avida tasks data
# Sun Apr 23 17:16:08 2023
# First column gives the current update, next columns give the number
# of organisms that have the particular task as a component of their merit
#  1: Update
#  2: Not
#  3: Nand
#  4: And
#  5: OrNot
#  6: Or
#  7: AndNot
#  8: Nor
#  9: Xor
# 10: Equals

0 0 0 0 0 0 0 0 0 0 
100 0 0 0 0 0 0 0 0 0 
200 0 0 0 0 0 0 0 0 0 
300 0 0 0 0 0 0 0 0 0 
400 0 0 0 0 0 0 0 0 0 
500 0 0 0 0 0 0 0 0 0 
600 0 0 0 0 0 0 0 0 0 
700 0 73 0 0 0 0 0 0 0 
800 1 402 0 2 0 0 0 0 0 
900 144 1019 0 3 0 0 0 0 0 
1000 1294 1821 0 20 0 0 0 0 0 
1100 2432 2909 0 392 290 0 12 0 0 
1200 3218 3393 3 465 1601 58 364 0 0 
1300 3940 3942 0 685 2424 125 567 0 0 
1400 4897 4727 1 1113 3062 284 727 0 0 
1500 5406 5240 11 1471 3516 1245 818 0 0 
1600 5508 5341 41 2051 3857 2385 713 3 0 
1700 5699 5612 26 2891 4315 3316 680 0 0 
1800 6199 6039 47 3297 4779 4231 1201 0 0 
1900 6712 6622 38 3164 5393 4922 2118 0 0 
2000 7115 7005 48 3316 5725 5487 2873 0 0 
2100 7715 7505 53 3324 6195 6189 3789 0 0 
2200 8351 8193 43 3449 6791 7073 4729 0 0 
2300 9097 8885 56 3856 7511 7795 5572 0 0 
2400 9627 9421 55 4063 8083 8497 6246 0 0 
2500 10109 9890 51 4392 8534 9128 6921 0 1 
2600 10540 10232 51 4854 8783 9529 7354 0 0 
2700 10999 10691 50 5206 9311 10090 7968 1 0 
2800 11199 10887 48 5332 9594 10330 8397 0 0 
2900 11584 11170 43 5833 9835 10788 8927 0 0 
3000 11760 11255 55 6135 9989 10935 9199 0 0 
3100 11937 11474 50 6525 10162 11147 9598 0 0 
3200 12152 11602 37 6835 10318 11338 9886 0 0 
3300 12259 11777 29 7266 10524 11586 10162 5 0 
3400 12406 11884 47 7630 10590 11718 10454 0 0 
3500 12421 11932 33 7958 10647 11788 10564 0 1 
3600 12551 12097 31 8507 10797 11911 10780 2 2 
3700 12645 12178 31 8873 10944 12073 10958 0 0 
3800 12796 12229 31 9176 11121 12237 11080 0 0 
3900 12973 12422 25 9603 11255 12383 11328 0 0 
4000 13061 12501 27 9970 11314 12417 11384 0 0 
4100 13208 12638 28 10390 11364 12629 11566 0 0 
4200 13344 12740 28 10869 11506 12730 11634 0 0 
4300 13339 12723 52 11107 11509 12690 11655 1 678 
4400 13268 12704 62 11280 11555 12657 11716 0 2317 
4500 13257 12706 70 11458 11517 12724 11686 0 3599 
4600 13328 12787 86 11699 11640 12694 11821 0 4875 
4700 13373 12795 111 11941 11658 12705 11858 0 5930 
4800 13423 12859 116 12200 11740 12793 11876 0 7154 
4900 13418 12882 132 12363 11728 12831 11946 0 8088 
5000 13475 13000 136 12546 11807 12920 12119 1 8923 
5100 13520 12939 146 12598 11834 12873 12074 0 9435 
5200 13517 13033 170 12763 11911 12899 12208 1 10040 
5300 13538 13016 165 12766 11908 12887 12223 1 10411 
5400 13501 13015 155 12798 11869 12884 12105 2 10595 
5500 13592 13041 158 12836 11890 12951 12126 0 10766 
5600 13561 13005 198 12739 11789 12903 12119 2 10835 
5700 13579 13089 149 12918 11935 12923 12241 1 11096 
5800 13592 13049 167 12822 11969 12962 12189 1 11133 
5900 13523 13016 136 12816 11838 12859 12100 2 11091 
6000 13597 13006 163 12873 11908 12985 12205 0 11242 
6100 13602 13076 163 12832 11882 12928 12161 0 11058 
6200 13539 13045 174 12875 11935 12974 12159 1 11245 
6300 13570 13030 155 12883 11892 12971 12133 0 11157 
6400 13599 12947 158 12815 11814 12877 12092 1 11056 
6500 13546 13057 154 12935 11964 12955 12224 4 11127 
6600 13547 13042 158 12857 11826 12978 12161 5 11106 
6700 13582 13096 144 13012 12061 13043 12328 0 11403 
6800 13610 13124 173 12960 12046 13033 12298 0 11274 
6900 13558 13093 157 12878 11915 13027 12192 3 11134 
7000 13590 13104 155 12948 12029 13046 12306 1 11294 
7100 13498 13059 177 12885 11914 12987 12233 0 11193 
7200 13629 13154 178 12960 12056 13082 12308 2 11259 
7300 13578 13050 158 12932 11951 13023 12227 7 11203 
7400 13599 13071 197 12954 11919 13003 12214 0 11180 
7500 13589 13010 169 12874 11932 12982 12181 0 11091 
7600 13615 13043 174 12925 11929 12989 12150 2 11140 
7700 13668 13154 190 12990 11995 13076 12268 0 11241 
7800 13599 13116 187 12933 12027 13065 12243 0 11199 
7900 13564 13087 186 12923 11916 12930 12183 5 11204 
8000 13584 12976 163 12826 11862 12957 12092 2 11152 
8100 13640 13126 129 12937 11950 13075 12209 2 11212 
8200 13591 13060 157 12850 11956 13014 12132 0 11104 
8300 13573 13069 189 12909 11894 13002 12173 2 11194 
8400 13552 13074 141 12871 11943 13009 12200 3 11247 
8500 13605 13117 147 12964 12018 13147 12224 8 11257 
8600 13543 13063 184 12811 11923 12988 12144 3 11112 
8700 13578 13039 154 12863 11824 13012 12112 3 11050 
8800 13575 13093 183 12860 11804 13053 12168 4 11111 
8900 13616 13082 131 12847 11882 13041 12121 0 11123 
9000 13598 13023 159 12894 11917 13014 12204 1 11145 
9100 13572 13166 164 13014 12014 13119 12318 1 11266 
9200 13577 13094 184 12924 11933 12987 12204 0 11129 
9300 13612 13114 170 12962 11959 13042 12245 0 11215 
9400 13648 13047 165 12917 11968 13023 12172 0 11175 
9500 13643 13112 135 12899 11912 13052 12222 5 11205 
9600 13626 13108 143 12922 11984 13045 12223 1 11189 
9700 13637 13079 158 12890 11901 13065 12148 1 11111 
9800 13557 13042 151 12895 11993 12974 12178 1 11215 
9900 13626 13164 166 12966 11964 13048 12199 0 11192 
10000 13614 13150 180 12968 11988 13052 12292 0 11265 
