# Avida tasks data
# Sun Apr 23 17:44:57 2023
# First column gives the current update, next columns give the number
# of organisms that have the particular task as a component of their merit
#  1: Update
#  2: Not
#  3: Nand
#  4: And
#  5: OrNot
#  6: Or
#  7: AndNot
#  8: Nor
#  9: Xor
# 10: Equals

0 0 0 0 0 0 0 0 0 0 
100 0 0 0 0 0 0 0 0 0 
200 0 0 0 0 0 0 0 0 0 
300 0 0 0 0 0 0 0 0 0 
400 0 0 0 0 0 0 0 0 0 
500 0 0 0 0 0 0 0 0 0 
600 0 0 0 0 0 0 0 0 0 
700 4 0 0 0 0 0 0 0 0 
800 435 0 0 0 0 0 0 0 0 
900 1640 8 0 3 0 0 0 0 0 
1000 3256 161 0 179 0 10 11 0 0 
1100 5235 2109 1001 3012 5 11 115 0 0 
1200 6531 4141 3375 4726 3 38 32 0 0 
1300 7534 5625 5122 5935 1 46 67 0 0 
1400 8726 7205 6880 7150 2 59 345 0 0 
1500 9787 8415 8219 7840 2 111 874 0 0 
1600 10672 9323 9201 8211 2 184 1553 0 0 
1700 11300 10191 10068 8219 7 307 2367 0 0 
1800 11859 10956 10890 8379 5 555 3614 0 0 
1900 12223 11320 11344 9096 9 597 5462 0 0 
2000 12485 11428 11438 10063 12 513 6997 0 0 
2100 12656 11627 11612 10737 11 327 8165 0 0 
2200 12821 11896 11829 11329 9 180 8920 0 0 
2300 13041 11972 11870 11856 18 166 9738 0 0 
2400 13172 12112 11994 12351 25 144 10377 0 0 
2500 13295 12341 12224 12631 16 118 11035 0 0 
2600 13484 12410 12249 12958 15 118 11598 0 0 
2700 13474 12314 12199 13008 16 189 11931 0 0 
2800 13490 12205 12156 13160 19 190 12247 0 0 
2900 13467 12349 12281 13069 15 181 12396 0 0 
3000 13486 12344 12201 13136 19 228 12433 0 0 
3100 13409 12274 12209 13094 15 252 12459 0 0 
3200 13479 12374 12339 13110 19 339 12509 0 0 
3300 13499 12349 12207 13135 18 474 12471 0 0 
3400 13537 12318 12196 13157 25 640 12594 0 0 
3500 13496 12252 12205 13082 22 805 12488 0 0 
3600 13476 12356 12243 13157 26 1115 12476 0 0 
3700 13498 12230 12134 13138 17 1261 12462 0 0 
3800 13522 12274 12172 13137 22 1664 12491 0 0 
3900 13553 12290 12134 13203 16 1808 12542 0 0 
4000 13515 12243 12146 13286 22 2143 12547 0 0 
4100 13492 12315 12182 13195 12 2491 12512 0 0 
4200 13495 12251 12163 13159 21 3070 12471 0 0 
4300 13470 12370 12253 13144 10 3513 12438 0 0 
4400 13499 12405 12241 13300 14 3934 12534 0 0 
4500 13530 12340 12248 13210 15 4415 12507 0 0 
4600 13547 12437 12255 13232 30 4814 12547 0 0 
4700 13502 12341 12158 13255 16 5176 12540 0 0 
4800 13528 12286 12118 13274 32 5854 12568 0 0 
4900 13469 12268 12163 13293 24 6420 12488 0 0 
5000 13396 12318 12170 13172 21 6948 12416 0 0 
5100 13409 12317 12197 13132 20 7626 12423 0 0 
5200 13467 12325 12181 13168 26 8050 12487 0 0 
5300 13361 12280 12091 13162 22 8396 12398 0 0 
5400 13434 12324 12173 13239 19 8956 12493 0 0 
5500 13395 12247 12162 13180 19 9489 12430 0 0 
5600 13416 12426 12218 13167 25 9781 12459 0 0 
5700 13412 12349 12208 13209 33 9924 12372 0 0 
5800 13435 12402 12278 13201 40 10210 12461 0 0 
5900 13439 12357 12252 13142 34 10548 12455 0 0 
6000 13450 12375 12238 13236 28 10608 12444 0 0 
6100 13422 12371 12249 13168 32 10525 12394 0 0 
6200 13443 12417 12321 13259 21 10704 12529 0 0 
6300 13418 12330 12294 13238 31 10623 12478 0 0 
6400 13509 12395 12311 13228 36 10522 12483 0 0 
6500 13499 12331 12274 13207 35 10755 12506 0 0 
6600 13503 12463 12405 13261 24 10802 12528 0 0 
6700 13560 12395 12393 13269 29 10857 12590 0 0 
6800 13476 12362 12343 13227 35 10824 12575 0 0 
6900 13514 12498 12458 13261 27 10964 12624 0 0 
7000 13475 12369 12378 13241 45 10801 12579 0 0 
7100 13436 12408 12429 13208 25 10986 12577 0 0 
7200 13450 12454 12394 13229 17 10897 12505 0 0 
7300 13496 12383 12438 13282 36 10868 12622 0 0 
7400 13525 12475 12486 13296 56 10923 12622 0 0 
7500 13435 12426 12451 13198 30 10806 12508 0 0 
7600 13460 12479 12476 13184 19 10984 12516 0 0 
7700 13494 12411 12433 13326 26 10910 12614 0 0 
7800 13533 12415 12462 13272 43 10872 12612 0 0 
7900 13514 12410 12428 13281 166 10994 12575 0 0 
8000 13529 12479 12532 13256 369 11089 12569 0 0 
8100 13460 12483 12495 13244 608 11004 12563 2 0 
8200 13492 12398 12388 13239 1020 10958 12641 1 0 
8300 13645 12540 12521 13345 1477 11058 12722 0 0 
8400 13567 12485 12464 13288 1971 10912 12662 0 0 
8500 13511 12514 12434 13302 2459 10917 12594 0 2 
8600 13549 12465 12434 13293 2923 11035 12684 0 1 
8700 13521 12571 12491 13309 3501 11214 12678 0 0 
8800 13495 12560 12418 13334 4099 11068 12627 0 0 
8900 13549 12602 12414 13354 4805 11041 12684 0 0 
9000 13517 12605 12408 13372 5570 10978 12678 0 0 
9100 13566 12657 12390 13374 6491 11043 12618 0 0 
9200 13579 12650 12378 13419 7265 11004 12714 0 0 
9300 13629 12648 12413 13429 8069 11117 12775 0 0 
9400 13569 12603 12316 13404 8847 11032 12658 0 0 
9500 13548 12607 12333 13464 9537 11133 12716 9 0 
9600 13509 12655 12321 13421 10204 10993 12603 121 0 
9700 13530 12664 12384 13410 10608 9547 12734 1470 1 
9800 13550 12636 12310 13404 10988 7875 12669 3046 2 
9900 13600 12690 12251 13484 11343 6707 12712 4377 0 
10000 13626 12789 12383 13456 11629 5406 12795 5631 1 
