# Avida tasks data
# Sun Apr 23 22:55:28 2023
# First column gives the current update, next columns give the number
# of organisms that have the particular task as a component of their merit
#  1: Update
#  2: Not
#  3: Nand
#  4: And
#  5: OrNot
#  6: Or
#  7: AndNot
#  8: Nor
#  9: Xor
# 10: Equals

0 0 0 0 0 0 0 0 0 0 
100 0 0 0 0 0 0 0 0 0 
200 0 0 0 0 0 0 0 0 0 
300 0 0 0 0 0 0 0 0 0 
400 8 0 0 0 0 0 0 0 0 
500 1025 0 2 0 0 0 0 0 0 
600 2598 4 22 0 0 0 0 0 0 
700 4450 550 236 569 0 3 0 0 0 
800 4654 4704 3762 5141 0 31 0 0 0 
900 4538 7042 5758 7671 2 46 0 0 0 
1000 5709 7866 6601 8595 6 56 0 0 0 
1100 6754 8676 7460 9317 10 128 0 0 0 
1200 7788 9358 8298 10042 8 436 0 0 0 
1300 8624 9994 9013 10668 15 898 0 0 0 
1400 9406 10479 9515 11098 17 1500 4 0 0 
1500 10148 11001 9903 11489 21 2107 3 0 0 
1600 10946 11464 10397 11875 16 2867 4 0 0 
1700 11715 12023 10879 12274 25 3686 6 0 0 
1800 12248 12321 11094 12603 22 4386 6 0 0 
1900 12783 12561 11471 12835 37 5173 4 0 0 
2000 13175 12805 11645 13046 32 6017 9 0 0 
2100 13371 12900 11830 13184 40 6769 12 0 0 
2200 13392 13061 11977 13215 32 7507 4 0 0 
2300 13498 13036 12035 13153 36 8177 16 0 0 
2400 13506 13107 12051 13218 41 8822 15 0 0 
2500 13507 13050 12100 13295 35 9452 17 0 0 
2600 13485 13142 12091 13335 37 9997 27 0 0 
2700 13562 13061 12009 13315 44 10390 47 0 0 
2800 13566 13107 12120 13205 39 10735 77 0 0 
2900 13467 13109 12069 13258 32 11017 87 0 0 
3000 13561 13245 12143 13305 27 11357 133 0 0 
3100 13527 13182 12081 13270 46 11490 129 0 0 
3200 13519 13205 12133 13189 43 11562 155 0 0 
3300 13612 13161 12092 13180 44 11606 178 0 0 
3400 13570 13217 12130 13201 36 11797 248 0 0 
3500 13567 13247 12173 13190 41 11888 354 0 0 
3600 13605 13244 12235 13159 34 11928 445 0 0 
3700 13579 13254 12237 13160 43 11962 518 0 0 
3800 13589 13225 12214 13173 36 11970 842 0 2 
3900 13538 13165 12225 13085 24 12035 1235 0 3 
4000 13521 13210 12286 13123 35 12124 1808 0 3 
4100 13567 13321 12332 13144 17 12090 2329 0 0 
4200 13595 13265 12366 13154 18 12087 2925 0 0 
4300 13498 13280 12428 13113 19 12180 3561 0 0 
4400 13537 13325 12372 13127 16 12168 4105 0 0 
4500 13526 13369 12455 13125 9 12152 4610 0 0 
4600 13575 13360 12549 13075 6 12293 5210 0 0 
4700 13542 13408 12479 13196 14 12224 5762 0 0 
4800 13508 13442 12489 13127 5 12236 6417 0 0 
4900 13526 13324 12510 13127 12 12336 7094 0 0 
5000 13618 13393 12528 13124 5 12310 7737 0 0 
5100 13530 13361 12494 13187 8 12374 8276 0 0 
5200 13455 13371 12512 13124 11 12270 8781 0 0 
5300 13490 13405 12603 13161 6 12320 9086 0 0 
5400 13506 13363 12586 13124 4 12369 9550 0 0 
5500 13552 13376 12584 13151 2 12271 9866 0 0 
5600 13518 13406 12529 13187 2 12386 10274 0 0 
5700 13462 13393 12589 13199 0 12414 10591 0 25 
5800 13513 13415 12520 13207 5 12292 10876 0 75 
5900 13480 13381 12427 13171 8 12347 11059 0 150 
6000 13454 13443 12357 13224 23 12226 11263 0 175 
6100 13449 13383 12253 13261 33 12314 11493 0 324 
6200 13514 13418 12162 13291 46 12327 11583 0 412 
6300 13536 13393 11826 13291 59 12203 11692 0 619 
6400 13468 13396 11619 13227 67 12246 11718 0 921 
6500 13523 13447 11371 13298 59 12300 11867 2 1090 
6600 13524 13387 11138 13214 63 12329 11871 0 1315 
6700 13494 13439 10805 13306 98 12269 11967 2 1598 
6800 13508 13381 10372 13232 121 12136 11887 0 1922 
6900 13574 13292 9991 13149 123 12126 11902 0 2338 
7000 13541 13360 9427 13202 129 12095 12001 2 2819 
7100 13517 13356 8979 13246 177 11910 12017 2 3122 
7200 13443 13345 8589 13268 206 11906 12064 0 3411 
7300 13534 13403 8054 13325 230 11837 12113 3 3876 
7400 13512 13385 7570 13236 277 11803 12102 0 4301 
7500 13536 13387 7051 13264 298 11692 12190 4 4733 
7600 13521 13358 6620 13300 353 11707 12164 3 5146 
7700 13534 13365 5985 13267 329 11686 12176 11 5643 
7800 13564 13327 5651 13248 339 11535 12148 4 5937 
7900 13497 13290 5158 13210 280 11552 12152 2 6312 
8000 13506 13381 4604 13296 231 11555 12259 2 6889 
8100 13319 13336 4196 13243 177 11680 12222 3 7273 
8200 13077 13261 3819 13230 153 11593 12162 7 7779 
8300 13102 13276 4174 13259 117 11712 12300 3 8660 
8400 13098 13346 5115 13318 101 11627 12266 10 9142 
8500 13189 13298 5908 13318 106 11594 12178 7 9468 
8600 13193 13275 6559 13334 116 11576 12221 10 9828 
8700 13325 13229 7203 13276 135 11447 12171 4 10033 
8800 13306 13256 8002 13361 140 11450 12133 6 10258 
8900 13366 13243 8798 13394 166 11497 12160 7 10386 
9000 13347 13227 9645 13440 122 11492 12100 5 10363 
9100 13395 13170 10323 13426 84 11479 12051 8 10317 
9200 13389 13153 10631 13450 86 11541 12024 3 10373 
9300 13265 13210 11032 13413 80 11606 12088 4 10404 
9400 13352 13251 11425 13475 62 11725 12062 9 10498 
9500 13356 13305 11629 13437 36 11648 11994 10 10430 
9600 13365 13204 11590 13388 36 11627 11936 19 10380 
9700 13332 13219 11475 13438 32 11622 11996 24 10389 
9800 13125 13201 10567 13354 38 11544 11457 24 10385 
9900 12509 13127 9897 13266 36 11599 10696 16 10381 
10000 11844 13232 9676 13297 36 11610 10488 18 10378 
