# Avida tasks data
# Sun Apr 23 14:36:01 2023
# First column gives the current update, next columns give the number
# of organisms that have the particular task as a component of their merit
#  1: Update
#  2: Not
#  3: Nand
#  4: And
#  5: OrNot
#  6: Or
#  7: AndNot
#  8: Nor
#  9: Xor
# 10: Equals

0 0 0 0 0 0 0 0 0 0 
100 0 0 0 0 0 0 0 0 0 
200 0 0 0 0 0 0 0 0 0 
300 0 0 0 0 0 0 0 0 0 
400 0 0 0 0 0 0 0 0 0 
500 5 0 0 0 0 0 0 0 0 
600 13 0 0 0 0 0 0 0 0 
700 160 74 0 39 0 0 0 0 0 
800 330 284 0 1287 2 0 0 0 0 
900 691 748 0 3300 208 0 111 0 0 
1000 1166 1289 1 4517 804 1 593 0 0 
1100 1013 916 30 5851 2995 69 3071 0 0 
1200 929 498 49 7436 5081 145 4919 0 0 
1300 895 321 43 8832 6852 202 6447 0 0 
1400 1244 385 56 9631 8034 236 7637 0 0 
1500 1980 551 77 10430 9208 303 8774 0 0 
1600 2827 641 66 10937 9900 856 9391 0 0 
1700 3647 896 144 11357 10368 1556 9893 0 0 
1800 4179 1147 976 11639 10626 1608 10197 0 0 
1900 4616 1395 2556 11867 10995 1177 10535 0 0 
2000 5164 1513 4227 12059 11169 691 10736 0 0 
2100 5816 1516 5745 12082 11170 496 10767 0 0 
2200 6418 1355 7102 12188 11358 742 10981 0 0 
2300 6595 1288 8206 12258 11231 1338 11004 0 0 
2400 7132 1766 9041 12257 10949 2003 11056 0 0 
2500 7956 2885 9524 12362 10748 2965 11220 0 153 
2600 8450 4468 8288 12256 9143 4317 11228 1 1828 
2700 8453 4472 8289 12252 9143 4311 11228 1 1827 
2800 8539 4587 8160 12252 8971 4446 11208 3 2002 
2900 8906 4778 7948 12222 8719 4621 11197 1 2225 
3000 9099 5120 7583 12219 8270 5026 11189 4 2618 
3100 9380 5607 7199 12269 7777 5550 11262 0 3183 
3200 9908 6344 6610 12296 7035 6255 11368 5 4061 
