# Avida tasks data
# Sun Apr 23 18:57:26 2023
# First column gives the current update, next columns give the number
# of organisms that have the particular task as a component of their merit
#  1: Update
#  2: Not
#  3: Nand
#  4: And
#  5: OrNot
#  6: Or
#  7: AndNot
#  8: Nor
#  9: Xor
# 10: Equals

0 0 0 0 0 0 0 0 0 0 
100 0 0 0 0 0 0 0 0 0 
200 0 0 0 0 0 0 0 0 0 
300 0 0 0 0 0 0 0 0 0 
400 0 0 0 0 0 0 0 0 0 
500 0 0 0 0 0 0 0 0 0 
600 47 0 0 7 0 0 0 0 0 
700 393 156 0 193 0 0 0 0 0 
800 1498 698 0 1505 240 0 0 0 0 
900 2850 2728 0 3015 1503 0 2 0 0 
1000 4070 4445 182 4358 2820 0 2 0 0 
1100 5566 6137 492 5957 4268 1108 4 0 0 
1200 6976 7673 655 7503 5883 2677 7 0 0 
1300 8253 9065 707 8728 7325 4278 5 0 0 
1400 9717 10641 644 10336 8953 6383 6 0 0 
1500 10730 11731 547 11314 10184 8038 15 0 0 
1600 11268 12342 1818 11794 10938 9413 29 0 0 
1700 11438 12493 3679 11982 11246 10222 25 0 0 
1800 11478 12617 5541 12056 11365 10857 32 1 0 
1900 11590 12834 6764 12125 11469 11229 21 1 0 
2000 11829 13024 8000 12400 11826 11637 18 1 0 
2100 11856 13089 8992 12437 11966 11840 12 0 0 
2200 11815 13007 9857 12365 11931 11729 19 0 0 
2300 11896 12987 10443 12332 11954 11767 25 0 0 
2400 11936 13033 11082 12367 12045 11778 21 0 0 
2500 11918 12981 11746 12292 11955 11857 29 0 1 
2600 11911 13081 12090 12376 11981 11862 33 0 0 
2700 12001 13133 12160 12462 12146 11887 33 0 0 
2800 11849 13083 12168 12325 11993 11778 37 0 1 
2900 12017 13071 12188 12366 12023 11848 27 0 0 
3000 12085 13100 12199 12386 12108 11887 20 0 0 
3100 12071 13020 12171 12346 11950 11855 22 0 0 
3200 12169 13088 12178 12505 12105 11842 28 0 0 
3300 12065 13079 12223 12392 12068 11884 39 0 0 
3400 11906 13081 12208 12294 11922 11857 63 0 0 
3500 12095 13078 12239 12450 12082 11868 129 0 0 
3600 12183 13065 12184 12426 12082 11817 259 0 0 
3700 12080 13106 12291 12365 11976 11872 369 0 0 
3800 12077 13073 12225 12399 12041 11879 525 0 0 
3900 12099 13118 12227 12411 12010 11901 680 0 0 
4000 12124 13063 12231 12526 12159 11932 932 0 0 
4100 12223 13132 12293 12478 12075 11970 1160 0 0 
4200 12240 13099 12263 12566 12236 11939 1456 0 0 
4300 12237 13058 12308 12509 12160 11951 1750 0 0 
4400 12283 13080 12292 12430 12120 11952 1999 0 0 
4500 12297 13173 12308 12450 12106 11837 2381 0 0 
4600 12381 13071 12320 12587 12245 11931 2679 0 0 
4700 12231 13153 12408 12439 12128 12012 3023 0 0 
4800 12245 13129 12397 12505 12159 11974 3422 0 0 
4900 12154 13144 12384 12475 12092 11853 3707 0 0 
5000 12152 13117 12309 12413 12043 11891 4007 0 0 
5100 12199 13117 12320 12369 11964 11843 4346 0 0 
5200 12190 13061 12259 12480 12115 11824 4687 0 0 
5300 12240 13144 12369 12496 12128 11885 5120 0 0 
5400 12163 13085 12276 12410 12001 11742 5576 1 0 
5500 12068 13099 12383 12459 12102 11812 6212 1 0 
5600 12099 13065 12363 12339 12043 11845 6543 0 0 
5700 12072 13091 12363 12356 12005 11752 7230 0 0 
5800 12073 13044 12240 12346 11992 11687 7752 0 0 
5900 12066 12941 12230 12268 11893 11682 8000 0 0 
6000 12004 13020 12336 12359 12020 11647 8501 0 0 
6100 12022 13103 12388 12413 12071 11812 9091 0 0 
6200 12026 13016 12301 12348 12033 11704 9444 0 0 
6300 11944 13042 12361 12356 12040 11703 9714 0 0 
6400 11942 13036 12395 12437 12030 11791 10171 0 0 
6500 11967 13007 12248 12345 11950 11665 10178 0 0 
6600 11820 12939 12218 12267 11868 11607 10358 0 0 
6700 11887 13040 12341 12294 11954 11770 10735 0 0 
6800 11847 12962 12252 12246 11870 11598 10711 0 0 
6900 11815 13064 12407 12279 11938 11744 11059 0 0 
7000 11915 13034 12409 12358 12023 11757 11070 0 0 
7100 11859 13103 12480 12296 11954 11765 11304 0 0 
7200 11964 13087 12415 12459 12071 11863 11376 2 0 
7300 11936 13074 12326 12367 12079 11758 11292 0 0 
7400 11925 13108 12430 12410 12050 11736 11430 0 0 
7500 11949 13107 12378 12386 12083 11772 11516 0 0 
7600 11935 13095 12395 12404 12039 11819 11502 0 0 
7700 11828 13047 12364 12317 11988 11872 11420 0 0 
7800 11940 13038 12324 12433 12075 11751 11521 1 6 
7900 11711 13042 11937 12389 12033 11818 11703 0 361 
8000 9687 12974 9789 12280 11881 11695 11730 2 2033 
8100 9891 13023 7912 12324 11911 11742 11803 2 3591 
8200 10257 13094 6433 12389 11878 11789 11935 0 4785 
8300 10408 12959 5139 12412 11861 11759 11974 0 5838 
8400 10692 13037 3882 12506 11986 11753 11979 4 6833 
8500 11170 13058 3011 12407 11890 11767 11921 7 7442 
8600 11732 13014 2272 12378 11800 11630 11990 2 8148 
8700 12129 13031 1575 12554 11899 11782 12028 3 8645 
8800 12256 13113 1177 12537 11916 11796 12087 1 9180 
8900 12456 13141 807 12472 11952 11796 12055 8 9339 
9000 12537 13086 484 12440 11864 11757 12102 4 9700 
9100 12618 13033 282 12528 11953 11751 12110 5 9783 
9200 12665 12974 140 12482 11832 11647 12171 6 9879 
9300 12768 13060 140 12543 11977 11889 12159 3 9978 
9400 12711 13105 142 12462 11883 11817 12052 6 9866 
9500 12693 13098 124 12582 11963 11781 12188 5 10107 
9600 12744 13101 124 12510 11956 11771 12116 1 10022 
9700 12752 13084 140 12549 12030 11803 12154 3 10104 
9800 12830 13113 136 12609 12050 11747 12184 6 10036 
9900 12709 13071 136 12486 11835 11761 12110 5 9901 
10000 12699 13106 135 12524 11960 11819 12043 4 9913 
