# Avida tasks data
# Sun Apr 23 20:07:36 2023
# First column gives the current update, next columns give the number
# of organisms that have the particular task as a component of their merit
#  1: Update
#  2: Not
#  3: Nand
#  4: And
#  5: OrNot
#  6: Or
#  7: AndNot
#  8: Nor
#  9: Xor
# 10: Equals

0 0 0 0 0 0 0 0 0 0 
100 0 0 0 0 0 0 0 0 0 
200 0 0 0 0 0 0 0 0 0 
300 0 0 0 0 0 0 0 0 0 
400 0 0 0 0 0 0 0 0 0 
500 9 4 0 0 0 0 0 0 0 
600 40 899 0 786 0 0 0 0 0 
700 876 2584 3 2487 0 0 0 0 0 
800 1984 3623 16 3507 0 0 0 0 0 
900 3257 4925 20 4695 0 0 0 0 0 
1000 5102 6448 16 6233 0 0 0 0 0 
1100 6992 8132 39 7858 0 0 0 0 0 
1200 8858 9730 104 9330 13 0 0 0 0 
1300 10658 11104 180 10610 53 0 0 0 0 
1400 12250 12157 241 11774 203 6 0 0 0 
1500 13170 12606 285 12365 396 10 0 0 0 
1600 13407 12352 319 12437 673 51 0 0 0 
1700 13564 12330 411 12426 1131 177 2 0 0 
1800 13477 10184 2754 12509 2709 369 7 0 0 
1900 13386 8376 4684 12655 4644 523 3 0 0 
2000 13311 9424 5724 12860 5934 2303 7 0 0 
2100 13355 9841 6880 13045 7129 3725 2 0 0 
2200 13227 10125 7776 13096 8081 4896 2 0 0 
2300 13203 10339 8595 13088 8838 5929 2 0 0 
2400 13127 10672 9334 13171 9571 7042 4 0 0 
2500 13215 10822 10154 13265 10493 8120 3 0 0 
2600 13115 10807 10702 13247 11063 8896 8 0 0 
2700 13199 10976 11187 13342 11562 9545 9 0 0 
2800 13180 11134 11444 13399 11753 9972 9 0 0 
2900 13145 11249 11684 13369 12049 10286 6 0 0 
3000 13099 11241 11832 13370 12213 10427 12 0 0 
3100 13075 11257 11915 13364 12292 10598 14 0 0 
3200 13163 11413 12071 13400 12501 10846 14 0 0 
3300 13150 11384 12208 13418 12547 10887 9 0 0 
3400 13115 11393 12252 13441 12567 10936 10 0 0 
3500 13198 11426 12182 13485 12654 10931 8 0 0 
3600 13066 11387 12118 13346 12618 10887 4 0 0 
3700 13149 11386 12214 13456 12599 10898 3 0 0 
3800 13151 11383 12117 13433 12673 10915 9 0 0 
3900 13175 11533 12187 13442 12662 10986 13 0 0 
4000 13199 11545 12174 13479 12642 10978 15 0 0 
4100 13204 11576 12295 13476 12688 11144 18 0 0 
4200 13165 11498 12217 13528 12650 10986 18 0 0 
4300 13180 11553 12173 13426 12629 11050 17 0 0 
4400 13187 11493 12158 13454 12636 11007 17 0 0 
4500 13195 11427 12182 13484 12686 10908 24 0 0 
4600 13220 11606 12274 13537 12686 11112 17 0 0 
4700 13257 11539 12206 13537 12723 11032 14 0 0 
4800 13230 11502 12184 13506 12713 11002 33 0 0 
4900 13156 11511 12233 13491 12723 11024 22 0 0 
5000 13265 11680 12333 13557 12780 11217 28 0 0 
5100 13211 11513 12287 13492 12789 11060 24 0 0 
5200 13275 11686 12292 13602 12781 11177 29 0 0 
5300 13283 11587 12247 13579 12826 11066 30 0 0 
5400 13287 11591 12285 13556 12875 11133 21 0 0 
5500 13318 11633 12253 13536 12838 11160 32 0 0 
5600 13293 11592 12251 13549 12763 11146 21 0 0 
5700 13299 11592 12172 13519 12673 11098 28 2 0 
5800 13244 11587 12234 13539 12763 11098 12 0 0 
5900 13291 11698 12330 13599 12787 11243 10 0 0 
6000 13257 11604 12260 13524 12816 11151 38 0 0 
6100 13343 11668 12332 13616 12845 11191 16 0 0 
6200 13325 11723 12288 13651 12841 11243 19 0 0 
6300 13346 11722 12344 13534 12899 11301 12 0 0 
6400 13303 11634 12289 13521 12911 11207 24 0 0 
6500 13280 11749 12364 13567 12927 11303 26 0 0 
6600 13260 11807 12314 13592 12840 11318 21 0 0 
6700 13298 11735 12347 13641 12854 11290 20 0 0 
6800 13255 11497 12296 13562 12822 11025 28 0 0 
6900 13316 11797 12368 13666 12909 11328 18 0 0 
7000 13321 11706 12365 13605 12922 11251 29 0 0 
7100 13290 11752 12326 13557 12899 11284 14 0 0 
7200 13285 11622 12294 13580 12908 11170 18 0 0 
7300 13295 11670 12322 13563 12915 11255 32 0 0 
7400 13352 11882 12491 13672 12918 11447 23 0 0 
7500 13353 11779 12383 13620 12882 11346 13 0 0 
7600 13318 11858 12448 13616 12928 11485 34 0 0 
7700 13391 11851 12498 13705 12996 11396 31 0 0 
7800 13324 11758 12443 13642 12936 11316 24 0 0 
7900 13353 11756 12490 13679 12996 11350 33 0 0 
8000 13407 11842 12453 13647 13006 11393 31 0 0 
8100 13350 11771 12376 13606 12957 11367 35 0 0 
8200 13256 11774 12501 13612 12940 11412 25 0 0 
8300 13336 11724 12403 13670 12942 11249 23 0 0 
8400 13322 11818 12390 13618 12973 11379 32 0 0 
8500 13330 11797 12462 13629 13001 11388 33 0 0 
8600 13420 11910 12448 13681 13010 11438 37 0 0 
8700 13389 11915 12416 13650 13068 11426 29 0 0 
8800 13322 11776 12393 13644 13010 11361 60 0 0 
8900 13357 11918 12439 13644 12968 11459 41 0 0 
9000 13316 11862 12425 13672 12997 11410 51 0 0 
9100 13307 11868 12440 13593 13016 11443 53 0 0 
9200 13362 11899 12571 13644 13109 11479 46 0 0 
9300 13394 11938 12574 13668 13131 11524 44 0 0 
9400 13376 11923 12542 13611 13092 11466 44 0 0 
9500 13333 11855 12515 13636 13025 11442 49 0 0 
9600 13414 11988 12560 13691 13166 11542 60 0 0 
9700 13371 12081 12574 13701 13119 11672 51 0 0 
9800 13369 12047 12501 13655 13088 11538 55 0 0 
9900 13387 12061 12589 13649 13124 11622 43 0 0 
10000 13379 12010 12564 13671 13114 11552 48 0 0 
