# Avida tasks data
# Sun Apr 23 17:14:09 2023
# First column gives the current update, next columns give the number
# of organisms that have the particular task as a component of their merit
#  1: Update
#  2: Not
#  3: Nand
#  4: And
#  5: OrNot
#  6: Or
#  7: AndNot
#  8: Nor
#  9: Xor
# 10: Equals

0 0 0 0 0 0 0 0 0 0 
100 0 0 0 0 0 0 0 0 0 
200 0 0 0 0 0 0 0 0 0 
300 0 0 0 0 0 0 0 0 0 
400 0 0 0 0 0 0 0 0 0 
500 0 0 0 0 0 0 0 0 0 
600 2 0 0 0 0 0 0 0 0 
700 0 32 0 2 0 0 0 0 0 
800 2 247 0 4 0 0 0 0 0 
900 197 540 0 24 0 0 0 0 0 
1000 796 1261 0 413 2 1 0 0 0 
1100 1796 1862 1 303 8 0 0 0 0 
1200 1784 1866 1 302 8 0 0 0 0 
1300 1787 1867 1 303 9 0 0 0 0 
1400 1787 1867 1 303 9 0 0 0 0 
1500 1787 1867 1 303 9 0 0 0 0 
1600 1786 1866 1 303 9 0 0 0 0 
1700 1786 1866 1 303 9 0 0 0 0 
1800 1788 1868 1 303 9 0 0 0 0 
1900 1787 1867 1 303 9 0 0 0 0 
2000 1786 1869 1 303 9 0 0 0 0 
2100 1785 1868 1 303 9 0 0 0 0 
2200 1787 1867 1 303 9 0 0 0 0 
2300 1787 1867 1 303 9 0 0 0 0 
2400 1788 1865 1 303 9 0 0 0 0 
2500 1788 1865 1 303 9 0 0 0 0 
2600 1789 1866 1 303 9 0 0 0 0 
2700 1784 1867 1 303 9 0 0 0 0 
2800 1786 1864 1 305 8 0 0 0 0 
2900 1746 1855 1 312 8 0 0 0 0 
3000 2037 2126 4 321 8 432 0 0 0 
3100 2017 2151 3 636 8 511 0 0 0 
