# Avida tasks data
# Sun Apr 23 20:26:03 2023
# First column gives the current update, next columns give the number
# of organisms that have the particular task as a component of their merit
#  1: Update
#  2: Not
#  3: Nand
#  4: And
#  5: OrNot
#  6: Or
#  7: AndNot
#  8: Nor
#  9: Xor
# 10: Equals

0 0 0 0 0 0 0 0 0 0 
100 0 0 0 0 0 0 0 0 0 
200 0 0 0 0 0 0 0 0 0 
300 0 0 0 0 0 0 0 0 0 
400 0 0 0 0 0 0 0 0 0 
500 0 0 0 0 0 0 0 0 0 
600 0 0 0 0 0 0 0 0 0 
700 9 3 0 0 0 0 0 0 0 
800 53 13 0 285 0 0 0 0 0 
900 329 1048 871 1254 0 13 0 0 0 
1000 1315 1781 1325 2062 4 40 0 0 0 
1100 2992 3274 1115 3554 52 33 0 0 0 
1200 4399 4691 1039 4952 115 18 0 0 0 
1300 5441 5676 978 5924 108 15 0 0 0 
1400 5441 5676 978 5924 108 15 0 0 0 
1500 5441 5676 978 5924 108 15 0 0 0 
1600 5441 5676 978 5924 108 15 0 0 0 
1700 5441 5676 978 5924 108 15 0 0 0 
1800 5441 5676 978 5924 108 15 0 0 0 
1900 5441 5676 978 5924 108 15 0 0 0 
2000 5441 5676 978 5924 108 15 0 0 0 
2100 5441 5676 978 5924 108 15 0 0 0 
2200 5441 5676 978 5924 108 15 0 0 0 
2300 5441 5676 978 5924 108 15 0 0 0 
2400 5441 5676 978 5924 108 15 0 0 0 
2500 5441 5676 978 5924 108 15 0 0 0 
2600 5441 5676 978 5924 108 15 0 0 0 
2700 5441 5676 978 5924 108 15 0 0 0 
2800 5441 5676 978 5924 108 15 0 0 0 
2900 5441 5676 978 5924 108 15 0 0 0 
3000 5441 5676 978 5924 108 15 0 0 0 
3100 5441 5676 978 5924 108 15 0 0 0 
3200 5441 5676 978 5924 108 15 0 0 0 
3300 5441 5676 978 5924 108 15 0 0 0 
3400 5441 5676 978 5924 108 15 0 0 0 
3500 5441 5676 978 5924 108 15 0 0 0 
3600 5441 5676 978 5924 108 15 0 0 0 
3700 5441 5676 978 5924 108 15 0 0 0 
3800 5441 5676 978 5924 108 15 0 0 0 
3900 5441 5676 978 5924 108 15 0 0 0 
4000 5441 5676 978 5924 108 15 0 0 0 
4100 5441 5676 978 5924 108 15 0 0 0 
4200 5441 5676 978 5924 108 15 0 0 0 
4300 5441 5676 978 5924 108 15 0 0 0 
4400 5441 5676 978 5924 108 15 0 0 0 
4500 5441 5676 978 5924 108 15 0 0 0 
4600 5441 5676 978 5924 108 15 0 0 0 
4700 5441 5676 978 5924 108 15 0 0 0 
4800 5441 5676 978 5924 108 15 0 0 0 
4900 5441 5676 978 5924 108 15 0 0 0 
5000 5441 5676 978 5924 108 15 0 0 0 
5100 5441 5676 978 5922 108 15 0 0 0 
5200 5441 5676 978 5922 108 15 0 0 0 
5300 5441 5676 978 5922 108 15 0 0 0 
5400 5441 5676 978 5922 108 15 0 0 0 
5500 5441 5676 978 5922 108 15 0 0 0 
5600 5441 5676 978 5922 108 15 0 0 0 
5700 5440 5675 978 5921 108 15 0 0 0 
5800 5441 5676 978 5922 108 15 0 0 0 
5900 5440 5675 978 5921 108 15 0 0 0 
6000 5441 5676 978 5922 108 15 0 0 0 
6100 5700 5952 965 6178 114 14 0 0 0 
6200 6454 6787 967 7024 47 16 0 0 0 
6300 6611 6909 966 7182 50 15 0 0 0 
6400 6611 6904 966 7182 50 15 0 0 0 
6500 6611 6905 966 7180 50 15 0 0 0 
6600 6651 6898 965 7216 47 15 0 0 0 
6700 6651 6895 965 7215 47 15 0 0 0 
6800 6680 6926 965 7245 48 15 0 0 0 
6900 6680 6926 965 7245 48 15 0 0 0 
7000 6680 6926 965 7245 48 15 0 0 0 
7100 6680 6926 965 7245 48 15 0 0 0 
7200 6680 6926 965 7244 48 15 0 0 0 
7300 6680 6926 965 7245 48 15 0 0 0 
7400 6680 6926 965 7244 48 15 0 0 0 
7500 6680 6926 965 7244 48 15 0 0 0 
7600 6680 6926 965 7245 48 15 0 0 0 
7700 6680 6926 965 7244 48 15 0 0 0 
7800 6680 6926 965 7244 48 15 0 0 0 
7900 6680 6926 965 7244 48 15 0 0 0 
8000 6680 6926 965 7245 48 15 0 0 0 
8100 6680 6926 965 7245 48 15 0 0 0 
8200 6680 6926 965 7244 48 15 0 0 0 
8300 6680 6926 965 7244 48 15 0 0 0 
8400 6680 6926 965 7244 48 15 0 0 0 
8500 6680 6926 965 7244 48 15 0 0 0 
8600 6680 6926 965 7245 48 15 0 0 0 
8700 6680 6926 965 7245 48 15 0 0 0 
8800 6680 6926 965 7245 48 15 0 0 0 
8900 6680 6926 965 7245 48 15 0 0 0 
9000 6680 6926 965 7244 48 15 0 0 0 
9100 6680 6926 965 7245 48 15 0 0 0 
9200 6680 6926 965 7244 48 15 0 0 0 
9300 6680 6926 965 7245 48 15 0 0 0 
9400 6680 6926 965 7245 48 15 0 0 0 
9500 6680 6926 965 7244 48 15 0 0 0 
9600 6680 6926 965 7244 48 15 0 0 0 
9700 6680 6926 965 7244 48 15 0 0 0 
9800 6680 6926 965 7244 48 15 0 0 0 
9900 6680 6926 965 7244 48 15 0 0 0 
10000 6680 6926 965 7244 48 15 0 0 0 
