# Avida tasks data
# Sun Apr 23 12:03:45 2023
# First column gives the current update, next columns give the number
# of organisms that have the particular task as a component of their merit
#  1: Update
#  2: Not
#  3: Nand
#  4: And
#  5: OrNot
#  6: Or
#  7: AndNot
#  8: Nor
#  9: Xor
# 10: Equals

0 0 0 0 0 0 0 0 0 0 
100 0 0 0 0 0 0 0 0 0 
200 0 0 0 0 0 0 0 0 0 
300 0 0 0 0 0 0 0 0 0 
400 0 1 0 0 0 0 0 0 0 
500 0 0 0 0 0 0 0 0 0 
600 0 0 0 0 0 0 0 0 0 
700 0 0 0 0 0 0 0 0 0 
800 3 9 0 0 0 0 0 0 0 
900 50 41 0 0 0 0 0 0 0 
1000 116 248 0 125 0 0 0 0 0 
1100 321 874 0 1242 232 0 0 0 0 
1200 477 991 0 2953 1743 0 0 0 0 
1300 1100 1070 0 4115 2931 0 0 0 0 
1400 2206 1091 0 5074 4200 0 0 0 0 
1500 3156 1150 0 5860 5211 1 0 0 0 
1600 4254 1467 0 6655 6159 1 0 0 0 
1700 5240 1995 0 7410 6970 0 0 0 0 
1800 5850 2152 0 8077 7612 2 832 0 0 
1900 6173 1728 0 8280 7827 0 2541 0 0 
2000 6655 1309 0 8440 8011 5 4155 0 0 
2100 7419 1063 0 8726 8276 5 5423 0 0 
2200 8274 774 0 9261 8736 6 6826 0 0 
2300 9369 565 0 9651 9152 15 7893 0 0 
2400 10163 482 0 10234 9781 18 8792 0 0 
2500 10877 554 0 10856 10433 21 9665 0 0 
2600 11458 754 0 11348 10921 21 10273 0 0 
2700 11943 966 0 11787 11387 21 10742 0 0 
2800 12346 1208 0 12202 11823 15 11065 0 0 
2900 12569 1675 0 12399 12019 23 11379 0 0 
3000 12928 2308 0 12638 12232 16 11577 0 0 
3100 13078 2726 0 12810 12373 185 11663 0 0 
3200 13127 2854 9 12907 12448 891 11789 0 0 
3300 13045 2796 98 12898 12489 1929 11825 0 0 
3400 13029 2869 168 12925 12446 3011 11748 0 0 
3500 13031 3253 129 12885 12460 4221 11871 0 0 
3600 12998 4048 153 12965 12393 5357 11719 0 0 
3700 13035 5025 112 12920 12409 6395 11690 0 0 
3800 12996 6010 113 12884 12412 7304 11655 0 0 
3900 12916 6834 131 12913 12426 8285 11805 0 0 
4000 12908 7493 145 12865 12431 9053 11726 0 0 
4100 12978 8229 123 12834 12359 9760 11644 0 0 
4200 12849 8946 127 12869 12418 10327 11613 0 0 
4300 12931 9531 96 12935 12542 10872 11756 0 0 
4400 12899 10188 94 12934 12495 11265 11711 0 0 
4500 12989 10699 99 12929 12372 11619 11656 0 0 
4600 12881 11142 77 12901 12400 11955 11714 0 0 
4700 13011 11569 66 12918 12506 12196 11753 0 0 
4800 13051 12097 68 12842 12421 12470 11697 0 0 
4900 12936 12394 80 12916 12383 12599 11613 0 0 
5000 12807 12552 80 12961 12465 12795 11714 0 0 
5100 12915 12739 61 12899 12473 12847 11737 0 0 
5200 13051 12773 75 12896 12386 12799 11595 0 0 
5300 13033 12822 101 12978 12487 12738 11777 0 0 
5400 12984 12855 68 12987 12525 12791 11745 0 0 
5500 13026 12929 86 12831 12380 12816 11623 0 0 
5600 12999 12859 77 12966 12499 12731 11775 0 0 
5700 13061 12800 82 12905 12462 12742 11705 0 0 
5800 13067 12907 86 12869 12391 12828 11678 0 0 
5900 12895 12938 67 12930 12482 12794 11779 0 0 
6000 13077 12888 47 12921 12359 12920 11669 0 0 
6100 13129 12894 69 12886 12435 12913 11718 0 0 
6200 13058 12818 80 12964 12475 12894 11745 0 0 
6300 13085 12834 57 12918 12419 12876 11757 0 0 
6400 13017 12780 77 12843 12466 12966 11684 0 0 
6500 13164 12863 51 12953 12465 12968 11771 0 0 
6600 13109 12881 64 12989 12540 12960 11830 0 0 
6700 13053 12916 99 12897 12386 12930 11633 0 0 
6800 12988 12884 62 12907 12432 12975 11677 0 0 
6900 13006 12811 68 12901 12384 12992 11604 0 0 
7000 13015 12912 68 12940 12477 12952 11775 0 0 
7100 13047 12865 93 12934 12471 12970 11716 0 0 
7200 13062 12881 52 12862 12367 12919 11648 0 0 
7300 13019 12820 154 12942 12435 13012 11677 0 0 
7400 13085 12846 343 12952 12463 12947 11784 0 0 
7500 13112 12796 765 13005 12458 12931 11799 0 0 
7600 13053 13012 1378 12888 12417 13042 11690 0 0 
7700 12932 12853 2074 12915 12432 12921 11727 0 0 
7800 12867 12865 2807 12777 12356 12952 11668 0 0 
7900 12960 12975 3531 12965 12457 12950 11721 0 0 
8000 13048 12920 4287 12968 12483 12861 11711 0 0 
8100 13012 12968 5023 12978 12531 12899 11814 0 0 
8200 13123 13076 5950 13031 12528 12916 11799 0 0 
8300 12911 13040 6603 12859 12445 12830 11661 0 0 
8400 13019 12991 7329 12919 12347 12842 11669 0 0 
8500 13074 13126 7896 13009 12446 12815 11859 0 0 
8600 12987 13101 8561 13027 12547 12823 11850 0 0 
8700 13014 13066 9068 12989 12458 12812 11748 0 0 
8800 12979 13183 9502 13035 12510 12804 11830 0 0 
8900 13005 13160 9921 12989 12471 12757 11786 0 0 
9000 12943 13192 10359 12960 12456 12750 11826 0 0 
9100 13003 13241 10496 13014 12503 12636 11851 0 0 
9200 12927 13288 10901 12957 12447 12719 11832 0 0 
9300 12803 13340 11202 12907 12369 12705 11777 0 0 
9400 12787 13344 11408 12976 12432 12764 11822 0 0 
9500 12870 13308 11612 12970 12420 12743 11826 0 0 
9600 12708 13218 11629 12876 12466 12655 11831 0 0 
9700 12759 13278 11738 12942 12529 12752 11825 0 0 
9800 12790 13277 11680 13032 12490 12743 11887 0 0 
9900 12690 13299 11763 12981 12442 12672 11754 0 0 
10000 12875 13379 11750 13019 12551 12692 11976 0 0 
