# Avida tasks data
# Sun Apr 23 13:38:54 2023
# First column gives the current update, next columns give the number
# of organisms that have the particular task as a component of their merit
#  1: Update
#  2: Not
#  3: Nand
#  4: And
#  5: OrNot
#  6: Or
#  7: AndNot
#  8: Nor
#  9: Xor
# 10: Equals

0 0 0 0 0 0 0 0 0 0 
100 0 0 0 0 0 0 0 0 0 
200 0 0 0 0 0 0 0 0 0 
300 0 0 0 0 0 0 0 0 0 
400 0 0 0 0 0 0 0 0 0 
500 0 0 0 0 0 0 0 0 0 
600 5 0 0 0 0 0 0 0 0 
700 81 0 0 0 0 0 0 0 0 
800 190 0 0 0 3 0 0 0 0 
900 426 6 0 0 0 0 0 0 0 
1000 874 53 0 0 0 0 0 0 0 
1100 1467 171 0 0 0 0 0 0 0 
1200 2193 358 0 91 0 0 0 0 0 
1300 2926 617 0 386 0 0 0 0 0 
1400 3790 917 0 1074 2 0 0 0 0 
1500 4284 1487 0 2476 86 0 0 0 0 
1600 5321 1539 24 4653 2584 2293 0 0 0 
1700 6562 1637 106 6542 4488 4181 0 0 0 
1800 7640 1655 1243 7685 5671 5418 0 0 0 
1900 8258 2010 2321 8322 6320 6101 0 105 0 
2000 8274 2775 3121 8823 6894 6627 364 602 0 
2100 7359 4033 3587 9127 7101 6912 1551 908 0 
2200 6612 5539 4391 9325 7228 7052 3350 678 0 
2300 6246 6821 5311 9518 7355 7169 5158 340 0 
2400 6042 7966 6235 9823 7531 7522 6542 155 0 
2500 6491 8809 6946 10137 7827 7880 7571 52 0 
2600 7057 9757 7904 10724 8455 8587 8727 21 0 
2700 7823 10604 8465 11272 8930 9085 9682 11 0 
2800 8513 11227 9303 11861 9687 9808 10427 8 0 
2900 9276 11737 9847 12283 10180 10349 11057 2 0 
3000 9911 12169 10147 12692 10533 10760 11554 3 0 
3100 10425 12402 10455 12837 10795 10996 11758 1 0 
3200 10977 12685 10597 13062 11004 11207 12040 3 0 
3300 11383 12884 10628 13059 11003 11197 12057 4 0 
3400 11769 12948 10845 13180 11183 11343 12200 4 0 
3500 11991 13070 10917 13277 11251 11428 12261 4 0 
3600 12354 13118 10951 13236 11274 11487 12288 1 0 
3700 12599 13128 10823 13284 11229 11417 12314 0 0 
3800 12785 13103 10916 13274 11283 11511 12323 0 0 
3900 12847 13059 10889 13271 11266 11550 12308 4 0 
4000 13020 13043 10940 13229 11236 11473 12221 3 0 
4100 13124 13186 11026 13318 11372 11572 12429 4 0 
4200 13135 13104 10893 13238 11226 11403 12307 1 0 
4300 13237 13154 10989 13280 11352 11553 12448 4 0 
4400 13252 13120 10991 13325 11361 11611 12429 4 0 
4500 13247 13051 11090 13269 11434 11678 12400 1 0 
4600 13214 13066 11041 13319 11378 11628 12406 4 0 
4700 13290 13180 11129 13350 11429 11633 12486 4 0 
4800 13214 13114 10993 13308 11372 11597 12431 3 0 
4900 13233 13125 11028 13294 11368 11600 12382 2 0 
5000 13257 13135 11092 13377 11410 11631 12397 3 0 
5100 13190 13011 11005 13221 11345 11533 12346 2 0 
5200 13207 13212 11231 13335 11493 11699 12469 0 0 
5300 13235 13098 11167 13325 11442 11631 12409 5 0 
5400 13303 13193 11078 13369 11401 11617 12519 0 0 
5500 13283 13131 11033 13280 11367 11645 12487 7 0 
5600 13301 13152 11162 13294 11500 11689 12418 3 0 
5700 13319 13249 11167 13355 11533 11737 12574 2 0 
5800 13210 13136 11017 13240 11355 11623 12415 4 0 
5900 13237 13188 11179 13291 11538 11750 12484 1 0 
6000 13298 13283 11261 13282 11544 11792 12517 1 0 
6100 13383 13238 11199 13300 11526 11713 12538 4 0 
6200 13322 13146 11211 13237 11525 11694 12461 5 0 
6300 13275 13149 11216 13272 11533 11712 12475 2 0 
6400 13336 13190 11214 13276 11524 11768 12551 4 0 
6500 13351 13340 11234 13295 11578 11756 12632 2 0 
6600 13312 13204 11099 13203 11464 11687 12476 4 0 
6700 13357 13258 11213 13292 11528 11713 12629 4 0 
6800 13394 13327 11229 13351 11542 11723 12677 5 0 
6900 13358 13239 11146 13255 11494 11717 12545 6 0 
7000 13328 13333 11252 13269 11581 11755 12571 2 0 
7100 13465 13290 11319 13318 11661 11854 12678 3 0 
7200 13423 13295 11286 13293 11662 11849 12670 2 0 
7300 13390 13266 11290 13263 11635 11824 12608 4 0 
7400 13467 13327 11431 13338 11711 11865 12703 3 0 
7500 13486 13385 11356 13279 11647 11881 12739 2 0 
7600 13479 13347 11505 13365 11811 11999 12778 0 0 
7700 13482 13347 11358 13345 11660 11807 12742 4 0 
7800 13468 13309 11452 13334 11790 11947 12752 4 0 
7900 13439 13363 11392 13337 11749 11845 12784 4 0 
8000 13473 13396 11455 13290 11820 11995 12724 0 0 
8100 13525 13426 11425 13292 11821 11920 12803 4 0 
8200 13506 13427 11434 13308 11776 11882 12808 8 0 
8300 13484 13350 11444 13278 11738 11900 12722 7 2 
8400 13483 13381 11471 13285 11786 11950 12733 2 0 
8500 13550 13434 11482 13317 11812 11953 12836 4 0 
8600 13613 13414 11494 13341 11844 12017 12862 0 0 
8700 13543 13485 11500 13361 11852 11972 12873 3 0 
8800 13556 13423 11488 13336 11819 11998 12837 2 1 
8900 13489 13353 11483 13211 11802 11932 12744 4 0 
9000 13468 13352 11357 13237 11662 11816 12713 6 0 
9100 13484 13463 11430 13276 11755 11901 12791 3 0 
9200 13459 13401 11474 13272 11787 11949 12795 3 0 
9300 13505 13382 11515 13327 11829 11982 12816 6 1 
9400 13531 13458 11490 13335 11746 11953 12836 1 0 
9500 13513 13457 11423 13359 11765 11947 12841 1 0 
9600 13609 13507 11564 13370 11857 12058 12930 3 0 
9700 13612 13436 11604 13352 11934 12081 12889 3 0 
9800 13546 13396 11504 13320 11786 11982 12825 2 0 
9900 13563 13483 11471 13372 11881 11998 12908 1 0 
10000 13534 13482 11546 13346 11878 12042 12894 0 0 
