# Avida tasks data
# Sun Apr 23 14:17:20 2023
# First column gives the current update, next columns give the number
# of organisms that have the particular task as a component of their merit
#  1: Update
#  2: Not
#  3: Nand
#  4: And
#  5: OrNot
#  6: Or
#  7: AndNot
#  8: Nor
#  9: Xor
# 10: Equals

0 0 0 0 0 0 0 0 0 0 
100 0 0 0 0 0 0 0 0 0 
200 0 0 0 0 0 0 0 0 0 
300 0 0 0 0 0 0 0 0 0 
400 0 0 0 0 0 0 0 0 0 
500 0 0 0 0 0 0 0 0 0 
600 0 0 0 0 0 0 0 0 0 
700 2 2 0 0 0 0 0 0 0 
800 4 0 0 0 0 0 0 0 0 
900 142 13 0 0 0 0 0 0 0 
1000 589 95 0 468 0 0 0 0 0 
1100 2549 445 1 2291 0 0 0 0 0 
1200 4859 334 1905 4470 0 53 0 0 0 
1300 6521 489 3553 5934 8 76 0 0 0 
1400 7836 1133 4931 7121 9 154 3 0 0 
1500 8951 1838 6137 8224 6 142 1 0 0 
1600 9987 2771 7324 9123 17 146 11 0 0 
1700 10569 3777 8216 9776 107 153 1 0 0 
1800 11134 4431 8864 10384 657 176 10 0 0 
1900 11576 5086 9604 10920 1285 151 30 0 0 
2000 11972 5635 10061 11275 1998 167 36 0 0 
2100 12072 6443 10480 11552 2750 137 31 0 0 
2200 12287 7165 10945 11899 3628 145 42 0 0 
2300 12403 7759 10966 11918 4420 145 85 0 0 
2400 12466 8220 11154 11982 5151 136 140 0 0 
2500 12331 8983 11234 11986 6093 129 122 0 0 
2600 12355 9404 11324 12028 6932 131 125 0 0 
2700 12310 9776 11247 11995 7723 150 185 0 0 
2800 12310 10215 11278 12123 8615 107 338 0 0 
2900 12258 10624 11193 12037 9150 71 394 0 0 
3000 12237 11042 11232 12078 9779 56 479 0 0 
3100 12239 11327 11138 12058 10142 38 584 0 0 
3200 12259 11473 11052 12098 10489 39 730 0 0 
3300 12253 11688 11000 12115 10837 32 823 0 0 
3400 12300 11695 10843 12144 11121 23 929 0 0 
3500 12286 11592 10661 12144 11386 14 1074 0 0 
3600 12417 11601 10813 12203 11607 25 1141 0 0 
3700 12275 11368 10547 12056 11552 21 1292 0 0 
3800 12390 11380 10526 12258 11743 22 1361 0 0 
3900 12275 11248 10390 12142 11637 18 1468 0 0 
4000 12201 10952 10178 12136 11624 37 1621 0 0 
4100 12285 10975 10035 12197 11621 49 1647 0 0 
4200 12354 10976 10196 12117 11631 41 1676 0 0 
4300 12424 10979 10189 12182 11685 40 1730 0 0 
4400 12320 10826 9977 12108 11579 39 1785 0 0 
4500 12402 10921 10017 12145 11662 26 1822 0 0 
4600 12432 11071 10193 12083 11634 30 1684 0 0 
4700 12512 10895 10121 12303 11794 28 1819 0 0 
4800 12544 10778 10022 12305 11796 37 1931 0 0 
4900 12404 10748 9902 12194 11734 36 1922 0 0 
5000 12511 10816 10005 12312 11840 42 1905 0 0 
5100 12466 10793 9978 12249 11754 59 1956 0 0 
5200 12439 10762 9862 12158 11689 33 2001 0 0 
5300 12469 10508 9683 12161 11646 29 2197 0 0 
5400 12575 10464 9631 12303 11690 38 2222 0 0 
5500 12534 10350 9535 12187 11738 47 2220 0 0 
5600 12513 10231 9424 12160 11645 47 2357 0 0 
5700 12556 10225 9475 12280 11773 49 2454 0 0 
5800 12660 10217 9514 12297 11813 38 2396 0 0 
5900 12570 10306 9498 12185 11747 45 2329 0 0 
6000 12651 10269 9524 12344 11796 59 2375 0 0 
6100 12683 10203 9545 12269 11862 51 2382 0 0 
6200 12665 10368 9500 12287 11843 55 2384 0 0 
6300 12697 10173 9424 12321 11817 42 2515 0 0 
6400 12693 10201 9413 12301 11847 46 2557 0 0 
6500 12684 10177 9412 12394 11888 53 2537 0 0 
6600 12607 10161 9288 12253 11762 44 2632 0 0 
6700 12693 10178 9234 12385 11876 65 2740 0 0 
6800 12772 10188 9062 12446 11927 64 3001 0 0 
6900 12702 10206 8812 12260 11827 52 3219 0 0 
7000 12705 10094 8288 12249 11817 58 3568 0 0 
7100 12823 10212 8021 12296 11783 60 3732 0 0 
7200 12818 10329 7786 12270 11750 68 3984 0 0 
7300 12746 10315 7604 12298 11737 74 4137 0 0 
7400 12737 10423 7147 12371 11791 61 4611 0 0 
7500 12763 10505 7198 12257 11746 68 4857 0 34 
7600 12745 10668 7239 12298 11787 79 5294 0 117 
7700 12791 10892 7546 12344 11798 73 5604 0 274 
7800 12837 11093 7663 12334 11772 59 5800 0 499 
7900 12887 11369 7906 12430 11776 87 5975 0 642 
8000 12831 11510 8108 12412 11816 92 6111 0 812 
8100 12831 11687 8177 12486 11760 108 6285 0 983 
8200 12748 11756 8218 12425 11710 285 6427 1 1071 
8300 12772 11789 8271 12528 11739 734 6534 0 1241 
8400 12841 11933 8473 12678 11814 1285 6766 4 1287 
8500 12837 11963 8623 12723 11776 1860 6946 0 1222 
8600 12839 12039 8801 12778 11781 2559 7148 0 1165 
8700 12834 12133 8965 12864 11732 3224 7261 0 1081 
8800 12834 12137 9154 12916 11750 3894 7549 0 966 
8900 12791 12125 9298 12973 11784 4665 7827 0 871 
9000 12808 12170 9516 13067 11815 5414 8119 0 758 
9100 12865 12207 9633 13033 11796 6008 8248 0 638 
9200 12811 12346 9811 13121 11726 6680 8485 0 493 
9300 12818 12317 9985 13161 11788 7281 8736 0 373 
9400 12863 12322 10101 13225 11781 7866 9056 0 267 
9500 12903 12345 10333 13306 11872 8447 9491 0 186 
9600 12831 12323 10357 13265 11798 8806 9605 0 144 
9700 12910 12418 10437 13363 11820 9308 9830 0 119 
9800 12787 12404 10396 13394 11748 9666 9985 0 100 
9900 12814 12414 10442 13401 11735 9995 10115 0 68 
10000 12856 12530 10512 13454 11742 10400 10341 0 43 
