# Avida tasks data
# Sun Apr 23 16:56:50 2023
# First column gives the current update, next columns give the number
# of organisms that have the particular task as a component of their merit
#  1: Update
#  2: Not
#  3: Nand
#  4: And
#  5: OrNot
#  6: Or
#  7: AndNot
#  8: Nor
#  9: Xor
# 10: Equals

0 0 0 0 0 0 0 0 0 0 
100 0 0 0 0 0 0 0 0 0 
200 0 0 0 0 0 0 0 0 0 
300 0 0 0 0 0 0 0 0 0 
400 0 0 0 0 0 0 0 0 0 
500 14 0 0 0 0 0 0 0 0 
600 402 0 0 0 0 0 0 0 0 
700 1611 1 0 0 0 0 0 0 0 
800 3327 4 0 8 0 0 0 0 0 
900 5452 46 0 75 0 2 0 0 0 
1000 7153 854 0 74 32 26 0 0 0 
1100 8641 2719 1 328 493 76 0 0 0 
1200 9269 4612 0 1792 1592 618 13 0 0 
1300 9515 5783 0 2877 3064 2290 610 0 0 
1400 9998 7213 0 4709 4794 2666 1861 0 0 
1500 10520 8392 4 6124 6079 2530 3296 0 0 
1600 11342 9493 3 7513 7422 2434 4752 0 0 
1700 11589 9819 5 7973 8028 3534 5875 0 0 
1800 11997 10268 5 8560 8534 4911 6757 0 0 
1900 12380 10788 13 9113 9239 6237 7536 0 0 
2000 12620 11248 24 9764 9845 7326 8302 0 0 
2100 12818 11749 21 10240 10312 8397 9124 0 0 
2200 13124 12062 31 10703 10758 9184 9854 0 0 
2300 13204 12262 28 11097 11071 10066 10496 0 0 
2400 13275 12317 30 11286 11289 10667 10818 0 4 
2500 13292 12415 27 11578 11425 11211 11125 0 0 
2600 13355 12500 28 11768 11739 11774 11401 0 0 
2700 13450 12612 26 12017 11969 12068 11577 0 0 
2800 13492 12796 21 12289 12246 12370 11891 0 0 
2900 13397 12736 39 12418 12364 12548 11955 0 0 
3000 13448 12841 55 12600 12467 12686 12191 0 0 
3100 13417 12801 46 12665 12478 12667 12092 0 0 
3200 13403 12882 59 12697 12571 12844 12161 0 0 
3300 13433 12774 74 12563 12509 12765 12192 0 0 
3400 13443 12822 126 12619 12569 12824 12249 0 0 
3500 13454 12914 97 12727 12602 12904 12264 0 0 
3600 13384 12804 147 12655 12537 12853 12169 0 0 
3700 13442 12949 148 12655 12592 12906 12277 0 0 
3800 13381 12868 198 12627 12451 12772 12132 0 0 
3900 13467 12884 243 12787 12587 12774 12322 3 1 
4000 13340 12896 309 12565 12506 12674 12178 0 0 
4100 13409 13018 366 12635 12529 12816 12178 0 0 
4200 13431 12975 438 12655 12606 12839 12215 0 0 
4300 13510 13009 502 12588 12578 12828 12219 0 0 
4400 13443 12929 615 12663 12585 12820 12280 0 0 
4500 13453 13004 815 12603 12570 12774 12210 0 0 
4600 13457 13103 1052 12693 12572 12852 12286 0 0 
4700 13492 12991 1219 12695 12569 12873 12330 0 0 
4800 13461 12982 1288 12747 12594 12882 12269 1 0 
4900 13509 13033 1487 12721 12683 12871 12337 0 5 
5000 13474 13144 1780 12695 12616 12811 12287 0 7 
5100 13520 13037 2123 12722 12593 12901 12282 0 6 
5200 13492 13111 2337 12742 12599 12927 12284 0 1 
5300 13503 13156 2490 12674 12579 12921 12290 0 1 
5400 13505 13070 2806 12736 12611 12818 12332 0 0 
5500 13500 13155 3051 12698 12607 12911 12353 0 0 
5600 13437 13173 3153 12688 12551 12854 12232 0 0 
5700 13431 13167 3473 12657 12627 12862 12286 0 0 
5800 13521 13213 3677 12690 12573 12858 12389 0 0 
5900 13523 13206 3828 12764 12681 12834 12429 0 0 
6000 13496 13174 4090 12733 12618 12791 12413 0 0 
6100 13480 13146 4230 12685 12609 12823 12418 0 0 
6200 13445 13124 4630 12668 12652 12802 12325 0 0 
6300 13526 13221 4864 12700 12602 12774 12439 0 0 
6400 13443 13178 4959 12617 12596 12789 12365 0 0 
6500 13560 13224 5350 12768 12761 12873 12473 0 0 
6600 13481 13236 5542 12712 12644 12867 12400 0 1 
6700 13473 13258 6004 12674 12528 12825 12285 0 0 
6800 13450 13240 6141 12632 12586 12789 12250 0 0 
6900 13563 13325 6674 12767 12728 12822 12534 0 0 
7000 13558 13252 7010 12786 12677 12846 12421 0 0 
7100 13530 13325 7185 12755 12652 12872 12368 0 0 
7200 13524 13309 7530 12816 12744 12813 12488 0 0 
7300 13492 13279 7536 12643 12564 12852 12259 0 0 
7400 13519 13287 7791 12681 12599 12825 12387 0 0 
7500 13509 13281 7994 12704 12563 12773 12410 0 0 
7600 13482 13300 8182 12762 12664 12839 12421 0 0 
7700 13493 13255 8163 12779 12628 12858 12483 0 0 
7800 13512 13366 8188 12693 12595 12811 12367 0 0 
7900 13437 13303 8390 12647 12511 12801 12330 0 0 
8000 13474 13309 8337 12683 12567 12765 12332 0 0 
8100 13558 13260 8562 12761 12622 12796 12403 0 0 
8200 13558 13430 8641 12770 12681 12835 12464 0 0 
8300 13582 13336 8805 12774 12692 12839 12475 0 0 
8400 13535 13398 8999 12784 12672 12811 12457 0 0 
8500 13561 13338 9096 12762 12737 12832 12489 0 0 
8600 13573 13395 9214 12780 12672 12850 12479 0 0 
8700 13514 13303 9198 12777 12656 12817 12422 0 0 
8800 13502 13281 9316 12755 12655 12816 12368 0 0 
8900 13455 13305 9417 12683 12602 12705 12429 0 0 
9000 13530 13317 9389 12764 12646 12777 12403 0 0 
9100 13554 13332 9492 12762 12716 12806 12512 0 0 
9200 13565 13274 9627 12716 12668 12827 12459 0 0 
9300 13484 13263 9574 12738 12604 12813 12443 0 0 
9400 13533 13279 9770 12757 12643 12779 12444 0 0 
9500 13534 13386 9797 12802 12700 12798 12442 0 0 
9600 13555 13319 10006 12837 12688 12885 12500 0 0 
9700 13545 13343 10057 12778 12619 12839 12487 0 0 
9800 13631 13293 10095 12868 12646 12792 12521 0 0 
9900 13570 13310 10032 12848 12692 12844 12520 0 0 
10000 13527 13273 9989 12853 12703 12709 12409 0 0 
