# Avida tasks data
# Sun Apr 23 15:16:53 2023
# First column gives the current update, next columns give the number
# of organisms that have the particular task as a component of their merit
#  1: Update
#  2: Not
#  3: Nand
#  4: And
#  5: OrNot
#  6: Or
#  7: AndNot
#  8: Nor
#  9: Xor
# 10: Equals

0 0 0 0 0 0 0 0 0 0 
100 0 0 0 0 0 0 0 0 0 
200 0 0 0 0 0 0 0 0 0 
300 0 0 0 0 0 0 0 0 0 
400 2 0 0 0 0 0 0 0 0 
500 18 0 0 0 0 0 0 0 0 
600 42 2 0 0 0 0 0 0 0 
700 120 11 0 37 0 0 0 0 0 
800 152 80 12 102 0 0 0 0 0 
900 386 248 17 300 0 0 0 0 0 
1000 1611 398 0 1293 1187 0 0 0 0 
1100 1933 512 0 1582 1513 0 0 0 0 
1200 2011 409 0 1024 1654 1 0 0 0 
1300 2102 353 0 718 1760 0 2 0 0 
1400 3089 318 0 1620 2814 0 2 0 0 
1500 3233 316 0 1833 3007 2 11 0 0 
1600 3497 327 5 2518 3286 3 4 0 0 
1700 3978 352 3 3009 3779 4 5 0 0 
1800 4514 374 3 3564 4339 2 7 0 0 
1900 5056 384 3 4143 4892 2 5 0 0 
2000 5530 426 3 4623 5323 2 9 0 0 
2100 5776 429 3 4882 5608 4 4 0 0 
2200 6032 425 2 5058 5786 2 11 0 0 
2300 6203 436 2 5314 6039 2 8 0 0 
2400 6427 432 4 5571 6286 4 10 0 0 
2500 6671 445 4 5772 6499 3 7 0 0 
2600 6851 443 1 5965 6685 4 7 0 0 
2700 7042 424 1 6154 6889 4 3 0 0 
2800 7255 439 1 6291 7063 6 7 0 0 
2900 7428 435 1 6486 7236 3 12 0 0 
3000 7573 398 1 6652 7408 3 9 0 0 
3100 7691 412 3 6813 7568 5 10 0 0 
3200 7876 395 5 6988 7755 6 7 0 0 
3300 7975 371 3 6869 7835 6 8 0 0 
3400 8065 371 3 6720 7907 6 10 0 0 
3500 8218 364 3 6534 8087 11 15 0 0 
3600 8385 350 4 6473 8251 7 13 0 0 
3700 8498 359 3 6450 8432 7 12 0 0 
3800 8669 362 2 6375 8593 9 13 0 0 
3900 8845 362 2 6324 8770 9 9 0 0 
4000 8998 356 2 6214 8939 9 13 0 0 
4100 9087 359 2 6049 9078 6 12 0 0 
4200 9271 367 2 5941 9228 7 7 0 0 
4300 9439 361 2 5868 9396 8 11 0 0 
4400 9582 346 2 5718 9575 11 10 0 0 
4500 9690 346 2 5637 9685 16 12 0 0 
4600 9804 344 3 5491 9813 19 11 0 0 
4700 9890 349 2 5368 9907 17 6 0 0 
4800 10018 350 2 5235 10019 13 9 0 0 
4900 10098 350 2 5239 10120 14 12 0 0 
5000 10204 348 3 5291 10204 22 18 0 0 
5100 10256 352 3 5391 10269 18 15 0 0 
5200 10315 344 3 5497 10335 17 10 0 0 
5300 10414 358 3 5710 10374 20 10 0 0 
5400 10378 367 2 5780 10372 21 11 0 0 
5500 10377 362 2 5958 10380 22 12 0 0 
5600 10406 361 2 5984 10423 19 11 0 0 
5700 10395 361 2 5986 10412 19 11 0 0 
5800 10397 361 2 5989 10410 19 11 0 0 
5900 10400 361 2 5992 10410 19 11 0 0 
6000 10395 362 2 5988 10405 19 11 0 0 
6100 10393 361 2 5990 10404 19 11 0 0 
6200 10410 349 2 5966 10430 26 10 0 0 
6300 10437 356 2 6199 10512 39 12 0 0 
6400 10503 342 2 6300 10566 34 14 0 0 
6500 10485 340 2 5783 10548 34 14 0 0 
6600 10458 329 2 5341 10535 32 13 0 0 
6700 10486 323 2 4910 10537 34 15 0 0 
6800 10449 315 2 4574 10502 25 14 0 0 
6900 10459 311 2 4292 10530 35 13 0 0 
7000 10477 306 2 4008 10521 29 10 0 0 
7100 10474 310 2 3773 10531 34 10 0 0 
7200 10493 285 2 3533 10572 24 13 0 0 
7300 10448 295 2 3412 10545 24 8 0 0 
7400 10465 289 2 3277 10548 28 12 0 0 
7500 10511 292 1 3132 10559 38 14 0 0 
7600 10508 287 1 2922 10583 38 9 0 0 
7700 10510 276 1 2726 10580 36 10 0 0 
7800 10546 275 1 2680 10632 38 10 0 0 
7900 10593 263 1 2510 10670 45 13 0 0 
8000 10599 258 1 2408 10661 46 10 0 0 
8100 10605 260 1 2367 10658 34 7 0 0 
8200 10657 258 1 2333 10726 44 7 0 0 
8300 10604 249 1 2241 10673 51 5 0 0 
8400 10673 264 1 2840 10702 47 5 0 0 
8500 10618 260 1 2420 10699 53 4 0 0 
8600 10645 254 1 2144 10730 60 2 0 0 
8700 10674 256 1 2004 10775 64 3 0 0 
8800 10664 256 1 1903 10822 70 3 0 0 
8900 10753 251 0 1821 10875 66 2 0 0 
9000 10682 249 0 1761 10884 66 5 0 0 
9100 10728 251 0 1714 10916 74 4 0 0 
9200 10727 250 0 1630 10912 79 2 0 0 
9300 10743 255 0 1665 10899 66 6 0 0 
9400 10775 249 0 1635 10937 75 10 0 0 
9500 10775 249 0 1635 10937 75 10 0 0 
9600 10775 249 0 1635 10937 75 10 0 0 
9700 10775 249 0 1635 10937 75 10 0 0 
9800 10774 249 0 1635 10936 75 10 0 0 
9900 10775 249 0 1635 10937 75 10 0 0 
10000 10775 249 0 1635 10937 75 10 0 0 
