# Avida tasks data
# Sun Apr 23 10:24:54 2023
# First column gives the current update, next columns give the number
# of organisms that have the particular task as a component of their merit
#  1: Update
#  2: Not
#  3: Nand
#  4: And
#  5: OrNot
#  6: Or
#  7: AndNot
#  8: Nor
#  9: Xor
# 10: Equals

0 0 0 0 0 0 0 0 0 0 
100 0 0 0 0 0 0 0 0 0 
200 0 0 0 0 0 0 0 0 0 
300 0 0 0 0 0 0 0 0 0 
400 0 0 0 0 0 0 0 0 0 
500 0 0 0 0 0 0 0 0 0 
600 11 0 0 0 0 0 0 0 0 
700 54 4 0 0 0 0 0 0 0 
800 110 1 0 0 0 128 0 0 0 
900 174 182 6 2 0 1097 0 0 0 
1000 371 1183 278 1084 0 2332 1 0 0 
1100 1817 2369 2272 3063 0 3165 0 0 0 
1200 3431 3833 4182 4641 0 4619 2194 0 0 
1300 4864 5013 5836 6201 2 6250 4082 0 0 
1400 6086 6283 7127 7331 1165 7273 5723 0 0 
1500 7195 7249 7876 7969 2818 7960 6983 0 0 
1600 8087 7880 8476 8500 4103 8534 7602 0 0 
1700 8763 8486 9018 9041 5341 9097 8252 0 0 
1800 9517 9090 9519 9606 6456 9676 8895 0 0 
1900 10202 9808 10173 10289 7645 10356 9575 0 0 
2000 10780 10402 10701 10857 8681 10895 10070 0 0 
2100 11366 10937 11092 11265 9574 11324 10555 0 0 
2200 11707 11225 11413 11503 10278 11630 10884 0 0 
2300 12007 11521 11638 11770 10616 11827 11093 0 0 
2400 12252 11984 11845 12131 11152 12085 11403 7 0 
2500 12461 11992 11924 12153 11513 12313 11427 6 0 
2600 12575 12230 12138 12412 11732 12441 11720 9 0 
2700 12646 12348 12200 12416 12009 12572 11762 7 1 
2800 12797 12333 12279 12534 12108 12608 11791 0 0 
2900 12766 12286 12397 12572 12133 12722 11868 0 1 
3000 12815 12230 12349 12617 12088 12649 11954 0 0 
3100 12844 12498 12364 12670 12167 12713 11922 0 0 
3200 12850 12351 12414 12629 12078 12659 11917 0 0 
3300 12859 12422 12454 12622 12119 12692 11954 0 0 
3400 12801 12416 12378 12641 12136 12648 12001 0 0 
3500 12855 12400 12339 12590 12140 12673 11901 0 0 
3600 12824 12381 12317 12604 12111 12633 11854 0 0 
3700 12926 12400 12414 12642 12054 12666 11902 0 0 
3800 12805 12449 12391 12583 12215 12658 11842 0 0 
3900 12769 12362 12380 12645 12113 12711 11980 0 0 
4000 12792 12338 12392 12669 12162 12687 11984 0 0 
4100 12878 12400 12460 12715 12272 12789 12008 0 0 
4200 12825 12180 12468 12627 12096 12665 11988 0 0 
4300 12839 12355 12481 12653 12161 12675 12029 0 0 
4400 12877 12407 12399 12713 12190 12719 11957 0 0 
4500 12919 12366 12375 12695 12209 12714 11946 0 0 
4600 12873 12301 12527 12747 12181 12773 12039 0 1 
4700 12878 12505 12330 12735 12205 12708 11982 0 0 
4800 12888 12523 12439 12704 12316 12839 12019 0 0 
4900 12800 12479 12380 12735 12164 12741 12008 0 0 
5000 12905 12570 12454 12718 12314 12839 12023 0 1 
5100 13024 12464 12490 12757 12241 12816 11973 0 0 
5200 12982 12529 12438 12755 12185 12830 12023 0 0 
5300 12903 12604 12550 12797 12169 12772 12101 4 0 
5400 12918 12447 12452 12658 12214 12738 11951 2 0 
5500 12979 12573 12441 12786 12320 12842 11998 0 0 
5600 12921 12446 12538 12769 12230 12823 11998 0 0 
5700 12897 12566 12498 12733 12270 12781 12066 0 0 
5800 12868 12513 12485 12709 12267 12725 12038 0 2 
5900 12854 12454 12572 12713 12243 12709 11980 0 1 
6000 12790 12576 12530 12744 12256 12828 12143 0 2 
6100 12882 12475 12566 12714 12377 12851 12059 0 0 
6200 12813 12424 12545 12756 12309 12771 12075 0 0 
6300 13004 12502 12595 12686 12331 12773 12031 0 11 
6400 12952 12434 12463 12723 12345 12845 12052 0 21 
6500 12991 12363 12607 12781 12414 12874 12113 0 33 
6600 12957 12354 12512 12698 12313 12824 12005 0 25 
6700 12887 12513 12617 12771 12437 12914 12079 0 39 
6800 13002 12534 12539 12699 12291 12785 12071 1 25 
6900 13005 12509 12543 12725 12380 12784 12111 0 35 
7000 12965 12470 12528 12715 12273 12843 12100 0 56 
7100 12989 12503 12566 12772 12401 12835 11909 2 173 
7200 12974 12434 12509 12742 12325 12709 11737 1 899 
