# Avida tasks data
# Sun Apr 23 23:28:06 2023
# First column gives the current update, next columns give the number
# of organisms that have the particular task as a component of their merit
#  1: Update
#  2: Not
#  3: Nand
#  4: And
#  5: OrNot
#  6: Or
#  7: AndNot
#  8: Nor
#  9: Xor
# 10: Equals

0 0 0 0 0 0 0 0 0 0 
100 0 0 0 0 0 0 0 0 0 
200 0 0 0 0 0 0 0 0 0 
300 0 0 0 0 0 0 0 0 0 
400 0 0 0 0 0 0 0 0 0 
500 0 0 0 0 0 0 0 0 0 
600 204 0 0 0 0 0 0 0 0 
700 734 41 0 0 0 0 0 0 0 
800 1320 367 0 18 0 0 0 0 0 
900 1634 704 0 957 1 0 0 0 0 
1000 2446 742 0 2154 0 0 0 0 0 
1100 3653 780 0 3462 8 0 0 0 0 
1200 5693 2775 983 5528 4 1 0 0 0 
1300 7932 5132 3925 7594 5 6 0 0 0 
1400 9929 7515 6494 9621 7 14 0 0 0 
1500 10921 8819 7953 10491 1 31 0 0 0 
1600 11323 9782 8991 10976 215 19 0 0 0 
1700 11657 10406 9733 11292 871 32 0 0 0 
1800 11809 10997 10531 11599 1720 33 0 0 0 
1900 12022 11436 11087 11786 2635 22 0 0 0 
2000 12151 11910 11542 11978 3606 33 0 0 0 
2100 12302 12220 11913 12197 4689 42 0 0 0 
2200 12523 12424 12144 12314 5540 32 0 0 0 
2300 12443 12548 12302 12325 6323 52 0 0 0 
2400 12502 12643 12351 12281 7091 371 0 0 0 
2500 12547 12648 12470 12329 7766 1088 1 0 0 
2600 12633 12653 12478 12388 8272 2267 2 0 0 
2700 12606 12712 12461 12391 8748 3181 0 0 0 
2800 12603 12673 12435 12444 9194 4379 2 0 0 
2900 12632 12618 12397 12431 9532 5310 2 0 0 
3000 12624 12640 12382 12419 10019 6230 1 0 0 
3100 12760 12589 12425 12503 10480 7326 1 0 0 
3200 12796 12583 12484 12652 10775 8409 4 0 0 
3300 12807 12596 12399 12582 11023 9186 2 0 0 
3400 12850 12626 12472 12580 11177 10127 4 0 0 
3500 12798 12584 12461 12596 11350 10757 2 0 0 
3600 12809 12525 12406 12619 11541 11140 2 0 0 
3700 12949 12493 12414 12776 11862 11536 1 0 0 
3800 12901 12531 12435 12662 11982 11838 5 0 0 
3900 12896 12578 12418 12670 11993 11875 2 0 0 
4000 12885 12593 12525 12664 12114 12138 0 0 0 
4100 12900 12546 12480 12708 12140 12141 0 0 0 
4200 12917 12632 12485 12720 12210 12214 4 0 0 
4300 12918 12651 12457 12683 12174 12184 2 0 0 
4400 12923 12481 12342 12824 12263 12112 5 0 0 
4500 12923 12546 12493 12663 12188 12196 4 0 0 
4600 12916 12563 12417 12707 12178 12096 3 0 0 
4700 12907 12576 12489 12752 12253 12191 4 0 0 
4800 12857 12530 12377 12676 12173 12141 6 0 0 
4900 12861 12518 12378 12696 12211 12045 3 0 0 
5000 12933 12616 12488 12766 12255 12164 1 0 0 
5100 12913 12639 12578 12672 12283 12314 6 0 0 
5200 12938 12600 12441 12770 12258 12142 9 0 0 
5300 12843 12620 12509 12727 12245 12266 1 0 0 
5400 12892 12549 12411 12698 12175 12150 4 0 0 
5500 12935 12544 12393 12722 12319 12109 4 0 0 
5600 12957 12639 12450 12751 12291 12240 1 0 0 
5700 12884 12636 12467 12657 12244 12130 2 0 0 
5800 12864 12595 12516 12738 12304 12180 3 0 0 
5900 12885 12611 12432 12676 12327 12157 4 0 0 
6000 12938 12621 12478 12755 12342 12217 8 0 0 
6100 12871 12581 12467 12731 12390 12142 8 0 0 
6200 12872 12653 12497 12671 12275 12133 2 0 0 
6300 12854 12651 12490 12702 12280 12179 0 0 0 
6400 13006 12654 12506 12731 12367 12133 4 0 0 
6500 12963 12543 12428 12758 12365 12128 1 0 0 
6600 12903 12681 12482 12692 12296 12200 1 0 0 
6700 12885 12576 12484 12743 12402 12169 1 0 0 
6800 12896 12653 12575 12830 12315 12252 1 0 0 
6900 12912 12684 12561 12759 12461 12241 3 0 0 
7000 12961 12726 12558 12791 12346 12220 3 0 0 
7100 12960 12768 12509 12812 12409 12177 8 0 0 
7200 12907 12760 12606 12717 12294 12312 2 0 0 
7300 13007 12668 12511 12842 12414 12209 4 0 0 
7400 12925 12710 12579 12784 12373 12249 3 0 0 
7500 12935 12721 12483 12798 12351 12219 4 0 0 
7600 12967 12672 12531 12808 12390 12262 5 0 0 
7700 13020 12647 12554 12872 12431 12295 4 0 0 
7800 12949 12758 12562 12796 12468 12210 5 0 0 
7900 13017 12828 12653 12831 12513 12367 4 0 0 
8000 12962 12731 12527 12735 12457 12245 10 0 0 
8100 12923 12803 12639 12778 12394 12324 8 0 0 
8200 12975 12679 12440 12783 12418 12162 4 0 0 
8300 12914 12681 12461 12754 12436 12167 2 0 0 
8400 12934 12682 12454 12830 12477 12251 3 0 0 
8500 12857 12648 12465 12787 12377 12140 3 0 0 
8600 12954 12754 12490 12791 12447 12162 6 0 0 
8700 12904 12707 12565 12865 12458 12284 7 0 0 
8800 12938 12710 12509 12814 12501 12198 9 0 0 
8900 12925 12738 12458 12841 12510 12189 3 0 0 
9000 12975 12778 12593 12870 12470 12318 4 0 0 
9100 12997 12735 12473 12913 12455 12239 7 0 0 
9200 12934 12712 12575 12772 12393 12310 5 0 0 
9300 12907 12708 12602 12841 12529 12335 115 0 0 
9400 12992 12789 12570 12884 12566 12361 312 0 0 
9500 12991 12721 12516 12824 12480 12201 619 0 0 
9600 12882 12683 12550 12779 12434 12261 1041 0 0 
9700 12984 12644 12608 12793 12498 12317 1775 0 0 
9800 12826 12627 12487 12757 12445 12120 2581 0 0 
9900 12902 12653 12515 12795 12423 12229 3492 0 0 
10000 12924 12695 12505 12893 12539 12251 4295 0 0 
