# Avida tasks data
# Sun Apr 23 12:22:14 2023
# First column gives the current update, next columns give the number
# of organisms that have the particular task as a component of their merit
#  1: Update
#  2: Not
#  3: Nand
#  4: And
#  5: OrNot
#  6: Or
#  7: AndNot
#  8: Nor
#  9: Xor
# 10: Equals

0 0 0 0 0 0 0 0 0 0 
100 0 0 0 0 0 0 0 0 0 
200 0 0 0 0 0 0 0 0 0 
300 0 0 0 0 0 0 0 0 0 
400 0 0 0 0 0 0 0 0 0 
500 0 0 0 0 0 0 0 0 0 
600 1 0 0 0 0 0 0 0 0 
700 6 0 0 0 0 0 0 0 0 
800 84 0 0 51 0 0 0 0 0 
900 218 10 0 291 0 9 0 0 0 
1000 444 370 0 911 4 11 0 0 0 
1100 913 1456 0 1789 33 17 0 0 0 
1200 1257 1006 13 2148 1702 129 1308 0 0 
1300 1240 712 22 3905 3322 129 3186 0 0 
1400 2317 1293 35 5202 4591 156 4568 0 0 
1500 3958 2203 17 6499 5830 170 5900 0 0 
1600 5552 3376 33 7749 6939 181 6990 0 0 
1700 6755 4407 43 8791 7778 181 7880 0 0 
1800 7776 5282 32 9681 8652 214 8636 0 0 
1900 8673 6304 41 10430 9230 252 9270 0 0 
2000 9425 7164 55 11112 9703 323 9847 0 0 
2100 10277 8020 43 11606 10173 378 10282 0 0 
2200 10902 8871 55 11906 10435 446 10626 0 0 
2300 11576 9502 43 12338 10707 532 10959 0 0 
2400 11982 9348 47 12587 10972 1414 11219 0 0 
2500 12285 8897 69 12770 11230 2387 11428 0 0 
2600 12626 8058 68 12762 11270 3454 11406 0 0 
2700 12770 7279 80 12885 11461 4469 11587 0 0 
2800 12862 6488 56 12881 11388 5664 11543 0 0 
2900 13032 5761 71 13037 11546 6826 11683 0 0 
3000 13059 4925 52 12901 11491 7929 11701 0 0 
3100 13060 4413 56 12934 11482 8862 11668 0 0 
3200 13024 4244 60 12900 11534 9615 11717 0 0 
3300 13124 4205 52 13001 11553 10616 11749 0 0 
3400 13020 4445 60 12914 11553 11159 11693 0 0 
3500 13073 5000 67 12933 11546 11739 11689 0 0 
3600 12998 5964 78 12893 11564 11964 11720 0 0 
3700 13016 7064 63 12856 11569 12236 11674 0 0 
3800 13099 8065 69 12952 11612 12630 11755 1 1 
3900 12915 9069 72 13008 11704 12774 11802 0 0 
4000 13032 9731 68 12920 11579 12926 11726 0 0 
4100 13031 10328 83 12959 11637 13039 11726 0 0 
4200 13109 11046 69 12964 11560 13128 11657 0 0 
4300 13076 11572 82 12928 11547 13186 11705 0 0 
4400 12961 12080 75 12971 11576 13152 11663 0 0 
4500 13103 12369 93 12924 11537 13133 11655 0 0 
4600 13075 12533 79 12981 11616 13136 11731 0 0 
4700 13042 12623 68 12932 11708 13189 11794 0 0 
4800 13075 12786 90 12968 11592 13182 11710 0 0 
4900 13078 12704 83 13024 11573 13147 11718 0 0 
5000 13123 12837 86 13045 11638 13199 11718 0 0 
5100 13039 12893 77 13013 11690 13195 11822 0 0 
5200 13158 12884 75 13058 11663 13236 11762 0 0 
5300 13191 12864 81 13039 11555 13194 11704 0 0 
5400 13141 12889 100 13019 11507 13207 11639 0 0 
5500 13089 12984 83 13027 11628 13238 11691 0 0 
5600 13116 13019 85 13029 11617 13231 11719 0 0 
5700 13117 13036 82 12985 11632 13198 11719 0 0 
5800 13115 13113 204 13039 11686 13177 11815 0 0 
5900 13076 13035 639 13005 11644 13128 11723 0 0 
6000 12999 13021 1266 13046 11710 13307 11774 0 0 
6100 13094 13026 2202 12954 11620 13224 11712 1 0 
6200 13109 13010 3073 12955 11533 13194 11652 0 0 
6300 13102 13147 4119 12913 11509 13214 11662 1 0 
6400 13165 13185 5031 12932 11647 13226 11751 1 0 
6500 13160 13230 5892 12900 11572 13226 11709 0 0 
6600 13237 13345 6765 12991 11591 13207 11731 0 0 
6700 13299 13412 7723 12909 11649 13258 11788 0 0 
6800 13251 13392 8632 12917 11581 13246 11676 0 0 
6900 13307 13411 9394 12875 11692 13256 11856 0 0 
7000 13251 13515 10053 12847 11671 13238 11817 0 0 
7100 13335 13512 10631 12815 11548 13283 11693 0 0 
7200 13303 13506 11010 12911 11698 13309 11850 0 0 
7300 13360 13513 11379 12844 11688 13304 11858 0 0 
7400 13299 13566 11755 12897 11784 13291 11923 0 0 
7500 13168 13559 11993 12951 11819 13235 11991 0 0 
7600 13242 13553 12257 12855 11637 13291 11806 0 0 
7700 13252 13513 12245 12865 11667 13346 11854 0 0 
7800 13261 13558 12452 12860 11741 13333 11870 0 0 
7900 13097 13551 12296 12868 11702 13307 11810 0 0 
8000 13245 13623 12296 12881 11831 13325 11980 0 0 
8100 13193 13594 12385 12903 11684 13337 11826 0 0 
8200 13238 13652 12348 12869 11719 13300 11835 0 0 
8300 13296 13621 12451 12911 11746 13318 11852 0 0 
8400 13253 13511 12372 12920 11700 13306 11876 0 0 
8500 13276 13567 12403 12950 11728 13298 11915 0 0 
8600 13256 13608 12367 12909 11868 13381 11941 0 0 
8700 13214 13683 12418 12894 11796 13354 11921 0 0 
8800 13357 13612 12371 12926 11801 13407 11919 0 0 
8900 13305 13610 12375 12969 11871 13399 11988 0 0 
9000 13341 13637 12410 12939 11839 13385 11983 0 0 
9100 13227 13533 12325 12917 11871 13379 11950 0 0 
9200 13279 13530 12433 12936 11913 13401 12055 0 0 
9300 13228 13626 12500 12871 11777 13331 11879 0 0 
9400 13308 13628 12532 12875 11870 13411 12006 0 0 
9500 13235 13688 12510 12932 11853 13393 11997 0 0 
9600 13328 13607 12442 12964 11914 13323 12035 0 0 
9700 13260 13618 12504 12957 12039 13397 12124 0 0 
9800 13359 13632 12560 12969 11945 13417 12078 0 0 
9900 13275 13674 12544 12978 11999 13373 12098 0 0 
10000 13270 13607 12497 12980 11902 13422 12007 0 0 
