# Avida tasks data
# Sun Apr 23 15:58:12 2023
# First column gives the current update, next columns give the number
# of organisms that have the particular task as a component of their merit
#  1: Update
#  2: Not
#  3: Nand
#  4: And
#  5: OrNot
#  6: Or
#  7: AndNot
#  8: Nor
#  9: Xor
# 10: Equals

0 0 0 0 0 0 0 0 0 0 
100 0 0 0 0 0 0 0 0 0 
200 0 0 0 0 0 0 0 0 0 
300 0 0 0 0 0 0 0 0 0 
400 0 0 0 0 0 0 0 0 0 
500 2 0 0 0 0 0 0 0 0 
600 16 0 0 0 0 0 0 0 0 
700 77 0 0 0 0 0 0 0 0 
800 234 17 0 0 0 0 0 0 0 
900 645 50 0 0 0 0 0 0 0 
1000 1198 100 0 356 0 0 0 0 0 
1100 3114 792 1688 2874 23 20 2 0 0 
1200 4734 419 3251 4743 379 81 7 0 24 
1300 5141 406 4374 5968 1025 93 11 0 3 
1400 4660 1254 5208 6963 2414 102 4 0 0 
1500 4599 1386 5186 7015 2501 98 7 0 0 
1600 4598 1375 5184 7003 2498 98 7 0 0 
1700 4601 1373 5180 7000 2496 98 7 0 0 
1800 4600 1372 5180 6999 2495 98 7 0 0 
1900 4599 1371 5180 6998 2495 98 7 0 0 
2000 4599 1371 5180 6998 2495 98 7 0 0 
2100 4600 1372 5180 6999 2495 98 7 0 0 
2200 4599 1371 5180 6998 2495 98 7 0 0 
2300 4602 1374 5180 7001 2495 98 7 0 0 
2400 4601 1373 5180 7000 2495 98 7 0 0 
2500 4601 1372 5180 6999 2495 98 7 0 0 
2600 4601 1372 5180 6999 2495 98 7 0 0 
2700 4601 1372 5180 6999 2495 98 7 0 0 
2800 4602 1373 5180 7000 2495 98 7 0 0 
2900 4601 1372 5180 6999 2495 98 7 0 0 
3000 4603 1374 5180 7001 2495 98 7 0 0 
3100 4603 1374 5180 7001 2495 98 7 0 0 
3200 4604 1375 5180 7002 2495 98 7 0 0 
3300 4602 1374 5180 7001 2495 98 7 0 0 
3400 4603 1375 5180 7002 2495 98 7 0 0 
3500 4602 1374 5180 7001 2495 98 7 0 0 
3600 4602 1374 5180 7001 2495 98 7 0 0 
3700 4602 1374 5180 7001 2495 98 7 0 0 
3800 4603 1375 5180 7002 2495 98 7 0 0 
3900 4603 1374 5180 7001 2495 98 7 0 0 
4000 4602 1373 5180 7000 2495 98 7 0 0 
4100 4604 1375 5180 7002 2495 98 7 0 0 
4200 4605 1376 5180 7003 2495 98 7 0 0 
4300 4604 1375 5180 7002 2495 98 7 0 0 
4400 4605 1377 5180 7004 2495 98 7 0 0 
4500 4605 1377 5180 7004 2495 98 7 0 0 
4600 4604 1376 5180 7003 2495 98 7 0 0 
4700 4603 1375 5180 7002 2495 98 7 0 0 
4800 4601 1373 5180 7000 2495 98 7 0 0 
4900 4601 1373 5180 7000 2495 98 7 0 0 
5000 4601 1373 5180 7000 2495 98 7 0 0 
5100 4602 1374 5180 7001 2495 98 7 0 0 
5200 4601 1373 5180 7000 2495 98 7 0 0 
5300 4601 1373 5180 7000 2495 98 7 0 0 
5400 4601 1373 5180 7000 2495 98 7 0 0 
5500 4604 1376 5180 7003 2495 98 7 0 0 
5600 4603 1374 5180 7001 2495 98 7 0 0 
5700 4605 1376 5180 7003 2495 98 7 0 0 
5800 4604 1375 5180 7002 2495 98 7 0 0 
5900 4599 1371 5178 6996 2494 98 7 0 0 
6000 4283 1743 5449 7221 3031 112 12 0 0 
6100 3909 1377 5523 7881 4051 143 6 0 2 
