# Avida tasks data
# Sun Apr 23 21:02:18 2023
# First column gives the current update, next columns give the number
# of organisms that have the particular task as a component of their merit
#  1: Update
#  2: Not
#  3: Nand
#  4: And
#  5: OrNot
#  6: Or
#  7: AndNot
#  8: Nor
#  9: Xor
# 10: Equals

0 0 0 0 0 0 0 0 0 0 
100 0 0 0 0 0 0 0 0 0 
200 0 0 0 0 0 0 0 0 0 
300 0 0 0 0 0 0 0 0 0 
400 136 0 0 0 0 0 0 0 0 
500 797 0 0 0 0 0 0 0 0 
600 2018 0 0 0 0 0 0 0 0 
700 3442 0 0 0 0 0 0 0 0 
800 5135 2 0 0 0 0 0 0 0 
900 7262 757 0 17 0 0 0 0 0 
1000 9398 3163 3 130 0 17 1 0 0 
1100 10952 4976 4 441 1 500 2 0 0 
1200 11681 5836 8 757 20 1196 3 0 0 
1300 11954 7271 19 1003 34 2551 16 0 0 
1400 12198 8607 32 1133 15 4179 21 0 0 
1500 12193 9705 57 1097 15 5603 26 0 0 
1600 12192 10491 63 929 7 7037 48 0 0 
1700 12320 11125 68 670 6 8529 48 0 0 
1800 12381 11545 93 445 2 9735 60 0 0 
1900 12413 12043 82 324 0 10741 64 0 0 
2000 12335 12192 98 250 2 11354 45 0 0 
2100 12370 12455 111 307 1 11824 54 0 0 
2200 12391 12622 109 468 1 12284 83 0 0 
2300 12455 12800 119 822 4 12457 60 0 0 
2400 12405 12845 110 1298 0 12620 66 0 0 
2500 12521 12882 103 1953 6 12678 60 0 0 
2600 12499 12974 113 2140 708 12747 67 0 0 
2700 12547 13106 136 1322 3499 12811 53 0 0 
2800 12621 13235 133 1799 5426 12897 53 0 0 
2900 12561 13269 144 2363 6860 12900 57 0 0 
3000 12615 13343 154 3143 8156 12959 50 0 0 
3100 12621 13454 180 3972 9183 13051 32 0 0 
3200 12513 13392 270 4924 10125 13035 39 0 0 
3300 12573 13396 320 5952 10896 13088 32 0 0 
3400 12568 13452 276 6922 11542 13146 36 0 0 
3500 12576 13459 349 7352 11780 13198 13 0 0 
3600 12644 13498 376 7779 12005 13199 36 0 0 
3700 12513 13459 405 8236 11918 13234 33 0 0 
3800 12511 13415 505 8671 12094 13122 33 0 0 
3900 12648 13454 523 9074 12122 13191 17 0 0 
4000 12641 13498 501 9540 12154 13185 12 0 0 
4100 12600 13477 460 10031 12090 13209 9 0 0 
4200 12644 13401 412 10587 12208 13171 8 0 0 
4300 12567 13428 540 10877 12161 13211 7 0 0 
4400 12589 13381 531 11204 12179 13117 11 0 0 
4500 12718 13486 465 11508 12183 13319 112 0 0 
4600 12617 13408 567 11469 12121 13160 442 0 0 
4700 12686 13441 668 11380 12243 13218 1075 0 0 
4800 12791 13447 913 11347 12316 13152 2026 0 0 
4900 12825 13484 1006 11173 12226 13218 2920 0 0 
5000 12771 13383 1194 10849 12283 13154 3932 0 0 
5100 12844 13413 1379 10394 12257 13229 5009 0 0 
5200 12851 13357 1755 9816 12256 13135 6126 0 0 
5300 12960 13442 1894 9770 12405 13151 7044 0 0 
5400 12918 13440 2503 9795 12361 13151 7767 0 0 
5500 12928 13357 3100 9897 12334 13084 8491 0 0 
5600 12978 13410 3520 9998 12391 13154 9228 0 0 
5700 13028 13369 3949 9884 12458 13109 9805 0 0 
5800 13021 13472 4633 9982 12457 13179 10380 0 0 
5900 13005 13455 5001 9972 12470 13241 10712 0 0 
6000 13033 13364 5736 10051 12466 13169 11032 0 0 
6100 13017 13381 6212 10210 12538 13088 11304 0 0 
6200 13152 13467 6556 10461 12571 13200 11564 0 0 
6300 13101 13395 6882 10572 12459 13147 11604 0 0 
6400 13096 13409 7169 11001 12502 13205 11800 0 0 
6500 13100 13429 7363 11141 12412 13162 11854 0 2 
6600 13109 13449 7725 11423 12466 13115 11881 0 0 
6700 13091 13363 7928 11511 12483 13162 11897 0 0 
6800 13129 13399 8232 11607 12435 13204 11945 0 0 
6900 13101 13431 8792 11594 12437 13165 11906 0 0 
7000 13080 13380 8869 11737 12492 13189 11923 0 0 
7100 13077 13393 9080 11891 12449 13143 11844 0 1 
7200 13095 13420 9202 12068 12452 13229 11918 0 0 
7300 13075 13398 9371 12086 12471 13186 11884 0 0 
7400 12983 13326 9396 12172 12388 13135 11823 0 0 
7500 13137 13353 9478 12388 12481 13173 11911 0 0 
7600 13053 13361 9609 12428 12498 13135 11923 0 0 
7700 13055 13378 9737 12352 12399 13138 11962 0 2 
7800 13164 13385 9933 12477 12501 13187 11978 0 0 
7900 13097 13380 9998 12420 12429 13140 11921 0 0 
8000 13092 13381 9817 12589 12483 13254 11969 0 0 
8100 13195 13380 10014 12642 12591 13156 12068 0 0 
8200 13101 13366 9742 12528 12476 13148 11992 0 0 
8300 13083 13373 9881 12453 12429 13163 11924 0 0 
8400 13096 13404 9923 12553 12478 13215 11942 0 0 
8500 13151 13420 10013 12494 12493 13175 11998 0 0 
8600 13074 13401 10029 12571 12538 13207 11922 0 0 
8700 13166 13420 10043 12620 12604 13206 12003 0 0 
8800 13113 13403 10124 12562 12539 13179 11976 0 0 
8900 13146 13398 10110 12573 12538 13203 12029 0 0 
9000 13114 13382 9979 12422 12495 13155 11922 0 0 
9100 13203 13428 10118 12627 12541 13253 12048 0 0 
9200 13176 13436 10088 12621 12605 13216 12071 0 0 
9300 13160 13499 9961 12570 12590 13285 12014 0 0 
9400 13068 13447 10064 12581 12570 13244 12056 0 0 
9500 13159 13386 10131 12623 12538 13280 12031 0 0 
9600 13160 13397 10018 12597 12514 13212 11947 0 0 
9700 13212 13393 10194 12569 12649 13209 12098 0 1 
9800 13133 13402 10161 12528 12584 13191 12022 0 0 
9900 13139 13463 10310 12602 12564 13265 12044 0 0 
10000 13182 13397 10460 12631 12609 13186 12075 0 0 
