# Avida tasks data
# Sun Apr 23 23:44:03 2023
# First column gives the current update, next columns give the number
# of organisms that have the particular task as a component of their merit
#  1: Update
#  2: Not
#  3: Nand
#  4: And
#  5: OrNot
#  6: Or
#  7: AndNot
#  8: Nor
#  9: Xor
# 10: Equals

0 0 0 0 0 0 0 0 0 0 
100 0 0 0 0 0 0 0 0 0 
200 0 0 0 0 0 0 0 0 0 
300 0 0 0 0 0 0 0 0 0 
400 0 0 0 0 0 0 0 0 0 
500 69 0 0 0 0 0 0 0 0 
600 722 39 0 0 0 0 0 0 0 
700 1506 106 2 0 0 0 0 0 0 
800 3315 2135 0 25 1 0 0 0 0 
900 5186 4359 1 47 4 0 0 0 0 
1000 7225 6653 0 56 3 0 0 0 0 
1100 9297 8920 5 111 1 0 0 0 0 
1200 10514 10241 3 213 0 0 0 0 0 
1300 11335 11214 2 340 4 2 0 0 0 
1400 11548 11679 0 529 3 0 0 0 0 
1500 11695 12033 0 761 6 1 0 0 0 
1600 11833 12224 0 1069 3 39 0 0 0 
1700 12067 12356 11 1251 1 482 1 0 0 
1800 12143 12389 84 1371 5 1302 8 0 0 
1900 12207 12511 132 1513 1 2306 12 0 0 
2000 12315 12624 162 1532 5 3729 26 0 0 
2100 12452 12734 119 1995 10 5161 39 0 0 
2200 12525 12808 49 2482 23 6521 67 0 0 
2300 12560 12944 37 2916 23 7728 47 0 0 
2400 12505 12844 52 3690 37 8716 88 0 0 
2500 12660 12880 48 4497 43 9558 93 0 0 
2600 12693 12980 60 5103 57 10326 107 0 0 
2700 12875 13130 49 5779 56 11108 87 0 0 
2800 12728 13036 46 6541 90 11456 124 0 0 
2900 12866 13190 73 7509 81 12029 123 0 0 
3000 12726 13181 63 8293 73 12270 103 0 0 
3100 12857 13180 58 9128 103 12617 126 0 0 
3200 12868 13201 81 9914 115 12809 133 0 0 
3300 12794 13180 88 10518 119 12870 132 0 0 
3400 12801 13208 91 11109 115 12867 118 0 0 
3500 12949 13241 95 11753 121 13058 129 0 0 
3600 12811 13167 85 12216 135 12994 126 0 0 
3700 12836 13158 84 12597 123 13003 131 0 0 
3800 12809 13192 92 12870 132 13039 139 0 0 
3900 12836 13216 82 13039 116 12949 118 0 0 
4000 12866 13205 92 13185 127 12992 125 0 0 
4100 12786 13210 94 13286 109 13040 107 0 0 
4200 12804 13194 76 13304 132 13070 133 0 0 
4300 12797 13182 74 13300 120 12981 120 0 0 
4400 12857 13272 92 13300 130 13012 129 0 0 
4500 12861 13162 118 13256 121 12985 119 0 0 
4600 12912 13276 115 13306 92 13050 95 0 0 
4700 12870 13263 95 13305 146 13033 142 0 0 
4800 12845 13207 97 13350 122 13072 118 0 0 
4900 12899 13180 95 13321 141 13033 135 0 0 
5000 12855 13206 116 13270 119 12992 117 0 0 
5100 12925 13174 162 13288 115 13089 111 0 0 
5200 12939 13302 152 13225 125 12964 118 0 0 
5300 13012 13347 163 13283 112 13079 108 0 0 
5400 12913 13228 176 13314 123 13040 126 0 0 
5500 12956 13268 196 13207 145 13057 144 0 0 
5600 12995 13305 193 13260 125 13119 126 0 0 
5700 12944 13245 167 13307 113 13115 108 0 0 
5800 12983 13262 192 13287 124 13146 119 0 0 
5900 12923 13239 176 13239 149 13059 150 0 0 
6000 13087 13318 181 13256 117 13115 116 0 0 
6100 13063 13301 199 13272 119 13097 112 0 0 
6200 13059 13301 190 13262 111 13103 106 0 0 
6300 13086 13365 175 13288 113 13197 106 0 0 
6400 13022 13280 145 13345 111 13155 109 0 0 
6500 13037 13335 176 13315 108 13172 105 0 0 
6600 13100 13311 216 13259 127 13121 124 0 0 
6700 13100 13369 188 13309 119 13121 119 0 0 
6800 13062 13382 215 13299 94 13126 94 0 0 
6900 13128 13377 177 13322 107 13195 94 0 0 
7000 13087 13416 189 13336 358 13168 89 0 0 
7100 13158 13424 186 13369 1144 13197 109 0 0 
7200 13062 13429 134 13304 2093 13019 115 0 0 
7300 13126 13493 84 13513 3406 13230 108 0 0 
7400 13193 13588 92 13452 4626 13129 87 0 0 
7500 13122 13595 85 13431 5780 13172 102 0 0 
7600 13178 13702 117 13424 6895 13150 105 0 0 
7700 13057 13642 86 13424 8082 13069 119 0 0 
7800 13089 13748 75 13426 9175 13123 97 0 0 
7900 13177 13758 84 13390 10165 13034 96 0 0 
8000 13151 13744 67 13422 10834 13115 117 0 0 
8100 13164 13819 61 13466 11428 13112 83 0 0 
8200 13195 13814 75 13503 11855 13093 89 0 0 
8300 13203 13831 77 13464 12183 13101 109 0 0 
8400 13138 13889 83 13432 12415 13087 127 0 0 
8500 13191 13894 52 13479 12648 13073 98 0 0 
8600 13150 13838 83 13430 12674 12961 130 0 0 
8700 13185 13884 86 13395 12746 12999 185 0 0 
8800 13204 13814 76 13397 12718 12854 348 0 0 
8900 13184 13846 60 13336 12678 12520 609 0 0 
9000 13279 13758 59 13371 12769 12173 1011 0 0 
9100 13298 13733 70 13327 12871 11611 1538 0 0 
9200 13255 13613 47 13237 12778 10940 2107 0 0 
9300 13280 13605 84 13213 12760 10229 2801 0 0 
9400 13346 13471 57 13183 12773 9557 3465 0 0 
9500 13330 13410 56 13213 12762 8909 4084 0 0 
9600 13314 13448 68 13141 12808 8176 4785 0 0 
9700 13318 13341 141 13098 12738 7325 5601 0 0 
9800 13392 13260 233 12982 12789 6361 6478 0 0 
9900 13391 13285 386 13046 12816 5516 7385 0 0 
10000 13420 13174 687 12857 12837 4666 8156 0 0 
