# Avida tasks data
# Sun Apr 23 12:55:48 2023
# First column gives the current update, next columns give the number
# of organisms that have the particular task as a component of their merit
#  1: Update
#  2: Not
#  3: Nand
#  4: And
#  5: OrNot
#  6: Or
#  7: AndNot
#  8: Nor
#  9: Xor
# 10: Equals

0 0 0 0 0 0 0 0 0 0 
100 0 0 0 0 0 0 0 0 0 
200 0 0 0 0 0 0 0 0 0 
300 0 0 0 0 0 0 0 0 0 
400 0 0 0 0 0 0 0 0 0 
500 0 0 0 0 0 0 0 0 0 
600 7 0 0 0 0 0 0 0 0 
700 68 71 0 0 0 0 0 0 0 
800 192 376 0 31 0 0 0 0 0 
900 270 1806 0 1710 0 0 0 0 0 
1000 402 1865 4 2707 795 12 0 0 0 
1100 386 1558 3 2927 1326 14 63 0 0 
1200 392 1441 4 3021 1546 251 190 0 0 
1300 358 1187 2 3103 1898 1102 1026 0 0 
1400 374 1058 6 3148 2069 1396 1347 0 0 
1500 375 1058 6 3148 2069 1396 1347 0 0 
1600 378 1058 6 3146 2066 1393 1346 0 0 
1700 386 980 4 3163 2159 1512 1488 0 0 
1800 367 851 11 3244 2381 1824 1824 0 0 
1900 377 650 4 3346 2677 2219 2296 0 0 
2000 367 597 8 3408 2804 2372 2428 0 0 
2100 383 551 9 3445 2895 2508 2552 0 0 
2200 386 470 4 3549 3076 2727 2778 0 0 
2300 367 406 12 3758 3343 3011 3060 0 0 
2400 374 372 12 3887 3520 3184 3251 0 0 
2500 363 352 8 3951 3599 3280 3337 0 0 
2600 363 352 8 3951 3599 3280 3337 0 0 
2700 363 352 8 3951 3599 3280 3337 0 0 
2800 363 352 8 3951 3599 3280 3337 0 0 
2900 363 352 8 3951 3599 3280 3337 0 0 
3000 363 352 8 3951 3599 3280 3337 0 0 
3100 363 352 8 3951 3599 3280 3337 0 0 
3200 363 352 8 3951 3599 3280 3337 0 0 
3300 363 352 8 3950 3598 3279 3336 0 0 
3400 363 352 8 3950 3598 3279 3336 0 0 
3500 363 352 8 3949 3597 3278 3335 0 0 
3600 363 352 8 3950 3598 3279 3336 0 0 
3700 363 352 8 3950 3598 3279 3336 0 0 
3800 363 352 8 3950 3598 3279 3336 0 0 
3900 363 352 8 3949 3597 3278 3335 0 0 
4000 363 352 8 3950 3598 3279 3336 0 0 
4100 363 352 8 3950 3598 3279 3336 0 0 
4200 363 352 8 3950 3598 3279 3336 0 0 
4300 363 352 8 3950 3598 3279 3336 0 0 
4400 363 352 8 3949 3597 3278 3335 0 0 
4500 355 344 5 4019 3678 3355 3422 0 0 
4600 375 311 11 4190 3889 3591 3636 0 0 
4700 374 253 15 4449 4215 3893 3993 0 0 
4800 369 223 13 4589 4393 4059 4162 0 0 
4900 363 218 12 4681 4491 4180 4240 0 0 
5000 381 199 8 4817 4648 4327 4397 0 0 
5100 421 181 15 5041 4879 4550 4638 0 0 
5200 425 155 11 5332 5190 4858 4935 0 0 
5300 382 123 9 5568 5464 5079 5221 0 0 
5400 382 123 9 5568 5464 5077 5221 0 0 
5500 381 123 9 5568 5464 5076 5221 0 0 
5600 395 123 8 5618 5518 5140 5262 0 0 
5700 399 119 8 5809 5723 5291 5443 0 0 
5800 416 116 9 5882 5794 5367 5524 0 0 
5900 443 111 8 5946 5855 5400 5572 2 0 
6000 413 117 5 6201 6104 5616 5835 1 0 
6100 427 87 11 6388 6309 5740 6020 0 0 
6200 426 87 11 6384 6305 5736 6016 0 0 
6300 425 86 10 6381 6303 5734 6012 0 0 
6400 442 87 10 6377 6293 5723 6004 0 0 
6500 488 86 11 6399 6315 5772 6022 0 0 
6600 495 86 12 6398 6315 5779 6020 0 0 
6700 494 86 12 6401 6319 5786 6024 0 0 
6800 472 86 11 6402 6320 5843 6024 0 0 
6900 475 88 11 6402 6322 5852 6020 0 0 
7000 467 89 11 6414 6333 5890 6017 0 0 
7100 467 89 11 6414 6333 5890 6017 0 0 
7200 468 88 11 6410 6327 5944 6002 0 0 
7300 457 84 11 6412 6338 5987 6015 0 0 
7400 452 82 11 6411 6342 5997 6015 0 0 
7500 457 67 12 6436 6381 6062 6041 0 0 
7600 439 70 12 6462 6410 6094 6075 0 0 
7700 445 67 12 6804 6749 6418 6380 0 0 
7800 450 72 12 6964 6908 6571 6521 0 0 
7900 450 70 12 6965 6907 6579 6517 0 0 
8000 447 70 12 6961 6906 6569 6515 0 0 
8100 464 69 12 7208 7155 6799 6730 0 0 
8200 463 68 12 7321 7269 6928 6847 0 0 
8300 465 68 12 7321 7269 6926 6843 0 0 
8400 464 68 12 7320 7268 6926 6843 0 0 
8500 464 68 12 7321 7269 6927 6842 0 0 
8600 466 69 12 7321 7268 6926 6842 0 0 
8700 466 69 12 7320 7267 6925 6842 0 0 
8800 467 69 12 7320 7268 6925 6843 0 0 
8900 467 70 14 7320 7267 6927 6842 0 0 
9000 468 63 13 7386 7344 6997 6912 0 0 
9100 477 63 13 7380 7341 6994 6901 0 0 
9200 465 62 14 7448 7408 7071 6968 0 0 
9300 473 59 13 7530 7482 7146 7024 0 0 
9400 480 58 12 7639 7587 7249 7136 0 0 
9500 482 58 12 7636 7583 7246 7132 0 0 
9600 469 66 15 7722 7665 7331 7212 0 0 
9700 469 66 15 7724 7667 7330 7212 0 0 
9800 498 64 14 7786 7736 7390 7294 0 0 
9900 496 64 14 7774 7724 7377 7270 0 0 
10000 496 64 14 7775 7725 7378 7271 0 0 
