# Avida tasks data
# Sun Apr 23 19:42:21 2023
# First column gives the current update, next columns give the number
# of organisms that have the particular task as a component of their merit
#  1: Update
#  2: Not
#  3: Nand
#  4: And
#  5: OrNot
#  6: Or
#  7: AndNot
#  8: Nor
#  9: Xor
# 10: Equals

0 0 0 0 0 0 0 0 0 0 
100 0 0 0 0 0 0 0 0 0 
200 0 0 0 0 0 0 0 0 0 
300 0 0 0 0 0 0 0 0 0 
400 0 0 0 0 0 0 0 0 0 
500 0 0 0 0 0 0 0 0 0 
600 37 0 0 0 0 0 0 0 0 
700 268 32 0 36 0 0 0 0 0 
800 835 323 0 725 2 0 0 0 0 
900 977 150 0 893 1 0 0 0 0 
1000 1008 42 2 953 7 0 0 0 0 
1100 1139 34 2 1080 7 0 0 0 0 
1200 1438 32 0 1338 11 2 0 0 0 
1300 1495 37 0 1380 15 2 0 0 0 
1400 1600 47 0 1455 7 0 0 0 0 
1500 1766 43 0 1615 11 0 0 0 0 
1600 1950 59 0 1802 13 2 0 0 0 
1700 2276 72 0 2097 7 0 0 0 0 
1800 2787 84 0 2552 19 3 0 0 0 
1900 2854 76 0 2618 15 3 0 0 0 
2000 3210 80 0 2959 16 5 0 0 0 
2100 3571 89 0 3288 17 9 0 0 0 
2200 3926 118 0 3641 18 8 0 0 0 
2300 4309 127 0 4000 19 4 0 0 0 
2400 4684 136 0 4339 21 4 0 0 0 
2500 4973 143 0 4628 19 4 0 0 0 
2600 5205 150 3 4835 23 6 0 0 0 
2700 5369 150 0 4971 19 4 0 0 0 
2800 5550 153 0 5147 20 7 0 0 0 
2900 5771 624 1 5377 21 6 0 0 0 
3000 6384 1392 3 5994 30 10 0 0 0 
3100 7258 2316 8 6877 47 10 0 0 0 
3200 7758 2796 8 7347 53 8 0 0 0 
3300 7993 3055 12 7549 56 7 0 0 0 
3400 8302 3425 16 7844 53 9 0 0 0 
3500 8631 3824 23 8174 50 9 0 0 0 
3600 8826 4160 19 8403 74 13 0 0 0 
3700 8979 4405 22 8551 61 15 0 0 0 
3800 9143 4607 25 8731 77 20 0 0 0 
3900 9312 4851 18 8914 65 14 0 0 0 
4000 9535 5144 17 9134 86 11 0 0 0 
4100 9657 5397 19 9306 96 9 0 0 0 
4200 9877 5655 23 9486 97 13 0 0 0 
4300 9962 5842 28 9598 84 17 0 0 0 
4400 10155 6101 32 9798 88 19 0 0 0 
4500 10253 6327 38 9890 86 17 1 0 0 
4600 10401 6622 26 10092 110 13 1 0 0 
4700 10513 6804 27 10231 108 19 2 0 0 
4800 10675 7081 19 10396 102 21 0 0 0 
4900 10736 7254 38 10487 105 18 0 0 0 
5000 10885 7398 24 10622 108 24 0 0 0 
5100 10918 7527 25 10656 92 23 0 0 0 
5200 11033 7712 26 10786 117 17 0 0 0 
5300 10777 7842 25 10872 103 24 0 0 0 
5400 10229 7841 25 10862 108 25 0 0 0 
5500 9861 7888 25 10897 103 22 0 0 0 
5600 9600 7921 24 10921 99 26 0 0 0 
5700 9149 7927 24 10931 94 23 0 0 0 
5800 8910 7930 18 10933 98 25 0 0 0 
5900 8648 7974 18 10969 96 26 0 0 0 
6000 8495 8009 15 10972 97 26 0 0 0 
6100 8320 7950 15 11019 105 25 0 0 0 
6200 8307 7372 15 11012 103 28 0 0 0 
6300 8265 6824 15 11028 106 28 0 0 0 
6400 8213 6447 14 11010 96 26 0 0 0 
6500 8090 6180 13 11029 93 30 0 0 0 
6600 7957 5888 13 11023 99 24 0 0 0 
6700 7909 5607 13 11070 97 27 0 0 0 
6800 7841 5375 12 11053 105 23 0 0 0 
6900 7730 5205 14 11141 90 39 0 0 0 
7000 7765 5061 10 11197 93 24 0 0 0 
7100 8085 5061 11 11179 97 23 0 0 0 
7200 7870 5053 11 11212 96 24 0 0 0 
7300 7734 5026 11 11187 92 22 0 0 0 
7400 7647 4983 11 11187 88 24 0 0 0 
7500 7593 4930 14 11198 94 25 0 0 0 
7600 7548 4892 14 11277 91 28 0 0 0 
7700 7551 4859 12 11352 106 25 0 0 0 
7800 7470 4801 15 11477 104 29 0 0 0 
7900 7395 4714 14 11594 103 27 0 0 0 
8000 7368 4662 19 11734 115 29 0 0 0 
8100 7286 4562 14 11860 103 31 0 0 0 
8200 7232 4472 12 12044 104 28 0 0 0 
8300 7166 4437 15 12177 125 29 0 0 0 
8400 7172 4412 17 12224 119 26 1 0 0 
8500 7100 4340 13 12361 115 27 1 0 0 
8600 7047 4278 10 12428 105 23 1 0 0 
8700 7025 4255 10 12488 105 33 0 0 0 
8800 6972 4206 11 12537 119 26 0 0 0 
8900 6852 4102 9 12627 118 19 0 0 0 
9000 6794 4011 13 12706 129 28 0 0 0 
9100 6763 3968 8 12746 121 27 0 0 0 
9200 6757 3922 10 12768 139 22 0 0 0 
9300 6648 3856 12 12801 127 26 0 0 0 
9400 6546 3783 8 12868 129 26 0 0 0 
9500 6517 3749 8 12871 133 27 0 0 0 
9600 6483 3699 8 12930 135 33 0 0 0 
9700 6364 3627 7 12945 129 27 0 0 0 
9800 6218 3467 8 12959 121 27 0 0 0 
9900 6134 3339 7 12945 137 28 0 0 0 
10000 6048 3514 5 12998 162 30 0 0 0 
