# Avida tasks data
# Sun Apr 23 14:40:39 2023
# First column gives the current update, next columns give the number
# of organisms that have the particular task as a component of their merit
#  1: Update
#  2: Not
#  3: Nand
#  4: And
#  5: OrNot
#  6: Or
#  7: AndNot
#  8: Nor
#  9: Xor
# 10: Equals

0 0 0 0 0 0 0 0 0 0 
100 0 0 0 0 0 0 0 0 0 
200 0 0 0 0 0 0 0 0 0 
300 0 0 0 0 0 0 0 0 0 
400 0 0 0 0 0 0 0 0 0 
500 0 0 0 0 0 0 0 0 0 
600 4 0 0 0 0 0 0 0 0 
700 4 0 0 0 0 0 0 0 0 
800 8 0 0 0 0 0 0 0 0 
900 26 33 0 3 0 0 0 0 0 
1000 259 319 0 265 0 0 0 0 0 
1100 980 1848 0 1904 793 0 2 0 0 
1200 2059 2903 12 3064 2042 2 0 0 0 
1300 2790 3427 308 3923 2904 8 0 0 0 
1400 3378 2821 1247 4249 3281 19 0 0 0 
1500 3895 2302 1750 4623 3700 439 0 0 0 
1600 4476 1740 1942 4844 4024 1239 0 0 0 
1700 5187 2487 1867 5284 4524 2282 6 0 0 
1800 5916 3661 1818 5872 5167 3205 3 0 0 
1900 6649 4747 1672 6471 5865 4132 0 0 0 
2000 7448 5798 1478 7138 6530 5061 2 0 0 
2100 8294 6822 1447 7880 7215 5950 7 0 0 
2200 8901 7752 1331 8675 8014 6857 5 0 0 
2300 9572 8735 1139 9190 8563 7659 23 0 0 
2400 10082 9551 974 9839 9192 8376 35 0 0 
2500 10454 10233 846 10424 9701 9025 131 0 0 
2600 10727 10799 742 10551 9897 9506 208 0 0 
2700 10999 11169 790 11066 10423 9993 364 0 0 
2800 11118 11309 1099 11325 10649 10393 521 0 0 
2900 11106 11107 1464 11431 10740 10654 729 0 0 
3000 11072 10860 1895 11445 10848 10798 918 0 0 
3100 10996 10663 2324 11560 11045 11071 1128 0 0 
3200 11239 10412 2774 11714 11194 11270 1341 0 0 
3300 11260 10325 3129 11818 11284 11375 1618 0 0 
3400 11258 10579 3514 11865 11387 11555 1862 0 0 
3500 11292 10672 3843 11733 11235 11463 2203 0 0 
3600 11262 10590 4371 11839 11373 11640 2745 0 0 
3700 11317 10193 4962 11839 11343 11716 3390 1 0 
3800 11340 9722 5629 11682 11259 11411 3617 0 294 
3900 11513 9165 6075 11813 11282 11451 3236 4 1524 
4000 11682 8820 6306 11845 11352 11412 2707 2 2882 
4100 11555 8531 6793 11869 11249 11356 2682 3 3708 
4200 11495 8189 7175 11848 11207 11274 2671 2 4519 
4300 11233 7896 7818 11784 11203 11203 2738 7 5317 
4400 11080 7595 8337 11826 11248 11164 2811 7 6011 
4500 10762 7207 8889 11786 11311 11271 3023 6 6805 
4600 10441 7031 9429 11645 11207 11138 3129 10 7378 
4700 10300 6924 9889 11614 11224 11106 3240 16 7862 
4800 9980 6782 10155 11497 11145 11014 3446 14 8140 
4900 9651 6726 10541 11424 11160 10927 3565 17 8508 
5000 9383 6635 10953 11419 11147 10901 3570 9 8811 
5100 9131 6387 11457 11492 11279 11046 3797 22 9431 
5200 8770 6167 11743 11359 11090 10946 3896 8 9727 
5300 8596 6071 12101 11495 11255 10965 4089 22 9951 
5400 8445 6087 12254 11447 11281 10896 4384 14 10181 
5500 8185 6061 12473 11418 11317 10873 4808 17 10353 
5600 8178 6236 12491 11290 11268 10826 5076 28 10369 
5700 8366 6466 12627 11444 11338 10983 5442 19 10627 
5800 8515 6745 12642 11452 11282 10870 5669 46 10622 
5900 8583 6962 12647 11447 11219 10782 5952 40 10548 
6000 8677 7201 12676 11497 11338 10810 6429 49 10656 
6100 8622 7490 12738 11513 11307 10934 6789 41 10692 
6200 8784 7860 12731 11614 11382 10843 7082 56 10798 
6300 8818 8064 12680 11587 11352 10808 7208 70 10709 
6400 8806 8437 12742 11571 11339 10831 7607 77 10745 
6500 8990 8887 12763 11665 11265 10953 7868 59 10843 
6600 9217 9275 12815 11688 11213 10959 8067 73 10817 
6700 9167 9482 12738 11670 11080 10822 8115 101 10704 
6800 9441 9918 12850 11705 11170 10879 8396 84 10901 
6900 9279 10082 12726 11665 10929 10742 8477 100 10670 
7000 9614 10324 12596 11658 10961 10675 8698 95 10591 
7100 9830 10677 12798 11793 11001 10811 8904 119 10771 
7200 10029 11058 12767 11805 10907 10749 8950 97 10771 
7300 10015 11239 12640 11851 11017 10794 9141 117 10780 
7400 10156 11378 12824 11900 10924 10805 9284 102 10698 
7500 10229 11635 12822 11940 10851 10878 9449 110 10795 
7600 10217 11813 12772 11934 10814 10793 9529 120 10729 
7700 10147 11904 12700 11858 10736 10736 9447 131 10648 
7800 10352 12032 12756 11950 10755 10891 9548 121 10889 
7900 10485 12176 12739 11948 10745 10857 9639 126 10730 
8000 10449 12261 12754 12168 10736 10991 9760 91 10900 
8100 10473 12404 12761 12032 10708 10901 9679 122 10841 
8200 10527 12516 12709 12038 10689 10797 9802 94 10750 
8300 10627 12669 12683 12075 10742 10846 9850 107 10781 
8400 10704 12835 12785 12168 10864 11002 9915 106 10932 
8500 10540 12845 12679 12139 10648 10904 9834 122 10816 
8600 10642 13012 12732 12263 10802 10978 9837 114 10773 
8700 10730 12982 12713 12258 10683 10920 9795 139 10800 
8800 10732 12906 12699 12142 10634 10936 9785 99 10797 
8900 10864 13044 12751 12280 10759 10972 9884 87 10894 
9000 10789 13128 12806 12279 10759 10995 9828 99 10901 
9100 10882 13197 12816 12289 10835 11016 9912 93 10947 
9200 10743 13074 12771 12284 10762 10834 9902 94 10718 
9300 10831 12991 12737 12257 10768 10803 9904 110 10758 
9400 10876 13092 12713 12370 10726 10930 9857 108 10874 
9500 10933 12989 12743 12416 10763 11020 9988 96 10920 
9600 10877 13013 12775 12372 10741 10904 9971 98 10859 
9700 10931 13043 12757 12317 10810 10956 9989 101 10910 
9800 11060 13102 12870 12418 10876 11071 10068 98 11069 
9900 10966 13080 12740 12388 10804 10998 10074 101 10874 
10000 10841 13069 12804 12324 10774 10865 9994 126 10831 
