# Avida tasks data
# Sun Apr 23 13:02:49 2023
# First column gives the current update, next columns give the number
# of organisms that have the particular task as a component of their merit
#  1: Update
#  2: Not
#  3: Nand
#  4: And
#  5: OrNot
#  6: Or
#  7: AndNot
#  8: Nor
#  9: Xor
# 10: Equals

0 0 0 0 0 0 0 0 0 0 
100 0 0 0 0 0 0 0 0 0 
200 0 0 0 0 0 0 0 0 0 
300 0 0 0 0 0 0 0 0 0 
400 0 0 0 0 0 0 0 0 0 
500 0 0 0 0 0 0 0 0 0 
600 0 0 0 0 0 0 0 0 0 
700 0 0 0 0 0 0 0 0 0 
800 1 0 0 0 0 0 0 0 0 
900 1 0 0 0 0 0 0 0 0 
1000 30 0 5 0 0 0 0 0 0 
1100 191 15 57 0 0 0 0 0 0 
1200 331 72 169 17 0 5 0 0 0 
1300 479 340 263 201 0 141 0 0 0 
1400 802 786 488 1366 0 994 0 0 0 
1500 591 897 2047 3030 770 2833 679 0 0 
1600 837 1441 1721 3026 2957 4165 2359 0 0 
1700 1038 1318 1110 3886 4460 4812 3555 0 0 
1800 1447 1192 740 5032 5944 5690 4727 0 0 
1900 2516 1174 486 5986 7181 6462 5810 0 0 
2000 3665 979 344 6810 8144 7048 6538 0 0 
2100 4926 841 300 7669 8900 7682 7172 0 0 
2200 6410 752 851 8550 9808 8420 7836 0 0 
2300 7676 710 1842 9475 10616 9252 8665 0 0 
2400 8739 771 2880 10238 11337 9847 9234 0 1 
2500 9660 1211 3957 10681 11792 10229 9606 0 0 
2600 10300 1976 4817 11103 12025 10402 9819 0 0 
2700 10787 2611 5711 11563 12279 10738 10043 0 0 
2800 11101 3357 6448 11784 12313 10724 10029 1 14 
2900 11366 4161 7056 11911 12448 10680 10083 0 17 
3000 11677 5238 7664 12159 12516 10718 10045 0 20 
3100 11912 6102 8322 12310 12527 10837 10113 0 19 
3200 12070 6895 8805 12405 12576 10867 10164 2 31 
3300 12116 7695 9267 12412 12481 10872 10165 0 32 
3400 12184 8426 9596 12443 12410 10850 10120 2 45 
3500 12155 9126 10011 12692 12520 10951 10297 0 53 
3600 12203 9631 10106 12637 12476 10877 10219 2 38 
3700 12307 10075 10381 12903 12674 11059 10451 0 23 
3800 12290 10565 10410 12790 12546 11067 10378 1 39 
3900 11813 11040 9896 12761 12465 10901 10178 4 403 
4000 11084 11292 9208 12797 12586 11005 10272 21 1166 
4100 10106 11566 8360 12823 12524 11085 10362 46 2097 
4200 9294 11870 7683 12716 12475 11196 10346 94 2766 
4300 8701 12078 6761 12779 12571 11154 10376 94 3670 
4400 8452 12403 5932 12812 12560 11260 10420 100 4619 
4500 8849 12495 5398 12773 12524 11293 10301 149 5188 
4600 8990 12632 4603 12825 12573 11354 10451 178 5935 
4700 9365 12649 3754 12780 12595 11392 10366 170 6734 
4800 9668 12682 3191 12772 12548 11425 10417 212 7435 
4900 10006 12723 2561 12766 12570 11440 10438 207 7955 
5000 10491 12815 2080 12760 12538 11414 10420 228 8457 
5100 10965 12703 1741 12852 12614 11554 10524 227 8939 
5200 11374 12714 1488 12789 12588 11582 10389 257 9146 
5300 11785 12692 1257 12802 12562 11579 10436 282 9397 
5400 12081 12759 1092 12804 12560 11613 10507 342 9638 
5500 12448 12689 960 12737 12433 11624 10406 297 9664 
5600 12658 12787 760 12839 12574 11606 10442 278 9870 
5700 12932 12593 706 12871 12522 11652 10460 312 9905 
5800 13087 12792 639 12956 12626 11746 10549 315 10157 
5900 13270 12785 589 12905 12565 11715 10489 313 10139 
6000 13325 12700 477 12782 12579 11687 10576 241 10219 
6100 13436 12775 497 12788 12576 11785 10550 303 10287 
6200 13537 12922 516 12812 12572 11697 10501 272 10234 
6300 13550 12795 551 12874 12616 11709 10640 320 10293 
6400 13616 12818 505 12825 12480 11713 10551 315 10249 
6500 13589 12732 540 12822 12587 11846 10622 310 10383 
6600 13469 12667 534 12876 12573 11657 10498 324 10202 
6700 13553 12718 517 12857 12557 11777 10565 314 10277 
6800 13527 12739 517 12915 12581 11678 10545 311 10273 
6900 13641 12845 433 12925 12722 11716 10736 241 10402 
7000 13613 12875 496 12917 12662 11790 10677 281 10382 
7100 13575 12865 568 12850 12602 11802 10633 365 10321 
7200 13621 12898 481 12925 12590 11731 10623 289 10272 
7300 13632 12921 481 12855 12597 11750 10625 305 10315 
7400 13678 12934 486 12841 12554 11685 10659 292 10298 
7500 13583 12988 480 12919 12650 11819 10746 289 10419 
7600 13545 12947 444 12999 12726 11909 10915 265 10605 
7700 13572 12980 420 12898 12700 11834 10748 241 10447 
7800 13559 13026 464 12937 12650 11804 10656 283 10403 
7900 13540 13094 516 12877 12582 11759 10694 295 10351 
8000 13597 13012 470 12887 12596 11769 10634 275 10275 
8100 13576 12879 480 12844 12567 11826 10710 278 10412 
8200 13570 12909 509 13030 12752 11894 10824 304 10530 
8300 13548 12928 482 12847 12621 11829 10735 271 10462 
8400 13563 13049 484 12905 12739 11880 10845 281 10452 
8500 13616 12986 491 12854 12745 11970 10869 289 10587 
8600 13690 13010 511 13005 12713 11906 10801 329 10440 
8700 13709 13172 489 12974 12706 11897 10870 296 10465 
8800 13615 12961 485 13067 12781 11978 10902 283 10581 
8900 13643 13101 492 12962 12668 11929 10888 293 10545 
9000 13634 13048 460 12872 12689 11803 10768 256 10459 
9100 13752 13068 442 12974 12826 12081 11102 227 10707 
9200 13608 13054 463 12923 12675 11854 10765 271 10466 
9300 13655 13043 444 12947 12799 11913 10866 238 10524 
9400 13625 12961 458 12981 12701 11894 10869 266 10559 
9500 13711 13088 461 12953 12737 11840 10839 277 10471 
9600 13606 13080 466 12917 12697 11891 10834 257 10474 
9700 13670 12998 470 13013 12777 11905 10855 244 10584 
9800 13670 12984 486 12982 12687 11902 10791 266 10492 
9900 13723 13100 482 12995 12766 12000 10906 281 10556 
10000 13596 13153 435 12987 12771 11999 10971 259 10639 
