# Avida tasks data
# Sun Apr 23 10:36:44 2023
# First column gives the current update, next columns give the number
# of organisms that have the particular task as a component of their merit
#  1: Update
#  2: Not
#  3: Nand
#  4: And
#  5: OrNot
#  6: Or
#  7: AndNot
#  8: Nor
#  9: Xor
# 10: Equals

0 0 0 0 0 0 0 0 0 0 
100 0 0 0 0 0 0 0 0 0 
200 0 0 0 0 0 0 0 0 0 
300 70 0 0 0 0 0 0 0 0 
400 415 0 0 0 0 0 0 0 0 
500 1036 0 0 4 0 0 0 0 0 
600 1891 1 0 38 0 0 0 0 0 
700 2885 6 0 183 13 0 0 0 0 
800 3968 24 0 294 205 0 0 0 0 
900 5242 180 0 1464 1396 0 0 0 0 
1000 6386 1260 0 2588 2575 0 91 0 0 
1100 8894 1329 0 5515 5474 137 3099 0 0 
1200 10564 1293 0 7499 7515 211 5302 0 0 
1300 11390 1172 0 8744 8854 413 6893 0 0 
1400 11864 1128 0 10375 10271 1779 8319 0 0 
1500 12213 1074 2 11383 11239 3385 9398 0 0 
1600 12492 896 3 12019 11750 5086 10139 0 0 
1700 12627 731 12 12275 11822 6471 10471 0 0 
1800 12737 620 6 12532 11919 7809 10898 0 0 
1900 12822 474 2 12776 12103 8983 11143 0 0 
2000 12849 330 7 12849 12128 9896 11460 0 0 
2100 12989 202 8 13048 12254 10680 11811 0 0 
2200 13019 147 20 12999 12217 11078 11856 0 0 
2300 13008 97 3 13006 12208 11438 11841 0 0 
2400 13072 83 4 13063 12237 11621 11982 0 0 
2500 13059 95 8 13083 12293 11869 12041 0 0 
2600 13028 95 11 13069 12311 11934 12025 0 0 
2700 13006 113 8 13116 12302 11897 11920 0 0 
2800 13063 80 5 13140 12294 11912 12026 0 0 
2900 13043 92 10 13134 12298 11946 12093 0 0 
3000 13031 116 15 13097 12274 11840 12018 0 0 
3100 13031 88 3 13086 12278 11838 12014 0 0 
3200 12963 116 19 13098 12266 11957 12008 0 0 
3300 12961 92 9 13091 12181 11823 11998 0 0 
3400 12999 85 10 13113 12250 11908 12026 0 0 
3500 13049 101 9 13127 12278 11915 12052 0 0 
3600 12987 104 15 13093 12276 11819 12057 0 0 
3700 12998 82 2 13068 12320 11924 12131 0 0 
3800 13062 106 8 13190 12377 12014 12160 0 0 
3900 13048 94 15 13099 12205 11841 12010 0 0 
4000 13039 78 8 13143 12354 12054 12138 0 0 
4100 12965 116 18 13093 12285 11900 12054 0 0 
4200 13067 109 8 13116 12234 11928 12025 0 0 
4300 13074 81 5 13147 12281 11944 12077 0 0 
4400 13002 101 10 13131 12355 11933 12144 0 0 
4500 13026 195 14 13168 12219 11878 12030 0 0 
4600 13045 381 5 13102 12238 11894 11984 0 0 
4700 12931 639 4 13063 12140 11781 12053 0 0 
4800 13037 1081 7 13133 12248 11960 12121 0 0 
4900 12844 1611 6 13063 12156 11854 11997 0 0 
5000 12865 2492 5 13111 12238 11918 12108 0 0 
5100 12987 3403 8 13084 12308 11922 12113 0 0 
5200 12928 4250 11 13081 12291 11826 12087 0 0 
5300 13011 5033 16 13120 12256 11909 12082 0 0 
5400 13014 5946 11 13131 12170 11867 11983 0 0 
5500 13002 6964 9 13086 12263 11896 12081 0 0 
5600 12915 7967 18 13072 12241 11868 12086 0 0 
5700 12910 8783 13 13112 12200 11855 12029 0 0 
5800 12974 9204 17 13131 12331 11991 12141 0 0 
5900 12864 9811 19 13115 12279 11879 12112 0 0 
6000 13016 10664 2 13118 12346 11961 12199 0 0 
6100 12939 11199 19 13080 12217 11862 12084 0 0 
6200 12862 11597 17 13092 12267 11853 12061 0 0 
6300 12956 11838 11 13094 12353 11921 12139 0 0 
6400 12872 12156 15 13094 12203 11863 12106 0 0 
6500 12934 12214 10 13115 12306 11929 12179 0 0 
6600 12932 12376 24 13099 12223 11869 12050 0 0 
6700 13002 12503 18 13099 12280 11973 12188 0 0 
6800 13030 12490 27 13153 12285 11874 12106 0 0 
6900 13000 12512 30 13082 12283 11900 12168 0 0 
7000 12925 12553 24 13081 12221 11919 12119 2 0 
7100 12890 12625 13 13058 12184 11798 12017 0 0 
7200 12969 12556 21 13144 12213 12019 12092 0 0 
7300 12985 12562 19 13055 12185 11799 12076 0 0 
7400 12949 12432 19 13069 12187 11725 12031 0 0 
7500 12960 12585 22 13148 12191 11902 12117 0 0 
7600 12936 12443 11 13090 12225 11851 12115 0 0 
7700 12958 12429 67 13139 12280 11979 12146 0 0 
7800 12831 12508 157 13034 12200 11901 12133 0 3 
