# Avida tasks data
# Sun Apr 23 11:29:32 2023
# First column gives the current update, next columns give the number
# of organisms that have the particular task as a component of their merit
#  1: Update
#  2: Not
#  3: Nand
#  4: And
#  5: OrNot
#  6: Or
#  7: AndNot
#  8: Nor
#  9: Xor
# 10: Equals

0 0 0 0 0 0 0 0 0 0 
100 0 0 0 0 0 0 0 0 0 
200 0 0 0 0 0 0 0 0 0 
300 14 0 0 0 0 0 0 0 0 
400 76 0 0 2 0 0 0 0 0 
500 204 16 9 218 0 0 0 0 0 
600 249 932 63 1667 1197 0 0 0 0 
700 270 3017 51 3685 3129 0 0 0 0 
800 407 5205 43 5519 4969 0 0 0 0 
900 618 7241 46 7258 6635 3 30 0 0 
1000 944 8750 39 8307 7724 2 119 0 0 
1100 1442 9813 45 8950 8355 10 163 0 0 
1200 2119 10640 37 9555 8895 1 294 0 0 
1300 2669 11178 31 9624 9291 45 608 0 0 
1400 2826 11527 25 9801 9597 506 1536 0 0 
1500 2581 11895 24 10490 9925 932 2685 0 0 
1600 2214 12396 23 11029 10183 1211 3765 0 0 
1700 1778 12638 27 11375 10265 1333 4818 0 0 
1800 1329 12881 21 11762 10340 1468 5854 0 0 
1900 1086 13010 25 12031 10377 1531 6805 0 0 
2000 1157 13033 22 12233 10540 1659 7643 0 0 
2100 1137 13121 30 12468 10754 2695 8553 0 0 
2200 1087 13146 17 12669 10825 3820 9106 0 0 
2300 1130 13207 22 12738 10867 4881 9538 0 0 
2400 1105 13093 26 12822 11030 5940 9948 0 0 
2500 1067 13189 21 13013 10936 6710 10210 0 0 
2600 1016 13217 32 13053 11025 7537 10717 2 0 
2700 980 13223 41 13149 11147 8346 11122 936 0 
2800 981 13170 30 13151 11188 8864 11235 2244 0 
2900 941 13173 28 13123 11170 9248 11272 3474 0 
3000 977 13188 35 13208 11296 9634 11388 4637 0 
3100 1010 13141 40 13198 11300 9896 11393 5570 0 
3200 1029 13188 21 13186 11336 10182 11500 6617 0 
3300 1044 13239 46 13190 11337 10595 11511 7581 0 
3400 1052 13284 45 13234 11557 10983 11672 8352 0 
3500 1158 13315 43 13255 11448 11084 11539 8788 1 
3600 1220 13166 27 13140 11477 11162 11557 9283 0 
3700 1267 13244 24 13224 11493 11371 11601 9608 0 
3800 1423 13137 16 13252 11476 11364 11551 9852 0 
3900 1509 13123 29 13202 11472 11492 11570 10149 0 
4000 1697 13087 27 13136 11496 11595 11593 10215 0 
4100 1719 12922 24 13108 11506 11617 11603 10320 0 
4200 2079 12852 270 13110 11534 11768 11604 10476 0 
4300 2439 12755 678 13068 11484 11668 11557 10389 0 
4400 3163 12582 1442 12942 11509 11727 11611 10559 0 
4500 3918 12365 2135 12728 11394 11727 11488 10473 0 
4600 4757 12205 2649 12800 11500 11644 11600 10516 0 
4700 5468 11952 3235 12623 11484 11600 11580 10464 0 
4800 6292 11987 3960 12502 11444 11686 11569 10516 0 
4900 7212 11633 4505 12464 11482 11623 11575 10519 1 
5000 7962 11490 5131 12318 11422 11567 11492 10454 1 
5100 8832 11428 5886 12124 11298 11599 11376 10403 0 
5200 9510 11187 6407 12094 11369 11514 11428 10455 0 
5300 10165 11025 6830 12000 11316 11472 11349 10357 0 
5400 10744 11123 7437 12026 11459 11613 11511 10496 0 
5500 11163 10919 7758 11934 11380 11639 11434 10464 0 
5600 11713 10959 8227 11966 11537 11584 11558 10599 1 
5700 12232 10793 8477 11741 11294 11557 11346 10401 1 
5800 12619 10750 8881 11725 11378 11620 11403 10430 2 
5900 12875 10642 9283 11563 11336 11522 11363 10400 3 
6000 13111 10599 9508 11735 11493 11665 11542 10615 3 
6100 13228 10620 9613 11585 11385 11580 11415 10512 5 
6200 13265 10643 9757 11615 11404 11611 11399 10577 1 
6300 13303 10504 9746 11649 11400 11669 11417 10551 2 
6400 13334 10537 9917 11630 11489 11639 11492 10549 6 
6500 13334 10672 10003 11712 11535 11704 11527 10625 3 
6600 13378 10607 10064 11633 11466 11715 11449 10548 5 
6700 13358 10760 10224 11683 11509 11722 11460 10600 7 
6800 13312 10825 10174 11577 11341 11577 11371 10478 28 
6900 13376 10888 10170 11699 11519 11615 11580 10527 92 
7000 13357 10930 9966 11620 11478 11648 11457 10490 212 
7100 13294 10934 9937 11661 11492 11717 11453 10531 291 
7200 13311 10958 9896 11611 11507 11716 11479 10630 432 
7300 13301 10866 9637 11639 11473 11747 11470 10463 653 
7400 13290 11071 9632 11773 11575 11884 11604 10626 803 
7500 13288 11152 9379 11872 11595 11733 11639 10618 1096 
7600 13220 11148 9229 11767 11603 11771 11548 10612 1196 
7700 13280 11239 8852 11816 11576 11790 11545 10597 1575 
7800 13279 11193 8447 11717 11448 11708 11455 10492 1885 
7900 13305 11268 8273 11720 11545 11796 11559 10598 2142 
8000 13320 11423 8039 11804 11557 11889 11561 10686 2467 
8100 13300 11354 7686 11847 11691 11903 11685 10666 2646 
8200 13277 11279 7281 11819 11522 11782 11549 10573 2999 
8300 13380 11500 6998 11861 11669 11847 11701 10629 3447 
8400 13213 11300 6585 11818 11643 11828 11615 10528 3629 
8500 13214 11378 6216 11765 11543 11832 11531 10485 4008 
8600 13235 11472 5920 11917 11624 11837 11721 10642 4306 
8700 13283 11546 5529 11890 11586 11900 11575 10510 4697 
8800 13248 11578 5237 11774 11459 11775 11461 10462 4989 
8900 13276 11408 4872 11874 11606 11816 11598 10528 5234 
9000 13287 11472 4522 11861 11557 11901 11565 10515 5547 
9100 13271 11491 4012 11774 11603 11892 11611 10518 5983 
9200 13263 11423 3649 11740 11550 11830 11579 10440 6225 
9300 13261 11410 3406 11952 11712 11875 11661 10598 6501 
9400 13262 11461 3121 11882 11625 11867 11631 10505 6727 
9500 13202 11443 2849 11829 11541 11847 11507 10442 6896 
9600 13272 11558 2569 12006 11676 11934 11704 10616 7340 
9700 13289 11580 2298 11927 11614 11917 11614 10583 7558 
9800 13249 11550 2105 11936 11656 11918 11697 10558 7607 
9900 13230 11576 2040 12048 11724 11973 11720 10679 7785 
10000 13218 11528 1819 11963 11672 11778 11731 10528 7896 
