# Avida tasks data
# Sun Apr 23 20:32:38 2023
# First column gives the current update, next columns give the number
# of organisms that have the particular task as a component of their merit
#  1: Update
#  2: Not
#  3: Nand
#  4: And
#  5: OrNot
#  6: Or
#  7: AndNot
#  8: Nor
#  9: Xor
# 10: Equals

0 0 0 0 0 0 0 0 0 0 
100 0 0 0 0 0 0 0 0 0 
200 0 0 0 0 0 0 0 0 0 
300 0 0 0 0 0 0 0 0 0 
400 0 0 0 0 0 0 0 0 0 
500 0 0 0 0 0 0 0 0 0 
600 0 0 0 0 0 0 0 0 0 
700 724 515 0 22 0 0 0 0 0 
800 2355 2158 1 56 1 0 0 0 0 
900 4285 4092 2 186 3 0 0 0 0 
1000 6362 6223 3 479 4 0 0 0 0 
1100 8401 8250 0 1027 8 0 0 0 0 
1200 9911 9758 1 1689 17 0 0 0 0 
1300 11177 11055 7 2323 21 0 0 0 0 
1400 11937 11823 6 3094 38 1 0 0 0 
1500 12227 12161 5 3828 38 1 0 0 0 
1600 12597 12392 7 4565 132 0 0 0 0 
1700 12700 12691 7 5267 336 0 0 0 0 
1800 12631 12656 4 5559 788 1 0 0 0 
1900 12728 12656 3 6042 1127 8 0 0 0 
2000 12810 12797 8 6595 1585 11 0 0 0 
2100 12753 12872 9 7322 2231 959 0 0 0 
2200 12818 12943 14 7942 3262 2391 0 0 0 
2300 12819 12974 13 8668 4306 3901 0 0 0 
2400 12750 13052 7 9160 5249 5303 0 0 0 
2500 12730 13090 15 9616 6207 6521 0 0 0 
2600 12830 13123 14 10119 7071 7577 0 0 0 
2700 12786 13195 11 10430 8014 8662 14 0 0 
2800 12789 13275 23 10561 8870 9707 14 0 0 
2900 12829 13293 20 10731 9662 10580 20 0 0 
3000 12896 13329 25 10975 10338 11172 35 0 0 
3100 12840 13331 30 11180 10698 11605 52 0 0 
3200 12820 13392 20 11207 10992 12045 43 0 0 
3300 12904 13441 26 11336 11362 12340 46 0 0 
3400 12879 13439 30 11292 11553 12530 96 0 0 
3500 12808 13469 19 11291 11689 12660 88 0 0 
3600 12820 13486 25 11283 11903 12905 119 0 0 
3700 12857 13490 40 11418 11967 12990 140 0 0 
3800 12853 13469 16 11410 12108 13038 159 0 0 
3900 12878 13435 28 11461 12130 13147 207 0 0 
4000 12891 13481 19 11361 12028 13031 305 0 0 
4100 12893 13473 20 11164 11727 12860 535 0 0 
4200 12844 13575 19 11049 11418 12870 977 0 0 
4300 12892 13574 24 10874 10914 12797 1656 0 0 
4400 12860 13570 18 10212 10617 12883 2550 0 0 
4500 12815 13603 26 9251 10381 13035 3562 0 0 
4600 12873 13599 20 8701 10350 13084 4692 0 0 
4700 12772 13540 20 8530 10309 13044 5606 0 0 
4800 12892 13614 35 8580 10697 13119 6679 0 0 
4900 12767 13608 34 8711 10787 13243 7370 0 0 
5000 12877 13626 56 8994 11009 13217 8201 0 0 
5100 12966 13643 36 9125 11243 13283 8988 0 0 
5200 12894 13648 67 9585 11377 13294 9626 0 0 
5300 12831 13639 54 9711 11580 13253 9893 0 0 
5400 12946 13766 37 10072 11640 13291 10323 0 0 
5500 12906 13714 55 10545 11898 13255 10558 0 0 
5600 12881 13698 37 10790 11956 13254 10760 0 0 
5700 12930 13675 50 11025 11985 13294 10898 0 0 
5800 12958 13736 43 11272 12042 13270 11146 0 0 
5900 12870 13723 54 11360 12032 13207 11160 0 0 
6000 13017 13754 30 11626 12092 13231 11250 0 0 
6100 13003 13713 51 12054 12130 13304 11272 0 0 
6200 12922 13714 44 12086 12048 13165 11151 0 0 
6300 12889 13730 41 12086 12047 13206 11196 0 0 
6400 12980 13772 35 12236 12160 13309 11262 0 0 
6500 13051 13726 50 12383 12257 13256 11453 0 0 
6600 13001 13752 44 12448 12180 13267 11398 0 0 
6700 12920 13726 16 12423 12148 13282 11408 0 0 
6800 13049 13773 38 12430 12201 13302 11388 0 0 
6900 13035 13791 40 12445 12126 13283 11391 0 0 
7000 13083 13757 55 12520 12177 13250 11484 0 0 
7100 13074 13726 48 12550 12247 13262 11524 0 0 
7200 13002 13797 33 12519 12174 13305 11502 0 0 
7300 12984 13765 41 12576 12228 13289 11527 0 0 
7400 13076 13781 28 12630 12226 13145 11463 0 0 
7500 13085 13780 35 12612 12261 13265 11531 0 0 
7600 13104 13709 33 12518 12212 13238 11432 0 0 
7700 13030 13769 39 12614 12234 13321 11579 0 0 
7800 13077 13774 34 12718 12257 13259 11603 0 0 
7900 13056 13721 48 12673 12305 13219 11611 0 0 
8000 13041 13732 40 12653 12181 13215 11483 0 0 
8100 13052 13746 45 12684 12229 13260 11532 0 0 
8200 13095 13761 43 12710 12273 13282 11542 0 0 
8300 13135 13755 32 12777 12324 13263 11695 0 0 
8400 13118 13783 41 12759 12327 13223 11708 0 0 
8500 13132 13809 26 12762 12368 13337 11685 0 0 
8600 13079 13770 30 12723 12305 13282 11704 0 0 
8700 13196 13772 34 12828 12354 13259 11723 0 0 
8800 13215 13798 40 12892 12433 13275 11748 0 0 
8900 13126 13776 28 12687 12234 13234 11561 0 0 
9000 13112 13781 33 12736 12305 13206 11690 0 0 
9100 13184 13798 34 12798 12368 13331 11775 0 0 
9200 13177 13751 23 12807 12378 13308 11735 0 0 
9300 13215 13782 25 12770 12421 13339 11777 0 0 
9400 13140 13784 20 12757 12333 13272 11693 0 0 
9500 13093 13771 33 12751 12350 13246 11638 0 0 
9600 13157 13769 28 12794 12359 13307 11661 0 0 
9700 13118 13776 33 12863 12386 13268 11737 0 0 
9800 13162 13794 38 12761 12250 13293 11702 0 0 
9900 13206 13779 28 12911 12407 13266 11789 0 0 
10000 13083 13689 32 12734 12285 13234 11624 0 0 
