# Avida tasks data
# Sun Apr 23 14:12:09 2023
# First column gives the current update, next columns give the number
# of organisms that have the particular task as a component of their merit
#  1: Update
#  2: Not
#  3: Nand
#  4: And
#  5: OrNot
#  6: Or
#  7: AndNot
#  8: Nor
#  9: Xor
# 10: Equals

0 0 0 0 0 0 0 0 0 0 
100 0 0 0 0 0 0 0 0 0 
200 0 0 0 0 0 0 0 0 0 
300 0 0 0 0 0 0 0 0 0 
400 0 0 0 0 0 0 0 0 0 
500 0 10 0 34 0 0 0 0 0 
600 196 61 0 636 0 0 0 0 0 
700 987 756 10 994 1 555 0 0 0 
800 1054 1048 92 1118 4 874 0 0 0 
900 1048 1044 88 1114 4 871 0 0 0 
1000 1049 1050 95 1119 4 873 0 0 0 
1100 1049 1046 89 1113 4 869 0 0 0 
1200 1049 1051 94 1116 4 874 0 0 0 
1300 1048 1047 89 1112 4 870 0 0 0 
1400 1048 1048 90 1113 4 871 0 0 0 
1500 1048 1047 89 1112 4 870 0 0 0 
1600 1048 1050 93 1113 4 873 0 0 0 
1700 1048 1050 94 1114 4 874 0 0 0 
1800 1048 1049 93 1113 4 873 0 0 0 
1900 1049 1048 87 1108 4 869 0 0 0 
2000 1049 1049 88 1109 4 870 0 0 0 
2100 1049 1051 90 1112 4 872 0 0 0 
2200 1048 1047 86 1108 4 869 0 0 0 
2300 1048 1047 86 1109 4 870 0 0 0 
2400 1046 1043 83 1107 4 868 0 0 0 
2500 1047 1039 80 1103 4 864 0 0 0 
2600 1047 1043 84 1105 4 868 0 0 0 
2700 1047 1043 84 1105 4 868 0 0 0 
2800 1047 1044 85 1106 4 869 0 0 0 
2900 1049 1044 85 1107 4 869 0 0 0 
3000 1049 1044 85 1107 4 869 0 0 0 
3100 1049 1044 85 1107 4 869 0 0 0 
3200 1049 1045 86 1109 4 870 0 0 0 
3300 1049 1045 86 1109 4 870 0 0 0 
3400 1049 1045 86 1109 4 870 0 0 0 
3500 954 1061 183 1126 4 880 0 0 0 
3600 676 1654 78 1743 3 1568 0 0 0 
3700 619 1800 85 1960 9 1775 6 0 0 
3800 529 2278 105 2502 0 2340 9 0 0 
3900 439 2977 147 3260 2 3123 17 0 0 
4000 415 3686 167 3998 9 3944 17 0 0 
4100 458 4352 232 5401 16 5319 25 0 0 
4200 495 4457 335 6122 19 6022 26 0 0 
4300 578 4653 421 6616 41 6511 26 0 0 
4400 792 4672 435 6860 43 6735 26 0 0 
4500 912 4668 436 6892 65 6768 25 0 0 
4600 1046 4644 404 6933 54 6798 24 0 0 
4700 1094 4690 421 6957 56 6814 24 0 0 
4800 1208 4868 428 7115 63 6964 26 0 0 
4900 1227 4853 455 7240 92 7076 29 0 0 
5000 1276 4977 556 7655 128 7462 30 0 0 
5100 1389 4970 553 7836 136 7636 30 0 0 
5200 1367 4967 570 7865 140 7656 31 0 0 
5300 1452 4876 550 7877 142 7673 34 0 0 
5400 1428 4893 522 7946 130 7749 29 0 0 
5500 1379 4875 496 8030 121 7822 29 0 0 
5600 1391 4893 513 8364 122 8151 29 0 0 
5700 1404 4915 536 8642 140 8416 30 0 0 
5800 1422 4946 565 8869 143 8614 30 0 0 
5900 1426 4884 561 8935 145 8679 30 0 0 
6000 1498 4867 631 8919 147 8656 29 0 0 
6100 1507 4864 636 8931 153 8683 29 0 0 
6200 1508 4842 675 8987 183 8744 29 0 0 
6300 1499 4832 820 8979 218 8734 28 0 0 
6400 1506 4807 859 8984 190 8740 28 0 0 
6500 1603 4785 915 8979 273 8733 28 0 0 
6600 1660 4717 877 8968 432 8722 30 0 0 
6700 1718 4585 866 8973 573 8721 30 0 0 
6800 1711 4553 928 8968 655 8713 30 0 0 
6900 1726 4545 1071 8942 777 8700 30 0 0 
7000 1797 4552 1112 8943 836 8705 30 0 0 
7100 1843 4490 1137 8951 870 8709 30 0 0 
7200 1956 4390 1056 8933 900 8693 30 0 0 
7300 1927 4265 1065 8910 1022 8673 29 0 0 
7400 1908 4244 1069 8910 1046 8674 29 0 0 
7500 1907 4244 1069 8910 1049 8674 29 0 0 
7600 1909 4244 1069 8909 1046 8673 29 0 0 
7700 1911 4214 1070 8907 1083 8670 27 0 0 
7800 1898 4145 1074 8918 1154 8680 27 0 0 
7900 1904 4104 1067 8990 1262 8739 27 0 0 
8000 1909 4060 1074 9003 1316 8747 27 0 0 
8100 1911 4057 1070 9010 1327 8756 27 0 0 
8200 1929 4043 1073 9043 1365 8787 27 0 0 
8300 1935 4044 1075 9078 1400 8821 27 0 0 
8400 1943 4037 1089 9281 1617 9022 27 0 0 
8500 1920 3965 1086 9301 1714 9045 27 0 0 
8600 1907 3926 1068 9328 1766 9070 27 0 0 
8700 2049 3914 1063 9329 1783 9071 27 0 0 
8800 2131 3902 1043 9347 1813 9086 27 0 0 
8900 2203 3921 1042 9337 1817 9076 27 0 0 
9000 2344 3908 1041 9410 1901 9146 27 0 0 
9100 2475 3896 1058 9491 2014 9235 27 0 0 
9200 2562 3886 1054 9544 2099 9289 27 0 0 
9300 2602 3888 1055 9568 2137 9313 27 0 0 
9400 2601 3889 1054 9568 2134 9313 27 0 0 
9500 2601 3889 1054 9568 2134 9313 27 0 0 
9600 2601 3886 1052 9570 2136 9315 27 0 0 
9700 2601 3887 1054 9570 2137 9315 27 0 0 
9800 2684 3862 1051 9618 2216 9360 27 0 0 
9900 2817 3857 1160 9718 2342 9461 27 0 0 
10000 2842 3855 1158 9765 2387 9508 27 0 0 
