# Avida tasks data
# Sun Apr 23 21:55:49 2023
# First column gives the current update, next columns give the number
# of organisms that have the particular task as a component of their merit
#  1: Update
#  2: Not
#  3: Nand
#  4: And
#  5: OrNot
#  6: Or
#  7: AndNot
#  8: Nor
#  9: Xor
# 10: Equals

0 0 0 0 0 0 0 0 0 0 
100 0 0 0 0 0 0 0 0 0 
200 0 0 0 0 0 0 0 0 0 
300 0 0 0 0 0 0 0 0 0 
400 0 0 0 0 0 0 0 0 0 
500 0 0 0 0 0 0 0 0 0 
600 0 20 0 0 0 0 0 0 0 
700 87 1525 0 6 0 0 0 0 0 
800 2762 4612 0 2535 5 1 0 0 0 
900 5775 7372 8 5720 18 0 0 0 0 
1000 7311 8767 2 7209 27 2 1302 0 2 
1100 7759 9152 4 7614 40 4 3176 0 0 
1200 8284 9598 4 8094 87 7 4871 0 0 
1300 9014 10074 5 8796 515 35 6376 1 0 
1400 9657 10530 8 9416 1022 40 7442 426 0 
1500 10359 10722 4 10020 1078 12 8187 2222 0 
1600 11067 11082 7 10505 1156 21 9126 3711 0 
1700 11545 11439 5 10852 1231 20 9570 4959 0 
1800 11927 11645 10 11117 1421 19 9940 6041 0 
1900 12278 11952 9 11457 1707 21 10322 7166 0 
2000 12656 12169 0 11652 2033 20 10548 7985 0 
2100 12844 12417 8 11906 2579 31 10910 8722 0 
2200 13002 12499 7 11937 3197 39 11012 9196 0 
2300 13198 12536 7 12013 3863 71 11039 9459 2 
2400 13323 12660 4 12101 4529 93 11298 9806 0 
2500 13520 12897 12 12320 5009 106 11453 10103 0 
2600 13564 13003 7 12381 5568 147 11616 10377 2 
2700 13528 13086 6 12444 6108 220 11543 10509 2 
2800 13567 13103 53 12536 6615 307 11629 10712 0 
2900 13641 13164 180 12575 7172 325 11796 10923 0 
3000 13621 13111 422 12531 7650 377 11721 10892 2 
3100 13620 13169 852 12534 7954 426 11724 10989 0 
3200 13620 13213 1482 12589 8167 434 11854 11126 0 
3300 13640 13174 2156 12584 8332 365 11810 11127 4 
3400 13566 13133 2967 12537 8262 290 11656 11054 8 
3500 13696 13171 3933 12553 8441 258 11815 11174 0 
3600 13676 13244 4903 12669 8567 349 11870 11292 0 
3700 13653 13179 5945 12591 8489 289 11815 11168 0 
3800 13689 13175 6970 12665 8493 282 11782 11234 0 
3900 13690 13130 8015 12715 8567 269 11840 11198 0 
4000 13740 13170 9141 12650 8607 267 11849 11117 0 
4100 13734 13184 10000 12685 8788 312 11916 11317 0 
4200 13701 13182 10718 12625 8819 299 11824 11213 0 
4300 13705 13070 11271 12658 8993 363 11829 11170 0 
4400 13737 13138 11662 12705 9086 408 11813 11176 0 
4500 13767 13151 11988 12739 9595 406 11901 11286 0 
4600 13819 13144 12311 12793 9766 377 11937 11282 0 
4700 13818 13143 12324 12774 10119 430 11946 11359 1 
4800 13824 13162 12380 12788 10265 410 11920 11275 0 
4900 13738 13071 12499 12704 10441 374 11779 11145 1 
5000 13822 13197 12471 12849 10736 338 11977 11282 0 
5100 13791 13148 12545 12782 10860 333 11889 11323 26 
5200 13794 13140 12460 12797 10871 368 11717 11153 90 
5300 13791 13106 12405 12742 11118 415 11674 11263 181 
5400 13800 13139 12505 12783 11141 388 11690 11314 247 
5500 13792 13110 12490 12790 11081 387 11468 11270 398 
5600 13841 13205 12021 12854 10845 368 11054 11324 855 
5700 13844 13218 10922 12893 9789 346 10237 10968 1765 
5800 13849 13231 10534 12924 9502 335 9892 11393 2116 
5900 13848 13247 9967 12963 9219 320 9326 11503 2762 
6000 13859 13236 9512 12956 9069 305 8933 11478 3141 
6100 13887 13307 9104 12986 8960 284 8515 11573 3620 
6200 13896 13338 8745 13041 8952 273 8170 11562 3999 
6300 13872 13347 8388 13067 8985 268 7823 11628 4407 
6400 13858 13348 8026 13088 8922 265 7493 11607 4728 
6500 13852 13306 7665 13042 8920 251 7172 11574 4985 
6600 13879 13312 7307 13069 8893 249 6825 11656 5392 
6700 13893 13357 6916 13081 8901 224 6449 11766 5867 
6800 13829 13282 6875 13003 9126 222 6401 11682 5815 
6900 13832 13269 7317 12992 8619 229 6356 11640 5851 
7000 13850 13327 7790 13055 8039 224 6331 11680 5930 
7100 13858 13326 8089 13073 7694 226 6328 11707 5956 
7200 13843 13313 8317 13044 7524 228 6340 11641 5944 
7300 13851 13311 8586 13048 7521 224 6324 11656 5943 
7400 13808 13288 8709 13037 7632 237 6304 11640 5972 
7500 13813 13264 8957 12999 7719 213 6261 11663 5999 
7600 13832 13293 9043 12989 7761 212 6188 11445 6076 
7700 13744 13203 9316 12995 7793 220 6111 11499 6113 
7800 13791 13223 9586 12992 7947 209 5994 11534 6251 
7900 13731 13213 9603 12983 7992 207 5831 11580 6372 
8000 13752 13229 9803 12989 8004 210 5632 11572 6553 
8100 13698 13220 9714 12971 8090 222 5452 11579 6722 
8200 13703 13271 9697 12998 8168 212 5271 11594 6951 
8300 13678 13242 9549 12988 8228 200 4989 11588 7237 
8400 13698 13201 9631 12980 8289 171 4727 11598 7537 
8500 13691 13222 9582 13008 8279 160 4457 11688 7875 
8600 13662 13237 9539 13005 8348 167 4223 11693 8139 
8700 13689 13215 9414 13014 8309 159 3964 11668 8384 
8800 13687 13227 9364 13031 8336 163 3723 11709 8645 
8900 13698 13259 9262 13084 8456 162 3502 11777 8898 
9000 13675 13250 9144 13069 8422 146 3308 11742 9144 
9100 13705 13241 9129 13038 7825 148 3891 11057 9218 
9200 13704 13237 9184 13036 7298 145 4624 10353 9187 
9300 13734 13254 9273 13042 7033 138 5186 9826 9196 
9400 13698 13194 9350 13022 6787 138 5712 9310 9158 
9500 13756 13281 9450 13103 6663 138 6206 8931 9257 
9600 13718 13219 9454 13033 6507 127 6592 8495 9185 
9700 13714 13223 9530 13038 6352 131 7009 8058 9192 
9800 13712 13245 9480 13050 6217 137 7471 7668 9173 
9900 13769 13327 8968 13095 6191 135 7730 7901 9261 
10000 13755 13277 8700 12612 6153 131 7886 8100 9236 
