# Avida tasks data
# Sun Apr 23 23:10:19 2023
# First column gives the current update, next columns give the number
# of organisms that have the particular task as a component of their merit
#  1: Update
#  2: Not
#  3: Nand
#  4: And
#  5: OrNot
#  6: Or
#  7: AndNot
#  8: Nor
#  9: Xor
# 10: Equals

0 0 0 0 0 0 0 0 0 0 
100 0 0 0 0 0 0 0 0 0 
200 0 0 0 0 0 0 0 0 0 
300 0 0 0 0 0 0 0 0 0 
400 0 0 0 0 0 0 0 0 0 
500 0 0 0 0 0 0 0 0 0 
600 0 0 0 0 0 0 0 0 0 
700 0 0 0 0 0 0 0 0 0 
800 44 0 0 0 0 0 0 0 0 
900 782 216 0 410 0 0 0 0 0 
1000 2713 2656 16 2995 6 31 5 0 0 
1100 3198 3048 8 3403 10 43 9 0 0 
1200 3196 3047 8 3401 10 43 9 0 0 
1300 3196 3047 8 3401 10 43 9 0 0 
1400 3198 3049 8 3403 10 43 9 0 0 
1500 3843 3712 4 4026 16 63 11 0 0 
1600 6440 6128 20 6432 38 88 25 0 0 
1700 6463 6142 21 6442 34 98 31 0 0 
1800 7337 7109 194 7512 69 111 33 0 2 
1900 8750 8693 174 9115 69 148 28 0 3 
2000 9343 9374 159 9800 80 153 29 0 3 
2100 10366 10326 232 10822 84 191 30 0 2 
2200 11242 11165 422 11686 129 187 40 0 2 
2300 11927 11850 440 12315 125 212 58 0 2 
2400 12425 12104 444 12623 140 220 49 0 2 
2500 12396 12066 341 12604 141 213 43 0 2 
