# Avida tasks data
# Sun Apr 23 10:09:12 2023
# First column gives the current update, next columns give the number
# of organisms that have the particular task as a component of their merit
#  1: Update
#  2: Not
#  3: Nand
#  4: And
#  5: OrNot
#  6: Or
#  7: AndNot
#  8: Nor
#  9: Xor
# 10: Equals

0 0 0 0 0 0 0 0 0 0 
100 0 0 0 0 0 0 0 0 0 
200 0 0 0 0 0 0 0 0 0 
300 0 0 0 0 0 0 0 0 0 
400 0 0 0 0 0 0 0 0 0 
500 0 0 0 0 0 0 0 0 0 
600 0 0 0 0 0 0 0 0 0 
700 0 28 0 0 0 0 0 0 0 
800 11 22 0 21 0 0 0 0 0 
900 48 86 0 224 0 0 0 0 0 
1000 144 901 0 1077 0 0 0 0 0 
1100 318 2636 2 2081 858 0 1 0 1897 
1200 591 4568 2 1798 3196 1 9 0 3837 
1300 933 6176 6 1644 5063 0 7 0 5315 
1400 1151 7080 5 1544 6436 0 12 388 6136 
1500 1448 7614 7 1175 7326 7 12 2112 6610 
1600 2652 8110 10 1078 8066 1 10 3267 6988 
1700 3772 8899 7 1049 8984 5 10 4445 7730 
1800 5032 9804 14 1197 9873 14 19 5516 8384 
1900 6073 10282 19 2528 10291 26 24 6175 8675 
2000 6810 10558 17 4114 10629 27 22 6615 8892 
2100 7616 10772 18 5684 10763 20 19 6851 8940 
2200 8713 11067 19 7134 11109 43 25 7496 9339 
2300 9585 11258 32 8300 11420 24 20 7785 9435 
2400 10450 11395 24 9069 11547 38 25 8076 9469 
2500 10947 11621 37 9906 11774 28 22 8492 9741 
2600 11573 11804 29 10609 11826 34 27 8803 9825 
2700 12146 11892 21 11278 11972 40 26 9166 9959 
2800 12414 12094 26 11790 12215 40 32 9598 10161 
2900 12622 12059 24 12075 12156 40 30 9571 10006 
3000 12719 12026 21 12357 12060 25 27 9743 10075 
3100 12968 12120 27 12525 12161 42 27 9905 10166 
3200 13054 12058 18 12611 12145 42 24 9835 10079 
3300 13017 12082 23 12736 12107 34 32 9874 10052 
3400 12935 12153 7 12814 12174 31 29 9960 10184 
3500 13029 12139 22 12758 12152 36 10 9932 10184 
3600 13005 12104 19 12791 12124 28 42 9892 10092 
3700 13041 12139 14 12748 12153 38 39 9896 10164 
3800 13062 12179 34 12760 12173 38 30 9917 10169 
3900 13141 12110 25 12702 12140 37 18 9938 10161 
4000 13183 12160 23 12718 12194 46 22 10028 10204 
4100 13211 12125 17 12822 12150 51 27 9928 10106 
4200 13112 12231 13 12785 12174 52 30 10013 10237 
4300 13111 12195 20 12832 12190 59 19 9907 10143 
4400 13066 12267 22 12820 12187 59 17 10089 10293 
4500 13050 12221 20 12809 12274 67 23 10062 10285 
4600 13059 12178 13 12833 12281 104 33 10038 10265 
4700 13067 12217 19 12813 12192 116 20 10061 10285 
4800 13168 12192 3 12765 12109 139 19 10152 10350 
4900 13131 12232 31 12847 12259 161 26 10007 10216 
5000 13060 12299 23 12938 12204 177 22 10160 10337 
5100 13133 12314 26 12900 12214 194 33 10136 10324 
5200 13161 12308 19 12892 12259 236 26 10233 10427 
5300 13161 12216 26 12937 12341 384 38 10131 10323 
5400 13054 12236 24 12955 12245 1140 42 10129 10355 
5500 13106 12245 27 12922 12237 2306 42 10140 10359 
5600 13111 12230 28 12965 12314 3590 51 10148 10334 
5700 13086 12149 45 12886 12305 4809 50 10168 10425 
5800 13134 12187 86 12969 12336 6210 75 10144 10439 
5900 13029 12113 52 12954 12308 7424 105 10072 10277 
6000 13009 12121 60 12915 12342 8594 74 10162 10396 
6100 12901 12170 77 12925 12287 9738 84 10165 10401 
6200 13019 11975 79 12869 12220 10610 102 9929 10155 
6300 12955 12029 71 12867 12312 11378 124 9942 10221 
6400 12959 12133 77 12917 12397 11981 163 10137 10315 
6500 12882 12012 54 12878 12249 12294 203 9919 10103 
6600 12858 11993 101 12842 12231 12406 308 9926 10124 
6700 13014 12111 89 12952 12361 12528 439 9968 10133 
6800 12948 12022 95 12898 12231 12316 699 9949 10152 
6900 12869 11964 78 12787 12268 12063 967 9953 10143 
7000 12953 12087 88 12961 12358 11542 1460 10094 10306 
7100 12920 12068 89 12868 12331 10877 2049 10007 10217 
7200 12963 12058 95 12903 12348 10177 2641 10036 10254 
7300 12837 12154 83 12964 12408 9121 3481 10169 10346 
7400 12895 12070 58 12876 12342 8221 4269 10023 10173 
7500 12969 12055 77 12899 12330 7232 4939 10097 10290 
7600 13081 12124 80 12908 12353 6324 5687 10185 10356 
7700 13090 12055 69 12874 12284 5452 6406 10118 10286 
7800 13109 12057 61 12895 12335 4681 6911 10042 10162 
7900 13128 12035 58 12918 12383 4083 7479 10094 10216 
8000 13086 12070 58 12908 12357 3411 7940 10040 10269 
8100 13006 12063 57 12891 12313 2705 8484 10120 10269 
8200 13100 12114 54 12946 12340 2148 8887 10087 10239 
8300 13069 12105 56 12988 12384 1725 9194 10114 10257 
8400 13051 12231 55 13010 12485 1254 9666 10276 10408 
8500 13102 12046 57 12885 12347 959 9619 9949 10064 
8600 12975 12089 43 13004 12431 816 9892 10116 10234 
8700 13137 12144 40 12936 12430 595 10116 10156 10311 
8800 13103 12076 38 12891 12441 432 10211 10145 10268 
8900 13124 12029 42 12889 12379 334 10152 10059 10200 
9000 13196 12071 34 12945 12420 290 10267 10112 10221 
9100 13066 12029 37 12893 12345 244 10286 10040 10111 
9200 13099 12074 37 12891 12318 244 10303 10165 10293 
9300 13132 12209 31 12984 12534 233 10444 10247 10380 
9400 13070 12102 41 12899 12261 247 10202 10117 10177 
9500 13160 12160 37 12874 12444 241 10361 10246 10391 
9600 13192 12170 55 12974 12399 210 10416 10226 10360 
9700 13225 12234 29 12959 12369 216 10416 10311 10383 
9800 13214 12134 44 13008 12494 230 10411 10242 10381 
9900 13246 12189 44 13039 12497 298 10212 10114 10234 
10000 13166 12200 40 13007 12505 235 10418 10325 10392 
