# Avida tasks data
# Sun Apr 23 17:31:53 2023
# First column gives the current update, next columns give the number
# of organisms that have the particular task as a component of their merit
#  1: Update
#  2: Not
#  3: Nand
#  4: And
#  5: OrNot
#  6: Or
#  7: AndNot
#  8: Nor
#  9: Xor
# 10: Equals

0 0 0 0 0 0 0 0 0 0 
100 0 0 0 0 0 0 0 0 0 
200 0 0 0 0 0 0 0 0 0 
300 0 0 0 0 0 0 0 0 0 
400 0 0 0 0 0 0 0 0 0 
500 0 0 0 0 0 0 0 0 0 
600 25 7 0 0 0 0 0 0 0 
700 468 105 0 0 0 0 0 0 0 
800 1020 477 0 0 0 357 0 0 0 
900 1873 1477 2 1 0 1453 0 0 0 
1000 2513 2369 0 1 8 2345 0 0 0 
1100 3392 3496 1 4 0 3469 0 0 0 
1200 4296 4464 4 22 2 4369 0 0 0 
1300 5396 5585 4 17 0 5494 0 0 0 
1400 6520 6671 5 16 6 6518 0 0 0 
1500 7768 7959 6 32 2 7825 0 0 0 
1600 9029 9284 9 37 7 9069 0 0 0 
1700 10050 10208 1 30 26 10065 2 0 0 
1800 10584 10835 6 39 20 10699 0 0 0 
1900 11253 11405 10 70 4 11253 0 0 0 
2000 11630 11764 6 94 180 11623 0 0 0 
2100 11869 12135 15 62 1261 11969 0 0 0 
2200 11981 12137 10 60 2473 11965 485 0 0 
2300 11847 12158 16 92 3691 12006 1603 0 0 
2400 11855 12257 10 76 4596 12095 2364 2 0 
2500 11847 12309 14 65 5311 12149 3200 0 0 
2600 11846 12393 19 72 5992 12213 3848 0 0 
2700 11745 12352 13 71 6461 12209 4321 0 0 
2800 11701 12417 24 96 6955 12275 4874 0 0 
2900 11818 12450 19 93 7557 12321 5443 0 0 
3000 11853 12480 12 87 8020 12336 5905 3 0 
3100 11834 12505 16 92 8482 12393 6343 0 0 
3200 11815 12599 15 75 8943 12495 6835 0 0 
3300 12046 12701 29 54 9301 12515 7208 1 0 
3400 12078 12869 33 57 9776 12674 7681 0 0 
3500 12095 12918 23 58 10170 12698 8007 0 0 
3600 12033 12921 21 74 10465 12704 8360 0 0 
3700 12074 12959 27 62 10740 12789 8652 0 0 
3800 12175 13001 27 70 10992 12789 8928 0 0 
3900 12247 13006 27 84 11117 12789 9002 0 0 
4000 12283 12953 20 85 11236 12746 9153 1 0 
4100 12305 12988 19 98 11445 12858 9379 0 0 
4200 12367 13090 31 91 11592 12896 9561 1 0 
4300 12329 13070 26 76 11730 12882 9695 0 0 
4400 12449 13057 30 95 11812 12881 9804 0 0 
4500 12355 13128 39 89 11943 12897 9978 0 0 
4600 12297 13144 42 74 12029 12913 9942 0 0 
4700 12358 13182 33 68 12143 12935 10003 0 0 
4800 12476 13174 48 92 12231 13008 10244 0 0 
4900 12418 13268 26 68 12354 13058 10328 0 0 
5000 12534 13209 34 76 12306 13012 10347 0 1 
5100 12490 13200 37 75 12316 12996 10314 0 0 
5200 12477 13257 25 68 12431 13004 10338 0 0 
5300 12484 13238 36 79 12441 12986 10374 0 0 
5400 12445 13230 57 99 12393 12966 10413 2 0 
5500 12524 13156 27 110 12372 12913 10497 2 0 
5600 12536 13258 48 130 12382 13058 10516 0 0 
5700 12592 13172 43 123 12422 13009 10494 0 1 
5800 12622 13194 23 192 12424 13016 10373 0 2 
5900 12549 13175 41 248 12395 12965 10443 1 0 
6000 12613 13254 28 313 12509 13057 10649 0 0 
6100 12480 13208 44 374 12389 12990 10459 0 0 
6200 12514 13078 26 405 12220 12870 10362 1 0 
6300 12534 13179 26 490 12395 13006 10507 1 0 
6400 12546 13180 39 571 12346 13007 10433 6 44 
6500 12154 13155 49 676 12323 12979 10471 127 306 
6600 11018 13182 70 752 12367 12990 10066 1131 1233 
6700 10055 13220 90 742 12394 13036 9018 1988 2012 
6800 9634 13228 72 674 12425 13060 8583 2422 2440 
6900 9634 13228 72 674 12425 13060 8583 2422 2440 
7000 9634 13229 72 674 12426 13061 8583 2423 2441 
7100 9634 13228 72 674 12425 13060 8583 2422 2440 
7200 9634 13228 72 674 12425 13060 8583 2422 2440 
7300 9634 13228 72 674 12425 13060 8583 2422 2440 
7400 9634 13228 72 674 12425 13060 8583 2422 2440 
7500 9634 13228 72 674 12426 13060 8583 2421 2439 
7600 9634 13228 72 674 12426 13060 8583 2421 2439 
7700 9634 13228 72 674 12426 13060 8583 2421 2439 
7800 9634 13229 72 674 12427 13061 8583 2422 2440 
7900 9634 13229 72 674 12427 13061 8583 2422 2440 
8000 9634 13228 72 674 12426 13060 8583 2421 2439 
8100 9634 13228 72 674 12426 13060 8583 2421 2439 
8200 9634 13228 72 674 12426 13060 8583 2421 2439 
8300 9634 13228 72 674 12426 13060 8583 2421 2439 
8400 9634 13228 72 674 12426 13060 8583 2421 2439 
8500 9634 13228 72 674 12426 13060 8583 2420 2438 
8600 9634 13229 72 674 12427 13061 8583 2421 2439 
8700 9634 13229 72 674 12427 13061 8583 2421 2439 
8800 9634 13228 72 674 12426 13060 8583 2420 2438 
8900 9634 13228 72 674 12426 13060 8583 2420 2438 
9000 9634 13228 72 674 12426 13060 8583 2420 2438 
9100 9634 13228 72 674 12426 13060 8583 2420 2438 
9200 9634 13228 72 674 12426 13060 8583 2420 2438 
9300 9634 13228 72 674 12426 13060 8583 2420 2438 
9400 9634 13228 72 674 12426 13060 8583 2420 2438 
9500 9634 13229 72 674 12427 13061 8583 2421 2439 
9600 9634 13228 72 674 12424 13060 8583 2419 2437 
9700 9634 13228 72 674 12424 13060 8583 2419 2437 
9800 9634 13229 72 674 12425 13061 8583 2420 2438 
9900 9634 13229 72 674 12425 13061 8583 2420 2438 
10000 9634 13229 72 674 12425 13061 8583 2420 2438 
