# Avida tasks data
# Sun Apr 23 21:34:22 2023
# First column gives the current update, next columns give the number
# of organisms that have the particular task as a component of their merit
#  1: Update
#  2: Not
#  3: Nand
#  4: And
#  5: OrNot
#  6: Or
#  7: AndNot
#  8: Nor
#  9: Xor
# 10: Equals

0 0 0 0 0 0 0 0 0 0 
100 0 0 0 0 0 0 0 0 0 
200 0 0 0 0 0 0 0 0 0 
300 4 0 0 0 0 0 0 0 0 
400 465 0 0 0 0 0 0 0 0 
500 999 21 0 2 0 0 0 0 0 
600 2373 32 0 33 0 0 0 0 0 
700 4628 75 0 76 0 0 3 0 0 
800 6288 597 0 134 0 57 1 0 0 
900 6610 1396 39 192 2 1541 5 0 0 
1000 8135 1355 44 243 3 2342 5 0 0 
1100 8881 2149 37 922 8 1755 9 0 0 
1200 10300 3515 43 1387 112 2751 15 0 0 
1300 11034 4391 46 1410 107 3632 26 0 0 
1400 11675 5396 44 1427 425 4601 27 0 0 
1500 12309 6405 43 1424 2112 5429 29 0 0 
1600 12666 7126 42 1348 3193 6182 22 0 0 
1700 12843 7773 43 1283 4116 6909 19 0 0 
1800 13023 8436 41 1546 4984 7661 21 0 0 
1900 12995 8931 35 2871 5697 8200 23 0 0 
2000 13043 9360 33 3813 6293 8550 21 0 0 
2100 13113 9608 30 4363 6706 8721 22 0 0 
2200 13119 9724 28 4796 6870 8809 24 0 0 
2300 13164 9894 29 5260 7103 8979 27 0 0 
2400 13164 10057 30 5657 7370 9227 21 0 0 
2500 13245 10293 34 6065 7739 9508 38 0 0 
2600 13243 10454 31 6241 8058 9776 28 0 0 
2700 13260 10598 34 6146 8362 9948 29 0 0 
2800 13312 10758 26 5954 8636 10164 31 0 0 
2900 13318 10829 25 5640 8809 10280 30 0 0 
3000 13312 10940 22 5367 8997 10453 30 0 0 
3100 13352 11133 26 5183 9260 10640 26 0 0 
3200 13382 11268 20 4960 9509 10807 28 0 0 
3300 13396 11476 10 5431 10025 10954 33 0 0 
3400 13389 11746 8 5841 10413 11244 30 0 0 
3500 13423 12080 9 6274 10813 11616 33 0 0 
3600 13449 12335 10 6422 11156 11930 31 0 0 
3700 13464 12502 9 6385 11385 12115 31 0 0 
3800 13528 12679 9 6060 11584 12346 25 0 0 
3900 13538 12850 12 5772 11795 12533 24 0 0 
4000 13638 13074 11 5553 12045 12785 23 0 0 
4100 13702 13210 9 5342 12220 12937 26 0 0 
4200 13788 13352 10 5130 12367 13068 28 0 0 
4300 13817 13394 10 4863 12467 13121 29 0 0 
4400 13815 13442 12 4586 12514 13169 22 0 0 
4500 13821 13483 13 4319 12561 13204 21 0 0 
4600 13854 13583 8 4017 12665 13321 20 0 0 
4700 13885 13618 7 3753 12804 13349 21 0 0 
4800 13877 13595 8 3421 12776 13383 21 0 0 
4900 13940 13720 16 3092 12907 13471 16 0 0 
5000 13934 13686 9 2770 12889 13477 13 0 0 
5100 13894 13679 11 2599 12910 13424 12 0 0 
5200 13907 13712 14 3072 12951 13450 14 0 0 
5300 13894 13701 16 3166 12953 13446 18 0 0 
5400 13884 13677 14 3291 12931 13409 17 0 0 
