# Avida tasks data
# Sun Apr 23 19:52:45 2023
# First column gives the current update, next columns give the number
# of organisms that have the particular task as a component of their merit
#  1: Update
#  2: Not
#  3: Nand
#  4: And
#  5: OrNot
#  6: Or
#  7: AndNot
#  8: Nor
#  9: Xor
# 10: Equals

0 0 0 0 0 0 0 0 0 0 
100 0 0 0 0 0 0 0 0 0 
200 0 0 0 0 0 0 0 0 0 
300 0 0 0 0 0 0 0 0 0 
400 0 0 0 0 0 0 0 0 0 
500 103 0 0 0 0 0 0 0 0 
600 314 0 0 0 0 0 0 0 0 
700 662 0 0 0 0 0 0 0 0 
800 1072 34 18 190 0 2 0 0 0 
900 1781 789 105 1348 0 1 0 0 0 
1000 3144 2483 65 2708 0 950 0 0 0 
1100 5377 4694 249 4965 1 3218 0 0 0 
1200 7074 6399 782 6633 1 4528 0 0 0 
1300 8782 8072 1792 8346 1 5306 0 0 0 
1400 9511 8826 2938 9025 3 5787 0 0 0 
1500 9910 9259 4004 9461 10 6592 2 0 0 
1600 10263 9631 4800 9815 11 7188 2 0 0 
1700 10659 9976 5444 10232 15 7809 3 0 0 
1800 11132 10484 6366 10703 5 8535 0 0 0 
1900 11606 11057 7317 11240 13 9270 3 0 0 
2000 11972 11449 8115 11646 4 9813 4 0 0 
2100 12209 11734 8814 11925 13 10253 6 0 0 
2200 12567 12087 9566 12308 12 10873 10 0 0 
2300 12851 12332 10212 12569 5 11116 7 0 0 
2400 12985 12563 10836 12740 8 11476 6 0 0 
2500 12952 12493 11076 12780 7 11627 11 0 0 
2600 13029 12730 11566 12839 12 11933 9 0 0 
2700 13013 12737 11692 12852 2 12118 9 0 0 
2800 13141 12707 12042 12970 23 12137 12 0 0 
2900 13091 12658 12046 12860 17 12258 19 0 0 
3000 12984 12608 12044 12771 25 12265 15 0 0 
3100 12941 12778 12087 12775 31 12327 12 0 0 
3200 12949 12737 12216 12791 19 12327 20 0 4 
3300 13149 12727 12427 12958 10 12227 18 0 7 
3400 12927 12675 12282 12757 13 12295 19 0 6 
3500 13070 12712 12399 12853 11 12416 12 0 6 
3600 13034 12574 12299 12826 14 12328 20 0 8 
3700 13089 12683 12366 12880 15 12334 13 0 4 
3800 13075 12661 12308 12857 11 12343 11 0 2 
3900 12969 12686 12321 12785 18 12369 14 0 0 
4000 13048 12782 12412 12844 7 12397 17 0 0 
4100 13043 12723 12306 12939 11 12448 17 0 0 
4200 13053 12629 12379 12901 42 12428 8 0 0 
4300 13006 12616 12435 12851 116 12314 16 0 0 
4400 12880 12589 12417 12882 281 12364 21 0 0 
4500 12831 12669 12428 12919 595 12360 18 0 0 
4600 12616 12713 12365 12879 1277 12380 20 0 0 
4700 12502 12720 12330 12932 2045 12293 21 2 0 
4800 12427 12703 12336 12864 2840 12228 11 0 0 
4900 12369 12767 12444 12919 3705 12227 11 0 0 
5000 12333 12707 12436 12894 4285 12253 9 0 0 
5100 12369 12749 12396 12922 4880 12256 6 0 0 
5200 12402 12774 12329 12849 5352 12222 6 1 0 
5300 12607 12705 12416 12895 5970 12309 9 0 0 
5400 12747 12686 12389 12923 6554 12239 3 0 0 
5500 12770 12808 12335 12900 7248 12333 3 0 0 
5600 12852 12916 12302 12870 7840 12372 9 0 0 
5700 12739 12810 12216 12763 8394 12379 7 0 0 
5800 12959 12901 12364 12837 8844 12329 6 0 0 
5900 12993 12906 12365 12850 9462 12404 2 0 0 
6000 13001 12963 12312 12824 9836 12472 4 3 0 
6100 13045 12911 12346 12818 10239 12496 5 2 0 
6200 13087 12963 12373 12816 10754 12512 12 2 0 
6300 13015 12928 12321 12849 11072 12522 7 2 0 
6400 13045 12966 12341 12805 11258 12558 6 1 0 
6500 12983 12893 12282 12791 11554 12438 14 0 0 
6600 12991 13039 12307 12767 11678 12544 8 0 2 
6700 13031 13014 12288 12803 11978 12686 11 0 0 
6800 12977 12922 12306 12752 11935 12539 9 0 0 
6900 13081 12878 12380 12848 12116 12663 7 0 0 
7000 13053 12918 12269 12762 12120 12683 4 0 0 
7100 13022 12977 12378 12798 12198 12680 8 0 0 
7200 13101 12974 12384 12875 12158 12735 2 0 0 
7300 13024 12987 12238 12741 12091 12642 17 0 0 
7400 13011 13002 12273 12729 12162 12700 12 1 0 
7500 12981 12965 12308 12799 12153 12680 8 0 0 
7600 12994 13011 12281 12718 12069 12619 14 2 0 
7700 13071 12995 12384 12801 12193 12767 13 0 0 
7800 13055 12984 12340 12735 12115 12658 12 0 0 
7900 13038 13043 12377 12794 12071 12610 12 2 0 
8000 13046 13016 12378 12740 12161 12726 10 0 0 
8100 13064 13036 12489 12839 12207 12726 7 0 0 
8200 13022 13076 12428 12747 12223 12769 11 0 0 
8300 13063 13065 12352 12769 12155 12749 12 0 0 
8400 12971 13031 12284 12748 12140 12681 15 2 0 
8500 13006 12978 12374 12759 12143 12635 8 0 0 
8600 13068 13038 12325 12727 12203 12637 9 0 0 
8700 12969 12971 12248 12734 12131 12651 27 0 0 
8800 13033 13097 12358 12764 12207 12713 13 0 0 
8900 13089 13076 12365 12795 12243 12702 22 0 0 
9000 13007 13082 12354 12797 12252 12724 15 0 0 
9100 13085 13077 12321 12845 12314 12783 33 0 1597 
9200 13145 13094 12348 12933 12180 12722 31 0 3437 
9300 13154 13100 12414 12931 12060 12566 46 0 4957 
9400 13017 13030 12308 12934 12003 12590 96 0 6255 
9500 13062 13012 12276 12930 11958 12491 100 3 7425 
9600 12997 12934 12289 12920 11734 12284 118 4 8295 
9700 13034 12916 12313 12875 11749 12325 121 1 9149 
9800 13083 12967 12332 12943 11879 12419 109 2 9770 
9900 13033 12960 12252 12756 11732 12321 134 3 9963 
10000 13056 13043 12348 12957 11875 12403 157 1 10369 
