# Avida tasks data
# Sun Apr 23 16:03:47 2023
# First column gives the current update, next columns give the number
# of organisms that have the particular task as a component of their merit
#  1: Update
#  2: Not
#  3: Nand
#  4: And
#  5: OrNot
#  6: Or
#  7: AndNot
#  8: Nor
#  9: Xor
# 10: Equals

0 0 0 0 0 0 0 0 0 0 
100 0 0 0 0 0 0 0 0 0 
200 0 0 0 0 0 0 0 0 0 
300 0 0 0 0 0 0 0 0 0 
400 0 0 0 0 0 0 0 0 0 
500 0 0 0 0 0 0 0 0 0 
600 0 0 0 0 0 0 0 0 0 
700 0 0 0 0 0 0 0 0 0 
800 2 0 0 0 0 0 0 0 0 
900 7 0 0 0 0 0 0 0 0 
1000 41 0 0 0 0 0 0 0 0 
1100 79 23 0 0 0 0 0 0 0 
1200 117 879 0 1114 0 0 0 0 0 
1300 1324 3381 1851 3436 0 1857 0 0 0 
1400 3154 5086 3980 5138 0 3963 0 0 0 
1500 4522 6321 5750 6606 301 5760 2 0 0 
1600 5437 7051 7288 8048 1221 7268 4 0 0 
1700 6841 8047 8744 9429 3277 8697 16 0 0 
1800 7879 8923 9623 10440 4832 9562 24 0 0 
1900 8738 9761 10405 11162 6168 10371 36 0 0 
2000 9590 10384 10996 11757 7366 10958 64 0 0 
2100 10058 10785 11414 12062 8453 11406 64 0 0 
2200 10624 11293 11841 12361 9303 11781 41 0 0 
2300 11058 11723 11982 12624 10041 11960 29 0 0 
2400 11525 12066 12115 12801 10611 12237 33 0 0 
2500 11806 12338 12329 12970 11052 12358 11 0 0 
2600 11888 12584 12416 13072 11448 12346 18 0 0 
2700 12247 12758 12537 13188 11769 12461 9 0 0 
2800 12286 12819 12503 13143 11933 12482 7 0 0 
2900 12531 13043 12558 13179 12094 12515 18 0 0 
3000 12593 13185 12546 13152 12199 12589 17 0 0 
3100 12700 13212 12549 13255 12167 12545 14 0 0 
3200 12813 13258 12469 13195 12179 12437 10 0 0 
3300 12862 13108 12551 13121 12251 12510 17 0 0 
3400 12831 13244 12522 13187 12285 12602 11 0 0 
3500 12821 13170 12546 13148 12223 12540 9 0 0 
3600 12856 13155 12515 13174 12264 12505 10 0 0 
3700 12806 13167 12415 13119 12193 12499 6 0 0 
3800 12880 13169 12508 13143 12257 12580 9 0 0 
3900 12782 13095 12584 13169 12273 12595 16 0 0 
4000 12800 13103 12518 13096 12167 12559 10 0 0 
4100 12860 13071 12512 13048 12204 12526 5 0 0 
4200 12883 13081 12596 13067 12272 12609 8 0 0 
4300 12853 13159 12635 13102 12364 12706 11 0 0 
4400 12854 13182 12629 13223 12399 12680 11 0 0 
4500 12829 13145 12503 13129 12200 12579 10 0 0 
4600 12859 13181 12551 13143 12270 12553 6 0 0 
4700 12838 13172 12566 13109 12247 12570 10 0 0 
4800 12890 13177 12594 13109 12333 12593 11 0 0 
4900 12815 13194 12475 13127 12190 12588 9 0 0 
5000 12897 13167 12617 13101 12334 12657 8 0 0 
5100 13040 13225 12598 13145 12397 12654 13 0 0 
5200 12927 13208 12652 13114 12333 12675 2 0 0 
5300 12912 13155 12512 13094 12288 12636 8 0 0 
5400 12947 13260 12546 13154 12309 12572 21 0 0 
5500 12992 13243 12614 13204 12380 12688 15 0 0 
5600 13004 13261 12544 13163 12298 12676 6 0 0 
5700 13061 13260 12556 13213 12257 12628 8 0 0 
5800 12969 13251 12590 13161 12339 12732 13 0 0 
5900 12991 13247 12511 13188 12266 12601 5 0 0 
6000 12990 13316 12572 13226 12320 12702 9 0 0 
6100 13027 13283 12683 13146 12460 12759 15 0 0 
6200 13032 13318 12649 13179 12418 12789 11 0 0 
6300 13045 13289 12533 13223 12365 12687 18 0 0 
6400 12982 13246 12592 13130 12402 12697 22 0 0 
6500 13054 13310 12694 13206 12487 12801 11 0 0 
6600 13165 13342 12630 13179 12464 12757 15 0 0 
6700 13059 13323 12584 13206 12448 12715 14 0 0 
6800 13061 13430 12562 13265 12434 12752 23 0 0 
6900 13024 13415 12563 13288 12344 12741 26 0 0 
7000 13115 13375 12581 13285 12496 12792 15 0 0 
7100 13052 13344 12658 13268 12560 12847 11 0 0 
7200 13016 13444 12537 13265 12444 12690 8 0 0 
7300 13093 13425 12561 13287 12485 12800 26 0 0 
7400 13077 13391 12623 13276 12575 12840 16 0 0 
7500 12971 13396 12606 13329 12506 12816 10 0 0 
7600 12933 13433 12609 13366 12506 12784 27 0 0 
7700 13029 13464 12502 13330 12482 12778 23 0 0 
7800 13070 13431 12569 13337 12551 12874 28 0 0 
7900 13096 13458 12576 13359 12582 12833 40 0 0 
8000 12994 13474 12521 13293 12498 12741 51 0 0 
8100 12975 13426 12576 13335 12507 12809 44 0 0 
8200 13052 13503 12621 13385 12645 12897 75 0 0 
8300 12949 13463 12560 13352 12606 12844 92 0 0 
8400 12947 13474 12499 13371 12505 12801 112 0 0 
8500 13047 13485 12470 13389 12489 12802 122 1 0 
8600 13094 13467 12609 13365 12643 12925 118 0 0 
8700 13065 13514 12566 13399 12570 12873 175 0 0 
8800 12952 13496 12456 13412 12562 12872 232 0 0 
8900 12990 13502 12517 13358 12555 12829 246 0 0 
9000 13035 13514 12455 13329 12522 12857 334 0 0 
9100 12945 13500 12479 13350 12456 12850 369 0 0 
9200 12957 13430 12537 13310 12548 12850 357 0 0 
9300 13067 13451 12565 13375 12587 12944 374 0 0 
9400 12887 13489 12504 13292 12519 12860 482 0 0 
9500 12902 13478 12450 13391 12482 12839 498 1 0 
9600 12931 13518 12549 13365 12566 12932 478 0 0 
9700 12915 13454 12522 13290 12514 12888 564 0 0 
9800 12897 13422 12572 13283 12565 12898 560 0 0 
9900 12958 13412 12556 13341 12591 12923 686 0 0 
10000 12967 13434 12486 13302 12524 12865 755 0 0 
