# Avida tasks data
# Sun Apr 23 23:12:18 2023
# First column gives the current update, next columns give the number
# of organisms that have the particular task as a component of their merit
#  1: Update
#  2: Not
#  3: Nand
#  4: And
#  5: OrNot
#  6: Or
#  7: AndNot
#  8: Nor
#  9: Xor
# 10: Equals

0 0 0 0 0 0 0 0 0 0 
100 0 0 0 0 0 0 0 0 0 
200 0 0 0 0 0 0 0 0 0 
300 0 0 0 0 0 0 0 0 0 
400 0 0 0 0 0 0 0 0 0 
500 0 0 0 0 0 0 0 0 0 
600 0 0 0 0 0 0 0 0 0 
700 0 0 0 0 0 0 0 0 0 
800 435 2 0 0 0 0 0 0 0 
900 3065 1775 0 1898 8 0 0 0 0 
1000 5683 4799 0 4774 15 0 0 0 0 
1100 7754 7162 0 7219 29 1 0 0 0 
1200 9128 8761 0 8778 44 0 0 0 0 
1300 10132 9922 589 10025 44 280 0 0 0 
1400 10881 10703 2413 10796 44 338 0 0 0 
1500 11450 11292 3774 11406 47 187 0 0 0 
1600 11985 11863 5077 11991 28 109 0 0 0 
1700 12432 12381 6240 12454 35 88 0 0 0 
1800 12789 12649 7139 12738 32 89 0 0 0 
1900 12979 12864 8011 12957 23 103 0 0 0 
2000 13118 13045 8933 13156 25 100 0 0 0 
2100 13212 13176 9563 13219 19 104 0 0 0 
2200 13257 13114 9922 13160 21 120 0 0 0 
2300 13265 13058 10260 13155 84 132 0 0 0 
2400 13320 13098 10602 13199 375 113 0 0 0 
2500 13320 13101 10882 13232 866 120 0 0 0 
2600 13277 13084 11099 13177 1517 144 0 0 0 
2700 13273 13065 11190 13152 2243 168 0 0 0 
2800 13333 13094 11403 13158 3066 152 0 0 0 
2900 13337 12970 11426 13119 3949 132 0 0 0 
3000 13383 13035 11586 13155 4706 220 0 0 0 
3100 13365 13052 11617 13144 5368 225 1 0 0 
3200 13347 13017 11636 13100 6171 265 2 0 0 
3300 13276 12949 11616 13055 6966 328 0 0 0 
3400 13348 12992 11738 13137 7804 380 0 0 0 
3500 13296 12986 11669 13057 8608 396 2 0 0 
3600 13290 12973 11596 13080 9084 500 1 0 0 
3700 13352 12973 11597 13053 9529 442 5 0 0 
3800 13329 12970 11568 13063 9812 536 0 0 0 
3900 13337 12981 11613 13098 10232 463 1 0 0 
4000 13415 13001 11676 13050 10428 489 3 0 0 
4100 13411 12972 11727 13127 10499 570 4 0 0 
4200 13365 12987 11564 13009 10549 484 1 0 0 
4300 13331 12995 11607 13067 10679 498 0 0 0 
4400 13351 13001 11697 13137 10786 455 1 0 0 
4500 13354 12974 11573 13009 10567 522 0 0 0 
4600 13391 12978 11685 13054 10651 587 0 0 0 
4700 13431 13019 11724 13146 10748 513 1 1 0 
4800 13400 12960 11696 13077 10713 528 0 0 0 
4900 13398 13009 11746 13110 10806 514 0 0 0 
5000 13462 13112 11804 13157 10827 554 3 0 0 
5100 13428 12954 11623 13052 10575 593 1 1 0 
5200 13446 13038 11728 13167 10684 690 0 2 0 
5300 13389 13026 11780 13088 10691 702 3 0 0 
5400 13417 13003 11723 13121 10716 665 3 0 0 
5500 13422 13029 11806 13122 10742 624 2 0 0 
5600 13391 13023 11652 13078 10663 645 3 0 0 
5700 13465 13073 11832 13144 10815 660 0 0 0 
5800 13434 13103 11851 13152 10845 621 0 0 0 
5900 13515 13104 11909 13207 10876 687 5 0 0 
6000 13487 13038 11863 13165 10855 655 0 0 0 
6100 13430 13117 11920 13160 10900 623 2 0 0 
6200 13445 13033 11796 13128 10888 552 9 0 0 
6300 13529 13176 11971 13223 11125 533 3 0 0 
6400 13506 13137 11913 13235 11055 543 4 0 0 
6500 13515 13096 11897 13212 11006 625 3 0 0 
6600 13457 13098 11871 13187 10932 611 2 0 0 
6700 13497 13142 12014 13237 11109 594 3 0 0 
6800 13507 13160 12046 13277 11034 658 11 0 0 
6900 13532 13177 11954 13287 10848 795 6 0 0 
7000 13409 13096 11899 13192 10745 830 4 0 0 
7100 13465 13105 11939 13211 10861 842 2 0 0 
7200 13534 13194 12106 13294 10921 882 3 0 0 
7300 13518 13105 11943 13235 10627 980 1 0 0 
7400 13490 13145 11888 13264 10530 1094 2 0 0 
7500 13534 13123 11985 13299 10520 1160 4 0 0 
7600 13432 13110 11992 13212 10443 1274 2 0 0 
7700 13483 13166 11966 13225 10495 1191 1 0 0 
7800 13528 13150 12001 13251 10470 1216 5 0 0 
7900 13484 13154 11989 13268 10583 1127 2 0 0 
8000 13474 13097 11900 13200 10393 1183 6 0 0 
8100 13552 13073 11922 13193 10377 1210 3 4 0 
8200 13579 13215 12021 13329 10612 1118 5 0 0 
8300 13533 13104 11859 13194 10426 1189 0 0 0 
8400 13438 13040 11906 13198 10620 1053 2 0 0 
8500 13558 13198 12083 13341 10835 965 2 0 0 
8600 13515 13067 11929 13183 10797 872 4 0 0 
8700 13567 13200 12072 13340 10841 905 2 0 0 
8800 13519 13168 12073 13290 10771 972 1 1 0 
8900 13522 13189 12119 13295 10973 862 0 0 0 
9000 13514 13203 11940 13270 10731 912 0 0 0 
9100 13542 13140 11955 13229 10909 810 1 0 0 
9200 13543 13182 11937 13258 10905 746 0 0 0 
9300 13520 13154 11923 13302 10994 702 2 0 0 
9400 13576 13152 11885 13238 10963 687 1 0 0 
9500 13547 13127 11941 13200 10961 681 3 0 0 
9600 13483 13109 11941 13196 11019 681 0 0 0 
9700 13556 13169 12005 13287 11121 600 0 0 0 
9800 13513 13190 11963 13251 11050 582 6 0 0 
9900 13468 13186 11942 13280 11140 532 2 0 0 
10000 13594 13274 12087 13350 11288 550 2 0 0 
