# Avida tasks data
# Sun Apr 23 12:39:18 2023
# First column gives the current update, next columns give the number
# of organisms that have the particular task as a component of their merit
#  1: Update
#  2: Not
#  3: Nand
#  4: And
#  5: OrNot
#  6: Or
#  7: AndNot
#  8: Nor
#  9: Xor
# 10: Equals

0 0 0 0 0 0 0 0 0 0 
100 0 0 0 0 0 0 0 0 0 
200 0 0 0 0 0 0 0 0 0 
300 0 0 0 0 0 0 0 0 0 
400 3 0 0 0 0 0 0 0 0 
500 9 0 0 0 0 0 0 0 0 
600 39 0 0 0 0 0 0 0 0 
700 89 4 0 0 0 0 0 0 0 
800 181 0 0 0 0 0 0 0 0 
900 295 2 0 0 0 0 0 0 0 
1000 514 10 0 0 0 0 0 0 0 
1100 724 61 0 0 0 0 0 0 0 
1200 1135 182 39 3 0 0 0 0 0 
1300 1058 243 10 1119 4 1090 761 0 0 
1400 1209 974 23 1975 1527 2875 2661 0 0 
1500 1087 3354 34 3672 3397 3972 3760 0 0 
1600 1219 5119 53 5329 4751 5222 4905 0 0 
1700 1580 6739 69 6957 6044 6525 6191 0 0 
1800 2152 7956 80 8162 7081 7639 7197 0 0 
1900 2644 9208 107 9503 7895 8584 8066 0 0 
2000 2935 10430 110 10701 9126 9826 9326 0 0 
2100 3351 11241 108 11532 9700 10513 9895 0 0 
2200 3666 11871 115 12127 10051 10911 10296 0 0 
2300 4143 12187 122 12451 10503 11325 10700 0 0 
2400 4499 12579 135 12865 10659 11612 10893 0 1 
2500 5029 12745 128 13072 10713 11697 10924 0 0 
2600 5580 12952 136 13145 10882 11848 11129 0 0 
2700 6088 12984 146 13231 10865 11796 11096 0 0 
2800 6646 13013 150 13310 11005 12009 11277 0 0 
2900 7139 13106 321 13355 11062 12048 11350 0 0 
3000 7646 13131 797 13413 11138 12090 11413 0 2 
3100 8157 13155 1442 13494 11086 12037 11329 0 0 
3200 8843 13190 2156 13414 11120 12096 11304 0 0 
3300 9162 13205 2988 13483 11271 12238 11401 0 0 
3400 9421 13173 3969 13494 11184 12254 11396 0 0 
3500 9564 13251 4875 13479 11159 12233 11393 0 0 
3600 9518 13229 5625 13461 10972 12112 11232 0 0 
3700 9841 13254 6549 13478 11127 12186 11380 0 0 
3800 9878 13255 7372 13452 11044 12212 11327 0 0 
3900 10073 13270 8123 13399 11027 12134 11306 0 1 
4000 10305 13265 8710 13360 10961 12144 11262 0 0 
4100 10604 13245 9382 13367 11040 12104 11290 0 0 
4200 10888 13298 9866 13232 11008 12138 11271 0 0 
4300 11074 13274 10240 13280 10998 12169 11258 0 1 
4400 11149 13287 10752 13264 10936 12150 11234 0 2 
4500 11214 13202 10791 13219 11034 12126 11290 0 0 
4600 11323 13220 10979 13205 10839 12033 11119 0 2 
4700 11541 13226 11199 13092 10887 12041 11154 0 0 
4800 11576 13220 11353 13035 10864 12033 11107 0 0 
4900 11657 13284 11596 13173 11038 12156 11315 0 0 
5000 12022 13127 11573 13129 11005 12134 11308 0 0 
5100 12130 13189 11727 13107 11086 12174 11314 0 1 
5200 12089 13163 11742 13162 11034 12223 11297 0 0 
5300 12141 13054 11629 12987 10998 12088 11240 2 0 
5400 12034 13106 11742 13051 10951 12122 11160 0 0 
5500 12115 13009 11794 13039 10938 12152 11172 0 0 
5600 12015 13091 11801 13008 10974 12081 11180 0 0 
5700 12129 13059 11685 12971 10842 12095 11106 0 0 
5800 12284 13066 11758 13042 10971 12215 11203 1 0 
5900 12235 13057 11803 13012 11002 12051 11184 0 0 
6000 12227 13021 11721 12907 10974 11985 11122 0 1 
6100 12258 12995 11757 13030 10948 12048 11210 0 0 
6200 12304 12990 11900 12980 10849 11971 11083 0 2 
6300 12247 12998 11982 13044 11034 12065 11232 0 1 
6400 12325 13085 11996 13002 11001 12113 11260 0 0 
6500 12331 13035 12044 12953 11058 12106 11276 0 0 
6600 12330 12996 12044 13021 10992 12058 11190 0 0 
6700 12368 13036 11968 13054 11094 12039 11292 0 0 
6800 12327 12939 11935 12971 10980 12078 11155 0 0 
6900 12500 12976 12124 13019 11120 12146 11288 0 3 
7000 12376 12904 11992 13017 11065 12053 11250 0 0 
7100 12405 12889 11981 13010 11062 12160 11260 0 0 
7200 12531 12948 12101 13017 11041 12156 11285 0 0 
7300 12454 12925 12144 13030 11122 12155 11363 0 0 
7400 12530 12872 12013 12977 11013 12068 11234 0 1 
7500 12519 12905 12147 13075 11096 12009 11304 0 0 
7600 12643 12990 12203 13126 11160 12153 11408 0 3 
7700 12672 12919 12228 13079 11179 12179 11362 0 0 
7800 12737 12901 12259 13080 11270 12254 11475 0 0 
7900 12661 12927 12244 13160 11051 12125 11257 0 2 
8000 12765 12991 12323 13175 11272 12191 11433 0 1 
8100 12926 12931 12302 13165 11197 12187 11354 0 0 
8200 12986 12966 12350 13279 11288 12307 11420 1 2 
8300 13022 13018 12389 13286 11305 12247 11498 0 1 
8400 13001 12930 12336 13252 11247 12168 11400 0 1 
8500 13031 13000 12415 13276 11314 12281 11514 0 0 
8600 13077 12991 12408 13342 11501 12396 11688 0 0 
8700 13199 13024 12479 13326 11312 12302 11503 0 1 
8800 13149 12997 12442 13316 11439 12433 11663 0 0 
8900 13192 13071 12532 13298 11521 12425 11691 0 1 
9000 13221 12999 12488 13276 11411 12350 11583 0 1 
9100 13151 13006 12521 13438 11340 12255 11552 0 1 
9200 13213 13067 12569 13485 11449 12351 11646 0 0 
9300 13371 13152 12605 13441 11379 12308 11544 0 0 
9400 13411 13082 12683 13471 11435 12334 11594 0 1 
9500 13382 13082 12645 13417 11448 12368 11673 0 0 
9600 13432 13030 12695 13429 11378 12224 11559 0 0 
9700 13477 13162 12865 13465 11569 12366 11663 0 1 
9800 13445 13061 12704 13479 11527 12408 11698 0 0 
9900 13492 13133 12760 13564 11632 12498 11783 0 2 
10000 13476 13180 12728 13531 11513 12377 11670 0 0 
