# Avida tasks data
# Sun Apr 23 13:57:28 2023
# First column gives the current update, next columns give the number
# of organisms that have the particular task as a component of their merit
#  1: Update
#  2: Not
#  3: Nand
#  4: And
#  5: OrNot
#  6: Or
#  7: AndNot
#  8: Nor
#  9: Xor
# 10: Equals

0 0 0 0 0 0 0 0 0 0 
100 0 0 0 0 0 0 0 0 0 
200 0 2 0 0 0 0 0 0 0 
300 0 0 0 0 0 0 0 0 0 
400 0 0 0 0 0 0 0 0 0 
500 0 0 0 0 0 0 0 0 0 
600 0 4 0 0 0 0 0 0 0 
700 5 41 0 0 0 0 0 0 0 
800 55 98 0 118 0 0 0 0 0 
900 159 250 0 536 0 0 0 0 0 
1000 324 1006 0 1297 0 0 0 0 0 
1100 648 381 0 2858 2011 0 1 0 0 
1200 1641 1085 0 4235 3683 5 2 0 0 
1300 3131 1047 7 4733 4693 1739 4 0 0 
1400 5074 735 26 6092 6018 3983 13 0 0 
1500 6400 554 25 6876 6951 5335 11 0 0 
1600 7547 438 40 7663 7713 6598 20 0 0 
1700 8434 485 61 8240 8468 7550 20 0 0 
1800 9075 486 41 8919 9205 8332 33 0 0 
1900 9828 647 55 9484 9909 9145 20 0 0 
2000 10270 856 46 10089 10684 9871 20 0 0 
2100 10816 1099 72 10615 11188 10370 29 0 0 
2200 11225 1378 82 11035 11595 10683 37 0 0 
2300 11608 1758 73 11443 11997 11110 47 0 0 
2400 11766 2207 81 11737 12293 11399 69 0 0 
2500 11971 2615 99 11764 12434 11462 96 0 0 
2600 12011 3035 78 11717 12551 11548 162 0 0 
2700 12128 3467 85 11764 12635 11625 249 0 0 
2800 12208 4040 81 11893 12679 11772 312 0 0 
2900 12273 4497 69 11688 12731 11810 420 17 0 
3000 12397 4970 83 11679 12720 11799 513 73 0 
3100 12323 5713 79 11834 12754 11828 620 178 0 
3200 12045 6653 82 11849 12668 11721 960 496 0 
3300 12027 7430 1119 11854 12598 10737 1032 301 914 
3400 11980 7826 2064 11916 12527 9857 1035 137 1737 
3500 11985 8200 2737 11909 12474 9251 1039 148 2301 
3600 12016 8524 3255 11966 12482 8812 1034 143 2780 
3700 12039 7671 3461 11966 12469 8603 1036 121 2962 
3800 12032 7223 3547 11923 12406 8483 1028 57 3017 
3900 12078 7815 3030 11927 12462 9023 1026 889 3075 
4000 12029 7608 2522 11900 12443 9541 1027 1320 3053 
4100 11936 7274 2025 11884 12421 10015 1027 1719 3016 
4200 11920 7089 1577 11909 12419 10456 1026 2174 3076 
4300 11901 7055 1488 11895 12419 10560 1029 2296 3090 
4400 11885 7137 1440 11918 12461 10626 1029 2420 3180 
4500 11911 7288 1436 11940 12477 10634 1029 2414 3183 
4600 11912 7353 1328 11961 12546 10766 1033 2552 3242 
4700 11834 7315 1172 11937 12491 10914 1024 2667 3241 
4800 11845 7353 1120 11967 12516 11011 1026 2910 3434 
4900 11867 7453 1039 11996 12527 11114 1025 3076 3536 
5000 11893 7449 985 12017 12547 11183 1010 3192 3633 
5100 11883 7478 902 11990 12539 11235 988 3287 3682 
5200 11952 7516 852 12032 12567 11354 955 3467 3868 
5300 11940 7594 824 12048 12583 11374 929 3559 3973 
5400 11958 7634 786 12054 12562 11442 903 3630 4022 
5500 12032 7696 758 12101 12609 11513 873 3818 4196 
5600 12056 7758 705 12123 12588 11553 838 3926 4276 
5700 12129 7800 653 12120 12650 11643 811 4105 4422 
5800 12165 7800 570 12114 12611 11692 797 4214 4500 
5900 12208 7896 531 12162 12648 11822 770 4375 4647 
6000 12231 7972 506 12222 12638 11857 757 4484 4720 
6100 12201 8036 480 12176 12589 11855 746 4560 4770 
6200 12236 8140 447 12215 12582 11942 726 4684 4898 
6300 12232 8196 447 12232 12608 11969 720 4820 5014 
6400 12233 8244 390 12244 12617 11967 700 4954 5107 
6500 12280 8368 373 12294 12620 12043 750 5070 5195 
6600 12333 8449 367 12259 12579 12066 950 5200 5326 
6700 12334 8514 372 12252 12531 12033 1092 5235 5345 
6800 12375 8652 400 12298 12598 12063 1099 5427 5559 
6900 12376 8682 385 12335 12582 12109 1062 5523 5655 
7000 12365 8740 397 12379 12634 12152 1010 5685 5827 
7100 12349 8841 388 12393 12644 12150 965 5782 5911 
7200 12386 8915 389 12405 12667 12191 951 5908 6036 
7300 12363 8961 382 12412 12610 12158 906 5981 6113 
7400 12440 9053 395 12472 12675 12233 893 6149 6281 
7500 12396 9041 385 12441 12591 12209 870 6168 6295 
7600 12375 9097 399 12464 12582 12191 841 6255 6402 
7700 12363 9052 402 12469 12602 12210 817 6357 6494 
7800 12387 9094 419 12462 12572 12227 806 6411 6542 
7900 12393 9176 521 12487 12573 12243 798 6514 6644 
8000 12476 9299 605 12513 12621 12273 776 6683 6798 
8100 12457 9331 740 12511 12587 12264 757 6677 6791 
8200 12439 9362 880 12522 12566 12282 743 6744 6864 
8300 12473 9409 1010 12556 12601 12276 734 6815 6930 
8400 12450 9408 1159 12556 12590 12294 721 6874 6986 
8500 12496 9449 1337 12578 12663 12354 735 7037 7139 
8600 12500 9430 1469 12595 12574 12354 734 7066 7155 
8700 12468 9480 1614 12598 12559 12366 727 7161 7232 
8800 12494 9511 1794 12593 12555 12346 700 7204 7279 
8900 12540 9622 1972 12629 12572 12369 688 7323 7406 
9000 12525 9617 2112 12618 12508 12386 684 7363 7433 
9100 12542 9685 2368 12655 12605 12441 684 7560 7662 
9200 12529 9704 2552 12614 12524 12388 676 7606 7685 
9300 12553 9739 2702 12634 12575 12407 673 7755 7833 
9400 12615 9789 2841 12622 12571 12426 676 7872 7928 
9500 12625 9833 3048 12659 12589 12445 659 7933 8015 
9600 12581 9823 3215 12623 12539 12368 662 7941 8026 
9700 12612 9862 3372 12662 12591 12463 652 8115 8168 
9800 12657 9925 3519 12703 12582 12507 637 8218 8273 
9900 12651 9928 3725 12732 12604 12491 630 8282 8332 
10000 12630 9935 3788 12699 12599 12499 621 8361 8435 
