# Avida tasks data
# Mon Apr 24 00:00:42 2023
# First column gives the current update, next columns give the number
# of organisms that have the particular task as a component of their merit
#  1: Update
#  2: Not
#  3: Nand
#  4: And
#  5: OrNot
#  6: Or
#  7: AndNot
#  8: Nor
#  9: Xor
# 10: Equals

0 0 0 0 0 0 0 0 0 0 
100 0 0 0 0 0 0 0 0 0 
200 0 0 0 0 0 0 0 0 0 
300 0 0 0 0 0 0 0 0 0 
400 0 0 0 0 0 0 0 0 0 
500 0 0 0 0 0 0 0 0 0 
600 0 0 0 0 0 0 0 0 0 
700 164 0 0 0 0 0 0 0 0 
800 1245 248 0 6 0 0 0 0 0 
900 3197 2402 0 149 0 1 0 0 0 
1000 5282 4586 0 405 0 0 0 0 0 
1100 7188 6462 0 851 4 0 0 0 0 
1200 8911 8092 0 1584 14 1 0 0 0 
1300 10015 9187 0 2640 21 0 0 0 0 
1400 10986 10168 2 3452 158 1 0 0 0 
1500 11704 10864 2 4105 513 0 0 0 0 
1600 12185 11380 1 5000 1213 0 0 0 0 
1700 12335 11676 0 5897 2110 1 2 0 0 
1800 12500 11841 3 6810 3059 3 0 0 0 
1900 12609 12063 0 7742 3935 2 0 0 0 
2000 12615 12237 3 8561 4878 1 0 0 0 
2100 12631 12488 1 9260 5864 8 0 0 0 
2200 12709 12613 2 9941 6759 25 1 0 0 
2300 12683 12750 6 10536 7499 363 4 0 0 
2400 12816 12854 10 10858 8371 811 91 0 0 
2500 12726 12877 16 11249 8942 1116 743 0 0 
2600 12735 12824 34 11313 9320 2429 2233 0 0 
2700 12757 12756 45 11434 9714 3784 3686 0 0 
2800 12690 12761 147 11588 10031 5065 4898 0 0 
2900 12685 12757 300 11756 10352 6246 6010 2 0 
3000 12647 12743 541 11918 10580 7217 6940 8 0 
3100 12669 12713 902 12056 10919 8270 7859 29 0 
3200 12720 12673 1384 12051 11246 9082 8680 30 0 
3300 12747 12735 1649 12075 11556 9994 9474 35 0 
3400 12765 12675 2102 12073 11711 10496 10026 16 0 
3500 12698 12679 2536 12146 11845 10953 10476 18 2 
3600 12647 12583 3095 12216 11937 11230 10721 13 0 
3700 12623 12526 3536 12101 11949 11318 10886 1 0 
3800 12687 12580 3990 12116 12073 11625 11124 0 0 
3900 12733 12586 4576 12166 12098 11712 11159 1 0 
4000 12634 12516 5062 11991 12042 11830 11209 0 0 
4100 12650 12457 5445 11907 12006 11818 11314 1 0 
4200 12664 12477 6005 11784 12028 11986 11336 2 0 
4300 12611 12436 6592 11927 12050 11996 11395 0 0 
4400 12607 12519 7089 11928 12089 12013 11493 0 0 
4500 12719 12510 7711 11967 12039 12048 11479 1 0 
4600 12642 12518 8134 11910 12121 11986 11424 0 0 
4700 12533 12404 8614 11934 12038 11922 11347 2 0 
4800 12669 12521 9031 11928 12128 12025 11479 3 0 
4900 12732 12498 9488 12071 12148 12100 11466 1 0 
5000 12612 12524 9830 12062 12189 12175 11498 2 0 
5100 12715 12534 10121 12004 12151 12113 11482 0 0 
5200 12695 12517 10386 12045 12046 12113 11413 3 0 
5300 12616 12567 10830 11991 12087 12164 11425 1 0 
5400 12888 12665 10996 12109 12292 12305 11613 4 0 
5500 12688 12588 11231 12105 12124 12196 11413 0 0 
5600 12681 12583 11248 12035 12143 12143 11421 6 0 
5700 12800 12597 11539 12184 12206 12245 11569 10 0 
5800 12728 12675 11542 12081 12231 12212 11550 14 0 
5900 12819 12667 11509 12171 12157 12280 11551 6 0 
6000 12683 12621 11580 12125 12141 12234 11513 20 0 
6100 12644 12642 11555 12097 12047 12172 11410 26 0 
6200 12752 12603 11682 12210 12155 12217 11538 25 0 
6300 12645 12613 11631 12224 12161 12150 11438 39 0 
6400 12607 12554 11581 12193 12092 12154 11323 44 0 
6500 12789 12671 11612 12288 12243 12292 11600 24 0 
6600 12695 12612 11518 12191 12116 12197 11415 14 0 
6700 12834 12788 11751 12412 12311 12451 11671 14 0 
6800 12765 12779 11761 12351 12314 12285 11624 17 0 
6900 12722 12624 11812 12145 12243 12193 11367 11 0 
7000 12702 12589 11713 12166 12081 12230 11468 13 0 
7100 12731 12686 11691 12198 12112 12230 11453 12 0 
7200 12787 12641 11731 12318 12186 12243 11545 6 0 
7300 12652 12684 11694 12172 12171 12173 11460 10 0 
7400 12802 12605 11818 12323 12252 12260 11515 12 0 
7500 12697 12645 11794 12233 12229 12253 11524 16 0 
7600 12747 12747 11726 12247 12306 12271 11559 22 0 
7700 12790 12753 11773 12367 12301 12360 11585 28 0 
7800 12790 12761 11687 12326 12309 12282 11567 36 0 
7900 12755 12719 11646 12292 12264 12355 11627 32 0 
8000 12783 12679 11747 12318 12227 12297 11524 42 0 
8100 12850 12760 11706 12444 12368 12402 11642 46 0 
8200 12752 12704 11732 12488 12208 12325 11536 59 0 
8300 12816 12686 11767 12488 12263 12273 11531 44 0 
8400 12808 12682 11692 12473 12317 12344 11602 43 0 
8500 12727 12718 11656 12378 12297 12332 11600 34 2 
8600 12733 12744 11808 12500 12268 12361 11627 18 1 
8700 12793 12808 11795 12543 12312 12404 11677 8 0 
8800 12766 12748 11836 12466 12234 12356 11594 3 0 
8900 12780 12780 11972 12488 12311 12432 11693 2 0 
9000 12772 12677 11858 12413 12317 12295 11608 4 0 
9100 12777 12785 11918 12462 12268 12373 11603 2 0 
9200 12848 12834 11908 12549 12339 12415 11640 0 0 
9300 12766 12752 11696 12497 12327 12391 11636 2 0 
9400 12810 12629 11768 12453 12215 12330 11608 3 0 
9500 12785 12796 11851 12542 12341 12317 11628 4 0 
9600 12821 12853 11829 12599 12384 12395 11643 4 0 
9700 12743 12804 11868 12605 12300 12394 11611 0 0 
9800 12834 12806 11767 12671 12381 12402 11586 0 0 
9900 12736 12791 11495 12633 12202 12315 11516 0 195 
