# Avida tasks data
# Sun Apr 23 16:20:59 2023
# First column gives the current update, next columns give the number
# of organisms that have the particular task as a component of their merit
#  1: Update
#  2: Not
#  3: Nand
#  4: And
#  5: OrNot
#  6: Or
#  7: AndNot
#  8: Nor
#  9: Xor
# 10: Equals

0 0 0 0 0 0 0 0 0 0 
100 0 0 0 0 0 0 0 0 0 
200 0 0 0 0 0 0 0 0 0 
300 0 0 0 0 0 0 0 0 0 
400 0 0 0 0 0 0 0 0 0 
500 0 0 0 0 0 0 0 0 0 
600 10 6 0 0 0 0 0 0 0 
700 46 19 0 0 0 0 0 0 0 
800 122 256 0 328 0 0 0 0 0 
900 220 1302 1696 1949 1 47 0 0 0 
1000 242 2541 2718 2978 3 1808 2 0 0 
1100 295 3715 3835 4113 4 3268 0 0 0 
1200 411 4792 4702 4983 1 4369 0 0 0 
1300 732 6126 5824 6234 5 5561 0 0 0 
1400 1379 7916 7354 7859 6 7108 0 0 0 
1500 2204 9742 9061 9667 11 8837 0 0 0 
1600 3208 11751 10887 11583 6 10653 0 0 0 
1700 4044 12649 11811 12556 16 11607 0 0 0 
1800 4996 12862 11919 12612 23 11686 2 0 0 
1900 5927 12875 11844 12502 20 11573 0 0 0 
2000 6981 12887 11870 12610 16 11598 2 0 0 
2100 8101 12863 11904 12617 24 11677 0 0 0 
2200 9114 12806 11966 12723 23 11719 0 0 0 
2300 9876 12764 11866 12622 14 11645 1 0 0 
2400 10550 12869 11864 12667 21 11691 0 0 0 
2500 11106 12981 11907 12658 35 11670 0 0 0 
2600 11602 13043 11942 12647 32 11717 2 0 0 
2700 11978 12847 11961 12629 28 11703 1 1 0 
2800 12100 12915 11884 12605 47 11685 0 0 0 
2900 12277 12896 11910 12660 45 11681 0 0 0 
3000 12545 12929 11864 12618 37 11639 4 0 0 
3100 12517 12980 11938 12643 46 11728 2 0 0 
3200 12779 12929 11797 12528 38 11565 0 0 0 
3300 12798 12983 11808 12561 49 11605 1 0 0 
3400 12802 13004 11832 12549 38 11669 1 0 0 
3500 12768 12968 11894 12628 25 11756 0 0 0 
3600 12842 12899 12032 12634 45 11801 1 0 0 
3700 12557 12919 12040 12646 563 11809 4 1 0 
3800 12076 12941 11890 12620 1808 11765 11 1 0 
3900 12392 12804 11916 12724 3456 11754 18 3 0 
4000 12324 12741 11831 12774 4787 11662 116 4 0 
4100 11940 12665 11833 12804 6058 11719 450 2 0 
4200 11269 12777 11674 12891 7315 11665 1131 8 0 
4300 10452 12601 11669 12973 8657 11751 2027 8 0 
4400 9423 12670 11639 13057 9575 11702 3119 4 0 
4500 8214 12589 11510 13152 10310 11661 4306 10 0 
4600 7301 12576 11472 13199 10932 11798 5547 8 0 
4700 6917 12512 11533 13344 11343 11834 6395 8 0 
4800 6699 12566 11594 13389 11708 11870 7185 3 0 
4900 6594 12628 11606 13506 11952 11958 7699 0 0 
5000 6774 12468 11456 13447 11931 11962 8078 3 1 
5100 6996 12585 11486 13467 12002 11885 8619 3 0 
5200 7468 12536 11558 13495 12093 11987 8988 0 0 
5300 7826 12491 11626 13586 12136 12059 9389 0 0 
5400 8191 12541 11502 13589 12167 11968 9676 2 0 
5500 8691 12676 11417 13537 12108 11909 9858 0 0 
5600 9297 12643 11499 13601 12202 12030 10213 2 1 
5700 9636 12652 11644 13672 12333 12112 10521 2 0 
5800 10201 12790 11562 13688 12249 12036 10785 1 3 
5900 10569 12577 11547 13707 12306 12056 10937 0 2 
6000 10770 12503 11385 13657 12240 11917 11055 0 0 
6100 11043 12628 11569 13773 12424 12090 11392 0 0 
6200 11353 12719 11526 13715 12302 12079 11560 0 3 
6300 11408 12599 11590 13775 12400 12137 11633 0 0 
6400 11620 12596 11589 13763 12364 12144 11692 0 0 
6500 11769 12585 11608 13754 12429 12072 11743 0 2 
6600 11919 12556 11491 13758 12327 12047 11700 0 1 
6700 11941 12649 11568 13746 12433 12072 11756 0 2 
6800 11972 12620 11546 13729 12416 12067 11791 0 5 
6900 12165 12640 11660 13753 12525 12197 11847 0 2 
7000 12169 12639 11566 13795 12404 12131 11813 0 0 
7100 12271 12645 11658 13774 12461 12148 11853 2 4 
7200 12288 12704 11645 13752 12441 12169 11825 0 3 
7300 12249 12792 11541 13792 12412 12073 11772 0 3 
7400 12315 12812 11727 13802 12508 12228 11881 0 0 
7500 12180 12807 11651 13730 12516 12177 11907 0 0 
7600 12201 12811 11611 13786 12476 12142 11797 0 0 
7700 12199 12848 11577 13780 12522 12061 11808 2 2 
7800 12163 12832 11566 13753 12355 12087 11756 0 1 
7900 12140 12795 11526 13742 12421 12086 11749 0 0 
8000 12124 12761 11686 13798 12492 12176 11846 0 1 
8100 12129 12851 11628 13747 12488 12164 11844 0 1 
8200 12331 12875 11479 13766 12451 12026 11764 0 3 
8300 12289 12804 11641 13793 12491 12186 11831 0 2 
8400 12312 12865 11665 13772 12554 12162 11813 0 6 
8500 12268 12798 11642 13780 12446 12132 11814 2 3 
8600 12362 12726 11654 13820 12483 12090 11822 0 0 
8700 12371 12835 11679 13757 12497 12196 11830 2 0 
8800 12369 12879 11637 13801 12490 12176 11798 0 2 
8900 12541 12822 11682 13745 12502 12192 11868 0 1 
9000 12424 12924 11724 13759 12471 12237 11916 0 0 
9100 12495 12840 11629 13750 12469 12208 11834 0 2 
9200 12472 12863 11590 13763 12463 12176 11859 2 0 
9300 12430 12862 11706 13788 12491 12227 11876 0 1 
9400 12511 12842 11548 13761 12444 12124 11805 0 3 
9500 12352 12899 11645 13760 12499 12203 11881 0 3 
9600 12406 12808 11492 13714 12354 12088 11787 0 1 
9700 12436 12802 11682 13787 12467 12170 11852 0 1 
9800 12459 12870 11769 13797 12539 12263 11979 0 0 
9900 12573 12948 11500 13710 12415 12110 11816 0 1 
10000 12586 12899 11702 13770 12481 12238 11811 0 4 
