# Avida tasks data
# Mon Apr 24 00:49:41 2023
# First column gives the current update, next columns give the number
# of organisms that have the particular task as a component of their merit
#  1: Update
#  2: Not
#  3: Nand
#  4: And
#  5: OrNot
#  6: Or
#  7: AndNot
#  8: Nor
#  9: Xor
# 10: Equals

0 0 0 0 0 0 0 0 0 0 
100 0 0 0 0 0 0 0 0 0 
200 0 0 0 0 0 0 0 0 0 
300 0 0 0 0 0 0 0 0 0 
400 0 0 0 0 0 0 0 0 0 
500 0 0 0 0 0 0 0 0 0 
600 3 129 0 3 0 0 0 0 0 
700 1050 1697 8 0 0 0 0 0 0 
800 3162 3853 17 4 0 0 0 0 0 
900 5129 5907 20 4 0 5 0 0 0 
1000 6891 7737 33 4 0 1 0 0 0 
1100 8608 9387 32 16 0 1 0 0 0 
1200 9585 10236 57 14 0 2 0 0 0 
1300 10079 10734 40 15 0 2 0 0 0 
1400 10516 11175 47 15 0 6 0 0 0 
1500 10948 11486 45 16 0 7 0 0 0 
1600 11301 11900 41 13 0 1 0 0 0 
1700 11709 12187 65 14 0 4 0 0 0 
1800 11937 12443 49 16 0 3 0 0 0 
1900 12356 12764 54 50 0 6 0 0 0 
2000 12527 12908 66 61 0 4 0 0 0 
2100 12589 13083 51 51 0 5 0 0 0 
2200 12625 13093 45 92 0 19 0 0 0 
2300 12682 13085 52 168 3 86 0 0 0 
2400 12773 13217 61 241 276 259 0 0 0 
2500 12774 13126 57 273 929 733 0 0 0 
2600 12769 13182 60 287 1602 1246 0 0 0 
2700 12792 13202 59 307 2326 1921 0 2 0 
2800 12725 13125 82 330 2716 2295 0 3 0 
2900 12732 13118 61 345 3197 2666 0 1 0 
3000 12745 13148 67 350 3701 3120 0 4 0 
3100 12701 13077 71 358 4039 3376 0 2 0 
3200 12686 13049 62 347 4507 3857 1 3 0 
3300 12693 13020 55 353 4836 4217 0 0 0 
3400 12673 13061 55 351 5232 4542 2 0 0 
3500 12652 13077 62 317 5707 4928 1 5 0 
