# Avida tasks data
# Sun Apr 23 22:10:04 2023
# First column gives the current update, next columns give the number
# of organisms that have the particular task as a component of their merit
#  1: Update
#  2: Not
#  3: Nand
#  4: And
#  5: OrNot
#  6: Or
#  7: AndNot
#  8: Nor
#  9: Xor
# 10: Equals

0 0 0 0 0 0 0 0 0 0 
100 0 0 0 0 0 0 0 0 0 
200 0 0 0 0 0 0 0 0 0 
300 0 0 0 0 0 0 0 0 0 
400 0 0 0 0 0 0 0 0 0 
500 108 25 0 0 0 0 0 0 0 
600 743 334 0 3 0 0 0 0 0 
700 1759 1506 0 1046 0 4 0 0 0 
800 3347 3290 0 2927 2 8 0 0 0 
900 5250 5324 8 5002 10 58 0 0 0 
1000 7283 7448 3 7082 21 110 0 0 0 
1100 9415 9548 12 9243 67 140 0 0 0 
1200 11048 11040 38 10826 108 614 2 0 0 
1300 11594 11460 17 11296 104 2715 0 0 0 
1400 11724 11713 17 11540 83 4252 5 0 0 
1500 11809 11830 256 11528 1062 5473 1 3 0 
1600 11859 11833 1475 11579 2575 6284 0 3 0 
1700 12034 12000 3611 11909 3462 6885 0 7 0 
1800 12155 12003 5175 12084 4666 7567 1 10 0 
1900 12385 12258 6610 12321 6022 8422 1 18 0 
2000 12715 12485 7946 12569 7328 9135 4 23 0 
2100 12728 12598 9224 12804 8480 9874 1 14 0 
2200 12850 12600 10088 12827 9250 10332 0 23 0 
2300 12839 12611 10751 12856 9865 10815 0 30 0 
2400 12956 12733 11388 13002 10489 11272 1 21 0 
2500 13028 12748 11807 13029 10782 11513 0 26 0 
2600 13128 12800 12050 13162 11102 11757 2 26 0 
2700 13127 12672 12233 13119 11156 11753 2 28 0 
2800 13029 12690 12364 13070 11345 11914 3 23 0 
2900 13177 12748 12592 13149 11559 12200 5 27 0 
3000 13132 12749 12724 13103 11725 12332 3 27 0 
3100 13057 12795 12777 13199 11735 12304 3 31 0 
3200 13108 12783 12674 13112 11688 12297 0 17 0 
3300 13068 12787 12823 13141 11776 12336 3 32 0 
3400 13124 12752 12779 13108 11739 12309 0 20 0 
3500 13088 12803 12773 13099 11720 12328 3 29 0 
3600 13186 12804 12747 13198 11782 12333 2 26 0 
3700 13105 12689 12727 13122 11625 12191 0 28 0 
3800 13158 12820 12854 13268 11785 12398 2 29 0 
3900 13113 12732 12781 13180 11720 12325 1 27 0 
4000 13145 12751 12778 13157 11772 12326 3 37 0 
4100 13174 12719 12783 13170 11706 12285 4 41 0 
4200 13196 12811 12771 13151 11787 12334 0 27 0 
4300 13182 12814 12775 13200 11862 12412 4 32 0 
4400 13207 12760 12850 13198 11744 12335 7 18 0 
4500 13165 12779 12840 13171 11849 12369 3 22 0 
4600 13135 12808 12771 13179 11759 12310 0 23 0 
4700 13109 12879 12799 13173 11760 12367 1 27 0 
4800 13201 12825 12801 13192 11755 12366 0 27 0 
4900 13156 12861 12783 13164 11842 12358 0 28 0 
5000 13193 12816 12693 13167 11726 12305 5 29 0 
5100 13180 12826 12809 13232 11756 12317 4 15 0 
5200 13196 12848 12796 13153 11829 12397 0 13 0 
5300 13224 12796 12882 13206 11724 12305 2 24 0 
5400 13171 12839 12803 13223 11869 12442 1 27 0 
5500 13230 12798 12792 13129 11856 12355 4 26 0 
5600 13231 12885 12814 13253 11867 12455 27 28 0 
5700 13261 12745 12726 13101 11665 12242 72 38 0 
5800 13292 12857 12808 13182 11820 12369 173 31 0 
5900 13197 12852 12850 13183 11845 12343 259 32 0 
6000 13163 12726 12768 13176 11774 12318 369 21 0 
6100 13229 12774 12741 13193 11823 12356 643 25 0 
6200 13308 12934 12877 13265 12001 12494 985 12 0 
6300 13279 12874 12848 13239 11809 12400 1327 28 0 
6400 13215 12873 12808 13147 11900 12398 1712 35 0 
6500 13265 12796 12736 13118 11797 12373 2165 17 0 
6600 13290 12873 12834 13243 11879 12501 2724 19 0 
6700 13291 12834 12839 13124 11821 12417 3318 23 0 
6800 13278 12886 12928 13236 11897 12463 3887 22 0 
6900 13252 12970 12948 13276 11910 12534 4511 14 0 
7000 13299 12983 12917 13244 11941 12465 5137 28 0 
7100 13298 12865 12891 13166 11882 12460 5732 33 0 
7200 13314 12873 12899 13179 11958 12496 6176 27 0 
7300 13329 12991 12959 13285 11950 12500 6801 22 0 
7400 13332 12924 12895 13186 11948 12491 7180 13 0 
7500 13316 12930 12865 13157 11901 12441 7753 24 0 
7600 13293 12975 12965 13245 11999 12619 8218 14 0 
7700 13328 12980 13024 13279 11974 12568 8823 26 0 
7800 13308 12907 12905 13218 11905 12480 9185 18 0 
7900 13310 12952 12899 13276 11896 12514 9829 15 0 
8000 13431 13017 12958 13272 12047 12564 10351 26 0 
8100 13338 12917 12905 13214 11879 12481 10617 15 0 
8200 13344 12905 12987 13255 11916 12492 11039 25 0 
8300 13374 12922 13000 13204 11922 12501 11300 22 0 
8400 13409 13123 13043 13313 12048 12646 11609 22 0 
8500 13341 13014 12972 13247 12013 12510 11667 14 0 
8600 13352 12986 12966 13242 11926 12563 11757 19 0 
8700 13297 12923 12896 13243 11875 12537 11862 34 0 
8800 13366 12944 12945 13268 11899 12526 11856 17 0 
8900 13320 12908 12849 13185 11825 12406 11927 24 0 
9000 13394 12962 12889 13248 11953 12510 12055 16 0 
9100 13331 12941 12957 13222 11912 12559 11792 17 0 
9200 13324 12980 12938 13256 11933 12513 11998 25 0 
9300 13320 12978 13002 13271 11978 12446 11943 27 0 
9400 13319 12975 12921 13234 11976 12544 11836 17 0 
9500 13283 12951 12930 13214 11923 12512 11921 28 0 
9600 13312 12977 12906 13211 11861 12510 11918 28 0 
9700 13418 13080 12942 13210 12014 12566 11926 21 0 
9800 13334 13016 12948 13216 11976 12576 11964 19 0 
9900 13302 13003 12920 13233 12049 12623 11908 20 0 
10000 13325 13013 12924 13232 11968 12543 11972 25 0 
