# Avida tasks data
# Mon Apr 24 00:16:35 2023
# First column gives the current update, next columns give the number
# of organisms that have the particular task as a component of their merit
#  1: Update
#  2: Not
#  3: Nand
#  4: And
#  5: OrNot
#  6: Or
#  7: AndNot
#  8: Nor
#  9: Xor
# 10: Equals

0 0 0 0 0 0 0 0 0 0 
100 0 0 0 0 0 0 0 0 0 
200 0 0 0 0 0 0 0 0 0 
300 0 0 0 0 0 0 0 0 0 
400 0 0 0 0 0 0 0 0 0 
500 0 0 0 0 0 0 0 0 0 
600 0 0 0 0 0 0 0 0 0 
700 1234 104 0 4 0 0 0 0 0 
800 1817 318 0 142 2 0 0 0 0 
900 1817 318 0 142 2 0 0 0 0 
1000 1817 318 0 142 2 0 0 0 0 
1100 1817 318 0 142 2 0 0 0 0 
1200 1815 317 0 141 3 0 0 0 0 
1300 1815 317 0 141 2 0 0 0 0 
1400 1815 317 0 141 2 0 0 0 0 
1500 1817 319 0 141 2 0 0 0 0 
1600 1815 318 0 140 2 0 0 0 0 
1700 1815 319 0 142 2 0 0 0 0 
1800 1814 318 0 141 2 0 0 0 0 
1900 1813 317 0 141 2 0 0 0 0 
2000 1813 316 0 140 2 0 0 0 0 
2100 1815 318 0 142 2 0 0 0 0 
2200 1814 318 0 143 2 0 0 0 0 
2300 1814 318 0 143 2 0 0 0 0 
2400 1976 411 1 251 2 0 0 0 0 
2500 2492 1026 0 557 3 0 0 0 0 
2600 2492 1026 0 557 3 0 0 0 0 
2700 2489 1024 0 555 3 0 0 0 0 
2800 2491 1026 0 557 3 0 0 0 0 
2900 2490 1025 0 557 3 0 0 0 0 
3000 2484 1019 0 549 3 0 0 0 0 
3100 2486 1021 0 537 3 0 0 0 0 
