# Avida tasks data
# Mon Apr 24 06:33:53 2023
# First column gives the current update, next columns give the number
# of organisms that have the particular task as a component of their merit
#  1: Update
#  2: Not
#  3: Nand
#  4: And
#  5: OrNot
#  6: Or
#  7: AndNot
#  8: Nor
#  9: Xor
# 10: Equals

0 0 0 0 0 0 0 0 0 0 
100 0 0 0 0 0 0 0 0 0 
200 0 0 0 0 0 0 0 0 0 
300 0 0 0 0 0 0 0 0 0 
400 0 0 0 0 0 0 0 0 0 
500 0 0 0 0 0 0 0 0 0 
600 4 0 0 0 0 0 0 0 0 
700 3 0 0 0 0 0 0 0 0 
800 9 0 0 29 0 0 0 0 0 
900 100 23 0 1068 3 0 0 0 0 
1000 288 77 0 2458 14 0 0 0 0 
1100 1047 178 2 4224 15 0 1 0 0 
1200 1873 479 1 5597 642 46 47 0 0 
1300 2781 864 14 6771 2049 370 174 0 0 
1400 3434 1258 25 7880 3859 444 566 0 0 
1500 4222 1497 197 9125 5876 1661 658 0 0 
1600 5303 1384 278 9649 6741 3153 628 0 3 
1700 6178 1338 1091 10085 7452 3966 646 0 0 
1800 6910 2015 2627 10244 7832 3623 596 0 0 
1900 7682 3311 4215 10441 8292 3120 593 0 0 
2000 8345 4619 5615 10724 8579 2619 560 0 0 
2100 8978 5857 6775 11109 9075 2130 524 0 0 
2200 9708 7044 7966 11434 9559 1673 483 0 0 
2300 10289 7622 8788 11597 9970 1615 430 0 0 
2400 10702 8148 9268 11938 10496 2162 323 0 0 
2500 10792 8894 9372 11888 10628 3256 294 0 0 
2600 10895 9479 9533 12183 10920 4435 287 1 0 
2700 10903 9983 9595 12444 11225 5712 265 2 0 
2800 11025 10361 9673 12447 11335 6727 223 0 0 
2900 11019 10722 9627 12644 11407 7508 201 4 0 
3000 11058 11105 9684 12606 11514 8337 164 2 0 
3100 11243 11462 9941 12806 11690 9283 107 3 0 
3200 11354 11603 9855 12902 11782 9858 83 0 0 
3300 11333 11840 10098 12918 11891 10199 69 3 0 
3400 11438 11992 10134 12927 12008 10366 85 4 0 
3500 11503 12239 10364 12982 12152 10682 98 8 0 
3600 11590 12423 10520 13028 12311 10930 80 4 0 
3700 11471 12315 10323 13002 12204 10799 104 7 0 
3800 11520 12430 10369 12984 12172 10868 112 6 0 
3900 11608 12363 10404 13077 12373 10951 87 5 0 
4000 11597 12485 10490 13050 12295 10986 69 4 0 
4100 11628 12531 10591 13103 12294 11033 83 7 0 
4200 11611 12544 10524 13149 12285 10946 73 6 0 
4300 11642 12560 10556 13075 12268 11009 112 9 0 
4400 11712 12524 10572 13106 12383 11086 81 4 0 
4500 11778 12628 10748 13203 12411 11181 84 6 0 
4600 11814 12653 10655 13159 12339 11117 109 3 0 
4700 11714 12713 10666 13200 12395 11209 103 7 0 
4800 11667 12598 10577 13136 12348 11007 96 7 0 
4900 11785 12669 10704 13146 12312 11134 96 9 0 
5000 11680 12705 10684 13260 12291 11187 87 4 0 
5100 11611 12621 10570 13207 12322 11062 84 1 0 
5200 11697 12690 10692 13248 12320 11102 71 4 0 
5300 11669 12646 10619 13209 12265 11050 123 6 0 
5400 11675 12750 10698 13275 12321 11142 86 6 0 
5500 11745 12783 10701 13289 12355 11237 78 3 0 
5600 11785 12811 10833 13301 12383 11280 81 6 2 
5700 11646 12812 10788 13349 12293 11164 109 9 1 
5800 11733 12776 10797 13301 12356 11248 144 6 0 
5900 11697 12807 10821 13302 12448 11336 181 3 0 
6000 11701 12928 11061 13367 12559 11511 305 1 0 
6100 11409 12813 10866 13284 12430 11258 443 5 0 
6200 11223 12853 10910 13301 12358 11362 703 5 0 
6300 11003 12840 10879 13287 12452 11275 982 6 0 
6400 10637 12910 10969 13309 12537 11372 1307 2 0 
6500 10368 12844 10931 13230 12473 11375 1606 3 0 
6600 9994 12828 10922 13264 12485 11307 2103 10 0 
6700 9911 12812 10909 13219 12450 11348 2421 13 1 
6800 9876 12843 10872 13250 12413 11307 2832 11 1 
6900 9768 12908 10932 13218 12504 11389 3450 8 2 
7000 9645 12831 10863 13191 12501 11306 4071 9 0 
7100 9543 12794 10837 13159 12453 11254 4631 2 0 
7200 9479 12745 10759 13083 12404 11208 5415 6 0 
7300 9645 12756 10853 13128 12506 11199 6075 13 2 
7400 9723 12700 10799 13073 12522 11176 6760 12 2 
7500 9944 12771 10832 13112 12557 11327 7272 8 0 
7600 10143 12816 10750 13129 12425 11247 7701 6 0 
7700 10245 12675 10651 13031 12406 11042 8180 18 0 
7800 10695 12854 10800 13106 12508 11275 8835 11 2 
7900 10825 12719 10747 13103 12453 11198 9228 15 0 
8000 10929 12668 10733 13038 12454 11142 9675 15 1 
8100 10992 12629 10568 12987 12441 11119 9924 25 2 
8200 11134 12681 10681 13071 12396 11128 10262 15 0 
8300 11160 12668 10568 13063 12453 11183 10597 15 2 
8400 11363 12712 10737 13073 12552 11291 10926 13 1 
8500 11432 12751 10699 13054 12556 11255 11294 12 0 
8600 11410 12598 10626 13038 12542 11144 11307 15 0 
8700 11543 12816 10766 13168 12523 11306 11639 15 1 
8800 11517 12653 10711 13102 12466 11201 11678 17 0 
8900 11407 12726 10644 13075 12414 11151 11657 19 0 
9000 11532 12795 10789 13181 12542 11317 11772 10 0 
9100 11478 12747 10742 13108 12450 11169 11696 8 0 
9200 11612 12847 10823 13141 12515 11358 11856 10 0 
9300 11565 12821 10848 13149 12498 11349 11750 13 0 
9400 11618 12957 10995 13269 12500 11454 11959 10 0 
9500 11749 12964 11020 13256 12655 11558 12007 15 0 
9600 11784 12965 11056 13300 12626 11468 12007 12 0 
9700 11867 13033 11168 13309 12661 11650 12085 20 0 
9800 11852 13043 11099 13308 12593 11622 12082 10 0 
9900 11852 13086 11248 13410 12630 11614 12198 15 0 
10000 11925 13192 11313 13467 12657 11702 12214 7 0 
