# Avida tasks data
# Mon Apr 24 02:24:47 2023
# First column gives the current update, next columns give the number
# of organisms that have the particular task as a component of their merit
#  1: Update
#  2: Not
#  3: Nand
#  4: And
#  5: OrNot
#  6: Or
#  7: AndNot
#  8: Nor
#  9: Xor
# 10: Equals

0 0 0 0 0 0 0 0 0 0 
100 0 0 0 0 0 0 0 0 0 
200 0 0 0 0 0 0 0 0 0 
300 0 0 0 0 0 0 0 0 0 
400 0 0 0 0 0 0 0 0 0 
500 0 0 0 0 0 0 0 0 0 
600 0 0 0 0 0 0 0 0 0 
700 0 0 0 0 0 0 0 0 0 
800 0 0 0 25 0 0 0 0 0 
900 27 145 0 230 0 9 0 0 0 
1000 74 632 14 1679 1 1847 1 0 0 
1100 326 2815 20 3470 0 3524 0 0 0 
1200 318 3433 42 4081 2 4182 0 0 0 
1300 315 3433 40 4084 2 4186 0 0 0 
1400 692 4138 33 4836 190 4665 177 0 0 
1500 1767 5170 68 5876 463 3653 1803 0 0 
1600 2254 5471 43 6203 260 3415 2301 0 0 
1700 2252 5471 43 6202 260 3415 2298 0 0 
1800 2467 5739 46 6406 262 3399 2484 0 0 
1900 2499 5794 47 6455 255 3384 2548 0 0 
2000 2501 5794 47 6453 255 3386 2546 0 0 
2100 2627 6068 41 6750 520 3347 2840 0 0 
2200 2683 6068 43 6887 930 3368 2966 0 0 
2300 2113 5255 68 7257 2114 4367 3503 0 0 
2400 2271 5437 80 7368 2317 4632 3664 0 1 
2500 2338 5728 79 7354 2334 4631 3622 0 0 
2600 2378 5900 124 7380 2296 4460 3580 0 1 
2700 2482 5995 116 7466 2148 4456 3632 0 0 
2800 2712 6170 119 7646 2164 4763 3778 0 0 
2900 2892 6343 118 7813 2391 4887 3708 0 0 
3000 2991 6462 125 7934 2464 4954 3705 0 0 
3100 3048 6516 117 7992 2509 4970 3695 0 0 
3200 2998 6636 117 8140 2685 4855 3696 0 0 
3300 3232 6619 113 8171 2858 4715 3700 0 0 
3400 3307 6665 113 8190 2941 4671 3638 0 0 
3500 3366 6692 114 8185 2983 4637 3633 0 0 
3600 3477 6658 116 8184 3071 4555 3630 0 0 
3700 3558 6746 114 8234 3150 4547 3625 0 0 
3800 3638 6755 114 8215 3203 4544 3570 0 0 
3900 3729 6695 112 8190 3392 4541 3394 0 0 
4000 3755 6670 112 8182 3514 4540 3286 0 0 
4100 3780 6694 112 8193 3595 4540 3230 0 0 
4200 3835 6752 112 8214 3723 4533 3145 0 0 
4300 3921 6819 112 8285 3832 4533 3097 0 0 
4400 4150 7051 112 8495 4031 4533 3095 0 0 
4500 4371 7259 112 8722 4260 4534 3095 0 0 
4600 4589 7397 111 8880 4473 4468 3095 0 0 
4700 4686 7493 111 9014 4610 4469 3095 0 0 
4800 4700 7513 111 8996 4603 4469 3095 0 0 
4900 4704 7575 111 9028 4617 4472 3095 0 0 
5000 4721 7605 111 9058 4646 4472 3096 0 0 
5100 4805 7707 182 9158 4707 4474 3096 0 0 
5200 4903 7759 302 9224 4777 4399 3094 0 0 
5300 4936 7781 271 9251 4799 4355 3094 0 0 
5400 4978 7775 272 9273 4843 4312 3092 0 0 
5500 5021 7844 281 9325 4899 4281 3082 0 0 
5600 5021 7845 351 9339 4928 4289 3077 0 0 
5700 4896 7796 288 9323 4921 4294 3077 0 0 
5800 4759 7808 244 9328 4937 4356 3078 0 0 
5900 4850 7794 231 9368 4966 4380 3078 0 0 
6000 4803 7771 211 9389 4989 4427 3076 0 0 
6100 4753 7770 195 9406 5004 4551 3076 0 0 
6200 4740 7788 189 9443 5021 4643 3076 0 0 
6300 4670 7839 190 9463 5042 4739 3080 0 0 
6400 4618 7880 176 9489 5057 4814 3078 0 0 
6500 4571 7922 161 9510 5073 4912 3077 0 0 
6600 4561 7914 153 9525 5079 4952 3076 0 0 
6700 4558 7950 151 9534 5078 5065 3076 0 0 
6800 4606 7939 157 9530 5098 5080 3076 0 0 
6900 4667 7945 158 9529 5076 5114 3076 0 0 
7000 4678 7955 166 9521 5081 5150 3078 0 0 
7100 4682 7922 165 9536 5085 5217 3077 0 0 
7200 4746 7726 168 9541 5092 5243 3076 0 0 
7300 4815 7625 165 9547 5092 5300 3076 0 0 
7400 4912 7549 174 9603 5123 5368 3076 0 0 
7500 4923 7510 164 9619 5149 5394 3076 0 0 
7600 4948 7432 159 9601 5141 5409 3076 0 0 
7700 4967 7403 162 9600 5130 5420 3076 0 0 
7800 4956 7365 157 9610 5141 5452 3076 0 0 
7900 4997 7303 148 9617 5150 5479 3076 0 0 
8000 4999 7239 146 9605 5163 5517 3076 0 0 
8100 5011 7161 137 9613 5203 5587 3076 0 0 
8200 5012 7123 139 9616 5191 5622 3075 0 0 
8300 5026 7090 140 9645 5205 5681 3073 0 0 
8400 5086 7050 136 9670 5238 5746 3074 0 0 
8500 5121 6976 136 9697 5266 5817 3072 0 0 
8600 5023 6940 139 9754 5389 6027 3086 0 0 
8700 4925 6995 144 9796 5501 6127 3139 0 1 
8800 4828 6936 140 9832 5551 6182 3287 1 0 
8900 4764 7000 140 9832 5544 6184 3346 0 2 
9000 4764 7147 145 9827 5536 6169 3348 0 0 
9100 4770 7283 148 9853 5575 6202 3363 0 1 
9200 4775 7460 150 10019 5741 6369 3481 0 1 
9300 4770 7586 156 10156 5883 6529 3568 0 1 
9400 4757 7676 161 10246 5973 6636 3636 0 1 
9500 4767 7774 152 10314 6046 6724 3723 0 1 
9600 4748 7805 149 10338 6076 6770 3730 1 2 
9700 4755 7821 166 10353 6090 6790 3710 1 1 
9800 4718 7815 161 10342 6092 6816 3704 0 1 
9900 4710 7832 155 10336 6109 6839 3689 0 2 
10000 4655 7874 153 10345 6125 6884 3717 0 0 
