# Avida tasks data
# Mon Apr 24 06:07:52 2023
# First column gives the current update, next columns give the number
# of organisms that have the particular task as a component of their merit
#  1: Update
#  2: Not
#  3: Nand
#  4: And
#  5: OrNot
#  6: Or
#  7: AndNot
#  8: Nor
#  9: Xor
# 10: Equals

0 0 0 0 0 0 0 0 0 0 
100 0 0 0 0 0 0 0 0 0 
200 0 0 0 0 0 0 0 0 0 
300 0 0 0 0 0 0 0 0 0 
400 0 0 0 0 0 0 0 0 0 
500 0 0 0 0 0 0 0 0 0 
600 0 0 0 0 0 0 0 0 0 
700 2 0 0 0 0 0 0 0 0 
800 2 0 0 0 0 0 0 0 0 
900 22 0 0 0 0 0 0 0 0 
1000 70 49 0 1062 0 0 0 0 0 
1100 751 535 0 3301 0 0 0 0 0 
1200 867 497 2 3409 2 0 0 0 0 
1300 1880 493 1 4281 2 0 0 0 0 
1400 1881 503 1 4286 2 0 0 0 0 
1500 1891 513 0 4433 7 0 0 0 0 
1600 2263 797 834 6072 34 10 0 0 0 
1700 2382 2624 2360 7668 42 33 0 0 0 
1800 2382 2624 2361 7668 42 33 0 0 0 
1900 2382 2624 2361 7668 42 33 0 0 0 
2000 2382 2624 2360 7668 42 33 0 0 0 
2100 2383 2624 2356 7667 42 33 0 0 0 
2200 2607 3005 2447 7974 52 40 0 0 0 
2300 2684 3142 2502 8056 47 34 0 0 0 
2400 3046 3427 2470 8231 46 50 0 0 0 
2500 3049 3428 2475 8234 46 49 0 0 0 
2600 3048 3429 2474 8235 46 49 0 0 0 
2700 3048 3429 2474 8235 46 48 0 0 0 
2800 3051 3430 2472 8234 46 48 0 0 0 
2900 3193 3719 2240 8462 37 35 0 0 0 
3000 3208 3711 2224 8502 34 41 0 0 0 
3100 3210 3713 2224 8503 34 41 0 0 0 
3200 3232 3805 2195 8584 38 34 0 0 0 
3300 3224 4090 2219 8874 36 33 0 0 0 
3400 3233 4095 2208 8889 41 31 0 0 0 
3500 3230 4098 2206 8892 42 30 0 0 0 
3600 3231 4100 2204 8894 42 30 0 0 0 
3700 3233 4103 2202 8892 42 31 0 0 0 
3800 3228 4101 2202 8894 42 33 0 0 0 
3900 3228 4101 2195 8894 42 34 0 0 0 
4000 3227 4109 2192 8898 42 35 0 0 0 
4100 3230 4114 2192 8899 42 40 0 0 0 
4200 3226 4116 2192 8900 41 41 0 0 0 
4300 3227 4121 2195 8903 41 40 0 0 0 
4400 3225 4122 2196 8902 41 38 0 0 0 
4500 3229 4121 2189 8904 40 38 0 0 0 
4600 3227 4124 2195 8910 40 38 0 0 0 
4700 3220 4125 2200 8913 40 37 0 0 0 
4800 3218 4132 2204 8914 40 37 0 0 0 
4900 3218 4137 2197 8914 39 37 0 0 0 
5000 3222 4138 2194 8914 38 39 0 0 0 
5100 3216 4140 2195 8913 38 39 0 0 0 
5200 3213 4142 2191 8916 38 39 0 0 0 
5300 3211 4144 2189 8917 37 39 0 0 0 
5400 3211 4143 2190 8921 39 39 0 0 0 
5500 3214 4149 2194 8924 39 39 0 0 0 
5600 3216 4151 2191 8926 39 38 0 0 0 
5700 3234 4192 2184 8971 45 45 0 0 0 
5800 3248 4453 2269 9216 43 44 0 0 0 
5900 3248 4453 2271 9216 43 43 0 0 0 
6000 3248 4454 2273 9216 42 42 0 0 0 
6100 3216 4651 2323 9417 37 51 0 0 0 
6200 3216 4651 2323 9417 37 51 0 0 0 
6300 3164 4835 2341 9604 45 44 0 0 0 
6400 3164 4833 2341 9604 45 44 0 0 0 
6500 3193 4851 2362 9638 37 40 0 0 0 
6600 3192 4850 2361 9637 37 40 0 0 0 
6700 2964 5549 2518 10161 44 34 0 73 0 
6800 2882 5659 2641 10287 54 53 0 151 3 
6900 2884 5658 2641 10286 54 53 0 151 3 
7000 2749 5867 2752 10451 53 55 0 199 0 
7100 2737 5888 2817 10477 57 45 0 204 0 
7200 2737 5888 2817 10478 57 45 0 204 0 
7300 2737 5889 2815 10478 57 45 0 204 0 
7400 2705 5898 2907 10493 43 43 0 217 2 
7500 2702 5910 2955 10518 62 65 0 227 1 
7600 2588 5935 3174 10543 52 73 0 234 1 
7700 2581 5981 3279 10635 64 72 1 232 1 
7800 2581 5983 3277 10636 64 72 1 232 1 
7900 2589 5952 3223 10631 70 70 1 232 1 
8000 2577 5914 3213 10610 69 70 1 232 1 
8100 2559 5754 3089 10572 67 66 1 232 1 
8200 2554 5749 2980 10505 71 66 1 232 1 
8300 2542 5831 2844 10478 68 63 1 232 1 
8400 2549 5795 2694 10432 66 60 1 232 1 
8500 2548 5765 2659 10402 66 59 1 232 1 
8600 2542 5763 2629 10402 69 58 1 232 1 
8700 2530 5717 2471 10356 64 52 1 232 1 
8800 2519 5697 2387 10315 65 46 1 232 1 
8900 2519 5697 2387 10315 65 46 1 232 1 
9000 2519 5693 2387 10313 65 46 1 232 1 
9100 2519 5693 2387 10313 65 46 1 232 1 
9200 2519 5694 2387 10315 65 46 1 232 1 
9300 2519 5693 2387 10314 65 46 1 232 1 
9400 2519 5692 2387 10313 65 46 1 232 1 
9500 2519 5691 2387 10312 65 46 1 232 1 
9600 2519 5690 2387 10311 65 46 1 232 1 
9700 2519 5688 2387 10311 65 46 1 232 1 
9800 2508 5652 2314 10301 73 43 1 232 1 
9900 2518 5656 2271 10274 73 43 1 232 1 
10000 2490 5745 2270 10340 77 43 1 232 1 
