# Avida tasks data
# Mon Apr 24 11:47:07 2023
# First column gives the current update, next columns give the number
# of organisms that have the particular task as a component of their merit
#  1: Update
#  2: Not
#  3: Nand
#  4: And
#  5: OrNot
#  6: Or
#  7: AndNot
#  8: Nor
#  9: Xor
# 10: Equals

0 0 0 0 0 0 0 0 0 0 
100 0 0 0 0 0 0 0 0 0 
200 0 0 0 0 0 0 0 0 0 
300 0 0 0 0 0 0 0 0 0 
400 0 0 0 0 0 0 0 0 0 
500 0 0 0 0 0 0 0 0 0 
600 0 0 0 0 0 0 0 0 0 
700 0 0 0 0 0 0 0 0 0 
800 0 0 0 0 0 0 0 0 0 
900 1212 24 0 0 0 0 0 0 0 
1000 3017 25 0 12 0 0 0 0 0 
1100 3109 25 0 12 0 0 0 0 0 
1200 3107 25 0 12 0 0 0 0 0 
1300 3110 25 0 12 0 0 0 0 0 
1400 3119 25 0 12 0 0 0 0 0 
1500 3122 25 0 12 0 0 0 0 0 
1600 3122 25 0 12 0 0 0 0 0 
1700 3124 25 0 12 0 0 0 0 0 
1800 3129 25 0 12 0 0 0 0 0 
1900 3131 25 0 12 0 0 0 0 0 
2000 3130 25 0 12 0 0 0 0 0 
2100 3141 25 0 12 0 0 0 0 0 
2200 3134 25 0 12 0 0 0 0 0 
2300 3145 25 0 12 0 0 0 0 0 
2400 3147 25 0 12 0 0 0 0 0 
2500 3156 25 0 12 0 0 0 0 0 
2600 3160 25 0 12 0 0 0 0 0 
2700 3328 25 0 12 0 0 0 0 0 
2800 3322 25 0 12 0 0 0 0 0 
2900 3321 25 0 12 0 0 0 0 0 
3000 3320 25 0 12 0 0 0 0 0 
3100 3318 25 0 12 0 0 0 0 0 
3200 3703 26 0 14 1 0 0 0 0 
3300 4255 26 0 13 1 3 0 0 0 
3400 5096 28 0 16 2 0 0 0 0 
3500 5403 28 0 16 1 0 0 0 0 
3600 5405 26 0 17 3 0 0 0 0 
3700 5517 28 0 15 1 0 0 0 0 
3800 5595 25 0 17 3 2 0 0 0 
3900 5619 28 0 22 6 2 0 0 0 
4000 5616 28 0 22 6 2 0 0 0 
4100 5715 27 0 20 2 0 0 0 0 
4200 5858 24 0 18 1 0 0 0 0 
4300 5950 23 0 16 1 0 0 0 0 
4400 6110 24 0 16 10 0 0 0 0 
4500 6250 26 0 14 2 0 0 0 0 
4600 6467 30 0 10 5 0 0 0 0 
4700 6657 26 0 17 6 0 0 0 0 
4800 6879 31 0 15 2 0 0 0 0 
4900 7032 25 0 23 4 0 0 0 0 
5000 7178 30 0 25 3 1 0 0 0 
5100 7387 30 0 20 4 0 0 0 0 
5200 7555 26 0 16 2 2 0 0 0 
5300 7678 26 0 14 10 2 0 0 0 
5400 7829 24 0 13 4 2 0 0 0 
5500 8012 26 0 12 4 2 2 0 0 
5600 8160 30 0 13 3 3 0 0 0 
5700 8378 28 0 12 3 0 0 0 0 
5800 8486 32 0 9 6 0 0 0 0 
5900 8632 29 0 12 8 0 0 0 0 
6000 8730 26 0 11 8 0 0 0 0 
6100 8870 22 0 15 2 0 1 0 0 
6200 9060 23 0 15 4 0 0 0 0 
6300 9220 23 0 9 6 0 0 0 0 
6400 9346 26 0 7 6 0 0 0 0 
6500 9438 27 0 12 6 0 0 0 0 
6600 9580 24 0 8 11 0 0 0 0 
6700 9735 27 0 7 7 0 0 0 0 
6800 9916 26 0 11 3 2 0 0 0 
6900 10067 26 0 9 2 0 0 0 0 
7000 10118 30 0 17 6 0 0 0 0 
7100 10178 27 0 11 4 0 1 0 0 
7200 10333 28 0 20 10 0 1 0 0 
7300 10456 27 0 16 12 0 0 0 0 
7400 10540 29 0 12 14 1 0 0 0 
7500 10533 30 0 17 13 1 0 0 0 
7600 10640 32 0 22 13 1 0 0 0 
7700 10696 33 0 21 8 1 0 0 0 
7800 10805 33 0 22 11 1 0 0 0 
7900 10935 32 0 15 8 2 0 0 0 
8000 11003 37 0 18 8 3 0 0 0 
8100 11015 35 0 16 10 1 0 0 0 
8200 11112 33 0 19 10 2 0 0 0 
8300 11149 31 0 20 14 2 0 0 0 
8400 11244 29 0 22 13 2 1 0 0 
8500 11265 33 0 16 11 0 1 0 0 
8600 11399 33 0 18 8 0 1 0 0 
8700 11454 30 0 15 7 0 0 0 0 
8800 11516 29 0 18 3 3 0 0 0 
8900 11604 33 0 21 5 3 0 0 0 
9000 11650 29 0 23 10 3 0 0 0 
9100 11715 28 0 15 7 1 0 0 0 
9200 11750 26 0 14 4 0 0 0 0 
9300 11846 26 0 15 10 0 0 0 0 
9400 11883 29 0 16 8 0 0 0 0 
9500 12086 28 0 15 5 0 0 0 0 
9600 12193 27 0 14 39 0 0 0 0 
9700 12160 27 0 16 6 0 0 0 0 
9800 12155 26 0 23 10 0 0 0 0 
9900 12163 27 0 17 7 0 0 0 0 
10000 12184 26 0 15 7 0 0 0 0 
