# Avida tasks data
# Mon Apr 24 07:48:37 2023
# First column gives the current update, next columns give the number
# of organisms that have the particular task as a component of their merit
#  1: Update
#  2: Not
#  3: Nand
#  4: And
#  5: OrNot
#  6: Or
#  7: AndNot
#  8: Nor
#  9: Xor
# 10: Equals

0 0 0 0 0 0 0 0 0 0 
100 0 0 0 0 0 0 0 0 0 
200 0 0 0 0 0 0 0 0 0 
300 0 0 0 0 0 0 0 0 0 
400 424 2 0 0 0 0 0 0 0 
500 1255 81 0 372 0 0 0 0 0 
600 3093 1714 0 605 0 0 0 0 0 
700 5067 3589 0 1420 3 0 0 0 0 
800 6164 5133 14 2746 3 0 0 0 0 
900 6921 6060 540 3906 10 3 0 0 0 
1000 7425 6744 1443 4697 16 24 0 0 0 
1100 7948 7251 2361 5454 9 21 0 0 0 
1200 8531 7804 3343 6395 18 38 0 0 0 
1300 9233 8450 4398 7391 13 41 0 0 0 
1400 10584 9745 5893 8948 14 64 0 0 0 
1500 11766 11037 7443 10570 13 115 0 0 0 
1600 12590 11899 8615 11684 17 228 0 1 0 
1700 13123 12559 9609 12497 14 499 0 0 0 
1800 13201 12716 10240 12828 15 876 0 0 0 
1900 13256 12777 10603 13045 10 1396 0 11 0 
2000 13292 12716 10954 13199 22 2037 0 2 0 
2100 13277 12698 11115 13230 18 2885 0 1 0 
2200 13295 12781 11232 13234 17 3794 0 2 0 
2300 13300 12802 11336 13299 17 4763 0 8 0 
2400 13198 12592 11300 13176 14 5537 0 2 0 
2500 13334 12761 11433 13269 21 6212 0 11 0 
2600 13283 12696 11418 13217 17 6796 0 14 0 
2700 13321 12781 11471 13257 29 7483 0 28 0 
2800 13304 12760 11468 13201 20 7988 0 19 0 
2900 13246 12807 11495 13249 13 8412 0 29 0 
3000 13296 12739 11470 13231 11 8858 0 34 0 
3100 13394 12803 11490 13330 20 9392 0 77 0 
3200 13275 12709 11355 13231 30 9690 0 109 0 
3300 13345 12621 11301 13228 23 9968 0 121 0 
3400 13331 12776 11449 13327 19 10297 0 124 1 
3500 13388 12706 11388 13332 12 10499 0 136 0 
3600 13347 12823 11546 13386 12 10831 0 124 0 
3700 13435 12644 11378 13289 17 10806 0 138 0 
3800 13343 12714 11520 13249 30 10999 0 588 0 
3900 13310 12637 11513 13198 37 11063 0 1611 0 
4000 13360 12657 11518 13247 29 11182 0 2660 0 
4100 13401 12749 11555 13285 22 11197 1 3749 0 
4200 13359 12712 11505 13276 27 11145 0 4477 0 
4300 13394 12778 11554 13266 28 11208 0 5316 0 
4400 13416 12738 11522 13217 30 11214 3 5973 0 
4500 13410 12888 11618 13323 29 11338 0 6743 0 
4600 13357 12925 11631 13297 23 11385 0 7228 0 
4700 13454 12956 11625 13296 26 11369 0 7680 0 
4800 13477 12873 11607 13331 25 11444 1 8094 0 
4900 13437 12971 11624 13297 15 11466 2 8387 0 
5000 13479 12966 11684 13330 14 11544 0 8868 0 
5100 13425 13005 11569 13247 23 11439 0 9084 0 
5200 13431 13056 11776 13321 32 11664 0 9445 0 
5300 13451 13109 11715 13373 18 11636 0 9637 0 
5400 13457 12984 11586 13295 35 11560 0 9690 0 
5500 13419 13009 11682 13295 24 11593 0 9891 0 
5600 13480 13051 11672 13257 24 11585 0 9898 0 
5700 13440 13058 11631 13330 29 11512 0 9666 0 
5800 13416 13028 11675 13323 22 11636 4 9892 0 
5900 13482 13119 11667 13297 19 11616 1165 9861 0 
6000 13491 13046 11636 13283 27 11539 2506 9754 0 
6100 13432 13111 11543 13296 23 11445 3811 9642 0 
6200 13457 13134 11513 13231 30 11422 4968 9552 2 
6300 13495 13148 11528 13268 33 11466 6015 9608 2 
6400 13457 13245 11544 13247 23 11461 6938 9634 1 
6500 13537 13267 11640 13293 20 11557 7910 9730 1 
6600 13506 13283 11540 13336 36 11459 8722 9637 3 
6700 13564 13387 11572 13344 20 11502 9363 9750 0 
6800 13483 13356 11617 13368 40 11537 9653 9759 0 
6900 13539 13284 11499 13275 37 11445 9906 9618 0 
7000 13542 13389 11675 13315 29 11578 10206 9758 0 
7100 13518 13336 11606 13321 24 11504 10490 9749 0 
7200 13480 13263 11505 13240 31 11415 10587 9634 0 
7300 13563 13402 11512 13291 31 11389 10645 9682 0 
7400 13531 13347 11599 13268 42 11492 10757 9696 0 
7500 13434 13320 11489 13250 27 11445 10736 9575 0 
7600 13489 13294 11514 13288 25 11443 10663 9603 0 
7700 13490 13367 11506 13270 36 11439 10806 9662 0 
7800 13497 13330 11576 13280 29 11483 10727 9579 0 
7900 13521 13289 11609 13314 39 11527 10790 9726 0 
8000 13492 13282 11468 13203 26 11385 10658 9547 0 
8100 13479 13341 11546 13278 26 11475 10714 9641 0 
8200 13469 13347 11635 13299 40 11502 10806 9786 0 
8300 13582 13278 11623 13238 36 11530 10826 9769 0 
8400 13473 13325 11602 13264 40 11544 10795 9755 0 
8500 13545 13306 11597 13248 26 11450 10935 9783 0 
8600 13522 13297 11539 13184 35 11402 10723 9584 0 
8700 13575 13334 11595 13194 30 11452 10848 9740 0 
8800 13527 13297 11625 13180 27 11511 10804 9782 0 
8900 13537 13282 11622 13221 30 11465 10844 9764 6 
9000 13526 13328 11576 13187 40 11460 10836 9666 33 
9100 13517 13282 11613 13214 31 11544 10827 9751 15 
9200 13554 13315 11624 13156 29 11512 10867 9699 64 
9300 13557 13274 11567 13207 30 11447 10963 9697 127 
9400 13533 13252 11633 13224 30 11568 10802 9603 250 
9500 13491 13221 11563 13176 38 11452 10849 9430 336 
9600 13522 13302 11573 13226 29 11417 10922 9395 467 
9700 13511 13199 11522 13125 38 11438 10944 9148 614 
9800 13526 13203 11591 13129 33 11499 10857 8986 814 
9900 13611 13203 11719 13156 28 11639 10994 8861 1103 
10000 13586 13213 11683 13114 29 11523 11026 8693 1286 
