# Avida tasks data
# Mon Apr 24 12:13:12 2023
# First column gives the current update, next columns give the number
# of organisms that have the particular task as a component of their merit
#  1: Update
#  2: Not
#  3: Nand
#  4: And
#  5: OrNot
#  6: Or
#  7: AndNot
#  8: Nor
#  9: Xor
# 10: Equals

0 0 0 0 0 0 0 0 0 0 
100 0 0 0 0 0 0 0 0 0 
200 0 0 0 0 0 0 0 0 0 
300 0 0 0 0 0 0 0 0 0 
400 0 0 0 0 0 0 0 0 0 
500 0 0 0 0 0 0 0 0 0 
600 0 0 0 0 0 0 0 0 0 
700 367 0 0 2 0 0 0 0 0 
800 2152 0 0 0 0 0 0 0 0 
900 4374 228 0 9 0 0 0 0 0 
1000 5888 2389 0 850 10 63 0 0 0 
1100 7312 4700 73 2908 3 714 0 0 0 
1200 8315 6412 1031 4479 3 912 2 0 0 
1300 8933 8006 2387 6037 36 818 45 0 0 
1400 9436 9370 3999 7345 291 634 331 0 0 
1500 10008 10181 4959 8227 663 537 894 0 0 
1600 10566 10538 5741 8712 493 556 2646 0 0 
1700 10759 10849 6398 9056 282 514 4315 0 0 
1800 10916 11118 7179 9397 182 440 5706 0 0 
1900 11129 11288 8159 9821 128 417 7009 0 0 
2000 11297 11538 9272 10345 125 329 8192 0 0 
2100 11704 11949 10270 10963 241 293 9338 0 0 
2200 12294 12483 11319 11643 418 339 10529 0 0 
2300 12407 12707 12087 12304 568 587 11177 0 0 
2400 12618 12894 12570 12671 779 959 11659 0 0 
2500 12690 12886 12770 12906 1026 1265 12007 0 0 
2600 12696 12910 12825 12889 1275 1734 12004 0 0 
2700 12729 12948 12729 12884 1568 2221 11970 0 0 
2800 12661 12869 12788 12923 1644 2779 12139 0 0 
2900 12654 12930 12781 12805 1951 3339 12059 2 0 
3000 12688 12955 12900 13006 2279 4032 12111 0 0 
3100 12679 13003 12827 12994 2568 4730 12088 0 0 
3200 12704 13027 12828 12923 2823 5303 12247 2 0 
3300 12646 13043 12805 12933 3066 5813 12119 0 0 
3400 12634 12908 12881 12884 3297 6128 12123 0 0 
3500 12709 13059 12800 12885 3505 6518 12098 0 0 
3600 12791 12993 12856 12982 3717 6795 12314 0 0 
3700 12732 13024 12846 12905 3915 7146 12203 0 0 
3800 12708 13090 12821 12900 4169 7192 12220 0 0 
3900 12643 13016 12768 12867 4248 7618 12129 0 0 
4000 12779 13014 12772 12823 4262 7899 12173 16 0 
4100 12770 12983 12902 12954 4381 8113 12277 43 0 
4200 12745 13026 12835 12892 4456 8344 12146 76 0 
4300 12748 13040 12791 12752 4490 8416 12252 178 0 
4400 12761 12954 12784 12592 4444 8692 12181 263 0 
4500 12764 13054 12763 12564 4614 8923 12207 346 0 
4600 12735 12992 12781 12402 4734 8987 12212 459 0 
4700 12816 13025 12823 12494 4555 9038 12202 698 0 
4800 12895 13074 12780 12717 4369 8581 12251 1439 0 
4900 12953 13134 12802 12862 4200 7934 12308 2191 0 
5000 12980 13205 12873 13002 4565 7239 12284 2988 0 
5100 12990 13173 12851 12990 4549 6394 12152 3971 0 
5200 12977 13248 12799 12991 4866 5566 12080 4829 0 
5300 13174 13275 12785 12990 5165 4763 12281 5817 0 
5400 13143 13330 12807 13004 5326 3904 12249 6581 1 
5500 13159 13357 12839 13073 5412 3308 12156 7228 2 
5600 13140 13353 12873 13174 5818 2678 12197 7861 0 
5700 13150 13335 12788 13115 6092 2294 12095 8282 0 
5800 13144 13410 12634 12972 6334 1906 12156 8728 0 
5900 13167 13515 12814 13152 6609 1402 12094 9269 0 
6000 13135 13439 12729 13134 6987 1080 12167 9671 0 
6100 13200 13460 12779 13123 7374 811 12203 9841 0 
6200 13238 13408 12763 13090 7836 759 12174 9985 4 
6300 13226 13469 12861 13230 8178 805 12190 10101 0 
6400 13138 13393 12814 13146 8588 778 12115 9986 0 
6500 13212 13453 12776 13106 9119 707 12226 10079 5 
6600 13153 13414 12758 13118 9353 764 12082 9917 0 
6700 13239 13429 12722 13068 9685 660 12248 10048 0 
6800 13172 13425 12784 13111 9943 688 12181 9975 0 
6900 13199 13445 12777 13108 10118 630 12206 10045 1 
7000 13201 13472 12713 13079 10389 668 12073 9862 0 
7100 13236 13437 12777 13179 10566 668 12190 10028 1 
7200 13202 13386 12717 13086 10809 716 12163 9912 3 
7300 13248 13474 12730 13112 10967 749 12247 10025 1 
7400 13262 13471 12731 13131 11179 793 12311 10091 0 
7500 13207 13473 12741 13120 11158 944 12223 10069 0 
7600 13234 13443 12705 13100 11190 1063 12175 9964 201 
7700 13185 13407 12032 13080 11260 947 12157 10002 589 
7800 13155 13358 11433 13047 11289 702 12169 10046 1101 
7900 13110 13306 10918 13051 11324 653 12177 10018 1507 
8000 13068 13340 10710 13039 11352 633 12205 10038 1693 
8100 13033 13382 10433 13033 11353 639 12176 10002 1876 
8200 13073 13377 10077 13065 11425 633 12238 10085 2231 
8300 12993 13362 9730 13035 11401 634 12202 10027 2480 
8400 12948 13280 9406 13029 11383 635 12189 9998 2705 
8500 12955 13238 9101 13079 11419 676 12189 10026 2992 
8600 12937 13203 8752 13071 11490 643 12264 10079 3304 
8700 12872 13135 8411 13029 11459 629 12210 10038 3542 
8800 12859 13078 8275 13038 11453 639 12221 10047 3662 
8900 12850 13030 8047 12992 11454 641 12205 10017 3808 
9000 12861 12991 7937 13010 11496 639 12233 10021 3890 
9100 12865 12994 7936 13012 11495 639 12236 10022 3891 
9200 12865 12994 7936 13012 11495 639 12236 10022 3891 
9300 12865 12994 7936 13012 11495 639 12236 10022 3891 
9400 12865 12994 7936 13012 11495 639 12236 10022 3891 
9500 12864 12993 7936 13011 11494 639 12235 10021 3890 
9600 12864 12993 7936 13011 11494 639 12235 10021 3890 
9700 12865 12994 7936 13012 11495 639 12236 10022 3891 
9800 12865 12994 7936 13012 11495 639 12236 10022 3891 
9900 12865 12994 7936 13012 11495 639 12236 10022 3891 
10000 12865 12994 7936 13012 11495 639 12236 10022 3891 
