# Avida tasks data
# Mon Apr 24 11:27:49 2023
# First column gives the current update, next columns give the number
# of organisms that have the particular task as a component of their merit
#  1: Update
#  2: Not
#  3: Nand
#  4: And
#  5: OrNot
#  6: Or
#  7: AndNot
#  8: Nor
#  9: Xor
# 10: Equals

0 0 0 0 0 0 0 0 0 0 
100 0 0 0 0 0 0 0 0 0 
200 0 0 0 0 0 0 0 0 0 
300 93 0 0 0 0 0 0 0 0 
400 980 2 0 0 0 0 0 0 0 
500 2155 1 0 0 0 24 0 0 0 
600 3211 20 1 0 0 527 3 0 0 
700 3433 1564 0 6 0 2658 7 0 0 
800 3362 3869 2 170 0 5109 7 0 0 
900 4046 5660 3 332 1 6699 9 0 0 
1000 5847 7555 7 479 11 8287 1 0 0 
1100 7248 8880 9 991 54 9399 4 0 0 
1200 7854 9432 521 2281 1221 9667 17 0 0 
1300 8522 10054 1330 3294 2391 9994 15 0 0 
1400 9086 10452 2059 4087 3323 10262 19 0 0 
1500 9676 10907 2843 4821 4325 10607 15 0 0 
1600 10000 11114 3349 5355 5004 10841 8 0 0 
1700 10392 11349 4059 6024 5765 11083 15 0 0 
1800 10845 11618 4723 6730 6597 11283 14 0 0 
1900 11207 11715 5245 7413 7363 11365 17 0 0 
2000 11589 11885 5870 8012 8014 11599 11 0 0 
2100 11949 12046 6311 8615 8619 11683 18 0 0 
2200 12223 12168 6802 9091 9141 11815 7 0 0 
2300 12498 12209 7155 9654 9686 11838 10 0 0 
2400 12742 12310 7614 10097 10144 11867 9 0 0 
2500 13014 12428 8081 10588 10664 11928 10 0 0 
2600 13293 12476 8495 10979 11158 11901 19 0 0 
2700 13428 12569 8922 11330 11459 12009 13 0 0 
2800 13540 12645 9305 11585 11773 12083 12 1 0 
2900 13596 12648 9458 11824 12034 12035 8 0 0 
3000 13676 12690 9710 12077 12270 12125 8 0 0 
3100 13682 12863 10002 12305 12465 12198 9 0 0 
3200 13757 12855 10052 12467 12678 12142 12 1 0 
3300 13817 12817 10196 12620 12827 12175 14 0 0 
3400 13828 12912 10415 12814 12925 12268 4 0 0 
3500 13797 12882 10523 12847 12971 12235 7 0 0 
3600 13818 12836 10629 12971 13086 12175 11 0 0 
3700 13841 12846 10746 12922 13022 12172 11 0 0 
3800 13888 12866 10864 13046 13182 12205 7 0 0 
3900 13887 12905 10891 13126 13274 12260 11 0 0 
4000 13857 12960 10923 13053 13217 12263 7 0 0 
4100 13892 12921 10894 13084 13236 12206 5 0 0 
4200 13812 12934 10930 13019 13174 12293 9 0 0 
4300 13868 12888 10985 13025 13200 12270 9 0 0 
4400 13874 12911 10948 13062 13208 12286 5 0 0 
4500 13830 12934 10939 13110 13229 12254 7 0 0 
4600 13856 12972 11104 13179 13287 12333 4 0 0 
4700 13818 12978 10969 13149 13238 12283 11 0 0 
4800 13868 12940 11006 13129 13285 12301 6 0 0 
4900 13855 12973 10972 13146 13207 12317 6 0 0 
5000 13892 12893 10862 13121 13261 12208 10 0 0 
5100 13845 12986 11088 13108 13247 12281 9 0 0 
5200 13898 12995 11139 13129 13303 12330 11 0 0 
5300 13876 12938 11030 13080 13265 12251 9 0 0 
5400 13847 12948 10901 13163 13300 12240 7 0 0 
5500 13869 12971 11035 13167 13290 12353 6 0 0 
5600 13841 12993 10934 13147 13320 12256 10 0 0 
5700 13874 12956 10992 13069 13256 12271 12 0 0 
5800 13851 12958 10981 13113 13270 12271 8 0 0 
5900 13864 13016 10953 13110 13290 12234 12 0 0 
6000 13920 13009 11042 13162 13345 12351 6 0 0 
6100 13881 12968 10913 13174 13313 12214 6 0 0 
6200 13813 13063 10987 13136 13283 12332 6 2 0 
6300 13853 13041 10998 13145 13297 12296 10 0 0 
6400 13833 13033 11044 13116 13255 12313 9 0 0 
6500 13855 13039 10937 13165 13248 12298 40 0 0 
6600 13850 12988 10925 13084 13252 12247 62 0 0 
6700 13872 13115 11060 12988 13272 12374 120 0 0 
6800 13896 13030 10995 13107 13326 12370 153 2 0 
6900 13801 12960 11080 12836 13238 12346 222 0 0 
7000 13899 13087 11093 12901 13359 12462 316 0 0 
7100 13819 13155 11163 12849 13299 12454 452 0 0 
7200 13837 13129 11163 12970 13351 12461 729 0 0 
7300 13817 13031 11036 12840 13310 12401 1104 0 0 
7400 13802 13085 11116 12938 13319 12384 1453 0 0 
7500 13761 12977 10984 12865 13278 12329 1944 1 0 
7600 13730 13024 11047 12949 13218 12393 2480 0 0 
7700 13741 13018 11035 12938 13231 12481 3049 0 0 
7800 13722 13027 10922 12862 13189 12424 3792 0 0 
7900 13684 13130 10856 12926 13186 12388 4371 0 865 
8000 13601 13195 10164 12898 13078 12316 4678 46 1915 
8100 13586 13237 9733 12920 13059 12353 4839 478 2389 
8200 13573 13259 9648 12906 13024 12276 4911 354 2727 
8300 13611 13316 9682 12974 13086 12305 5055 233 3151 
8400 13567 13325 9727 12951 13035 12339 5141 126 3557 
8500 13564 13398 9628 13027 13036 12286 5421 75 4121 
8600 13550 13419 9602 13054 13042 12249 5682 60 4608 
8700 13559 13449 9627 13080 13042 12209 6091 58 5192 
8800 13443 13491 9717 13020 12936 12251 6448 48 5753 
8900 13454 13499 9635 13034 12934 12197 6975 49 6366 
9000 13473 13559 9538 13094 12944 12233 7478 58 6968 
9100 13476 13583 9524 13133 12981 12133 7959 67 7556 
9200 13426 13582 9474 13144 12906 12081 8389 58 8017 
9300 13335 13543 9600 13086 12797 12136 8720 58 8404 
9400 13310 13526 9517 13031 12835 12082 9158 74 8825 
9500 13306 13570 9591 13106 12782 12119 9515 84 9249 
9600 13317 13616 9637 13040 12789 12119 10005 80 9727 
9700 13265 13533 9636 13044 12803 12114 10237 88 9926 
9800 13249 13536 9663 13074 12735 12103 10508 73 10200 
9900 13352 13614 9621 13145 12860 12118 10895 79 10596 
10000 13315 13625 9593 13150 12768 12119 11115 106 10826 
