# Avida tasks data
# Mon Apr 24 01:13:25 2023
# First column gives the current update, next columns give the number
# of organisms that have the particular task as a component of their merit
#  1: Update
#  2: Not
#  3: Nand
#  4: And
#  5: OrNot
#  6: Or
#  7: AndNot
#  8: Nor
#  9: Xor
# 10: Equals

0 0 0 0 0 0 0 0 0 0 
100 0 0 0 0 0 0 0 0 0 
200 0 0 0 0 0 0 0 0 0 
300 0 0 0 0 0 0 0 0 0 
400 0 0 0 0 0 0 0 0 0 
500 0 0 0 0 0 0 0 0 0 
600 2 5 0 0 0 0 0 0 0 
700 23 33 0 0 0 0 0 0 0 
800 123 38 0 0 0 0 0 0 0 
900 442 61 0 40 0 0 0 0 0 
1000 721 161 0 227 110 0 11 0 0 
1100 694 259 0 1455 1459 0 0 0 0 
1200 1780 1314 17 3072 2946 486 1661 0 0 
1300 2672 2694 27 4851 4643 531 3603 0 0 
1400 3580 4089 30 6487 6197 527 5324 0 0 
1500 4803 5426 41 7894 7388 1218 6759 0 0 
1600 5877 6903 62 8881 8285 2705 7702 0 0 
1700 6774 8016 87 9564 8818 4246 8255 0 0 
1800 7630 8934 78 10165 9317 5673 8762 0 0 
1900 8281 9491 85 10686 9817 6861 9286 0 0 
2000 8824 10002 227 11136 10152 7839 9622 0 0 
2100 9373 10324 444 11534 10435 8741 9963 1 0 
2200 9760 10692 830 11833 10687 9357 10160 0 0 
2300 10203 10869 1189 11960 10763 9931 10289 0 0 
2400 10383 11076 1705 12103 10946 10302 10483 0 0 
2500 10649 11133 2252 12110 10947 10661 10543 0 0 
2600 11011 11363 2914 12409 11278 11030 10743 0 0 
2700 11391 11540 3453 12518 11396 11312 10909 0 0 
2800 11621 11698 4109 12600 11350 11366 10922 0 0 
2900 11936 11844 4850 12657 11514 11546 11062 0 0 
3000 12085 11969 5460 12794 11692 11656 11215 0 0 
3100 12243 12025 6097 12815 11686 11528 11167 0 0 
3200 12382 12027 6791 12885 11775 11746 11300 0 0 
3300 12550 11983 7268 12775 11668 11701 11162 0 1 
3400 12599 12025 7917 12896 11770 11764 11310 0 0 
3500 12692 12096 8452 12792 11733 11760 11328 0 0 
3600 12784 12113 8872 12908 11831 11803 11381 0 0 
3700 12833 12039 9219 12778 11743 11802 11309 0 0 
3800 12853 12159 9730 12889 11837 11761 11379 0 0 
3900 12822 12091 10076 12823 11735 11665 11265 0 0 
4000 12878 12017 10286 12780 11703 11685 11273 0 1 
4100 12939 12054 10545 12905 11775 11700 11364 0 0 
4200 12890 11994 10671 12844 11806 11698 11339 0 0 
4300 12976 12038 10796 12796 11719 11667 11215 0 0 
4400 12814 11914 10875 12825 11760 11683 11281 0 0 
4500 12908 11889 10946 12836 11736 11732 11212 0 0 
4600 12918 11930 11110 12868 11681 11700 11221 2 0 
4700 12863 11868 11063 12805 11664 11588 11172 0 0 
4800 12892 11976 11261 12921 11720 11797 11287 0 0 
4900 12851 11859 11119 12797 11620 11606 11153 0 0 
5000 12865 11925 11256 12910 11738 11788 11258 0 0 
5100 12866 11834 11199 12837 11766 11761 11287 0 0 
5200 12881 12006 11293 12927 11793 11734 11300 0 0 
5300 12876 11983 11239 12959 11741 11807 11311 0 0 
5400 12834 11978 11231 12923 11790 11807 11291 0 0 
5500 12724 11883 11139 12939 11789 11805 11266 0 0 
5600 12696 11909 11136 12896 11715 11770 11174 0 0 
5700 12695 11955 11174 12895 11669 11760 11179 0 0 
5800 12620 11906 11209 12933 11726 11798 11224 0 0 
5900 12733 11983 11269 12909 11744 11711 11199 0 0 
6000 12610 11893 11243 12918 11691 11758 11222 0 0 
6100 12540 11849 11173 12892 11680 11669 11131 0 0 
6200 12634 12008 11169 12910 11689 11708 11169 0 0 
6300 12721 12062 10253 12980 11805 11668 11198 0 1111 
6400 12713 12038 9571 13044 11853 11666 11259 0 1868 
6500 12542 12015 9120 12901 11840 11631 11238 0 2214 
6600 12576 11988 8830 12976 11832 11583 11226 0 2461 
6700 12573 11975 8630 12971 11836 11566 11226 0 2628 
6800 12588 12018 8577 12989 11863 11615 11257 0 2713 
6900 12543 11995 8367 12966 11863 11597 11237 0 2751 
7000 12225 12014 7953 12591 11839 11535 11238 0 3162 
7100 11965 12047 7715 12219 11860 11545 11285 1 3426 
7200 12065 12070 7265 12324 11857 11518 11257 1 3837 
7300 12120 12093 6968 12364 11854 11508 11257 1 4129 
7400 12199 12109 6729 12443 11893 11535 11292 1 4401 
7500 12229 12148 6490 12496 11940 11563 11342 1 4665 
7600 12292 12159 6277 12571 11941 11546 11306 1 4848 
7700 12329 12145 6167 12608 11909 11513 11294 1 4943 
7800 12351 12147 6025 12627 11922 11503 11297 1 5069 
7900 12329 12171 5872 12624 11941 11528 11315 1 5225 
8000 12359 12154 5756 12654 11944 11515 11326 1 5334 
8100 12347 12150 5699 12664 11953 11526 11314 1 5391 
8200 12372 12173 5698 12682 11965 11540 11343 1 5420 
8300 12364 12166 5698 12663 11959 11523 11302 1 5395 
8400 12360 12173 5672 12669 11940 11526 11312 1 5414 
8500 12509 12181 5675 12814 11949 11507 11284 0 5410 
8600 12519 12178 5666 12849 11937 11473 11276 0 5414 
8700 12528 12163 5664 12881 11915 11422 11236 0 5383 
8800 12546 12201 5636 12898 11929 11411 11253 0 5422 
8900 12567 12213 5619 12901 11962 11422 11269 3 5461 
9000 12576 12224 5594 12936 11961 11411 11290 0 5507 
9100 12576 12228 5559 12933 11965 11400 11255 3 5508 
9200 12541 12208 5525 12921 11937 11365 11210 0 5509 
9300 12511 12254 5445 12903 11936 11361 11230 0 5587 
9400 12542 12246 5399 12933 11939 11371 11241 0 5651 
9500 12556 12263 5348 12965 11977 11356 11269 0 5709 
9600 12554 12263 5294 12954 11980 11363 11266 0 5743 
9700 12546 12247 5237 12951 11992 11369 11267 0 5788 
9800 12540 12244 5228 12942 11982 11381 11280 0 5805 
9900 12568 12262 5235 12946 11964 11378 11278 0 5804 
10000 12576 12241 5215 12935 11956 11387 11280 0 5828 
