# Avida tasks data
# Mon Apr 24 09:49:37 2023
# First column gives the current update, next columns give the number
# of organisms that have the particular task as a component of their merit
#  1: Update
#  2: Not
#  3: Nand
#  4: And
#  5: OrNot
#  6: Or
#  7: AndNot
#  8: Nor
#  9: Xor
# 10: Equals

0 0 0 0 0 0 0 0 0 0 
100 0 0 0 0 0 0 0 0 0 
200 0 0 0 0 0 0 0 0 0 
300 0 0 0 0 0 0 0 0 0 
400 0 0 0 0 0 0 0 0 0 
500 7 0 0 0 0 0 0 0 0 
600 302 7 0 47 0 0 0 0 0 
700 551 235 0 710 0 0 0 0 0 
800 627 311 0 722 0 0 0 0 0 
900 645 352 0 754 0 0 1 0 0 
1000 793 505 0 831 0 0 0 0 0 
1100 793 505 0 831 0 0 0 0 0 
1200 793 505 0 831 0 0 0 0 0 
1300 793 505 0 831 0 0 0 0 0 
1400 793 505 0 831 0 0 0 0 0 
1500 793 505 0 831 0 0 0 0 0 
1600 793 505 0 831 0 0 0 0 0 
1700 793 505 0 831 0 0 0 0 0 
1800 793 505 0 831 0 0 0 0 0 
1900 793 505 0 831 0 0 0 0 0 
2000 793 505 0 831 0 0 0 0 0 
2100 793 505 0 831 0 0 0 0 0 
2200 793 505 0 831 0 0 0 0 0 
2300 793 505 0 831 0 0 0 0 0 
2400 793 505 0 831 0 0 0 0 0 
2500 793 505 0 831 0 0 0 0 0 
2600 793 505 0 831 0 0 0 0 0 
2700 793 505 0 831 0 0 0 0 0 
2800 793 505 0 831 0 0 0 0 0 
2900 793 505 0 831 0 0 0 0 0 
3000 793 505 0 831 0 0 0 0 0 
3100 793 505 0 831 0 0 0 0 0 
3200 793 505 0 831 0 0 0 0 0 
3300 793 505 0 831 0 0 0 0 0 
3400 793 505 0 831 0 0 0 0 0 
3500 793 505 0 831 0 0 0 0 0 
3600 793 505 0 831 0 0 0 0 0 
3700 793 505 0 831 0 0 0 0 0 
3800 793 505 0 831 0 0 0 0 0 
3900 793 505 0 831 0 0 0 0 0 
4000 793 505 0 831 0 0 0 0 0 
4100 793 506 0 829 0 0 0 0 0 
4200 793 506 0 829 0 0 0 0 0 
4300 793 506 0 829 0 0 0 0 0 
4400 793 506 0 829 0 0 0 0 0 
4500 793 506 0 829 0 0 0 0 0 
4600 793 506 0 829 0 0 0 0 0 
4700 793 506 0 829 0 0 0 0 0 
4800 793 506 0 829 0 0 0 0 0 
4900 793 506 0 831 0 0 0 0 0 
5000 793 506 0 831 0 0 0 0 0 
5100 793 506 0 831 0 0 0 0 0 
5200 793 506 0 831 0 0 0 0 0 
5300 793 506 0 831 0 0 0 0 0 
5400 793 506 0 831 0 0 0 0 0 
5500 793 506 0 831 0 0 0 0 0 
5600 793 506 0 831 0 0 0 0 0 
5700 793 506 0 831 0 0 0 0 0 
5800 868 516 0 901 0 0 0 0 0 
5900 908 516 0 923 0 0 0 0 0 
6000 991 578 0 1002 0 0 0 0 0 
6100 1061 686 0 1039 2 0 0 0 0 
6200 1058 683 0 1039 2 0 0 0 0 
6300 1065 691 0 1044 2 0 0 0 0 
6400 1067 693 0 1044 2 0 0 0 0 
6500 1068 693 0 1044 2 0 0 0 0 
6600 1060 687 0 1038 1 0 0 0 0 
6700 1061 687 0 1039 1 0 0 0 0 
6800 1098 1022 0 1200 2 0 0 0 0 
