# Avida tasks data
# Mon Apr 24 00:57:09 2023
# First column gives the current update, next columns give the number
# of organisms that have the particular task as a component of their merit
#  1: Update
#  2: Not
#  3: Nand
#  4: And
#  5: OrNot
#  6: Or
#  7: AndNot
#  8: Nor
#  9: Xor
# 10: Equals

0 0 0 0 0 0 0 0 0 0 
100 0 0 0 0 0 0 0 0 0 
200 0 0 0 0 0 0 0 0 0 
300 0 0 0 0 0 0 0 0 0 
400 0 0 0 0 0 0 0 0 0 
500 0 0 0 0 0 0 0 0 0 
600 1 0 0 1 0 0 0 0 0 
700 3 0 0 12 0 0 0 0 0 
800 13 2 0 38 0 0 0 0 0 
900 82 12 0 91 0 0 0 0 0 
1000 390 20 0 192 0 0 0 0 0 
1100 970 101 7 334 0 0 0 0 0 
1200 1642 309 2 594 0 0 0 0 0 
1300 2139 1029 0 1168 1 9 0 0 0 
1400 2460 1815 1 1979 0 37 0 0 0 
1500 2910 2662 58 2927 15 558 0 0 0 
1600 2686 3651 16 4304 4 2578 2 0 0 
1700 2450 5196 37 5655 1 4414 9 0 0 
1800 2377 5391 66 6602 1089 5643 18 0 0 
1900 3053 5046 57 7519 2784 6539 85 0 0 
2000 4007 4674 47 8369 4508 7385 162 0 0 
2100 4527 4800 58 9167 5953 8215 181 0 0 
2200 5349 5214 63 9879 7072 8784 290 0 0 
2300 6088 5925 72 10642 8135 9168 663 0 0 
2400 6798 7270 39 11056 8994 8971 1387 0 0 
2500 7446 8333 59 11377 9664 8112 2368 0 0 
2600 8133 9357 60 11572 10208 7351 3394 0 0 
2700 8832 10188 43 11742 10532 6637 4195 0 0 
2800 9700 10781 61 11880 11062 5670 5312 0 0 
2900 10347 10343 58 11888 11406 6100 6121 0 0 
3000 11001 9775 58 11971 11726 7053 7066 0 0 
3100 11340 9415 98 11985 11987 8267 7706 16 0 
3200 11768 9288 934 12107 12219 9169 8334 0 0 
3300 11992 9178 2121 12223 12422 9771 8863 0 0 
3400 12165 9384 3370 12303 12584 10316 9510 0 0 
3500 12273 9621 4708 12448 12779 10834 9805 0 0 
3600 12464 9909 5915 12534 12819 11280 10111 0 0 
3700 12623 10068 6950 12472 12855 11542 10310 0 0 
3800 12771 10401 8009 12571 12930 11853 10716 0 0 
3900 12954 10493 9074 12559 12901 12102 10785 0 0 
4000 13174 10653 9887 12529 12934 12261 10915 0 0 
4100 13351 10881 10789 12517 12888 12533 11122 0 0 
4200 13413 11171 11319 12655 13007 12742 11203 8 0 
4300 13401 11360 11778 12630 13004 12807 11231 32 0 
4400 13454 11387 12268 12640 12970 12959 11150 34 0 
4500 13431 11551 12558 12613 12942 13077 11166 50 2 
4600 13447 11599 12892 12627 12950 13173 11080 73 0 
4700 13549 11562 13001 12533 12909 13219 11029 53 0 
4800 13449 11501 12982 12564 12917 13189 11063 76 2 
4900 13577 11693 13124 12611 13008 13274 11250 76 1 
5000 13594 11727 13145 12685 12996 13269 11112 83 2 
5100 13527 11748 13116 12582 12983 13162 11153 130 0 
5200 13479 11641 13064 12600 12951 13231 11039 141 1 
5300 13322 11592 13096 12581 12843 13176 10999 166 3 
5400 13468 11573 13162 12607 12901 13263 11047 174 5 
5500 13438 11553 13166 12585 12920 13244 10914 196 9 
5600 13534 11699 13180 12632 12950 13236 10969 252 5 
5700 13462 11493 13162 12544 12830 13240 10760 278 7 
5800 13447 11671 13149 12608 12946 13257 10853 327 9 
5900 13464 11688 13085 12665 12980 13238 10874 352 8 
6000 13348 11649 13068 12584 12897 13205 10913 394 9 
6100 13396 11567 13097 12503 12809 13251 10774 346 10 
6200 13436 11562 13056 12583 12985 13186 10822 293 2 
6300 13498 11577 13078 12630 12903 13134 10818 308 6 
6400 13478 11527 13159 12598 12821 13244 10805 309 11 
6500 13382 11657 13085 12629 12889 13180 10970 288 2 
6600 13410 11626 13124 12642 12913 13160 11045 254 4 
6700 13518 11687 13100 12692 12916 13246 10980 249 6 
6800 13506 11458 13148 12583 12899 13210 11060 182 1 
6900 13495 11592 13014 12616 12953 13156 11085 173 0 
7000 13439 11569 13134 12601 12938 13228 10941 160 2 
7100 13364 11710 13074 12535 12807 13178 11136 129 5 
7200 13414 11655 13129 12585 12928 13209 11144 106 0 
7300 13442 11604 13112 12608 12894 13199 11226 43 2 
7400 13458 11674 13092 12639 12915 13189 11178 57 8 
7500 13463 11698 13087 12669 12949 13231 11143 98 0 
7600 13535 11656 13111 12615 12964 13223 11162 68 0 
7700 13570 11740 13120 12709 13028 13241 11302 55 0 
7800 13471 11728 13142 12693 12894 13222 11270 57 0 
7900 13471 11673 13123 12682 13037 13134 11237 59 0 
8000 13438 11664 13054 12595 12933 13130 11220 62 0 
8100 13539 11785 13113 12732 13003 13212 11238 28 0 
8200 13473 11701 13106 12743 12966 13226 11286 20 0 
8300 13425 11672 13135 12641 12952 13225 11201 21 0 
8400 13507 11656 13123 12722 13008 13187 11346 6 0 
8500 13474 11659 13136 12637 12941 13227 11224 13 0 
8600 13445 11657 13109 12599 12977 13235 11340 14 0 
8700 13540 11722 13186 12748 13095 13252 11360 2 2 
8800 13539 11818 13131 12750 13017 13229 11391 1 0 
8900 13532 11757 13134 12650 12919 13172 11363 0 0 
9000 13553 11791 13106 12742 12983 13202 11490 0 0 
9100 13589 11747 13088 12813 13023 13209 11406 0 0 
9200 13559 11806 13194 12696 12985 13280 11451 0 0 
9300 13500 11811 13082 12704 12998 13152 11414 0 0 
9400 13506 11857 13198 12786 13075 13262 11463 0 0 
9500 13405 11816 13133 12752 12992 13196 11381 0 0 
9600 13510 11715 13149 12691 12985 13206 11333 0 0 
9700 13534 11858 13178 12740 13071 13199 11481 0 0 
9800 13508 11741 13135 12664 12901 13213 11349 0 0 
9900 13481 11776 13103 12687 12950 13183 11431 0 0 
10000 13544 11840 13139 12790 13050 13215 11592 0 0 
