# Avida tasks data
# Mon Apr 24 09:51:24 2023
# First column gives the current update, next columns give the number
# of organisms that have the particular task as a component of their merit
#  1: Update
#  2: Not
#  3: Nand
#  4: And
#  5: OrNot
#  6: Or
#  7: AndNot
#  8: Nor
#  9: Xor
# 10: Equals

0 0 0 0 0 0 0 0 0 0 
100 0 0 0 0 0 0 0 0 0 
200 0 0 0 0 0 0 0 0 0 
300 0 0 0 0 0 0 0 0 0 
400 0 0 0 0 0 0 0 0 0 
500 0 0 0 0 0 0 0 0 0 
600 0 0 0 0 0 0 0 0 0 
700 0 0 0 0 0 0 0 0 0 
800 475 0 0 0 0 0 0 0 0 
900 2863 1689 4 241 0 1258 2 0 0 
1000 5531 4185 21 317 0 3847 0 0 0 
1100 7582 6136 27 825 0 5918 0 2 0 
1200 8646 7202 73 1530 0 7049 0 0 0 
1300 9746 8216 75 2165 1 8133 1 0 0 
1400 10498 8933 198 3078 0 8929 0 0 0 
1500 11149 9493 462 3818 1 9637 0 0 0 
1600 11551 9977 903 4572 0 9991 0 0 0 
1700 11936 10189 1543 5238 0 10428 0 0 0 
1800 12303 10598 2273 5866 0 10842 0 0 0 
1900 12650 10816 3077 6564 3 11106 13 0 0 
2000 12975 11142 3909 7195 1 11515 24 0 0 
2100 13178 11321 4592 7686 6 11626 30 0 0 
2200 13373 11535 5397 8279 10 11923 85 0 0 
2300 13573 11654 5835 8727 4 11989 453 0 0 
2400 13537 11718 5696 9121 67 12035 1719 0 0 
2500 13638 11877 5344 8724 188 12152 2714 0 732 
2600 13638 11959 4831 7233 58 12168 3589 0 2502 
2700 13642 11895 4287 6525 70 12204 4666 0 3978 
2800 13663 11935 3704 6483 67 12174 5780 0 5159 
2900 13667 12030 3187 6735 81 12168 6679 0 6066 
3000 13634 12016 2651 7037 96 12161 7517 0 6967 
3100 13688 12105 2148 7345 108 12212 8352 0 7761 
3200 13688 12116 1809 7713 139 12190 8951 0 8351 
3300 13713 12097 1398 8040 183 12211 9466 1 8799 
3400 13730 12163 1126 8344 237 12177 9792 0 9146 
3500 13744 12120 972 8628 306 12159 10043 0 9386 
3600 13761 12255 720 8906 681 12201 10447 0 9855 
3700 13719 12115 592 9131 1141 12132 10469 0 9785 
3800 13794 12253 457 9669 1753 12208 10763 0 10021 
3900 13786 12167 397 10187 2291 12126 10784 0 10011 
4000 13791 12188 299 10654 3130 12152 10856 0 10140 
4100 13806 12209 239 11154 3796 12098 10947 0 10153 
4200 13807 12293 196 11520 4471 12109 10998 1 10223 
4300 13800 12208 158 11666 5141 12004 10909 1 10145 
4400 13812 12194 103 11906 5780 11919 10921 0 10134 
4500 13840 12291 105 12069 6707 11940 11031 0 10226 
4600 13851 12312 107 12248 7528 12029 11077 0 10264 
4700 13831 12318 97 12282 8190 11942 11051 0 10260 
4800 13821 12233 85 12377 8781 11936 11034 0 10227 
4900 13838 12307 99 12542 9279 12036 11118 0 10291 
5000 13838 12267 85 12518 9558 11916 11064 0 10218 
5100 13823 12219 90 12568 9707 11825 10986 1 10128 
5200 13861 12287 99 12695 10024 11917 10994 0 10276 
5300 13861 12255 88 12761 10125 11859 10988 1 10114 
5400 13863 12277 73 12763 10446 11923 11071 0 10349 
5500 13852 12243 80 12850 10528 11912 11081 0 10262 
5600 13854 12129 75 12696 10567 11899 11027 0 10240 
5700 13835 12300 105 12779 10598 11930 11106 0 10248 
5800 13835 12316 111 12781 10596 11903 11041 0 10266 
5900 13847 12248 99 12825 10699 11955 11145 0 10322 
6000 13922 12314 110 12867 10571 11949 11063 1 10227 
6100 13823 12311 86 12806 10616 11929 11110 0 10309 
6200 13838 12262 94 12809 10617 11950 11115 0 10294 
6300 13887 12332 111 12866 10617 12013 11116 0 10342 
6400 13866 12298 94 12742 10573 11943 11115 0 10260 
6500 13876 12261 91 12839 10654 12001 11116 0 10365 
6600 13842 12320 124 12851 10603 12003 11161 0 10347 
6700 13865 12265 108 12755 10612 11981 11096 0 10307 
6800 13880 12260 99 12884 10654 12072 11176 0 10324 
6900 13918 12354 111 12804 10685 12009 11183 0 10432 
7000 13919 12394 113 12851 10730 11975 11167 0 10404 
7100 13882 12427 105 12898 10770 12043 11209 1 10418 
7200 13934 12390 124 12871 10651 12030 11146 0 10337 
7300 13882 12492 93 12894 10791 12183 11272 0 10469 
7400 13902 12350 115 12788 10603 12060 11123 1 10331 
7500 13878 12395 107 12851 10779 12125 11260 0 10447 
7600 13848 12412 93 12808 10823 12150 11273 0 10506 
7700 13915 12544 106 12964 10866 12234 11392 0 10613 
7800 13856 12468 116 12811 10745 12097 11183 0 10438 
7900 13903 12402 110 12850 10704 12067 11218 0 10414 
8000 13837 12484 102 12900 10856 12123 11280 0 10561 
8100 13930 12487 144 12884 10844 12170 11321 0 10559 
8200 13890 12429 130 12896 10785 12138 11275 1 10483 
8300 13872 12373 102 12909 10852 12152 11281 0 10541 
8400 13942 12524 93 12802 10879 12225 11333 0 10561 
8500 13925 12571 110 12859 11044 12249 11477 0 10739 
8600 13947 12555 117 12864 10991 12244 11479 0 10714 
8700 13911 12470 113 12888 10854 12186 11299 0 10521 
8800 13903 12536 123 12883 10940 12186 11393 0 10654 
8900 13937 12583 113 12932 11000 12287 11442 0 10721 
9000 13964 12513 72 12937 11035 12271 11431 0 10729 
9100 13930 12550 63 12922 10990 12355 11501 0 10712 
9200 13880 12498 97 12846 10935 12239 11393 0 10630 
9300 13879 12520 108 13006 10881 12252 11336 57 10605 
9400 13942 12545 116 12956 10574 12209 11362 309 10567 
9500 13926 12529 125 12885 10033 12257 11437 923 10664 
9600 13953 12588 98 12946 9127 12262 11488 1790 10664 
9700 13900 12608 97 12963 8050 12308 11485 2905 10727 
9800 13894 12578 111 12987 7063 12322 11455 3821 10739 
9900 13924 12655 88 12998 6235 12344 11602 4813 10817 
10000 13970 12560 99 12979 5209 12336 11545 5661 10678 
