# Avida tasks data
# Mon Apr 24 08:54:29 2023
# First column gives the current update, next columns give the number
# of organisms that have the particular task as a component of their merit
#  1: Update
#  2: Not
#  3: Nand
#  4: And
#  5: OrNot
#  6: Or
#  7: AndNot
#  8: Nor
#  9: Xor
# 10: Equals

0 0 0 0 0 0 0 0 0 0 
100 0 0 0 0 0 0 0 0 0 
200 0 0 0 0 0 0 0 0 0 
300 0 0 0 0 0 0 0 0 0 
400 1 0 0 0 0 0 0 0 0 
500 51 0 0 0 0 0 0 0 0 
600 305 0 0 0 0 0 0 0 0 
700 764 48 0 738 0 0 0 0 0 
800 1733 358 4 1908 15 0 0 0 0 
900 2807 888 0 2902 13 0 0 0 0 
1000 3756 1988 2 3843 9 4 0 0 0 
1100 4904 3141 13 4966 16 167 0 0 0 
1200 5706 4060 151 5842 16 268 0 0 0 
1300 6961 5182 1303 7077 18 206 0 0 0 
1400 8244 6291 2466 8304 47 206 0 0 0 
1500 9324 7321 3635 9326 30 161 0 0 0 
1600 10062 7931 4389 10128 38 150 0 0 0 
1700 10642 8630 5289 10585 38 123 0 0 0 
1800 11019 9033 5911 10997 42 162 0 0 0 
1900 11254 9210 6244 11211 52 183 0 0 0 
2000 11293 9454 6539 11234 62 205 0 0 0 
2100 11430 9630 6746 11355 63 237 0 0 0 
2200 11562 9719 7039 11560 71 196 0 0 0 
2300 11620 9845 7365 11677 66 236 0 0 0 
2400 11795 9947 7622 11758 65 220 0 0 0 
2500 11691 10000 7830 11623 62 254 0 0 0 
2600 11783 10186 8047 11731 71 298 0 0 0 
2700 11820 10191 8232 11880 69 284 0 0 0 
2800 11820 10159 8293 11737 60 290 0 0 0 
2900 11739 10230 8512 11775 58 269 0 0 0 
3000 11734 10291 8795 11793 41 222 0 0 0 
3100 11772 10572 9137 11817 47 260 0 0 0 
3200 11857 10749 9469 11881 57 282 0 0 0 
3300 11949 10828 9623 11881 55 303 0 0 0 
3400 11938 10951 9828 11945 41 325 0 0 0 
3500 12006 11056 10072 11970 45 365 0 0 0 
3600 11905 10968 10113 11937 42 357 0 0 0 
3700 11969 11172 10300 12007 46 418 0 0 0 
3800 12016 11134 10375 12014 34 427 0 0 0 
3900 11996 11198 10453 11863 45 478 0 0 0 
4000 11961 11206 10381 11890 46 446 0 0 0 
4100 11910 11319 10543 11946 45 463 0 0 0 
4200 11880 11274 10572 11944 39 475 0 0 0 
4300 11970 11307 10581 11970 18 432 0 0 0 
4400 11963 11455 10824 11925 39 417 0 0 0 
4500 12011 11505 10905 11976 29 481 0 0 0 
4600 11951 11603 11102 12010 26 423 0 0 0 
4700 11934 11668 11076 11935 29 500 0 0 0 
4800 11906 11872 11155 12048 23 540 1 0 0 
4900 11936 11768 11165 12021 38 610 8 0 0 
5000 12034 11738 11009 12072 33 609 1 0 0 
5100 12082 11931 11240 12124 41 681 0 0 0 
5200 12123 12071 11236 12182 40 652 1 0 0 
5300 11999 12057 11188 12112 51 640 2 0 0 
5400 12103 11982 11169 12184 41 692 4 0 0 
5500 12081 11998 11102 12205 55 689 0 0 0 
5600 12011 12044 11108 12289 75 670 40 0 0 
5700 12189 12007 11034 12111 78 692 42 0 0 
5800 12347 12037 11110 12116 77 839 79 0 0 
5900 12161 12048 11061 12198 55 850 170 0 0 
6000 12139 12053 11090 12153 55 876 313 0 0 
6100 12247 12260 11175 12124 49 877 513 0 0 
6200 12247 12249 10949 12028 62 823 595 0 0 
6300 12290 12278 11034 11885 76 889 532 0 0 
6400 12230 12285 10709 11780 79 1028 364 0 0 
6500 12150 12208 10685 11681 101 1087 411 0 0 
6600 12132 12267 10844 11704 94 1246 616 0 0 
6700 12140 12332 11009 11842 72 1257 969 0 0 
6800 12038 12382 10886 11782 59 1362 1083 0 0 
6900 12026 12371 10744 11842 39 1380 1332 0 0 
7000 12027 12422 10807 11719 20 1347 1659 0 0 
7100 12014 12425 10828 11726 20 1224 2085 0 0 
7200 12080 12438 10947 11812 35 1078 2611 0 0 
7300 12083 12562 11149 11920 43 989 3091 0 0 
7400 12091 12547 10996 11824 57 872 3413 0 0 
7500 12216 12547 10956 11818 105 839 3869 0 1 
7600 12258 12530 11197 11834 126 771 4326 0 0 
7700 12134 12597 11194 11926 194 738 4759 0 0 
7800 12063 12677 11206 11815 236 727 5100 0 0 
7900 12173 12737 11272 11814 282 628 5499 0 0 
8000 12047 12633 11191 11728 402 651 5745 0 0 
8100 12116 12634 11255 11847 546 694 6141 0 0 
8200 12121 12708 11267 11876 688 730 6463 0 0 
8300 12075 12681 11300 11791 918 823 6696 0 0 
8400 12113 12621 11292 11764 1143 899 6971 0 0 
8500 12144 12641 11401 11871 1393 1033 7459 0 2 
8600 12002 12697 11462 11936 1546 1208 7811 0 0 
8700 12004 12672 11476 11936 1741 1328 8074 0 0 
8800 12080 12693 11551 12027 1924 1458 8338 0 0 
8900 12097 12781 11588 11972 2026 1653 8693 0 0 
9000 12178 12788 11610 12035 2296 1738 8880 0 0 
9100 12206 12809 11634 12018 2544 1882 9152 0 0 
9200 12254 12774 11626 11962 2787 2055 9281 0 0 
9300 12213 12762 11634 11961 3022 2224 9404 1 0 
9400 12295 12850 11733 12051 3115 2353 9558 0 0 
9500 12223 12901 11742 12004 3335 2458 9747 0 0 
9600 12219 12820 11720 11969 3507 2532 9798 2 2 
9700 12343 13006 11698 11977 3723 2647 10003 0 0 
9800 12312 13024 11760 11975 3853 2662 10039 0 0 
9900 12272 12955 11696 11927 4101 2740 10078 0 0 
10000 12276 12956 11784 11982 4337 2838 10242 0 0 
