# Avida tasks data
# Mon Apr 24 05:53:10 2023
# First column gives the current update, next columns give the number
# of organisms that have the particular task as a component of their merit
#  1: Update
#  2: Not
#  3: Nand
#  4: And
#  5: OrNot
#  6: Or
#  7: AndNot
#  8: Nor
#  9: Xor
# 10: Equals

0 0 0 0 0 0 0 0 0 0 
100 0 0 0 0 0 0 0 0 0 
200 0 0 0 0 0 0 0 0 0 
300 0 0 0 0 0 0 0 0 0 
400 0 0 0 0 0 0 0 0 0 
500 5 0 0 0 0 0 0 0 0 
600 8 0 0 0 0 0 0 0 0 
700 35 3 0 0 0 0 0 0 0 
800 83 12 0 0 0 0 0 0 0 
900 24 20 0 605 0 0 0 0 0 
1000 39 809 0 2274 1 0 2023 0 0 
1100 179 1068 958 3257 24 698 3034 0 0 
1200 356 2038 2261 4080 120 1907 3827 0 0 
1300 374 3196 3188 4928 314 2715 4645 0 4 
1400 485 4202 4021 5741 469 3469 5436 0 3 
1500 598 4957 4793 6475 535 4123 6133 0 1 
1600 685 6006 5627 7331 614 4920 6889 0 3 
1700 829 6912 6391 8107 722 5526 7685 0 4 
1800 956 8048 7307 9209 972 6364 8737 0 2 
1900 1012 9101 8179 10055 1516 7186 9530 0 3 
2000 1141 9507 8615 10492 1900 7585 9929 24 2 
2100 1366 9974 8851 10820 2309 7887 10235 32 2 
2200 1587 10273 9252 11191 2916 8401 10582 12 3 
2300 1716 10609 9557 11371 3416 8720 10782 19 3 
2400 1946 10771 9777 11538 3799 9114 10934 20 3 
2500 2177 11055 9950 11691 4236 9373 11108 26 7 
2600 2843 11212 10004 11819 4786 9421 11239 26 3 
2700 3101 11439 10168 11964 5184 9528 11288 30 6 
2800 3674 11508 10266 11986 5720 9663 11325 33 6 
2900 4313 11620 10354 12056 6258 9871 11383 40 7 
3000 4852 11715 10305 12081 6741 9903 11330 45 0 
3100 5434 11930 10509 12159 7332 10063 11460 47 0 
3200 6162 12114 10477 12134 7635 10161 11343 35 1 
3300 6726 12180 10612 12195 8094 10265 11485 39 9 
3400 7261 12240 10663 12167 8358 10236 11448 33 5 
3500 7977 12420 10798 12247 8882 10472 11573 12 3 
3600 8410 12340 10781 12184 8971 10491 11503 10 0 
3700 8810 12464 10806 12220 9288 10569 11460 10 6 
3800 9248 12581 10865 12219 9453 10558 11430 8 4 
3900 9602 12572 10817 12143 9629 10485 11403 9 9 
4000 9773 12598 10873 12191 9827 10644 11441 6 4 
4100 9929 12714 10865 12251 9905 10759 11478 4 4 
4200 10303 12694 10753 12034 9953 10567 11350 4 4 
4300 10518 12848 10869 12216 10040 10688 11419 5 1 
4400 10813 12947 10898 12286 10174 10748 11510 4 3 
4500 10975 12884 10795 12162 10123 10663 11429 2 4 
4600 11245 12793 10754 12135 10063 10662 11419 0 4 
4700 11387 12855 10924 12176 10119 10696 11416 0 2 
4800 11575 12864 10955 12224 10198 10863 11412 0 4 
4900 11674 12870 10899 12216 10121 10722 11431 2 2 
5000 11851 12855 10796 12114 10084 10630 11459 2 1 
5100 12130 12936 10904 12247 10293 10814 11541 0 3 
5200 12168 12802 10766 12173 10103 10736 11466 0 5 
5300 12372 12874 10929 12201 10198 10721 11455 0 1 
5400 12380 12984 10879 12353 10149 10756 11524 0 1 
5500 12323 12910 10903 12219 10167 10710 11414 0 1 
5600 12464 12866 10789 12187 10025 10653 11326 0 5 
5700 12569 12947 11011 12253 10133 10868 11427 0 5 
5800 12543 12897 10967 12271 10232 10813 11491 0 2 
5900 12466 12903 10861 12249 10174 10675 11453 0 0 
6000 12487 12940 10882 12328 10220 10754 11436 0 2 
6100 12675 12901 10769 12137 10072 10550 11362 0 1 
6200 12599 12871 10860 12247 10065 10661 11363 3 2 
6300 12563 12836 10826 12166 10152 10722 11393 1 3 
6400 12539 12960 10940 12241 10248 10868 11522 0 1 
6500 12556 12856 10772 12107 10083 10722 11335 2 3 
6600 12623 12780 10881 12190 10104 10673 11309 0 2 
6700 12587 12890 10849 12184 10109 10664 11428 1 3 
6800 12753 12961 10835 12266 10092 10763 11443 1 4 
6900 12792 12923 10905 12257 10169 10792 11485 0 6 
7000 12670 12903 10798 12148 10062 10709 11421 0 3 
7100 12742 12978 10822 12230 10155 10744 11495 0 2 
7200 12786 12973 10872 12269 10162 10711 11493 0 1 
7300 12737 12969 11014 12279 10298 10884 11525 0 3 
7400 12731 12873 10786 12055 10061 10692 11328 1 2 
7500 12811 12907 10890 12257 10172 10713 11503 0 4 
7600 12718 12869 10952 12217 10266 10822 11447 2 3 
7700 12689 12853 10855 12202 10161 10773 11450 1 5 
7800 12717 12746 10887 12121 10141 10778 11317 0 5 
7900 12856 12966 10979 12291 10220 10778 11503 0 1 
8000 12823 12948 11012 12276 10342 10792 11540 0 2 
8100 12902 12846 10885 12165 10187 10731 11408 1 2 
8200 12878 12762 10821 12080 10081 10668 11284 0 1 
8300 12862 12891 10887 12169 10161 10790 11432 2 2 
8400 12992 12854 10809 12112 10115 10665 11335 0 2 
8500 12895 12860 10856 12170 10080 10723 11381 3 2 
8600 12899 12817 10870 12203 10193 10802 11344 5 1 
8700 12926 12895 10969 12312 10287 10888 11510 2 1 
8800 12926 12908 10764 12149 10025 10632 11384 1 2 
8900 12865 12769 10828 12162 10153 10659 11431 1 5 
9000 12899 12853 10903 12216 10230 10792 11472 2 1 
9100 12898 12836 10918 12231 10187 10798 11409 0 0 
9200 12792 12907 11112 12320 10425 10913 11485 2 2 
9300 12895 12892 10877 12260 10258 10758 11462 0 4 
9400 12907 12914 11073 12321 10361 10945 11569 1 0 
9500 12963 12926 11042 12332 10393 10911 11640 1 3 
9600 12923 12835 10966 12260 10238 10762 11469 3 2 
9700 12955 12845 10881 12190 10204 10708 11437 2 2 
9800 12918 12912 10961 12241 10297 10852 11465 2 4 
9900 12977 12884 10895 12165 10160 10744 11328 0 0 
10000 13042 12902 11052 12313 10390 10853 11583 3 0 
