# Avida tasks data
# Mon Apr 24 01:48:25 2023
# First column gives the current update, next columns give the number
# of organisms that have the particular task as a component of their merit
#  1: Update
#  2: Not
#  3: Nand
#  4: And
#  5: OrNot
#  6: Or
#  7: AndNot
#  8: Nor
#  9: Xor
# 10: Equals

0 0 0 0 0 0 0 0 0 0 
100 0 0 0 0 0 0 0 0 0 
200 0 0 0 0 0 0 0 0 0 
300 0 0 0 0 0 0 0 0 0 
400 0 0 0 0 0 0 0 0 0 
500 0 0 0 0 0 0 0 0 0 
600 0 0 0 0 0 0 0 0 0 
700 88 0 0 0 0 0 0 0 0 
800 455 31 0 4 0 0 0 0 0 
900 758 100 0 255 0 0 0 0 0 
1000 783 127 0 770 0 0 0 0 0 
1100 952 145 0 1842 963 0 0 0 0 
1200 975 144 0 3947 3303 0 0 0 0 
1300 1842 145 0 5600 5212 6 0 0 0 
1400 3310 298 4 7031 6720 5 0 0 0 
1500 4883 595 2 8319 8046 3 0 0 0 
1600 6275 1088 1 9339 9081 1 0 0 0 
1700 7366 2063 0 10248 9974 0 0 0 0 
1800 8045 2650 5 10905 10701 625 208 0 0 
1900 8222 3215 5 11304 11018 2127 1055 0 0 
2000 8540 4206 7 11607 11344 3402 1851 0 0 
2100 8978 5158 6 11935 11673 4508 2475 0 0 
2200 9263 6081 15 11903 11894 5487 3031 0 0 
2300 9794 6905 12 11431 12183 6460 4266 3 0 
2400 10856 8252 10 11787 12507 7912 5519 0 0 
2500 11626 9375 16 12048 12532 9087 6399 0 0 
2600 12169 10244 22 12370 12441 10115 7279 0 0 
2700 12617 11070 30 12564 12498 10937 8082 0 0 
2800 12899 11606 22 12672 12469 11606 8912 0 0 
2900 13124 12276 12 12722 12426 12419 9627 0 2 
3000 13423 12600 18 12808 12431 12810 10442 0 0 
3100 13460 12803 34 12854 12498 13034 10972 0 0 
3200 13529 12746 250 12911 12513 13126 11389 0 0 
3300 13575 12884 632 12958 12539 13200 11700 0 31 
3400 12730 12535 305 12982 12488 12998 10266 6 1318 
3500 12528 11831 271 12974 12274 12517 9717 6 1766 
3600 12440 11637 267 12958 12328 12115 9465 8 1968 
3700 12400 11446 311 12979 12352 11776 9185 7 2200 
3800 11939 11701 328 12975 12414 11636 8834 8 2543 
3900 11493 11691 348 12989 12433 11698 8551 8 2856 
