# Avida tasks data
# Mon Apr 24 05:29:13 2023
# First column gives the current update, next columns give the number
# of organisms that have the particular task as a component of their merit
#  1: Update
#  2: Not
#  3: Nand
#  4: And
#  5: OrNot
#  6: Or
#  7: AndNot
#  8: Nor
#  9: Xor
# 10: Equals

0 0 0 0 0 0 0 0 0 0 
100 0 0 0 0 0 0 0 0 0 
200 0 0 0 0 0 0 0 0 0 
300 0 0 0 0 0 0 0 0 0 
400 0 0 0 0 0 0 0 0 0 
500 0 3 0 0 0 0 0 0 0 
600 21 23 0 0 0 0 0 0 0 
700 151 49 0 380 0 0 0 0 0 
800 879 1010 0 3389 1089 0 0 0 0 
900 1739 1006 0 5353 2983 8 0 0 0 
1000 2684 1176 2 6851 4736 37 0 0 0 
1100 3528 1581 1 7880 6018 51 0 0 0 
1200 4634 2360 0 8511 6861 23 0 0 0 
1300 5762 3503 0 8922 7476 12 1 0 0 
1400 6724 4509 0 9350 8066 13 0 0 0 
1500 7717 5325 0 9944 8876 14 1 0 0 
1600 8408 6556 0 10325 9321 30 2 0 0 
1700 9403 6906 0 10758 9994 1132 10 0 0 
1800 10003 6539 0 11003 10598 2431 28 0 0 
1900 10476 6045 1 11165 10777 3502 34 0 0 
2000 11056 5345 0 11488 11134 4655 33 0 0 
2100 11457 4899 0 11708 11190 5521 50 0 0 
2200 11935 4396 0 11888 11354 6361 70 0 0 
2300 12373 3857 2 12039 11480 7346 69 0 0 
2400 12708 3415 1 12144 11615 8104 93 0 0 
2500 12683 3427 3 12195 11570 8607 492 0 0 
2600 12688 3648 181 12273 11659 9079 1019 2 0 
2700 12536 4355 1423 12375 11644 9106 1817 13 1 
2800 12559 5430 2601 12524 11560 9157 2971 7 3 
2900 12529 6348 3545 12597 11519 9183 3920 17 0 
3000 12550 7255 4469 12753 11488 9367 4912 13 4 
3100 12463 8001 5202 12854 11454 9444 5777 17 4 
3200 12429 8661 5891 12888 11290 9510 6580 17 1 
3300 12384 9252 6696 12995 11386 9720 7331 32 2 
3400 12360 9872 7342 13077 11325 9881 8069 22 7 
3500 12416 10373 8118 13234 11519 10191 8720 37 15 
3600 12340 10799 8465 13244 11316 10115 9182 50 13 
3700 12313 11185 8902 13294 11372 10192 9643 47 27 
3800 12304 11594 9347 13303 11373 10262 10016 47 30 
3900 11654 10882 8775 12525 11421 9697 9398 32 694 
4000 11048 10217 8150 12741 11449 9078 8747 34 1326 
4100 11031 9708 7748 12952 11456 8682 8322 41 1756 
4200 11062 9353 7423 13119 11500 8368 7976 37 2109 
4300 10989 8918 7044 13170 11464 7986 7582 35 2473 
4400 10699 8676 6781 13185 11493 7716 7308 45 2748 
4500 10204 8331 6519 13182 11530 7449 7027 41 3040 
4600 9921 8264 6452 13183 11545 7379 6958 47 3122 
4700 9883 8176 6378 12764 11565 7301 6887 40 3224 
