# Avida tasks data
# Mon Apr 24 05:35:10 2023
# First column gives the current update, next columns give the number
# of organisms that have the particular task as a component of their merit
#  1: Update
#  2: Not
#  3: Nand
#  4: And
#  5: OrNot
#  6: Or
#  7: AndNot
#  8: Nor
#  9: Xor
# 10: Equals

0 0 0 0 0 0 0 0 0 0 
100 0 0 0 0 0 0 0 0 0 
200 0 0 0 0 0 0 0 0 0 
300 0 0 0 0 0 0 0 0 0 
400 0 0 0 0 0 0 0 0 0 
500 0 0 0 0 0 0 0 0 0 
600 0 0 0 0 0 0 0 0 0 
700 11 7 0 6 0 0 0 0 0 
800 78 10 0 194 0 0 0 0 0 
900 194 641 2 1266 2 0 0 0 0 
1000 275 1806 6 2371 3 0 0 0 0 
1100 966 2496 0 3053 1 0 0 0 0 
1200 1364 2728 0 3229 6 0 0 0 0 
1300 1542 2919 0 3392 5 0 0 0 0 
1400 1742 3085 0 3528 7 0 2 0 0 
1500 1785 3030 0 3540 2 0 3 0 0 
1600 1618 2998 0 3526 3 0 2 0 0 
1700 1584 2983 0 3512 5 0 2 0 0 
1800 1530 3007 0 3503 3 0 2 0 0 
1900 1518 3005 0 3513 3 0 2 0 0 
2000 1530 2989 0 3501 3 0 2 0 0 
2100 1468 2984 0 3504 5 0 2 0 0 
2200 1442 3004 0 3510 4 0 4 0 0 
2300 1435 3020 0 3541 4 0 4 0 0 
2400 1441 3155 0 3668 4 0 4 0 0 
2500 1442 3491 0 4015 4 0 4 0 0 
2600 1432 3742 0 4290 4 0 2 0 0 
2700 1438 3753 0 4285 3 0 2 0 0 
2800 1439 3770 0 4301 3 0 2 0 0 
2900 1715 3803 0 4345 3 0 2 0 0 
3000 2029 4040 2 4591 3 0 2 0 0 
3100 2265 4261 0 4820 3 2 2 0 0 
3200 2804 4655 0 5256 3 2 2 0 0 
3300 3013 4817 0 5441 3 2 2 0 0 
