# Avida tasks data
# Mon Apr 24 07:48:04 2023
# First column gives the current update, next columns give the number
# of organisms that have the particular task as a component of their merit
#  1: Update
#  2: Not
#  3: Nand
#  4: And
#  5: OrNot
#  6: Or
#  7: AndNot
#  8: Nor
#  9: Xor
# 10: Equals

0 0 0 0 0 0 0 0 0 0 
100 0 0 0 0 0 0 0 0 0 
200 0 0 0 0 0 0 0 0 0 
300 0 0 0 0 0 0 0 0 0 
400 0 0 0 0 0 0 0 0 0 
500 5 0 0 0 0 0 0 0 0 
600 234 140 0 0 0 0 0 0 0 
700 688 571 0 14 0 80 2 0 0 
800 1107 585 6 20 0 534 2 0 0 
900 1409 985 10 16 0 779 6 0 0 
1000 1758 1415 14 45 1 1174 10 0 0 
1100 2193 1862 12 40 1 1524 15 0 0 
1200 2906 2522 26 63 0 2212 29 0 0 
1300 3755 3355 17 61 2 3015 33 0 0 
1400 4899 4447 51 116 8 3990 52 0 0 
1500 5257 4807 66 140 4 4327 45 0 0 
1600 5293 4861 62 138 3 4370 42 0 0 
1700 5243 4842 61 147 3 4350 49 0 0 
1800 5510 5306 75 170 5 4451 50 0 0 
