# Avida tasks data
# Mon Apr 24 08:20:49 2023
# First column gives the current update, next columns give the number
# of organisms that have the particular task as a component of their merit
#  1: Update
#  2: Not
#  3: Nand
#  4: And
#  5: OrNot
#  6: Or
#  7: AndNot
#  8: Nor
#  9: Xor
# 10: Equals

0 0 0 0 0 0 0 0 0 0 
100 0 0 0 0 0 0 0 0 0 
200 0 0 0 0 0 0 0 0 0 
300 0 0 0 0 0 0 0 0 0 
400 0 0 0 0 0 0 0 0 0 
500 0 0 0 0 0 0 0 0 0 
600 34 0 0 0 0 0 0 0 0 
700 454 0 0 0 0 0 0 0 0 
800 1641 0 0 0 0 0 0 0 0 
900 3023 0 37 0 0 0 0 0 0 
1000 4310 4 168 23 0 0 0 0 0 
1100 4623 68 863 1135 2 133 0 0 0 
1200 4336 2219 2746 3381 0 1296 0 0 0 
1300 3842 4233 4427 5361 1 2857 0 0 0 
1400 5185 5204 5190 6313 22 3706 0 0 0 
1500 6361 5762 5681 7021 148 4388 0 0 0 
1600 7427 6453 6128 7772 311 5353 0 0 0 
1700 8308 6971 6248 8367 633 6155 1 0 0 
1800 8993 7552 6435 8939 1040 6994 0 0 0 
1900 9499 8118 6383 9426 1682 7670 0 0 0 
2000 9950 8455 7297 9672 2082 7965 13 0 0 
2100 10126 8841 8118 9596 3086 8150 18 0 0 
2200 10375 9252 8187 9373 4381 8275 26 0 0 
2300 10620 9558 8202 9282 5535 8416 35 0 0 
2400 11130 10206 8606 9490 6745 8852 55 0 0 
2500 11585 10802 8930 9666 7755 9193 32 0 0 
2600 12061 11397 9329 9966 8725 9761 47 0 0 
2700 12443 11833 9698 10286 9374 10126 58 1 0 
2800 12757 12154 9971 10537 9794 10442 53 1 0 
2900 12965 12498 9952 10502 9920 10454 45 1 0 
3000 13073 12646 10172 10770 10137 10691 54 0 0 
3100 13282 12779 10300 10947 10285 10776 38 0 0 
3200 13329 12805 10442 10968 10403 10912 53 0 0 
3300 13365 12852 10324 10858 10328 10774 42 2 0 
3400 13356 12858 10462 10980 10376 10941 41 0 0 
3500 13334 12820 10394 10960 10442 10954 57 0 0 
3600 13380 12730 10305 10827 10270 10788 53 0 0 
3700 13388 12800 10386 10928 10343 10884 49 0 0 
3800 13397 12847 10411 10959 10391 10888 50 2 0 
3900 13393 12723 10374 10954 10358 10844 51 0 0 
4000 13387 12851 10398 10976 10380 10840 40 0 0 
4100 13328 12764 10319 10904 10320 10793 31 0 0 
4200 13391 12740 10245 10838 10227 10728 43 0 0 
4300 13317 12793 10356 11012 10317 10894 33 0 0 
4400 13389 12760 10329 10957 10308 10842 36 1 0 
4500 13258 12849 10524 11050 10435 10938 34 0 0 
4600 13315 12865 10570 11170 10533 11021 19 2 0 
4700 13361 12875 10548 11128 10519 11012 39 0 0 
4800 13446 12877 10502 11116 10443 10969 38 1 0 
4900 13422 12924 10437 11065 10432 10959 15 0 0 
5000 13355 12812 10404 11068 10415 10969 45 1 0 
5100 13380 12810 10476 11129 10473 11032 31 2 0 
5200 13360 12877 10606 11138 10580 11109 30 0 0 
5300 13383 12786 10464 11081 10441 10956 32 0 0 
5400 13419 12865 10634 11256 10596 11045 28 0 0 
5500 13417 12857 10500 11075 10415 10961 24 0 0 
5600 13368 12885 10558 11132 10544 11020 15 0 0 
5700 13366 12873 10523 11223 10536 11004 35 1 0 
5800 13376 12950 10653 11237 10631 11036 34 0 0 
5900 13472 12969 10688 11282 10619 11180 44 2 0 
6000 13472 12937 10770 11312 10735 11200 38 0 0 
6100 13435 12890 10646 11230 10596 11119 26 4 0 
6200 13422 13017 10882 11448 10883 11314 33 0 0 
6300 13517 13020 10842 11457 10829 11308 28 0 0 
6400 13455 12915 10717 11389 10718 11179 36 0 0 
6500 13397 12869 10666 11346 10619 11148 31 0 0 
6600 13494 12990 10835 11477 10810 11298 20 0 0 
6700 13375 12952 10821 11378 10779 11255 27 0 0 
6800 13500 13016 10805 11397 10792 11220 36 1 0 
6900 13466 13009 10896 11513 10899 11308 36 3 0 
7000 13444 12964 10732 11366 10715 11115 33 0 0 
7100 13479 12984 10856 11469 10818 11222 40 0 0 
7200 13439 13002 10879 11453 10854 11302 21 2 0 
7300 13486 12996 10757 11425 10768 11207 35 1 0 
7400 13496 13055 10923 11491 10919 11338 20 2 0 
7500 13496 13021 10748 11439 10751 11180 31 0 0 
7600 13539 13062 10984 11609 10894 11362 39 0 0 
7700 13405 12984 10812 11439 10759 11238 63 0 0 
7800 13510 12915 10880 11563 10831 11257 75 2 0 
7900 13532 12979 10876 11479 10787 11222 107 2 0 
8000 13494 13006 10862 11534 10845 11248 169 1 0 
8100 13456 13034 10815 11528 10870 11253 215 0 0 
8200 13516 13033 10897 11520 10893 11324 314 0 0 
8300 13477 13050 10942 11468 10862 11267 349 2 0 
8400 13574 13084 10875 11564 10812 11272 440 0 0 
8500 13559 13057 10852 11554 10821 11301 542 0 0 
8600 13554 13056 11004 11584 10999 11383 762 0 0 
8700 13523 13070 10905 11525 10895 11346 952 0 0 
8800 13535 13076 10949 11558 10898 11336 1178 0 0 
8900 13532 13092 10986 11660 10928 11375 1473 1 0 
9000 13604 13142 11109 11644 11066 11468 1725 0 0 
9100 13585 12965 10911 11584 10900 11331 1929 0 0 
9200 13534 12987 10964 11562 10912 11373 2189 2 2 
9300 13474 12982 10757 11408 10714 11192 2522 2 0 
9400 13516 13055 10804 11492 10788 11246 2909 2 0 
9500 13552 13048 10870 11582 10886 11325 3380 0 0 
9600 13547 13056 10882 11567 10927 11328 3813 0 0 
9700 13597 13119 11029 11684 10986 11424 4203 0 0 
9800 13511 13017 10797 11517 10740 11187 4304 0 0 
9900 13524 12989 10847 11610 10888 11286 4718 1 0 
10000 13530 13024 10931 11565 10898 11276 5305 0 0 
