# Avida tasks data
# Mon Apr 24 08:04:30 2023
# First column gives the current update, next columns give the number
# of organisms that have the particular task as a component of their merit
#  1: Update
#  2: Not
#  3: Nand
#  4: And
#  5: OrNot
#  6: Or
#  7: AndNot
#  8: Nor
#  9: Xor
# 10: Equals

0 0 0 0 0 0 0 0 0 0 
100 0 0 0 0 0 0 0 0 0 
200 0 0 0 0 0 0 0 0 0 
300 0 0 0 0 0 0 0 0 0 
400 0 0 0 0 0 0 0 0 0 
500 209 0 0 0 0 0 0 0 0 
600 1032 0 0 0 0 0 0 0 0 
700 2081 0 0 0 0 0 0 0 0 
800 3570 7 0 810 1 0 0 0 0 
900 5277 659 0 2623 5 0 17 0 0 
1000 6480 2007 0 3906 5 0 143 0 0 
1100 7631 3737 0 5362 14 51 126 0 0 
1200 8905 5452 0 6912 99 229 99 0 0 
1300 10093 7154 2 8291 311 425 86 0 0 
1400 10665 8305 17 9155 518 693 106 0 0 
1500 11088 9272 4 9691 793 1001 219 0 0 
1600 11398 10123 6 10360 1040 811 1045 0 0 
1700 11953 10876 10 10957 1160 400 2509 0 0 
1800 12459 11658 3 11624 1117 131 3912 0 0 
1900 12708 12157 3 12104 948 59 5068 0 0 
2000 12854 12627 0 12407 801 23 6362 0 0 
2100 12946 12898 0 12606 654 9 7592 0 0 
2200 12965 13107 1 12677 536 3 8560 0 0 
2300 12945 13143 0 12715 409 4 9443 0 0 
2400 12944 13150 0 12725 318 4 10089 0 0 
2500 12999 13182 0 12735 254 12 10512 0 0 
2600 12991 13214 0 12767 196 2 11050 0 0 
2700 12934 13238 21 12742 139 10 11254 0 0 
2800 13030 13109 127 12760 80 8 11508 0 0 
2900 13077 12958 248 12810 43 8 11745 0 0 
3000 13013 12781 494 12758 35 14 11838 0 0 
3100 13042 12368 793 12741 17 12 11887 0 0 
3200 13091 12188 1005 12821 13 23 11906 0 0 
3300 13007 11899 1291 12778 18 21 11918 0 0 
3400 13099 11472 1723 12867 15 23 12008 0 0 
3500 13128 10990 2240 12855 24 39 11957 0 0 
3600 13112 10485 2747 12831 26 73 11988 0 0 
3700 13143 9988 3313 12899 16 105 11956 0 0 
3800 13158 9361 3797 12915 28 168 12007 0 0 
3900 13127 8885 4351 12855 24 310 11956 0 0 
4000 13208 8795 4954 12928 32 398 11977 0 0 
4100 13201 9326 5521 12852 49 447 12038 0 0 
4200 13205 9765 6151 12936 104 524 12045 0 0 
4300 13156 10244 6826 12917 79 620 11982 0 0 
4400 13241 10665 7471 12897 43 731 12002 0 0 
4500 13214 11170 8117 12893 52 809 11901 0 0 
4600 13187 11677 8928 12868 56 751 11888 0 0 
4700 13144 12048 9684 12884 31 693 11966 0 0 
4800 13227 12397 10382 12873 26 508 11931 0 0 
4900 13224 12830 11074 12891 29 496 11908 0 0 
5000 13218 13025 11540 12866 30 437 11885 0 0 
5100 13190 13285 11908 12867 23 378 11879 0 0 
5200 13237 13348 12103 12803 31 336 11863 0 0 
5300 13224 13395 12237 12789 31 308 11834 0 0 
5400 13174 13526 12540 12894 24 247 11971 0 0 
5500 13252 13511 12795 12854 32 218 11917 0 0 
5600 13256 13483 12801 12843 40 187 11830 0 0 
5700 13236 13490 12875 12873 108 218 11910 0 0 
5800 13160 13537 12858 12804 238 239 11807 0 0 
5900 13143 13581 12938 12851 384 215 11785 0 0 
6000 13217 13596 12904 12885 643 206 11856 0 0 
6100 13224 13581 12934 12888 956 209 11841 0 0 
6200 13190 13606 12925 12841 1425 197 11893 0 0 
6300 13214 13533 12883 13003 1898 204 11820 0 0 
6400 13239 13631 12974 12965 2503 219 11859 0 0 
6500 13168 13551 12831 12958 3191 195 11829 0 0 
6600 13071 13619 12891 12897 3809 225 11692 0 0 
6700 13060 13572 12888 12865 4502 236 11679 0 0 
6800 13128 13612 12872 12993 5168 242 11788 0 0 
6900 13112 13592 12871 13006 5808 206 11744 0 0 
7000 13086 13670 12904 12856 6389 220 11654 0 0 
7100 13111 13641 13026 12946 7125 218 11750 0 0 
7200 13074 13668 12906 12910 7690 220 11646 0 0 
7300 13096 13649 12862 12989 8146 230 11722 0 0 
7400 13051 13676 12888 13018 8557 223 11695 0 0 
7500 13147 13653 12855 13049 9214 192 11746 0 0 
7600 13127 13699 12860 13122 9746 235 11775 0 0 
7700 13094 13674 12788 13062 10042 235 11625 0 0 
7800 13093 13674 12892 13077 10438 250 11688 0 0 
7900 13155 13685 12892 13042 10857 234 11738 0 0 
8000 13071 13698 12948 13024 11048 216 11655 0 0 
8100 13146 13716 13016 13129 11351 193 11782 0 0 
8200 13112 13752 12964 13086 11432 220 11777 0 0 
8300 13034 13717 12887 13127 11627 210 11711 0 0 
8400 13062 13707 12879 13012 11830 222 11684 0 0 
8500 13073 13716 12837 13098 11922 288 11621 0 0 
8600 13041 13701 12871 13052 12037 285 11645 0 0 
8700 13073 13685 12955 13121 12042 390 11677 0 0 
8800 13124 13757 12872 13079 12113 513 11768 0 0 
8900 13136 13686 12998 13058 12129 642 11751 0 0 
9000 13036 13707 12988 13080 12077 878 11720 0 0 
9100 13063 13737 12941 13127 12113 1224 11768 0 0 
9200 13153 13740 13038 13145 12169 1480 11828 0 0 
9300 13175 13754 12988 13147 12161 1826 11833 0 0 
9400 13182 13754 12942 13099 12204 2163 11884 0 0 
9500 13118 13709 12970 13091 12159 2582 11753 0 0 
9600 13087 13737 13038 13144 12164 3018 11810 0 0 
9700 13125 13709 13076 13150 12151 3345 11807 0 0 
9800 13090 13740 13023 13165 12041 3878 11719 0 0 
9900 13160 13714 13023 13142 11993 4293 11726 0 0 
10000 13109 13761 13057 13232 12140 4833 11774 0 0 
