# Avida tasks data
# Mon Apr 24 05:37:16 2023
# First column gives the current update, next columns give the number
# of organisms that have the particular task as a component of their merit
#  1: Update
#  2: Not
#  3: Nand
#  4: And
#  5: OrNot
#  6: Or
#  7: AndNot
#  8: Nor
#  9: Xor
# 10: Equals

0 0 0 0 0 0 0 0 0 0 
100 0 0 0 0 0 0 0 0 0 
200 0 0 0 0 0 0 0 0 0 
300 0 0 0 0 0 0 0 0 0 
400 0 0 0 0 0 0 0 0 0 
500 0 0 0 0 0 0 0 0 0 
600 10 0 0 0 0 0 0 0 0 
700 38 4 0 0 0 0 0 0 0 
800 308 748 203 1535 0 130 0 0 0 
900 203 3830 3676 4185 0 16 0 0 0 
1000 300 6496 6620 6841 3 4 0 0 0 
1100 684 8442 8565 8851 10 4 0 0 0 
1200 1193 9603 9647 9962 69 59 0 0 0 
1300 1623 10361 10413 10793 162 440 0 0 0 
1400 1825 10721 11075 11393 339 1349 0 0 0 
1500 2039 10820 11475 11853 612 2644 0 0 0 
1600 2151 11019 11978 12215 897 4215 1 72 0 
1700 2320 11006 12088 12448 1218 5099 0 294 0 
1800 2500 11057 12325 12785 1506 5712 0 731 0 
1900 2854 10910 12384 12891 1851 6014 11 1100 0 
2000 2653 11063 12449 12911 2163 6589 460 1369 0 
2100 2169 11117 12638 12980 2364 6991 883 2311 0 
2200 1968 11207 12629 12979 3572 7409 1092 3231 2 
2300 1510 11319 12631 13059 5386 8260 794 4573 0 
2400 1356 11352 12635 13002 6486 9053 421 5821 2 
2500 1220 11392 12573 13002 7595 9729 155 7001 0 
2600 1178 11513 12563 13026 8440 10214 197 7909 0 
2700 1143 11653 12555 13018 8926 10545 644 8775 0 
2800 1178 11647 12657 12989 8913 10891 1412 9491 0 
2900 1136 11735 12596 13060 8831 11191 2498 10303 1 
3000 1071 11789 12699 13090 8400 11357 4332 10675 0 
3100 1390 11677 12699 13084 8226 11461 5733 10918 0 
3200 1796 11812 12784 13166 8359 11781 6741 11140 394 
3300 2064 12048 12813 13301 8548 12013 6781 11647 1415 
3400 1962 12216 12839 13247 8729 12208 6583 11746 2419 
3500 2021 12183 12831 13265 9055 12209 6170 11774 3435 
3600 2298 12236 12814 13226 9457 12193 5599 11755 4400 
3700 2757 12237 12935 13254 9841 12311 4992 11793 5345 
3800 3189 12285 12848 13332 10309 12229 4432 11824 6132 
3900 3706 12342 12871 13324 10754 12250 3764 11839 6981 
4000 4167 12286 12844 13287 11098 12264 3250 11791 7491 
4100 4726 12426 12892 13301 11279 12343 2688 11815 8114 
4200 4982 12304 12834 13316 11506 12246 2512 11824 8637 
4300 4701 12404 12879 13218 11646 12293 3158 11830 9041 
4400 3976 12363 12791 13261 11738 12326 4094 11835 9264 
4500 3437 12224 12752 13245 11723 12232 5036 11792 9345 
4600 2849 12295 12747 13298 11844 12272 6034 11874 9564 
4700 2780 12304 12832 13277 11863 12218 6920 11864 9655 
4800 2842 12403 12849 13206 11939 12267 8021 11817 9684 
4900 3134 12329 12734 13247 11969 12268 8921 11805 9717 
5000 3409 12313 12809 13176 11851 12258 9529 11681 9780 
5100 3942 12249 12693 13162 11934 12114 9993 11659 9849 
5200 4589 12368 12728 13320 12074 12274 10464 11789 10201 
5300 5182 12297 12745 13276 12089 12325 10852 11711 10251 
5400 5744 12213 12713 13255 12180 12305 11215 11671 10291 
5500 6259 12215 12658 13227 12216 12376 11420 11653 10369 
5600 7083 12241 12642 13252 12370 12273 11725 11762 10696 
5700 8069 12336 12686 13287 12321 12307 11767 11641 10657 
5800 8544 12281 12744 13280 12365 12364 11968 11723 10837 
5900 9091 12283 12592 13288 12505 12250 12157 11704 10765 
6000 9523 12338 12792 13375 12355 12410 12102 11852 10943 
6100 9892 12209 12624 13273 12391 12246 12149 11619 10880 
6200 10341 12446 12659 13339 12422 12306 12188 11612 10830 
6300 10816 12283 12662 13361 12398 12309 12076 11708 10911 
6400 11141 12393 12687 13392 12322 12374 12062 11711 10981 
6500 11557 12351 12645 13362 12437 12329 12198 11696 11034 
6600 11558 12358 12695 13363 12381 12394 12204 11727 11001 
6700 11755 12308 12746 13336 12381 12247 12134 11622 10861 
6800 11864 12296 12753 13410 12425 12354 12169 11731 10937 
6900 11931 12345 12834 13407 12387 12344 12097 11704 10923 
7000 12139 12338 12683 13352 12417 12305 12085 11666 10866 
7100 12154 12236 12656 13346 12410 12211 12172 11680 10949 
7200 12222 12388 12738 13360 12351 12356 12074 11650 10898 
7300 12289 12238 12693 13313 12386 12261 12096 11624 10891 
7400 12283 12266 12650 13344 12356 12294 12137 11636 10868 
7500 12271 12242 12751 13373 12455 12344 12296 11747 10978 
7600 12255 12390 12775 13383 12415 12339 12160 11713 10960 
7700 12326 12346 12688 13327 12395 12252 12139 11718 11003 
7800 12246 12352 12789 13342 12377 12440 12142 11572 10824 
7900 12248 12264 12676 13319 12394 12290 12153 11704 10932 
8000 12157 12411 12761 13299 12483 12358 12262 11707 10946 
8100 12295 12324 12692 13460 12549 12303 12277 11848 11111 
8200 12179 12288 12818 13289 12478 12432 12285 11735 11009 
8300 12216 12356 12722 13330 12391 12307 12185 11662 10913 
8400 12208 12311 12771 13294 12465 12362 12229 11720 10981 
8500 12244 12306 12711 13341 12460 12354 12245 11681 10923 
8600 12322 12360 12805 13363 12574 12388 12314 11787 11156 
8700 12195 12282 12741 13373 12513 12381 12303 11787 11050 
8800 12378 12382 12937 13375 12586 12496 12334 11809 11029 
8900 12277 12351 12751 13426 12597 12428 12334 11903 11159 
9000 12242 12285 12763 13384 12531 12312 12211 11714 10976 
9100 12297 12356 12787 13346 12473 12420 12180 11639 10882 
9200 12308 12216 12714 13415 12557 12455 12230 11796 11031 
9300 12203 12223 12745 13330 12424 12439 12234 11612 10942 
9400 12157 12329 12765 13395 12459 12477 12225 11717 10981 
9500 12108 12350 12776 13382 12470 12479 12246 11740 11066 
9600 12214 12320 12802 13336 12597 12532 12382 11744 11039 
9700 12285 12263 12763 13376 12497 12558 12299 11672 11030 
9800 11964 12244 12742 13395 12477 12385 12195 11700 10880 
9900 11986 12366 12814 13453 12536 12433 12329 11813 11081 
10000 12138 12240 12724 13400 12551 12355 12316 11795 11075 
