# Avida tasks data
# Mon Apr 24 12:29:15 2023
# First column gives the current update, next columns give the number
# of organisms that have the particular task as a component of their merit
#  1: Update
#  2: Not
#  3: Nand
#  4: And
#  5: OrNot
#  6: Or
#  7: AndNot
#  8: Nor
#  9: Xor
# 10: Equals

0 0 0 0 0 0 0 0 0 0 
100 0 0 0 0 0 0 0 0 0 
200 0 0 0 0 0 0 0 0 0 
300 0 0 0 0 0 0 0 0 0 
400 0 0 0 0 0 0 0 0 0 
500 0 0 0 0 0 0 0 0 0 
600 0 0 0 0 0 0 0 0 0 
700 0 0 0 0 0 0 0 0 0 
800 0 0 0 0 0 0 0 0 0 
900 0 3 0 0 0 0 0 0 0 
1000 304 553 0 0 0 0 0 0 0 
1100 3336 3691 17 2550 2331 811 0 0 0 
1200 5396 5494 73 4440 4231 3141 11 0 0 
1300 7011 6117 138 6028 5698 4802 19 0 744 
1400 8395 5813 206 7284 6961 6144 39 0 2035 
1500 9286 5384 241 8243 7818 7054 46 1 3122 
1600 10040 5023 305 8935 8455 7695 52 0 3939 
1700 10785 4682 317 9724 9221 8504 62 1 4858 
1800 11454 4318 330 10410 9845 9212 67 0 5717 
1900 11908 3805 398 10818 10239 9574 94 1 6441 
2000 12240 3288 442 11281 10632 9987 88 2 7193 
2100 12488 2849 436 11441 10800 10225 98 0 7742 
2200 12701 2408 468 11711 11056 10401 118 0 8235 
2300 12839 2046 488 11886 11149 10610 103 0 8667 
2400 13002 1949 470 12071 11301 10777 90 1 9074 
2500 13061 2733 502 12198 11439 10841 118 1 9378 
2600 13114 4301 479 12250 11595 11007 115 1 9572 
2700 13226 5730 451 12406 11681 11126 113 0 9691 
2800 13240 6961 479 12438 11707 11116 98 2 9757 
2900 13433 8190 493 12627 11831 11378 111 3 9823 
3000 13404 9148 536 12608 11772 11301 123 0 9920 
3100 13461 10158 444 12793 11996 11518 106 1 10386 
3200 13512 10979 461 12822 12025 11651 100 0 10610 
3300 13448 11661 500 12780 11802 11416 96 1 10450 
3400 13438 12328 399 12726 11923 11467 124 0 10546 
3500 13518 12918 485 12757 11919 11502 103 2 10613 
3600 13489 13279 458 12795 11885 11570 83 1 10640 
3700 13556 13512 471 12855 12022 11696 78 2 10783 
3800 13531 13584 463 12812 11907 11570 99 0 10633 
3900 13525 13596 443 12961 12064 11773 105 2 10824 
4000 13486 13504 447 12752 11921 11470 118 0 10656 
4100 13534 13575 446 12860 12063 11562 102 0 10756 
4200 13581 13579 473 12811 11927 11573 97 0 10652 
4300 13518 13637 436 12939 12041 11722 92 2 10851 
4400 13552 13645 444 12857 12091 11729 97 1 10823 
4500 13538 13625 455 12926 12042 11743 92 2 10924 
4600 13580 13604 433 12890 12066 11663 97 0 10878 
4700 13532 13656 486 12872 12065 11740 106 0 10835 
4800 13596 13592 435 12862 12013 11696 71 0 10810 
4900 13506 13576 479 12866 12025 11753 89 1 10806 
5000 13601 13639 430 12891 12015 11688 89 3 10859 
5100 13502 13662 443 12856 12039 11653 105 1 10845 
5200 13604 13630 441 12983 12095 11784 92 2 10917 
5300 13599 13643 449 12905 12009 11665 98 0 10786 
5400 13632 13595 418 12962 12016 11797 100 0 10847 
5500 13574 13634 480 12947 12068 11754 104 1 10908 
5600 13548 13630 412 12848 12076 11719 109 1 10885 
5700 13598 13680 428 12910 12121 11839 77 1 10948 
5800 13587 13586 424 12925 12066 11763 95 1 10933 
5900 13561 13637 441 12950 12079 11757 98 0 10876 
6000 13586 13653 413 12944 12051 11768 96 0 10878 
6100 13608 13691 375 13010 12239 11915 82 1 11038 
6200 13633 13641 429 13013 12173 11844 99 1 10978 
6300 13621 13680 430 12942 12168 11877 88 2 11026 
6400 13600 13677 397 12992 12207 11813 83 1 11043 
6500 13634 13596 458 13043 12190 11826 100 4 10973 
6600 13649 13640 425 13016 12191 11884 84 5 11045 
6700 13577 13648 415 13005 12211 11968 97 0 11026 
6800 13615 13676 462 13029 12177 11811 108 0 11016 
6900 13589 13612 395 12854 12066 11750 105 3 10895 
7000 13660 13683 414 12979 12199 11835 92 1 10982 
7100 13649 13738 389 12996 12232 11947 85 0 11108 
7200 13603 13659 412 13004 12164 11803 87 1 10929 
7300 13623 13698 492 12944 12107 11834 82 2 11024 
7400 13649 13692 376 12944 12207 11774 101 5 10993 
7500 13699 13655 386 13032 12245 11858 107 4 11120 
7600 13633 13695 428 12968 12174 11799 117 1 10992 
7700 13680 13684 363 12984 12205 11867 108 0 11053 
7800 13580 13593 403 13002 12098 11885 110 4 10885 
7900 13605 13662 395 12979 12146 11871 88 2 11028 
8000 13652 13677 405 13015 12252 11980 95 0 11108 
8100 13688 13730 423 13055 12215 11852 103 0 11017 
8200 13585 13719 426 12958 12266 11950 104 2 11143 
8300 13719 13656 388 13021 12256 11869 97 2 11106 
8400 13613 13679 386 13001 12238 11907 104 0 11044 
8500 13637 13766 471 13011 12218 11898 107 0 11099 
8600 13669 13690 390 13086 12215 11951 91 1 11067 
8700 13675 13698 393 13056 12207 11907 121 2 11050 
8800 13615 13652 425 13007 12125 11862 96 0 11118 
8900 13658 13694 377 13065 12263 11945 94 0 11102 
9000 13647 13662 418 13028 12212 11920 99 1 11065 
9100 13680 13701 394 13027 12279 11933 106 0 11142 
9200 13666 13771 420 13040 12273 12008 90 1 11126 
9300 13686 13749 410 13020 12255 11870 110 2 11155 
9400 13648 13706 378 13042 12328 11974 85 3 11210 
9500 13612 13717 465 13034 12161 11875 104 2 11072 
9600 13597 13699 400 12995 12303 11901 96 1 11172 
9700 13683 13743 410 13065 12310 11924 87 1 11178 
9800 13657 13733 384 13108 12417 12036 100 0 11301 
9900 13637 13698 407 13049 12222 11857 106 0 11052 
10000 13640 13657 397 13105 12282 11974 86 1 11142 
