# Avida tasks data
# Mon Apr 24 07:20:03 2023
# First column gives the current update, next columns give the number
# of organisms that have the particular task as a component of their merit
#  1: Update
#  2: Not
#  3: Nand
#  4: And
#  5: OrNot
#  6: Or
#  7: AndNot
#  8: Nor
#  9: Xor
# 10: Equals

0 0 0 0 0 0 0 0 0 0 
100 0 0 0 0 0 0 0 0 0 
200 0 0 0 0 0 0 0 0 0 
300 0 0 0 0 0 0 0 0 0 
400 0 0 0 0 0 0 0 0 0 
500 0 0 0 0 0 0 0 0 0 
600 14 13 0 0 0 0 0 0 0 
700 162 73 0 0 0 0 0 0 0 
800 1454 359 0 0 0 0 0 0 0 
900 2799 649 3 44 400 1241 33 0 0 
1000 3984 1403 25 209 1288 2673 156 0 0 
1100 4439 1905 57 356 1655 3145 291 0 0 
1200 4439 1905 57 356 1655 3145 291 0 0 
1300 4437 1905 57 356 1653 3145 291 0 0 
1400 4437 1905 57 356 1653 3145 291 0 0 
1500 4703 2125 63 395 1796 3383 327 0 0 
1600 4843 2419 51 406 1791 3569 356 0 0 
1700 5353 3105 40 429 1611 4084 357 0 0 
1800 5353 3105 40 429 1611 4084 357 0 0 
1900 5351 3105 40 429 1611 4084 357 0 0 
2000 5850 3632 42 450 1412 4613 380 0 0 
2100 6148 4087 38 466 1244 4851 395 0 0 
2200 6238 4309 46 484 1151 4979 403 0 0 
2300 6243 4314 48 480 1153 4984 398 0 0 
2400 6904 5406 36 468 834 5756 396 0 0 
2500 7023 5611 33 476 793 5914 392 0 0 
