# Avida tasks data
# Mon Apr 24 10:25:47 2023
# First column gives the current update, next columns give the number
# of organisms that have the particular task as a component of their merit
#  1: Update
#  2: Not
#  3: Nand
#  4: And
#  5: OrNot
#  6: Or
#  7: AndNot
#  8: Nor
#  9: Xor
# 10: Equals

0 0 0 0 0 0 0 0 0 0 
100 0 0 0 0 0 0 0 0 0 
200 0 0 0 0 0 0 0 0 0 
300 0 0 0 0 0 0 0 0 0 
400 0 0 0 0 0 0 0 0 0 
500 0 0 0 0 0 0 0 0 0 
600 0 0 0 0 0 0 0 0 0 
700 1636 16 0 0 0 0 0 0 0 
800 4148 138 0 3 0 0 0 0 0 
900 7532 2554 0 9 0 0 0 0 0 
1000 9171 5165 6 13 0 0 0 0 0 
1100 10115 6918 9 27 0 440 2 0 0 
1200 10277 7417 14 25 0 3174 6 0 0 
1300 10578 8070 29 39 0 5242 12 0 0 
1400 10965 9086 174 74 0 6933 21 0 0 
1500 11552 10239 369 56 0 8576 19 0 0 
1600 12048 11200 562 80 0 10136 22 0 0 
1700 12461 11974 856 116 2 11279 20 0 0 
1800 12644 12320 1235 978 825 11837 20 0 0 
1900 12761 12562 1078 3209 3028 12157 20 0 0 
2000 12818 12735 829 4835 4651 12352 22 0 0 
2100 12871 12797 558 6343 6047 12449 21 0 0 
2200 12951 12912 329 7633 7227 12526 24 0 0 
2300 12977 13029 209 9031 8621 12685 28 0 0 
2400 13028 13072 87 10050 9631 12697 27 0 0 
2500 13089 13145 54 10897 10436 12799 28 0 0 
2600 13262 13250 42 11511 11065 12877 24 0 0 
2700 13284 13332 55 11905 11402 13036 22 0 0 
2800 13430 13457 56 12123 11584 13160 25 0 0 
2900 13448 13518 56 12360 11814 13198 36 0 0 
3000 13563 13543 56 12587 12106 13283 24 0 0 
3100 13508 13515 63 12552 11975 13285 30 0 0 
3200 13486 13535 68 12442 11932 13259 36 0 0 
3300 13582 13587 53 12438 11966 13258 81 0 0 
3400 13621 13614 25 12411 12105 13314 157 0 0 
3500 13512 13572 42 12193 11959 13253 260 0 0 
3600 13549 13592 46 12084 12015 13274 436 0 0 
3700 13524 13598 47 11731 12049 13343 815 0 0 
3800 13512 13576 45 11525 11994 13284 1294 0 0 
3900 13575 13612 65 11292 12071 13283 2240 0 0 
4000 13436 13496 54 11020 11973 13167 3342 0 0 
4100 13499 13484 67 10757 11979 13220 4062 11 332 
4200 13551 13556 62 10640 12011 13262 4373 15 944 
4300 13469 13597 58 10686 11951 13273 4466 40 1602 
4400 13509 13582 44 10659 11986 13304 4394 28 2190 
4500 13460 13590 65 10733 12050 13346 4338 55 2785 
4600 13521 13536 51 10808 11952 13281 4213 70 3271 
4700 13496 13484 56 10901 11998 13196 3982 87 3887 
4800 13538 13546 44 10820 11969 13258 3865 70 4532 
4900 13512 13548 60 10914 12008 13271 3718 94 5099 
5000 13543 13540 49 11073 12081 13330 3565 114 5690 
5100 13561 13604 55 10995 11985 13295 3408 106 6074 
5200 13509 13545 59 10989 11968 13270 3200 121 6491 
5300 13529 13574 73 11120 11996 13326 2956 109 7007 
5400 13481 13562 51 11020 11963 13321 2698 134 7419 
5500 13526 13547 63 11001 11996 13264 2433 138 7886 
5600 13480 13518 62 11056 11972 13247 2220 121 8110 
5700 13461 13515 80 11051 11901 13191 1960 122 8409 
5800 13539 13530 73 11277 11890 13249 1810 133 8683 
5900 13583 13551 68 11325 11984 13296 1589 164 8975 
6000 13619 13594 70 11451 11992 13268 1356 145 9355 
6100 13614 13635 67 11504 12021 13297 1093 139 9606 
6200 13594 13633 52 11695 12041 13305 925 152 9835 
6300 13619 13556 65 11712 11908 13257 756 181 9826 
6400 13690 13586 78 11748 11978 13255 610 171 10059 
6500 13604 13528 58 11798 12055 13298 484 158 10202 
6600 13597 13580 67 11794 12123 13357 360 161 10429 
6700 13630 13596 43 11817 12053 13312 279 168 10509 
6800 13661 13625 64 11859 12138 13280 210 152 10531 
6900 13627 13557 43 11871 12094 13256 111 165 10666 
7000 13617 13582 58 11898 12078 13317 70 193 10716 
7100 13659 13540 64 11704 11990 13259 41 173 10622 
7200 13604 13582 53 11859 12117 13363 28 186 10771 
7300 13641 13532 71 11700 12007 13271 39 173 10652 
7400 13661 13593 54 11896 12093 13303 32 173 10765 
7500 13666 13622 50 11843 12117 13312 26 156 10793 
7600 13636 13594 72 11838 12122 13319 37 124 10814 
7700 13630 13591 49 11885 12103 13360 29 167 10780 
7800 13567 13572 66 11869 12015 13312 30 163 10705 
7900 13619 13657 37 11834 12121 13375 30 159 10848 
8000 13650 13642 41 11994 12161 13359 28 194 10895 
8100 13595 13565 68 11760 11987 13248 24 180 10590 
8200 13647 13632 49 11955 12091 13323 29 176 10734 
8300 13642 13600 61 11882 12087 13241 25 168 10675 
8400 13636 13629 68 11897 12116 13337 28 176 10678 
8500 13567 13601 70 11884 12008 13298 24 175 10750 
8600 13682 13635 47 11850 12043 13349 21 167 10740 
8700 13680 13666 46 11850 12131 13320 17 159 10685 
8800 13626 13664 54 11898 12062 13398 23 167 10676 
8900 13632 13609 54 11881 12119 13315 25 152 10831 
9000 13600 13598 56 11848 12013 13388 41 160 10650 
9100 13623 13618 57 11917 12153 13323 18 137 10800 
9200 13689 13627 48 11783 12106 13339 17 125 10712 
9300 13658 13694 32 11950 12136 13394 12 170 10843 
9400 13707 13705 60 11989 12211 13427 20 166 10913 
9500 13673 13613 49 11958 12189 13333 27 142 10859 
9600 13569 13571 56 11804 12075 13303 23 150 10682 
9700 13604 13559 53 11807 12060 13301 19 143 10746 
9800 13662 13605 74 11804 12081 13290 31 165 10744 
9900 13676 13605 50 11841 12142 13339 21 148 10859 
10000 13634 13621 50 11925 12109 13339 38 174 10791 
