# Avida tasks data
# Mon Apr 24 09:22:33 2023
# First column gives the current update, next columns give the number
# of organisms that have the particular task as a component of their merit
#  1: Update
#  2: Not
#  3: Nand
#  4: And
#  5: OrNot
#  6: Or
#  7: AndNot
#  8: Nor
#  9: Xor
# 10: Equals

0 0 0 0 0 0 0 0 0 0 
100 0 0 0 0 0 0 0 0 0 
200 0 0 0 0 0 0 0 0 0 
300 0 0 0 0 0 0 0 0 0 
400 0 0 0 0 0 0 0 0 0 
500 0 0 0 0 0 0 0 0 0 
600 0 0 0 0 0 0 0 0 0 
700 2 124 0 0 0 0 0 0 0 
800 21 535 7 1228 0 0 0 0 0 
900 43 519 5 1730 0 0 0 0 0 
1000 65 536 29 2601 1 0 0 0 0 
1100 56 572 51 3941 5 1 0 0 0 
1200 58 624 51 5000 6 1 0 0 0 
1300 64 631 55 6007 4 1 0 0 0 
1400 63 711 78 6405 6 1 0 0 0 
1500 64 673 162 6379 4 1 0 0 0 
1600 70 670 120 6392 4 1 0 0 0 
1700 70 649 89 6434 5 1 0 0 0 
1800 71 649 69 6555 4 1 0 0 0 
1900 80 652 137 7074 5 2 0 0 0 
2000 91 685 224 7508 5 5 0 0 0 
2100 88 703 298 7976 8 3 0 0 0 
