# Avida tasks data
# Mon Apr 24 09:07:35 2023
# First column gives the current update, next columns give the number
# of organisms that have the particular task as a component of their merit
#  1: Update
#  2: Not
#  3: Nand
#  4: And
#  5: OrNot
#  6: Or
#  7: AndNot
#  8: Nor
#  9: Xor
# 10: Equals

0 0 0 0 0 0 0 0 0 0 
100 0 0 0 0 0 0 0 0 0 
200 0 0 0 0 0 0 0 0 0 
300 0 0 0 0 0 0 0 0 0 
400 0 0 0 0 0 0 0 0 0 
500 0 0 0 0 0 0 0 0 0 
600 0 0 0 0 0 0 0 0 0 
700 0 0 0 0 0 0 0 0 0 
800 108 0 0 0 0 0 0 0 0 
900 593 8 0 0 0 0 0 0 0 
1000 1867 89 0 79 0 0 0 0 0 
1100 4145 166 0 2440 4 0 0 0 0 
1200 5737 473 0 4215 89 0 0 0 0 
1300 6598 1832 4 5447 20 8 0 0 0 
1400 7138 3120 2 6300 37 28 0 0 0 
1500 7588 4457 1 6941 325 0 0 0 0 
1600 8024 5579 0 7601 595 0 0 0 0 
1700 8555 6601 1 8168 970 2 0 0 0 
1800 8989 7533 0 8888 1331 2 2 0 0 
1900 9549 8499 2 9498 1720 0 2 0 0 
2000 9886 9234 0 9949 2105 1 2 0 0 
2100 10423 9919 2 10526 2593 0 2 0 0 
2200 10809 10469 71 10989 3131 0 3 0 0 
2300 10836 11060 319 11373 3707 7 2 0 0 
2400 10753 11401 699 11599 4138 6 1 0 0 
2500 10676 11644 1145 11820 4403 15 1 0 0 
2600 11235 11923 1871 12089 4528 21 6 0 0 
2700 11531 12084 2735 12275 4306 70 27 0 0 
2800 11791 12256 3743 12462 4030 60 22 0 0 
2900 12016 12368 4742 12533 3695 87 13 0 0 
3000 12061 12529 5676 12702 3281 112 30 0 0 
3100 12120 12768 6515 12910 2990 121 19 0 0 
3200 12098 12771 7243 12995 2630 141 24 0 0 
3300 12122 12864 7874 12973 2141 140 30 0 0 
3400 12172 12915 8611 13071 1753 147 24 0 0 
3500 12193 13039 9201 13132 1289 158 42 0 0 
3600 12223 13136 9868 13253 891 142 42 0 0 
3700 12144 13070 10316 13133 606 215 35 0 0 
3800 12167 13108 10554 13184 416 250 49 0 0 
3900 12132 13171 10786 13191 284 305 52 0 0 
4000 12214 13154 11003 13149 181 431 37 0 0 
4100 12235 13116 11166 13188 97 528 53 0 0 
4200 12302 13126 11311 13237 53 787 45 0 0 
4300 12233 13021 11324 13136 41 1076 47 0 0 
4400 12305 13091 11367 13092 28 1402 50 0 0 
4500 12269 13055 11570 13151 29 1706 48 0 0 
4600 12176 13046 11358 13132 29 2034 43 0 0 
4700 12152 13078 11318 13071 20 2399 35 0 0 
4800 12201 12977 11493 13069 14 2829 29 0 0 
4900 12225 13052 11387 13179 31 3226 38 0 0 
5000 12334 13151 11566 13128 34 3653 35 0 0 
5100 12284 13088 11614 13120 42 4293 40 0 0 
5200 12172 13047 11445 13126 31 4687 58 0 0 
5300 12276 13113 11577 13173 21 5243 40 0 0 
5400 12209 13056 11485 13126 32 5662 50 0 0 
5500 12312 13173 11650 13241 27 6259 51 0 0 
5600 12277 13238 11740 13333 26 6822 32 0 0 
5700 12326 13168 11750 13171 84 7394 52 1 0 
5800 12258 13153 11811 13242 220 8025 50 0 0 
5900 12308 13246 11842 13326 354 8538 50 0 0 
6000 12340 13236 11950 13334 761 9064 37 0 0 
6100 12443 13356 12031 13424 1289 9566 33 0 0 
6200 12383 13352 12037 13369 1609 9955 31 0 0 
6300 12476 13329 12091 13379 2159 10550 16 0 0 
6400 12460 13413 12199 13472 2720 10938 22 0 0 
6500 12457 13423 12231 13509 3276 11195 13 0 0 
6600 12507 13426 12346 13499 3818 11550 24 0 0 
6700 12509 13387 12333 13363 4389 11721 13 0 0 
6800 12589 13286 12397 13403 4922 11958 27 0 0 
6900 12571 13350 12311 13425 5441 12040 16 0 0 
7000 12553 13351 12465 13426 6017 12264 20 0 0 
7100 12630 13346 12542 13387 6582 12443 15 0 0 
7200 12622 13383 12574 13414 7263 12517 8 0 0 
7300 12696 13367 12521 13393 7654 12498 8 0 0 
7400 12669 13382 12643 13430 8326 12649 8 0 0 
7500 12698 13348 12640 13396 8817 12630 9 0 0 
7600 12645 13362 12653 13370 9340 12653 5 0 0 
7700 12854 13422 12756 13451 9799 12821 14 0 0 
7800 12758 13380 12820 13442 9887 12835 235 0 0 
7900 12615 13327 12770 13422 9946 12741 791 0 0 
8000 12371 13407 12860 13415 9976 12855 1577 0 0 
8100 12374 13398 12821 13422 9821 12863 2404 0 0 
8200 12646 13402 12859 13309 10098 12808 3385 0 0 
8300 12772 13416 12821 13272 10402 12797 4496 0 2 
8400 12864 13415 12885 13197 10740 12924 5580 0 0 
8500 12954 13411 12906 13165 10936 12924 6672 0 0 
8600 12917 13394 12970 12985 11184 13020 7722 0 0 
8700 12909 13333 12926 12866 11336 12945 8633 0 0 
8800 12998 13311 12904 12694 11607 12971 9588 0 0 
8900 13062 13375 12952 12665 11857 12964 10372 0 0 
9000 13053 13344 13007 12634 12110 13048 10984 0 0 
9100 12972 13334 12989 12547 12215 13057 11365 2 0 
9200 12987 13296 12982 12503 12325 13029 11629 0 0 
9300 12952 13271 12961 12481 12293 13030 11670 0 0 
9400 12936 13362 12999 12482 12451 13020 11791 0 0 
9500 13016 13388 13116 12651 12560 13154 11985 0 0 
9600 12985 13287 12875 12409 12369 12938 11732 0 1 
9700 13074 13370 13041 12538 12525 13110 11895 0 0 
9800 13012 13345 12951 12530 12519 13032 11860 0 0 
9900 13103 13307 12960 12454 12480 13025 11859 0 0 
10000 13160 13349 12977 12534 12466 13061 11902 0 0 
