# Avida tasks data
# Mon Apr 24 01:32:43 2023
# First column gives the current update, next columns give the number
# of organisms that have the particular task as a component of their merit
#  1: Update
#  2: Not
#  3: Nand
#  4: And
#  5: OrNot
#  6: Or
#  7: AndNot
#  8: Nor
#  9: Xor
# 10: Equals

0 0 0 0 0 0 0 0 0 0 
100 0 0 0 0 0 0 0 0 0 
200 0 0 0 0 0 0 0 0 0 
300 0 0 0 0 0 0 0 0 0 
400 7 0 0 0 0 0 0 0 0 
500 2 0 0 0 0 0 0 0 0 
600 14 7 0 0 0 0 0 0 0 
700 55 129 0 132 0 0 0 0 0 
800 1025 109 0 1091 973 0 0 0 0 
900 3573 180 0 3411 3271 3 0 0 0 
1000 6126 569 0 5884 5620 7 0 0 0 
1100 8195 1563 0 7734 7339 33 0 0 0 
1200 9639 2867 3 9160 8668 51 0 0 0 
1300 10386 4176 8 9940 9415 45 0 0 0 
1400 10924 5325 6 10446 9951 59 0 0 0 
1500 11252 6179 7 10819 10306 297 2 0 0 
1600 11395 6505 29 11058 10532 1154 12 0 0 
1700 11614 6339 13 11276 10705 2359 24 0 0 
1800 11787 6233 13 11386 10807 3499 29 0 0 
1900 11956 6338 12 11586 11013 4527 52 0 0 
2000 11984 6322 36 11557 10987 5664 62 0 0 
2100 12151 6262 25 11686 11214 6702 89 0 0 
2200 12220 6371 41 11722 11250 7590 188 0 0 
2300 12225 6711 29 11775 11334 8015 436 0 0 
2400 12186 6852 29 11850 11345 8258 919 0 0 
2500 12188 6976 27 11852 11388 8267 1625 0 0 
2600 12249 7470 34 11877 11406 8025 2305 0 0 
2700 12342 8266 38 11940 11559 8327 3827 0 0 
2800 12416 8925 55 12070 11625 9053 4863 0 0 
2900 12450 9476 39 12114 11665 9794 5525 0 0 
3000 12398 9832 58 12188 11708 10517 6429 0 0 
3100 12456 10119 51 12140 11719 11097 7176 2 0 
3200 12525 10399 65 12236 11666 11776 7933 1 0 
3300 12422 10695 83 12203 11630 12183 8583 0 0 
3400 12630 11050 94 12295 11746 12581 9257 0 0 
3500 12568 11264 94 12323 11780 12792 9651 0 0 
3600 12562 11575 77 12419 11824 12781 10241 0 0 
3700 12561 11998 95 12393 11814 12762 10727 0 0 
3800 12471 12310 84 12350 11720 12857 11070 0 0 
3900 12495 12584 73 12398 11847 12836 11189 0 0 
4000 12582 12802 98 12460 11943 12849 11458 0 0 
4100 12639 12924 118 12450 11858 12793 11706 0 0 
4200 12620 13155 91 12428 11914 12842 11884 0 0 
4300 12613 13110 63 12444 11927 12825 11751 0 0 
4400 12692 13274 75 12470 11902 12870 11887 0 0 
4500 12615 13144 74 12420 11742 12892 11877 0 0 
4600 12631 13139 64 12488 11964 12965 11949 0 0 
4700 12652 13202 63 12526 11971 12955 11902 0 0 
4800 12623 13155 61 12386 11827 12830 11848 0 0 
4900 12629 13022 53 12531 11899 12902 11939 0 0 
5000 12654 13146 72 12420 11877 12937 11938 0 0 
5100 12650 13102 88 12446 11870 12930 11876 0 0 
5200 12720 13128 56 12592 11993 12927 11950 0 0 
5300 12594 13093 67 12489 11951 12831 11878 0 0 
5400 12739 13128 65 12556 11996 13007 11929 0 0 
5500 12725 13008 124 12498 12009 12880 11939 0 0 
5600 12740 13076 264 12500 11926 12932 11926 0 0 
5700 12713 13136 686 12566 11958 12990 11998 0 0 
5800 12757 13137 1452 12495 11992 12927 11923 0 0 
5900 12777 13137 2292 12504 12024 12983 12028 0 0 
6000 12746 13132 3408 12627 12035 12994 11993 0 0 
6100 12807 13231 4481 12632 12159 13047 12073 0 0 
6200 12760 13234 5510 12593 12038 12912 12021 0 0 
6300 12821 13319 6737 12591 12023 12981 12052 0 0 
6400 12852 13238 7662 12568 12023 13062 11947 0 0 
6500 12705 13299 8582 12514 11922 13064 11907 0 1 
6600 12854 13401 9625 12640 12086 13080 12011 0 0 
6700 12610 13384 10402 12578 11996 13089 11986 0 0 
6800 12833 13331 10961 12576 12043 13099 12041 0 0 
6900 12797 13416 11725 12445 11906 13094 11960 0 0 
7000 12759 13375 12152 12518 11984 13130 11987 0 0 
7100 12752 13466 12361 12590 12054 13191 12091 0 0 
7200 12714 13408 12628 12573 12027 13035 11950 0 0 
7300 12751 13411 12743 12525 12089 13038 11978 0 0 
7400 12697 13415 12747 12516 11982 13123 11972 0 72 
7500 12714 13476 12937 12542 11935 13111 11930 0 965 
7600 12500 13509 13080 12599 11940 13013 11904 2 2137 
7700 12524 13528 13094 12517 11875 13058 11816 3 3174 
7800 12620 13514 13134 12611 11906 13038 11911 2 4295 
7900 12656 13541 13169 12620 11993 13038 11966 2 5211 
8000 12601 13525 13179 12642 11922 13135 11853 4 6070 
8100 12606 13511 13227 12693 11960 13072 11948 8 7071 
8200 12674 13510 13274 12694 11996 13022 12007 4 7823 
8300 12830 13557 13242 12785 12074 13096 12011 1 8502 
8400 12818 13602 13268 12879 12063 13136 11996 5 9044 
8500 12841 13566 13341 12851 12028 13119 12024 6 9539 
8600 12843 13564 13255 12815 12027 13125 12060 3 9801 
8700 12779 13555 13263 12816 12108 13157 12016 4 10096 
8800 12899 13545 13275 12913 12126 13116 12043 7 10353 
8900 12872 13582 13272 12892 12123 13069 12021 3 10445 
9000 12754 13480 13255 12768 12013 13138 12022 8 10485 
9100 12928 13537 13257 12878 12167 13177 12134 5 10690 
9200 12776 13532 13291 12781 12030 13166 11994 7 10633 
9300 12783 13502 13220 12825 11956 13103 11949 1 10558 
9400 12783 13596 13248 12845 12062 13116 12041 7 10702 
9500 12809 13459 13232 12877 12075 13245 12007 3 10618 
9600 12836 13458 13204 12843 12055 13189 12075 1 10631 
9700 12756 13485 13237 12850 12066 13096 12003 6 10665 
9800 12837 13562 13281 12904 12059 13146 11971 3 10657 
9900 12788 13528 13220 12840 12078 13147 11950 2 10568 
10000 12829 13526 13281 12873 12081 13175 12015 4 10673 
