# Avida tasks data
# Mon Apr 24 01:27:15 2023
# First column gives the current update, next columns give the number
# of organisms that have the particular task as a component of their merit
#  1: Update
#  2: Not
#  3: Nand
#  4: And
#  5: OrNot
#  6: Or
#  7: AndNot
#  8: Nor
#  9: Xor
# 10: Equals

0 0 0 0 0 0 0 0 0 0 
100 0 0 0 0 0 0 0 0 0 
200 0 0 0 0 0 0 0 0 0 
300 0 0 0 0 0 0 0 0 0 
400 0 0 0 0 0 0 0 0 0 
500 0 0 0 0 0 0 0 0 0 
600 8 13 0 0 0 0 0 0 0 
700 174 58 0 0 0 0 0 0 0 
800 653 170 0 30 0 0 0 0 0 
900 1051 164 0 116 0 0 0 0 0 
1000 1812 167 0 857 0 0 0 0 0 
1100 2223 169 0 872 438 0 0 0 0 
1200 2306 166 0 663 728 0 0 0 0 
1300 2548 165 0 472 1139 0 0 0 0 
1400 2907 166 0 334 1669 0 0 0 0 
1500 3177 166 0 898 1948 0 0 0 0 
1600 3281 174 0 1141 2047 0 0 0 0 
1700 3366 171 0 1411 2144 0 0 0 0 
1800 3608 169 0 1804 2384 0 0 0 0 
1900 3857 345 0 2099 2594 1 0 0 0 
2000 3846 1002 0 2093 2594 2 0 0 0 
2100 3982 1516 0 2260 2683 0 0 0 0 
2200 4210 2021 0 2560 2938 0 0 0 0 
2300 4417 2276 0 2761 3106 0 0 0 0 
2400 4806 2670 0 3094 3458 0 0 0 0 
2500 5081 2958 0 3369 3719 0 0 0 0 
2600 5374 3247 0 3624 4004 0 0 0 0 
2700 5651 3510 0 3859 4263 1 0 0 0 
2800 5819 3691 0 4000 4401 1 0 0 0 
2900 6000 3862 0 4190 4588 0 0 0 0 
3000 6257 4128 0 4463 4891 0 0 0 0 
3100 6523 4411 0 4727 5148 0 0 0 0 
3200 6730 4652 0 4917 5346 2 0 0 0 
3300 6963 4929 0 5180 5636 2 0 0 0 
3400 7118 5114 0 5319 5816 4 0 0 0 
3500 7348 5360 0 5552 6034 5 0 0 0 
3600 7711 5725 0 5858 6371 5 0 0 0 
3700 7807 5592 0 5933 6448 5 0 0 0 
3800 7972 5560 0 6102 6628 5 0 0 0 
3900 7956 5638 0 6097 6621 7 0 0 0 
4000 8078 5659 0 6243 6754 8 0 0 0 
4100 8858 5806 0 7068 7523 9 0 0 0 
4200 9522 6692 0 7745 8164 8 0 0 0 
4300 9911 7049 0 8114 8553 8 0 0 0 
4400 10100 7353 0 8413 8848 8 0 0 0 
4500 10244 7657 0 8688 9090 11 0 0 0 
4600 10339 7839 0 8873 9258 13 0 0 0 
4700 10452 8000 0 9029 9379 19 0 0 0 
4800 10597 8233 0 9237 9559 11 0 0 0 
4900 10756 8513 0 9461 9778 11 0 0 0 
5000 10917 8762 0 9645 10005 11 0 0 0 
5100 11035 9002 0 9832 10167 11 0 0 0 
5200 11166 9154 0 9998 10270 11 0 0 0 
5300 11302 9281 0 10145 10409 13 1 0 0 
5400 11422 9388 0 10284 10511 13 10 0 0 
5500 11657 9582 0 10514 10746 17 13 0 0 
5600 12077 9951 0 10930 11102 16 31 0 0 
5700 12455 10320 0 11310 11458 11 33 0 0 
5800 12801 10686 1 11657 11771 13 33 0 0 
5900 12813 10745 1 11697 11779 13 33 0 0 
6000 12812 10762 1 11719 11777 14 35 0 0 
