# Avida tasks data
# Mon Apr 24 03:29:21 2023
# First column gives the current update, next columns give the number
# of organisms that have the particular task as a component of their merit
#  1: Update
#  2: Not
#  3: Nand
#  4: And
#  5: OrNot
#  6: Or
#  7: AndNot
#  8: Nor
#  9: Xor
# 10: Equals

0 0 0 0 0 0 0 0 0 0 
100 0 0 0 0 0 0 0 0 0 
200 0 0 0 0 0 0 0 0 0 
300 0 0 0 0 0 0 0 0 0 
400 0 0 0 0 0 0 0 0 0 
500 0 0 0 0 0 0 0 0 0 
600 4 0 0 0 0 0 0 0 0 
700 6 0 0 0 0 0 0 0 0 
800 11 0 0 0 0 0 0 0 0 
900 57 17 0 0 0 0 0 0 0 
1000 166 170 0 0 0 0 0 0 0 
1100 510 450 0 128 0 0 0 0 0 
1200 1210 459 0 1073 6 0 0 0 0 
1300 2171 808 284 2491 92 79 0 0 0 
1400 2948 2187 760 3658 441 459 0 0 0 
1500 3508 3020 1088 4423 1278 846 33 0 0 
1600 4023 3516 1236 5393 2090 1517 63 0 0 
1700 4359 3836 1569 6135 2484 2143 105 0 0 
1800 4730 4029 2114 6763 2903 2787 68 0 0 
1900 4965 4505 2684 7386 3109 3620 17 0 0 
2000 5407 4734 3043 7905 3398 4270 28 0 0 
2100 5923 5086 3539 8477 3613 4946 68 0 0 
2200 6156 5521 4019 8976 3877 5534 159 0 0 
2300 6578 6023 4250 9463 4446 6058 235 0 0 
2400 6887 6455 4577 9562 5176 6323 394 0 0 
2500 7070 6961 4838 9804 5903 6649 495 0 0 
2600 7488 7250 4967 9847 6365 6938 573 0 0 
2700 7689 7665 5107 9836 6827 7341 680 0 0 
2800 7785 8074 5438 10003 7314 7755 685 0 0 
2900 7787 8295 5533 9926 7582 7938 730 0 0 
3000 7919 8621 5955 10135 7973 8403 790 0 0 
3100 7825 9107 6296 10359 8194 8677 943 0 0 
3200 7554 9656 6325 10622 8589 9082 1356 3 0 
3300 7629 10132 6240 10773 8945 9494 1869 0 0 
3400 7465 10616 5963 10870 9086 9660 2500 51 0 
3500 7502 11014 5702 10871 9361 9766 3158 265 0 
3600 7644 11292 5423 10300 9597 9930 3742 1017 2 
3700 8419 11342 5124 10102 9588 10196 4103 2161 3 
3800 9451 11461 4910 10638 9718 10387 4447 3485 5 
3900 10176 11583 4558 11052 9810 10311 4833 4566 2 
4000 10587 11623 3958 11178 9971 10316 5620 5588 5 
4100 10910 11796 3178 11429 10269 10500 6708 6716 5 
4200 11267 11939 2489 11324 10511 10584 7577 7642 9 
4300 11548 12203 1999 11368 10651 10781 8293 8441 25 
4400 11834 12417 1522 11378 10819 10913 8788 9027 31 
4500 12175 12503 1083 11411 10946 11096 9393 9562 25 
4600 12504 12466 731 11269 10914 11046 9694 9922 42 
4700 12796 12535 472 11360 11137 11200 10111 10309 92 
4800 12828 12629 304 11517 11180 11241 10305 10358 158 
4900 12976 12705 292 11483 11251 11284 10399 10320 362 
5000 12829 12620 259 11385 11117 11112 10210 10042 501 
5100 12907 12583 261 11483 11101 11155 10259 9767 742 
5200 12929 12585 290 11477 11122 11155 10257 9459 1130 
5300 12903 12552 302 11448 11030 11168 10289 9075 1390 
5400 12836 12711 312 11555 11208 11148 10343 8816 1876 
5500 12686 12648 294 11616 11144 11128 10446 8322 2204 
5600 12773 12681 319 11590 11155 11222 10442 7959 2652 
5700 12731 12628 294 11472 11226 11066 10309 7573 3038 
5800 12687 12623 352 11540 11145 11177 10360 7083 3535 
5900 12807 12725 304 11654 11303 11273 10492 6514 4255 
6000 12814 12637 283 11641 11264 11181 10422 6090 4687 
6100 12819 12639 305 11621 11388 11225 10478 5577 5283 
6200 12830 12567 324 11513 11230 11093 10304 4935 5704 
6300 12820 12631 336 11570 11344 11121 10381 4414 6439 
6400 12730 12729 337 11718 11353 11255 10535 3776 7085 
6500 12839 12676 336 11737 11385 11226 10497 3147 7814 
6600 12739 12649 333 11688 11321 11184 10501 2481 8391 
6700 12757 12760 374 11769 11492 11248 10562 2186 8838 
6800 12856 12641 342 11769 11366 11211 10482 1735 9211 
6900 12763 12661 307 11800 11393 11238 10613 1351 9637 
7000 12919 12663 338 11898 11444 11369 10650 1050 9975 
7100 12871 12709 331 11845 11474 11346 10729 993 10213 
7200 12772 12682 327 11775 11454 11228 10636 1355 10403 
7300 12742 12694 321 11890 11518 11339 10683 1780 10627 
7400 12839 12741 307 11928 11548 11368 10708 2301 10731 
7500 12804 12769 338 11946 11592 11388 10709 2781 10908 
7600 12855 12776 332 11988 11616 11450 10773 3273 11038 
7700 12822 12859 321 11979 11682 11542 10860 3718 11118 
7800 12878 12798 335 11977 11586 11370 10775 4119 11025 
7900 12936 12833 334 11962 11617 11403 10767 4543 11070 
8000 12962 12824 286 12037 11731 11496 10864 5013 11264 
8100 12992 12842 292 12082 11755 11612 10960 5545 11326 
8200 13013 12805 298 12068 11786 11546 10892 5944 11332 
8300 12888 12755 329 12020 11641 11477 10748 6228 11114 
8400 12871 12866 297 12120 11744 11563 10900 6737 11258 
8500 12868 12907 307 12072 11776 11580 10906 7156 11338 
8600 12894 12888 309 12188 11748 11611 10958 7606 11342 
8700 12790 12955 316 12199 11819 11550 10946 7961 11352 
8800 12850 12931 291 12211 11889 11619 10995 8336 11427 
8900 12818 12821 309 12136 11748 11531 10965 8672 11333 
9000 12857 12875 273 12171 11801 11538 10960 8853 11330 
9100 12893 12970 304 12153 11829 11626 11014 9143 11428 
9200 12885 12915 335 12199 11750 11598 10934 9344 11369 
9300 12991 12927 273 12289 11889 11628 11061 9571 11471 
9400 12945 12918 330 12189 11756 11596 10910 9553 11312 
9500 12953 12913 277 12226 11776 11675 11072 9831 11412 
9600 12950 12853 327 12167 11759 11567 11003 9880 11318 
9700 13009 12888 337 12225 11792 11624 11010 9996 11316 
9800 12958 12887 291 12209 11918 11720 11101 10197 11440 
9900 13033 12941 293 12286 11916 11691 11011 10181 11521 
10000 13090 12913 296 12178 11833 11621 11086 10326 11385 
