# Avida tasks data
# Mon Apr 24 12:55:03 2023
# First column gives the current update, next columns give the number
# of organisms that have the particular task as a component of their merit
#  1: Update
#  2: Not
#  3: Nand
#  4: And
#  5: OrNot
#  6: Or
#  7: AndNot
#  8: Nor
#  9: Xor
# 10: Equals

0 0 0 0 0 0 0 0 0 0 
100 0 0 0 0 0 0 0 0 0 
200 0 0 0 0 0 0 0 0 0 
300 0 0 0 0 0 0 0 0 0 
400 184 44 0 0 0 0 0 0 0 
500 1051 353 0 8 0 0 0 0 0 
600 2005 960 0 4 0 0 0 0 0 
700 2935 1942 0 2 0 0 0 0 0 
800 4186 3670 0 64 1 0 0 0 0 
900 5160 5105 0 1645 36 0 0 0 0 
1000 5721 5136 0 2797 699 0 0 0 0 
1100 6467 4726 0 3809 1718 0 0 0 0 
1200 7149 4621 0 4739 2562 0 0 0 0 
1300 8089 5182 2 6027 4216 2 0 0 0 
1400 9349 7044 4 7669 5831 5 0 0 0 
1500 10523 8780 1 9175 7309 34 0 0 0 
1600 11558 10464 5 10510 8714 21 0 0 0 
1700 11921 11422 13 11222 9403 29 0 0 0 
1800 12292 12170 6 11694 10116 44 0 0 0 
1900 12390 12811 2 12216 10749 40 0 0 0 
2000 12605 13138 23 12571 11371 39 1 0 0 
2100 12726 13294 24 12851 11658 66 0 0 0 
2200 12877 13286 11 12958 11945 120 2 0 0 
2300 12838 13172 26 13034 11896 229 0 0 0 
2400 12892 13061 16 13145 11992 368 0 0 0 
2500 12844 12920 28 13033 11986 496 2 0 0 
2600 12847 12581 31 12966 11988 759 0 0 0 
2700 12858 12295 25 13133 12032 1055 3 0 0 
2800 12835 11807 60 12939 11968 1482 1 0 0 
2900 12964 11307 76 12855 12099 1934 2 0 0 
3000 13004 10681 89 12740 12107 2635 2 0 0 
3100 12962 10128 82 12288 12032 3704 0 0 0 
3200 12998 10899 111 11772 12113 5078 5 0 0 
3300 13018 11890 159 11514 12105 6199 16 0 0 
3400 12991 12415 176 11352 11945 7036 8 0 0 
3500 12964 12828 148 11272 12002 7803 3 0 0 
3600 12966 13270 218 11205 11883 8529 13 0 0 
3700 13012 13528 210 11234 11917 9327 5 0 0 
3800 13070 13583 214 11248 11948 9971 10 0 0 
3900 13089 13650 213 11285 11984 10533 12 0 0 
4000 13135 13560 188 11364 12038 10786 17 1 0 
4100 13144 13623 230 11553 11986 10999 13 2 0 
4200 13138 13671 231 11571 11976 11130 10 0 0 
4300 13126 13621 283 11636 11990 11113 5 0 0 
4400 13155 13646 280 11619 11906 11013 20 0 0 
4500 13178 13669 273 11883 12034 11281 8 0 0 
4600 13198 13645 289 11789 12009 11212 17 0 0 
4700 13278 13695 280 11763 11978 11178 16 1 0 
4800 13147 13629 495 11686 11927 11142 15 0 0 
4900 13225 13678 1112 11811 12014 11173 9 3 0 
5000 13227 13593 1892 11669 11914 11129 19 0 0 
5100 13224 13670 2807 11704 11953 11189 21 0 0 
5200 13315 13660 3601 11832 12146 11392 37 1 0 
5300 13265 13720 4665 11761 12055 11350 39 0 0 
5400 13397 13727 5665 11836 12132 11485 69 0 0 
5500 13389 13726 6733 11833 12193 11498 53 0 0 
5600 13475 13679 7707 11799 12077 11449 57 0 0 
5700 13383 13732 8459 11632 12022 11384 87 0 0 
5800 13393 13705 9335 11731 12086 11509 87 0 0 
5900 13417 13704 9879 11701 12053 11496 71 0 0 
6000 13421 13735 10418 11685 12102 11491 77 0 0 
6100 13406 13703 10763 11751 12034 11576 73 0 0 
6200 13417 13721 11149 11782 12075 11570 60 0 0 
6300 13439 13725 11356 11772 12110 11550 84 0 0 
6400 13473 13684 11458 11711 12060 11488 48 0 0 
6500 13492 13719 11590 11675 12110 11497 80 0 0 
6600 13439 13750 11700 11776 12054 11555 78 0 0 
6700 13406 13700 11668 11639 12026 11495 54 0 0 
6800 13422 13687 11822 11744 12060 11638 54 0 0 
6900 13439 13737 11838 11780 12110 11585 59 0 0 
7000 13448 13765 11816 11739 12151 11623 82 0 0 
7100 13416 13673 11791 11702 12030 11537 78 0 0 
7200 13463 13714 11836 11781 12121 11613 88 0 0 
7300 13380 13695 11784 11734 12007 11608 49 0 0 
7400 13510 13722 11786 11718 12076 11565 72 0 0 
7500 13415 13706 11815 11787 12081 11626 73 0 0 
7600 13448 13673 11780 11789 12113 11585 70 0 0 
7700 13439 13694 11810 11801 12138 11592 84 0 0 
7800 13416 13740 11885 11842 12123 11589 70 0 0 
7900 13426 13697 11728 11714 12034 11510 82 0 0 
8000 13414 13690 11783 11763 12096 11585 72 0 13 
8100 13404 13677 11699 11676 12016 11587 66 0 54 
8200 13397 13753 11699 11707 11989 11620 61 0 119 
8300 13461 13660 10902 11894 12112 11652 97 0 887 
8400 13450 11978 9106 12065 11947 11569 117 0 2442 
8500 13445 11469 7594 12131 11833 11505 169 0 3821 
8600 13378 11298 6265 12216 11584 11354 179 1 4941 
8700 13387 11352 5137 12377 11632 11418 207 0 6171 
8800 13423 11399 4202 12515 11613 11422 201 0 7003 
8900 13340 11348 3388 12272 11561 11432 234 0 7653 
