# Avida tasks data
# Mon Apr 24 02:33:06 2023
# First column gives the current update, next columns give the number
# of organisms that have the particular task as a component of their merit
#  1: Update
#  2: Not
#  3: Nand
#  4: And
#  5: OrNot
#  6: Or
#  7: AndNot
#  8: Nor
#  9: Xor
# 10: Equals

0 0 0 0 0 0 0 0 0 0 
100 0 0 0 0 0 0 0 0 0 
200 0 0 0 0 0 0 0 0 0 
300 0 0 0 0 0 0 0 0 0 
400 0 0 0 0 0 0 0 0 0 
500 5 0 0 0 0 0 0 0 0 
600 25 0 0 0 0 0 0 0 0 
700 71 12 0 0 0 0 0 0 0 
800 120 131 0 49 0 0 0 0 0 
900 209 428 0 152 0 0 0 0 0 
1000 333 562 5 499 0 0 0 0 0 
1100 603 924 6 1314 5 0 0 0 0 
1200 459 596 6 2745 1550 72 0 0 0 
1300 601 315 1 4054 3196 141 0 0 0 
1400 799 246 2 5513 4686 181 0 0 0 
1500 1493 418 3 6770 5925 280 0 0 0 
1600 2225 618 1 7992 7010 413 0 0 0 
1700 2898 854 11 9070 7993 626 0 0 0 
1800 3497 976 15 10103 8849 840 0 0 0 
1900 4148 1270 10 10701 9317 1035 0 0 0 
2000 4909 1456 17 11247 9678 1209 0 0 0 
2100 5481 1861 20 11550 9945 1309 0 0 0 
2200 5846 2264 19 11820 10102 1393 0 0 0 
2300 6471 2558 31 12096 10324 1450 0 0 0 
2400 6911 2904 47 12173 10330 1526 0 0 0 
2500 7317 3276 66 12102 10125 1627 0 0 0 
2600 7657 3670 131 12159 10080 1786 0 0 0 
2700 7993 4080 189 12303 9910 2010 0 0 0 
2800 8330 4703 325 12140 9572 2156 0 0 0 
2900 8415 5244 783 12341 9489 2416 0 0 0 
3000 8661 6080 1367 12309 9363 2564 0 0 0 
3100 8852 6961 2257 12251 8992 3089 0 0 0 
3200 9045 8007 3462 12295 9035 3646 876 0 0 
3300 9948 8582 4378 12426 9774 3191 2647 0 5 
3400 10632 9045 5329 12545 10704 2414 4345 0 2 
3500 11312 9331 6161 12721 11409 1807 5756 0 5 
3600 11843 9741 7022 12770 11891 1620 6905 0 9 
3700 12131 9944 7884 12827 12099 2859 7984 0 19 
3800 12201 10142 8755 12882 12143 4428 8702 0 33 
3900 12280 10239 9395 12908 12266 5686 9423 0 31 
4000 12417 10331 9901 12924 12187 6965 9856 0 41 
4100 12437 10441 10267 12968 12292 8070 10289 1 31 
4200 12561 10808 10677 12966 12245 9146 10677 2 49 
4300 12510 11121 10844 12955 12191 9991 10770 0 66 
4400 12552 11508 11254 12993 12350 10870 11003 0 67 
4500 12630 11730 11462 12960 12321 11521 11092 0 86 
4600 12667 12074 11605 12979 12299 11612 11006 2 73 
4700 12688 12290 11701 12998 12305 11778 11093 0 57 
4800 12572 12610 11996 12997 12247 11927 11108 0 69 
4900 12623 12845 12137 13000 12398 11964 11208 0 60 
5000 12667 12852 12126 13048 12376 11924 11175 0 71 
5100 12611 12865 12101 13004 12341 11946 11079 0 88 
5200 12633 12963 12168 12998 12338 12016 11174 0 63 
5300 12711 12901 12117 13068 12410 11990 11160 0 72 
5400 12784 12836 12108 13096 12387 12047 11246 0 53 
5500 12852 12956 12119 13041 12376 12091 11077 0 96 
5600 12696 12899 12169 13062 12403 12089 11257 0 53 
5700 12659 12954 12234 13030 12429 12077 11259 0 44 
5800 12770 12937 12148 13107 12459 12086 11330 0 68 
5900 12872 12956 12269 13173 12464 12208 11324 0 64 
6000 12894 12901 12163 13060 12437 12088 11336 6 52 
6100 12797 12828 12082 13141 12508 12071 11396 37 55 
6200 12735 12777 12053 13059 12404 12060 11288 114 52 
6300 12569 12871 11912 13058 12310 12068 11209 268 66 
6400 12266 12957 11818 13073 12380 12212 11233 403 50 
6500 12240 12899 11585 13173 12528 12104 11367 584 59 
6600 12112 12980 11393 13135 12425 12142 11365 845 53 
6700 11898 12905 10874 13093 12513 12059 11308 1222 46 
6800 12045 12960 10622 13131 12455 12123 11279 1544 62 
6900 12291 12872 10127 13099 12373 11975 11331 1878 65 
7000 12375 12913 9347 13078 12469 11970 11313 2655 50 
7100 12444 12767 8570 13075 12353 11881 11116 3310 34 
7200 12523 12789 8004 13108 12356 11782 11172 3862 50 
7300 12479 12817 8074 13091 12390 11726 11226 4570 39 
7400 12626 12821 8541 13022 12348 11757 11137 5365 38 
7500 12548 12831 9023 13004 12368 11687 11100 6168 48 
7600 12557 12849 9411 13014 12342 11533 10930 6813 39 
7700 12671 12825 9653 13021 12341 11512 10977 7651 58 
7800 12655 12920 10110 13053 12307 11495 10794 8350 75 
7900 12662 12975 10426 13024 12316 11500 10756 8868 95 
8000 12569 12859 10602 12999 12229 11307 10707 9282 139 
8100 12404 12808 10694 13021 12235 11299 10608 9747 204 
8200 12340 12880 11106 12907 12136 11384 10539 10178 254 
8300 12304 12820 11330 12897 12198 11396 10552 10534 299 
8400 12309 12908 11549 12947 12280 11440 10625 10784 402 
8500 12030 12858 11552 12902 12188 11331 10428 10862 579 
8600 11874 12830 11581 12955 12233 11324 10466 10851 675 
8700 11587 12972 11787 12988 12192 11463 10619 10990 910 
8800 11306 12867 11554 12933 12182 11336 10441 10866 1022 
8900 11075 12915 11586 12979 12221 11349 10460 10848 1270 
9000 11107 12908 11629 12970 12246 11414 10537 10924 1521 
9100 10975 12923 11688 12964 12230 11458 10543 10937 1768 
9200 11036 12953 11649 13034 12328 11368 10592 10877 2104 
9300 10882 12892 11742 13030 12244 11482 10538 11028 2515 
9400 11023 12848 11636 12916 12192 11406 10354 10916 2790 
9500 11167 12901 11665 12977 12258 11445 10399 10916 3275 
9600 11196 12872 11638 13016 12285 11465 10306 10916 3733 
9700 11225 12833 11736 13003 12222 11421 10401 10972 4237 
9800 11439 12792 11642 13046 12168 11348 10255 10869 4608 
9900 11418 12930 11810 13035 12208 11494 10234 11032 4977 
10000 11511 12940 11784 13068 12278 11403 10174 10960 5491 
