# Avida tasks data
# Mon Apr 24 04:00:45 2023
# First column gives the current update, next columns give the number
# of organisms that have the particular task as a component of their merit
#  1: Update
#  2: Not
#  3: Nand
#  4: And
#  5: OrNot
#  6: Or
#  7: AndNot
#  8: Nor
#  9: Xor
# 10: Equals

0 0 0 0 0 0 0 0 0 0 
100 0 0 0 0 0 0 0 0 0 
200 0 0 0 0 0 0 0 0 0 
300 0 0 0 0 0 0 0 0 0 
400 0 0 0 0 0 0 0 0 0 
500 0 0 0 0 0 0 0 0 0 
600 4 0 0 0 0 0 0 0 0 
700 37 2 0 0 0 0 0 0 0 
800 121 33 0 1 0 0 0 0 0 
900 186 101 0 10 0 0 0 0 0 
1000 471 301 0 94 0 0 0 0 0 
1100 824 964 0 734 0 0 0 0 0 
1200 1955 1311 3 2091 1368 12 0 0 0 
1300 4033 2129 2 3684 3442 161 581 0 0 
1400 5473 2047 1 4874 4759 1848 385 0 0 
1500 6581 2413 1 5762 5802 3379 297 0 0 
1600 7512 3487 1 6638 6778 4602 317 2 0 
1700 8233 4303 1 7374 7549 5606 277 0 0 
1800 8916 5299 123 8004 8209 6482 267 0 0 
1900 9696 6084 447 8555 8790 7369 273 0 0 
2000 10265 7006 992 8957 9207 8139 241 0 0 
2100 10727 7677 1587 9555 9845 8806 275 0 0 
2200 11029 8144 2278 9777 10177 9076 351 0 0 
2300 11394 8651 3047 10187 10568 9605 291 0 0 
2400 11643 9154 3739 10262 10632 9694 351 0 0 
2500 11875 9499 4394 10563 10947 10048 355 0 0 
2600 12021 9811 5200 10730 11109 10279 372 0 0 
2700 12125 10237 5939 10844 11181 10399 362 0 0 
2800 12438 10643 6617 11150 11522 10721 383 0 0 
2900 12551 10922 7170 11159 11678 10804 364 1 0 
3000 12747 11315 7786 11397 11868 11128 348 0 0 
3100 12759 11608 8156 11424 11835 11138 491 1 0 
3200 12856 11820 8410 11541 11905 11326 831 0 0 
3300 12929 11970 8879 11643 11933 11433 1517 0 0 
3400 12971 12114 9089 11621 11935 11438 2393 0 0 
3500 12937 12199 9270 11643 11940 11434 3252 0 0 
3600 12814 12469 9417 11641 11923 11426 4075 0 0 
3700 12743 12610 9711 11707 11842 11433 5033 6 0 
3800 12751 12727 9901 11731 11974 11503 5931 29 0 
3900 12716 12891 10024 11705 11946 11524 6593 93 1 
4000 12637 12994 10080 11763 11913 11509 7224 217 0 
4100 12584 13090 10072 11779 11969 11526 7882 409 0 
4200 12649 13232 10078 11946 12012 11677 8401 576 116 
4300 12610 13308 9594 11925 12015 11647 8733 398 955 
4400 12710 13245 8655 11985 12098 11699 9032 183 2166 
4500 12665 13271 7561 12025 12120 11626 9403 108 3279 
4600 12814 13230 6732 12092 12162 11648 9776 115 4236 
4700 12788 13292 6080 12110 12205 11729 10034 1053 4921 
4800 12803 13407 5623 12070 12199 11755 10426 2065 5456 
4900 12898 13465 5076 12234 12327 11956 10903 3217 6253 
5000 12926 13526 4580 12235 12329 12005 11059 4045 6735 
5100 12957 13548 4104 12335 12372 12024 11247 4808 7202 
5200 12972 13586 3544 12392 12438 12114 11496 5754 7854 
5300 13104 13567 3115 12404 12425 12074 11638 6595 8432 
5400 13171 13620 3227 12483 12456 12152 11749 7219 8818 
5500 13212 13590 3534 12482 12368 12116 11858 7650 9074 
5600 13333 13618 3957 12525 12477 12224 12008 8276 9426 
5700 13401 13691 4483 12624 12520 12262 12151 8817 9682 
5800 13455 13736 4996 12740 12629 12339 12308 9337 10010 
5900 13522 13751 5487 12850 12706 12424 12420 9829 10342 
6000 13510 13704 6029 12771 12631 12393 12371 9966 10368 
6100 13513 13669 6657 12804 12733 12450 12348 10270 10549 
6200 13609 13662 7186 12838 12709 12460 12359 10491 10674 
6300 13682 13655 7851 12933 12809 12513 12486 10642 10814 
6400 13736 13690 8467 12999 12799 12526 12477 10864 11023 
6500 13686 13703 9084 13003 12850 12612 12545 10992 11047 
6600 13689 13653 9549 13139 12953 12681 12604 11212 11218 
6700 13724 13712 10072 13198 12965 12729 12674 11305 11351 
6800 13716 13646 10381 13125 12963 12690 12586 11381 11318 
6900 13760 13656 10748 13203 13002 12726 12644 11447 11412 
7000 13816 13627 11019 13262 13042 12751 12728 11471 11471 
7100 13756 13746 11329 13334 13176 12905 12815 11804 11733 
7200 13748 13729 11449 13262 13126 12837 12773 11763 11721 
7300 13772 13726 11636 13299 13130 12803 12747 11744 11713 
7400 13761 13749 11798 13291 13085 12799 12790 11753 11736 
7500 13842 13728 12025 13312 13181 12879 12782 11748 11696 
7600 13877 13738 12194 13360 13180 12837 12801 11805 11768 
7700 13846 13738 12318 13312 13128 12876 12829 11777 11770 
7800 13814 13713 12372 13356 13187 12849 12824 11766 11749 
7900 13891 13709 12424 13309 13131 12843 12790 11846 11798 
8000 13883 13721 12445 13419 13279 12999 12901 11903 11876 
8100 13899 13734 12471 13393 13216 12888 12849 11806 11811 
8200 13878 13735 12493 13341 13200 12921 12838 11855 11803 
8300 13817 13736 12466 13363 13166 12862 12864 11819 11847 
8400 13847 13737 12473 13374 13185 12915 12834 11818 11801 
8500 13825 13796 12603 13436 13253 12935 12941 11917 11925 
8600 13829 13794 12528 13382 13248 12863 12805 11895 11843 
8700 13863 13738 12616 13361 13259 12917 12890 11883 11848 
8800 13853 13679 12564 13311 13179 12914 12872 11927 11889 
8900 13885 13668 12489 13351 13215 12875 12841 11956 11879 
9000 13893 13741 12587 13345 13210 12915 12887 11924 11906 
9100 13849 13688 12510 13344 13171 12828 12820 11864 11874 
9200 13872 13716 12514 13351 13242 12942 12856 11851 11789 
9300 13878 13763 12637 13364 13247 12930 12844 11905 11862 
9400 13830 13728 12567 13329 13251 12898 12861 11956 11914 
9500 13848 13699 12509 13295 13139 12885 12847 11887 11865 
9600 13849 13722 12507 13343 13242 12890 12898 11916 11881 
9700 13888 13747 12579 13346 13267 12953 12918 11931 11865 
9800 13866 13738 12594 13403 13278 12922 12923 11974 11978 
9900 13810 13729 12441 13304 13187 12896 12906 11959 11926 
10000 13848 13757 12553 13384 13265 12956 12931 11947 11973 
