# Avida tasks data
# Mon Apr 24 10:13:45 2023
# First column gives the current update, next columns give the number
# of organisms that have the particular task as a component of their merit
#  1: Update
#  2: Not
#  3: Nand
#  4: And
#  5: OrNot
#  6: Or
#  7: AndNot
#  8: Nor
#  9: Xor
# 10: Equals

0 0 0 0 0 0 0 0 0 0 
100 0 0 0 0 0 0 0 0 0 
200 0 0 0 0 0 0 0 0 0 
300 0 0 0 0 0 0 0 0 0 
400 0 0 0 0 0 0 0 0 0 
500 0 0 0 0 0 0 0 0 0 
600 1 1 0 0 0 0 0 0 0 
700 743 363 0 0 0 0 0 0 0 
800 2939 2565 7 53 0 79 0 0 0 
900 4908 4146 12 117 0 1410 2 0 0 
1000 5744 4676 17 169 6 3196 4 0 0 
1100 5943 4850 20 207 1 3304 3 0 0 
1200 5966 4847 245 210 1 3031 3 0 0 
1300 6231 5179 282 227 1 2889 3 0 0 
1400 6615 5641 274 233 0 2724 3 0 0 
1500 7044 6103 225 258 6 2629 3 0 0 
1600 7314 6419 203 238 4 2552 3 0 0 
1700 7655 6813 172 248 4 2470 3 0 0 
1800 7954 7127 161 271 5 2403 4 0 0 
1900 8228 7388 150 261 3 2336 3 0 0 
2000 8487 7677 118 291 6 2293 3 0 0 
2100 8662 7938 103 296 5 2249 3 0 0 
2200 8848 8118 82 295 5 2216 3 0 0 
2300 9069 8363 77 290 2 2185 3 0 0 
2400 9279 8555 73 301 6 2157 3 0 0 
2500 9429 8699 67 294 11 2121 3 0 0 
2600 9592 8866 66 289 10 2069 3 0 0 
2700 9726 9024 62 316 9 2027 3 0 0 
2800 9876 9165 57 326 8 1984 3 0 0 
2900 9963 9298 52 316 5 1942 3 0 0 
3000 10060 9383 46 327 4 1891 3 0 0 
3100 10060 9385 55 323 4 1888 3 0 0 
3200 10083 9427 50 320 4 1888 3 0 0 
3300 10124 9449 57 320 4 1886 3 0 0 
3400 10134 9478 52 332 4 1876 3 0 0 
3500 10134 9526 51 325 4 1839 2 0 0 
3600 10164 9521 52 328 4 1819 2 0 0 
3700 10179 9577 51 324 4 1818 2 0 0 
3800 10253 9691 49 324 4 1818 2 0 0 
3900 10350 9836 52 321 4 1820 2 0 0 
4000 10352 9901 49 307 4 1818 2 0 0 
4100 10390 9940 50 330 4 1818 2 0 0 
4200 10397 9929 54 325 4 1816 2 0 0 
4300 10412 9965 50 317 4 1816 2 0 0 
4400 10419 9939 50 324 4 1816 2 0 0 
4500 10417 9989 51 323 4 1815 2 0 0 
4600 10459 10005 53 323 4 1815 2 0 0 
4700 10491 10028 49 322 4 1815 2 0 0 
4800 10524 10091 47 315 4 1811 2 0 0 
4900 10543 10195 50 314 4 1805 2 0 0 
5000 10605 10229 47 308 4 1794 2 0 0 
5100 10697 10350 48 315 4 1789 2 0 0 
5200 10741 10386 51 321 4 1776 4 0 0 
5300 10777 10468 47 323 4 1764 2 0 0 
5400 10779 10470 45 327 4 1764 2 0 0 
5500 10790 10436 46 318 4 1764 2 0 0 
5600 10795 10428 44 313 4 1765 2 0 0 
5700 10835 10478 45 308 2 1763 2 0 0 
5800 10821 10456 49 312 2 1761 2 0 0 
5900 10835 10443 45 323 2 1759 1 0 0 
6000 10849 10469 45 307 2 1754 1 0 0 
6100 10853 10476 44 311 2 1737 1 0 0 
6200 10833 10474 52 301 2 1726 1 0 0 
6300 10868 10496 49 298 4 1723 1 0 0 
6400 10900 10461 46 305 3 1716 1 0 0 
6500 10846 10427 43 315 3 1701 1 0 0 
6600 10856 10429 41 309 3 1678 1 0 0 
6700 10852 10386 35 301 4 1653 1 0 0 
6800 10926 10450 37 295 4 1631 1 0 0 
6900 10939 10489 32 296 5 1612 1 0 0 
7000 10891 10483 31 293 3 1587 1 0 0 
7100 10884 10437 27 314 3 1575 1 0 0 
7200 10891 10505 27 279 2 1557 1 0 0 
7300 10915 10474 24 282 2 1520 1 0 0 
7400 10936 10473 23 305 1 1460 1 0 0 
7500 11018 10495 27 293 4 1381 1 0 0 
7600 11230 10657 25 288 3 1348 1 0 0 
7700 11339 10789 25 284 3 1339 1 0 0 
7800 11499 10966 27 279 3 1326 1 0 0 
7900 11570 11040 24 286 3 1297 1 0 0 
8000 11629 11110 26 263 3 1244 1 0 0 
8100 11699 11214 23 260 3 1187 1 0 0 
8200 11747 11240 23 267 3 1131 1 0 0 
8300 11721 11242 23 268 3 1122 1 0 0 
8400 11723 11250 21 284 3 1122 1 0 0 
8500 11737 11254 23 275 3 1122 1 0 0 
8600 11709 11244 23 280 3 1122 1 0 0 
8700 11724 11265 23 276 3 1120 1 0 0 
8800 11733 11257 25 282 3 1115 1 0 0 
8900 11687 11237 22 284 4 1105 1 0 0 
9000 11731 11262 25 278 3 1070 1 0 0 
9100 11707 11256 23 274 3 1053 1 0 0 
9200 11717 11267 22 290 3 1029 1 0 0 
9300 11704 11224 23 300 3 984 1 0 0 
9400 11702 11250 25 281 3 910 1 0 0 
9500 11677 11233 25 311 3 846 1 0 0 
9600 11694 11270 25 297 3 794 1 0 0 
9700 11685 11272 26 285 3 765 1 0 0 
9800 11699 11284 33 281 3 764 1 0 0 
9900 11713 11282 27 284 3 764 1 0 0 
10000 11685 11322 28 261 3 764 1 0 0 
