# Avida tasks data
# Mon Apr 24 05:01:36 2023
# First column gives the current update, next columns give the number
# of organisms that have the particular task as a component of their merit
#  1: Update
#  2: Not
#  3: Nand
#  4: And
#  5: OrNot
#  6: Or
#  7: AndNot
#  8: Nor
#  9: Xor
# 10: Equals

0 0 0 0 0 0 0 0 0 0 
100 0 0 0 0 0 0 0 0 0 
200 0 0 0 0 0 0 0 0 0 
300 0 0 0 0 0 0 0 0 0 
400 0 0 0 0 0 0 0 0 0 
500 0 0 0 0 0 0 0 0 0 
600 0 0 0 0 0 0 0 0 0 
700 8 3 0 0 0 0 0 0 0 
800 35 19 0 0 0 0 0 0 0 
900 105 89 0 0 0 0 0 0 0 
1000 235 178 0 375 0 0 0 0 0 
1100 372 482 0 1313 0 0 0 0 0 
1200 1098 882 0 1803 17 0 0 0 0 
1300 1589 1469 0 2321 95 0 0 0 0 
1400 1959 1858 0 2648 117 0 0 0 0 
1500 2034 1948 0 2784 190 0 0 0 0 
1600 2264 2170 0 2902 104 0 0 0 0 
1700 2472 2383 0 3068 64 0 0 0 0 
1800 2581 2460 0 3149 60 0 0 0 0 
1900 2582 2478 0 3156 94 0 0 0 0 
2000 2555 2503 0 3199 75 0 0 0 0 
2100 2677 2571 7 3346 90 0 0 0 0 
2200 2811 2721 0 3522 92 0 0 0 0 
2300 2918 2781 0 3610 107 0 0 0 0 
2400 2996 2908 2 3688 77 0 0 0 0 
2500 2714 2934 2 3696 181 0 0 0 0 
2600 2848 2926 2 3708 119 0 0 0 0 
2700 3016 2981 2 3759 77 0 0 0 0 
2800 3019 3028 8 3792 69 0 0 0 0 
2900 3011 3048 27 3804 58 0 0 0 0 
3000 3028 3077 33 3831 77 0 0 0 0 
3100 3071 3164 10 3947 105 0 0 0 0 
3200 3184 3317 6 4094 122 0 0 0 0 
3300 3331 3465 2 4244 126 0 0 0 0 
3400 3511 3691 2 4478 144 0 0 0 0 
3500 3348 3823 2 4602 118 0 0 0 0 
3600 2876 3861 4 4626 71 0 0 0 0 
3700 2562 3852 2 4605 70 0 0 0 0 
3800 2311 3877 3 4625 61 0 0 0 0 
3900 2111 3892 3 4643 50 0 0 0 0 
4000 1963 3991 2 4732 54 0 0 0 0 
4100 1894 4136 2 4854 50 0 0 0 0 
4200 1863 4238 2 4938 48 0 0 0 0 
4300 1820 4382 8 5048 46 0 0 0 0 
4400 1746 4509 13 5128 41 0 0 0 0 
4500 1718 4656 19 5220 31 2 0 0 0 
4600 1678 4790 16 5321 27 0 0 0 0 
4700 1633 4914 17 5413 28 0 0 0 0 
4800 1594 5066 19 5528 26 0 0 0 0 
4900 1576 5144 24 5585 23 0 0 0 0 
5000 1636 5137 18 5576 23 9 0 0 0 
5100 1602 5456 128 5631 31 8 0 0 0 
5200 1591 5652 149 5694 30 13 0 0 0 
5300 1577 5807 179 5811 32 12 0 0 0 
5400 1582 5857 183 5862 33 14 0 0 0 
5500 1588 5903 172 5903 31 18 0 0 0 
5600 1589 5980 145 5965 37 21 0 0 0 
5700 1589 6062 106 6018 30 18 0 0 0 
5800 1602 6141 74 6065 29 32 0 0 0 
5900 1610 6210 39 6114 39 29 0 0 0 
6000 1594 6268 29 6179 35 24 0 0 0 
6100 1602 6347 26 6268 42 25 0 0 0 
6200 1610 6416 19 6343 44 27 0 0 0 
6300 1601 6503 20 6434 42 26 0 0 0 
6400 1594 6630 22 6569 38 34 0 0 0 
6500 1820 6704 19 6646 38 22 0 0 0 
6600 2357 7023 19 6967 457 16 0 0 0 
6700 2641 7238 16 7192 859 16 0 0 0 
6800 2884 7439 7 7410 1175 17 0 0 0 
6900 3104 7586 2 7563 1421 16 0 0 0 
7000 3328 7743 2 7741 1685 16 0 0 0 
7100 3538 7901 6 7900 1930 16 0 0 0 
7200 3793 8093 5 8099 2194 20 0 0 0 
7300 4035 8313 7 8331 2387 21 0 0 0 
7400 4406 8731 7 8742 2772 20 0 0 0 
7500 4576 8918 7 8923 2949 19 0 0 0 
7600 4738 9109 6 9110 3134 18 0 0 0 
7700 4900 9292 6 9292 3294 18 0 0 0 
7800 5044 9418 5 9423 3421 17 0 0 0 
7900 5185 9576 3 9590 3573 16 0 0 0 
8000 5323 9698 2 9728 3686 16 1 0 0 
8100 5442 9867 2 9890 3813 17 0 0 0 
8200 5553 9990 2 10026 3974 16 1 0 0 
8300 5726 10189 2 10228 4131 16 2 0 0 
8400 5861 10333 2 10405 4263 17 0 0 0 
8500 5975 10494 2 10574 4466 16 1 0 0 
8600 6055 10578 2 10679 4566 16 3 0 0 
8700 6172 10751 2 10830 4711 18 0 0 0 
8800 6225 10839 2 10923 4814 17 0 0 0 
8900 6343 10929 3 11031 4909 20 0 0 0 
9000 6406 11014 2 11115 5003 21 0 0 0 
9100 6492 11082 2 11202 5124 17 2 0 0 
9200 6532 11152 2 11294 5205 17 1 0 0 
9300 6677 11318 2 11431 5406 21 2 0 0 
9400 6794 11432 2 11565 5584 19 2 0 0 
9500 6887 11510 2 11640 5650 20 1 0 0 
9600 6951 11609 2 11741 5804 23 0 0 0 
9700 7096 11684 4 11848 5953 23 0 0 0 
9800 7131 11669 3 11886 5935 22 0 0 0 
9900 7200 11770 2 11983 6109 21 3 0 0 
10000 7353 11908 2 12099 6292 20 1 0 0 
