# Avida tasks data
# Mon Apr 24 06:49:40 2023
# First column gives the current update, next columns give the number
# of organisms that have the particular task as a component of their merit
#  1: Update
#  2: Not
#  3: Nand
#  4: And
#  5: OrNot
#  6: Or
#  7: AndNot
#  8: Nor
#  9: Xor
# 10: Equals

0 0 0 0 0 0 0 0 0 0 
100 0 0 0 0 0 0 0 0 0 
200 0 0 0 0 0 0 0 0 0 
300 0 0 0 0 0 0 0 0 0 
400 0 0 0 0 0 0 0 0 0 
500 0 0 0 0 0 0 0 0 0 
600 0 0 0 0 0 0 0 0 0 
700 2 67 0 0 0 0 0 0 0 
800 21 375 0 2 0 0 0 0 0 
900 1007 1005 0 58 254 270 41 0 0 
1000 3176 226 0 296 2818 2717 162 0 0 
1100 5790 669 0 968 4882 4739 666 0 0 
1200 7422 2013 2 1320 6089 5226 1881 0 0 
1300 8195 3612 8 1242 6723 4593 3329 0 0 
1400 9092 5010 2 1244 7425 4062 4697 0 0 
1500 9812 6137 4 1034 8005 3472 5879 0 0 
1600 10416 7264 7 875 8643 2959 6960 0 0 
1700 10997 8322 1 805 9104 2403 8070 0 0 
1800 11455 9290 5 710 9471 1832 8912 0 0 
1900 11773 9902 3 633 9947 1547 9506 0 0 
2000 12068 10471 3 637 10300 1164 10020 0 0 
2100 12260 10686 1 603 10437 951 10243 0 0 
2200 12421 11065 2 579 10750 713 10617 0 0 
2300 12417 11187 0 591 10627 492 10697 0 0 
2400 12546 11527 0 565 10920 301 11022 0 0 
2500 12639 11745 0 558 10949 119 11270 0 0 
2600 12664 11979 0 494 11034 34 11455 0 0 
2700 12620 11893 0 565 10948 23 11320 0 0 
2800 12677 12052 0 502 11104 30 11486 0 0 
2900 12685 11934 0 553 10988 26 11367 1 0 
3000 12633 11898 0 562 10920 40 11338 0 0 
3100 12763 11948 0 528 11054 42 11448 0 0 
3200 12625 11849 0 556 10990 34 11388 0 0 
3300 12694 11907 5 549 11017 444 11418 0 0 
3400 12762 11920 10 522 11008 1889 11417 0 0 
3500 12659 11892 7 526 11038 3557 11328 0 0 
3600 12764 11934 18 492 11106 5207 11335 1 0 
3700 12745 11868 31 550 11013 6577 11187 0 0 
3800 12798 11880 40 542 11010 7860 11205 0 0 
3900 12857 11944 40 515 11251 9008 11381 0 0 
4000 12818 11882 37 610 11145 10062 11273 0 0 
4100 12813 11858 36 770 11197 10909 11262 0 0 
4200 12934 12028 40 794 11342 11490 11419 0 0 
4300 12725 11810 41 1009 11140 11867 11242 0 0 
4400 12825 11917 48 1117 11221 12105 11241 0 0 
4500 12828 11954 43 1374 11299 12501 11342 0 0 
4600 12907 11914 40 1675 11208 12729 11229 0 0 
4700 12824 11908 37 2087 11222 12850 11285 0 0 
4800 12826 11932 42 2540 11180 12868 11187 0 0 
4900 12912 11805 38 3013 11115 12980 11178 0 0 
5000 12850 11908 28 3564 11240 13159 11244 0 0 
5100 12811 11861 36 4081 11137 13064 11173 0 0 
5200 12870 11983 26 4509 11290 13039 11327 0 0 
5300 12883 12121 22 5004 11336 13077 11345 0 0 
5400 12934 11914 22 5645 11211 13104 11240 0 0 
5500 12824 11929 21 6130 11132 13049 11190 0 0 
5600 12871 12010 16 6732 11261 13150 11301 0 1 
5700 12933 12002 19 7208 11322 13152 11338 0 0 
5800 13074 12065 27 7977 11370 13094 11400 0 0 
5900 12936 12011 18 8544 11276 13009 11345 0 0 
6000 13002 12051 21 8978 11289 13063 11327 0 2 
6100 12929 12063 21 9461 11283 13098 11296 0 0 
6200 12962 12077 23 9964 11294 13059 11278 0 0 
6300 12952 12026 20 10233 11285 13100 11275 0 0 
6400 12942 12135 25 10585 11326 13012 11347 0 0 
6500 12959 12053 22 10807 11221 12986 11278 0 0 
6600 13017 12063 34 11146 11263 13027 11303 0 0 
6700 13009 12167 21 11249 11338 13034 11377 0 0 
6800 12861 12143 15 11432 11346 13071 11385 0 0 
6900 12983 12159 34 11562 11282 13098 11353 0 0 
7000 12998 12233 32 11713 11373 12977 11423 0 0 
7100 13025 12099 24 11625 11323 13100 11370 0 0 
7200 12961 12085 20 11746 11320 13040 11350 0 0 
7300 12965 12155 18 11774 11378 13117 11411 0 0 
7400 12937 12139 22 11753 11313 13062 11361 0 0 
7500 12953 12148 25 11816 11347 13103 11401 0 0 
7600 13043 12178 17 11740 11392 13143 11411 0 0 
7700 12938 12051 33 11696 11243 13113 11319 0 0 
7800 13011 12107 24 11736 11348 13099 11343 0 0 
7900 13006 12187 25 11733 11323 13140 11394 0 0 
8000 13000 12140 31 11758 11335 13170 11390 0 0 
8100 13010 12191 20 11847 11407 13152 11472 0 0 
8200 13005 12236 18 11865 11497 13139 11509 0 2 
8300 12960 12185 22 11753 11447 13103 11481 0 0 
8400 12975 12052 30 11759 11289 13088 11354 0 0 
8500 12976 12221 26 11925 11477 13190 11507 0 0 
8600 12977 12238 15 11912 11407 13182 11424 0 0 
8700 12952 12173 27 11706 11359 13276 11427 0 0 
8800 13064 12305 24 11888 11438 13072 11496 0 0 
8900 13102 12324 16 11952 11512 13234 11548 0 0 
9000 13038 12283 13 11928 11518 13340 11583 0 0 
9100 13026 12348 18 11973 11580 13213 11612 0 0 
9200 12958 12160 19 11854 11438 13221 11436 0 0 
9300 13022 12188 19 11895 11486 13243 11489 0 0 
9400 12990 12159 25 11846 11424 13263 11459 0 0 
9500 13073 12264 16 11904 11531 13227 11546 0 0 
9600 13066 12351 14 11990 11556 13358 11645 0 0 
9700 13060 12344 19 12092 11696 13319 11696 0 0 
9800 13129 12284 24 11965 11570 13328 11605 0 0 
9900 13010 12176 31 11866 11454 13275 11486 0 0 
10000 13001 12387 22 12044 11608 13333 11657 0 0 
