# Avida tasks data
# Mon Apr 24 07:36:32 2023
# First column gives the current update, next columns give the number
# of organisms that have the particular task as a component of their merit
#  1: Update
#  2: Not
#  3: Nand
#  4: And
#  5: OrNot
#  6: Or
#  7: AndNot
#  8: Nor
#  9: Xor
# 10: Equals

0 0 0 0 0 0 0 0 0 0 
100 0 0 0 0 0 0 0 0 0 
200 0 0 0 0 0 0 0 0 0 
300 0 0 0 0 0 0 0 0 0 
400 0 0 0 0 0 0 0 0 0 
500 0 4 0 0 0 0 0 0 0 
600 0 160 0 6 0 0 0 0 0 
700 24 649 7 15 0 724 0 0 0 
800 2818 3697 48 49 1 3444 2 0 0 
900 5485 6057 93 105 0 5652 0 0 0 
1000 7709 8210 105 221 4 7580 5 0 0 
1100 9456 9873 114 824 1600 9081 3 0 0 
1200 10285 10515 116 837 3987 9560 2081 0 0 
1300 11268 11192 122 812 6111 10188 4294 0 0 
1400 12049 11880 135 861 7650 10791 5880 0 0 
1500 12726 12443 125 945 9073 11310 7376 0 0 
1600 13004 12485 111 1115 10021 11275 8357 0 0 
1700 13132 12652 107 1490 10701 11434 9277 5 0 
1800 13148 12625 116 1913 11300 11284 10098 9 0 
1900 13146 12759 100 2611 11619 11457 10589 1 0 
2000 13189 12702 111 3496 12022 11507 11057 0 0 
2100 13205 12742 98 4465 12216 11492 11505 0 0 
2200 13170 12752 92 5641 12378 11498 11682 5 0 
2300 13168 12760 105 6648 12552 11498 11810 2 0 
2400 13271 12791 155 7477 12702 11549 11947 5 0 
2500 13291 12815 356 8458 12602 11605 11957 2 0 
2600 13256 12856 603 9398 12608 11543 11944 4 0 
2700 13256 12759 884 10326 12681 11516 12010 1 0 
2800 13309 12806 1291 10924 12673 11569 12029 4 0 
2900 13292 12890 1637 11475 12714 11575 12037 6 0 
3000 13153 12770 1938 11820 12625 11437 11955 8 0 
3100 13264 12803 2372 12142 12672 11670 12049 3 0 
3200 13269 12864 2826 12336 12742 11672 11991 10 0 
3300 13250 12872 3393 12560 12608 11725 12010 4 0 
3400 13279 12900 3938 12616 12636 11783 12044 4 0 
3500 13113 12932 4452 12835 12629 11752 11918 7 0 
3600 13214 12942 5275 12976 12658 11902 12024 7 0 
3700 13288 12960 5714 13022 12766 11815 12088 3 0 
3800 13217 13009 6359 13020 12669 11895 12067 7 0 
3900 13170 12965 6904 13105 12712 11866 12015 3 0 
4000 13176 13028 7603 13013 12703 11923 11975 4 0 
4100 13133 12978 8079 13072 12672 11823 11969 1 0 
4200 13151 12886 8592 13135 12772 11798 12050 0 0 
4300 13072 13017 9161 13199 12633 11945 11935 0 0 
4400 13170 13077 9709 13187 12710 12028 12029 0 0 
4500 13011 13038 10083 13205 12655 12009 11903 0 0 
4600 13114 12985 10461 13172 12741 11955 11937 0 0 
4700 13097 13005 10797 13226 12746 11953 11935 0 0 
4800 13049 13107 10962 13228 12644 12133 11856 0 0 
4900 13052 12986 11128 13186 12709 11996 11903 0 0 
5000 13065 13077 11388 13157 12714 12108 11960 0 0 
5100 13065 13049 11445 13162 12693 12106 11966 0 0 
5200 13092 12990 11491 13124 12677 12006 11953 0 0 
5300 13081 13096 11690 13198 12680 12180 11925 0 0 
5400 13075 13046 11595 13172 12721 12128 11881 0 0 
5500 13146 13152 11768 13229 12798 12215 12068 0 0 
5600 13035 13084 11729 13287 12673 12230 11873 0 0 
5700 13130 13150 11973 13275 12778 12262 12092 0 0 
5800 13078 13096 11799 13231 12748 12226 11971 0 0 
5900 13033 13176 11772 13128 12706 12349 11946 0 0 
6000 13068 13017 11703 13201 12699 12177 11938 0 0 
6100 13072 13065 10717 13249 12693 11659 11946 0 1010 
6200 13090 13096 8837 13287 12663 12107 11958 2 2672 
6300 13127 13051 7255 13238 12713 12230 11985 4 4153 
6400 13121 13072 5669 13105 12753 12224 12027 3 5586 
6500 13103 13063 4194 13157 12679 12205 11963 8 6879 
6600 13241 13124 3072 13185 12791 12277 12085 9 8000 
6700 13194 13082 2167 13171 12649 12266 11957 4 8696 
6800 13298 13169 1425 13227 12806 12375 12133 2 9564 
6900 13280 13122 885 13168 12820 12329 12197 12 10037 
7000 13235 13151 590 13212 12764 12335 12105 3 10281 
7100 13196 13222 439 13263 12711 12375 12049 5 10334 
7200 13196 13222 439 13263 12711 12375 12049 5 10334 
7300 13196 13222 439 13263 12710 12375 12048 5 10333 
7400 13196 13222 439 13262 12709 12374 12047 5 10332 
7500 13324 13201 351 13326 12853 12460 12235 9 10647 
7600 13274 13124 195 13236 12766 12260 12087 8 10488 
7700 13284 13090 159 13017 12781 12147 12031 7 10509 
