# Avida tasks data
# Mon Apr 24 13:29:15 2023
# First column gives the current update, next columns give the number
# of organisms that have the particular task as a component of their merit
#  1: Update
#  2: Not
#  3: Nand
#  4: And
#  5: OrNot
#  6: Or
#  7: AndNot
#  8: Nor
#  9: Xor
# 10: Equals

0 0 0 0 0 0 0 0 0 0 
100 0 0 0 0 0 0 0 0 0 
200 0 0 0 0 0 0 0 0 0 
300 0 0 0 0 0 0 0 0 0 
400 0 0 0 0 0 0 0 0 0 
500 0 0 0 0 0 0 0 0 0 
600 478 23 0 0 0 0 0 0 0 
700 2370 389 0 1178 0 0 0 0 0 
800 5057 839 3 3497 0 3 0 0 0 
900 7999 1250 3 5949 4 0 0 0 0 
1000 10274 2008 1218 8575 6 4 0 0 0 
1100 11491 3706 3263 10265 8 25 0 0 0 
1200 12145 5385 4849 11082 8 37 0 0 0 
1300 12757 7028 6499 11784 9 33 0 0 0 
1400 13016 8261 7685 12272 18 54 0 0 0 
1500 13175 9297 8667 12553 26 113 12 0 0 
1600 13386 10000 9369 12797 79 179 237 0 0 
1700 13367 10389 9713 12826 119 334 639 0 0 
1800 13427 10778 10204 12832 147 440 1352 3 0 
1900 13469 11125 10557 12898 199 523 2011 0 0 
2000 13455 11476 10893 12967 148 631 2905 0 0 
2100 13377 11523 11074 12914 113 667 3669 0 0 
2200 13445 11853 11425 13066 100 635 4546 0 0 
