# Avida tasks data
# Mon Apr 24 04:32:12 2023
# First column gives the current update, next columns give the number
# of organisms that have the particular task as a component of their merit
#  1: Update
#  2: Not
#  3: Nand
#  4: And
#  5: OrNot
#  6: Or
#  7: AndNot
#  8: Nor
#  9: Xor
# 10: Equals

0 0 0 0 0 0 0 0 0 0 
100 0 0 0 0 0 0 0 0 0 
200 0 0 0 0 0 0 0 0 0 
300 0 0 0 0 0 0 0 0 0 
400 0 0 0 0 0 0 0 0 0 
500 0 0 0 0 0 0 0 0 0 
600 0 0 0 0 0 0 0 0 0 
700 30 0 0 0 0 0 0 0 0 
800 108 0 0 0 0 0 0 0 0 
900 249 11 0 0 0 0 0 0 0 
1000 462 464 0 611 0 0 0 0 0 
1100 1069 1782 1 1938 0 16 0 0 0 
1200 2589 2979 7 3549 2 3 3 0 991 
1300 3828 4457 2344 4713 3 173 5 0 2544 
1400 5293 5648 3834 5773 11 794 15 3 3994 
1500 6068 6367 4721 6618 23 1961 10 1 4885 
1600 6861 7323 5551 7368 31 3398 19 3 5728 
1700 7681 8375 6411 8298 25 4691 12 1 6633 
1800 8427 9412 7193 9086 37 5871 29 8 7254 
1900 9266 10454 8047 9958 38 7286 15 47 8104 
2000 9857 11133 8620 10566 51 8160 30 292 8714 
2100 10287 11665 8851 10944 54 8434 46 778 8981 
2200 9977 11993 9016 11206 353 8175 572 1554 9318 
2300 8891 12105 8911 11195 439 7098 1906 2511 9359 
2400 9095 12153 8700 11118 301 6194 3051 3346 9422 
2500 9424 12225 8745 11206 241 5272 4400 4349 9569 
2600 9587 12172 8427 11080 143 4461 5325 4977 9509 
2700 9760 12355 8497 11250 90 3558 6414 5885 9742 
2800 10080 12453 8412 11195 119 2967 7195 6563 9839 
2900 10504 12520 8451 11336 348 2445 8013 7281 10053 
3000 10998 12719 8587 11350 766 2126 8427 7790 10200 
3100 11413 12816 8586 11408 1313 1866 8823 8042 10269 
3200 11681 12893 8681 11525 1988 1777 9010 8312 10365 
3300 11923 12916 8705 11580 2594 1581 9329 8600 10518 
3400 12137 12964 8730 11613 3389 1467 9500 8730 10575 
3500 12192 13096 8705 11573 3997 1364 9633 8808 10558 
3600 12239 13058 8702 11563 4640 1289 9757 8898 10542 
3700 12270 13119 8707 11678 5325 1215 9881 9057 10587 
3800 12411 13119 8657 11682 5808 1217 10047 9185 10625 
3900 12618 13168 8716 11718 6375 1144 10140 9295 10608 
4000 12681 13247 8777 11764 6895 1026 10313 9433 10672 
4100 12795 13174 8677 11730 7408 938 10350 9427 10666 
4200 12833 13224 8894 11908 7904 878 10561 9665 10775 
4300 12778 13276 8789 11765 8069 948 10488 9617 10707 
4400 12859 13309 8906 11840 8580 881 10541 9721 10785 
4500 12966 13284 8821 11727 8797 790 10570 9672 10692 
4600 13038 13307 8869 11807 9055 745 10548 9597 10748 
4700 13030 13287 8929 11823 9261 767 10588 9697 10740 
4800 12922 13326 8884 11800 9352 785 10617 9657 10754 
4900 12804 13334 8960 11889 9512 961 10747 9734 10854 
5000 12833 13299 8985 11916 9483 1132 10608 9769 10805 
5100 12992 13271 8929 11865 9568 1337 10693 9772 10854 
5200 13070 13332 8926 11832 9617 1726 10615 9740 10757 
5300 13069 13171 8992 11825 9639 2151 10669 9734 10744 
5400 13047 13211 8859 11911 9550 2555 10661 9702 10843 
5500 13013 13134 8895 11843 9480 3024 10601 9673 10728 
5600 13000 13227 8939 11802 9620 3582 10671 9810 10774 
5700 13007 13326 8824 11808 9505 4157 10587 9622 10699 
5800 13025 13324 8740 11773 9372 4608 10517 9619 10652 
5900 13077 13314 8732 11767 9393 5062 10509 9595 10643 
6000 13004 13321 8741 11711 9422 5458 10528 9619 10639 
6100 13101 13372 8785 11827 9535 6025 10610 9642 10692 
6200 13082 13300 8813 11697 9500 6455 10612 9706 10654 
6300 13141 13278 8767 11858 9555 6935 10649 9648 10664 
6400 13106 13238 8683 11706 9378 7248 10501 9498 10556 
6500 13061 13295 8824 11790 9522 7722 10621 9694 10646 
6600 13058 13291 8838 11760 9609 8125 10592 9668 10613 
6700 12973 13328 8721 11712 9513 8179 10556 9562 10560 
6800 12940 13300 8668 11722 9540 8366 10563 9543 10561 
6900 13055 13282 8878 11778 9670 8703 10685 9718 10701 
7000 13029 13298 8785 11767 9541 8707 10566 9577 10603 
7100 13129 13354 8799 11793 9580 8690 10656 9741 10710 
7200 12983 13308 8838 11819 9605 8880 10681 9666 10705 
7300 13059 13280 8784 11818 9571 8904 10670 9630 10631 
7400 13087 13366 8803 11794 9518 8862 10618 9636 10643 
7500 13106 13301 8872 11748 9648 9099 10654 9679 10682 
7600 13033 13337 8830 11778 9634 9146 10617 9755 10641 
7700 13098 13344 8776 11757 9591 8996 10644 9672 10609 
7800 13164 13354 9045 11922 9783 9100 10779 9847 10797 
7900 13080 13259 8957 11861 9711 9070 10697 9706 10684 
8000 13138 13361 9043 11909 9702 9268 10779 9866 10833 
8100 13131 13388 9012 11849 9806 9095 10827 9829 10823 
8200 13125 13448 9003 11851 9806 9179 10782 9836 10843 
8300 13099 13256 8996 11761 9797 9091 10746 9760 10704 
8400 13087 13346 9073 12002 9801 9155 10790 9885 10833 
8500 13180 13267 9136 11883 9792 9163 10768 9885 10836 
8600 13095 13382 9035 11873 9784 9139 10820 9911 10844 
8700 13188 13425 9212 11944 9956 9253 10951 10044 10976 
8800 13083 13502 9347 12082 10028 9362 11013 10158 11082 
8900 13065 13327 9195 11962 9886 9316 10920 10058 11006 
9000 13048 13303 9282 11882 9894 9287 10924 10109 10929 
9100 13052 13437 9385 12000 10061 9367 11025 10179 11040 
9200 12990 13386 9479 12070 10118 9507 11122 10323 11165 
9300 13012 13330 9481 12049 10025 9376 10973 10175 11048 
9400 12897 13357 9305 12074 9970 9357 11091 10152 11087 
9500 13027 13369 9277 12000 9987 9303 11028 10135 11021 
9600 13173 13329 9457 12006 10073 9408 11094 10283 11119 
9700 13195 13378 9609 12136 10187 9522 11137 10418 11186 
9800 13167 13481 9639 12090 10296 9703 11177 10396 11232 
9900 13090 13510 9592 12068 10195 9605 11169 10381 11227 
10000 13075 13508 9657 12139 10370 9658 11291 10476 11303 
