# Avida tasks data
# Mon Apr 24 10:06:49 2023
# First column gives the current update, next columns give the number
# of organisms that have the particular task as a component of their merit
#  1: Update
#  2: Not
#  3: Nand
#  4: And
#  5: OrNot
#  6: Or
#  7: AndNot
#  8: Nor
#  9: Xor
# 10: Equals

0 0 0 0 0 0 0 0 0 0 
100 0 0 0 0 0 0 0 0 0 
200 0 0 0 0 0 0 0 0 0 
300 0 0 0 0 0 0 0 0 0 
400 0 0 0 0 0 0 0 0 0 
500 0 0 0 0 0 0 0 0 0 
600 0 101 0 0 0 0 0 0 0 
700 32 827 0 4 0 0 0 0 0 
800 733 1699 0 26 0 0 0 0 0 
900 2670 3426 0 69 0 0 0 0 0 
1000 4967 5751 0 544 0 0 0 0 0 
1100 7138 8155 0 1812 7 0 0 0 0 
1200 9110 10105 1 3054 3 0 0 0 0 
1300 10205 11373 11 3678 4 0 737 0 0 
1400 10883 12079 19 3218 12 0 2332 0 0 
1500 11313 12318 13 2952 14 1 3612 0 0 
1600 11616 12507 17 2930 7 3 4766 0 0 
1700 11695 12786 22 3536 6 5 5658 0 0 
1800 11782 12896 20 4204 5 6 6605 0 0 
1900 11914 12939 28 4716 3 1 7410 0 0 
2000 12045 12996 26 5191 1 2 8168 0 0 
2100 12042 13152 19 5818 0 1 9006 0 0 
2200 11984 13176 21 6513 2 2 9641 0 0 
2300 12151 13187 18 7193 35 3 10125 0 0 
2400 12263 13164 5 7950 140 5 10651 2 0 
2500 12392 13218 9 8549 637 84 11114 0 0 
2600 12397 13228 16 8688 1173 590 11395 0 0 
2700 12452 13297 27 8922 2162 2095 11641 0 0 
2800 12507 13256 47 9078 3264 3678 11658 0 0 
2900 12545 13232 82 9327 4389 5139 11656 0 0 
3000 12756 13245 162 9462 5471 6296 11761 0 0 
3100 12775 13256 150 9903 6456 7626 11951 0 0 
3200 12773 13218 197 10204 7368 8553 12048 0 0 
3300 12849 13332 296 10418 8199 9421 12321 0 0 
3400 12940 13332 372 10743 8858 10146 12404 5 0 
3500 12989 13348 488 11070 9458 10641 12580 16 0 
3600 12873 13352 740 11101 9792 10826 12575 13 0 
3700 12949 13288 971 11447 10265 11081 12579 8 0 
3800 12923 13333 1175 11715 10548 11105 12588 19 1 
3900 12914 13298 1479 11806 10886 11160 12553 21 3 
4000 12906 13240 1768 11793 11090 11209 12444 28 14 
4100 12889 13334 2010 11781 11283 11147 12564 18 25 
4200 12965 13310 2196 11890 11535 11295 12508 29 35 
4300 12938 13348 2534 11953 11561 11154 12512 34 30 
4400 12885 13369 2810 12096 11570 11157 12487 31 46 
4500 12897 13321 3270 12102 11594 11174 12498 18 61 
4600 13016 13309 3688 12178 11754 11329 12396 125 136 
4700 12970 13243 2126 12185 11212 10786 10972 1990 1966 
4800 12878 13241 1688 11868 10333 9922 10273 2846 3079 
4900 13040 13254 1632 11274 9848 9457 9925 2604 3259 
5000 12979 13248 1633 11191 9688 9293 9804 3119 3326 
5100 13008 13227 1635 10926 9533 9141 9730 3192 3275 
5200 12390 12915 1635 10779 9417 9024 9633 3202 3282 
