# Avida tasks data
# Mon Apr 24 02:56:18 2023
# First column gives the current update, next columns give the number
# of organisms that have the particular task as a component of their merit
#  1: Update
#  2: Not
#  3: Nand
#  4: And
#  5: OrNot
#  6: Or
#  7: AndNot
#  8: Nor
#  9: Xor
# 10: Equals

0 0 0 0 0 0 0 0 0 0 
100 0 0 0 0 0 0 0 0 0 
200 0 0 0 0 0 0 0 0 0 
300 0 0 0 0 0 0 0 0 0 
400 0 0 0 0 0 0 0 0 0 
500 0 0 0 0 0 0 0 0 0 
600 0 11 0 0 0 0 0 0 0 
700 17 39 0 0 0 0 0 0 0 
800 233 106 0 0 0 0 0 0 0 
900 816 211 0 0 0 0 0 0 0 
1000 1250 381 0 3 0 0 0 0 0 
1100 1753 576 0 2 0 0 0 0 0 
1200 2023 1188 0 510 233 0 0 0 0 
1300 2023 529 0 2534 2619 0 0 0 0 
1400 2765 394 0 4026 4215 20 0 0 0 
1500 3517 561 6 5294 5648 294 0 0 0 
1600 4791 747 15 6829 7058 625 1650 0 0 
1700 5860 1233 16 7929 7905 605 3401 0 0 
1800 7025 2452 32 8886 8781 524 4959 0 0 
1900 8119 3935 35 9734 9514 433 6222 0 0 
2000 9118 5003 52 10506 10225 364 7451 0 0 
2100 10104 6010 60 11071 10780 574 8484 0 0 
2200 10627 6259 53 11398 11039 1300 9056 0 0 
2300 10847 6028 81 11582 11222 2352 9442 0 0 
2400 10977 6556 56 11751 11436 3457 9757 0 0 
2500 11204 7566 74 12021 11650 4576 10134 0 0 
2600 11551 8872 72 12283 11925 5746 10494 0 0 
2700 12007 9865 77 12580 12284 6947 10938 0 0 
2800 12327 10625 86 12699 12342 7919 11185 0 0 
2900 12455 11159 81 12832 12468 8864 11353 0 0 
3000 12671 11621 129 12851 12454 9530 11473 0 0 
3100 12770 12092 126 12911 12524 10454 11664 0 0 
3200 12817 12354 100 12853 12458 11244 11737 0 0 
3300 12951 12693 108 12850 12590 11826 11831 0 0 
3400 12842 12938 97 12835 12522 12368 11906 0 0 
3500 12969 12981 128 12937 12543 12629 12036 0 0 
3600 12941 13128 104 12939 12574 12867 12035 0 0 
3700 12968 13150 126 12844 12530 12910 12030 0 0 
3800 13052 13168 92 12995 12640 12968 12159 0 0 
3900 12863 13252 106 12828 12504 13045 11930 0 0 
4000 12935 13261 93 12918 12559 13066 11993 0 0 
4100 12988 13167 119 12944 12674 13027 12247 0 0 
4200 12917 13110 114 12870 12553 12996 11959 0 0 
4300 12985 13032 98 12976 12596 13023 12057 0 0 
4400 13027 13149 99 12932 12616 13068 12176 0 0 
4500 13028 13111 105 13009 12623 13017 12114 0 0 
4600 13029 13141 84 12857 12616 13102 12019 0 0 
4700 13000 13020 94 12927 12632 13009 12125 0 0 
4800 12976 13135 93 12982 12623 13051 12093 0 1 
4900 12963 13050 116 12837 12495 12947 12001 0 0 
5000 13080 13127 109 12822 12524 13079 12022 0 0 
5100 13034 13184 100 12883 12606 13053 12075 0 0 
5200 13008 13139 80 12915 12657 12978 12088 0 0 
5300 13013 13161 116 13012 12716 13108 12160 0 0 
5400 13023 13167 101 12850 12595 13083 12051 0 1 
5500 13066 13099 116 12932 12617 13086 12029 0 0 
5600 12984 13061 119 12919 12563 13042 12020 0 0 
5700 13022 13118 108 12885 12595 13095 12100 0 0 
5800 12967 13142 90 12824 12519 13113 11979 0 0 
5900 13012 13148 94 12819 12523 13102 11988 0 0 
6000 13028 13071 96 12815 12544 13059 12016 0 0 
6100 12960 13169 117 12789 12566 13103 12064 0 0 
6200 13108 13063 105 12871 12644 13027 12098 0 0 
6300 12968 13050 107 12865 12623 13062 12073 0 0 
6400 13014 13031 139 12831 12613 13089 12063 0 0 
6500 12977 13033 117 12814 12490 12941 12011 0 0 
6600 13026 13105 127 12854 12595 13050 12080 0 0 
6700 13052 13166 116 12928 12694 13111 12188 0 0 
6800 13006 13104 118 12898 12603 13068 12068 0 0 
6900 12997 12985 97 12823 12540 12976 12050 0 0 
7000 13013 13073 109 12873 12509 13037 11995 0 0 
7100 13000 13040 136 12903 12538 13005 12030 0 0 
7200 13089 13148 106 12946 12661 13200 12123 0 0 
7300 13041 13134 108 12896 12625 13090 12115 0 0 
7400 13015 13151 129 12828 12646 13021 12088 0 0 
7500 13068 13136 106 12853 12625 13055 12143 0 0 
7600 13082 13238 119 12919 12671 13171 12106 0 0 
7700 13024 13215 180 12834 12560 13083 12098 0 0 
7800 13001 13156 114 12881 12570 13030 12126 0 0 
7900 13055 13207 153 12786 12530 13003 12012 0 0 
8000 13009 13281 112 12877 12613 13076 12061 0 0 
8100 13169 13223 107 12875 12592 13029 12056 0 0 
8200 13045 13087 127 12866 12571 13067 12032 0 0 
8300 13141 13207 143 12942 12682 13044 12203 0 0 
8400 13024 13211 75 12914 12695 13165 12219 0 0 
8500 13005 13197 139 12877 12619 13098 12103 0 0 
8600 12978 13242 149 12932 12616 13063 12115 0 0 
8700 12958 13201 123 12902 12638 13071 12123 0 0 
8800 12982 13186 149 12885 12637 13120 12151 0 0 
8900 13059 13176 124 12922 12651 13099 12215 0 1 
9000 12996 13282 104 12848 12546 13154 12106 0 0 
9100 13040 13244 149 12893 12671 13088 12167 0 0 
9200 12925 13258 116 12813 12645 13158 12059 0 0 
9300 13052 13333 120 12807 12625 13108 12168 0 0 
9400 13025 13269 140 12821 12563 13021 12083 0 0 
9500 13002 13324 111 12856 12582 13064 12133 0 0 
9600 13037 13278 136 12846 12643 13102 12121 0 0 
9700 13063 13240 131 12790 12588 13096 12119 0 0 
9800 12997 13298 141 12813 12622 13069 12136 0 0 
9900 13099 13335 122 12826 12619 13118 12165 0 0 
10000 12952 13404 120 12928 12670 13131 12179 0 0 
