# Avida tasks data
# Mon Apr 24 08:52:38 2023
# First column gives the current update, next columns give the number
# of organisms that have the particular task as a component of their merit
#  1: Update
#  2: Not
#  3: Nand
#  4: And
#  5: OrNot
#  6: Or
#  7: AndNot
#  8: Nor
#  9: Xor
# 10: Equals

0 0 0 0 0 0 0 0 0 0 
100 0 0 0 0 0 0 0 0 0 
200 0 0 0 0 0 0 0 0 0 
300 0 0 0 0 0 0 0 0 0 
400 317 34 0 168 0 0 0 0 0 
500 886 1038 0 1064 0 0 0 0 0 
600 1653 1931 27 1919 23 0 0 0 0 
700 3153 3615 865 3603 22 13 0 0 0 
800 5075 5692 2219 5703 464 320 3 0 0 
900 5598 6268 2175 6295 1086 768 1 0 0 
1000 6093 6707 1895 6744 1799 1345 2 0 0 
1100 6419 7070 1655 7123 2442 1882 4 0 4 
1200 6414 7070 1655 7123 2442 1884 4 0 4 
1300 6551 7213 1564 7269 2719 1955 3 0 84 
1400 6697 7386 1499 7445 2955 2014 7 0 192 
1500 6964 7662 1402 7720 3346 2136 7 0 422 
1600 7434 8113 1265 8184 3956 2165 16 0 857 
1700 7432 8113 1265 8184 3956 2164 16 0 857 
1800 7433 8113 1265 8184 3956 2165 16 0 857 
1900 7432 8112 1266 8183 3954 2163 16 0 857 
2000 7433 8112 1265 8183 3957 2165 16 0 857 
2100 7433 8112 1265 8183 3957 2165 16 0 857 
2200 7432 8112 1267 8183 3955 2162 16 0 857 
2300 7432 8112 1267 8183 3955 2162 16 0 857 
2400 7432 8112 1267 8183 3954 2162 16 0 857 
2500 7916 8630 1141 8726 4756 2157 4 0 1389 
2600 8347 9070 1051 9174 5226 2097 14 0 1792 
2700 9518 10246 770 10376 6918 2062 15 2 2938 
2800 10588 11343 699 11482 8145 1865 19 0 3456 
2900 10897 11645 698 11785 8558 1814 10 1 3598 
3000 11125 11897 661 12042 8889 1787 8 0 3615 
3100 11190 12009 657 12144 9049 1763 8 2 3525 
3200 11189 12008 657 12143 9048 1763 8 2 3525 
3300 11188 12007 657 12144 9049 1763 8 2 3525 
