# Avida tasks data
# Tue Apr 25 00:10:56 2023
# First column gives the current update, next columns give the number
# of organisms that have the particular task as a component of their merit
#  1: Update
#  2: Not
#  3: Nand
#  4: And
#  5: OrNot
#  6: Or
#  7: AndNot
#  8: Nor
#  9: Xor
# 10: Equals

0 0 0 0 0 0 0 0 0 0 
100 0 0 0 0 0 0 0 0 0 
200 0 0 0 0 0 0 0 0 0 
300 0 0 0 0 0 0 0 0 0 
400 0 0 0 0 0 0 0 0 0 
500 0 0 0 0 0 0 0 0 0 
600 0 7 0 0 0 0 0 0 0 
700 14 59 0 0 0 0 0 0 0 
800 59 143 0 34 0 0 0 0 0 
900 174 365 0 162 0 0 0 0 0 
1000 554 650 0 525 0 0 0 0 0 
1100 1082 999 0 1246 47 0 0 0 0 
1200 1490 1610 0 2367 1079 0 0 0 0 
1300 1442 1790 1 3545 2102 1 963 0 0 
1400 1645 1467 2 4404 3033 37 2792 0 0 
1500 2615 1501 17 5730 4372 38 4188 0 0 
1600 3717 1415 8 6860 5541 48 5253 0 0 
1700 4690 1260 18 7938 6662 82 6314 0 0 
1800 5767 1028 21 8920 7671 55 7311 0 0 
1900 6461 822 26 9806 8407 91 7970 0 0 
2000 7175 680 19 10752 9388 66 8948 0 0 
2100 7839 593 32 11390 9977 73 9571 0 0 
2200 8490 655 34 11938 10432 83 9940 0 0 
2300 9110 568 32 12291 10761 80 10262 0 0 
2400 9569 555 35 12467 10990 92 10460 0 0 
2500 9968 563 36 12813 11292 128 10780 0 0 
2600 10405 557 45 13078 11533 113 11035 0 0 
2700 10734 549 29 13115 11597 668 10976 0 0 
2800 11012 548 40 13195 11688 1672 11115 0 0 
2900 11084 516 39 13167 11658 2825 11072 0 0 
3000 11251 548 43 13133 11604 3982 11060 0 0 
3100 11462 532 39 13155 11642 5189 11090 0 0 
3200 11595 511 32 13159 11629 6219 11051 0 0 
3300 11633 517 39 13179 11550 7233 10983 0 0 
3400 11777 498 38 13136 11627 8171 10969 0 0 
3500 11900 558 52 13161 11628 8947 10962 0 0 
3600 11913 511 38 13075 11510 9570 10886 0 0 
3700 12112 549 35 13153 11657 10130 11049 0 0 
3800 11928 535 47 13092 11481 10454 10877 0 0 
3900 11834 534 39 13030 11484 10746 10841 0 0 
4000 11907 652 41 12992 11417 11041 10749 0 0 
4100 11978 574 32 13156 11614 11336 10949 0 0 
4200 11971 704 37 13165 11610 11487 11010 0 0 
4300 11999 841 43 13064 11582 11449 10994 0 0 
4400 11944 955 43 13121 11596 11590 10941 0 0 
4500 12016 1150 39 13078 11544 11482 10983 0 0 
4600 11919 1424 41 13107 11520 11540 11069 0 0 
4700 12022 1716 38 13123 11578 11587 11045 0 0 
4800 11997 2119 28 13029 11486 11474 11009 0 0 
4900 12126 2514 39 13106 11537 11647 11048 0 0 
5000 12133 2901 38 13127 11627 11568 11085 0 0 
5100 12092 3306 39 13114 11500 11524 11000 0 0 
5200 12114 3769 28 13081 11533 11564 11017 0 0 
5300 12008 4101 39 13149 11569 11671 11098 0 0 
5400 12005 4627 37 13062 11525 11499 10994 0 0 
5500 11886 5104 40 13012 11374 11346 10920 0 0 
5600 11945 5648 42 13056 11440 11466 10956 0 0 
5700 12103 6243 37 13079 11511 11503 11083 0 0 
5800 11988 6779 39 13165 11572 11576 11017 0 0 
5900 12078 7089 41 13162 11687 11675 11232 0 0 
6000 12039 7551 37 13164 11614 11668 11165 0 0 
6100 11984 8070 39 13127 11558 11665 11043 0 0 
6200 12101 8444 47 13046 11537 11426 11079 0 0 
6300 12019 8890 43 13157 11527 11480 11051 0 0 
6400 12067 9170 45 13152 11663 11662 11092 0 0 
6500 12057 9315 46 13177 11697 11599 11199 0 0 
6600 12082 9735 31 13196 11570 11605 11062 0 0 
6700 12030 10165 43 13153 11611 11572 11055 0 0 
6800 12056 10568 44 13152 11547 11564 11075 0 0 
6900 12060 10774 53 13021 11467 11412 11055 0 0 
7000 12052 11081 42 13126 11636 11619 11178 0 0 
7100 12011 11406 52 13088 11493 11540 11069 0 0 
7200 11984 11648 50 13137 11535 11595 10989 0 0 
7300 11964 11940 53 13057 11494 11462 10976 0 0 
7400 11941 12050 50 13076 11501 11522 10973 0 0 
7500 12024 12262 57 13157 11589 11600 11131 0 0 
7600 11927 12338 51 13138 11370 11557 10925 0 0 
7700 12034 12411 43 13072 11572 11490 11099 0 0 
7800 12031 12510 61 13154 11566 11572 11145 0 0 
7900 12022 12505 52 13104 11574 11538 11086 0 0 
8000 12106 12543 42 13054 11536 11442 11085 0 0 
8100 11959 12621 58 13048 11484 11479 11007 0 0 
8200 12049 12494 67 13077 11551 11494 11090 0 0 
8300 12041 12583 36 13061 11528 11526 11045 0 0 
8400 12168 12470 50 13071 11584 11587 11160 0 0 
8500 12154 12413 46 13133 11614 11590 11152 0 0 
8600 12132 12444 51 13108 11596 11635 11125 0 0 
8700 12073 12542 37 13104 11534 11502 11058 0 0 
8800 12073 12640 45 13198 11625 11723 11094 0 0 
8900 12145 12622 66 13149 11572 11615 11161 0 0 
9000 12137 12574 90 13170 11655 11683 11214 0 0 
9100 12169 12521 144 13073 11563 11520 11108 0 0 
9200 12186 12487 184 13083 11539 11520 11101 0 0 
9300 12170 12336 252 13166 11641 11628 11194 0 0 
9400 12170 12168 448 13183 11583 11610 11136 0 0 
9500 12100 11978 603 13124 11583 11603 11157 0 0 
9600 12087 11795 844 13223 11681 11662 11246 0 0 
9700 12059 11432 1062 13186 11590 11652 11115 0 0 
9800 12225 11274 1382 13179 11712 11735 11243 0 0 
9900 12158 10989 1698 13145 11777 11683 11247 0 0 
10000 12166 10682 2109 13144 11658 11659 11293 0 0 
