# Avida tasks data
# Tue Apr 25 05:28:52 2023
# First column gives the current update, next columns give the number
# of organisms that have the particular task as a component of their merit
#  1: Update
#  2: Not
#  3: Nand
#  4: And
#  5: OrNot
#  6: Or
#  7: AndNot
#  8: Nor
#  9: Xor
# 10: Equals

0 0 0 0 0 0 0 0 0 0 
100 0 0 0 0 0 0 0 0 0 
200 0 0 0 0 0 0 0 0 0 
300 0 0 0 0 0 0 0 0 0 
400 0 0 0 0 0 0 0 0 0 
500 0 0 0 0 0 0 0 0 0 
600 0 0 0 0 0 0 0 0 0 
700 4 754 0 0 0 0 0 0 0 
800 890 1776 0 873 11 0 0 0 0 
900 3151 3513 0 3126 31 0 0 0 0 
1000 5998 6046 15 5972 84 0 0 0 0 
1100 8557 8472 9 8559 209 0 0 0 0 
1200 9738 9621 0 9696 459 25 0 0 0 
1300 10545 10441 1 10576 903 194 11 0 0 
1400 11159 11186 2 11265 1357 398 40 0 0 
1500 11553 11657 1 11776 1755 704 90 0 0 
1600 11872 12094 0 12203 2216 907 171 0 0 
1700 11958 12260 8 12531 2886 933 599 0 0 
1800 11785 11784 24 12624 4181 700 1708 0 0 
1900 11389 10966 80 12634 5550 387 3261 0 0 
2000 11316 9786 101 12642 6198 267 4458 0 618 
2100 12253 8844 124 12597 7356 242 5346 0 2332 
2200 12580 9317 185 12640 8372 239 6526 0 3706 
2300 12856 9680 196 12755 9295 179 7874 0 5193 
2400 12890 9874 1761 12783 9785 195 8665 0 5930 
2500 12899 10322 3511 12720 10118 194 9073 0 6437 
2600 12803 10476 5106 12650 10660 212 9761 0 6997 
2700 12895 10670 6608 12717 11385 238 10554 0 7865 
2800 12906 11026 8085 12673 11683 252 11060 2 8503 
2900 12879 11297 9113 12744 11961 260 11465 3 9045 
3000 12980 11713 10152 12713 12161 265 11661 2 9674 
3100 12901 12069 10847 12721 12256 245 11829 0 10002 
3200 12943 12431 11458 12783 12151 232 11839 0 10334 
3300 12887 12720 11965 12714 12319 256 11926 0 10612 
3400 12954 12994 12271 12834 12415 196 12078 0 11002 
3500 12956 13094 12382 12705 12285 227 11896 0 11125 
3600 12948 13338 12645 12851 12262 218 12090 0 11198 
3700 12867 13337 12699 12764 12416 243 11995 0 11264 
3800 12942 13352 12633 12770 12319 284 11956 0 11253 
3900 12940 13366 12653 12805 12263 221 11889 0 11281 
4000 12950 13436 12758 12780 12400 221 12023 0 11411 
4100 13023 13393 12712 12860 12316 206 11989 0 11286 
4200 12974 13403 12713 12788 12243 217 11939 0 11235 
4300 13077 13451 12760 12841 12364 224 11989 0 11370 
4400 13084 13456 12789 12908 12481 224 12164 2 11529 
4500 13031 13448 12773 12762 12328 214 12059 0 11272 
4600 13166 13369 12751 12891 12360 243 12063 0 11350 
4700 13164 13419 12781 12901 12357 214 12130 0 11450 
4800 13063 13403 12712 12934 12382 217 12134 0 11405 
4900 13025 13433 12746 12919 12448 257 12087 0 11459 
5000 13080 13502 12808 12939 12350 221 12124 0 11448 
5100 13117 13459 12796 12978 12551 236 12192 0 11623 
5200 13104 13442 12804 12959 12470 255 12171 0 11478 
5300 13192 13438 12724 12903 12430 273 12122 0 11474 
5400 13104 13466 12802 12909 12477 208 12146 0 11506 
5500 13134 13515 12788 12861 12432 211 12098 0 11459 
5600 13090 13445 12805 12948 12400 229 12129 0 11444 
5700 13156 13476 12775 12928 12366 228 12102 0 11474 
5800 13106 13424 12765 12908 12391 226 12191 0 11445 
5900 13187 13478 12835 12938 12431 245 12126 0 11449 
6000 13180 13501 12922 13002 12540 241 12240 0 11576 
6100 13212 13554 12867 12951 12513 198 12215 0 11553 
6200 13279 13511 12789 13029 12424 240 12247 0 11518 
6300 13276 13552 12883 12955 12378 211 12191 0 11503 
6400 13296 13405 12776 13017 12545 200 12308 0 11619 
6500 13261 13486 12886 13074 12525 213 12290 0 11580 
6600 13229 13556 12926 12984 12485 187 12200 0 11548 
6700 13305 13502 12918 13011 12630 173 12315 0 11713 
6800 13326 13527 12893 13017 12570 208 12306 0 11569 
6900 13259 13464 12842 13028 12425 207 12204 0 11491 
7000 13308 13481 12840 12994 12487 190 12204 0 11567 
7100 13269 13532 12863 13024 12508 161 12299 0 11617 
7200 13308 13502 12915 13039 12526 170 12327 0 11601 
7300 13363 13524 12914 13057 12472 192 12287 0 11631 
7400 13380 13525 12886 13009 12488 183 12260 0 11609 
7500 13291 13526 12896 13045 12502 216 12271 0 11557 
7600 13247 13515 12816 13001 12433 201 12206 0 11565 
7700 13342 13548 12872 12987 12516 198 12298 0 11592 
7800 13359 13520 12844 12989 12497 204 12247 0 11596 
7900 13305 13456 12865 13012 12476 187 12315 0 11576 
8000 13329 13445 12833 12954 12498 215 12173 0 11541 
8100 13353 13519 12823 12952 12395 210 12183 0 11532 
8200 13401 13469 12858 13066 12559 182 12346 1 11666 
8300 13408 13469 12871 13038 12442 218 12357 0 11541 
8400 13311 13467 12864 13045 12526 212 12316 0 11651 
8500 13365 13555 12874 12997 12464 218 12207 0 11555 
8600 13386 13512 12913 13034 12553 223 12310 2 11627 
8700 13380 13469 12813 13064 12529 195 12350 0 11580 
8800 13393 13506 12879 13075 12570 187 12315 0 11676 
8900 13354 13491 12836 13013 12462 182 12265 0 11596 
9000 13354 13466 12881 13032 12548 212 12292 0 11625 
9100 13381 13490 12882 13023 12444 225 12286 0 11509 
9200 13356 13460 12855 12981 12542 209 12282 0 11655 
9300 13485 13550 12924 13092 12477 197 12334 0 11506 
9400 13453 13560 12970 12971 12490 219 12273 0 11597 
9500 13458 13507 12916 13063 12462 175 12258 0 11590 
9600 13440 13517 12909 12970 12430 210 12211 0 11509 
9700 13510 13503 12854 13008 12377 189 12211 0 11398 
9800 13367 13477 12845 12999 12463 199 12207 0 11521 
9900 13426 13419 12827 13007 12518 209 12300 0 11675 
10000 13490 13545 12940 13001 12512 190 12304 0 11567 
