# Avida tasks data
# Tue Apr 25 07:47:46 2023
# First column gives the current update, next columns give the number
# of organisms that have the particular task as a component of their merit
#  1: Update
#  2: Not
#  3: Nand
#  4: And
#  5: OrNot
#  6: Or
#  7: AndNot
#  8: Nor
#  9: Xor
# 10: Equals

0 0 0 0 0 0 0 0 0 0 
100 0 0 0 0 0 0 0 0 0 
200 0 0 0 0 0 0 0 0 0 
300 0 0 0 0 0 0 0 0 0 
400 0 0 0 0 0 0 0 0 0 
500 0 0 0 0 0 0 0 0 0 
600 0 0 0 0 0 0 0 0 0 
700 0 0 0 0 0 0 0 0 0 
800 0 79 0 0 0 0 0 0 0 
900 2134 2370 0 16 0 0 0 0 0 
1000 4785 5000 0 159 0 0 0 0 0 
1100 6844 7056 0 522 2 0 0 0 0 
1200 8002 8336 0 1138 4 0 0 0 0 
1300 8962 9285 0 1839 44 0 0 0 0 
1400 9782 10036 0 2382 120 0 0 0 0 
1500 10541 10883 0 2805 230 0 1 0 0 
1600 11133 11481 0 3250 419 0 33 0 0 
1700 11660 11984 0 3853 633 0 82 0 0 
1800 11950 12191 1 4326 809 1 195 0 0 
1900 12146 12467 0 4627 1022 2 312 0 0 
2000 12274 12537 2 5039 1128 2 525 0 0 
2100 12379 12692 1 5369 1217 4 836 0 0 
2200 12443 12760 2 6059 1186 5 907 0 0 
2300 12521 12893 1 6586 1110 4 1262 0 0 
2400 12565 12862 0 6819 1187 8 1455 0 0 
2500 12706 12884 0 7088 1184 14 1730 0 0 
2600 12565 12891 2 7219 1251 48 1966 0 0 
2700 12677 12947 0 7422 1234 78 2187 0 0 
2800 12706 12932 1 7284 1403 125 2437 0 0 
2900 12670 12905 3 7328 1389 181 2378 0 0 
3000 12696 12809 1 7389 1546 291 2589 0 0 
3100 12611 12842 1 7450 1643 419 2804 0 0 
3200 12610 12849 0 7344 1652 570 3011 0 0 
3300 12598 12766 6 7082 1697 769 3044 0 0 
3400 12545 12641 3 7021 1682 1116 3330 0 0 
3500 12615 12703 8 7098 1723 1526 3503 0 0 
3600 12639 12660 13 6857 1765 2001 3736 0 0 
3700 12648 12658 15 6852 1603 2500 3880 0 0 
3800 12669 12755 15 7217 1517 2960 4159 0 0 
3900 12645 12759 16 7406 1563 3557 4473 0 0 
4000 12562 12799 10 7300 1522 4106 4702 0 0 
4100 12612 12879 11 7606 2000 4574 5408 0 0 
4200 12627 12902 14 7853 3168 5085 5795 0 0 
4300 12733 12926 11 7953 4436 5477 6373 0 0 
4400 12775 13030 12 8207 5332 6160 7034 0 0 
4500 12842 13139 8 8668 6376 6926 7660 0 0 
4600 12932 13219 8 9175 7324 7686 8322 0 0 
4700 12969 13293 9 9500 8163 8468 8916 0 0 
4800 13013 13389 3 9723 8944 9221 9316 0 0 
4900 13134 13494 8 10114 9748 9894 10075 0 0 
5000 13092 13544 7 10518 10331 10482 10533 0 0 
5100 13140 13607 6 10523 10820 11001 10835 0 0 
5200 13205 13630 8 10633 11245 11409 11124 0 0 
5300 13216 13641 9 10637 11487 11718 11292 0 0 
5400 13250 13687 14 10830 11780 12099 11521 0 0 
5500 13244 13664 11 10778 12012 12459 11829 0 0 
5600 13268 13699 4 10890 12266 12695 11922 0 0 
5700 13388 13693 3 11049 12521 12945 12200 0 0 
5800 13303 13719 7 10995 12585 13046 12388 0 0 
5900 13342 13712 12 11044 12713 13079 12403 0 0 
6000 13354 13740 3 11062 12810 13179 12414 0 0 
6100 13372 13723 5 11051 12828 13296 12524 0 0 
6200 13358 13790 5 11101 12815 13327 12465 0 0 
6300 13404 13708 8 11194 12893 13214 12589 0 0 
6400 13391 13764 6 11180 12839 13200 12482 0 0 
6500 13385 13713 4 11158 12862 13258 12531 0 0 
6600 13361 13741 3 11153 12831 13170 12550 0 0 
6700 13396 13740 7 11152 12791 13154 12474 0 0 
6800 13447 13819 2 11152 12896 13251 12606 4 0 
6900 13378 13815 4 11242 12865 13296 12584 5 0 
7000 13368 13734 3 11259 12903 13166 12551 0 0 
7100 13389 13764 7 11147 12837 13271 12454 0 0 
7200 13414 13735 3 11235 12894 13226 12561 0 0 
7300 13414 13722 8 11185 12940 13256 12496 0 0 
7400 13323 13729 3 11134 12814 13216 12410 4 0 
7500 13396 13733 1 11286 12868 13224 12527 0 0 
7600 13378 13749 5 11234 12867 13213 12541 0 0 
7700 13355 13743 5 11118 12899 13294 12525 0 0 
7800 13357 13748 6 11130 12800 13253 12603 0 0 
7900 13381 13749 7 11208 12855 13294 12481 0 0 
8000 13381 13760 4 11196 12885 13263 12573 0 0 
8100 13366 13746 5 11128 12849 13360 12507 0 0 
8200 13442 13808 4 11251 12912 13304 12522 0 0 
8300 13382 13799 11 11211 12853 13268 12487 0 0 
8400 13369 13769 4 11304 12869 13200 12522 0 0 
8500 13384 13797 7 11168 12879 13301 12561 0 0 
8600 13396 13799 4 11264 12919 13278 12617 0 0 
8700 13375 13780 2 11253 12962 13233 12547 0 0 
8800 13437 13717 4 11209 12922 13217 12577 0 0 
8900 13360 13729 7 11243 12882 13271 12578 0 0 
9000 13408 13795 1 11239 12869 13281 12575 0 0 
9100 13398 13736 3 11234 12831 13239 12606 0 0 
9200 13401 13726 9 11266 12909 13235 12644 0 0 
9300 13472 13816 5 11334 12937 13282 12572 0 0 
9400 13391 13756 6 11221 12925 13314 12579 0 0 
9500 13445 13678 3 11248 12930 13200 12520 0 0 
9600 13396 13770 6 11257 12850 13314 12611 0 0 
9700 13459 13775 3 11259 12845 13264 12632 0 0 
9800 13457 13719 4 11352 12899 13238 12624 0 0 
9900 13445 13820 13 11246 12880 13332 12609 0 0 
10000 13403 13801 7 11237 12884 13255 12548 0 0 
