# Avida tasks data
# Tue Apr 25 03:04:49 2023
# First column gives the current update, next columns give the number
# of organisms that have the particular task as a component of their merit
#  1: Update
#  2: Not
#  3: Nand
#  4: And
#  5: OrNot
#  6: Or
#  7: AndNot
#  8: Nor
#  9: Xor
# 10: Equals

0 0 0 0 0 0 0 0 0 0 
100 0 0 0 0 0 0 0 0 0 
200 0 0 0 0 0 0 0 0 0 
300 0 0 0 0 0 0 0 0 0 
400 0 0 0 0 0 0 0 0 0 
500 0 0 0 0 0 0 0 0 0 
600 15 0 0 0 0 0 0 0 0 
700 98 1 0 0 0 0 0 0 0 
800 248 35 0 0 0 0 0 0 0 
900 673 94 0 0 0 19 0 0 0 
1000 1108 229 0 63 0 0 0 0 0 
1100 1326 660 0 788 180 0 0 0 0 
1200 1022 484 28 1997 1770 1615 29 0 0 
1300 1414 324 35 3321 3215 2985 60 0 0 
1400 2313 199 47 4287 4420 4081 65 0 0 
1500 3426 233 53 5202 5353 4961 86 0 0 
1600 4546 376 862 5923 5970 5583 98 0 0 
1700 5629 785 2428 6593 6621 6263 93 0 0 
1800 6376 1785 3512 7039 7174 6765 81 0 0 
1900 7167 2881 4630 7722 7811 7414 87 0 0 
2000 7874 3812 5527 8257 8413 7973 108 0 0 
2100 8577 4691 6453 8881 8972 8507 94 0 0 
2200 9414 5637 7311 9401 9518 8921 131 0 0 
2300 10279 6602 8230 10034 10119 9506 110 0 0 
2400 11041 7349 8953 10419 10634 10017 124 0 0 
2500 11673 8145 9568 10862 11046 10386 110 0 0 
2600 12267 8744 10128 11296 11480 10857 127 0 0 
2700 12657 9284 10499 11608 11676 10946 128 0 0 
2800 13089 9922 10906 11913 12002 11288 136 0 0 
2900 13340 10331 11118 12062 12176 11437 145 0 0 
3000 13553 10765 11269 12219 12411 11517 127 0 0 
3100 13593 11053 11352 12343 12344 11577 136 0 0 
3200 13651 11266 11478 12372 12421 11587 128 0 0 
3300 13644 11499 11456 12386 12412 11652 122 0 0 
3400 13576 11545 11425 12369 12371 11557 143 0 0 
3500 13647 11602 11355 12370 12385 11598 124 0 0 
3600 13581 11513 11260 12256 12234 11390 156 0 0 
3700 13583 11661 11391 12379 12438 11636 109 0 0 
3800 13570 11675 11326 12333 12375 11488 116 0 0 
3900 13558 11690 11363 12325 12369 11631 105 0 0 
4000 13539 11570 11270 12252 12315 11519 126 0 0 
4100 13562 11668 11411 12361 12377 11551 144 0 0 
4200 13610 11566 11329 12278 12337 11560 132 0 0 
4300 13616 11661 11340 12338 12451 11618 115 0 0 
4400 13597 11611 11257 12215 12382 11593 124 0 0 
4500 13623 11711 11503 12415 12485 11693 134 0 0 
4600 13609 11669 11368 12304 12417 11596 141 0 0 
4700 13580 11609 11281 12257 12358 11562 147 0 0 
4800 13596 11741 11366 12312 12483 11660 141 0 0 
4900 13597 11644 11357 12323 12473 11695 158 0 0 
5000 13627 11694 11441 12366 12398 11584 157 0 0 
5100 13572 11723 11449 12346 12448 11612 162 0 0 
5200 13629 11622 11322 12297 12450 11580 168 0 0 
5300 13542 11519 11380 12332 12445 11520 144 0 0 
5400 13674 11630 11315 12326 12348 11579 193 0 0 
5500 13606 11654 11345 12292 12319 11452 169 0 0 
5600 13598 11602 11375 12387 12355 11605 226 0 0 
5700 13630 11633 11340 12283 12356 11486 163 0 0 
5800 13611 11616 11315 12309 12397 11569 157 0 0 
5900 13592 11671 11566 12441 12491 11692 152 0 0 
6000 13632 11590 11301 12250 12400 11584 128 0 0 
6100 13675 11638 11368 12363 12466 11621 172 0 0 
6200 13603 11536 11281 12246 12445 11567 210 0 0 
6300 13577 11555 11328 12297 12473 11482 196 0 0 
6400 13658 11704 11381 12348 12507 11595 194 0 0 
6500 13588 11509 11216 12261 12379 11513 244 0 0 
6600 13647 11610 11429 12392 12512 11641 216 0 0 
6700 13643 11507 11300 12269 12419 11566 244 0 0 
6800 13663 11594 11318 12333 12440 11589 272 0 0 
6900 13651 11618 11361 12344 12418 11565 320 0 0 
7000 13622 11613 11417 12416 12354 11524 363 0 0 
7100 13653 11630 11432 12431 12516 11623 387 0 0 
7200 13643 11506 11247 12321 12421 11549 432 0 0 
7300 13519 11545 11371 12386 12396 11503 492 0 0 
7400 13611 11555 11329 12317 12412 11573 524 0 0 
7500 13670 11572 11459 12476 12536 11696 522 0 0 
7600 13690 11741 11468 12510 12415 11657 634 0 0 
7700 13734 11670 11393 12483 12482 11663 706 0 0 
7800 13632 11620 11413 12474 12450 11603 748 0 0 
7900 13667 11763 11472 12554 12567 11736 796 0 0 
8000 13613 11568 11359 12437 12555 11705 897 0 0 
8100 13640 11666 11322 12440 12463 11587 845 0 0 
8200 13705 11776 11420 12513 12538 11699 892 0 0 
8300 13559 11465 11213 12402 12456 11513 957 0 0 
8400 13649 11632 11402 12555 12586 11640 1020 0 0 
8500 13618 11623 11304 12450 12473 11637 1006 0 0 
8600 13625 11694 11321 12486 12494 11622 1097 0 0 
8700 13670 11768 11436 12532 12564 11704 1220 0 0 
8800 13669 11765 11413 12500 12569 11655 1175 0 0 
8900 13657 11765 11344 12587 12517 11638 1274 0 0 
9000 13672 11780 11403 12626 12400 11638 1288 0 0 
9100 13711 11727 11305 12487 12483 11609 1295 0 0 
9200 13646 11655 11236 12441 12452 11521 1428 0 0 
9300 13619 11707 11243 12448 12406 11552 1534 0 0 
9400 13645 11758 11363 12568 12483 11618 1598 0 0 
9500 13630 11720 11359 12554 12411 11490 1784 0 0 
9600 13583 11556 11118 12544 12253 11391 2020 0 0 
9700 13652 11733 11333 12634 12458 11486 2248 0 0 
9800 13628 11691 11132 12483 12334 11375 2389 0 0 
9900 13684 11792 11307 12662 12476 11593 2718 0 0 
10000 13687 11826 11415 12624 12523 11582 3040 0 0 
