# Avida tasks data
# Tue Apr 25 12:35:21 2023
# First column gives the current update, next columns give the number
# of organisms that have the particular task as a component of their merit
#  1: Update
#  2: Not
#  3: Nand
#  4: And
#  5: OrNot
#  6: Or
#  7: AndNot
#  8: Nor
#  9: Xor
# 10: Equals

0 0 0 0 0 0 0 0 0 0 
100 0 0 0 0 0 0 0 0 0 
200 0 0 0 0 0 0 0 0 0 
300 0 0 0 0 0 0 0 0 0 
400 21 0 0 0 0 0 0 0 0 
500 396 11 0 17 0 0 0 0 0 
600 832 100 0 66 0 0 0 0 0 
700 1476 72 0 744 5 0 0 0 0 
800 1879 461 0 1266 18 0 0 0 0 
900 1878 460 0 1265 18 0 0 0 0 
1000 1877 459 0 1264 18 0 0 0 0 
1100 1878 460 0 1265 18 0 0 0 0 
1200 1877 459 0 1264 18 0 0 0 0 
1300 1877 459 0 1264 18 0 0 0 0 
1400 1877 459 0 1264 18 0 0 0 0 
1500 1878 460 0 1265 18 0 0 0 0 
1600 1878 460 0 1265 18 0 0 0 0 
1700 1878 460 0 1265 18 0 0 0 0 
1800 1871 457 0 1262 18 0 0 0 0 
1900 1871 457 0 1262 18 0 0 0 0 
2000 1872 458 0 1263 18 0 0 0 0 
2100 1871 457 0 1262 18 0 0 0 0 
2200 1871 457 0 1262 18 0 0 0 0 
2300 1871 457 0 1262 18 0 0 0 0 
2400 1871 457 0 1262 18 0 0 0 0 
2500 1871 457 0 1262 18 0 0 0 0 
2600 1871 457 0 1262 18 0 0 0 0 
2700 1872 458 0 1263 18 0 0 0 0 
2800 1871 457 0 1262 18 0 0 0 0 
2900 1871 457 0 1262 18 0 0 0 0 
3000 1871 457 0 1262 18 0 0 0 0 
3100 1873 459 0 1264 18 0 0 0 0 
3200 1872 458 0 1263 18 0 0 0 0 
3300 1872 458 0 1263 18 0 0 0 0 
3400 1872 458 0 1263 18 0 0 0 0 
3500 1873 459 0 1264 18 0 0 0 0 
3600 1872 458 0 1263 18 0 0 0 0 
3700 1873 459 0 1264 18 0 0 0 0 
3800 1873 459 0 1264 18 0 0 0 0 
3900 1873 459 0 1264 18 0 0 0 0 
4000 1872 458 0 1263 18 0 0 0 0 
4100 1872 458 0 1263 18 0 0 0 0 
4200 1872 458 0 1263 18 0 0 0 0 
4300 1872 458 0 1263 18 0 0 0 0 
4400 1872 458 0 1263 18 0 0 0 0 
4500 1872 458 0 1263 18 0 0 0 0 
4600 1873 459 0 1264 18 0 0 0 0 
4700 1872 458 0 1263 18 0 0 0 0 
4800 1872 458 0 1263 18 0 0 0 0 
4900 1872 458 0 1263 18 0 0 0 0 
5000 1872 458 0 1263 18 0 0 0 0 
5100 1872 458 0 1263 18 0 0 0 0 
5200 1873 459 0 1264 18 0 0 0 0 
5300 1873 459 0 1264 18 0 0 0 0 
5400 1873 459 0 1264 18 0 0 0 0 
5500 1873 459 0 1264 18 0 0 0 0 
5600 1872 458 0 1263 18 0 0 0 0 
5700 1873 459 0 1264 18 0 0 0 0 
5800 1872 458 0 1263 18 0 0 0 0 
5900 1872 458 0 1263 18 0 0 0 0 
6000 1872 458 0 1263 18 0 0 0 0 
6100 1872 458 0 1263 18 0 0 0 0 
6200 1872 458 0 1263 18 0 0 0 0 
6300 1872 458 0 1263 18 0 0 0 0 
6400 1872 458 0 1263 18 0 0 0 0 
6500 1872 458 0 1263 18 0 0 0 0 
6600 1872 458 0 1263 18 0 0 0 0 
6700 1872 458 0 1263 18 0 0 0 0 
6800 1872 457 0 1262 18 0 0 0 0 
6900 1872 457 0 1262 18 0 0 0 0 
7000 1872 457 0 1262 18 0 0 0 0 
7100 1872 457 0 1262 18 0 0 0 0 
7200 1872 457 0 1262 18 0 0 0 0 
7300 1872 457 0 1262 18 0 0 0 0 
7400 1872 457 0 1262 18 0 0 0 0 
7500 1874 458 0 1264 18 0 0 0 0 
7600 1874 457 0 1264 18 0 0 0 0 
7700 1875 458 0 1265 18 0 0 0 0 
7800 1875 458 0 1265 18 0 0 0 0 
7900 1874 457 0 1264 18 0 0 0 0 
8000 1874 456 0 1264 18 0 0 0 0 
8100 1874 456 0 1264 18 0 0 0 0 
8200 1874 455 0 1263 18 0 0 0 0 
8300 1874 457 0 1265 18 0 0 0 0 
8400 1874 457 0 1265 18 0 0 0 0 
8500 1874 457 0 1265 18 0 0 0 0 
8600 1874 457 0 1265 18 0 0 0 0 
8700 1875 458 0 1266 18 0 0 0 0 
8800 1876 458 0 1266 18 0 0 0 0 
8900 1876 458 0 1266 18 0 0 0 0 
9000 1876 458 0 1266 18 0 0 0 0 
9100 1877 459 0 1267 18 0 0 0 0 
9200 1878 460 0 1268 18 0 0 0 0 
9300 1877 459 0 1267 18 0 0 0 0 
9400 1877 459 0 1267 18 0 0 0 0 
9500 1877 459 0 1267 18 0 0 0 0 
9600 1877 459 0 1267 18 0 0 0 0 
9700 1877 459 0 1267 18 0 0 0 0 
9800 1878 460 0 1268 18 0 0 0 0 
9900 1877 459 0 1267 18 0 0 0 0 
10000 1877 459 0 1267 18 0 0 0 0 
