# Avida tasks data
# Mon Apr 24 22:47:17 2023
# First column gives the current update, next columns give the number
# of organisms that have the particular task as a component of their merit
#  1: Update
#  2: Not
#  3: Nand
#  4: And
#  5: OrNot
#  6: Or
#  7: AndNot
#  8: Nor
#  9: Xor
# 10: Equals

0 0 0 0 0 0 0 0 0 0 
100 0 0 0 0 0 0 0 0 0 
200 0 0 0 0 0 0 0 0 0 
300 0 0 0 0 0 0 0 0 0 
400 0 0 0 0 0 0 0 0 0 
500 0 0 0 0 0 0 0 0 0 
600 4 0 0 0 0 0 0 0 0 
700 64 0 0 0 0 0 0 0 0 
800 282 34 0 0 0 0 0 0 0 
900 886 276 0 31 0 0 0 0 0 
1000 1474 887 0 433 11 0 0 0 0 
1100 1821 2084 2 2171 824 18 0 0 0 
1200 2450 3335 8 3144 1798 114 504 0 0 
1300 2789 3534 11 3278 2130 115 799 0 0 
1400 3960 4058 16 3768 3037 158 1942 0 0 
1500 5238 4067 19 4655 4064 167 3528 0 0 
1600 6162 3987 7 5400 4780 152 4326 0 0 
1700 6938 3861 13 6077 5418 148 4996 0 0 
1800 7381 3883 3 6576 5729 150 5275 0 0 
