# Avida tasks data
# Tue Apr 25 04:15:59 2023
# First column gives the current update, next columns give the number
# of organisms that have the particular task as a component of their merit
#  1: Update
#  2: Not
#  3: Nand
#  4: And
#  5: OrNot
#  6: Or
#  7: AndNot
#  8: Nor
#  9: Xor
# 10: Equals

0 0 0 0 0 0 0 0 0 0 
100 0 0 0 0 0 0 0 0 0 
200 0 0 0 0 0 0 0 0 0 
300 0 0 0 0 0 0 0 0 0 
400 0 0 0 0 0 0 0 0 0 
500 0 3 0 0 0 0 0 0 0 
600 0 8 0 0 0 0 0 0 0 
700 14 3 0 122 0 0 0 0 0 
800 731 382 0 1518 232 0 0 0 0 
900 891 507 0 2661 1253 0 0 0 0 
1000 930 532 0 3550 2378 0 0 0 0 
1100 1020 574 0 4734 3729 3 0 0 0 
1200 1423 530 0 6377 5463 26 0 0 0 
1300 1879 445 1 7934 7153 33 0 0 0 
1400 2527 425 1 9695 8864 70 1 0 0 
1500 3005 455 3 10749 10010 103 0 0 0 
1600 3742 709 52 11566 10775 182 2 0 0 
1700 4420 1563 611 11825 10621 519 2 0 0 
1800 5005 2399 2249 11929 10323 571 8 0 0 
1900 5207 3044 3814 12000 10009 672 0 0 0 
2000 5910 3865 4915 12016 9907 913 2 0 0 
2100 6583 4846 5640 11936 9838 1267 2 0 0 
2200 7261 5363 6367 12030 9875 1881 5 0 0 
2300 7221 5534 7074 12033 10047 3419 4 0 0 
2400 6910 5387 7984 12073 10243 4844 5 0 0 
2500 6388 4986 8874 12023 10388 6011 3 5 0 
2600 5716 4437 9745 12099 10925 7168 11 0 0 
2700 5222 4237 10589 12131 11233 8256 13 0 0 
2800 5259 4215 11178 12118 11221 9049 11 0 0 
2900 5272 4093 11739 12287 11536 9807 19 0 0 
3000 5476 4231 12114 12355 11715 10531 27 0 0 
3100 5759 4268 12483 12392 11838 11176 21 0 21 
3200 6060 4946 12803 12182 11597 11573 33 3 67 
3300 6684 5887 12949 12270 11858 11949 33 0 117 
3400 6600 6830 13049 12292 11462 12158 41 1 541 
3500 5616 5665 13082 12477 11718 12400 55 11 2180 
3600 5272 5324 13050 12525 11728 12594 65 4 3033 
3700 5194 5200 13068 12534 11712 12616 69 1 3485 
3800 4830 5370 12973 12662 11745 12633 67 13 4655 
3900 4672 5472 12945 12710 11770 12671 88 5 5543 
4000 4500 5385 12961 12708 11780 12684 93 2 6279 
4100 4481 5363 13069 12778 11805 12699 88 5 6721 
4200 4364 5441 12983 12777 11802 12759 124 0 7131 
4300 4485 5232 12919 12783 11836 12785 127 4 7318 
4400 4511 5255 12970 12728 11710 12707 117 11 7566 
4500 5070 5366 13010 12569 11688 12404 119 4 7608 
4600 5256 5142 12974 12698 11681 12509 121 4 7619 
4700 5466 5755 12950 12735 11676 12543 129 4 7614 
4800 5506 6125 12949 12776 11720 12572 330 5 7653 
4900 5615 6326 12848 12785 11707 12539 189 7 7678 
5000 5815 6420 12889 12772 11753 12503 165 6 7743 
5100 6071 6459 12937 12791 11360 12524 160 5 7806 
5200 6096 6528 12936 12778 10783 12478 170 4 7811 
5300 6206 6659 12878 12766 10527 12475 162 4 7866 
5400 6224 6631 12888 12761 10265 12446 166 4 7859 
5500 6195 6351 12880 12752 10428 12429 177 4 7889 
5600 5897 6611 12878 12754 10501 12136 177 5 7881 
5700 6092 6310 12876 12759 10532 12342 181 4 7932 
5800 6165 6183 12887 12784 10559 12413 193 4 8048 
