# Avida tasks data
# Tue Apr 25 07:02:53 2023
# First column gives the current update, next columns give the number
# of organisms that have the particular task as a component of their merit
#  1: Update
#  2: Not
#  3: Nand
#  4: And
#  5: OrNot
#  6: Or
#  7: AndNot
#  8: Nor
#  9: Xor
# 10: Equals

0 0 0 0 0 0 0 0 0 0 
100 0 0 0 0 0 0 0 0 0 
200 0 0 0 0 0 0 0 0 0 
300 0 0 0 0 0 0 0 0 0 
400 0 0 0 0 0 0 0 0 0 
500 3 0 0 0 0 0 0 0 0 
600 6 0 0 0 0 0 0 0 0 
700 52 42 0 10 0 0 0 0 0 
800 62 1536 648 1802 0 5 0 0 0 
900 102 2173 739 2367 2 8 0 0 0 
1000 156 3248 685 3470 0 6 0 0 0 
1100 331 5086 718 5363 0 6 0 0 0 
1200 343 5258 700 5516 0 6 0 0 0 
1300 357 5469 689 5717 0 6 0 0 0 
1400 360 5598 674 5827 0 6 0 0 0 
1500 334 5663 672 5868 0 6 0 0 0 
1600 317 5659 668 5858 0 7 0 0 0 
1700 311 5654 666 5836 0 9 0 0 0 
1800 298 5644 666 5834 0 6 0 0 0 
1900 279 5669 667 5854 0 6 0 0 0 
2000 281 5697 663 5872 0 7 0 0 0 
2100 262 5815 657 5993 0 7 0 0 0 
2200 273 6445 658 6608 0 7 0 0 0 
2300 290 6863 667 7023 2 7 0 0 0 
2400 288 7014 671 7169 0 7 0 0 0 
2500 281 7117 669 7274 0 7 0 0 0 
2600 293 7189 671 7353 0 7 0 0 0 
2700 286 7275 667 7430 0 9 0 0 0 
2800 282 7326 660 7474 0 7 0 0 0 
2900 285 7429 659 7578 0 7 0 0 0 
3000 273 7461 657 7610 0 7 0 0 0 
3100 271 7467 657 7618 0 7 0 0 0 
3200 271 7530 657 7679 0 7 0 0 0 
3300 266 7632 657 7785 0 7 0 0 0 
3400 265 7803 656 7954 0 7 0 0 0 
3500 267 7927 654 8072 0 7 0 0 0 
3600 261 8027 654 8180 0 7 0 0 0 
3700 255 8195 660 8342 0 7 0 0 0 
3800 257 8302 660 8445 0 7 0 0 0 
3900 264 8390 653 8539 0 7 0 0 0 
4000 257 8501 653 8656 0 9 0 0 0 
4100 263 8570 650 8721 0 7 0 0 0 
4200 266 8638 652 8788 0 7 0 0 0 
4300 271 8770 654 8915 0 10 0 0 0 
4400 256 8859 660 9009 0 7 0 0 0 
4500 262 8983 656 9133 0 7 0 0 0 
4600 269 9052 653 9199 0 8 0 0 0 
4700 275 9186 652 9328 0 7 0 0 0 
4800 274 9252 657 9394 0 7 0 0 0 
4900 261 9337 651 9482 0 8 1 0 0 
5000 259 9370 651 9514 0 12 0 0 0 
5100 266 9468 654 9617 0 8 0 0 0 
5200 272 9558 658 9708 0 7 0 0 0 
5300 268 9637 656 9772 0 7 0 0 0 
5400 275 9675 652 9812 0 7 0 0 0 
5500 278 9754 656 9888 0 7 0 0 0 
5600 294 9749 653 9881 0 9 0 0 0 
5700 298 9875 655 10012 0 8 0 0 0 
5800 301 10049 650 10188 0 8 0 0 0 
5900 315 10233 648 10370 2 9 0 0 0 
6000 308 10365 649 10498 1 8 0 0 0 
6100 305 10474 648 10605 0 7 0 0 0 
6200 313 10562 651 10701 0 9 0 0 0 
6300 314 10704 650 10842 0 7 0 0 0 
6400 318 10747 650 10895 0 7 0 0 0 
6500 316 10775 647 10917 2 7 0 0 0 
6600 317 10836 649 10972 5 7 0 0 0 
6700 324 10831 645 10969 2 7 0 0 0 
6800 316 10825 646 10964 3 7 0 0 0 
6900 320 10839 645 10970 2 8 0 0 0 
7000 322 10845 646 10959 1 11 0 0 0 
7100 326 10807 648 10933 5 10 2 0 0 
7200 338 10807 648 10934 4 10 2 0 0 
7300 330 10836 647 10950 2 6 2 0 0 
7400 336 10834 646 10936 2 6 2 0 0 
7500 322 10817 650 10921 9 7 4 0 0 
7600 327 10862 646 10960 6 6 3 0 0 
7700 316 10844 646 10954 5 7 4 0 0 
7800 337 10866 649 10966 7 7 3 0 0 
7900 323 10821 646 10935 5 6 2 0 0 
8000 343 10845 644 10956 4 7 1 0 0 
8100 329 10817 646 10922 4 6 2 0 0 
8200 331 10825 646 10921 5 8 3 2 0 
8300 382 10819 641 10912 8 6 1 0 0 
8400 330 10839 643 10949 4 6 0 0 0 
8500 344 10868 645 10973 9 6 0 0 0 
8600 363 10867 640 10966 14 8 2 0 0 
8700 340 10914 648 11014 12 10 3 0 0 
8800 328 10913 641 11014 11 8 2 0 0 
8900 322 10941 647 11045 13 6 6 0 0 
9000 351 10969 641 11064 15 6 9 0 0 
9100 377 11010 639 11094 15 6 6 0 0 
9200 359 11028 631 11127 10 6 4 0 0 
9300 349 11031 629 11142 12 7 6 0 0 
9400 344 11114 631 11206 9 6 5 0 0 
9500 371 11198 637 11277 8 8 5 0 0 
9600 341 11230 633 11310 13 8 9 0 0 
9700 357 11250 633 11338 11 10 8 0 0 
9800 372 11315 635 11404 9 8 7 0 0 
9900 350 11343 641 11430 5 9 7 0 0 
10000 371 11386 643 11452 8 10 6 0 0 
