# Avida tasks data
# Tue Apr 25 09:40:32 2023
# First column gives the current update, next columns give the number
# of organisms that have the particular task as a component of their merit
#  1: Update
#  2: Not
#  3: Nand
#  4: And
#  5: OrNot
#  6: Or
#  7: AndNot
#  8: Nor
#  9: Xor
# 10: Equals

0 0 0 0 0 0 0 0 0 0 
100 0 0 0 0 0 0 0 0 0 
200 0 0 0 0 0 0 0 0 0 
300 0 0 0 0 0 0 0 0 0 
400 144 166 0 178 0 0 0 0 0 
500 461 249 0 1194 0 0 0 0 0 
600 1391 1247 4 1738 7 0 0 0 0 
700 2485 2420 2 2718 8 0 0 0 0 
800 3983 3939 475 4228 9 22 0 0 0 
900 5301 5273 1785 5641 7 14 0 0 0 
1000 6377 6327 2806 6843 3 47 0 0 0 
1100 7323 7369 3680 7817 4 52 0 0 0 
1200 8428 8394 4755 8880 10 55 0 0 0 
1300 9290 9259 5672 9824 10 59 0 0 0 
1400 10055 10160 6517 10739 3 89 0 0 0 
1500 10687 10783 7106 11365 9 91 3 0 0 
1600 11173 11128 7625 11830 9 99 4 0 0 
1700 11489 11530 8097 12096 16 103 2 0 0 
1800 11765 11834 8472 12378 41 88 1 0 0 
1900 12124 12029 8880 12647 69 115 4 0 0 
2000 12121 12129 8987 12826 90 127 1 0 0 
2100 12160 12261 9215 12818 131 124 1 0 0 
2200 12302 12467 9461 12905 160 112 4 0 0 
2300 12222 12319 9535 12948 177 135 5 0 0 
2400 12374 12415 9737 12965 216 142 2 0 0 
2500 12322 12392 9847 13003 233 153 4 0 0 
2600 12339 12509 9914 13057 247 237 2 0 5 
2700 12441 12579 10134 13027 286 292 0 0 0 
2800 12359 12596 10297 13092 263 436 3 0 0 
2900 12453 12573 10396 13054 280 543 4 0 0 
3000 12454 12581 10531 13035 316 747 3 0 0 
3100 12412 12578 10631 13026 338 875 7 0 0 
3200 12398 12616 10748 13096 379 1050 9 0 0 
3300 12425 12629 10845 13055 372 1362 13 0 0 
3400 12405 12615 11005 13033 334 1668 9 0 0 
3500 12392 12602 11010 13016 369 1931 10 0 0 
3600 12461 12666 11142 13068 409 2300 15 0 0 
3700 12471 12645 11249 13056 396 2695 14 0 0 
3800 12490 12664 11356 13034 425 2942 21 0 0 
3900 12490 12642 11311 13077 494 3349 19 0 0 
4000 12542 12689 11304 13064 481 3737 27 0 0 
4100 12482 12772 11398 12998 543 4216 91 0 0 
4200 12530 12785 11404 13018 568 4566 155 0 0 
4300 12652 12787 11418 13037 583 4992 228 0 0 
4400 12649 12870 11550 13077 707 5380 335 0 0 
4500 12640 12845 11453 13082 757 5764 427 0 0 
4600 12779 12768 11581 13036 808 6074 665 0 0 
4700 12780 12858 11530 13066 871 6358 859 0 0 
4800 12724 12824 11481 12934 830 6615 957 0 0 
4900 12683 12769 11475 12999 926 6913 1086 0 0 
5000 12747 12775 11528 13035 1076 6988 1231 0 0 
5100 12737 12806 11505 12991 1187 7106 1409 0 1 
5200 12834 12848 11666 12986 1191 7317 1482 0 0 
5300 12760 12866 11606 12913 1182 7537 1540 0 0 
5400 12827 12933 11630 12862 1375 7629 1611 0 0 
5500 12842 12815 11584 12853 1428 7768 1678 0 0 
5600 12859 12937 11626 12888 1397 7935 1823 0 0 
5700 12877 12935 11680 12841 1409 8093 1865 0 0 
5800 12798 12860 11550 12882 1417 8219 1937 0 0 
5900 12905 12961 11669 12862 1385 8453 2041 0 0 
6000 12868 13001 11657 12897 1532 8630 2162 0 0 
6100 12867 12989 11597 12889 1699 8615 2331 0 0 
6200 12991 12988 11688 12919 1939 8721 2475 0 0 
6300 12951 13065 11681 12826 2063 8697 2644 0 0 
6400 13022 13017 11717 12899 2275 8660 2920 0 0 
6500 13012 13016 11682 12843 2418 8580 3091 0 0 
6600 13002 13020 11728 12717 2504 8548 3226 0 0 
6700 13025 13060 11669 12757 2621 8490 3368 0 2 
6800 12929 13083 11702 12633 2600 8444 3350 0 0 
6900 12964 12978 11638 12619 2750 8392 3469 0 0 
7000 12973 13000 11592 12733 2959 8295 3620 0 0 
7100 13066 13002 11652 12709 2987 8180 3871 0 214 
7200 12990 13005 11630 12633 2917 7971 4119 0 503 
7300 12980 12927 11549 12539 2828 7676 4281 0 732 
7400 13049 12958 11619 12558 2850 7383 4683 0 1109 
7500 13033 12954 11541 12456 2938 7142 4949 0 1356 
7600 13099 12919 11546 12405 3056 6931 5227 1 1567 
7700 13083 12954 11551 12344 3131 6673 5435 0 1883 
7800 13146 12933 11542 12375 3212 6481 5735 1 2128 
7900 13174 12963 11496 12393 3182 6274 6044 2 2472 
8000 13209 12979 11541 12341 3248 6075 6250 3 2750 
8100 13167 12964 11496 12322 3364 5863 6469 4 3010 
8200 13148 12941 11486 12293 3481 5675 6587 4 3134 
8300 13168 12989 11488 12332 3543 5533 6832 3 3246 
8400 13150 12940 11436 12273 3657 5393 6981 2 3401 
8500 13141 12917 11448 12321 3750 5203 7184 3 3618 
8600 13179 12896 11463 12318 3968 4986 7400 2 3864 
8700 13235 12876 11465 12401 4161 4789 7636 2 4127 
8800 13253 12906 11527 12306 4360 4607 7754 1 4251 
8900 13233 12847 11546 12264 4518 4512 7852 4 4321 
9000 13237 12776 11416 12246 4641 4365 7996 0 4459 
9100 13264 12815 11495 12256 4641 4219 8139 0 4556 
9200 13236 12845 11437 12286 4813 4117 8250 2 4726 
9300 13288 12868 11449 12314 5044 3971 8422 19 4962 
9400 13301 12910 11411 12282 5221 3857 8552 52 5091 
9500 13332 12920 11458 12322 5372 3735 8747 63 5247 
9600 13317 12870 11486 12311 5472 3560 8928 77 5485 
9700 13254 12884 11459 12194 5544 3504 8903 93 5449 
9800 13288 12816 11430 12218 5595 3374 9018 107 5621 
9900 13285 12836 11474 12305 5642 3279 9217 145 5814 
10000 13377 12828 11356 12229 5674 3196 9269 192 5865 
