# Avida tasks data
# Mon Apr 24 23:38:02 2023
# First column gives the current update, next columns give the number
# of organisms that have the particular task as a component of their merit
#  1: Update
#  2: Not
#  3: Nand
#  4: And
#  5: OrNot
#  6: Or
#  7: AndNot
#  8: Nor
#  9: Xor
# 10: Equals

0 0 0 0 0 0 0 0 0 0 
100 0 0 0 0 0 0 0 0 0 
200 0 0 0 0 0 0 0 0 0 
300 0 0 0 0 0 0 0 0 0 
400 0 0 0 0 0 0 0 0 0 
500 0 0 0 0 0 0 0 0 0 
600 0 0 0 0 0 0 0 0 0 
700 10 0 0 0 0 0 0 0 0 
800 40 16 0 0 0 0 0 0 0 
900 97 20 0 56 0 0 0 0 0 
1000 200 52 0 319 0 0 0 0 0 
1100 380 239 0 871 0 0 0 0 0 
1200 688 779 0 1653 0 7 0 0 0 
1300 1220 1713 12 2379 0 96 0 0 0 
1400 1241 2581 148 3236 0 1875 0 0 0 
1500 1132 4389 94 4951 0 3741 0 0 0 
1600 1533 5899 70 6301 1 5120 0 0 0 
1700 2501 7296 82 7466 8 6314 0 0 0 
1800 3388 8423 311 8448 24 7225 0 0 0 
1900 3982 9259 802 9258 30 7947 0 0 0 
2000 4407 9933 1421 9890 50 8567 0 0 0 
2100 5006 10603 2163 10522 36 9057 0 0 0 
2200 5836 11133 2792 11070 46 9639 3 0 0 
2300 6527 11485 3602 11426 39 9930 0 0 0 
2400 7141 11735 4397 11643 36 10177 0 0 0 
2500 7923 11994 5413 11992 34 10480 0 0 1 
2600 8654 12254 6275 12253 16 10754 0 0 0 
2700 9273 12491 7094 12420 15 10872 0 0 0 
2800 9988 12657 7940 12617 5 11075 0 0 0 
2900 10555 12781 8645 12779 18 11166 0 0 0 
3000 11148 12891 9280 12812 7 11216 0 0 0 
3100 11579 12941 9818 12860 17 11294 0 0 0 
3200 11979 13044 10211 12945 22 11372 0 0 0 
3300 12311 13010 10507 12931 31 11331 0 0 0 
3400 12433 13145 10857 13069 56 11440 0 0 0 
3500 12635 13096 10907 13070 64 11391 0 0 0 
3600 12727 13184 11016 13138 577 11488 0 0 0 
3700 12854 13106 10937 13090 1873 11322 5 0 0 
3800 12766 13046 10901 13015 3085 11341 1 0 0 
3900 12787 13123 11025 13075 4255 11436 1 0 0 
4000 12725 13049 10904 12985 5331 11392 0 1 0 
4100 12643 13014 10862 12982 6343 11305 2 0 0 
4200 12585 13114 11004 13106 7478 11377 1 1 0 
4300 12667 13128 11015 13141 8464 11437 0 0 0 
4400 12482 12973 10935 12995 9073 11301 0 0 0 
4500 12700 13086 10986 13129 9740 11402 1 0 3 
4600 12728 13100 11069 13120 10194 11434 0 0 0 
4700 12732 13116 11061 13105 10453 11421 0 0 0 
4800 12829 13114 10997 13125 10677 11363 0 1 0 
4900 12734 13114 11196 13123 11028 11507 0 0 0 
5000 12687 13115 11134 13138 11086 11451 0 0 0 
5100 12785 13142 11201 13187 11223 11467 0 0 0 
5200 12915 13127 11173 13118 11263 11469 0 0 0 
5300 12862 13145 11195 13146 11317 11473 0 0 0 
5400 12848 13185 11108 13175 11283 11408 0 0 0 
5500 12894 13169 11252 13165 11359 11524 0 0 0 
5600 12843 13189 11333 13156 11446 11571 0 0 0 
5700 12873 13088 11196 13108 11263 11384 0 0 0 
5800 12859 13134 11191 13129 11272 11407 0 0 0 
5900 12933 13159 11254 13164 11305 11452 0 0 0 
6000 12922 13189 11350 13215 11357 11558 6 0 0 
6100 12891 13116 11214 13121 11259 11426 0 0 0 
6200 12890 13154 11362 13138 11320 11541 2 0 0 
6300 12939 13131 11341 13136 11329 11457 0 0 0 
6400 12883 13232 11450 13251 11385 11555 0 0 0 
6500 12993 13107 11331 13115 11378 11486 0 0 0 
6600 12972 13193 11413 13252 11382 11514 0 0 0 
6700 13058 13303 11570 13280 11469 11599 0 0 0 
6800 13059 13230 11518 13229 11489 11588 0 0 0 
6900 13077 13331 11480 13261 11419 11591 0 0 0 
7000 12989 13191 11438 13217 11403 11514 2 0 0 
7100 13060 13280 11489 13208 11416 11564 0 1 0 
7200 13037 13203 11569 13211 11483 11638 0 0 0 
7300 13054 13183 11621 13269 11464 11595 0 0 0 
7400 13018 13204 11405 13181 11340 11531 0 0 0 
7500 13079 13216 11524 13175 11392 11552 0 0 0 
7600 13110 13177 11482 13206 11355 11582 0 0 0 
7700 13006 13235 11626 13201 11550 11671 0 0 0 
7800 13044 13271 11682 13235 11554 11739 0 0 2 
7900 13070 13315 11638 13299 11501 11718 0 0 0 
8000 13009 13266 11591 13238 11489 11620 1 0 0 
8100 13072 13380 11721 13265 11601 11705 0 0 0 
8200 13100 13412 11706 13283 11593 11776 2 0 0 
8300 13072 13263 11637 13244 11547 11713 0 0 0 
8400 13135 13267 11672 13254 11514 11697 0 0 0 
8500 13044 13306 11714 13274 11563 11747 0 0 0 
8600 13112 13302 11609 13277 11475 11687 0 0 0 
8700 13101 13311 11678 13284 11502 11681 0 0 0 
8800 13226 13326 11751 13315 11671 11839 0 0 0 
8900 13115 13265 11682 13263 11604 11741 0 0 0 
9000 13050 13262 11726 13288 11564 11730 0 0 0 
9100 13182 13321 11651 13275 11526 11685 1 0 0 
9200 13093 13368 11779 13217 11638 11834 0 0 0 
9300 13119 13338 11795 13326 11641 11835 0 0 0 
9400 13217 13309 11694 13317 11553 11720 0 0 0 
9500 13194 13253 11584 13285 11461 11686 0 0 0 
9600 13152 13314 11786 13299 11583 11739 2 0 0 
9700 13166 13362 11808 13336 11743 11900 1 0 0 
9800 13098 13290 11737 13307 11569 11750 0 0 0 
9900 13252 13358 11713 13326 11561 11790 2 0 0 
10000 13244 13301 11753 13272 11630 11782 1 0 0 
