# Avida tasks data
# Tue Apr 25 05:45:05 2023
# First column gives the current update, next columns give the number
# of organisms that have the particular task as a component of their merit
#  1: Update
#  2: Not
#  3: Nand
#  4: And
#  5: OrNot
#  6: Or
#  7: AndNot
#  8: Nor
#  9: Xor
# 10: Equals

0 0 0 0 0 0 0 0 0 0 
100 0 0 0 0 0 0 0 0 0 
200 0 0 0 0 0 0 0 0 0 
300 0 0 0 0 0 0 0 0 0 
400 0 0 0 0 0 0 0 0 0 
500 0 0 0 0 0 0 0 0 0 
600 1 0 0 0 0 0 0 0 0 
700 67 10 0 0 0 0 0 0 0 
800 378 206 0 5 0 0 0 0 0 
900 1024 488 0 6 0 0 0 0 0 
1000 2172 1789 0 1115 1 0 0 0 0 
1100 3892 3890 0 3526 8 0 0 0 0 
1200 5861 5967 0 5773 3 0 0 0 0 
1300 7614 7809 221 7685 7 4 0 0 0 
1400 9077 9308 1677 9344 9 11 0 0 0 
1500 9906 10187 3126 10147 8 30 0 0 0 
1600 10356 10674 4466 10731 13 53 0 0 0 
1700 10931 11031 5597 11134 12 64 0 0 0 
1800 11220 11485 6794 11587 16 82 0 0 0 
1900 11778 11913 8085 12083 14 62 0 0 0 
2000 12180 12375 8982 12562 15 72 0 0 0 
2100 12398 12541 9688 12701 16 74 0 0 0 
2200 12494 12619 10160 12825 17 101 0 0 0 
2300 12540 12664 10533 12794 16 86 0 0 0 
2400 12583 12643 10847 12846 23 107 0 0 0 
2500 12617 12741 11049 12861 15 91 17 0 0 
2600 12631 12696 11147 12880 16 120 73 0 0 
2700 12615 12640 11161 12781 27 92 97 0 0 
2800 12736 12771 11321 12923 28 93 148 0 0 
2900 12740 12753 11062 12941 17 111 289 0 0 
3000 12711 12719 10950 12889 9 107 483 0 0 
3100 12824 12816 10613 12914 16 104 827 0 0 
3200 12873 12801 10365 12896 12 86 1134 0 0 
3300 12826 12676 11262 12881 19 113 1811 0 2 
3400 12873 12736 11590 12899 14 137 3415 0 0 
3500 12962 12738 11610 12834 16 169 4913 0 0 
3600 12906 12727 11719 12840 18 178 6245 0 0 
3700 12934 12728 11745 12760 11 220 7295 0 0 
3800 13040 12775 11816 12818 12 288 8552 0 1 
3900 13118 12891 11966 12867 12 249 9560 0 0 
4000 13123 12759 11928 12782 10 286 10063 0 0 
4100 13074 12742 11946 12787 16 285 10592 0 0 
4200 13187 12949 12139 12927 8 266 11000 0 2 
4300 13174 12836 12112 12870 16 330 11138 0 0 
4400 13208 12822 12004 12888 20 332 11214 0 2 
4500 13203 12869 12040 12899 16 342 11133 0 0 
4600 13145 12826 12125 12853 18 300 11314 0 0 
4700 13171 12858 12177 12867 10 276 11342 0 2 
4800 13207 12818 12083 12820 13 292 11283 0 0 
4900 13260 12867 12095 12892 20 307 11262 0 0 
5000 13199 12817 12072 12871 17 317 11148 0 0 
5100 13193 12814 12061 12881 12 299 11212 0 1 
5200 13256 12923 12124 12929 22 318 11309 0 2 
5300 13194 12835 12123 12840 15 259 11339 0 2 
5400 13135 12823 11995 12923 19 302 11249 0 1 
5500 13199 12889 12130 12908 21 267 11301 0 0 
5600 13167 12864 12056 12899 27 333 11281 0 0 
5700 13236 12912 12226 12955 20 292 11374 0 0 
5800 13188 12805 12083 12873 7 305 11186 0 0 
5900 13284 12932 12114 12934 14 322 11320 0 0 
6000 13205 12858 12039 12875 20 325 11289 0 1 
6100 13334 12914 12156 12956 15 303 11390 0 0 
6200 13260 12863 12076 12900 31 352 11343 0 0 
6300 13233 12905 12211 12921 17 283 11401 0 2 
6400 13267 12915 12191 12909 11 310 11377 0 0 
6500 13209 12861 12143 12889 21 281 11333 0 0 
6600 13211 12836 12129 12888 12 341 11275 0 0 
6700 13192 12852 12106 12890 15 341 11264 0 1 
6800 13300 12879 12163 12950 13 305 11441 2 0 
6900 13211 12913 12160 12924 21 306 11364 0 0 
7000 13272 12856 12057 12885 19 347 11249 0 2 
7100 13193 12913 12161 12935 22 301 11307 6 0 
7200 13309 12875 12178 12899 43 320 11378 26 0 
7300 13221 12905 12135 12908 144 434 11377 19 1 
7400 13264 12922 12166 12925 445 691 11331 22 0 
7500 13347 12902 12310 12930 961 1186 11420 22 1 
7600 13296 12852 12147 12937 1609 1791 11376 12 0 
7700 13352 12919 12276 12978 2300 2429 11467 7 0 
7800 13365 12979 12332 13083 3077 3216 11445 11 0 
7900 13389 12941 12374 13011 3885 3950 11396 6 0 
8000 13340 12834 12309 12991 4700 4627 11461 0 0 
8100 13451 12972 12349 13125 5566 5382 11562 0 0 
8200 13469 12903 12350 13022 6164 5963 11419 0 0 
8300 13485 12948 12437 13101 6859 6622 11562 6 0 
8400 13291 12957 12406 13188 7750 7379 11536 1419 0 
8500 13225 12974 12451 13190 8681 8048 11582 2749 0 
8600 13176 12993 12402 13254 9451 8725 11637 3869 0 
8700 13011 13009 12462 13310 10035 9043 11634 4779 0 
8800 13043 13036 12398 13318 10403 9610 11593 5868 0 
8900 12958 13037 12432 13315 10698 9780 11625 6722 2 
9000 12838 12950 12385 13249 11107 10017 11624 7565 0 
9100 12764 12949 12297 13266 11439 10264 11570 8389 0 
9200 12648 12931 12323 13225 11611 10335 11577 8959 2 
9300 12710 13026 12381 13329 11816 10509 11608 9392 0 
9400 12612 12937 12260 13221 11924 10744 11561 9730 0 
9500 12622 13016 12356 13364 12041 10782 11579 10035 1 
9600 12595 13002 12370 13328 12202 10779 11643 10315 1 
9700 12568 13011 12355 13336 12242 10931 11604 10501 1 
9800 12526 13046 12354 13283 12185 10907 11541 10609 0 
9900 12568 13032 12353 13312 12229 10936 11564 10767 0 
10000 12527 13021 12410 13325 12308 10956 11610 10858 1 
