# Avida tasks data
# Tue Apr 25 01:23:07 2023
# First column gives the current update, next columns give the number
# of organisms that have the particular task as a component of their merit
#  1: Update
#  2: Not
#  3: Nand
#  4: And
#  5: OrNot
#  6: Or
#  7: AndNot
#  8: Nor
#  9: Xor
# 10: Equals

0 0 0 0 0 0 0 0 0 0 
100 0 0 0 0 0 0 0 0 0 
200 0 0 0 0 0 0 0 0 0 
300 0 0 0 0 0 0 0 0 0 
400 0 0 0 0 0 0 0 0 0 
500 0 0 0 0 0 0 0 0 0 
600 0 0 0 0 0 0 0 0 0 
700 0 0 0 0 0 0 0 0 0 
800 1 0 0 0 0 0 0 0 0 
900 41 19 0 0 0 0 0 0 0 
1000 110 83 0 0 0 0 0 0 0 
1100 276 201 0 38 0 3 0 0 0 
1200 797 306 0 681 94 89 0 0 0 
1300 650 252 1 1510 1150 201 0 0 0 
1400 588 204 1 2567 2278 557 0 0 0 
1500 707 193 3 3248 2909 1412 0 0 0 
1600 1009 231 0 3940 3568 2285 0 0 0 
1700 1303 365 0 4522 4114 3040 0 0 0 
1800 1521 575 0 4968 4532 3694 0 0 0 
1900 1784 1036 1 5449 5060 4386 0 0 0 
2000 2492 1541 7 5798 5440 4909 2 0 0 
2100 3102 2115 10 6244 5871 5548 0 0 0 
2200 3464 2617 7 6656 6330 6088 0 0 0 
2300 3931 3057 0 7045 6767 6657 0 0 0 
2400 4422 3704 2 7420 7182 7198 0 0 0 
2500 4787 4195 3 7791 7559 7708 0 0 0 
2600 5468 4777 0 8183 7952 8207 0 0 0 
2700 6061 5474 7 8501 8304 8706 0 0 0 
2800 6584 6079 2 8871 8594 9163 0 0 0 
2900 7099 6504 4 9148 8946 9595 1 0 0 
3000 7575 7161 8 9390 9174 9937 0 0 0 
3100 8231 7775 3 9682 9429 10338 0 0 0 
3200 8650 8301 14 9924 9641 10622 0 0 0 
3300 9146 8730 5 10153 9949 11027 3 0 0 
3400 9481 9134 28 10415 10241 11300 2 0 0 
3500 9856 9406 34 10748 10608 11625 0 0 0 
3600 10172 9776 37 10980 10767 11912 2 0 0 
3700 10326 10227 26 11001 10829 12079 1 0 0 
3800 10546 10517 24 11248 11026 12297 2 0 0 
3900 10817 10637 10 11368 11271 12449 66 0 0 
4000 10865 10847 5 11095 11174 12508 202 0 0 
4100 11117 11054 33 11176 11411 12618 445 0 0 
4200 11116 11121 112 10837 11347 12632 754 0 0 
4300 11157 11286 72 10854 11321 12721 1220 0 0 
4400 11263 11334 65 11100 11395 12710 1847 0 0 
4500 11406 11465 59 11182 11416 12770 2578 0 0 
4600 11393 11445 64 11326 11367 12713 3379 0 0 
4700 11405 11388 62 11310 11314 12629 3996 0 0 
4800 11625 11573 68 11336 11443 12719 4896 0 0 
4900 11648 11638 44 11420 11420 12770 5648 0 0 
5000 11719 11826 40 11398 11512 12733 6276 0 0 
5100 11634 11908 42 11365 11452 12707 6892 0 0 
5200 11862 12138 24 11522 11609 12816 7604 0 0 
5300 11735 12211 19 11308 11478 12806 8107 0 0 
5400 11716 12286 25 11317 11451 12799 8694 0 0 
5500 11743 12295 25 11260 11444 12743 9123 0 0 
5600 11803 12362 23 11205 11468 12751 9450 0 0 
5700 11603 12330 28 11153 11388 12697 9618 0 0 
5800 11730 12348 29 11072 11374 12682 9777 0 0 
5900 11844 12322 30 11231 11447 12653 10060 0 0 
6000 11746 12239 20 11169 11366 12625 10176 0 0 
6100 11816 12261 29 11184 11426 12665 10410 0 0 
6200 11769 12376 32 11209 11430 12693 10545 0 0 
6300 11807 12410 30 11087 11374 12564 10608 0 0 
6400 11845 12447 27 11156 11406 12593 10683 0 0 
6500 11771 12429 37 10986 11367 12587 10714 0 0 
6600 11722 12392 13 11002 11367 12591 10767 0 0 
6700 11815 12444 22 11138 11438 12623 10893 0 0 
6800 11906 12511 26 11221 11465 12696 10989 0 0 
6900 11859 12526 20 11159 11415 12674 10889 0 0 
7000 11887 12526 16 11163 11386 12689 10875 0 0 
7100 11852 12507 26 11156 11449 12656 10939 0 0 
7200 11806 12462 31 11189 11423 12662 10931 0 0 
7300 11812 12496 24 11184 11388 12637 10921 0 0 
7400 11771 12567 19 11134 11359 12621 10833 0 0 
7500 11867 12475 17 11157 11392 12610 10961 0 0 
7600 11849 12482 17 11216 11448 12647 10957 0 0 
7700 11905 12523 16 11197 11510 12702 11045 0 0 
7800 11985 12630 27 11262 11581 12714 11149 0 0 
7900 11893 12499 27 11206 11478 12599 10999 0 0 
8000 11808 12414 39 11157 11409 12630 10940 0 0 
8100 11962 12512 23 11182 11492 12737 10990 0 0 
8200 11943 12429 29 11178 11476 12680 11011 0 0 
8300 11921 12486 14 11192 11487 12689 11050 0 0 
8400 11921 12498 15 11101 11373 12647 10858 0 0 
8500 11941 12538 20 11200 11476 12715 10986 0 0 
8600 11798 12546 27 11063 11361 12658 10925 0 0 
8700 11855 12569 20 11059 11387 12686 10901 0 0 
8800 11927 12483 23 11182 11520 12754 11025 0 0 
8900 11819 12466 31 11101 11430 12644 10932 0 0 
9000 11855 12641 21 11252 11432 12726 11000 0 0 
9100 11873 12536 14 11255 11483 12734 11035 0 0 
9200 11811 12484 24 11132 11447 12687 10926 0 0 
9300 11818 12482 43 11049 11363 12631 10864 0 0 
9400 11861 12529 24 11176 11483 12658 10984 0 0 
9500 11858 12543 16 11176 11500 12693 10966 0 0 
9600 11870 12532 25 11161 11387 12661 10931 0 0 
9700 12026 12539 29 11140 11516 12715 11011 0 0 
9800 11863 12488 40 11155 11419 12692 10940 0 0 
9900 12023 12479 42 11245 11545 12701 11028 0 0 
10000 11953 12636 34 11266 11579 12736 11070 0 0 
