# Avida tasks data
# Tue Apr 25 00:51:17 2023
# First column gives the current update, next columns give the number
# of organisms that have the particular task as a component of their merit
#  1: Update
#  2: Not
#  3: Nand
#  4: And
#  5: OrNot
#  6: Or
#  7: AndNot
#  8: Nor
#  9: Xor
# 10: Equals

0 0 0 0 0 0 0 0 0 0 
100 0 0 0 0 0 0 0 0 0 
200 0 0 0 0 0 0 0 0 0 
300 0 0 0 0 0 0 0 0 0 
400 0 0 0 0 0 0 0 0 0 
500 0 0 0 0 0 0 0 0 0 
600 0 0 0 0 0 0 0 0 0 
700 7 0 0 0 0 0 0 0 0 
800 120 0 0 0 0 0 0 0 0 
900 468 0 0 0 0 0 0 0 0 
1000 939 0 0 0 0 0 0 0 0 
1100 1357 14 0 0 0 0 0 0 0 
1200 1646 47 0 0 0 0 0 0 0 
1300 2029 80 0 28 0 0 0 0 0 
1400 2505 155 0 123 0 0 0 0 0 
1500 3168 180 8 701 49 0 0 0 0 
1600 4200 255 15 1840 269 3 0 0 0 
1700 5157 396 13 2670 793 9 0 0 0 
1800 6097 601 5 3331 1287 65 0 0 0 
1900 6845 849 5 3891 1879 135 16 0 0 
2000 7656 1080 9 4496 3131 226 110 0 0 
2100 8586 1693 4 5476 4386 242 245 0 0 
2200 9357 3044 1 6577 5571 253 260 0 0 
2300 10094 4422 0 7496 6775 260 141 0 0 
2400 10811 5922 5 8337 7769 229 90 0 0 
2500 11409 7288 7 9051 8535 168 35 0 0 
2600 11898 8399 7 9819 9167 86 9 0 0 
2700 12253 9478 4 10459 9890 21 1 0 0 
2800 12328 10278 9 10791 10184 5 0 0 0 
2900 12483 10757 22 11166 10489 519 0 0 0 
3000 12402 11060 52 11206 10482 1694 0 0 0 
3100 12495 11264 65 11386 10665 3010 12 0 0 
3200 12529 11315 91 11450 10771 4290 12 0 0 
3300 12551 11472 95 11542 10775 5546 18 0 0 
3400 12616 11579 116 11750 10979 6485 10 0 0 
3500 12574 11676 117 11749 11039 7359 21 0 0 
3600 12661 11960 104 11932 11064 8316 31 0 0 
3700 12685 12144 65 12002 11244 9178 108 0 0 
3800 12822 12425 52 12185 11415 9801 243 0 0 
3900 12843 12540 56 12225 11394 10042 600 0 0 
4000 12884 12562 59 12260 11321 10002 1076 0 0 
4100 12825 12783 59 12298 11408 10043 1586 0 0 
4200 12941 13038 57 12344 11425 9617 2293 0 0 
4300 13032 12556 65 12422 11634 9513 2953 0 0 
4400 13092 11538 56 12495 11850 9517 3934 0 0 
4500 13073 10375 68 12492 11889 9619 5048 0 0 
4600 13081 9402 59 12450 11846 9755 5855 0 0 
4700 13084 8493 55 12356 11701 10001 6478 0 0 
4800 13140 7633 69 12537 11935 10093 7386 0 0 
4900 13088 6740 62 12436 11848 10408 7960 0 0 
5000 13112 5991 43 12491 11798 10663 8620 0 0 
5100 13106 5283 46 12423 11774 10795 9197 0 0 
5200 13041 4597 50 12454 11747 10924 9711 0 0 
5300 13090 3857 47 12446 11739 11170 10220 0 0 
5400 13045 3277 32 12314 11688 11560 10609 0 0 
5500 13051 2955 13 12327 11650 11643 11005 0 0 
5600 13103 2856 25 12335 11643 11799 11176 0 0 
5700 13074 2817 23 12249 11617 11948 11378 0 0 
5800 13027 2812 21 12213 11482 12123 11349 0 0 
5900 13087 2836 28 12181 11442 12293 11391 0 0 
6000 13019 3185 23 12221 11456 12572 11426 0 0 
6100 13019 3489 25 12201 11450 12526 11415 0 0 
6200 13011 4108 9 12201 11495 12772 11476 0 0 
6300 12900 4502 24 12193 11349 12792 11334 0 0 
6400 12966 5107 17 12155 11469 12785 11454 0 0 
6500 13055 5702 26 12245 11509 12966 11516 0 0 
6600 13029 6475 16 12091 11370 12994 11397 0 0 
6700 13019 7073 11 12193 11492 12961 11452 0 0 
6800 13041 7572 17 12197 11409 13059 11413 0 0 
6900 13054 8128 29 12126 11371 13039 11339 0 0 
7000 13090 8689 7 12167 11473 12998 11434 0 0 
7100 12997 9202 19 12025 11322 12984 11295 0 0 
7200 13019 9703 20 12064 11280 13015 11279 0 0 
7300 13003 10172 17 12076 11285 12913 11249 0 0 
7400 13012 10665 9 12045 11304 13003 11290 0 0 
7500 12982 11025 16 12034 11226 12994 11283 0 0 
7600 12979 11358 19 12068 11268 12966 11284 0 0 
7700 12986 11634 13 12017 11222 13039 11220 0 0 
7800 13014 11868 19 12093 11404 13000 11414 0 0 
7900 12988 12099 22 11967 11146 12961 11196 0 0 
8000 13006 12251 14 12100 11358 13070 11382 0 0 
8100 12965 12419 11 12004 11279 13074 11251 0 0 
8200 12978 12598 12 12067 11288 13022 11325 0 0 
8300 13026 12734 16 12060 11301 12964 11363 0 0 
8400 12961 13009 15 12120 11371 13102 11401 0 0 
8500 12967 13025 12 12085 11283 13094 11323 0 0 
8600 12953 12987 16 12091 11322 12966 11320 0 0 
8700 13020 12984 17 12189 11379 13025 11409 0 0 
8800 12942 13008 11 12049 11315 13027 11306 0 0 
8900 12925 12988 11 11979 11245 12987 11227 0 0 
9000 13011 13009 11 12059 11348 12988 11321 0 0 
9100 12913 13003 16 12013 11230 12952 11211 0 1 
9200 12921 12991 12 11978 11255 12953 11236 0 0 
9300 12833 13042 8 12076 11282 13028 11291 0 0 
9400 12982 12925 12 12055 11304 12937 11279 0 0 
9500 12948 13049 15 12044 11253 12971 11300 0 0 
9600 12945 13069 17 12054 11252 13043 11244 0 0 
9700 13020 13088 9 12012 11260 12929 11295 0 0 
9800 12983 13002 13 11955 11266 12964 11283 0 0 
9900 13076 13017 8 12018 11195 13043 11202 0 0 
10000 12947 13059 20 11957 11172 13007 11225 0 0 
