# Avida tasks data
# Tue Apr 25 03:56:41 2023
# First column gives the current update, next columns give the number
# of organisms that have the particular task as a component of their merit
#  1: Update
#  2: Not
#  3: Nand
#  4: And
#  5: OrNot
#  6: Or
#  7: AndNot
#  8: Nor
#  9: Xor
# 10: Equals

0 0 0 0 0 0 0 0 0 0 
100 0 0 0 0 0 0 0 0 0 
200 0 0 0 0 0 0 0 0 0 
300 1 0 0 0 0 0 0 0 0 
400 5 0 0 0 0 0 0 0 0 
500 160 5 0 0 0 0 0 0 0 
600 629 14 0 0 0 0 0 0 0 
700 1566 78 0 0 0 0 0 0 0 
800 2732 122 0 285 6 0 0 0 0 
900 2069 135 0 1465 5 0 0 0 0 
1000 1963 175 0 2119 3 0 0 0 0 
1100 2151 186 0 2368 3 0 0 0 0 
1200 2711 180 0 2498 1 0 0 0 0 
1300 3026 651 0 2543 6 2 0 0 0 
1400 2852 1350 623 2894 18 6 0 0 0 
1500 2669 1941 1232 3429 24 25 0 0 0 
1600 2526 2135 1528 3572 19 24 0 0 0 
1700 2438 2551 1983 3947 21 34 1 0 0 
1800 2401 2939 2350 4153 18 30 1 0 0 
1900 2396 2944 2343 4152 25 463 1 0 0 
2000 2411 2938 2343 4139 23 902 1 0 0 
2100 2414 3151 2485 4281 19 1253 1 0 0 
2200 2417 3715 2953 4787 18 1869 1 0 0 
2300 2446 4621 3765 5599 18 2818 2 0 0 
2400 2420 5170 4246 6120 18 3490 2 0 0 
2500 2363 5527 4534 6429 18 3898 2 0 0 
2600 2319 5815 4750 6702 17 4220 3 0 0 
2700 2241 6132 5063 7018 16 4559 7 0 0 
2800 2193 6429 5315 7289 12 4912 6 0 0 
2900 2160 6646 5484 7480 12 5157 7 0 0 
3000 2146 6880 5673 7714 12 5444 12 0 0 
3100 2113 7133 5937 7935 12 5735 5 0 0 
3200 2156 7153 5976 7942 12 5696 3 0 0 
3300 2505 7215 6024 8002 11 5791 2 0 0 
3400 2980 7313 6127 8094 6 6008 4 0 0 
3500 3331 7383 6156 8142 5 6126 3 0 0 
3600 3373 7388 6160 8171 5 6141 3 0 0 
3700 3265 7399 6156 8189 5 6145 3 0 0 
3800 3052 7377 6133 8186 5 6143 3 0 0 
3900 3046 7388 6107 8199 10 6192 3 0 0 
4000 3042 7404 6096 8223 9 6232 3 0 0 
