# Avida tasks data
# Tue Apr 25 06:47:41 2023
# First column gives the current update, next columns give the number
# of organisms that have the particular task as a component of their merit
#  1: Update
#  2: Not
#  3: Nand
#  4: And
#  5: OrNot
#  6: Or
#  7: AndNot
#  8: Nor
#  9: Xor
# 10: Equals

0 0 0 0 0 0 0 0 0 0 
100 0 0 0 0 0 0 0 0 0 
200 0 0 0 0 0 0 0 0 0 
300 0 0 0 0 0 0 0 0 0 
400 5 0 0 0 0 0 0 0 0 
500 27 0 0 0 0 0 0 0 0 
600 12 1229 0 1191 0 0 0 0 0 
700 77 4115 2298 4144 10 227 0 0 0 
800 134 6032 4172 6175 0 749 0 0 0 
900 212 7919 6002 8132 6 1608 1 0 0 
1000 942 9327 7501 9645 43 2545 0 0 0 
1100 2949 10569 8761 11072 56 3740 0 0 0 
1200 4750 11301 9688 11959 52 4633 0 0 0 
1300 5997 11611 10146 12264 120 5319 0 0 0 
1400 6930 11728 10405 12477 304 6001 0 0 8 
1500 6532 11773 10391 12557 375 6408 0 2 665 
1600 5309 11845 10546 12594 286 6873 0 1 1668 
1700 4232 11806 10639 12680 259 7104 0 31 2610 
1800 3589 11750 10708 12732 281 6867 1 465 3546 
1900 3128 11762 10754 12785 349 6016 8 1355 4455 
2000 2834 11875 10904 12796 286 5307 0 2219 5096 
2100 3526 11955 10951 12855 369 4779 12 2799 5516 
2200 4982 12012 10954 12901 293 4176 50 3366 5791 
2300 6233 12019 11028 12997 249 3544 52 4023 6037 
2400 7487 12121 11176 13049 211 3074 105 4670 6340 
2500 8811 12282 11356 13252 205 2636 106 5444 6781 
2600 9939 12449 11546 13430 206 2294 120 6100 7152 
2700 10962 12557 11748 13592 241 1973 163 6720 7415 
2800 11522 12594 11809 13666 250 2142 184 7172 7696 
2900 11869 12709 11891 13648 190 2669 153 7584 8049 
3000 11847 12747 11880 13644 208 3893 167 7608 8055 
3100 11910 12837 11936 13634 212 5044 175 7878 8359 
3200 12008 12830 11928 13631 192 5973 158 7922 8396 
3300 12145 12752 11840 13637 209 6941 183 8141 8611 
3400 12307 12830 11996 13623 209 7961 178 8550 8913 
3500 12442 12850 11940 13665 256 8486 223 8698 9041 
3600 12539 12936 12065 13680 226 9212 194 9037 9256 
3700 12616 12924 11990 13649 213 9699 170 9284 9467 
3800 12736 12938 12099 13678 191 10171 171 9691 9795 
3900 12847 12972 12053 13676 212 10207 190 9653 9705 
4000 12982 12953 12007 13657 278 10238 256 9739 9704 
4100 13152 12991 12106 13707 204 10231 187 9952 9821 
4200 13306 12968 12072 13722 225 10293 211 10073 9895 
4300 13332 12980 12037 13654 219 10288 207 10036 9803 
4400 13291 13021 12100 13694 235 10320 213 10216 9903 
4500 13389 13044 12014 13700 232 10218 212 10060 9841 
4600 13270 13024 12041 13641 217 10319 187 10140 9827 
4700 13227 12953 12002 13679 186 10229 165 10057 9742 
4800 13361 13024 12043 13666 205 10268 180 10173 9919 
4900 13296 13021 12087 13672 205 10311 178 10113 9824 
5000 13300 13072 12170 13623 225 10391 198 10147 9881 
5100 13302 12944 11960 13603 187 10235 163 10001 9723 
5200 13340 13035 12084 13715 223 10375 198 10201 9926 
5300 13272 12959 12040 13688 235 10348 214 10134 9853 
5400 13313 12997 12041 13648 208 10332 197 10173 9898 
5500 13264 13072 12076 13647 216 10310 198 10256 9938 
5600 13319 13140 12221 13684 238 10328 218 10348 10051 
5700 13314 13115 12158 13650 233 10217 216 10236 9950 
5800 13323 13024 12057 13595 234 10278 224 10219 9939 
5900 13222 13104 12175 13635 234 10337 225 10223 9893 
6000 13244 13045 12101 13638 228 10260 216 10118 9830 
6100 13158 13055 12106 13609 223 10411 219 10114 9798 
6200 13273 13149 12242 13622 196 10450 202 10259 9945 
6300 13304 13159 12107 13603 194 10343 196 10271 9968 
6400 13254 13141 12142 13665 211 10402 201 10286 9986 
6500 13263 13234 12227 13629 200 10392 203 10361 10038 
6600 13262 13212 12263 13625 197 10483 198 10417 10118 
6700 13245 13167 12199 13606 206 10431 201 10416 10097 
6800 13219 13232 12312 13620 206 10535 191 10499 10130 
6900 13292 13196 12307 13651 196 10595 183 10493 10178 
7000 13243 13166 12217 13568 192 10433 159 10398 10086 
7100 13191 13066 12289 13660 223 10351 191 10340 10013 
7200 13251 13094 12310 13670 190 10408 170 10457 10167 
7300 13266 13161 12406 13665 217 10539 181 10591 10332 
7400 13225 13132 12394 13695 187 10502 164 10609 10267 
7500 13290 13168 12352 13733 193 10435 160 10574 10248 
7600 13219 13158 12364 13711 201 10508 161 10589 10237 
7700 13210 13116 12272 13646 243 10411 196 10461 10155 
7800 13219 13094 12359 13673 233 10319 197 10451 10091 
7900 13262 13128 12415 13678 200 10484 159 10560 10241 
8000 13242 13143 12444 13652 199 10608 164 10655 10320 
8100 13205 13119 12328 13612 232 10492 186 10542 10170 
8200 13255 13077 12355 13626 209 10576 164 10587 10278 
8300 13270 13103 12283 13684 229 10489 177 10505 10198 
8400 13260 13107 12366 13664 206 10462 164 10600 10274 
8500 13196 13038 12274 13632 214 10389 162 10536 10183 
8600 13226 13116 12396 13698 211 10517 173 10575 10287 
8700 13230 13226 12449 13664 199 10635 178 10659 10304 
8800 13220 13142 12390 13708 210 10539 187 10559 10255 
8900 13160 13099 12417 13671 226 10565 182 10589 10219 
9000 13269 13136 12446 13692 199 10614 162 10650 10318 
9100 13230 13092 12419 13716 193 10538 165 10620 10252 
9200 13247 13047 12392 13652 168 10640 136 10677 10384 
9300 13195 13139 12330 13672 219 10538 188 10531 10182 
9400 13215 13166 12486 13732 219 10780 176 10663 10316 
9500 13248 13208 12482 13701 206 10712 164 10768 10423 
9600 13212 13112 12400 13680 207 10619 170 10623 10283 
9700 13124 13166 12394 13662 213 10658 170 10570 10205 
9800 13279 13045 12350 13650 227 10437 193 10487 10182 
9900 13204 13157 12386 13675 208 10459 164 10510 10174 
10000 13239 13092 12423 13663 201 10587 177 10655 10330 
