# Avida tasks data
# Tue Apr 25 00:26:30 2023
# First column gives the current update, next columns give the number
# of organisms that have the particular task as a component of their merit
#  1: Update
#  2: Not
#  3: Nand
#  4: And
#  5: OrNot
#  6: Or
#  7: AndNot
#  8: Nor
#  9: Xor
# 10: Equals

0 0 0 0 0 0 0 0 0 0 
100 0 0 0 0 0 0 0 0 0 
200 0 0 0 0 0 0 0 0 0 
300 0 0 0 0 0 0 0 0 0 
400 0 0 0 0 0 0 0 0 0 
500 0 0 0 0 0 0 0 0 0 
600 0 0 0 0 0 0 0 0 0 
700 0 0 0 0 0 0 0 0 0 
800 1 0 0 0 0 0 0 0 0 
900 4 0 0 0 0 0 0 0 0 
1000 34 3 0 0 0 0 0 0 0 
1100 155 28 0 0 0 0 0 0 0 
1200 514 67 0 4 0 0 0 0 0 
1300 1184 128 0 73 0 1 0 0 0 
1400 2520 286 0 1101 239 23 0 0 0 
1500 2496 304 0 1144 882 23 0 0 0 
1600 2580 328 0 1289 1043 23 0 0 0 
1700 3062 381 0 1793 1569 23 0 0 0 
1800 3678 412 0 2456 2324 23 0 0 0 
1900 4316 583 0 3132 3006 17 0 0 0 
2000 4715 619 0 3553 3437 3 0 0 0 
2100 4728 560 0 3569 3449 3 0 0 0 
2200 4725 553 0 3571 3444 3 0 0 0 
2300 4694 573 0 3596 3452 2 0 0 0 
2400 4858 573 0 3798 3665 2 0 0 0 
2500 5100 571 1 4080 3956 2 1 0 0 
2600 5185 576 0 4195 4062 2 5 0 0 
2700 5275 580 0 4331 4205 2 3 0 0 
2800 5365 603 2 4406 4274 5 289 0 0 
2900 5424 597 0 4468 4340 2 695 0 0 
3000 5540 582 0 4611 4488 13 1010 0 0 
3100 5689 576 0 4779 4647 9 1303 0 0 
3200 5649 553 0 4768 4641 9 1327 0 0 
3300 5719 556 0 4840 4730 7 1400 0 0 
3400 5871 560 0 5008 4908 9 1579 0 0 
3500 6029 549 0 5151 5075 8 1765 0 0 
3600 6151 550 0 5306 5230 5 1929 0 0 
3700 6206 530 0 5425 5356 5 2045 0 0 
3800 6361 517 0 5560 5495 9 2160 0 0 
3900 6463 523 0 5675 5631 3 2352 0 0 
4000 6551 539 0 5786 5747 5 2417 0 0 
4100 6655 520 2 5938 5917 13 2554 0 0 
4200 6770 525 1 6128 6075 10 2689 0 0 
4300 6899 540 0 6278 6239 15 2819 0 0 
4400 6944 553 0 6368 6335 16 2884 0 0 
4500 6951 551 0 6422 6388 16 2931 0 0 
4600 7038 544 0 6540 6507 16 3064 0 0 
4700 7189 546 0 6705 6704 15 3174 0 0 
4800 7284 545 0 6846 6830 12 3410 0 0 
4900 7381 534 0 6986 6965 12 3526 0 0 
5000 7522 528 0 7170 7162 12 3686 0 0 
5100 7606 522 0 7257 7263 22 3793 0 0 
5200 7728 526 0 7376 7392 12 3897 0 0 
5300 7868 513 0 7549 7555 19 4026 0 0 
5400 7966 505 0 7665 7696 21 4152 0 0 
5500 8073 531 0 7804 7839 21 4313 0 0 
5600 8140 522 0 7891 7908 20 4292 0 0 
5700 8159 520 2 7935 7922 20 4319 0 0 
5800 8178 500 1 7950 7931 23 4336 0 0 
5900 8225 501 1 8024 8004 20 4365 0 0 
6000 8303 439 1 8099 8099 15 4434 0 0 
6100 8385 379 1 8230 8247 18 4586 0 0 
6200 8526 347 1 8428 8460 16 4744 0 0 
6300 8633 350 1 8580 8614 14 4861 0 0 
6400 8795 339 1 8761 8783 14 5026 0 0 
6500 8742 339 1 8759 8789 14 5040 0 0 
6600 8887 353 2 8900 8933 21 5168 0 0 
6700 9010 322 1 9032 9055 20 5332 0 0 
6800 9087 344 1 9136 9188 19 5417 0 0 
6900 9172 345 1 9214 9266 19 5473 0 0 
7000 9189 343 1 9244 9289 22 5594 0 0 
7100 9244 338 1 9279 9327 19 5741 0 0 
7200 9269 313 1 9315 9379 21 5852 0 0 
7300 9354 320 1 9421 9482 27 5949 0 0 
7400 9413 324 1 9479 9557 25 6035 0 0 
7500 9506 315 1 9559 9646 19 6216 0 0 
7600 9554 308 1 9621 9696 24 6322 0 0 
7700 9617 286 1 9674 9759 24 6403 0 0 
7800 9636 296 1 9737 9804 21 6578 0 0 
7900 9664 299 1 9772 9871 20 6561 0 0 
8000 9731 274 1 9836 9931 32 6710 0 0 
8100 9802 289 1 9873 9977 21 6824 0 0 
8200 9850 281 1 9943 10044 22 6905 0 0 
8300 9876 273 1 9998 10087 22 6934 0 0 
8400 9928 247 1 10044 10151 29 7002 0 0 
8500 10026 240 1 10139 10226 30 7040 0 0 
8600 10015 243 1 10172 10252 29 7046 0 0 
8700 10053 227 1 10200 10295 31 7094 0 0 
8800 10074 227 1 10241 10312 37 7124 0 0 
8900 10222 223 1 10367 10461 35 7263 0 0 
9000 10278 228 1 10449 10537 37 7372 0 0 
9100 10328 219 1 10531 10603 36 7487 0 0 
9200 10400 223 1 10592 10663 32 7514 0 0 
9300 10436 214 1 10634 10696 40 7512 0 0 
9400 10543 210 1 10720 10798 32 7594 0 0 
9500 10590 219 1 10750 10849 25 7719 0 0 
9600 10659 237 1 10831 10957 33 7820 0 0 
9700 10701 241 0 10910 11004 40 7867 0 0 
9800 10797 229 0 11001 11087 41 8010 0 0 
9900 10866 235 0 11097 11173 37 8123 0 0 
10000 10906 251 0 11177 11206 36 8197 0 0 
