# Avida tasks data
# Tue Apr 25 06:00:37 2023
# First column gives the current update, next columns give the number
# of organisms that have the particular task as a component of their merit
#  1: Update
#  2: Not
#  3: Nand
#  4: And
#  5: OrNot
#  6: Or
#  7: AndNot
#  8: Nor
#  9: Xor
# 10: Equals

0 0 0 0 0 0 0 0 0 0 
100 0 0 0 0 0 0 0 0 0 
200 0 0 0 0 0 0 0 0 0 
300 0 0 0 0 0 0 0 0 0 
400 0 0 0 0 0 0 0 0 0 
500 0 0 0 0 0 0 0 0 0 
600 0 9 0 1 0 0 0 0 0 
700 27 209 0 238 0 0 0 0 0 
800 1878 898 0 1759 2 0 0 0 0 
900 3925 3103 0 3666 52 0 0 0 0 
1000 5246 5409 0 5521 758 24 0 0 0 
1100 5418 7027 7 6738 1919 1456 1 0 0 
1200 5350 7827 9 7293 2607 3691 0 0 0 
1300 4716 7760 561 7592 3452 5623 10 0 0 
1400 4672 7772 1530 8387 4486 7387 11 0 0 
1500 6093 8282 2957 9065 5408 8532 9 0 0 
1600 7391 9013 4698 9413 5882 9003 12 0 0 
1700 8304 9491 6101 9709 6692 9401 12 0 0 
1800 9227 10114 7425 10140 7700 10088 17 0 0 
1900 9803 10702 8558 10497 8594 10619 10 0 0 
2000 10430 11054 9545 10941 9592 11066 6 0 0 
2100 11048 11424 10617 11217 10382 11544 12 0 0 
2200 11626 11948 11493 11572 11100 12024 9 0 0 
2300 12180 12456 12146 11906 11577 12463 18 0 0 
2400 12562 12777 12507 12201 11836 12694 8 0 0 
2500 12882 13013 12795 12519 12237 12938 11 0 0 
2600 13065 13231 12922 12562 12202 13085 9 0 0 
2700 13222 13316 12968 12653 12332 13110 13 0 0 
2800 13169 13412 13015 12632 12375 13176 5 0 0 
2900 13284 13376 13029 12692 12408 13194 12 0 0 
3000 13304 13367 12991 12723 12390 13080 19 0 0 
3100 13299 13381 13102 12801 12461 13221 6 0 0 
3200 13333 13373 13018 12660 12374 13147 4 0 0 
3300 13256 13408 13112 12677 12373 13202 11 0 0 
3400 13238 13384 13048 12714 12348 13149 23 0 0 
3500 13282 13397 13037 12682 12385 13160 20 0 0 
3600 13290 13431 13059 12797 12475 13163 12 0 0 
3700 13278 13458 13032 12828 12416 13200 10 0 0 
3800 13235 13457 12991 12811 12464 13105 12 0 0 
3900 13293 13436 12988 12825 12469 13162 13 0 0 
4000 13227 13433 13015 12680 12412 13084 11 0 0 
4100 13246 13418 12938 12795 12459 13093 9 0 0 
4200 13302 13448 13012 12815 12496 13103 15 0 0 
4300 13301 13462 13079 12793 12484 13214 11 0 0 
4400 13314 13407 13004 12778 12522 13144 14 0 0 
4500 13316 13368 12995 12817 12522 13088 16 0 0 
4600 13279 13467 12966 12853 12513 13092 15 0 0 
4700 13300 13390 12991 12786 12478 13100 10 0 0 
4800 13226 13355 12955 12729 12404 13070 14 1 0 
4900 13370 13399 12955 12791 12537 13079 5 0 0 
5000 13345 13455 13027 12855 12563 13113 5 0 0 
5100 13287 13355 13018 12790 12499 13107 15 0 1 
5200 13290 13417 12980 12697 12462 13066 13 0 0 
5300 13368 13413 13068 12892 12559 13174 14 0 0 
5400 13346 13416 13041 12857 12566 13144 7 0 0 
5500 13299 13484 13053 12839 12557 13180 13 0 0 
5600 13216 13429 12985 12762 12419 13127 14 0 0 
5700 13313 13438 13085 12833 12592 13192 16 0 0 
5800 13321 13440 13030 12866 12525 13192 7 0 0 
5900 13244 13386 13039 12844 12536 13132 20 0 0 
6000 13279 13402 13052 12787 12575 13116 18 0 0 
6100 13291 13423 12961 12770 12524 13109 22 0 0 
6200 13313 13443 13032 12793 12500 13112 18 0 0 
6300 13376 13482 13123 12909 12610 13205 13 0 3 
6400 13352 13452 12997 12727 12525 13156 16 3 49 
6500 13227 13379 12960 12402 12529 13149 22 1 432 
6600 13306 13377 12958 11678 12546 13193 9 5 1182 
6700 13225 13322 12808 10897 12529 13152 16 19 2070 
6800 13249 12891 12719 10360 12492 13184 9 25 3012 
6900 13211 12330 12728 10114 12465 13207 11 38 4084 
7000 13212 12483 12727 10521 12474 13152 12 48 5251 
7100 13160 12764 12935 10862 12386 13214 11 61 6353 
7200 13158 12858 13062 11238 12447 13197 12 64 7429 
7300 13095 12927 13057 11535 12487 13173 12 57 8292 
7400 13084 12970 13139 11957 12403 13228 7 83 9099 
7500 13142 13119 13189 12417 12432 13274 10 60 9766 
7600 13075 13138 13117 12659 12446 13216 7 88 10322 
7700 13034 13254 13183 13050 12378 13240 3 80 10652 
7800 13158 13456 13204 13199 12512 13296 4 70 11111 
7900 13032 13446 13239 13225 12398 13275 3 68 11225 
8000 13046 13502 13175 13363 12385 13249 2 80 11382 
8100 13076 13487 13181 13313 12445 13208 10 94 11568 
8200 13147 13524 13169 13407 12496 13251 4 107 11691 
8300 13092 13509 13168 13442 12409 13252 9 84 11664 
8400 13064 13543 13168 13463 12362 13260 6 92 11609 
8500 13125 13571 13127 13436 12384 13249 4 66 11742 
8600 13071 13554 13167 13371 12419 13230 3 72 11768 
8700 13214 13600 13128 13473 12457 13284 5 69 11781 
8800 13159 13510 13137 13462 12487 13235 0 71 11823 
8900 13193 13508 13174 13390 12535 13295 8 78 11844 
9000 13151 13548 13188 13405 12514 13284 1 87 11867 
9100 13162 13529 13127 13431 12387 13199 4 82 11691 
9200 13131 13588 13158 13499 12423 13227 3 115 11694 
9300 13131 13528 13123 13443 12426 13243 3 90 11665 
9400 13112 13503 13090 13436 12359 13191 6 80 11676 
9500 13167 13585 13142 13469 12467 13264 1 77 11799 
9600 13169 13612 13164 13460 12467 13248 8 94 11799 
9700 13139 13599 13137 13490 12437 13235 10 72 11761 
9800 13180 13491 13134 13423 12455 13176 9 87 11784 
9900 13192 13569 13121 13494 12410 13209 6 77 11783 
10000 13127 13510 13109 13430 12379 13264 5 74 11797 
