# Avida tasks data
# Tue Apr 25 09:53:09 2023
# First column gives the current update, next columns give the number
# of organisms that have the particular task as a component of their merit
#  1: Update
#  2: Not
#  3: Nand
#  4: And
#  5: OrNot
#  6: Or
#  7: AndNot
#  8: Nor
#  9: Xor
# 10: Equals

0 0 0 0 0 0 0 0 0 0 
100 0 0 0 0 0 0 0 0 0 
200 0 0 0 0 0 0 0 0 0 
300 0 0 0 0 0 0 0 0 0 
400 0 0 0 0 0 0 0 0 0 
500 601 52 0 0 0 0 0 0 0 
600 2878 1692 90 1028 6 3 0 0 0 
700 5371 4247 27 3737 25 2 0 0 0 
800 7608 6623 1 6288 46 2 0 0 0 
900 9856 8966 0 8670 57 2 0 0 0 
1000 11118 10394 0 10079 72 0 0 0 0 
1100 11475 10963 0 10628 55 0 0 0 0 
1200 11896 11557 0 11274 55 1 0 0 0 
1300 12143 11886 753 11621 87 8 0 0 0 
1400 12314 12059 2653 11845 84 45 0 0 0 
1500 12341 12133 4369 11892 87 42 0 0 0 
1600 12446 12252 5804 12015 94 49 0 0 0 
1700 12660 12447 7170 12200 72 63 0 0 0 
1800 12726 12544 8305 12248 82 58 0 0 0 
1900 12919 12742 9381 12380 84 74 0 0 0 
2000 13132 12957 10249 12527 70 102 0 0 0 
2100 13125 13082 10949 12657 74 93 0 2 0 
2200 13211 13037 11239 12637 65 120 0 120 0 
2300 13154 13067 11503 12639 78 126 0 436 0 
2400 13203 13136 11709 12655 73 142 0 957 0 
2500 13209 13178 11863 12692 80 122 0 1690 0 
2600 13148 13108 11871 12612 110 164 0 2562 0 
2700 13143 13086 11753 12572 116 177 1 3405 0 
2800 13087 13054 11792 12589 116 226 0 4464 0 
2900 13156 13170 11925 12768 131 352 3 5418 0 
3000 13147 13099 11747 12671 133 675 0 6129 0 
3100 13142 13064 11709 12658 142 977 0 7057 0 
3200 13198 13133 11844 12674 149 1480 0 7958 0 
3300 13151 13201 11889 12660 148 2105 0 8700 0 
3400 13153 13142 11905 12695 127 2694 1 9201 0 
3500 13251 13109 11837 12697 142 3247 2 9475 0 
3600 13191 13113 11834 12672 134 3798 2 9833 0 
3700 13113 13069 11832 12647 140 4449 3 10059 0 
3800 13161 13128 11884 12672 142 5199 2 10340 0 
3900 13194 13136 11908 12627 144 5859 0 10564 0 
4000 13123 13138 11824 12618 149 6177 2 10646 0 
4100 13188 13103 11850 12655 140 6826 2 10866 0 
4200 13136 13090 11824 12685 143 7448 0 10925 0 
4300 13285 13189 11965 12710 121 7885 6 11042 2 
4400 13259 13090 11949 12669 146 8235 2 10975 0 
4500 13124 13070 11833 12597 152 8605 8 10885 0 
4600 13211 13094 11886 12728 165 8915 9 10997 0 
4700 13195 13081 11914 12633 130 9234 7 11042 0 
4800 13173 13023 11806 12648 111 9461 5 10946 0 
4900 13177 13091 11883 12683 132 9757 3 11044 0 
5000 13263 13118 11971 12730 111 9978 3 11140 0 
5100 13289 13133 11947 12685 124 9981 4 11015 0 
5200 13225 13113 11959 12632 113 10052 2 11074 0 
5300 13272 13171 11926 12725 123 10098 4 11082 0 
5400 13282 13159 11888 12672 135 10258 8 11037 0 
5500 13253 13069 11933 12676 119 10367 4 11007 0 
5600 13286 13105 11950 12676 94 10436 9 11058 0 
5700 13262 13198 12066 12730 122 10691 6 11197 0 
5800 13298 13128 11926 12574 100 10436 2 11043 0 
5900 13280 13087 11899 12685 132 10315 7 10997 0 
6000 13189 13098 11898 12561 108 10293 6 11015 0 
6100 13267 13144 11955 12687 109 10397 1 11071 0 
6200 13291 13137 11968 12664 99 10395 0 11093 0 
6300 13262 13104 11895 12620 116 10444 1 11033 0 
6400 13261 13228 12005 12772 104 10530 7 11184 0 
6500 13232 13101 11895 12726 115 10409 4 11076 0 
6600 13257 13175 11944 12732 98 10438 6 11037 0 
6700 13354 13181 11969 12741 101 10409 6 11069 0 
6800 13322 13199 12015 12744 107 10470 3 11106 0 
6900 13231 13125 11894 12695 105 10395 3 11091 0 
7000 13259 13169 11985 12681 114 10439 5 11103 0 
7100 13317 13090 11966 12759 106 10498 3 11157 0 
7200 13285 13185 12033 12833 126 10544 8 11138 0 
7300 13288 13213 12037 12789 109 10490 14 11156 0 
7400 13242 13151 11965 12711 101 10531 9 11090 0 
7500 13356 13209 12050 12826 109 10573 5 11201 0 
7600 13290 13186 12012 12661 103 10461 7 11213 0 
7700 13287 13160 11895 12738 123 10493 5 11106 0 
7800 13346 13197 12092 12735 111 10616 0 11201 0 
7900 13254 13157 12031 12761 100 10573 4 11231 0 
8000 13263 13112 11934 12708 98 10422 5 11137 0 
8100 13355 13258 12124 12813 99 10665 4 11258 0 
8200 13337 13261 12094 12736 86 10570 2 11260 0 
8300 13422 13220 12155 12759 83 10699 2 11334 0 
8400 13414 13187 12058 12738 95 10732 2 11211 0 
8500 13418 13224 12060 12780 95 10598 3 11241 0 
8600 13357 13171 12051 12742 111 10807 7 11326 0 
8700 13432 13218 12117 12720 92 10761 6 11334 0 
8800 13379 13175 12056 12725 88 10713 2 11241 0 
8900 13328 13150 12087 12694 82 10653 2 11310 0 
9000 13339 13176 12062 12757 94 10706 1 11247 0 
9100 13399 13288 12126 12739 85 10691 1 11268 0 
9200 13352 13204 12069 12795 114 10759 1 11325 0 
9300 13407 13128 11982 12679 117 10511 5 11182 0 
9400 13424 13286 12093 12833 104 10732 2 11290 0 
9500 13457 13176 12051 12731 112 10601 3 11212 0 
9600 13418 13272 12153 12743 79 10661 2 11327 0 
9700 13436 13178 12063 12665 99 10713 4 11249 0 
9800 13326 13192 12035 12753 121 10663 6 11247 0 
9900 13398 13286 12146 12815 101 10667 5 11374 0 
10000 13397 13260 12145 12738 110 10667 4 11317 0 
