# Avida tasks data
# Tue Apr 25 09:38:40 2023
# First column gives the current update, next columns give the number
# of organisms that have the particular task as a component of their merit
#  1: Update
#  2: Not
#  3: Nand
#  4: And
#  5: OrNot
#  6: Or
#  7: AndNot
#  8: Nor
#  9: Xor
# 10: Equals

0 0 0 0 0 0 0 0 0 0 
100 0 0 0 0 0 0 0 0 0 
200 0 0 0 0 0 0 0 0 0 
300 0 0 0 0 0 0 0 0 0 
400 0 0 0 0 0 0 0 0 0 
500 8 0 0 0 0 0 0 0 0 
600 354 0 0 0 0 0 0 0 0 
700 834 674 0 17 1 0 0 0 0 
800 1440 1639 0 31 0 0 0 0 0 
900 2017 2409 0 57 0 0 0 0 0 
1000 2028 2409 0 185 1 0 0 0 0 
1100 2027 2398 0 350 0 0 0 0 0 
1200 2056 2381 0 465 7 0 0 0 0 
1300 1992 2392 0 594 5 0 0 0 0 
1400 1912 2411 0 752 5 2 0 0 0 
1500 1912 2413 0 754 5 2 0 0 0 
1600 1909 2407 0 748 5 1 0 0 0 
1700 1911 2411 0 749 5 1 0 0 0 
1800 1897 2389 0 754 5 1 0 0 0 
1900 1892 2381 0 744 5 1 0 0 0 
2000 1888 2383 0 742 5 0 0 0 0 
2100 1882 2381 0 744 5 0 0 0 0 
2200 1881 2382 0 744 5 0 0 0 0 
2300 1883 2377 0 740 5 0 0 0 0 
2400 1882 2379 0 741 5 0 0 0 0 
2500 1827 2467 0 919 5 0 0 0 0 
2600 1749 2488 0 959 5 0 0 0 0 
2700 1748 2492 0 941 5 0 0 0 0 
2800 1748 2491 0 940 5 0 0 0 0 
2900 1751 2483 0 931 5 0 0 0 0 
3000 1747 2487 0 928 5 0 0 0 0 
3100 1746 2487 0 928 5 0 0 0 0 
3200 1745 2485 0 924 5 0 0 0 0 
3300 1728 2468 0 890 5 0 0 0 0 
3400 1723 2481 0 886 4 0 0 0 0 
3500 1714 2461 0 887 4 0 0 0 0 
3600 1706 2456 0 886 4 0 0 0 0 
3700 1708 2456 0 881 4 0 0 0 0 
3800 1707 2457 0 886 4 0 0 0 0 
3900 1691 2456 0 881 4 0 0 0 0 
4000 1683 2451 0 869 4 0 0 0 0 
4100 1682 2451 0 870 4 0 0 0 0 
4200 1677 2442 0 862 4 0 0 0 0 
4300 1678 2450 0 868 4 0 0 0 0 
4400 1679 2452 0 861 4 0 0 0 0 
4500 1682 2455 0 851 4 0 0 0 0 
4600 1682 2456 0 853 4 0 0 0 0 
4700 1676 2477 0 911 4 0 0 0 0 
4800 1676 2451 0 882 4 0 0 0 0 
4900 1673 2450 0 876 4 0 0 0 0 
5000 1661 2481 0 911 4 0 0 0 0 
5100 1660 2483 0 918 4 0 0 0 0 
5200 1660 2485 0 920 4 0 0 0 0 
5300 1660 2484 0 919 4 0 0 0 0 
5400 1660 2487 0 922 4 0 0 0 0 
5500 1660 2487 0 923 4 0 0 0 0 
5600 1660 2485 0 921 4 0 0 0 0 
5700 1663 2477 0 913 4 0 0 0 0 
5800 1670 2462 0 906 4 0 0 0 0 
5900 1720 2478 0 876 4 0 0 0 0 
6000 1722 2474 0 868 4 0 0 0 0 
6100 1714 2479 0 883 4 0 0 0 0 
6200 1706 2470 0 876 4 0 0 0 0 
6300 1702 2476 1 876 4 0 0 0 0 
6400 1689 2488 1 913 4 0 0 0 0 
6500 1678 2478 0 928 4 0 0 0 0 
6600 1683 2472 0 917 4 0 0 0 0 
6700 1685 2455 0 903 4 0 0 0 0 
6800 1673 2468 2 926 4 0 0 0 0 
6900 1675 2464 2 927 4 0 0 0 0 
7000 1797 2482 2 804 4 0 0 0 0 
7100 1787 2479 0 711 4 1 0 0 0 
7200 1793 2490 0 681 4 0 0 0 0 
