# Avida tasks data
# Mon Apr 24 22:14:34 2023
# First column gives the current update, next columns give the number
# of organisms that have the particular task as a component of their merit
#  1: Update
#  2: Not
#  3: Nand
#  4: And
#  5: OrNot
#  6: Or
#  7: AndNot
#  8: Nor
#  9: Xor
# 10: Equals

0 0 0 0 0 0 0 0 0 0 
100 0 0 0 0 0 0 0 0 0 
200 0 0 0 0 0 0 0 0 0 
300 0 0 0 0 0 0 0 0 0 
400 0 0 0 0 0 0 0 0 0 
500 0 0 0 0 0 0 0 0 0 
600 0 0 0 0 0 0 0 0 0 
700 16 0 0 0 0 0 0 0 0 
800 48 8 0 6 0 0 0 0 0 
900 228 23 0 86 0 0 0 0 0 
1000 548 103 0 590 0 0 0 0 0 
1100 1306 392 0 1575 21 0 0 0 0 
1200 1037 153 0 3069 2247 42 2049 0 0 
1300 1393 101 0 4305 3824 51 3506 0 0 
1400 2218 90 0 5254 4933 51 4597 0 0 
1500 3072 133 0 6230 5916 75 5489 0 0 
1600 3843 166 0 7102 6811 62 6330 0 0 
1700 4561 262 0 7942 7610 86 7121 0 0 
1800 5449 421 0 8609 8333 95 7779 0 0 
1900 6516 791 0 9457 9078 106 8493 0 0 
2000 7290 1235 0 10131 9744 94 9170 0 0 
2100 8119 1833 0 10715 10362 101 9705 0 0 
2200 8912 2613 2 11155 10763 136 10097 0 0 
2300 9501 3310 1 11344 10995 135 10259 0 0 
2400 10255 4135 0 11629 11253 169 10531 0 0 
2500 10769 4921 0 11780 11314 169 10590 0 0 
2600 11162 5838 0 11962 11570 135 10857 0 0 
2700 11579 6700 0 12108 11625 164 10899 0 0 
2800 11759 7612 0 12230 11860 215 11028 0 0 
2900 12081 8270 0 12365 11938 184 11093 0 0 
3000 12280 9284 0 12402 11972 180 11179 0 0 
3100 12477 10182 0 12462 12012 173 11172 0 0 
3200 12602 11117 0 12568 12166 174 11451 0 0 
3300 12794 11808 1 12716 12232 183 11450 0 0 
3400 12877 12229 1 12716 12307 149 11561 0 0 
3500 12954 12585 2 12616 12195 158 11427 0 0 
3600 13026 12924 3 12629 12169 170 11393 0 0 
3700 13163 13259 0 12713 12317 129 11555 0 0 
3800 13183 13386 1 12670 12290 166 11522 0 0 
3900 13275 13462 0 12683 12291 163 11468 0 0 
4000 13292 13456 0 12618 12162 144 11473 0 0 
4100 13378 13227 0 12713 12337 408 11546 0 0 
4200 13315 12408 3 12476 12297 1341 11494 0 0 
4300 13410 11358 2 12503 12286 2410 11518 0 0 
4400 13330 10215 5 12438 12238 3495 11485 0 0 
4500 13335 9264 14 12477 12283 4470 11518 0 0 
4600 13341 8278 7 12546 12243 5394 11490 0 0 
4700 13308 7367 5 12519 12259 6342 11556 0 1 
4800 13368 6232 15 12645 12343 7488 11639 0 0 
4900 13293 5550 12 12628 12296 8478 11634 0 0 
5000 13291 5209 18 12603 12191 9484 11542 0 0 
5100 13227 4964 36 12706 12317 10425 11669 0 0 
5200 13239 5225 20 12668 12310 11379 11657 0 0 
5300 13207 5642 9 12694 12255 12089 11647 0 0 
5400 13299 6178 14 12761 12330 12505 11743 0 0 
5500 13268 6719 24 12747 12387 12877 11678 0 0 
5600 13359 7272 16 12678 12288 12985 11563 0 0 
5700 13356 7886 11 12736 12385 13199 11667 0 0 
5800 13296 8490 24 12736 12243 13242 11590 0 0 
5900 13340 9120 12 12694 12225 13276 11573 0 0 
6000 13347 9704 6 12714 12282 13325 11673 0 0 
6100 13488 10378 13 12801 12402 13264 11646 0 0 
6200 13425 10799 17 12822 12363 13301 11664 0 0 
6300 13401 11273 8 12779 12335 13354 11612 0 0 
6400 13435 11766 5 12757 12308 13421 11654 0 0 
6500 13456 12242 10 12769 12349 13387 11692 0 0 
6600 13475 12630 13 12863 12418 13380 11776 0 0 
6700 13453 12852 6 12798 12356 13344 11620 0 0 
6800 13490 12999 17 12724 12343 13285 11584 0 0 
6900 13385 13156 17 12766 12351 13384 11605 0 0 
7000 13389 13241 13 12737 12325 13368 11620 0 0 
7100 13393 13272 27 12784 12417 13292 11711 0 0 
7200 13437 13200 13 12756 12371 13336 11605 0 0 
7300 13407 13271 21 12749 12341 13356 11652 0 0 
7400 13427 13335 17 12865 12444 13361 11736 0 0 
7500 13484 13265 17 12802 12385 13320 11695 0 0 
7600 13459 13295 26 12802 12404 13353 11679 0 0 
7700 13453 13325 17 12893 12460 13404 11810 0 0 
7800 13435 13272 23 12759 12445 13331 11721 0 0 
7900 13496 13325 16 12857 12455 13455 11756 0 0 
8000 13547 13246 9 12953 12565 13462 11944 0 0 
8100 13498 13296 17 12770 12473 13424 11745 0 0 
8200 13509 13336 14 12921 12542 13365 11922 0 0 
8300 13489 13373 17 12909 12531 13367 11891 0 0 
8400 13527 13334 16 12891 12503 13444 11776 0 0 
8500 13527 13261 15 12856 12488 13366 11790 0 0 
8600 13455 13340 7 12859 12481 13428 11792 0 0 
8700 13479 13319 13 12967 12601 13432 12000 0 0 
8800 13575 13395 37 12874 12566 13461 11918 0 0 
8900 13590 13347 21 13006 12604 13424 11989 0 0 
9000 13563 13300 23 12949 12610 13452 12010 0 0 
9100 13497 13296 18 12957 12554 13399 11996 0 0 
9200 13531 13355 13 12916 12512 13374 11867 0 0 
9300 13556 13367 28 12973 12626 13438 11983 0 0 
9400 13624 13418 23 12999 12687 13432 12034 0 2 
9500 13583 13391 16 13052 12681 13448 12067 0 2 
9600 13568 13484 18 12993 12640 13483 12014 0 0 
9700 13593 13426 28 12939 12611 13478 11923 0 0 
9800 13610 13315 9 13060 12704 13391 12083 0 0 
9900 13555 13304 20 12960 12623 13358 11923 0 0 
10000 13553 13363 18 12973 12688 13391 12079 0 0 
