# Avida tasks data
# Tue Apr 25 05:12:30 2023
# First column gives the current update, next columns give the number
# of organisms that have the particular task as a component of their merit
#  1: Update
#  2: Not
#  3: Nand
#  4: And
#  5: OrNot
#  6: Or
#  7: AndNot
#  8: Nor
#  9: Xor
# 10: Equals

0 0 0 0 0 0 0 0 0 0 
100 0 0 0 0 0 0 0 0 0 
200 0 0 0 0 0 0 0 0 0 
300 0 0 0 0 0 0 0 0 0 
400 0 0 0 0 0 0 0 0 0 
500 0 0 0 0 0 0 0 0 0 
600 0 0 0 0 0 0 0 0 0 
700 0 0 0 0 0 0 0 0 0 
800 0 0 0 0 0 0 0 0 0 
900 8 0 0 0 0 0 0 0 0 
1000 62 1 0 0 0 0 0 0 0 
1100 226 41 0 0 0 0 0 0 0 
1200 598 425 0 1 0 0 0 0 0 
1300 2035 1830 1 76 0 0 625 0 0 
1400 3892 3698 21 706 115 1736 2728 0 0 
1500 5839 5684 66 461 33 3879 4485 0 0 
1600 7438 7241 87 376 13 5528 5894 0 0 
1700 8696 8700 104 406 7 7122 7240 0 0 
1800 9931 9872 139 453 30 8346 8402 0 0 
1900 10880 10924 135 647 47 9493 9484 0 0 
2000 11614 11704 170 785 27 10391 10442 0 0 
2100 12194 12185 158 1124 27 10726 10789 0 0 
2200 12601 12502 168 1401 25 11162 11178 0 0 
2300 12892 12829 197 1730 27 11476 11547 0 0 
2400 13026 12914 168 2147 32 11548 11523 0 0 
2500 13086 12940 184 2516 22 11544 11491 0 0 
2600 13203 13016 162 2845 21 11628 11612 0 0 
2700 13188 13033 139 3293 12 11662 11647 0 0 
2800 13179 12989 178 3934 16 11643 11606 0 0 
2900 13205 13000 163 4519 30 11564 11510 0 0 
3000 13301 12954 194 5224 33 11564 11542 0 0 
3100 13283 12932 196 5719 21 11569 11513 0 0 
3200 13352 13020 169 6507 17 11661 11658 0 0 
3300 13317 12981 173 7254 26 11678 11615 0 0 
3400 13377 12971 173 7906 13 11742 11558 0 0 
3500 13383 12943 191 8435 19 11671 11546 0 0 
3600 13394 12997 181 9177 18 11675 11502 0 0 
3700 13508 13035 162 9781 7 11700 11542 0 0 
3800 13505 13022 158 10252 15 11800 11580 0 1 
3900 13604 13031 176 10470 31 11644 11453 0 0 
4000 13537 13049 172 10859 27 11802 11596 0 0 
4100 13590 13106 162 11140 34 11785 11578 0 0 
4200 13633 13105 179 11434 11 11773 11643 0 0 
4300 13627 13028 183 11529 7 11619 11409 0 0 
4400 13650 13008 191 11934 8 11694 11533 0 0 
4500 13623 13067 180 11988 4 11728 11611 0 0 
4600 13639 13156 171 12245 15 11821 11649 0 0 
4700 13627 13127 220 12323 21 11846 11728 0 0 
4800 13676 13101 199 12246 65 11647 11476 0 0 
4900 13650 13134 242 12321 187 11717 11411 0 0 
5000 13690 13157 243 12465 304 11882 11456 0 0 
5100 13647 13093 326 12340 513 11753 11159 0 0 
5200 13593 13133 282 12407 700 11687 10950 0 0 
5300 13677 13117 353 12426 1051 11695 10603 0 0 
5400 13602 13102 368 12362 1331 11703 10305 0 0 
5500 13658 13121 437 12253 1656 11683 10020 0 0 
5600 13657 13124 562 12175 1972 11796 9683 0 0 
5700 13577 13098 536 12123 2393 11608 9174 0 0 
5800 13601 13183 545 12262 2625 11801 9098 0 0 
5900 13711 13140 528 12250 2926 11774 8764 0 0 
6000 13588 13116 610 12109 3344 11642 8201 0 0 
6100 13683 13070 618 12126 3803 11827 7928 0 0 
6200 13635 13093 582 12191 4218 11861 7545 0 0 
6300 13660 13106 653 12251 4649 11702 6931 0 0 
6400 13698 13147 593 12393 5304 11814 6474 0 0 
6500 13594 13012 513 12249 5769 11681 5804 0 0 
6600 13614 13030 518 12204 6332 11695 5298 0 0 
6700 13574 13050 426 12348 6985 11770 4633 0 0 
6800 13501 12987 454 12249 7481 11736 4149 0 0 
6900 13610 13113 444 12275 7931 11625 3665 0 0 
7000 13617 13035 426 12341 8491 11654 3493 0 0 
7100 13587 13010 397 12436 9179 11638 4889 0 0 
7200 13598 12999 243 12550 10159 11631 5145 0 705 
7300 13622 12936 189 12627 10703 11485 4382 1 2292 
7400 13597 12962 160 12738 11463 11546 3529 0 3887 
7500 13568 12873 151 12892 11835 11461 2810 0 5204 
7600 13610 12899 92 12991 12109 11466 2091 0 6674 
7700 13593 13008 79 13077 12319 11582 1545 3 7963 
7800 13603 13047 55 13027 12433 11637 1173 0 8960 
7900 13603 12962 52 13058 12474 11692 1037 0 9662 
8000 13634 13021 44 13134 12564 11700 806 4 10289 
8100 13613 13012 28 13132 12530 11598 717 1 10599 
8200 13618 13087 37 12833 12646 11700 553 1 11037 
8300 13630 13106 37 12364 12681 11699 537 1 11081 
8400 13625 13109 35 12060 12692 11724 532 1 11123 
8500 13610 13088 33 11937 12707 11719 545 1 11142 
8600 13612 13052 33 11649 12725 11712 559 1 11148 
8700 13606 12964 36 11632 12721 11673 603 1 11085 
8800 13626 13009 32 11565 12739 11741 555 1 11176 
8900 13621 13013 31 11158 12744 11748 528 1 11214 
9000 13625 13006 31 11119 12738 11738 529 1 11214 
9100 13603 13007 31 11116 12721 11732 524 1 11200 
9200 13061 12984 32 11121 12733 11726 522 1 11218 
9300 12541 13011 33 10723 12762 11764 508 1 11268 
9400 12209 13028 33 10438 12784 11734 501 1 11308 
9500 11823 13044 32 10246 12785 11758 488 1 11344 
9600 11635 13065 32 10071 12806 11790 487 1 11373 
9700 11604 13058 32 10053 12801 11815 482 1 11367 
9800 11446 13072 33 9878 12813 11832 489 1 11370 
9900 11284 13075 35 9642 12820 11838 481 1 11393 
10000 11429 13078 35 9502 12815 11830 472 1 11401 
