# Avida tasks data
# Tue Apr 25 09:22:51 2023
# First column gives the current update, next columns give the number
# of organisms that have the particular task as a component of their merit
#  1: Update
#  2: Not
#  3: Nand
#  4: And
#  5: OrNot
#  6: Or
#  7: AndNot
#  8: Nor
#  9: Xor
# 10: Equals

0 0 0 0 0 0 0 0 0 0 
100 0 0 0 0 0 0 0 0 0 
200 0 0 0 0 0 0 0 0 0 
300 0 0 0 0 0 0 0 0 0 
400 154 70 0 0 0 0 0 0 0 
500 1438 1472 0 31 0 0 0 0 0 
600 2907 3005 0 46 0 0 0 0 0 
700 4681 4793 0 72 2 0 0 0 0 
800 6776 6931 0 282 2 0 0 0 0 
900 9380 9609 0 1996 21 0 0 0 0 
1000 11530 11750 0 4234 57 12 0 0 0 
1100 12461 12738 1 6169 54 14 0 0 0 
1200 12560 12856 0 7914 65 6 0 0 0 
1300 12594 12835 1 9211 88 0 0 0 0 
1400 12679 12809 0 10324 136 1 0 0 0 
1500 12651 12770 0 11246 287 0 0 0 0 
1600 12783 12328 0 11859 665 0 0 0 0 
1700 12813 11810 0 12524 1248 0 0 0 0 
1800 12976 11137 0 12848 1945 0 0 0 0 
1900 12962 10839 0 12885 2974 0 0 0 0 
2000 12915 11120 0 12901 4737 2 0 0 0 
2100 12897 11430 0 12704 6158 19 1 0 0 
2200 12949 11956 1 12791 6944 2476 7 0 0 
2300 13013 12474 3 12771 7655 4353 6 0 0 
2400 13016 12816 3 12699 8305 5877 9 0 0 
2500 13002 13074 7 12684 8825 7114 9 0 0 
2600 13088 13288 1 12717 9487 8436 19 0 0 
2700 13110 13378 3 12705 10076 9596 19 0 0 
2800 13111 13504 11 12647 10497 10672 8 0 0 
2900 13232 13569 7 12745 11160 11605 15 0 0 
3000 13261 13495 4 12805 11516 12203 17 0 0 
3100 13275 13558 4 12758 11708 12658 18 0 0 
3200 13258 13493 12 12757 11988 12887 14 0 0 
3300 13282 13574 8 12749 12029 13088 17 0 0 
3400 13312 13517 8 12668 12100 13288 17 0 0 
3500 13390 13570 11 12780 12249 13423 21 0 0 
3600 13396 13528 11 12771 12311 13418 22 0 0 
3700 13286 13493 13 12717 12241 13384 26 0 0 
3800 13314 13476 12 12666 12182 13372 22 0 0 
3900 13340 13528 16 12756 12326 13430 17 0 0 
4000 13318 13530 10 12710 12250 13474 18 0 0 
4100 13297 13614 9 12685 12156 13442 20 0 0 
4200 13346 13530 14 12784 12223 13415 17 0 0 
4300 13281 13571 14 12722 12300 13494 12 0 0 
4400 13418 13495 9 12741 12334 13368 24 0 0 
4500 13411 13548 9 12711 12298 13455 20 0 0 
4600 13357 13538 15 12779 12265 13432 12 0 0 
4700 13425 13538 8 12759 12291 13433 17 0 0 
4800 13391 13544 9 12756 12265 13466 18 0 0 
4900 13384 13525 7 12763 12317 13371 21 0 0 
5000 13391 13491 5 12716 12266 13310 25 0 0 
5100 13375 13507 12 12767 12259 13445 24 0 0 
5200 13337 13511 16 12697 12199 13376 16 0 0 
5300 13405 13523 6 12764 12281 13411 16 0 0 
5400 13339 13597 13 12837 12311 13501 10 0 0 
5500 13458 13561 16 12862 12375 13467 21 0 0 
5600 13442 13532 7 12870 12400 13394 23 0 0 
5700 13388 13516 5 12848 12305 13368 13 0 0 
5800 13439 13554 14 12865 12388 13405 22 0 0 
5900 13402 13523 9 12823 12379 13469 15 0 0 
6000 13471 13528 13 12873 12432 13419 21 0 0 
6100 13480 13548 3 12826 12389 13467 16 0 0 
6200 13340 13528 14 12784 12280 13377 16 0 0 
6300 13453 13545 11 12807 12366 13415 11 0 0 
6400 13434 13626 7 12837 12400 13456 17 0 0 
6500 13414 13526 13 12795 12306 13429 14 0 0 
6600 13490 13593 22 12829 12386 13500 17 0 0 
6700 13477 13577 2 12904 12472 13477 26 0 0 
6800 13576 13593 9 12933 12414 13529 20 0 0 
6900 13507 13597 10 12997 12485 13527 20 0 0 
7000 13538 13595 19 12842 12456 13487 18 0 0 
7100 13540 13550 7 12915 12481 13494 20 0 0 
7200 13594 13535 16 12856 12523 13466 21 0 0 
7300 13518 13546 10 12863 12475 13443 22 0 0 
7400 13518 13515 9 12850 12419 13381 32 0 0 
7500 13560 13514 13 12932 12554 13419 13 0 0 
7600 13566 13594 3 12930 12498 13453 24 0 0 
7700 13550 13622 8 12964 12562 13520 15 0 0 
7800 13557 13588 13 12888 12509 13489 19 0 0 
7900 13538 13517 16 12934 12484 13479 25 0 0 
8000 13551 13583 11 12931 12511 13481 24 0 0 
8100 13557 13557 7 12949 12562 13479 22 0 0 
8200 13616 13578 15 12981 12575 13482 24 0 0 
8300 13560 13602 15 12920 12499 13456 19 0 0 
8400 13541 13549 11 12955 12471 13440 19 0 0 
8500 13524 13544 6 12826 12454 13487 14 0 0 
8600 13587 13577 6 12962 12488 13460 20 0 0 
8700 13607 13658 10 13018 12561 13513 11 0 0 
8800 13580 13572 13 13025 12616 13516 24 0 0 
8900 13600 13571 47 12998 12565 13520 12 0 0 
9000 13629 13558 28 13019 12606 13478 23 0 0 
9100 13554 13601 45 12951 12496 13488 12 0 0 
9200 13517 13609 13 12925 12503 13527 22 0 0 
9300 13566 13546 14 12917 12509 13481 19 0 0 
9400 13629 13666 10 12995 12641 13561 29 0 0 
9500 13656 13615 13 12981 12620 13511 15 0 0 
9600 13588 13598 6 12961 12537 13529 23 0 0 
9700 13592 13565 12 12922 12563 13496 25 0 0 
9800 13601 13617 7 12976 12592 13553 11 0 0 
9900 13598 13607 3 12949 12537 13531 26 0 0 
10000 13606 13622 14 13037 12583 13459 28 0 0 
