# Avida tasks data
# Tue Apr 25 02:37:42 2023
# First column gives the current update, next columns give the number
# of organisms that have the particular task as a component of their merit
#  1: Update
#  2: Not
#  3: Nand
#  4: And
#  5: OrNot
#  6: Or
#  7: AndNot
#  8: Nor
#  9: Xor
# 10: Equals

0 0 0 0 0 0 0 0 0 0 
100 0 0 0 0 0 0 0 0 0 
200 0 0 0 0 0 0 0 0 0 
300 0 0 0 0 0 0 0 0 0 
400 0 0 0 0 0 0 0 0 0 
500 0 0 0 0 0 0 0 0 0 
600 0 0 0 0 0 0 0 0 0 
700 0 0 0 0 0 0 0 0 0 
800 9 4 0 0 0 0 0 0 0 
900 73 84 0 0 0 0 0 0 0 
1000 158 269 0 1 0 2 0 0 0 
1100 315 518 595 1125 0 423 0 0 0 
1200 798 284 3336 4228 0 518 0 0 0 
1300 1910 642 4857 5775 5 1384 11 0 0 
1400 2433 980 6350 7068 16 2415 70 0 0 
1500 3025 1118 7493 8169 147 3420 262 0 0 
1600 3068 1426 8097 9044 668 4152 779 0 0 
1700 3238 2124 8099 9951 1618 5429 1848 0 0 
1800 4810 2206 8263 10545 3047 5109 3264 0 0 
1900 6597 2444 8999 11081 4381 4434 4537 0 0 
2000 7838 2738 9372 11425 5630 3637 5734 0 0 
2100 8894 3165 9829 11765 6664 2802 6809 0 0 
2200 9687 3692 10123 11901 7688 2223 7797 0 0 
2300 10168 3949 10314 12002 8538 1659 8629 0 0 
2400 10658 4364 10650 12107 9355 1141 9391 0 0 
2500 11193 4497 10740 12116 10169 987 10177 0 0 
2600 11473 4833 10847 12101 10690 1110 10718 0 0 
2700 11842 5005 10992 12154 11319 1396 11321 0 0 
2800 12134 5217 10971 12168 11645 1957 11623 0 0 
2900 12325 5572 11010 12191 11942 3108 11868 0 0 
3000 12508 6019 11010 12172 11947 4330 11918 0 0 
3100 12429 6278 10936 12208 11967 5451 11958 0 0 
3200 12464 6706 11004 12268 11943 6708 11944 0 0 
3300 12399 7189 10895 12208 11934 7794 11913 0 0 
3400 12529 7590 11003 12355 12035 8705 12057 0 0 
3500 12639 8089 11131 12432 12182 9599 12139 0 0 
3600 12613 8364 11063 12420 12060 9928 12097 0 0 
3700 12581 8873 11077 12388 12080 10374 12072 0 0 
3800 12758 9256 11188 12527 12199 10699 12236 0 0 
3900 12607 9467 10982 12318 12148 10646 12105 0 0 
4000 12621 9848 11039 12391 12125 10765 12061 0 0 
4100 12722 10176 11178 12516 12320 10843 12233 0 0 
4200 12616 10451 11138 12436 12156 10911 12119 0 0 
4300 12682 10460 11016 12374 12137 10716 12068 0 0 
4400 12729 10647 11087 12471 12196 10871 12130 0 0 
4500 12803 10761 11206 12518 12291 10926 12214 0 0 
4600 12765 10771 11150 12513 12297 10884 12212 0 0 
4700 12658 10775 11174 12445 12221 10857 12182 0 0 
4800 12776 10916 11227 12572 12331 11003 12281 0 0 
4900 12670 10923 11210 12478 12276 10952 12246 0 0 
5000 12602 10852 11188 12480 12271 10901 12167 0 0 
5100 12721 10740 11015 12460 12192 10783 12170 0 0 
5200 12591 10866 11142 12462 12212 10889 12109 0 0 
5300 12700 10885 11132 12497 12285 10843 12201 0 0 
5400 12758 10867 11080 12424 12303 10788 12158 0 0 
5500 12659 10802 11087 12503 12256 10844 12201 0 0 
5600 12728 10777 11144 12445 12258 10848 12178 0 0 
5700 12665 10807 11114 12489 12192 10877 12171 0 0 
5800 12621 10788 11082 12463 12244 10806 12164 0 0 
5900 12685 10912 11259 12573 12269 11001 12206 0 0 
6000 12677 10799 11218 12500 12208 10891 12235 0 0 
6100 12594 10765 11156 12462 12233 10846 12138 0 0 
6200 12653 10767 11122 12441 12202 10818 12135 0 0 
6300 12786 10742 11187 12550 12305 10888 12231 0 0 
6400 12603 10794 11078 12428 12201 10824 12129 0 0 
6500 12621 10801 11098 12434 12197 10857 12163 0 0 
6600 12695 10903 11054 12462 12259 10832 12171 0 0 
6700 12640 10927 11182 12531 12309 10915 12231 0 0 
6800 12719 10941 11250 12576 12286 11025 12207 0 0 
6900 12669 10916 11154 12485 12163 10878 12179 0 0 
7000 12686 10967 11300 12524 12355 11009 12206 0 0 
7100 12683 10830 11113 12475 12258 10810 12114 0 0 
7200 12674 10811 11103 12473 12222 10871 12198 0 0 
7300 12698 10820 11089 12435 12242 10823 12094 0 0 
7400 12763 10968 11140 12553 12313 10918 12271 0 0 
7500 12657 10916 11113 12465 12226 10965 12161 0 0 
7600 12553 10914 11124 12419 12261 10948 12193 0 0 
7700 12729 11021 11223 12538 12313 10996 12243 0 0 
7800 12674 10919 11177 12524 12280 10941 12209 0 0 
7900 12777 11016 11248 12479 12297 10991 12241 0 0 
8000 12715 11000 11263 12503 12360 11002 12295 0 0 
8100 12642 10962 11235 12541 12313 10957 12268 0 0 
8200 12838 11013 11281 12665 12425 10987 12338 0 0 
8300 12808 11021 11183 12564 12365 10938 12304 0 0 
8400 12731 10984 11264 12541 12331 11020 12288 0 0 
8500 12778 10955 11212 12478 12278 10952 12248 0 0 
8600 12623 10872 11201 12419 12220 10922 12151 0 0 
8700 12754 10993 11250 12496 12321 11004 12270 0 0 
8800 12764 11068 11303 12580 12329 11012 12285 0 0 
8900 12747 11080 11319 12621 12387 11080 12373 0 0 
9000 12669 11103 11254 12567 12300 11083 12246 0 0 
9100 12778 11093 11305 12595 12407 11042 12318 0 0 
9200 12676 10857 11120 12502 12239 10880 12218 0 0 
9300 12715 10987 11210 12526 12315 10982 12251 0 0 
9400 12719 11204 11373 12597 12382 11100 12352 0 0 
9500 12709 11148 11296 12564 12418 11101 12298 0 0 
9600 12684 11025 11188 12502 12288 10953 12229 0 0 
9700 12809 11047 11226 12544 12345 10991 12285 0 0 
9800 12789 11121 11316 12606 12401 11135 12376 0 0 
9900 12765 11090 11276 12596 12330 11073 12208 0 0 
10000 12782 11000 11323 12597 12372 11052 12327 0 0 
