# Avida tasks data
# Tue Apr 25 11:17:19 2023
# First column gives the current update, next columns give the number
# of organisms that have the particular task as a component of their merit
#  1: Update
#  2: Not
#  3: Nand
#  4: And
#  5: OrNot
#  6: Or
#  7: AndNot
#  8: Nor
#  9: Xor
# 10: Equals

0 0 0 0 0 0 0 0 0 0 
100 0 0 0 0 0 0 0 0 0 
200 0 0 0 0 0 0 0 0 0 
300 0 0 0 0 0 0 0 0 0 
400 0 0 0 0 0 0 0 0 0 
500 150 0 0 0 0 0 0 0 0 
600 1910 96 0 1848 15 0 0 0 0 
700 3100 1326 0 3046 10 1 39 0 0 
800 4652 3229 0 4548 60 0 284 0 0 
900 6078 4937 0 5990 741 5 227 0 0 
1000 6957 5990 947 6851 1402 481 123 0 0 
1100 7196 6473 2255 7045 2455 2228 157 0 0 
1200 7679 7367 3823 7516 3677 3803 156 0 0 
1300 8905 8880 5648 8668 5176 5634 262 0 0 
1400 10473 10507 7650 10143 7014 7679 535 1 0 
1500 11641 11759 9214 11313 8629 9301 932 0 0 
1600 12362 12502 10390 12004 9810 10364 1417 0 0 
1700 12723 12916 11156 12448 10607 11154 1891 2 0 
1800 12907 13108 11585 12665 11138 11630 2571 0 0 
1900 13027 13204 12055 12730 11474 12153 3114 0 0 
2000 13104 13302 12256 12811 11699 12291 3662 1 0 
2100 13086 13290 12278 12766 11738 12330 4341 0 0 
2200 13060 13293 12233 12741 11729 12350 5115 0 0 
2300 13027 13179 12336 12671 11604 12387 5843 0 0 
2400 13130 13201 12302 12644 11570 12363 6697 0 0 
2500 13122 13261 12257 12777 11710 12364 7530 0 0 
2600 13128 13245 12252 12752 11687 12336 8235 0 0 
2700 13138 13294 12215 12665 11675 12305 8809 0 0 
2800 13129 13205 12256 12728 11692 12372 9491 0 0 
2900 13115 13229 12141 12652 11671 12237 9925 0 0 
3000 13157 13290 12239 12774 11771 12324 10282 0 0 
3100 13118 13291 12168 12732 11771 12155 10753 0 0 
3200 13142 13305 12112 12740 11703 12222 11112 0 0 
3300 13195 13307 12150 12694 11714 12237 11259 0 0 
3400 13249 13294 12115 12766 11750 12201 11543 0 0 
3500 13298 13290 12263 12722 11740 12294 11682 0 0 
3600 13299 13332 12169 12792 11795 12207 11861 0 1 
3700 13315 13289 12114 12748 11850 12201 11952 0 3 
3800 13348 13338 12148 12799 11897 12308 12122 0 0 
3900 13342 13311 12094 12832 11853 12219 12123 0 0 
4000 13353 13283 12162 12710 11795 12241 12034 0 0 
4100 13362 13349 12099 12799 11847 12143 12165 0 0 
4200 13407 13354 12170 12785 11876 12222 12175 0 0 
4300 13436 13379 12045 12817 12008 12180 12232 0 0 
4400 13470 13381 12176 12915 11953 12230 12150 0 0 
4500 13438 13366 12100 12849 11968 12177 12179 0 0 
4600 13469 13347 11981 12820 11896 12110 12091 0 0 
4700 13513 13408 12107 12858 12003 12222 12208 0 0 
4800 13458 13323 11977 12798 11956 12112 12149 0 0 
4900 13390 13301 11936 12736 11964 12079 12157 0 0 
5000 13482 13332 12001 12785 11917 12090 12190 0 0 
5100 13474 13382 12096 12880 12029 12157 12246 0 0 
5200 13441 13379 12092 12772 11995 12134 12147 0 0 
5300 13444 13367 12012 12824 11977 12126 12188 0 0 
5400 13462 13368 11993 12809 11988 12136 12150 0 0 
5500 13518 13341 12136 12860 12010 12321 12219 0 0 
5600 13463 13340 12047 12752 11961 12130 12196 0 0 
5700 13538 13383 12034 12897 12062 12155 12196 0 0 
5800 13582 13452 12043 12894 12187 12211 12312 0 0 
5900 13537 13490 12111 12897 12190 12170 12368 0 0 
6000 13490 13356 11995 12803 12046 12129 12233 0 0 
6100 13463 13422 12147 12892 12198 12167 12389 0 0 
6200 13471 13358 12006 12757 11921 12082 12171 0 0 
6300 13488 13376 12031 12813 12079 12088 12225 0 0 
6400 13621 13456 12082 12886 12142 12176 12267 0 0 
6500 13576 13444 12108 12838 12165 12205 12246 0 0 
6600 13539 13412 11995 12862 12097 12119 12269 2 0 
6700 13563 13446 12038 12889 12194 12109 12305 0 0 
6800 13571 13435 12074 12857 12086 12167 12255 0 1 
6900 13517 13383 12009 12821 12114 12020 12303 0 0 
7000 13601 13403 12138 12853 12149 12205 12284 0 0 
7100 13549 13466 12098 12947 12215 12223 12315 0 0 
7200 13605 13431 12186 12874 12181 12252 12320 0 0 
7300 13585 13488 12229 12894 12200 12251 12374 0 0 
7400 13601 13451 12146 12852 12183 12184 12360 0 0 
7500 13644 13462 12208 12837 12169 12283 12369 0 42 
7600 13597 13395 12023 12788 12026 12279 12232 0 113 
7700 13639 13466 12201 12819 12069 11782 12291 0 488 
7800 13544 13411 12169 12807 12036 10547 12242 0 1580 
7900 13491 13499 12104 12757 12020 9629 12354 0 2568 
8000 13553 13502 12135 12788 11985 9520 12291 0 3259 
8100 13541 13519 12186 12801 12082 10292 12359 0 3939 
8200 13484 13450 11752 12820 12030 11158 12266 0 4700 
8300 13552 13503 10769 12892 12026 11787 12215 0 5625 
8400 13542 13473 9410 12792 11833 10594 12140 0 6012 
8500 13521 13496 8243 12919 11949 9036 12249 0 6415 
8600 13499 13533 7280 13001 11992 7848 12358 0 6876 
8700 13512 13472 6251 13076 11969 6600 12421 0 7356 
8800 13515 13520 5459 13142 12011 5656 12466 0 7811 
8900 13476 13470 5809 13194 11754 4935 12471 0 8156 
9000 13454 13557 6352 13292 11605 4402 12581 0 8571 
9100 13512 13607 5598 13335 9852 5935 12057 0 8849 
9200 13520 13598 5494 13354 8715 7248 12122 0 8983 
9300 13486 13591 5342 13324 7997 7992 12288 0 9101 
9400 13487 13587 5150 13328 7085 8787 12424 0 9290 
9500 13485 13627 4924 13360 6265 9495 12492 0 9499 
9600 13509 13644 4649 13413 5470 9985 12670 0 9780 
9700 13492 13663 4288 13437 4784 10463 12714 0 10032 
9800 13431 13707 3896 13513 4099 10850 12781 0 10368 
9900 13320 13621 3507 13459 3557 11105 12685 0 10472 
10000 13386 13638 3167 13425 3052 11363 12697 0 10699 
