# Avida tasks data
# Tue Apr 25 04:54:04 2023
# First column gives the current update, next columns give the number
# of organisms that have the particular task as a component of their merit
#  1: Update
#  2: Not
#  3: Nand
#  4: And
#  5: OrNot
#  6: Or
#  7: AndNot
#  8: Nor
#  9: Xor
# 10: Equals

0 0 0 0 0 0 0 0 0 0 
100 0 0 0 0 0 0 0 0 0 
200 0 0 0 0 0 0 0 0 0 
300 0 2 0 0 0 0 0 0 0 
400 4 1 0 0 0 0 0 0 0 
500 105 0 0 0 0 0 0 0 0 
600 320 0 0 0 0 0 0 0 0 
700 728 9 2 0 0 0 0 0 0 
800 1363 35 0 1 0 0 0 0 0 
900 2098 653 0 11 0 0 0 0 0 
1000 2372 1007 0 9 0 0 0 0 0 
1100 2390 1022 0 9 0 0 0 0 0 
1200 2482 1111 0 10 0 0 0 0 0 
1300 2620 1242 0 9 0 0 0 0 0 
1400 2805 1435 0 12 0 0 0 0 0 
1500 3259 1892 0 15 1 0 0 0 0 
1600 3945 2596 0 21 0 0 0 0 0 
1700 4409 3090 0 30 0 0 0 0 0 
1800 4346 3276 0 302 0 0 0 0 0 
1900 4066 3295 0 605 0 0 0 0 0 
2000 4251 3354 0 979 1 0 0 0 0 
2100 4266 3361 0 1036 0 0 0 0 0 
2200 4807 3953 1 1646 0 0 0 0 0 
2300 4902 4088 1 1757 0 0 0 0 0 
2400 4902 4088 1 1757 0 0 0 0 0 
2500 4902 4088 1 1757 0 0 0 0 0 
2600 4902 4088 1 1757 0 0 0 0 0 
2700 4900 4088 1 1757 0 0 0 0 0 
2800 4900 4088 1 1757 0 0 0 0 0 
2900 4900 4088 1 1757 0 0 0 0 0 
3000 4900 4088 1 1757 0 0 0 0 0 
3100 4900 4088 1 1757 0 0 0 0 0 
3200 4900 4088 1 1757 0 0 0 0 0 
3300 4900 4088 1 1757 0 0 0 0 0 
3400 4935 4152 3 1840 0 0 0 0 0 
3500 4935 4152 3 1840 0 0 0 0 0 
3600 4934 4151 3 1839 0 0 0 0 0 
3700 4933 4151 3 1839 0 0 0 0 0 
3800 4935 4152 3 1840 0 0 0 0 0 
3900 4954 4192 0 1884 0 0 0 0 0 
4000 5204 4459 6 2217 0 1 0 0 0 
4100 5437 4732 4 2506 1 0 0 0 0 
4200 5879 5249 10 3019 4 0 0 0 0 
4300 5992 5275 14 3097 5 2 0 0 0 
4400 6004 5284 13 3182 8 0 0 0 0 
4500 6000 5278 13 3177 8 0 0 0 0 
4600 6001 5279 13 3178 8 0 0 0 0 
4700 6000 5278 13 3177 8 0 0 0 0 
4800 5980 5269 13 3200 6 1 0 0 0 
4900 5988 5287 13 3296 8 174 7 0 0 
5000 6089 5344 16 3389 10 440 7 0 0 
5100 6343 5638 16 3720 8 486 11 0 0 
5200 6495 5835 18 3917 12 559 11 0 0 
5300 6544 5974 21 4051 13 500 9 0 0 
5400 6641 6173 22 4267 19 349 9 0 0 
5500 6668 6219 19 4278 12 394 9 0 0 
5600 6648 6225 47 4294 22 349 7 0 0 
5700 6673 6277 43 4374 20 493 12 0 0 
5800 6711 6319 50 4414 20 472 10 0 0 
5900 6689 6333 44 4450 14 423 15 0 0 
6000 6746 6404 37 4542 13 574 15 0 0 
6100 6740 6403 37 4546 13 552 15 0 0 
6200 6734 6398 39 4553 15 542 16 0 0 
6300 6718 6394 39 4548 13 549 17 0 0 
6400 6812 6389 33 4588 10 448 17 0 0 
6500 6849 6398 29 4659 12 373 14 0 0 
6600 6862 6420 31 4672 11 349 13 0 0 
6700 6914 6430 28 4709 9 281 10 0 0 
6800 6918 6426 28 4780 12 213 6 0 0 
6900 6983 6510 28 4955 14 205 6 0 0 
7000 7045 6584 30 5134 13 202 6 0 0 
7100 7060 6624 29 5213 14 194 6 0 0 
7200 7098 6692 31 5343 19 194 6 0 0 
7300 7091 6770 29 5443 17 194 6 0 0 
7400 7124 6817 34 5517 14 195 6 0 0 
7500 7161 6864 29 5585 14 191 4 0 0 
7600 7152 7038 29 5761 16 186 4 0 0 
7700 7123 7077 32 5820 17 176 4 0 0 
7800 7136 7139 30 5870 14 171 4 0 0 
7900 7172 7177 29 5908 14 172 4 0 0 
8000 7168 7198 32 5933 14 173 4 0 0 
8100 7190 7208 32 5933 12 175 4 0 0 
