# Avida tasks data
# Tue Apr 25 02:06:57 2023
# First column gives the current update, next columns give the number
# of organisms that have the particular task as a component of their merit
#  1: Update
#  2: Not
#  3: Nand
#  4: And
#  5: OrNot
#  6: Or
#  7: AndNot
#  8: Nor
#  9: Xor
# 10: Equals

0 0 0 0 0 0 0 0 0 0 
100 0 0 0 0 0 0 0 0 0 
200 0 0 0 0 0 0 0 0 0 
300 0 0 0 0 0 0 0 0 0 
400 0 0 0 0 0 0 0 0 0 
500 0 0 0 0 0 0 0 0 0 
600 0 0 0 0 0 0 0 0 0 
700 0 0 0 0 0 0 0 0 0 
800 6 0 0 0 0 0 0 0 0 
900 17 0 0 0 0 0 0 0 0 
1000 132 3 0 0 0 0 0 0 0 
1100 353 3 0 0 0 0 0 0 0 
1200 626 24 0 0 0 0 0 0 0 
1300 1003 48 0 0 0 0 0 0 0 
1400 1558 78 0 0 0 0 0 0 0 
1500 2278 155 0 3 0 0 0 0 0 
1600 3001 247 0 198 0 0 0 0 0 
1700 3686 264 0 859 0 0 0 0 0 
1800 4371 446 0 1511 157 0 2 0 0 
1900 5008 570 0 2168 1252 0 1 0 0 
2000 5774 431 0 3236 2572 0 6 0 0 
2100 6667 348 0 4399 3772 3 5 0 0 
2200 7353 320 0 5405 4847 29 3 0 0 
2300 7994 402 0 6335 5922 30 1 0 0 
2400 8659 570 0 7288 7001 25 1 0 0 
2500 9341 908 0 8245 7922 45 7 0 0 
2600 9870 1283 0 9142 8737 68 4 0 0 
2700 10495 1780 0 9888 9620 70 8 0 0 
2800 11111 2337 0 10510 10309 97 4 0 0 
2900 11485 2972 0 10753 10659 200 0 0 0 
3000 11601 3330 2 10667 10777 960 13 0 0 
3100 11767 3250 4 10629 11029 2243 26 0 0 
3200 11967 4161 12 10691 11198 3738 33 0 0 
3300 12076 5349 20 10919 11302 4991 48 0 0 
3400 12164 6460 21 11105 11402 6190 42 0 0 
3500 12196 7458 36 11311 11510 7071 49 0 0 
3600 12222 8441 33 11399 11504 7908 67 0 0 
3700 12334 9404 49 11597 11538 8811 89 0 0 
3800 12306 10216 59 11663 11500 9636 93 0 0 
3900 12266 10914 49 11665 11586 10329 96 0 0 
4000 12373 11561 59 11739 11608 10929 114 0 0 
4100 12430 12166 73 11783 11614 11514 90 0 0 
4200 12375 12499 78 11788 11630 12022 90 0 0 
4300 12349 12898 74 11778 11669 12369 102 0 0 
4400 12384 13146 80 11760 11734 12685 98 0 0 
4500 12481 13257 75 11844 11656 12778 95 0 0 
4600 12486 13313 77 11935 11725 12921 94 0 0 
4700 12432 13391 77 11789 11663 12982 110 0 0 
4800 12495 13439 94 11875 11693 13099 108 0 0 
4900 12476 13476 92 11844 11720 13164 98 0 0 
5000 12481 13416 62 11897 11780 13165 102 0 0 
5100 12567 13495 82 11914 11767 13124 77 0 0 
5200 12539 13437 88 11924 11696 13096 101 0 0 
5300 12440 13418 84 11798 11668 13139 107 0 0 
5400 12423 13366 89 11806 11695 13062 123 0 0 
5500 12507 13441 77 11934 11739 13124 96 0 0 
5600 12476 13395 66 11976 11737 13075 120 0 0 
5700 12638 13412 78 12033 11793 13216 91 0 0 
5800 12543 13435 64 11911 11813 13172 101 0 0 
5900 12558 13445 75 11939 11745 13190 84 0 0 
6000 12421 13368 77 11900 11646 13168 99 0 0 
6100 12518 13458 70 11984 11767 13119 82 0 0 
6200 12550 13443 76 12004 11769 13233 92 0 0 
6300 12489 13389 84 11862 11662 13115 96 0 0 
6400 12486 13434 83 11927 11745 13087 98 0 0 
6500 12520 13381 75 11935 11821 13152 102 0 0 
6600 12525 13322 78 12027 11832 13144 82 0 0 
6700 12602 13418 75 11977 11862 13229 68 0 0 
6800 12569 13346 60 11953 11830 13196 75 0 0 
6900 12577 13320 56 11947 11819 13193 89 0 0 
7000 12508 13412 61 12035 11847 13202 74 0 0 
7100 12501 13437 67 11986 11849 13214 84 0 0 
7200 12621 13382 84 12021 11912 13130 82 0 0 
7300 12636 13410 75 12094 11937 13207 87 0 0 
7400 12581 13310 79 11938 11787 13140 61 0 0 
7500 12605 13335 75 12078 11884 13205 65 0 0 
7600 12638 13339 62 12135 11927 13176 82 0 0 
7700 12598 13374 91 12103 11964 13188 88 0 0 
7800 12601 13296 102 12053 11904 13208 78 0 0 
7900 12559 13390 105 12074 11967 13132 110 0 0 
8000 12703 13302 95 12025 11957 13162 118 0 0 
8100 12681 13362 98 12079 12056 13277 153 0 0 
8200 12597 13335 109 11922 11994 13241 244 0 0 
8300 12657 13356 119 11826 11965 13303 382 0 0 
8400 12586 13274 165 11866 11983 13142 903 0 0 
8500 12556 13357 223 11950 11867 13167 1835 0 0 
8600 12640 13327 343 12034 11876 13176 3064 0 0 
8700 12735 13373 472 12076 11958 13223 4081 0 0 
8800 12723 13309 581 12093 11992 13192 5138 0 0 
8900 12658 13296 682 11854 11745 13177 6103 0 0 
9000 12691 13287 912 11891 11889 13126 7105 0 0 
9100 12638 13274 984 11841 11803 13073 7810 0 0 
9200 12688 13241 1027 11848 11848 13072 8641 0 0 
9300 12667 13265 1168 11682 11797 13133 9140 0 0 
9400 12665 13340 1300 11766 11812 13081 9725 0 0 
9500 12707 13305 1451 11784 11865 13098 10238 0 0 
9600 12586 13359 1386 11745 11847 13044 10671 0 2 
9700 12596 13419 1497 11697 11687 13002 10872 0 0 
9800 12704 13313 1507 11734 11802 13109 11192 0 0 
9900 12722 13377 1602 11787 11859 13110 11367 0 0 
10000 12658 13367 1705 11819 11842 13071 11479 0 0 
