# Avida tasks data
# Tue Apr 25 08:36:19 2023
# First column gives the current update, next columns give the number
# of organisms that have the particular task as a component of their merit
#  1: Update
#  2: Not
#  3: Nand
#  4: And
#  5: OrNot
#  6: Or
#  7: AndNot
#  8: Nor
#  9: Xor
# 10: Equals

0 0 0 0 0 0 0 0 0 0 
100 0 0 0 0 0 0 0 0 0 
200 0 0 0 0 0 0 0 0 0 
300 0 0 0 0 0 0 0 0 0 
400 211 0 0 0 0 0 0 0 0 
500 1502 8 0 0 0 0 0 0 0 
600 3106 40 0 0 0 0 0 0 0 
700 4998 117 0 2 0 0 0 0 0 
800 7216 1328 0 16 1 0 0 0 0 
900 8689 3736 3 67 0 427 0 0 0 
1000 10180 6345 21 436 2476 3485 17 0 0 
1100 11755 8545 28 820 5014 5841 22 0 0 
1200 12191 9775 30 1418 6566 7361 887 0 0 
1300 12290 10894 37 1767 7836 8663 1990 0 0 
1400 12283 12032 110 2343 9130 10069 3365 0 0 
1500 12421 12521 198 3017 10147 11043 4448 0 0 
1600 12357 12728 384 3888 10804 11645 5492 0 0 
1700 12310 12922 588 4514 11358 12231 6386 0 0 
1800 12317 13074 696 5238 11805 12739 7381 0 0 
1900 12322 13075 855 5742 12007 12817 8222 0 0 
2000 12358 13137 1030 6339 11974 12931 8718 0 0 
2100 12311 13087 1130 6859 12017 12877 9425 0 0 
2200 12442 13178 1240 7494 12054 12940 9978 0 0 
2300 12442 13168 1428 7881 12071 12977 10578 0 1 
2400 12454 13235 1599 8249 12100 12968 10949 0 2 
2500 12518 13174 1668 8652 12097 12866 11298 0 0 
2600 12536 13222 1937 9044 12102 12985 11343 0 0 
2700 12644 13162 2104 8780 12226 12971 11649 0 502 
2800 12597 11912 1878 7994 12137 12961 11666 0 1855 
2900 12658 9827 1580 7329 12201 12906 11733 0 2981 
3000 12741 7990 1215 6293 12312 12875 11737 0 4416 
3100 12738 6447 882 5219 12350 12802 11701 0 5700 
3200 12696 6165 686 4395 12444 12787 10475 3 6712 
3300 12737 7039 667 3412 12449 12797 9174 3 7823 
3400 12761 8531 651 3495 12451 12758 7786 3 8531 
3500 12681 9461 583 3187 12404 12764 7560 3 8878 
3600 12627 9927 514 3295 12381 12190 7222 3 9298 
3700 12715 10066 511 3494 12402 11943 7017 3 9343 
3800 12750 10279 519 3789 12402 11585 6682 1 9442 
3900 12770 10331 531 3902 12387 11427 6548 1 9454 
4000 12799 10365 504 4019 12448 11280 6447 1 9508 
4100 12793 10433 491 4174 12452 11079 6329 1 9519 
4200 12798 10490 510 4361 12436 10856 6199 1 9579 
4300 12642 10532 484 4563 12415 10622 6112 1 9599 
4400 12633 10547 464 4227 12464 10613 6119 1 9642 
4500 12701 10554 465 4191 12480 10543 6116 1 9682 
4600 12744 10559 455 4210 12461 10442 6082 1 9658 
4700 12755 10559 441 4333 12483 10306 6066 1 9714 
4800 12774 10570 453 4446 12492 10148 6044 1 9728 
