# Avida tasks data
# Tue Apr 25 08:18:33 2023
# First column gives the current update, next columns give the number
# of organisms that have the particular task as a component of their merit
#  1: Update
#  2: Not
#  3: Nand
#  4: And
#  5: OrNot
#  6: Or
#  7: AndNot
#  8: Nor
#  9: Xor
# 10: Equals

0 0 0 0 0 0 0 0 0 0 
100 0 0 0 0 0 0 0 0 0 
200 0 0 0 0 0 0 0 0 0 
300 0 0 0 0 0 0 0 0 0 
400 0 0 0 0 0 0 0 0 0 
500 0 0 0 0 0 0 0 0 0 
600 9 0 0 0 0 0 0 0 0 
700 1259 0 0 1 0 0 0 0 0 
800 3716 418 0 78 2 1 10 0 0 
900 5458 1140 0 142 0 0 20 0 0 
1000 7732 3232 0 225 6 0 16 0 0 
1100 8437 4079 0 268 4 0 54 0 0 
1200 8713 4420 0 274 5 0 182 0 0 
1300 9257 5122 0 272 4 2 17 0 0 
1400 11336 7352 0 389 5 4 20 0 0 
1500 11336 7352 0 389 5 4 20 0 0 
1600 11584 7724 0 422 5 3 19 0 0 
1700 12323 8635 1 464 12 3 27 0 0 
1800 12380 8724 1 466 8 3 35 0 0 
1900 12431 8843 1 479 7 2 23 0 0 
