# Avida tasks data
# Tue Apr 25 07:44:40 2023
# First column gives the current update, next columns give the number
# of organisms that have the particular task as a component of their merit
#  1: Update
#  2: Not
#  3: Nand
#  4: And
#  5: OrNot
#  6: Or
#  7: AndNot
#  8: Nor
#  9: Xor
# 10: Equals

0 0 0 0 0 0 0 0 0 0 
100 0 0 0 0 0 0 0 0 0 
200 0 0 0 0 0 0 0 0 0 
300 0 0 0 0 0 0 0 0 0 
400 0 0 0 0 0 0 0 0 0 
500 41 0 0 0 0 0 0 0 0 
600 255 0 0 14 0 0 0 0 0 
700 1138 42 0 1113 0 0 0 0 0 
800 1675 26 0 1650 2 0 0 0 0 
900 1675 26 0 1650 2 0 0 0 0 
1000 1674 26 0 1649 2 0 0 0 0 
1100 1674 26 0 1649 2 0 0 0 0 
1200 1674 26 0 1649 2 0 0 0 0 
1300 1674 26 0 1649 2 0 0 0 0 
1400 1675 26 0 1650 2 0 0 0 0 
1500 1675 26 0 1650 2 0 0 0 0 
1600 1675 26 0 1650 2 0 0 0 0 
1700 1675 26 0 1650 2 0 0 0 0 
1800 1675 26 0 1650 2 0 0 0 0 
1900 1675 26 0 1650 2 0 0 0 0 
2000 1675 26 0 1650 2 0 0 0 0 
2100 1675 26 0 1650 2 0 0 0 0 
2200 1675 25 0 1651 2 0 0 0 0 
2300 1674 25 0 1650 2 0 0 0 0 
2400 1674 25 0 1650 2 0 0 0 0 
2500 1674 25 0 1650 2 0 0 0 0 
2600 1674 25 0 1650 2 0 0 0 0 
2700 1673 25 0 1649 2 0 0 0 0 
2800 1673 25 0 1649 2 0 0 0 0 
2900 1673 25 0 1649 2 0 0 0 0 
3000 1673 25 0 1649 2 0 0 0 0 
3100 1673 25 0 1649 2 0 0 0 0 
3200 1672 25 0 1648 2 0 0 0 0 
3300 1672 25 0 1648 2 0 0 0 0 
3400 1672 25 0 1648 2 0 0 0 0 
3500 1673 25 0 1649 2 0 0 0 0 
3600 1673 25 0 1649 2 0 0 0 0 
3700 1673 25 0 1649 2 0 0 0 0 
3800 1673 25 0 1649 2 0 0 0 0 
3900 1673 25 0 1649 2 0 0 0 0 
4000 1673 25 0 1649 2 0 0 0 0 
4100 1673 25 0 1649 2 0 0 0 0 
4200 1673 25 0 1649 2 0 0 0 0 
4300 1673 25 0 1649 2 0 0 0 0 
4400 1673 25 0 1649 2 0 0 0 0 
4500 1672 25 0 1648 2 0 0 0 0 
4600 1672 25 0 1648 2 0 0 0 0 
4700 1671 25 0 1647 2 0 0 0 0 
4800 1673 25 0 1649 2 0 0 0 0 
4900 1673 25 0 1649 2 0 0 0 0 
5000 1672 25 0 1648 2 0 0 0 0 
5100 1673 25 0 1649 2 0 0 0 0 
5200 1673 25 0 1649 2 0 0 0 0 
5300 1673 25 0 1649 2 0 0 0 0 
5400 1672 25 0 1648 2 0 0 0 0 
5500 1673 25 0 1649 2 0 0 0 0 
5600 1673 25 0 1649 2 0 0 0 0 
5700 1672 25 0 1648 2 0 0 0 0 
5800 1676 33 0 1642 2 0 0 0 0 
5900 1676 33 0 1643 2 0 0 0 0 
6000 1672 33 0 1638 2 0 0 0 0 
6100 1672 33 0 1638 2 0 0 0 0 
6200 1669 33 0 1635 2 0 0 0 0 
6300 1669 33 0 1635 2 0 0 0 0 
6400 1668 33 0 1634 2 0 0 0 0 
6500 1669 33 0 1635 2 0 0 0 0 
6600 1670 33 0 1636 2 0 0 0 0 
6700 1671 33 0 1637 2 0 0 0 0 
6800 1670 33 0 1636 2 0 0 0 0 
6900 1670 33 0 1636 2 0 0 0 0 
7000 1671 33 0 1637 2 0 0 0 0 
7100 1670 33 0 1636 2 0 0 0 0 
7200 1669 33 0 1635 2 0 0 0 0 
7300 1670 33 0 1636 2 0 0 0 0 
7400 1668 33 0 1634 2 0 0 0 0 
7500 1669 33 0 1635 2 0 0 0 0 
7600 1671 33 0 1637 2 0 0 0 0 
7700 1670 33 0 1636 2 0 0 0 0 
7800 1670 33 0 1636 2 0 0 0 0 
7900 1668 33 0 1634 2 0 0 0 0 
8000 1669 33 0 1635 2 0 0 0 0 
8100 1668 33 0 1634 2 0 0 0 0 
8200 1669 33 0 1635 2 0 0 0 0 
8300 1670 33 0 1636 2 0 0 0 0 
8400 1669 33 0 1635 2 0 0 0 0 
8500 1669 33 0 1635 2 0 0 0 0 
8600 1671 33 0 1637 2 0 0 0 0 
8700 1668 33 0 1634 2 0 0 0 0 
8800 1669 33 0 1635 2 0 0 0 0 
8900 1668 33 0 1634 2 0 0 0 0 
9000 1668 33 0 1634 2 0 0 0 0 
9100 1670 33 0 1636 2 0 0 0 0 
9200 1667 33 0 1633 2 0 0 0 0 
9300 1668 33 0 1634 2 0 0 0 0 
9400 1669 33 0 1635 2 0 0 0 0 
9500 1669 33 0 1635 2 0 0 0 0 
9600 1667 33 0 1633 2 0 0 0 0 
9700 1668 33 0 1634 2 0 0 0 0 
9800 1667 33 0 1633 2 0 0 0 0 
9900 1668 33 0 1634 2 0 0 0 0 
10000 1667 33 0 1633 2 0 0 0 0 
