# Avida tasks data
# Mon Apr 24 23:04:55 2023
# First column gives the current update, next columns give the number
# of organisms that have the particular task as a component of their merit
#  1: Update
#  2: Not
#  3: Nand
#  4: And
#  5: OrNot
#  6: Or
#  7: AndNot
#  8: Nor
#  9: Xor
# 10: Equals

0 0 0 0 0 0 0 0 0 0 
100 0 0 0 0 0 0 0 0 0 
200 0 0 0 0 0 0 0 0 0 
300 0 0 0 0 0 0 0 0 0 
400 0 0 0 0 0 0 0 0 0 
500 0 0 0 0 0 0 0 0 0 
600 0 0 0 0 0 0 0 0 0 
700 0 73 0 41 0 0 0 0 0 
800 23 222 0 845 0 0 0 0 0 
900 120 812 0 2169 0 0 0 0 0 
1000 197 2562 3 3747 0 0 0 0 0 
1100 284 3587 0 4574 80 0 720 0 0 
1200 262 4304 0 3276 1717 109 2290 0 0 
1300 253 4264 0 2995 3431 153 3839 2 0 
1400 291 4488 0 3748 4631 183 4987 0 0 
1500 317 4720 3 4931 5472 420 5896 1 0 
1600 400 3851 2 6266 6046 1623 6354 1 0 
1700 433 3494 6 7388 6790 2857 7022 0 0 
1800 446 4021 14 8113 7390 3880 7590 0 0 
1900 464 4870 17 8929 8096 4960 8321 0 0 
2000 565 5492 23 9466 8711 5943 8933 0 0 
2100 563 6357 18 10146 9382 6845 9565 0 0 
2200 556 7045 34 10519 9846 7696 10002 0 0 
2300 627 7816 34 10809 10126 8414 10318 0 0 
2400 739 8359 31 11070 10379 8972 10541 0 0 
2500 1009 8698 24 11339 10638 9459 10778 0 0 
2600 1382 8950 35 11405 10675 9808 10760 0 0 
2700 1762 9344 37 11523 10867 10394 10876 0 0 
2800 2181 9584 45 11491 10807 10589 10877 0 0 
2900 2686 9943 41 11654 11003 10973 11080 0 0 
3000 3074 10265 33 11634 10895 11175 10930 0 0 
3100 3488 10714 32 11748 11044 11551 11082 0 0 
3200 3906 10964 29 11715 11096 11690 11152 0 0 
3300 4362 11098 44 11787 11116 11827 11168 0 0 
3400 4725 11338 36 11803 11091 12005 11095 0 0 
3500 5171 11673 38 11810 11087 12120 11123 0 0 
3600 5485 11798 35 11701 10981 12201 11003 0 0 
3700 6067 11974 40 11744 11179 12290 11167 0 0 
3800 6603 12112 47 11692 11036 12377 11114 0 0 
3900 7159 12248 44 11777 11143 12498 11210 0 0 
4000 7621 12313 52 11786 11021 12453 11090 0 0 
4100 8126 12411 35 11935 11112 12539 11148 0 0 
4200 8396 12437 38 11938 11056 12545 11071 0 0 
4300 8853 12561 45 11988 11263 12646 11299 0 0 
4400 9147 12638 53 12013 11234 12597 11288 0 0 
4500 9509 12577 39 11877 11034 12492 11116 0 0 
4600 9871 12610 41 12012 11183 12595 11230 0 0 
4700 10051 12580 54 11947 11051 12544 11125 0 0 
4800 10251 12671 39 12007 11187 12507 11233 0 0 
4900 10499 12549 38 12005 11131 12543 11165 0 0 
5000 10687 12466 40 11951 11190 12536 11213 0 0 
5100 10858 12531 61 11983 11110 12517 11181 0 0 
5200 11045 12591 41 12012 11256 12613 11323 0 0 
5300 11149 12560 49 12102 11222 12624 11256 0 0 
5400 11358 12638 52 12088 11223 12549 11225 0 0 
5500 11559 12616 42 12038 11165 12521 11201 0 0 
5600 11610 12565 47 12079 11092 12575 11183 0 0 
5700 11711 12664 35 12027 11117 12548 11191 0 0 
5800 11780 12606 38 12023 11183 12511 11241 0 0 
5900 11728 12620 38 12025 11107 12508 11175 0 0 
6000 11880 12793 43 12122 11197 12596 11301 0 0 
6100 11842 12823 30 12021 11292 12625 11378 0 0 
6200 11906 12711 36 12120 11310 12594 11324 0 0 
6300 11808 12757 38 12064 11215 12542 11334 0 0 
6400 11758 12775 36 12042 11177 12537 11200 0 0 
6500 11811 12695 38 12133 11284 12627 11334 0 0 
6600 11876 12707 39 12099 11289 12653 11356 0 0 
6700 11811 12810 28 12062 11264 12588 11297 1 0 
6800 11938 12845 45 12131 11251 12650 11298 0 0 
6900 11902 12739 25 12042 11206 12559 11241 0 0 
7000 11813 12636 38 12120 11307 12551 11333 0 0 
7100 11854 12761 35 12061 11246 12614 11284 0 0 
7200 12017 12685 39 12109 11307 12611 11370 0 0 
7300 11943 12743 38 12132 11370 12636 11384 0 0 
7400 11876 12809 41 12117 11246 12667 11342 0 0 
7500 11891 12735 35 12114 11238 12610 11315 0 0 
7600 11908 12676 43 12145 11288 12586 11378 0 0 
7700 11906 12862 50 12138 11287 12633 11360 0 0 
7800 11810 12794 32 12186 11270 12687 11359 0 0 
7900 11792 12767 35 12188 11306 12663 11379 0 0 
8000 11959 12835 43 12156 11426 12671 11464 0 0 
8100 11897 12810 47 12241 11455 12743 11436 0 0 
8200 11798 12801 32 12099 11286 12623 11360 0 0 
8300 11878 12803 45 12135 11340 12651 11384 0 0 
8400 11918 12828 25 12309 11425 12726 11501 0 0 
8500 11929 12680 38 12244 11440 12695 11479 0 0 
8600 11796 12724 35 12137 11277 12645 11299 0 0 
8700 11834 12756 33 12183 11280 12651 11346 0 0 
8800 11885 12708 53 12247 11379 12705 11425 0 0 
8900 11740 12794 48 12242 11245 12632 11290 0 0 
9000 11944 12939 42 12215 11383 12692 11432 0 0 
9100 11820 12890 37 12188 11382 12673 11459 0 0 
9200 11781 12688 32 12152 11315 12659 11338 0 0 
9300 11951 12707 36 12211 11441 12646 11484 0 0 
9400 11848 12854 44 12320 11473 12695 11456 0 0 
9500 11768 12738 31 12278 11351 12678 11427 0 0 
9600 11870 12646 31 12219 11288 12604 11371 0 0 
9700 11886 12706 48 12294 11341 12732 11404 0 0 
9800 11955 12810 27 12265 11419 12747 11445 0 0 
9900 12000 12785 38 12322 11423 12733 11469 0 0 
10000 11940 12728 50 12228 11332 12643 11369 0 0 
