# Avida tasks data
# Tue Apr 25 04:23:02 2023
# First column gives the current update, next columns give the number
# of organisms that have the particular task as a component of their merit
#  1: Update
#  2: Not
#  3: Nand
#  4: And
#  5: OrNot
#  6: Or
#  7: AndNot
#  8: Nor
#  9: Xor
# 10: Equals

0 0 0 0 0 0 0 0 0 0 
100 0 0 0 0 0 0 0 0 0 
200 0 0 0 0 0 0 0 0 0 
300 0 0 0 0 0 0 0 0 0 
400 0 0 0 0 0 0 0 0 0 
500 0 0 0 0 0 0 0 0 0 
600 0 0 0 0 0 0 0 0 0 
700 0 92 0 2 0 0 0 0 0 
800 2 425 0 2 0 0 0 0 0 
900 235 1128 0 3 0 0 0 0 0 
1000 1590 2223 0 10 0 0 0 0 0 
1100 3027 3504 0 15 0 0 0 0 0 
1200 4133 4654 0 29 0 0 0 0 0 
1300 5240 5790 0 57 0 0 0 0 0 
1400 6587 7166 0 91 0 0 1291 0 0 
1500 8598 9165 0 1047 2 0 3957 0 0 
1600 10326 10570 0 2813 176 3 6158 0 0 
1700 11244 11479 0 5216 2189 9 7292 0 0 
1800 11890 12170 0 7163 4315 33 8135 0 0 
1900 12236 12502 0 8453 6079 69 8759 0 0 
2000 12537 12519 0 9509 7790 274 9435 0 0 
2100 12801 12398 3 10419 9187 632 10108 0 0 
2200 12986 12203 2 11267 10330 1198 10857 0 0 
2300 13078 11748 4 11886 11226 1697 11381 0 0 
2400 13115 11169 0 12393 11895 2309 11756 0 0 
2500 13215 10342 5 12683 12261 3088 11978 0 0 
2600 13295 9595 5 13002 12542 3802 12176 0 0 
2700 13187 8914 12 13195 12716 4527 12220 0 0 
2800 13246 8783 11 13388 13015 5304 12455 0 0 
2900 13204 9210 10 13357 12923 5968 12439 0 0 
3000 13145 9852 12 13390 12962 6700 12485 0 8 
3100 13037 10291 28 13331 12878 7488 12391 0 0 
3200 13050 10736 30 13394 12952 8327 12483 0 1 
3300 13050 10982 23 13420 12912 9094 12345 0 0 
3400 12918 11473 36 13405 12903 9884 12387 0 1 
3500 12887 11882 109 13417 12936 10517 12399 0 0 
3600 12799 12342 314 13469 12809 11090 12364 0 0 
3700 12820 12687 583 13486 13047 11586 12554 0 0 
3800 12767 12683 990 13393 12865 12033 12342 0 1 
3900 12766 12696 1453 13505 12908 12445 12405 0 0 
4000 12610 12654 1832 13483 12845 12757 12343 0 0 
4100 12637 12720 2345 13442 12867 13137 12392 0 0 
4200 12773 12763 2831 13349 12934 13240 12465 0 0 
4300 12577 12637 3331 13429 12886 13257 12416 0 0 
4400 12501 12718 3913 13453 12941 13286 12422 0 0 
4500 12436 12651 4425 13412 12896 13237 12393 0 2 
4600 12490 12745 4999 13451 12962 13262 12509 0 0 
4700 12443 12683 5629 13394 12953 13340 12496 0 0 
4800 12345 12679 6359 13453 12969 13293 12462 0 0 
4900 12354 12791 6946 13521 12979 13307 12550 0 1 
5000 12321 12738 7507 13537 13014 13303 12576 0 0 
5100 12361 12781 8135 13530 12990 13341 12575 0 2 
5200 12234 12738 8635 13378 12915 13321 12448 0 1 
5300 12224 12743 9166 13495 12971 13371 12481 0 0 
5400 12178 12779 9529 13433 12956 13328 12509 0 0 
5500 12204 12763 9929 13437 12934 13355 12530 0 0 
5600 12264 12825 10306 13459 12990 13365 12535 1 0 
5700 12254 12780 10450 13498 13021 13305 12609 0 0 
5800 12249 12754 10655 13474 12941 13306 12544 0 0 
5900 12320 12859 10877 13472 13006 13374 12609 0 4 
6000 12288 12727 10867 13415 12965 13367 12551 0 0 
6100 12279 12806 11059 13519 12985 13356 12599 0 0 
6200 12199 12657 11179 13412 12918 13343 12502 0 0 
6300 12184 12672 11163 13464 12942 13304 12520 0 0 
6400 12357 12776 11314 13514 13051 13358 12671 0 0 
6500 12131 12721 11241 13407 12975 13307 12539 0 0 
6600 12186 12733 11329 13383 12953 13305 12531 0 0 
6700 12285 12751 11222 13387 12927 13380 12508 0 0 
6800 12262 12741 11331 13475 13001 13354 12563 0 0 
6900 12272 12707 11277 13458 12995 13373 12626 0 0 
7000 12296 12812 11373 13452 12950 13359 12551 0 0 
7100 12312 12812 11376 13474 12997 13395 12576 0 2 
7200 12263 12801 11330 13459 12936 13313 12572 0 0 
7300 12444 12815 10598 13462 12968 13309 12579 0 676 
7400 12413 12766 10170 13495 12945 13289 12565 0 2518 
7500 12386 12762 10228 13471 12821 13318 12502 0 3904 
7600 12481 12759 10288 13446 12930 13345 12491 0 5080 
7700 12615 12880 10668 13474 12951 13335 12566 0 6381 
7800 12605 12744 10732 13420 12877 13288 12481 0 7276 
7900 12645 12732 10957 13376 12883 13216 12481 0 8286 
8000 12777 12797 11295 13445 12970 13290 12621 0 9186 
8100 12746 12752 11412 13458 12966 13284 12531 0 9664 
8200 12786 12869 11585 13429 12965 13282 12520 0 10065 
8300 12851 12789 11608 13445 12873 13312 12499 0 10239 
8400 12787 12791 11753 13403 12859 13277 12456 0 10567 
8500 12948 12852 11807 13486 12970 13304 12591 0 10916 
8600 12889 12827 11687 13401 12872 13289 12511 0 10769 
8700 12967 12846 11770 13444 12860 13246 12536 0 10974 
8800 12946 12890 11749 13402 12878 13257 12543 0 10984 
8900 13048 12946 11767 13513 12961 13302 12675 0 11013 
9000 12980 12877 11711 13476 12839 13248 12504 0 10947 
9100 12960 12951 11830 13489 12855 13291 12570 0 11044 
9200 12962 12867 11767 13458 12862 13233 12546 0 10970 
9300 12970 12864 11813 13423 12850 13300 12518 0 11009 
9400 12942 12950 11780 13388 12878 13329 12567 0 10966 
9500 13003 12893 11807 13474 12978 13301 12615 0 11005 
9600 12949 12834 11688 13372 12845 13306 12455 1 10901 
9700 13014 12906 11800 13402 12923 13343 12586 0 11003 
9800 13080 12956 11946 13472 12909 13298 12597 0 11138 
9900 13025 12860 11831 13407 12890 13329 12522 0 11004 
10000 13042 12953 11840 13435 12917 13366 12563 0 11075 
