# Avida tasks data
# Tue Apr 25 07:13:09 2023
# First column gives the current update, next columns give the number
# of organisms that have the particular task as a component of their merit
#  1: Update
#  2: Not
#  3: Nand
#  4: And
#  5: OrNot
#  6: Or
#  7: AndNot
#  8: Nor
#  9: Xor
# 10: Equals

0 0 0 0 0 0 0 0 0 0 
100 0 0 0 0 0 0 0 0 0 
200 0 0 0 0 0 0 0 0 0 
300 0 0 0 0 0 0 0 0 0 
400 0 0 0 0 0 0 0 0 0 
500 0 0 0 0 0 0 0 0 0 
600 0 0 0 0 0 0 0 0 0 
700 9 0 0 0 0 0 0 0 0 
800 11 30 0 0 0 5 0 0 0 
900 83 463 598 627 0 380 0 0 0 
1000 1309 1985 1738 1875 0 83 0 0 0 
1100 2889 3195 2865 3192 4 59 0 0 0 
1200 4691 5182 4682 5263 1 139 0 0 0 
1300 6224 6997 6314 7031 616 381 0 0 0 
1400 7672 8345 7603 8464 2427 379 0 0 0 
1500 9059 9671 8903 9941 4108 462 0 0 0 
1600 9940 10479 9525 10705 5433 1729 12 0 0 
1700 10205 10775 9796 11026 6365 3545 16 0 0 
1800 10495 11088 10094 11350 7243 5102 29 0 0 
1900 10769 11374 10282 11595 7994 6398 54 0 0 
2000 11082 11675 10545 11825 8870 7605 68 0 0 
2100 11394 12044 10815 12161 9572 8776 55 0 0 
2200 11685 12411 11100 12464 10266 9879 80 0 0 
2300 12059 12838 11486 12808 10934 10736 81 0 0 
2400 12311 13062 11614 13059 11568 11596 78 0 0 
2500 12386 13288 11741 13090 11853 12224 88 0 0 
2600 12479 13261 11640 13153 12112 12584 96 0 0 
2700 12550 13321 11893 13350 12300 12651 92 0 0 
2800 12597 13323 11821 13292 12393 12755 81 0 0 
2900 12582 13340 11807 13299 12385 12845 84 0 0 
3000 12499 13397 11767 13225 12346 12750 107 0 0 
3100 12543 13426 11808 13326 12360 12793 84 0 0 
3200 12602 13303 11751 13274 12389 12753 104 0 0 
3300 12601 13360 11752 13291 12369 12767 73 0 0 
3400 12605 13356 11749 13292 12391 12777 70 0 0 
3500 12615 13329 11755 13324 12380 12785 71 0 0 
3600 12441 13314 11741 13290 12306 12686 117 0 0 
3700 12552 13304 11852 13319 12383 12768 100 0 0 
3800 12667 13292 11827 13237 12441 12722 91 0 0 
3900 12733 13423 11885 13321 12545 12766 70 0 0 
4000 12632 13358 11846 13352 12401 12811 68 0 0 
4100 12668 13394 11756 13301 12507 12696 80 0 0 
4200 12648 13305 11776 13325 12465 12754 90 0 0 
4300 12590 13334 11712 13228 12409 12575 95 0 0 
4400 12727 13354 11781 13283 12522 12766 83 0 0 
4500 12693 13345 11803 13354 12532 12793 90 0 0 
4600 12652 13282 11781 13256 12443 12696 77 0 0 
4700 12602 13266 11749 13324 12414 12716 85 0 0 
4800 12773 13352 11902 13376 12596 12731 94 0 0 
4900 12693 13430 11759 13305 12477 12754 70 0 0 
5000 12753 13331 11824 13343 12568 12757 75 0 0 
5100 12782 13366 11953 13393 12535 12861 64 0 0 
5200 12732 13375 11780 13263 12522 12837 73 0 0 
5300 12774 13358 11822 13366 12588 12796 87 0 0 
5400 12821 13399 11798 13295 12558 12814 57 0 0 
5500 12828 13380 11847 13402 12646 12818 70 0 0 
5600 12768 13351 11872 13249 12539 12784 75 0 0 
5700 12830 13421 11770 13275 12638 12863 64 0 0 
5800 12759 13318 11756 13292 12525 12787 87 0 0 
5900 12881 13346 11959 13366 12705 12866 58 0 0 
6000 12824 13344 12011 13381 12661 12825 76 0 0 
6100 12775 13310 11898 13426 12600 12778 92 0 0 
6200 12797 13352 11844 13302 12625 12846 73 0 0 
6300 12855 13394 11865 13344 12713 12854 76 0 0 
6400 12807 13296 11869 13343 12619 12823 83 0 0 
6500 12854 13354 11961 13332 12627 12825 76 0 0 
6600 12824 13372 11887 13413 12612 12846 61 0 0 
6700 12939 13401 11967 13399 12688 12845 75 0 11 
6800 12814 13391 11839 13365 12639 12774 74 0 38 
6900 12847 13411 11943 13379 12646 12881 81 2 367 
7000 12740 13368 11924 13367 12424 12855 93 4 2067 
7100 12773 13304 11866 13315 12348 12800 107 3 3581 
7200 12755 13334 11775 13290 12258 12690 133 4 4710 
7300 12833 13424 11886 13403 12324 12730 120 9 5963 
7400 12863 13391 11836 13308 12290 12788 155 11 7123 
7500 12791 13241 11850 13372 12155 12633 192 7 7828 
7600 12864 13365 11786 13298 12201 12695 166 9 8699 
7700 12858 13331 11742 13263 12186 12602 192 12 9318 
7800 12836 13309 11855 13383 12186 12576 180 10 9725 
7900 12912 13282 11863 13342 12175 12637 186 7 10136 
8000 12869 13295 11912 13429 12214 12653 210 12 10480 
8100 12995 13341 11938 13347 12211 12621 177 12 10640 
8200 12941 13292 11970 13421 12221 12558 183 5 10668 
8300 12920 13262 11851 13384 12193 12640 193 15 10700 
8400 12973 13352 11962 13396 12180 12668 154 12 10712 
8500 12920 13287 11872 13350 12180 12714 169 8 10683 
8600 12908 13321 11878 13436 12088 12640 151 9 10649 
8700 13042 13288 12053 13441 12265 12676 152 17 10841 
8800 13000 13337 11926 13445 12192 12636 166 17 10710 
8900 12964 13247 11953 13402 12177 12571 167 12 10783 
9000 12950 13276 11985 13410 12261 12667 187 17 10878 
9100 12992 13348 11951 13395 12204 12640 151 10 10731 
9200 12958 13312 11928 13417 12254 12618 156 7 10743 
9300 12951 13287 11936 13470 12305 12653 135 9 10800 
9400 12995 13295 11915 13415 12247 12605 167 14 10776 
9500 12986 13346 11936 13406 12241 12689 172 12 10716 
9600 12942 13248 11961 13426 12251 12554 172 13 10646 
9700 13016 13191 11907 13418 12233 12594 152 9 10733 
9800 13013 13245 11948 13434 12266 12650 180 9 10771 
9900 13022 13233 11976 13432 12292 12614 157 10 10773 
10000 12942 13240 11892 13377 12213 12535 178 6 10712 
