# Avida tasks data
# Tue Apr 25 01:07:12 2023
# First column gives the current update, next columns give the number
# of organisms that have the particular task as a component of their merit
#  1: Update
#  2: Not
#  3: Nand
#  4: And
#  5: OrNot
#  6: Or
#  7: AndNot
#  8: Nor
#  9: Xor
# 10: Equals

0 0 0 0 0 0 0 0 0 0 
100 0 0 0 0 0 0 0 0 0 
200 0 0 0 0 0 0 0 0 0 
300 0 0 0 0 0 0 0 0 0 
400 0 0 0 0 0 0 0 0 0 
500 0 0 0 0 0 0 0 0 0 
600 0 0 0 0 0 0 0 0 0 
700 11 8 0 0 0 0 0 0 0 
800 169 59 0 0 0 0 0 0 0 
900 633 149 0 3 0 0 0 0 0 
1000 936 219 0 145 0 0 0 0 0 
1100 1374 202 0 1007 362 0 0 0 0 
1200 3033 1079 0 3504 2761 0 0 0 0 
1300 4795 2423 0 5442 4644 1 58 0 0 
1400 6767 2670 0 7395 6543 19 2155 0 0 
1500 7961 2480 0 8451 7567 27 3651 0 0 
1600 9044 2318 0 9418 8626 32 5279 0 0 
1700 9790 2182 0 9912 9339 46 6486 0 0 
1800 10512 2237 0 10486 9937 61 7605 0 0 
1900 10919 2707 0 10855 10381 57 8482 0 0 
2000 11366 3267 0 11154 10765 70 9241 0 0 
2100 11609 3916 2 11450 11075 89 9852 0 0 
2200 11891 4828 0 11701 11401 61 10342 0 0 
2300 12043 5783 0 11860 11601 73 10639 0 0 
2400 12214 6827 0 11899 11673 73 10761 0 0 
2500 12447 7802 1 12137 11919 319 11001 0 0 
2600 12439 8983 8 12192 11813 1729 11071 0 0 
2700 12629 9962 38 12360 12009 3163 11215 0 0 
2800 12539 10953 30 12314 12089 4580 11226 0 0 
2900 12497 11575 35 12377 12075 5934 11253 0 0 
3000 12574 12196 63 12329 12059 7007 11238 0 0 
3100 12531 12503 74 12388 12072 8039 11264 0 0 
3200 12592 12701 75 12423 12164 8896 11300 0 0 
3300 12651 12978 82 12547 12239 9543 11449 0 0 
3400 12635 13110 81 12614 12297 10212 11589 0 0 
3500 12673 13194 82 12614 12368 10621 11533 0 0 
3600 12460 13150 106 12590 12211 10880 11378 0 0 
3700 12528 13198 117 12598 12314 11215 11501 0 0 
3800 12702 13258 94 12593 12298 11343 11518 0 0 
3900 12443 13335 106 12570 12334 11561 11536 0 0 
4000 12456 13283 103 12532 12161 11565 11392 0 0 
4100 12592 13268 109 12574 12202 11692 11466 0 0 
4200 12610 13257 73 12712 12331 11919 11687 0 0 
4300 12719 13394 114 12559 12285 11878 11516 0 0 
4400 12556 13234 113 12541 12123 11795 11332 0 0 
4500 12507 13283 98 12496 12169 11874 11385 0 0 
4600 12582 13342 91 12677 12426 12098 11694 0 0 
4700 12559 13309 88 12567 12199 11890 11563 0 0 
4800 12589 13279 97 12704 12344 11995 11602 0 0 
4900 12558 13320 111 12544 12254 11909 11433 0 0 
5000 12604 13294 106 12562 12238 11832 11506 0 0 
5100 12559 13318 82 12566 12214 11833 11488 0 0 
5200 12554 13346 102 12540 12307 11903 11500 0 0 
5300 12568 13371 83 12473 12203 11789 11384 0 0 
5400 12578 13310 92 12598 12291 11895 11538 0 0 
5500 12650 13359 102 12692 12278 11958 11608 0 0 
5600 12654 13418 108 12589 12298 11953 11568 0 0 
5700 12637 13279 125 12610 12328 11907 11568 0 0 
5800 12687 13301 75 12575 12338 11961 11601 0 0 
5900 12599 13327 99 12649 12285 12012 11619 0 0 
6000 12539 13347 111 12631 12327 12012 11594 0 0 
6100 12631 13318 87 12650 12393 12012 11560 0 0 
6200 12710 13344 91 12617 12264 11889 11554 0 0 
6300 12672 13292 93 12648 12344 12021 11605 0 0 
6400 12585 13369 98 12611 12341 11943 11628 0 0 
6500 12738 13263 118 12640 12364 12014 11595 0 0 
6600 12710 13357 98 12655 12312 11965 11593 0 0 
6700 12786 13372 96 12652 12335 11988 11618 0 0 
6800 12741 13352 100 12720 12388 12075 11654 0 0 
6900 12822 13378 80 12618 12328 11959 11645 0 0 
7000 12841 13445 91 12731 12411 12009 11747 0 0 
7100 12777 13390 88 12625 12325 11961 11613 0 0 
7200 12839 13379 114 12586 12320 11970 11609 0 0 
7300 12863 13342 112 12583 12228 11863 11510 0 0 
7400 12866 13333 80 12708 12324 11949 11647 0 0 
7500 12757 13330 92 12675 12388 12047 11663 0 0 
7600 12841 13351 92 12677 12391 12022 11694 0 0 
7700 12788 13401 87 12579 12321 12018 11587 0 0 
7800 12843 13378 96 12727 12404 12098 11696 0 0 
7900 12900 13343 116 12681 12461 12080 11706 0 0 
8000 12941 13415 87 12638 12350 12016 11697 0 0 
8100 12867 13450 80 12789 12453 12193 11740 0 0 
8200 12898 13418 93 12692 12327 12048 11683 0 0 
8300 12836 13342 88 12699 12324 11994 11635 0 0 
8400 12937 13428 102 12774 12501 12169 11765 0 0 
8500 12802 13354 89 12694 12413 12059 11725 0 0 
8600 13004 13428 80 12673 12448 12071 11659 0 0 
8700 12903 13387 87 12792 12440 12165 11738 0 0 
8800 12911 13365 109 12746 12408 12135 11755 0 0 
8900 12804 13357 95 12709 12433 12060 11759 0 0 
9000 12752 13383 94 12772 12463 12152 11826 0 0 
9100 12902 13425 99 12703 12380 12004 11733 0 0 
9200 12848 13453 84 12708 12490 12120 11824 0 0 
9300 12904 13420 89 12766 12488 12151 11758 0 0 
9400 12930 13409 108 12769 12450 12155 11771 0 0 
9500 13017 13499 99 12796 12527 12172 11926 0 0 
9600 12984 13325 79 12816 12487 12209 11920 0 0 
9700 12993 13403 81 12732 12477 12125 11831 0 0 
9800 13054 13450 80 12764 12543 12146 11887 0 0 
9900 12834 13429 92 12772 12451 12149 11808 0 0 
10000 12921 13479 92 12736 12472 12043 11786 0 0 
