# Avida tasks data
# Tue Apr 25 06:16:21 2023
# First column gives the current update, next columns give the number
# of organisms that have the particular task as a component of their merit
#  1: Update
#  2: Not
#  3: Nand
#  4: And
#  5: OrNot
#  6: Or
#  7: AndNot
#  8: Nor
#  9: Xor
# 10: Equals

0 0 0 0 0 0 0 0 0 0 
100 0 0 0 0 0 0 0 0 0 
200 0 0 0 0 0 0 0 0 0 
300 0 0 0 0 0 0 0 0 0 
400 0 0 0 0 0 0 0 0 0 
500 0 0 0 0 0 0 0 0 0 
600 0 27 0 0 0 0 0 0 0 
700 14 313 0 35 0 0 0 0 0 
800 843 895 0 447 2 0 0 0 0 
900 1963 1539 0 1509 122 0 0 0 0 
1000 3196 2877 34 2719 342 0 0 0 0 
1100 5125 4983 21 4772 2264 0 0 0 0 
1200 7034 6932 17 6768 4490 11 0 0 0 
1300 8747 8687 7 8460 6517 26 0 0 0 
1400 9788 9921 0 9588 7957 55 0 0 0 
1500 10446 10303 1 10148 8890 364 0 0 0 
1600 11190 10315 1 10788 9841 1195 3 0 0 
1700 11759 9991 3 11226 10570 2198 6 0 0 
1800 11956 9961 13 11488 10967 3408 2 0 0 
1900 12200 10612 25 11606 11189 4472 20 0 0 
2000 12306 11556 26 11770 11405 5628 19 0 0 
2100 12330 12063 40 11790 11454 6849 21 0 0 
2200 12555 12609 32 11926 11573 8142 38 0 0 
2300 12520 12866 40 11874 11533 9124 43 0 0 
2400 12604 13060 45 11931 11594 10039 46 0 0 
2500 12670 13266 46 11823 11493 10858 40 0 0 
2600 12737 13326 43 11938 11651 11374 57 0 0 
2700 12784 13518 61 11984 11708 11870 51 0 0 
2800 12706 13529 81 11901 11554 12129 50 0 0 
2900 12793 13611 51 12000 11697 12603 63 0 0 
3000 12851 13709 54 12149 11774 12914 34 0 0 
3100 12885 13658 50 11976 11694 13108 53 0 0 
3200 12828 13658 55 11951 11646 13234 58 0 0 
3300 12754 13611 60 12030 11724 13386 50 0 0 
3400 12795 13685 48 12049 11726 13421 48 0 0 
3500 12827 13600 64 12079 11800 13405 51 0 0 
3600 12906 13629 60 12042 11839 13413 62 0 0 
3700 12825 13526 57 12034 11783 13435 63 0 0 
3800 12917 13614 53 12012 11736 13437 59 0 0 
3900 12933 13606 47 12126 11894 13425 71 0 0 
4000 12777 13624 61 12044 11836 13401 50 0 0 
4100 12863 13625 46 12025 11762 13456 61 0 0 
4200 12947 13621 66 12126 11867 13428 49 0 0 
4300 12878 13655 64 12188 11878 13508 36 0 0 
4400 12946 13622 62 12215 11964 13468 51 0 0 
4500 12965 13669 63 12220 11945 13501 41 0 0 
4600 12865 13651 69 12116 11799 13509 44 0 0 
4700 12926 13680 57 12195 11899 13510 48 0 0 
4800 12879 13642 73 12240 11966 13484 36 0 0 
4900 12973 13635 78 12291 12010 13497 48 0 0 
5000 12930 13653 76 12199 11944 13512 55 0 0 
5100 13029 13643 79 12187 11879 13482 45 0 0 
5200 13007 13681 51 12333 12008 13600 35 0 0 
5300 12982 13735 50 12308 12013 13567 46 0 0 
5400 12981 13652 50 12265 12004 13526 40 0 0 
5500 12966 13671 64 12162 11927 13534 58 0 0 
5600 13035 13641 56 12226 12015 13560 55 0 0 
5700 12987 13661 74 12211 11945 13507 46 0 0 
5800 13068 13746 60 12286 12043 13556 37 0 0 
5900 13005 13699 53 12126 11892 13538 49 0 0 
6000 13043 13679 53 12237 11967 13580 42 0 0 
6100 13037 13637 43 12263 11981 13572 54 0 0 
6200 13095 13658 44 12360 12095 13569 47 0 0 
6300 13115 13698 48 12265 12029 13551 39 0 0 
6400 13059 13676 52 12262 11968 13531 50 0 0 
6500 13061 13673 65 12363 12084 13533 41 0 0 
6600 13119 13701 57 12342 12062 13578 55 0 0 
6700 13031 13694 37 12288 12030 13519 48 0 0 
6800 13128 13704 41 12290 12051 13541 55 0 0 
6900 13107 13665 63 12337 12086 13496 54 0 0 
7000 13056 13754 63 12302 12065 13600 42 0 0 
7100 13047 13725 48 12342 12067 13617 39 0 0 
7200 13053 13752 52 12318 12059 13618 40 0 0 
7300 13058 13626 63 12302 11981 13542 58 0 0 
7400 13065 13765 37 12350 12046 13573 29 0 0 
7500 13049 13733 40 12371 12063 13586 41 0 0 
7600 13114 13713 66 12464 12195 13666 32 0 0 
7700 13116 13752 55 12451 12198 13611 25 0 0 
7800 13157 13664 72 12421 12178 13520 45 0 0 
7900 13118 13739 64 12349 12075 13585 32 0 0 
8000 13141 13775 32 12480 12229 13632 35 0 0 
8100 13170 13720 45 12437 12129 13634 34 0 0 
8200 13224 13776 49 12439 12202 13605 31 0 0 
8300 13209 13688 58 12447 12134 13572 31 0 0 
8400 13162 13653 71 12451 12165 13564 40 0 0 
8500 13201 13674 84 12346 12157 13498 38 0 0 
8600 13247 13687 59 12445 12162 13527 50 0 0 
8700 13112 13670 43 12396 12069 13545 46 0 0 
8800 13110 13704 54 12447 12212 13561 45 0 0 
8900 13019 13735 46 12381 12102 13624 49 0 0 
9000 13193 13696 41 12429 12116 13624 49 0 0 
9100 13199 13727 65 12414 12156 13548 32 0 0 
9200 13178 13725 60 12506 12257 13570 39 0 0 
9300 13202 13746 49 12467 12192 13586 43 0 0 
9400 13173 13713 61 12493 12193 13573 34 0 0 
9500 13178 13705 44 12477 12190 13658 28 0 0 
9600 13150 13734 41 12401 12147 13581 45 0 0 
9700 13250 13728 46 12487 12192 13624 47 0 0 
9800 13208 13762 61 12547 12238 13613 40 0 0 
9900 13178 13669 72 12395 12079 13502 40 0 0 
10000 13189 13725 48 12430 12130 13592 52 0 0 
