# Avida tasks data
# Tue Apr 25 03:20:16 2023
# First column gives the current update, next columns give the number
# of organisms that have the particular task as a component of their merit
#  1: Update
#  2: Not
#  3: Nand
#  4: And
#  5: OrNot
#  6: Or
#  7: AndNot
#  8: Nor
#  9: Xor
# 10: Equals

0 0 0 0 0 0 0 0 0 0 
100 0 0 0 0 0 0 0 0 0 
200 0 0 0 0 0 0 0 0 0 
300 0 0 0 0 0 0 0 0 0 
400 2 0 0 0 0 0 0 0 0 
500 20 0 0 0 0 0 0 0 0 
600 105 0 0 0 0 0 0 0 0 
700 204 0 0 0 0 0 0 0 0 
800 276 1013 6 1156 0 1016 0 0 0 
900 315 3905 72 4055 0 3798 0 0 0 
1000 376 6170 233 6424 0 6094 0 0 0 
1100 394 6819 1173 7698 0 7312 4 0 0 
1200 802 7031 2376 8218 0 7666 4 0 0 
1300 1420 7352 3423 8733 0 8081 136 0 0 
1400 1570 7784 4139 9175 3 8389 1088 0 0 
1500 2146 8109 5141 9511 1 8678 2286 0 0 
1600 3096 8377 5772 9811 1 8741 3465 0 0 
1700 3773 8779 6465 10157 797 9081 4514 2 0 
1800 5115 8851 6838 10328 2448 9274 5377 3 0 
1900 6542 9106 7581 10658 3896 9554 6407 12 0 
2000 7749 9455 8390 11150 5244 9984 7367 7 0 
2100 8790 9828 8985 11521 6187 10330 8230 8 0 
2200 9867 10470 9786 12034 7324 10743 9202 6 0 
2300 11068 11030 10627 12447 8519 11278 10095 14 0 
2400 11937 11345 11096 12815 9194 11446 10615 24 0 
2500 12331 11646 11311 12962 9619 11530 11046 20 0 
2600 12480 11756 11492 13036 10054 11719 11216 19 0 
2700 12809 11887 11602 13112 10364 11601 11429 17 0 
2800 12904 11978 11757 13139 10616 11710 11485 26 0 
2900 13049 12106 11898 13177 10825 11877 11591 32 0 
3000 13190 12055 11887 13277 10928 11836 11554 16 0 
3100 13024 12086 11895 13251 11043 11896 11605 22 0 
3200 13040 12055 11977 13187 10931 11831 11643 48 0 
3300 13110 12046 12009 13297 11064 11938 11706 91 0 
3400 13121 11935 11958 13273 10915 11797 11593 150 0 
3500 13134 11993 11848 13199 11013 11895 11255 232 409 
3600 13036 11808 11972 13164 10994 11913 10030 319 1728 
3700 12895 11708 11952 13260 10955 11757 8451 370 3280 
3800 12894 9289 11913 13189 10891 11730 7024 370 4612 
3900 12979 7261 11959 13224 10828 11763 5828 361 5818 
4000 13175 6177 12015 13291 10942 11881 4525 286 7152 
4100 13181 5534 11934 13187 10782 11830 3335 165 8240 
4200 13157 5186 12055 13188 10897 11927 2501 78 9154 
4300 13008 5663 12016 13186 10832 11841 2248 80 9371 
4400 12965 5945 11928 13194 10677 11754 2016 82 9503 
4500 13021 6142 11897 13156 10690 11748 1788 78 9740 
4600 13015 6418 11802 13144 10588 11679 1580 75 9956 
4700 12952 6704 11740 13090 10269 11409 1402 75 10079 
4800 13062 7007 11714 13088 9787 10915 1330 80 10203 
4900 13038 7404 11691 13080 9105 11128 1324 78 10215 
5000 13070 7579 11682 13086 8784 11108 1325 77 10197 
5100 13079 8085 11554 13097 8064 10907 1308 75 10227 
5200 13150 8493 11565 13092 7379 10851 1256 74 10249 
5300 13060 8804 11470 13105 6811 10709 1194 71 10282 
5400 13021 9161 11436 13069 6232 10607 1141 65 10368 
5500 13023 9370 11331 13065 5784 10457 1079 65 10355 
5600 13064 9458 11318 13058 5488 10363 1063 63 10302 
5700 13055 9696 11248 13104 5069 10284 1001 63 10379 
5800 13023 9978 11299 13115 4653 10215 963 63 10445 
5900 13070 10194 11286 13140 4252 10169 951 64 10392 
6000 13060 10474 11191 13073 3863 9993 930 63 10524 
6100 13021 10679 11060 13022 3460 9872 888 62 10493 
6200 13096 10908 11113 13140 3119 9904 843 58 10509 
6300 13081 11120 11063 13089 2775 9785 787 60 10478 
6400 13085 11422 10965 13056 2410 9654 732 61 10619 
6500 13078 11513 10932 13104 2181 9487 702 60 10654 
6600 12977 11728 10816 13007 1911 9370 664 61 10612 
6700 13014 11885 10918 13039 1661 9471 622 60 10775 
6800 13009 12080 10889 13071 1470 9423 571 54 10681 
6900 13016 12180 10903 12975 1293 9423 523 44 10791 
7000 13084 12275 10827 12982 1116 9264 464 39 10913 
7100 13081 12425 10860 12976 956 9308 423 34 10975 
7200 13164 12690 10873 13042 826 9385 386 27 10936 
7300 13168 12668 10860 13020 685 9149 349 30 10897 
7400 13163 12912 10783 13012 578 9197 314 20 11067 
7500 13167 13021 10793 12995 439 9256 257 12 11078 
7600 12671 12987 10718 12950 369 9133 228 12 11049 
7700 12102 13064 10716 12990 376 9139 228 8 11064 
7800 11784 13073 10733 12985 378 9148 228 11 11069 
7900 11581 13098 10747 12945 376 9209 227 10 11133 
8000 11296 13132 10632 12919 379 9076 224 11 11022 
8100 11035 13156 10631 12912 381 9121 227 6 10961 
8200 10156 13120 10590 12912 377 9086 224 9 10954 
8300 9509 13053 10567 12905 376 9026 225 7 10923 
8400 8790 13060 10617 12908 384 9092 224 6 10993 
8500 8306 13072 10600 12957 379 9033 227 4 10985 
8600 7759 13041 10676 12994 379 9106 227 3 10980 
8700 7300 13077 10553 12947 380 9034 225 3 10970 
8800 6775 13030 10528 12932 372 9000 223 4 10935 
8900 6247 13072 10686 12971 380 9206 229 2 10983 
