# Avida tasks data
# Tue Apr 25 05:27:03 2023
# First column gives the current update, next columns give the number
# of organisms that have the particular task as a component of their merit
#  1: Update
#  2: Not
#  3: Nand
#  4: And
#  5: OrNot
#  6: Or
#  7: AndNot
#  8: Nor
#  9: Xor
# 10: Equals

0 0 0 0 0 0 0 0 0 0 
100 0 0 0 0 0 0 0 0 0 
200 0 0 0 0 0 0 0 0 0 
300 0 0 0 0 0 0 0 0 0 
400 0 0 0 0 0 0 0 0 0 
500 0 0 0 0 0 0 0 0 0 
600 0 0 0 0 0 0 0 0 0 
700 47 59 0 0 0 0 0 0 0 
800 822 418 0 10 0 0 0 0 0 
900 2641 900 0 6 0 0 0 0 0 
1000 4104 1876 0 66 0 0 0 0 0 
1100 4911 2614 0 258 2 0 0 0 0 
1200 5509 3185 0 401 2 0 0 0 0 
1300 5637 3443 2 325 1 0 0 0 0 
1400 5637 3443 2 324 1 0 0 0 0 
1500 5633 3441 2 323 1 0 0 0 0 
1600 5634 3442 2 323 1 0 0 0 0 
1700 5633 3441 2 323 1 0 0 0 0 
1800 5633 3441 2 323 1 0 0 0 0 
1900 5633 3441 2 323 1 0 0 0 0 
2000 5634 3442 2 323 1 0 0 0 0 
2100 5854 4100 2 267 7 354 1 0 0 
2200 5852 4098 2 267 7 352 1 0 0 
2300 5852 4098 2 267 7 352 1 0 0 
2400 5852 4098 2 267 7 352 1 0 0 
2500 6024 4534 2 279 5 813 13 0 0 
2600 6082 4741 4 277 4 1095 13 0 0 
2700 6184 5029 3 440 4 1286 6 0 0 
2800 5811 5191 3 749 4 1273 6 0 0 
2900 5743 5193 3 810 3 1251 5 0 0 
3000 5743 5193 3 811 3 1251 5 0 0 
