# Avida tasks data
# Tue Apr 25 06:31:58 2023
# First column gives the current update, next columns give the number
# of organisms that have the particular task as a component of their merit
#  1: Update
#  2: Not
#  3: Nand
#  4: And
#  5: OrNot
#  6: Or
#  7: AndNot
#  8: Nor
#  9: Xor
# 10: Equals

0 0 0 0 0 0 0 0 0 0 
100 0 0 0 0 0 0 0 0 0 
200 0 0 0 0 0 0 0 0 0 
300 0 0 0 0 0 0 0 0 0 
400 0 0 0 0 0 0 0 0 0 
500 0 0 0 0 0 0 0 0 0 
600 0 15 0 0 0 0 0 0 0 
700 60 160 0 0 0 0 0 0 0 
800 512 639 0 91 1 0 0 0 0 
900 1727 1999 0 1908 4 0 0 0 0 
1000 3813 4306 1 4247 7 0 0 0 0 
1100 6045 6659 1 6629 10 0 0 0 0 
1200 7959 8827 0 8769 23 0 0 0 0 
1300 9814 10858 0 10815 28 0 0 0 0 
1400 10644 11887 1 11793 15 0 0 0 0 
1500 11281 12505 2 12349 29 0 0 0 0 
1600 11600 12963 0 12867 20 0 0 0 0 
1700 11981 13126 1 13056 35 2 0 0 0 
1800 12215 13327 3 13225 21 0 0 0 0 
1900 12295 13442 12 13337 21 0 0 0 0 
2000 12169 13486 2 13407 39 2 0 0 0 
2100 12337 13542 17 13368 25 1 0 0 0 
2200 12377 13465 25 13363 25 4 0 0 0 
2300 12281 13488 13 13386 38 3 0 0 0 
2400 12433 13399 17 13334 33 6 0 0 0 
2500 12356 13475 8 13358 40 27 0 0 0 
2600 12428 13468 9 13347 26 26 0 0 0 
2700 12355 13526 35 13397 30 36 0 0 0 
2800 12376 13442 29 13383 36 54 0 0 0 
2900 12549 13461 51 13355 29 56 0 0 0 
3000 12480 13407 63 13267 28 82 0 0 0 
3100 12527 13505 92 13366 36 92 0 0 0 
3200 12454 13480 115 13363 30 102 0 0 0 
3300 12502 13417 127 13319 33 149 0 0 0 
3400 12490 13503 199 13364 31 182 0 0 0 
3500 12448 13520 224 13437 32 266 0 0 0 
3600 12490 13361 307 13300 51 285 0 0 0 
3700 12518 13464 706 13379 37 338 0 0 0 
3800 12533 13444 2443 13367 47 241 0 0 0 
3900 12661 13473 4243 13402 39 228 0 0 0 
4000 12718 13574 5800 13458 30 202 0 0 0 
4100 12751 13512 7406 13407 41 155 0 0 0 
4200 12747 13518 8789 13414 30 115 0 0 0 
4300 12735 13476 9947 13438 54 155 1 0 0 
4400 12783 13514 10878 13463 56 163 0 0 0 
4500 12803 13526 11547 13462 48 204 0 0 0 
4600 12840 13505 11973 13440 39 207 1 0 0 
4700 12835 13557 12295 13449 42 199 0 0 0 
4800 12871 13552 12550 13446 46 181 2 0 0 
4900 12919 13543 12681 13449 32 196 0 0 0 
5000 12982 13552 12781 13460 36 186 0 0 0 
5100 12859 13533 12687 13391 28 332 0 0 0 
5200 13004 13506 12737 13387 34 478 1 0 0 
5300 13093 13600 12780 13506 36 851 0 0 0 
5400 13076 13606 12837 13474 25 1293 0 0 0 
5500 12993 13511 12719 13421 26 1917 1 0 0 
5600 13098 13622 12780 13471 28 2636 0 0 0 
5700 13081 13571 12827 13463 26 3349 0 0 0 
5800 13142 13595 12819 13521 27 4219 1 0 0 
5900 13216 13588 12851 13532 22 5135 0 0 0 
6000 13314 13650 12959 13597 15 6206 0 0 0 
6100 13306 13553 12904 13587 18 7277 0 0 0 
6200 13376 13547 12880 13570 15 8432 0 0 0 
6300 13439 13583 12894 13547 16 9540 0 0 0 
6400 13402 13541 12976 13494 14 10535 4 0 0 
6500 13457 13556 12920 13522 5 11395 0 0 0 
6600 13444 13592 12973 13556 6 12028 0 0 0 
6700 13567 13624 12961 13610 2 12425 0 0 0 
6800 13548 13614 12997 13537 0 12708 2 0 0 
6900 13560 13605 12939 13598 2 12752 1 0 0 
7000 13550 13626 12923 13610 3 12880 0 0 0 
7100 13538 13631 12981 13579 1 12912 2 0 0 
7200 13602 13567 12980 13563 0 12982 0 0 0 
7300 13525 13575 12856 13484 0 12827 2 0 0 
7400 13503 13637 12998 13560 1 12876 0 0 0 
7500 13552 13597 12955 13572 0 12892 0 0 0 
7600 13591 13591 13002 13603 0 12941 4 0 0 
7700 13565 13583 12962 13532 2 12931 2 0 0 
7800 13544 13617 12915 13557 2 12933 0 0 0 
7900 13574 13591 13030 13540 0 13008 0 0 0 
8000 13512 13571 12926 13526 0 12931 1 0 0 
8100 13569 13532 12946 13560 1 12917 1 0 0 
8200 13532 13550 12987 13537 3 12969 2 0 0 
8300 13596 13603 13025 13516 1 13043 2 0 0 
8400 13567 13578 12927 13535 1 12966 3 0 0 
8500 13570 13570 12973 13541 1 12942 3 0 0 
8600 13590 13607 13038 13503 2 12958 1 0 0 
8700 13589 13582 12947 13569 0 12953 4 0 0 
8800 13571 13524 12959 13512 1 13022 1 0 0 
8900 13560 13508 12986 13489 5 12993 0 0 0 
9000 13562 13593 13016 13517 46 13030 1 0 0 
9100 13571 13644 12942 13548 116 13049 2 0 0 
9200 13567 13633 13034 13504 280 13065 0 0 0 
9300 13506 13601 12990 13517 581 12957 4 0 0 
9400 13590 13600 12964 13560 935 13062 0 0 0 
9500 13623 13591 12919 13543 1364 12967 3 0 0 
9600 13536 13512 12919 13483 1704 12905 8 0 0 
9700 13569 13507 12989 13538 2249 13027 4 0 0 
9800 13605 13564 13009 13527 2871 13084 3 0 0 
9900 13585 13536 12875 13512 3291 12951 3 0 0 
10000 13527 13612 12855 13534 4012 13005 2 0 0 
