# Avida tasks data
# Tue Apr 25 08:42:52 2023
# First column gives the current update, next columns give the number
# of organisms that have the particular task as a component of their merit
#  1: Update
#  2: Not
#  3: Nand
#  4: And
#  5: OrNot
#  6: Or
#  7: AndNot
#  8: Nor
#  9: Xor
# 10: Equals

0 0 0 0 0 0 0 0 0 0 
100 0 0 0 0 0 0 0 0 0 
200 0 0 0 0 0 0 0 0 0 
300 0 0 0 0 0 0 0 0 0 
400 0 0 0 0 0 0 0 0 0 
500 0 0 0 0 0 0 0 0 0 
600 184 274 0 2 0 0 0 0 0 
700 1288 1408 4 51 0 0 0 0 0 
800 2128 2271 0 289 0 0 0 0 0 
900 2793 3025 25 1078 4 6 0 0 0 
1000 3633 3908 28 1894 2 1 0 0 0 
1100 5054 5497 61 3453 5 17 0 0 0 
1200 6788 7196 64 5117 4 14 0 0 0 
1300 8577 9122 76 7157 11 20 3 0 0 
1400 10382 11030 62 9190 3 36 5 0 0 
1500 11564 12200 74 10626 3 22 4 0 0 
1600 11785 12574 79 11183 8 24 9 0 0 
1700 11858 12597 72 11628 4 39 13 0 0 
1800 11872 12579 85 12013 5 44 11 0 0 
1900 12007 12775 79 12237 3 39 7 0 0 
2000 11947 12751 97 12439 7 56 2 0 0 
2100 12066 12748 83 12726 10 122 2 0 0 
2200 12055 12746 162 12773 7 169 1 0 0 
2300 12205 12852 611 12884 3 286 0 0 0 
2400 12156 12846 1499 12805 7 269 0 0 0 
2500 12285 12908 2828 12888 5 533 5 0 0 
2600 12387 12992 3328 12877 6 739 648 0 0 
2700 12414 13008 3130 12862 8 665 2053 0 0 
2800 12549 13009 2901 12759 4 500 3647 0 0 
2900 12647 13111 2573 12952 1 459 4997 0 0 
3000 12803 13158 2074 13018 14 403 6437 0 0 
3100 12776 13192 1693 12987 14 422 7567 0 0 
3200 12824 13188 1331 12948 10 595 8571 0 0 
3300 12880 13160 936 12968 50 664 9414 0 0 
3400 12933 13254 628 12961 57 935 10161 0 0 
3500 12878 13270 477 12896 165 1098 10753 0 0 
3600 12926 13372 362 13049 296 1384 11236 0 0 
3700 12975 13278 314 12978 538 1597 11516 0 0 
3800 12968 13243 230 12906 804 1860 11777 0 0 
3900 12969 13351 197 12991 1063 2145 12099 0 0 
4000 13006 13375 437 12989 1391 2465 12267 0 0 
4100 12990 13373 1028 12935 1525 2837 12369 0 0 
4200 13119 13320 2067 12786 1772 3626 12357 0 0 
4300 13138 13400 3131 12818 2296 4131 12397 0 0 
4400 13220 13411 3916 12762 2918 4380 12324 0 0 
4500 13256 13421 4749 12668 3526 4796 12363 0 0 
4600 13316 13386 5663 12565 3756 5583 12285 0 914 
4700 13412 13397 6556 12383 3073 6448 12133 6 2399 
4800 13489 13396 7313 12319 2703 6984 12199 4 3808 
4900 13594 13400 7941 12288 2185 7732 12170 7 4821 
5000 13692 13373 8546 12220 1859 8309 12037 7 5822 
5100 13784 13433 9265 12198 1635 9099 12076 0 6750 
5200 13832 13479 9774 12078 1473 9390 12060 2 7528 
5300 13855 13501 10065 12158 1441 9423 12170 7 7948 
5400 13867 13471 10363 12117 1422 9584 12154 3 8396 
5500 13917 13366 10678 12085 1601 9469 11966 13 8878 
5600 13951 13506 10872 12121 1454 9885 12027 13 8997 
5700 13980 13470 11185 12077 1501 10000 12033 11 9459 
5800 13927 13439 11381 12063 1543 10054 12073 5 9538 
5900 13913 13518 11771 11990 1650 10268 12118 3 9882 
6000 13958 13537 11874 12080 1680 10447 12113 2 10062 
6100 13945 13531 12022 12030 1659 10471 12111 2 10215 
6200 13937 13539 12019 12048 1817 10495 12079 5 10339 
6300 13874 13518 11972 12089 1871 10471 12007 5 10260 
6400 13926 13512 12060 12178 2023 10350 12058 2 10525 
6500 13860 13522 12036 12135 1919 10429 12071 5 10453 
6600 13903 13588 11975 12131 1913 10426 12082 4 10450 
6700 13906 13492 12036 12104 1934 10415 12082 7 10597 
6800 13864 13556 12146 12155 1832 10573 12130 6 10599 
6900 13877 13533 12220 12105 1829 10573 12160 4 10732 
7000 13838 13547 12117 12142 1877 10653 12193 2 10711 
7100 13880 13598 12146 12252 1929 10802 12151 6 10608 
7200 13816 13605 12096 12197 2006 10620 12139 6 10584 
7300 13833 13562 12197 12116 2060 10575 12126 7 10741 
7400 13862 13624 12115 12272 2125 10600 12172 5 10711 
7500 13889 13534 12183 12132 2213 10433 12159 5 10766 
7600 13810 13488 12124 12107 2422 10292 12033 1 10671 
7700 13795 13582 12225 12323 2583 10246 12234 6 10929 
7800 13810 13542 12134 12238 2708 10110 12154 0 10927 
7900 13844 13642 12167 12326 2746 10209 12240 8 10879 
8000 13846 13590 12071 12313 3071 10039 12206 3 10906 
8100 13834 13612 12161 12281 3170 9873 12207 0 10978 
8200 13831 13572 12150 12204 3585 9614 12117 1 10944 
8300 13824 13546 12113 12209 3786 9575 12137 4 10954 
8400 13842 13632 12245 12350 4158 9562 12272 3 11131 
8500 13881 13616 12230 12243 4559 9439 12227 5 11025 
8600 13802 13657 12182 12303 4769 9472 12337 6 11012 
8700 13840 13686 12204 12406 5000 9548 12335 2 11013 
8800 13871 13648 12313 12387 5174 9532 12316 4 11154 
8900 13827 13586 12250 12280 5317 9562 12271 4 11035 
9000 13858 13552 12148 12320 5533 9666 12185 1 11193 
9100 13864 13581 12187 12342 5992 9665 12203 4 11108 
9200 13865 13578 12224 12280 6271 9837 12197 6 11170 
9300 13812 13635 12240 12322 6697 9719 12191 10 11076 
9400 13880 13604 12271 12317 7150 9714 12290 4 11208 
9500 13797 13642 12302 12341 7533 9812 12317 10 11224 
9600 13841 13601 12312 12337 7796 9999 12312 4 11229 
9700 13853 13630 12226 12377 8261 10103 12347 6 11161 
9800 13837 13592 12302 12325 8700 10063 12232 7 11229 
9900 13863 13529 12213 12258 9182 10076 12238 8 11216 
10000 13890 13596 12383 12371 9751 10232 12256 8 11308 
