# Avida tasks data
# Tue Apr 25 09:06:30 2023
# First column gives the current update, next columns give the number
# of organisms that have the particular task as a component of their merit
#  1: Update
#  2: Not
#  3: Nand
#  4: And
#  5: OrNot
#  6: Or
#  7: AndNot
#  8: Nor
#  9: Xor
# 10: Equals

0 0 0 0 0 0 0 0 0 0 
100 0 0 0 0 0 0 0 0 0 
200 0 0 0 0 0 0 0 0 0 
300 0 0 0 0 0 0 0 0 0 
400 0 0 0 0 0 0 0 0 0 
500 2 94 0 1 0 0 0 0 0 
600 592 767 0 16 0 0 0 0 0 
700 2200 2313 0 71 0 0 0 0 0 
800 3940 4073 0 128 0 0 0 0 0 
900 5790 6092 0 655 0 0 0 0 0 
1000 7125 7484 3 1179 5 798 0 0 0 
1100 7609 8085 7 1153 8 2271 0 0 0 
1200 7948 8438 498 1433 25 3329 0 0 0 
1300 8429 8974 1792 1843 34 4342 0 0 0 
1400 9554 10000 2846 3643 17 5779 0 0 0 
1500 10051 10546 3849 4025 1341 6678 2 0 0 
1600 10275 10636 4770 5683 2376 7084 1 0 0 
1700 10392 10674 5852 6922 3545 7795 1 0 0 
1800 10587 10778 6970 8168 4919 8714 2 0 0 
1900 11190 11346 8398 9530 6531 9962 1 0 0 
2000 11619 11736 9558 10523 8176 10918 8 0 0 
2100 12033 11984 10712 11297 9500 11836 2 0 0 
2200 12150 12122 11361 11732 10366 12278 9 0 0 
2300 12055 12059 11660 11786 10724 12351 8 0 2 
2400 12031 12132 11998 11890 10918 12438 9 0 3 
2500 12082 12085 12216 11860 11150 12442 10 0 0 
2600 12027 12085 12131 11888 11044 12372 7 0 4 
2700 12228 12066 12131 11851 11271 12426 6 0 1 
2800 12097 12096 12126 11827 11208 12347 7 0 0 
2900 12176 12208 12268 11867 11298 12521 5 0 0 
3000 12062 12139 12148 11872 11193 12393 1 0 0 
3100 12196 12203 12213 11865 11315 12531 10 0 1 
3200 11988 12106 12262 11815 11163 12446 5 0 0 
3300 12125 12087 12252 11835 11253 12414 6 0 2 
3400 12136 12203 12237 11895 11290 12453 4 0 0 
3500 12133 12183 12250 11890 11287 12521 8 0 1 
3600 12145 12089 12234 11859 11222 12441 6 0 0 
3700 12176 12178 12254 11950 11335 12520 10 0 0 
3800 12141 12211 12326 11960 11324 12481 7 0 0 
3900 12190 12146 12334 11862 11296 12546 8 0 0 
4000 12284 12296 12386 11999 11458 12565 5 0 2 
4100 12212 12206 12402 11998 11365 12575 12 0 0 
4200 12287 12198 12349 11994 11318 12532 4 0 0 
4300 12370 12366 12425 12057 11576 12624 2 0 1 
4400 12188 12200 12354 12004 11358 12525 0 0 3 
4500 12236 12245 12330 11965 11417 12512 4 0 0 
4600 12216 12224 12361 12015 11361 12553 0 0 0 
4700 12269 12304 12319 12004 11474 12588 0 0 0 
4800 12354 12305 12400 12129 11453 12624 10 0 4 
4900 12330 12408 12450 12065 11557 12650 2 0 0 
5000 12344 12359 12464 12181 11528 12631 15 0 0 
5100 12281 12290 12367 12081 11484 12603 12 0 0 
5200 12301 12304 12472 12052 11522 12630 3 0 0 
5300 12278 12373 12494 12054 11471 12623 6 0 0 
5400 12373 12397 12490 12160 11515 12676 2 0 0 
5500 12386 12378 12440 12045 11549 12661 9 0 0 
5600 12395 12468 12492 12177 11619 12779 3 0 1 
5700 12379 12412 12444 12143 11516 12685 3 0 0 
5800 12392 12425 12454 12192 11581 12724 6 0 0 
5900 12501 12468 12539 12205 11673 12780 9 0 0 
6000 12317 12334 12416 12040 11487 12623 4 0 0 
6100 12353 12329 12413 12052 11505 12634 4 0 1 
6200 12267 12307 12467 12132 11446 12700 5 0 1 
6300 12422 12494 12551 12230 11615 12750 13 0 0 
6400 12350 12309 12368 12098 11450 12540 6 0 1 
6500 12356 12409 12468 12171 11538 12686 5 0 0 
6600 12399 12495 12588 12312 11616 12787 3 0 0 
6700 12405 12569 12531 12281 11595 12783 5 0 0 
6800 12411 12428 12546 12149 11552 12748 7 0 0 
6900 12397 12425 12442 12166 11561 12682 5 0 0 
7000 12416 12459 12493 12142 11549 12649 9 0 0 
7100 12401 12335 12393 12104 11550 12631 10 0 0 
7200 12463 12348 12398 12117 11498 12663 10 0 0 
7300 12321 12501 12576 12252 11638 12771 4 0 0 
7400 12388 12421 12412 12160 11567 12711 5 0 0 
7500 12452 12457 12466 12214 11628 12695 6 0 0 
7600 12441 12434 12567 12203 11586 12713 5 0 0 
7700 12421 12397 12449 12143 11581 12688 11 0 0 
7800 12440 12534 12601 12335 11723 12782 9 0 0 
7900 12445 12466 12517 12220 11610 12763 8 0 0 
8000 12368 12441 12440 12261 11550 12727 5 0 0 
8100 12405 12469 12518 12213 11648 12747 11 0 2 
8200 12334 12373 12400 12067 11404 12566 0 0 1 
8300 12433 12528 12518 12193 11595 12743 8 0 2 
8400 12385 12471 12470 12193 11545 12723 7 0 1 
8500 12381 12396 12465 12123 11500 12632 1 0 0 
8600 12291 12361 12431 12068 11500 12656 10 0 2 
8700 12468 12392 12479 12140 11530 12733 7 0 0 
8800 12424 12492 12590 12229 11585 12701 9 0 0 
8900 12468 12397 12461 12183 11556 12653 9 0 1 
9000 12414 12384 12409 12105 11515 12636 7 0 0 
9100 12470 12398 12546 12221 11527 12699 6 0 0 
9200 12549 12533 12627 12281 11728 12824 4 0 0 
9300 12453 12406 12522 12184 11634 12694 9 0 0 
9400 12326 12329 12460 12127 11462 12605 5 0 0 
9500 12402 12398 12462 12153 11551 12652 6 0 0 
9600 12363 12417 12496 12142 11506 12684 4 0 2 
9700 12532 12430 12520 12193 11598 12655 6 0 0 
9800 12414 12385 12475 12209 11568 12640 5 0 2 
9900 12443 12453 12502 12149 11565 12701 4 0 1 
10000 12481 12352 12517 12106 11534 12654 5 0 2 
