# Avida tasks data
# Mon Apr 24 22:30:28 2023
# First column gives the current update, next columns give the number
# of organisms that have the particular task as a component of their merit
#  1: Update
#  2: Not
#  3: Nand
#  4: And
#  5: OrNot
#  6: Or
#  7: AndNot
#  8: Nor
#  9: Xor
# 10: Equals

0 0 0 0 0 0 0 0 0 0 
100 0 0 0 0 0 0 0 0 0 
200 0 0 0 0 0 0 0 0 0 
300 0 0 0 0 0 0 0 0 0 
400 0 0 0 0 0 0 0 0 0 
500 0 0 0 0 0 0 0 0 0 
600 0 0 0 0 0 0 0 0 0 
700 4 3 0 0 0 0 0 0 0 
800 2 34 0 0 0 0 0 0 0 
900 12 61 0 83 0 0 0 0 0 
1000 97 87 0 400 0 0 0 0 0 
1100 351 131 0 1072 597 0 0 0 0 
1200 2075 840 0 2967 2657 2 0 0 0 
1300 3844 2098 2 4609 4283 1042 423 0 0 
1400 4919 3496 9 6208 5878 1955 1862 0 0 
1500 5651 4842 12 7563 7310 2579 3164 0 0 
1600 6130 6126 11 8428 8104 2935 3923 0 0 
1700 6659 7277 28 9274 8895 3136 4675 0 0 
1800 7347 8174 25 10132 9732 3219 5564 0 0 
1900 7919 9039 14 10888 10516 3036 6686 0 0 
2000 8609 9786 19 11487 11001 2687 7662 0 0 
2100 9211 10487 14 11938 11466 2230 8536 0 0 
2200 9791 11167 18 12348 11918 1766 9328 0 0 
2300 10499 11851 18 12785 12398 1397 10105 0 0 
2400 10974 12361 2 12858 12490 1102 10491 0 0 
2500 11276 12701 3 12850 12474 819 10709 0 0 
2600 11545 12931 6 12845 12474 569 10930 0 0 
2700 11883 13077 4 12804 12390 1228 11073 0 0 
2800 12073 13157 9 12921 12527 2760 11263 0 0 
2900 12165 13221 11 12898 12489 4356 11331 0 0 
3000 12251 13219 27 12861 12538 5895 11285 0 0 
3100 12336 13167 11 12885 12524 7342 11265 0 0 
3200 12334 13176 15 12883 12513 8688 11306 0 0 
3300 12634 13222 60 12856 12553 9736 11463 0 0 
3400 12755 13285 45 12888 12477 10550 11461 0 0 
3500 12828 13407 57 12868 12566 11105 11456 0 0 
3600 12861 13438 35 12955 12626 11501 11597 0 0 
3700 12960 13401 44 12874 12517 11869 11441 0 0 
3800 12946 13438 51 12856 12500 12172 11408 0 0 
3900 12930 13419 46 12825 12393 12456 11304 0 0 
4000 13021 13478 28 12929 12595 12569 11555 0 0 
4100 12982 13449 42 12908 12479 12592 11462 0 0 
4200 13083 13397 38 12916 12493 12632 11432 0 0 
4300 12993 13424 30 12882 12600 12550 11459 0 0 
4400 13069 13455 26 12943 12522 12631 11521 0 0 
4500 12991 13508 39 12897 12535 12611 11507 0 0 
4600 13015 13454 32 12950 12563 12565 11528 0 0 
4700 13100 13469 22 13003 12603 12611 11549 0 0 
4800 13114 13432 38 13043 12644 12585 11631 0 0 
4900 13065 13403 47 12951 12579 12593 11621 0 0 
5000 12948 13461 49 12894 12507 12504 11499 0 0 
5100 13036 13487 38 12982 12611 12613 11604 0 0 
5200 13062 13485 32 12848 12536 12560 11465 0 0 
5300 13116 13457 18 12966 12601 12683 11595 0 0 
5400 13096 13493 31 12997 12709 12623 11756 0 0 
5500 13143 13509 45 13014 12680 12669 11677 0 0 
5600 13110 13520 49 13108 12711 12682 11733 0 0 
5700 13133 13485 45 12994 12649 12609 11594 0 0 
5800 13160 13471 34 13016 12668 12726 11667 0 0 
5900 13225 13527 19 12963 12641 12646 11721 0 0 
6000 13224 13512 33 13024 12700 12731 11748 0 0 
6100 13267 13644 36 13114 12714 12653 11801 0 0 
6200 13180 13559 21 13018 12678 12646 11730 0 0 
6300 13241 13577 46 13079 12685 12668 11800 0 0 
6400 13162 13589 34 13039 12777 12580 11752 0 0 
6500 13252 13649 39 13171 12734 12814 11898 0 0 
6600 13185 13634 34 13062 12758 12746 11769 0 0 
6700 13240 13567 63 13063 12739 12791 11796 0 0 
6800 13154 13632 50 13088 12762 12632 11741 0 0 
6900 13242 13623 30 13081 12783 12783 11878 0 0 
7000 13260 13609 32 13104 12792 12717 11862 0 0 
7100 13246 13618 32 13103 12709 12713 11793 0 0 
7200 13268 13568 34 13137 12736 12745 11909 0 0 
7300 13295 13557 25 13144 12771 12734 11890 0 0 
7400 13284 13597 27 13162 12817 12846 11919 0 2 
7500 13233 13633 49 13136 12785 12724 11849 0 0 
7600 13352 13597 33 13155 12773 12754 11867 0 0 
7700 13304 13541 32 13125 12774 12769 11884 0 0 
7800 13344 13553 31 13144 12840 12816 11943 0 0 
7900 13312 13498 18 13132 12807 12771 11893 0 0 
8000 13353 13562 27 13145 12775 12799 11878 0 0 
8100 13272 13544 48 13126 12743 12709 11870 0 0 
8200 13302 13638 34 13117 12761 12762 11843 0 0 
8300 13342 13626 28 13105 12770 12772 11874 0 0 
8400 13401 13660 22 13165 12789 12833 11918 0 0 
8500 13373 13625 43 13099 12791 12814 11909 0 0 
8600 13284 13574 119 13137 12789 12815 11923 0 0 
8700 13085 13559 274 13098 12782 12804 11859 0 0 
8800 12811 13650 487 13145 12835 12727 11893 0 0 
8900 12520 13624 768 13164 12798 12701 11874 0 0 
9000 12028 13616 1153 13122 12860 12639 11905 0 2 
9100 11588 13536 1582 13084 12745 12634 11882 0 0 
9200 11041 13574 2019 13049 12685 12494 11776 0 0 
9300 10513 13642 2552 13085 12661 12567 11845 0 0 
9400 10033 13493 3201 13095 12735 12640 11883 0 0 
9500 9787 13532 3688 13095 12747 12488 11867 0 0 
9600 9721 13551 4259 13060 12749 12430 11807 0 0 
9700 9739 13533 4997 13061 12750 12386 11815 0 0 
9800 10052 13537 5684 13100 12714 12259 11792 0 0 
9900 10424 13522 6546 13109 12741 12337 11820 0 0 
10000 11086 13448 7307 13058 12707 12185 11788 0 0 
