# Avida tasks data
# Tue Apr 25 04:39:35 2023
# First column gives the current update, next columns give the number
# of organisms that have the particular task as a component of their merit
#  1: Update
#  2: Not
#  3: Nand
#  4: And
#  5: OrNot
#  6: Or
#  7: AndNot
#  8: Nor
#  9: Xor
# 10: Equals

0 0 0 0 0 0 0 0 0 0 
100 0 0 0 0 0 0 0 0 0 
200 0 0 0 0 0 0 0 0 0 
300 0 0 0 0 0 0 0 0 0 
400 0 0 0 0 0 0 0 0 0 
500 0 0 0 0 0 0 0 0 0 
600 7 76 0 0 0 0 0 0 0 
700 187 273 0 1 0 0 0 0 0 
800 486 656 0 2 0 0 0 0 0 
900 1137 1510 2 9 0 0 0 0 0 
1000 2183 3167 3 16 0 0 0 0 0 
1100 3894 5884 4 42 0 0 0 0 0 
1200 5130 7763 10 129 0 0 0 0 0 
1300 6289 9130 3 223 0 142 0 0 0 
1400 7920 10471 25 631 0 2335 1 0 0 
1500 8953 10857 19 1604 43 4151 3 0 0 
1600 9490 10955 24 1516 1918 5272 5 0 0 
1700 9733 11038 36 919 3762 5981 1597 0 0 
1800 10293 11123 30 1283 5205 6763 3868 0 0 
1900 10825 11374 28 2495 6473 7676 5461 0 0 
2000 11161 11683 29 3693 7533 8420 6790 0 0 
2100 11393 11805 24 4787 8417 9089 7847 0 0 
2200 11810 12171 12 5828 9482 9776 9041 0 0 
2300 12116 12379 22 6941 10247 10437 9922 0 0 
2400 12366 12639 14 7895 10858 10917 10523 0 0 
2500 12624 12914 17 8771 11448 11506 11153 0 0 
2600 12738 13081 44 9505 11919 11819 11647 0 0 
2700 12864 13283 49 10271 12164 12290 11893 0 0 
2800 12989 13512 75 10895 12528 12639 12334 0 0 
2900 13012 13504 104 11483 12767 12743 12458 0 0 
3000 13008 13555 157 12005 12776 12748 12473 0 0 
3100 12933 13580 254 12325 12751 12768 12490 0 0 
3200 13026 13540 327 12668 12799 12827 12555 0 0 
3300 13057 13618 466 12949 12888 12870 12600 0 0 
3400 13075 13607 603 13016 12765 12833 12586 0 0 
3500 13033 13543 844 13052 12775 12924 12482 0 0 
3600 13026 13566 1015 13068 12807 12861 12537 0 0 
3700 13114 13608 1318 13235 12890 12929 12630 0 0 
3800 13089 13558 1482 13128 12884 12803 12530 0 0 
3900 13139 13596 1789 13229 12908 12923 12704 0 0 
4000 13209 13591 2168 13245 12851 12934 12621 0 0 
4100 13126 13579 2473 13232 12864 12888 12662 0 0 
4200 13146 13585 2888 13170 12903 12878 12596 0 0 
4300 13157 13601 3258 13210 12946 12891 12638 2 0 
4400 13029 13593 3610 13303 12791 12924 12562 0 0 
4500 13171 13627 4008 13248 12820 12874 12623 0 0 
4600 13142 13583 4405 13135 12826 12899 12619 0 0 
4700 13145 13618 4782 13170 12935 12962 12621 0 0 
4800 13129 13509 5247 13160 12836 12893 12527 0 0 
4900 13166 13626 5920 13283 12899 12945 12630 0 0 
5000 13147 13596 6567 13377 12877 13086 12519 0 32 
5100 13169 13582 7051 13342 12803 12898 12387 0 140 
5200 13138 13606 7346 13305 12850 12921 12326 0 218 
5300 13205 13594 7820 13394 12819 12957 12026 0 432 
5400 13189 13627 8370 13371 12853 12979 11855 2 634 
5500 13134 13559 8744 13376 12778 12913 11456 0 856 
5600 13192 13577 9048 13379 12808 12847 11035 0 1170 
5700 13236 13619 8810 13405 12824 12970 11375 1 2126 
5800 13196 13545 8981 13374 12820 12992 11731 0 3076 
5900 13262 13536 8976 13349 12835 13040 12049 0 4052 
6000 13299 13545 8941 13339 12901 12996 12292 3 5032 
6100 13315 13447 9117 13291 12945 13021 12403 2 6204 
6200 13394 13430 9203 13304 12995 13063 12535 5 7045 
6300 13371 13436 9591 13380 12948 13000 12613 0 7770 
6400 13327 13512 9835 13398 12950 12949 12758 2 8450 
6500 13455 13379 10176 13307 13000 13032 12867 6 9051 
6600 13467 13409 9058 13356 12822 13001 12910 2 9178 
6700 13473 13437 7584 13315 12736 13046 12895 8 9385 
6800 13412 13425 6622 13330 12629 12988 12910 4 9291 
6900 13436 13458 5653 13359 12516 13022 12874 5 9424 
7000 13472 13463 4780 13234 12451 13055 12953 4 9650 
7100 13444 13417 4257 13235 12342 12986 12924 5 9577 
7200 13420 13460 3358 13321 12320 13016 12888 7 9590 
7300 13491 13481 2518 13261 12160 13001 12914 10 9597 
7400 13431 13444 1821 13237 12145 12999 12862 4 9554 
7500 13444 13442 1229 13219 12031 12942 12848 7 9674 
7600 13492 13393 826 13271 12060 12978 12863 9 9981 
7700 13480 13409 799 13267 12031 13007 12864 9 10037 
7800 13496 13398 790 13255 12057 13015 12886 12 10116 
7900 13454 13396 811 13266 12093 13025 12853 11 10102 
8000 13458 13379 811 13270 12064 12984 12852 9 10094 
8100 13453 13382 811 13292 12068 13008 12889 9 10162 
8200 13397 13399 816 13255 12059 12990 12853 9 10117 
8300 13435 13384 815 13241 12073 12996 12856 9 10160 
8400 13444 13396 840 13245 12081 12998 12868 9 10225 
8500 13448 13397 846 13245 12077 12987 12876 8 10303 
8600 13433 13379 848 13244 12086 12983 12895 6 10365 
8700 13400 13388 836 13286 12111 12979 12852 6 10359 
8800 13406 13388 861 13272 12082 12969 12902 6 10387 
8900 13457 13376 846 13233 12096 12982 12916 6 10427 
9000 13425 13365 853 13240 12090 12970 12889 6 10455 
9100 13436 13378 813 13244 12103 12983 12934 6 10532 
9200 13453 13359 822 13185 12143 12985 12930 6 10590 
9300 13487 13043 813 12877 12149 12981 12929 6 10577 
9400 13450 12374 797 12238 12112 12962 12926 7 10536 
9500 13470 11936 808 11768 12095 12955 12891 6 10544 
9600 13436 12180 794 11486 12064 12925 12905 6 10485 
9700 13453 12410 801 11481 12054 12919 12849 6 10486 
9800 13441 12624 784 11539 12074 12940 12893 6 10496 
9900 13450 12391 750 11478 12067 12957 12870 6 10484 
10000 13441 11772 748 11137 12063 12941 12871 6 10489 
