# Avida tasks data
# Tue Apr 25 02:22:08 2023
# First column gives the current update, next columns give the number
# of organisms that have the particular task as a component of their merit
#  1: Update
#  2: Not
#  3: Nand
#  4: And
#  5: OrNot
#  6: Or
#  7: AndNot
#  8: Nor
#  9: Xor
# 10: Equals

0 0 0 0 0 0 0 0 0 0 
100 0 0 0 0 0 0 0 0 0 
200 0 0 0 0 0 0 0 0 0 
300 0 0 0 0 0 0 0 0 0 
400 0 0 0 0 0 0 0 0 0 
500 0 0 0 0 0 0 0 0 0 
600 0 0 0 0 0 0 0 0 0 
700 0 0 0 0 0 0 0 0 0 
800 0 17 0 0 0 0 0 0 0 
900 44 97 0 249 0 0 0 0 0 
1000 91 1561 4 2124 0 0 0 0 0 
1100 455 3428 0 4011 317 0 0 0 0 
1200 1403 4291 2 5305 790 8 0 0 0 
1300 2453 4962 0 6545 1528 28 3 0 0 
1400 3699 5563 2 7588 2679 86 249 0 0 
1500 4632 5921 2 8416 3832 132 796 0 0 
1600 5556 5849 1 9056 4164 185 1471 0 0 
1700 6346 5880 2 9521 4030 228 2285 0 0 
1800 6971 5920 0 9940 3850 272 3063 0 0 
1900 7444 5689 10 10204 3617 357 3806 0 0 
2000 7647 5346 45 10360 3244 665 4662 0 0 
2100 7812 5116 862 10606 3017 937 5383 1 0 
2200 7723 6193 2457 10782 3252 827 5806 0 0 
2300 8238 7367 3862 10916 5036 874 6028 0 0 
2400 8579 8431 5375 10986 6447 796 6552 0 0 
2500 8978 9078 6444 11070 7451 809 7080 0 26 
2600 9667 9724 7520 11294 8464 729 7566 0 324 
2700 10286 10234 8668 11455 9195 691 7911 0 812 
2800 10590 10784 9518 11542 9760 714 7921 0 1267 
2900 11022 11246 10198 11849 10368 648 7951 0 1805 
3000 11327 11526 10641 11974 10814 680 7814 0 2495 
3100 11716 11910 10796 12128 11132 570 7673 0 3548 
3200 11950 12221 10527 12149 11335 441 7634 1 4656 
3300 12280 12386 10254 12342 11718 409 7964 7 5743 
3400 12454 12439 10752 12581 12036 488 8924 3 6400 
3500 12633 12407 11138 12696 12276 614 9600 5 7056 
3600 12696 12468 11364 12688 12224 603 10171 3 7628 
3700 12774 12533 11532 12704 12324 761 10439 2 8394 
3800 12857 12502 11612 12723 12389 903 10944 1 8763 
3900 12802 12700 11735 12811 12420 883 11136 1 9493 
4000 12698 12693 11887 12634 12310 949 11307 1 9944 
4100 12622 12551 11813 12767 12452 980 11591 0 10278 
4200 12708 12715 12022 12780 12465 976 11750 0 10836 
4300 12842 12754 12218 12742 12383 910 11781 0 10997 
4400 12718 12751 12239 12777 12597 927 12023 0 11242 
4500 12695 12669 12321 12791 12491 942 11967 0 11343 
4600 12767 12717 12318 12840 12594 971 12179 0 11524 
4700 12807 12750 12504 12701 12537 904 12042 0 11601 
4800 12816 12757 12434 12736 12507 961 12065 0 11693 
4900 12908 12834 12458 12793 12531 999 12055 0 11781 
5000 12831 12761 12429 12783 12563 948 12092 0 11728 
5100 12752 12774 12536 12831 12541 883 12130 0 11799 
5200 12861 12881 12526 12850 12619 971 12262 0 11826 
5300 12811 12810 12523 12848 12699 862 12287 2 11715 
5400 12810 12932 12636 12895 12691 828 12310 0 11863 
5500 12748 12844 12550 12922 12701 797 12360 0 11788 
5600 12791 12916 12622 12872 12613 820 12265 0 11840 
5700 12814 12959 12611 12829 12681 811 12304 0 11919 
5800 12852 12926 12509 12885 12605 908 12273 0 11852 
5900 12924 12985 12548 12880 12636 850 12248 0 11981 
6000 12893 12993 12563 12940 12666 875 12271 0 11927 
6100 12904 12966 12634 12942 12652 845 12301 0 11902 
6200 12870 12931 12574 12791 12568 933 12144 0 11872 
6300 12913 12977 12567 12993 12802 857 12399 0 11902 
6400 12812 13038 12529 12871 12685 830 12264 1 12012 
6500 12863 13034 12633 12879 12616 820 12251 0 11905 
6600 12923 12980 12733 12981 12768 772 12423 0 11974 
6700 12852 13042 12607 12966 12782 858 12354 1 12049 
6800 12883 12947 12658 12949 12731 869 12366 0 11992 
6900 12970 12966 12695 12931 12663 835 12272 0 12018 
7000 12997 13100 12763 12979 12726 757 12358 0 12029 
7100 12957 13017 12639 12982 12710 832 12364 2 11963 
7200 12966 13078 12727 12913 12663 770 12248 0 12132 
7300 12988 12995 12729 12967 12709 727 12301 0 11939 
7400 13003 13066 12686 13036 12801 792 12420 2 12064 
7500 13040 13021 12729 13051 12790 774 12396 0 12013 
7600 13003 13053 12706 12968 12747 715 12327 0 12019 
7700 13031 13126 12736 13073 12785 765 12408 0 12165 
7800 13070 13066 12704 13005 12787 768 12403 0 12010 
7900 12987 13091 12719 12947 12864 790 12447 0 12092 
8000 13007 13105 12704 12974 12800 777 12421 0 12087 
8100 12946 13090 12725 12995 12816 719 12399 0 12103 
8200 12993 13054 12681 12981 12751 797 12369 0 12131 
8300 13032 13066 12715 13033 12832 774 12459 0 12173 
8400 13052 13048 12713 13019 12808 802 12397 0 12116 
8500 13088 13158 12606 13114 12821 795 12488 0 12200 
8600 13012 13136 12844 13084 12908 654 12571 0 12184 
8700 13015 13156 12858 13035 12803 693 12445 0 12202 
8800 12929 13035 12785 13010 12799 701 12453 0 12071 
8900 12970 13131 12762 13038 12778 755 12419 0 12156 
9000 12949 13132 12675 13105 12863 772 12535 0 12083 
9100 12984 13145 12855 13073 12891 654 12473 0 12170 
9200 13010 13215 12768 13142 12861 685 12576 0 12143 
9300 12960 13261 12857 13090 12879 734 12574 0 12353 
9400 13038 13189 12829 13121 12878 691 12563 0 12228 
9500 13013 13160 12774 13121 12914 681 12527 1 12171 
9600 12993 13101 12805 13008 12841 672 12459 0 12113 
9700 12986 13176 12859 13091 12873 630 12582 0 12238 
9800 13065 13184 12911 13139 12942 648 12641 0 12195 
9900 12930 13148 12904 13080 12908 576 12560 0 12159 
10000 12914 13143 12848 13082 12850 656 12517 1 12187 
