# Avida tasks data
# Tue Apr 25 00:36:16 2023
# First column gives the current update, next columns give the number
# of organisms that have the particular task as a component of their merit
#  1: Update
#  2: Not
#  3: Nand
#  4: And
#  5: OrNot
#  6: Or
#  7: AndNot
#  8: Nor
#  9: Xor
# 10: Equals

0 0 0 0 0 0 0 0 0 0 
100 0 0 0 0 0 0 0 0 0 
200 0 0 0 0 0 0 0 0 0 
300 0 0 0 0 0 0 0 0 0 
400 0 0 0 0 0 0 0 0 0 
500 0 0 0 0 0 0 0 0 0 
600 0 0 0 0 0 0 0 0 0 
700 0 0 0 0 0 0 0 0 0 
800 1 0 0 0 0 0 0 0 0 
900 5 0 0 0 0 0 0 0 0 
1000 61 0 0 0 0 0 0 0 0 
1100 149 4 0 0 0 0 0 0 0 
1200 351 37 0 2 0 0 0 0 0 
1300 786 90 0 5 0 0 0 0 0 
1400 1321 271 0 1 0 0 0 0 0 
1500 2232 415 0 200 0 0 0 0 0 
1600 3144 552 2 1303 3 4 0 0 0 
1700 4058 799 1 2747 128 138 1511 0 0 
1800 6171 756 11 4809 93 137 3633 0 0 
1900 7833 684 8 6343 85 173 5307 0 0 
2000 8905 768 7 7637 123 237 6647 0 0 
2100 9999 1063 10 8960 155 264 8090 0 0 
2200 10744 1524 14 9967 157 325 9063 0 0 
2300 11484 2028 12 10744 215 379 10005 0 0 
2400 11686 2707 23 11027 221 377 10302 0 0 
2500 12013 3498 9 11414 217 369 10810 0 0 
2600 12140 4386 18 11601 290 471 10916 0 0 
2700 12453 5457 9 11923 342 477 11263 0 0 
2800 12608 6620 19 11848 465 609 11270 0 0 
2900 12592 7569 16 11814 618 760 11198 0 0 
3000 12550 8531 20 11896 825 940 11100 0 0 
3100 12532 9159 18 11995 1229 1197 10927 0 0 
3200 12525 9760 25 12202 2250 1347 10843 0 0 
3300 12568 9829 33 12221 3201 1491 10749 0 0 
3400 12526 10081 29 12220 4143 1496 10722 0 0 
3500 12525 10334 16 12217 4972 1533 10694 0 0 
3600 12521 10590 25 12316 5610 1447 10781 0 0 
3700 12407 10833 15 12377 6184 1356 10927 0 0 
3800 12603 11122 12 12481 6791 1263 11130 0 0 
3900 12634 11324 26 12463 7213 1145 11119 0 0 
4000 12641 11531 17 12524 7716 1090 11227 0 0 
4100 12629 11505 15 12529 8028 1022 11281 0 0 
4200 12577 11805 12 12514 8570 959 11403 0 0 
4300 12500 11992 18 12558 8932 864 11522 0 0 
4400 12487 12134 14 12593 9303 767 11587 0 0 
4500 12499 12353 13 12580 9655 687 11660 0 0 
4600 12461 12405 10 12503 9880 619 11683 0 0 
4700 12488 12450 7 12647 10194 563 11771 0 0 
4800 12374 12596 10 12630 10479 546 11826 0 0 
4900 12349 12624 13 12700 10684 506 11872 0 0 
5000 12387 12664 7 12653 10847 496 11804 0 0 
5100 12422 12764 5 12800 11140 461 11976 0 0 
5200 12520 12837 5 12829 11279 456 12008 0 0 
5300 12564 12836 8 12740 11310 524 11942 0 0 
5400 12686 12870 6 12828 11430 509 12021 0 0 
5500 12626 12700 6 12877 11504 659 12085 0 0 
5600 12577 12595 5 12844 11547 1021 12033 0 0 
5700 12729 12562 11 12811 11537 1586 12018 0 0 
5800 12766 12628 3 12848 11574 2376 12034 0 0 
5900 12674 12691 2 12910 11707 3256 12100 0 0 
6000 12643 12865 3 12877 11629 4108 12029 0 0 
6100 12612 12997 10 12825 11651 5037 12074 0 0 
6200 12674 13026 7 12832 11604 6058 12109 0 0 
6300 12645 13105 8 12887 11669 7193 12121 0 0 
6400 12716 13051 13 12800 11637 8211 12003 0 0 
6500 12693 13084 8 12834 11657 9306 12069 0 0 
6600 12687 13038 10 12818 11687 10075 12107 0 0 
6700 12759 13039 7 12811 11667 10784 12131 0 0 
6800 12773 13087 7 12888 11777 11444 12259 0 0 
6900 12750 13138 9 12882 11635 11935 12233 0 0 
7000 12758 13145 12 12836 11762 12325 12268 0 0 
7100 12742 13260 5 12840 11707 12570 12246 0 0 
7200 12762 13179 10 12731 11631 12890 12086 0 0 
7300 12873 13255 7 12862 11831 13132 12271 0 0 
7400 12771 13258 12 12913 11834 13226 12282 0 0 
7500 12741 13299 4 12832 11891 13144 12270 0 0 
7600 12914 13190 7 12926 11869 13306 12295 0 0 
7700 12872 13312 14 12839 11882 13254 12274 0 0 
7800 12869 13232 7 12888 11740 13220 12198 0 0 
7900 12857 13243 7 12958 11873 13199 12303 0 0 
8000 12885 13284 3 12789 11790 13219 12137 0 0 
8100 12859 13305 8 12906 11790 13230 12261 0 0 
8200 12883 13227 6 12882 11896 13200 12263 0 0 
8300 12968 13203 7 12855 11783 13317 12276 0 0 
8400 12891 13196 3 12785 11711 13209 12150 0 0 
8500 13033 13248 10 12902 11792 13250 12176 0 0 
8600 13021 13310 9 12831 11736 13244 12163 0 0 
8700 12962 13377 13 12816 11725 13227 12224 0 0 
8800 12880 13323 10 12791 11828 13255 12293 0 0 
8900 12972 13277 12 12779 11656 13241 12183 0 0 
9000 12981 13300 11 12892 11845 13227 12274 1 0 
9100 12985 13239 9 12871 11847 13273 12271 0 0 
9200 12848 13206 4 12837 11825 13273 12286 0 0 
9300 12944 13218 12 12750 11781 13290 12166 0 0 
9400 12933 13229 9 12750 11732 13191 12164 0 0 
9500 12939 13218 6 12886 11772 13277 12258 0 0 
9600 13015 13300 7 12825 11768 13317 12227 0 0 
9700 12877 13273 3 12857 11814 13255 12244 0 0 
9800 12889 13293 39 12768 11789 13311 12220 0 0 
9900 12881 13316 376 12833 11805 13303 12285 0 0 
10000 12927 13289 1134 12876 11918 13364 12270 0 0 
