# Avida tasks data
# Fri Apr 14 11:05:24 2023
# First column gives the current update, next columns give the number
# of organisms that have the particular task as a component of their merit
#  1: Update
#  2: Not
#  3: Nand
#  4: And
#  5: OrNot
#  6: Or
#  7: AndNot
#  8: Nor
#  9: Xor
# 10: Equals

0 0 0 0 0 0 0 0 0 0 
100 0 0 0 0 0 0 0 0 0 
200 0 0 0 0 0 0 0 0 0 
300 0 0 0 0 0 0 0 0 0 
400 0 0 0 0 0 0 0 0 0 
500 2 0 0 0 0 0 0 0 0 
600 102 0 0 0 0 0 0 0 0 
700 340 0 0 0 0 0 0 0 0 
800 888 0 0 0 0 0 0 0 0 
900 1535 0 0 0 0 0 0 0 0 
1000 2265 20 0 0 0 115 0 0 0 
1100 2435 876 115 8 0 1671 0 0 0 
1200 3181 2914 378 36 0 3304 0 0 0 
1300 4646 4817 225 73 0 4893 1 0 0 
1400 6333 6604 336 279 0 6350 0 0 0 
1500 7796 7931 554 455 0 7455 0 0 0 
1600 9147 9267 909 694 0 8683 8 0 0 
1700 10453 10448 1179 965 0 9791 2 0 0 
1800 11245 11339 1448 1333 30 10545 3 0 0 
1900 11943 11960 1698 1949 833 11154 0 0 0 
2000 12436 12477 1628 3468 2333 11596 8 0 0 
2100 12766 12804 1579 4553 3547 11783 5 1 0 
2200 12849 12781 1617 5452 4743 11787 1 0 0 
2300 12924 12831 1681 6107 5850 11780 4 0 0 
2400 13074 12685 1612 6686 6903 11666 10 0 0 
2500 13204 12781 1620 7276 7816 11740 1 0 0 
2600 13270 12745 1555 7558 8528 11755 139 2 0 
2700 13220 12570 1246 6686 9020 11563 1316 0 0 
2800 13251 12613 945 6013 9676 11584 2631 0 0 
2900 13253 12436 636 5397 9806 11440 3666 0 0 
3000 13361 12496 399 5023 10347 11687 5040 0 0 
3100 13332 12529 162 4999 10518 11609 5842 0 0 
3200 13369 12521 90 5035 10787 11654 6782 0 0 
3300 13419 12584 128 5431 11017 11772 7609 0 0 
3400 13418 12623 299 6129 11166 11779 8102 2 0 
3500 13341 12484 550 6534 11090 11672 8457 3 0 
3600 13483 12509 942 6990 11179 11731 8903 1 0 
3700 13518 12462 1359 7520 11210 11655 9109 1 0 
3800 13518 12534 1864 8157 11334 11659 9412 0 0 
3900 13522 12517 2449 8664 11392 11725 9776 0 0 
4000 13492 12513 2907 9152 11470 11740 10131 1 0 
4100 13482 12434 3372 9570 11396 11713 10288 1 0 
4200 13528 12448 3945 9904 11297 11624 10242 0 0 
4300 13485 12320 4365 10183 11217 11540 10362 0 0 
4400 13494 12381 4975 10520 11403 11690 10665 0 0 
4500 13495 12318 5479 10752 11292 11568 10532 1 0 
4600 13629 12356 5913 11046 11379 11573 10634 0 0 
4700 13538 12413 6394 11177 11396 11641 10691 1 0 
4800 13597 12453 6932 11590 11377 11647 10652 1 0 
4900 13509 12382 7294 11867 11358 11695 10720 1 0 
5000 13531 12408 7729 12000 11461 11773 10806 1 0 
5100 13536 12411 8162 12138 11395 11618 10664 0 0 
5200 13448 12348 8364 12113 11262 11542 10536 1 0 
5300 13477 12352 8809 12188 11282 11543 10493 0 0 
5400 13415 12306 9185 12307 11245 11491 10558 2 0 
5500 13487 12384 9468 12431 11363 11583 10670 0 0 
5600 13472 12405 9676 12328 11337 11621 10587 0 0 
5700 13503 12358 9886 12460 11328 11591 10623 0 1 
5800 13476 12444 10208 12512 11357 11687 10714 3 0 
5900 13580 12523 10330 12662 11493 11702 10744 2 0 
6000 13562 12497 10402 12763 11514 11760 10829 0 0 
6100 13551 12485 10444 12661 11504 11748 10737 3 0 
6200 13501 12398 10627 12642 11419 11649 10744 1 0 
6300 13472 12301 10516 12652 11293 11567 10630 0 0 
6400 13479 12424 10704 12527 11460 11705 10749 0 0 
6500 13530 12402 10641 12613 11381 11679 10653 3 0 
6600 13623 12448 10798 12707 11403 11708 10744 0 0 
6700 13547 12389 10742 12615 11362 11717 10694 2 0 
6800 13547 12448 10748 12707 11471 11693 10714 1 0 
6900 13519 12342 10727 12642 11413 11738 10708 0 0 
7000 13574 12379 10781 12698 11469 11696 10777 2 0 
7100 13513 12359 10709 12663 11383 11617 10705 0 0 
7200 13543 12500 10866 12819 11603 11866 10903 0 0 
7300 13523 12479 10794 12782 11473 11754 10773 1 0 
7400 13509 12499 10939 12775 11568 11793 10917 2 0 
7500 13572 12466 10940 12708 11493 11763 10792 0 0 
7600 13572 12403 10974 12710 11478 11808 10899 0 0 
7700 13593 12428 10990 12716 11487 11771 10808 4 0 
7800 13511 12336 10930 12722 11441 11749 10796 0 0 
7900 13553 12391 10799 12820 11440 11702 10748 0 0 
8000 13602 12511 11013 12716 11589 11832 10887 1 0 
8100 13560 12439 10888 12693 11457 11708 10816 0 0 
8200 13511 12456 10760 12678 11512 11751 10802 0 0 
8300 13531 12393 10824 12606 11446 11696 10725 2 0 
8400 13596 12414 10875 12700 11488 11748 10809 0 0 
8500 13613 12388 10835 12710 11464 11759 10791 0 0 
8600 13588 12467 10880 12761 11544 11807 10888 0 0 
8700 13591 12447 10958 12750 11549 11781 10843 5 0 
8800 13540 12540 11008 12811 11624 11885 10954 13 0 
8900 13586 12542 10971 12811 11648 11819 10955 5 0 
9000 13555 12445 10905 12814 11555 11815 10842 0 0 
9100 13602 12523 10977 12803 11625 11889 11023 3 0 
9200 13569 12441 10981 12744 11610 11855 10946 0 0 
9300 13540 12493 10819 12870 11497 11791 10909 2 0 
9400 13538 12472 10706 12827 11521 11704 10880 3 0 
9500 13582 12513 10989 12710 11589 11904 10967 0 0 
9600 13588 12444 10896 12751 11495 11725 10848 0 0 
9700 13566 12463 10967 12794 11575 11775 10957 1 0 
9800 13593 12500 11018 12789 11588 11845 10975 3 0 
9900 13550 12557 10985 12778 11547 11896 10919 2 0 
10000 13589 12478 10937 12804 11616 11833 10927 0 0 
