# Avida tasks data
# Fri Apr 14 12:04:29 2023
# First column gives the current update, next columns give the number
# of organisms that have the particular task as a component of their merit
#  1: Update
#  2: Not
#  3: Nand
#  4: And
#  5: OrNot
#  6: Or
#  7: AndNot
#  8: Nor
#  9: Xor
# 10: Equals

0 0 0 0 0 0 0 0 0 0 
100 0 0 0 0 0 0 0 0 0 
200 0 0 0 0 0 0 0 0 0 
300 0 0 0 0 0 0 0 0 0 
400 0 0 0 0 0 0 0 0 0 
500 0 0 0 0 0 0 0 0 0 
600 194 0 0 1 0 0 0 0 0 
700 2775 4 0 10 0 0 0 0 0 
800 4075 10 0 15 0 0 0 0 0 
900 5166 21 0 12 0 0 0 0 0 
1000 6497 34 0 517 0 0 1 0 0 
1100 6541 31 0 616 0 0 2 0 0 
1200 6628 43 0 710 0 0 2 0 0 
1300 6696 49 0 752 1 0 2 0 0 
1400 6776 299 0 809 0 0 0 0 0 
1500 6775 299 0 811 0 0 0 0 0 
1600 6769 346 0 809 0 0 0 0 0 
1700 6768 346 0 809 0 0 0 0 0 
1800 6769 349 0 809 0 0 0 0 0 
1900 6768 349 0 809 0 0 0 0 0 
2000 6909 787 0 1346 14 0 0 0 0 
2100 7015 505 2 2137 16 0 1 0 0 
2200 7000 542 2 2316 14 3 1 0 0 
2300 6957 733 2 2542 16 3 4 0 0 
2400 6963 836 4 2629 16 1 3 0 0 
2500 6973 838 4 2634 16 1 3 0 0 
2600 6985 745 4 2664 16 1 3 0 0 
2700 7019 621 2 2794 22 1 3 0 0 
2800 7052 547 5 2880 20 5 6 0 0 
2900 7094 514 3 3082 19 11 8 0 0 
3000 7100 507 4 3097 17 6 7 0 0 
3100 7131 499 3 3174 20 13 11 0 0 
3200 7420 500 7 3534 18 12 17 0 0 
3300 7660 501 3 3800 24 14 10 0 0 
3400 7768 512 9 3925 25 16 16 0 0 
3500 7761 509 7 3928 27 19 17 0 0 
3600 7771 510 9 3956 24 20 13 0 0 
3700 7816 519 7 3998 28 24 15 0 0 
3800 7826 513 6 4055 26 29 19 0 0 
3900 7876 498 5 4159 25 26 23 0 0 
4000 7984 474 11 4285 26 21 22 0 0 
4100 8118 480 8 4458 26 28 32 0 0 
4200 8250 468 4 4614 20 38 24 0 0 
4300 8409 464 12 4770 31 58 28 0 0 
4400 8558 431 12 4909 35 55 26 0 0 
4500 8733 428 8 5154 41 47 29 0 0 
4600 8870 421 3 5333 34 45 35 0 0 
4700 9006 418 6 5461 36 32 31 0 0 
4800 9138 418 7 5611 32 44 20 0 0 
4900 9222 396 9 5753 30 50 19 0 0 
5000 9337 405 7 5874 35 54 38 0 0 
5100 9432 409 10 6041 31 65 34 0 0 
5200 9531 391 18 6177 39 64 49 0 0 
5300 9613 382 15 6275 37 49 47 0 0 
5400 9658 382 15 6362 45 57 39 0 0 
5500 9739 386 15 6504 32 74 39 0 0 
5600 9828 396 16 6631 49 78 38 0 0 
5700 9882 404 16 6697 37 79 47 0 0 
5800 9973 394 20 6866 43 76 49 0 0 
5900 10042 400 18 6971 50 81 44 0 0 
6000 10142 404 18 7101 45 101 58 0 0 
6100 10235 404 16 7222 42 85 62 0 0 
6200 10302 404 12 7310 49 88 55 0 0 
6300 10396 422 12 7415 55 91 57 0 0 
6400 10471 408 13 7612 48 105 59 0 0 
6500 10529 387 13 7681 50 88 57 0 0 
6600 10669 366 18 7873 54 88 57 0 0 
6700 10729 361 23 7979 46 92 55 0 0 
6800 10762 389 28 8038 59 110 43 0 0 
6900 10845 372 25 8192 51 105 42 0 0 
7000 10920 396 17 8267 45 109 53 0 0 
7100 11042 409 16 8441 47 121 69 0 0 
7200 11057 395 21 8529 43 108 78 0 0 
7300 11113 365 18 8632 47 116 69 0 0 
7400 11226 389 20 8782 53 120 80 0 0 
7500 11359 391 21 8919 58 114 79 0 0 
7600 11351 381 24 8968 56 115 69 0 0 
7700 11476 406 29 9130 39 124 72 0 0 
7800 11515 406 25 9247 38 130 77 0 0 
7900 11601 398 25 9364 43 128 81 0 0 
8000 11666 380 25 9470 34 107 96 0 0 
8100 11711 380 25 9543 47 127 84 0 0 
8200 11787 358 22 9680 65 122 85 0 0 
8300 11846 366 21 9826 77 134 79 0 0 
8400 11923 365 21 9896 78 126 81 0 0 
8500 11975 344 17 10009 64 109 79 0 0 
8600 12025 347 20 10122 73 103 73 0 0 
8700 12090 384 22 10184 74 113 59 0 0 
8800 12119 391 24 10278 61 110 67 0 0 
8900 12185 373 28 10294 69 102 75 0 0 
9000 12237 360 27 10424 64 117 77 0 0 
9100 12239 401 22 10495 73 135 81 0 0 
9200 12327 383 20 10613 76 119 71 0 0 
9300 12370 397 19 10668 78 134 73 0 0 
9400 12376 401 18 10662 80 131 77 0 0 
9500 12384 401 18 10691 76 132 75 0 0 
9600 12398 404 18 10670 79 134 69 0 0 
9700 12403 399 18 10690 78 129 71 0 0 
9800 12432 402 23 10711 79 141 70 0 0 
9900 12452 411 19 10714 72 140 72 0 0 
10000 12492 400 19 10754 74 139 75 0 0 
