# Avida tasks data
# Fri Apr 14 11:30:49 2023
# First column gives the current update, next columns give the number
# of organisms that have the particular task as a component of their merit
#  1: Update
#  2: Not
#  3: Nand
#  4: And
#  5: OrNot
#  6: Or
#  7: AndNot
#  8: Nor
#  9: Xor
# 10: Equals

0 0 0 0 0 0 0 0 0 0 
100 0 0 0 0 0 0 0 0 0 
200 0 0 0 0 0 0 0 0 0 
300 0 0 0 0 0 0 0 0 0 
400 0 0 0 0 0 0 0 0 0 
500 26 0 0 0 0 0 0 0 0 
600 199 18 0 0 0 0 0 0 0 
700 509 32 0 0 0 0 0 0 0 
800 1329 377 0 5 0 0 0 0 0 
900 2601 1395 2 13 0 70 0 0 0 
1000 3757 2775 9 58 24 2497 21 0 0 
1100 5696 5052 27 108 35 4784 34 0 0 
1200 7528 7155 31 151 31 6838 28 0 0 
1300 8962 8854 35 392 163 8549 54 0 0 
1400 9511 9474 42 2393 2173 9247 2035 0 0 
1500 10430 10477 42 4151 3961 10197 4005 0 0 
1600 11155 11049 39 5565 5382 10788 5556 0 0 
1700 11516 11428 44 6799 6603 11106 6802 0 0 
1800 11908 11731 30 7903 7672 11477 7898 0 0 
1900 12236 11866 35 8918 8602 11700 8894 0 0 
2000 12560 12119 27 9831 9460 11887 9752 0 0 
2100 12779 12350 34 10490 10232 12150 10534 0 0 
2200 12816 12368 33 10982 10623 12201 10997 0 0 
2300 12927 12533 36 11544 11050 12324 11431 0 0 
2400 13039 12615 35 11836 11462 12427 11753 0 0 
2500 13144 12565 28 12076 11597 12371 11990 0 0 
2600 13115 12582 26 12228 11742 12467 12085 0 0 
2700 13220 12648 32 12384 11896 12537 12292 0 0 
2800 13199 12651 32 12498 11970 12570 12292 0 0 
2900 13176 12633 33 12534 12026 12449 12302 0 0 
3000 13141 12609 37 12621 11972 12418 12293 0 0 
3100 13197 12704 27 12657 12053 12587 12390 0 0 
3200 13129 12693 32 12553 12044 12469 12371 0 0 
3300 13143 12571 29 12523 11961 12399 12311 0 0 
3400 13173 12679 28 12580 12026 12459 12359 0 0 
3500 13108 12613 33 12563 12002 12411 12299 0 0 
3600 13199 12621 27 12597 12126 12448 12384 0 0 
3700 13192 12641 34 12674 12046 12464 12406 0 0 
3800 13227 12708 41 12645 12076 12542 12469 0 0 
3900 13178 12596 33 12592 12034 12480 12369 0 0 
4000 13203 12713 41 12687 12094 12418 12433 0 0 
4100 13137 12738 31 12562 11977 12460 12327 0 0 
4200 13237 12734 27 12631 12049 12451 12377 0 0 
4300 13232 12697 28 12686 12044 12396 12371 0 0 
4400 13197 12813 27 12779 12134 12529 12431 0 0 
4500 13109 12702 39 12676 11999 12437 12364 0 0 
4600 13181 12726 46 12762 12105 12339 12394 0 0 
4700 13179 12790 71 12710 12084 12461 12386 0 0 
4800 13094 12784 84 12646 11957 12436 12322 0 0 
4900 13247 12782 175 12739 12138 12428 12448 0 0 
5000 13185 12796 264 12673 12091 12475 12384 0 0 
5100 13218 12763 339 12752 12105 12399 12450 0 0 
5200 13229 12699 491 12736 12133 12439 12449 0 0 
5300 13171 12701 648 12621 12009 12407 12347 0 0 
5400 13150 12819 817 12723 12083 12436 12357 0 0 
5500 13165 12853 1020 12659 12118 12515 12376 0 0 
5600 13140 12760 1185 12651 12097 12427 12330 0 0 
5700 13176 12835 1382 12726 12162 12427 12371 0 0 
5800 13187 12791 1591 12759 12166 12409 12412 0 0 
5900 13232 12801 1887 12753 12080 12421 12437 0 0 
6000 13164 12850 2204 12665 12149 12432 12394 0 6 
6100 13158 12713 2385 12659 12131 12308 12377 0 0 
6200 13139 12829 2552 12705 12037 12476 12314 0 0 
6300 13236 12754 2916 12722 12151 12330 12478 0 0 
6400 13158 12720 3418 12707 12044 12322 12294 0 302 
6500 13137 12786 4471 12745 12034 12371 12336 0 1642 
6600 13196 12891 5442 12854 12119 12411 12348 0 2757 
6700 13155 12908 6130 12882 12108 12265 12356 0 3498 
6800 13173 12876 6668 12801 12075 12276 12366 0 4172 
6900 13142 12862 6647 12809 12018 12260 12274 0 4122 
7000 13205 12886 6754 12942 12154 12277 12353 0 4321 
7100 13208 12923 6938 12895 12150 12284 12348 0 4405 
7200 13195 12907 7055 12910 12131 12252 12342 0 4571 
7300 13255 13006 7280 12945 12211 12277 12384 0 4720 
7400 13234 12980 7430 12910 12166 12196 12332 0 4794 
7500 13254 12941 7651 12967 12188 12162 12321 0 4940 
7600 13265 12993 7849 12981 12156 12185 12317 0 5036 
7700 13286 12998 7958 12971 12213 12228 12299 0 5001 
7800 12905 12977 8082 12726 11986 12229 11947 0 5159 
7900 12916 12969 8077 12434 11853 12234 11497 0 5267 
8000 13032 12987 8169 12141 11716 12266 11183 0 5405 
8100 13033 13000 8193 11920 11634 12299 10902 0 5524 
8200 13034 13002 8157 11606 11642 12266 10681 0 5502 
8300 13078 13022 8194 11211 11589 12299 10328 0 5637 
8400 13061 13073 8196 10899 11505 12282 10077 0 5655 
8500 13046 13077 8211 10625 11377 12299 9593 0 5643 
8600 13036 13078 8220 10161 11259 12264 9195 0 5611 
8700 13030 13084 8296 9968 11272 12282 8903 0 5705 
8800 13010 13071 8374 9792 11137 12284 8615 0 5733 
8900 12976 13073 8460 9772 11078 12270 8402 0 5799 
9000 13001 13072 8531 9715 11038 12263 8186 0 5919 
9100 13012 13145 8679 9692 11068 12323 7939 0 6034 
9200 13052 13097 8697 9619 10991 12277 7725 0 6077 
9300 13079 13139 8813 9666 11009 12311 7506 1 6245 
9400 12978 13123 8800 9629 10901 12307 7331 0 6295 
9500 12951 13163 8875 9660 10884 12321 7147 0 6395 
9600 12986 13199 8865 9712 10911 12340 7115 0 6421 
9700 12954 13209 8872 9858 10890 12331 7107 2 6357 
9800 12956 13230 8816 10027 10898 12300 7082 2 6339 
9900 13005 13221 8859 10209 10980 12308 7059 1 6384 
10000 12986 13247 8833 10337 10990 12280 6970 0 6435 
