# Avida tasks data
# Fri Apr 14 12:15:51 2023
# First column gives the current update, next columns give the number
# of organisms that have the particular task as a component of their merit
#  1: Update
#  2: Not
#  3: Nand
#  4: And
#  5: OrNot
#  6: Or
#  7: AndNot
#  8: Nor
#  9: Xor
# 10: Equals

0 0 0 0 0 0 0 0 0 0 
100 0 0 0 0 0 0 0 0 0 
200 0 0 0 0 0 0 0 0 0 
300 0 0 0 0 0 0 0 0 0 
400 0 0 0 0 0 0 0 0 0 
500 0 0 0 0 0 0 0 0 0 
600 0 0 0 0 0 0 0 0 0 
700 9 36 0 608 0 0 0 0 0 
800 103 1066 0 2922 0 0 0 0 0 
900 1008 2475 2 4192 21 0 0 0 0 
1000 1864 3500 0 5052 102 0 0 0 0 
1100 2473 4407 3 5892 274 40 0 0 0 
1200 2869 5211 4 6314 1426 363 0 0 0 
1300 3538 5889 0 6722 2493 426 0 0 0 
1400 4167 6616 0 7303 3520 456 0 0 0 
1500 5118 7172 0 8015 4547 789 0 0 0 
1600 5967 7102 2 8649 5302 1566 0 0 0 
1700 6453 7147 5 9010 5776 2539 8 0 0 
1800 6765 7386 8 9102 6014 3474 8 0 0 
1900 7180 7562 6 9233 6450 4266 22 0 0 
2000 7619 7982 14 9376 6828 4912 18 0 0 
2100 7991 8497 18 9652 7240 5649 20 0 0 
2200 8227 8903 19 9720 7463 6211 23 0 0 
2300 8522 9241 16 9869 7751 6783 24 0 0 
2400 8966 9625 28 10061 8104 7443 35 0 0 
2500 9374 10194 36 10496 8569 8188 30 0 0 
2600 9915 10708 43 10869 9083 8907 32 0 0 
2700 10314 11079 44 11202 9458 9455 38 0 0 
2800 10585 11336 50 11387 9759 9856 28 0 0 
2900 11022 11708 39 11723 10113 10271 40 0 0 
3000 11181 11921 46 11795 10388 10693 54 0 0 
3100 11319 12088 50 11855 10410 10917 42 0 0 
3200 11379 12321 48 11902 10542 11171 34 0 0 
3300 11482 12557 25 11996 10643 11516 46 0 0 
3400 11632 12732 46 12098 10832 11801 50 0 0 
3500 11725 12932 43 12061 10897 12040 44 0 0 
3600 11923 13070 33 12313 11154 12276 68 0 0 
3700 11918 13194 38 12228 11180 12403 42 0 0 
3800 11979 13307 49 12350 11375 12550 47 0 0 
3900 12018 13367 52 12319 11318 12646 35 0 0 
4000 12158 13375 59 12380 11387 12675 41 0 0 
4100 12268 13484 73 12466 11578 12787 42 0 0 
4200 12277 13486 78 12476 11691 12838 61 0 0 
4300 12362 13552 63 12526 11813 12934 66 0 0 
4400 12437 13601 49 12428 11712 13031 65 0 0 
4500 12565 13645 54 12603 11981 13086 49 0 0 
4600 12509 13693 57 12530 11865 13136 51 0 0 
4700 12576 13656 55 12550 11917 13142 54 0 0 
4800 12633 13678 42 12536 11927 13118 78 0 0 
4900 12639 13674 52 12547 11905 13192 60 0 0 
5000 12651 13714 55 12716 11987 13219 39 0 0 
5100 12552 13690 54 12637 12013 13207 46 0 0 
5200 12621 13675 52 12631 12044 13143 64 0 0 
5300 12718 13684 42 12640 12005 13187 41 0 0 
5400 12645 13686 59 12619 12054 13142 40 0 0 
5500 12674 13712 45 12672 11995 13208 50 0 0 
5600 12656 13715 49 12677 12065 13175 46 0 0 
5700 12751 13691 51 12712 12062 13157 47 0 0 
5800 12713 13726 46 12654 12016 13206 54 0 0 
5900 12821 13718 57 12711 12152 13220 41 0 0 
6000 12726 13678 55 12712 12042 13190 41 0 0 
6100 12766 13673 55 12684 12098 13091 46 0 0 
6200 12734 13737 57 12695 12076 13204 49 0 0 
6300 12760 13687 54 12719 12101 13183 49 0 0 
6400 12708 13715 51 12723 12092 13272 31 0 0 
6500 12832 13706 64 12737 12078 13167 54 0 0 
6600 12870 13734 51 12734 12121 13252 43 0 0 
6700 12830 13772 42 12667 12087 13224 45 0 0 
6800 12882 13751 60 12773 12125 13260 42 0 0 
6900 12937 13664 38 12818 12211 13220 38 0 0 
7000 12908 13734 54 12762 12173 13235 46 0 0 
7100 12898 13713 58 12795 12201 13221 46 0 0 
7200 12924 13637 53 12722 12149 13082 47 0 0 
7300 12996 13752 43 12751 12098 13175 36 0 0 
7400 12897 13724 60 12692 12166 13145 31 0 0 
7500 12916 13746 40 12768 12202 13199 46 0 0 
7600 12942 13696 53 12710 12068 13190 44 0 0 
7700 12911 13707 49 12654 12029 13156 35 0 0 
7800 12970 13702 70 12794 12213 13148 45 0 0 
7900 12938 13712 51 12742 12146 13186 48 0 0 
8000 12944 13758 39 12767 12114 13274 49 0 0 
8100 13006 13754 44 12737 12140 13235 35 0 0 
8200 12970 13675 60 12738 12094 13152 45 0 0 
8300 12963 13750 52 12667 12069 13273 49 0 0 
8400 12908 13689 48 12671 12050 13192 40 0 0 
8500 12966 13762 37 12695 12129 13200 37 0 0 
8600 13051 13733 64 12728 12127 13221 52 0 0 
8700 13039 13740 53 12754 12166 13235 52 0 0 
8800 13047 13674 49 12753 12197 13189 43 0 0 
8900 13071 13729 45 12733 12109 13175 47 0 0 
9000 13051 13736 51 12727 12154 13190 56 0 0 
9100 13020 13724 49 12682 12085 13262 39 0 0 
9200 13038 13751 50 12650 12075 13179 51 0 0 
9300 13074 13803 65 12791 12131 13259 46 0 0 
9400 13010 13703 67 12692 12077 13213 51 0 0 
9500 13052 13715 59 12677 12061 13095 43 0 0 
9600 13064 13676 72 12693 12165 13180 57 0 0 
9700 13007 13700 58 12707 12138 13212 56 0 0 
9800 13098 13735 45 12732 12171 13250 42 0 0 
9900 13101 13760 38 12832 12165 13256 39 0 0 
10000 13058 13812 39 12719 12150 13326 38 0 0 
