# Avida tasks data
# Fri Apr 14 14:15:42 2023
# First column gives the current update, next columns give the number
# of organisms that have the particular task as a component of their merit
#  1: Update
#  2: Not
#  3: Nand
#  4: And
#  5: OrNot
#  6: Or
#  7: AndNot
#  8: Nor
#  9: Xor
# 10: Equals

0 0 0 0 0 0 0 0 0 0 
100 0 0 0 0 0 0 0 0 0 
200 0 0 0 0 0 0 0 0 0 
300 0 0 0 0 0 0 0 0 0 
400 0 0 0 0 0 0 0 0 0 
500 0 0 0 0 0 0 0 0 0 
600 0 0 0 0 0 0 0 0 0 
700 1179 72 0 0 0 0 0 0 0 
800 3003 719 0 1 0 0 0 0 0 
900 3181 2810 9 724 0 1704 0 0 0 
1000 4828 4028 21 2490 0 2906 0 0 0 
1100 6389 5727 60 4436 1 4580 1 0 0 
1200 8349 7682 75 6538 0 6507 0 0 0 
1300 9655 9163 111 8217 0 8112 1 0 0 
1400 10509 10230 125 9388 3 9193 2 0 0 
1500 11156 10995 170 10297 0 10171 2 0 0 
1600 11670 11722 202 11057 2 10964 3 0 0 
1700 12096 12340 230 11730 1 11690 3 0 0 
1800 12363 12844 187 12336 3 12177 2 0 0 
1900 12640 13105 179 12681 2 12641 2 0 0 
2000 12696 13369 176 12920 4 12806 6 0 0 
2100 12871 13380 164 13039 0 12795 4 0 0 
2200 12912 13329 164 12959 4 12775 5 0 0 
2300 12978 13345 196 12942 4 12846 6 0 0 
2400 13048 13385 187 12995 2 12818 4 0 0 
2500 13124 13290 156 12985 2 12819 1 0 0 
2600 13114 13343 154 12906 44 12827 6 0 0 
2700 13170 13237 163 12655 296 12862 3 0 0 
2800 13251 13331 141 12234 821 12882 10 0 0 
2900 13209 13379 127 12687 1707 12851 215 0 0 
3000 13258 13466 121 12947 3045 12971 1245 0 0 
3100 13262 13500 79 12931 4387 13018 2520 0 0 
3200 13382 13539 76 12972 5380 13063 3787 0 0 
3300 13376 13585 83 12987 6545 13121 5005 0 0 
3400 13458 13667 76 13003 7485 13196 5904 0 0 
3500 13481 13660 65 12972 8410 13185 6791 0 0 
3600 13548 13673 43 13025 9065 13227 7604 0 0 
3700 13531 13710 39 13062 9557 13205 8347 0 0 
3800 13617 13670 26 13116 10082 13265 9141 0 0 
3900 13527 13691 29 13082 10345 13251 9644 0 0 
4000 13617 13703 21 13109 10634 13265 10132 0 0 
4100 13567 13798 19 13198 11105 13335 10639 0 0 
4200 13549 13762 16 13037 11211 13326 10813 0 0 
4300 13572 13776 16 13197 11351 13340 11093 0 0 
4400 13603 13733 20 13144 11488 13316 11309 2 0 
4500 13598 13764 21 13171 11663 13445 11427 2 0 
4600 13570 13720 11 13132 11627 13364 11527 0 0 
4700 13601 13734 14 13153 11636 13359 11591 1 0 
4800 13600 13777 11 13144 11654 13328 11564 0 0 
4900 13616 13678 43 13109 11627 13336 11451 3 0 
5000 13558 13751 209 13074 11696 13407 11579 1 0 
5100 13556 13735 554 13226 11727 13425 11513 0 0 
5200 13528 13764 1106 13125 11816 13452 11684 0 0 
5300 13532 13747 1570 13225 11721 13434 11576 2 0 
5400 13580 13778 2105 13162 11780 13399 11607 0 0 
5500 13660 13791 2700 13179 11874 13500 11663 4 0 
5600 13623 13838 3557 13181 11851 13441 11595 2 0 
5700 13647 13850 4249 13218 11745 13545 11635 0 0 
5800 13676 13908 4953 13314 11888 13542 11812 0 0 
5900 13651 13929 5679 13262 12020 13604 11839 2 0 
6000 13664 13954 6379 13336 12012 13653 11780 0 0 
6100 13656 13994 7062 13376 11981 13663 11800 2 0 
6200 13589 14032 7732 13353 12064 13584 11777 1 0 
6300 13646 14028 8323 13279 12011 13597 11800 0 0 
6400 13654 14065 8888 13318 12109 13691 11885 0 0 
6500 13682 14114 9368 13363 12159 13634 12012 0 0 
6600 13647 14090 9875 13340 12130 13646 11944 0 0 
6700 13698 14132 10142 13359 12155 13678 11867 0 0 
6800 13643 14150 10447 13358 12211 13673 11953 2 0 
6900 13661 14151 10713 13358 12231 13713 11951 1 0 
7000 13631 14156 10930 13384 12160 13715 11922 2 0 
7100 13653 14124 11054 13409 12152 13703 11873 2 0 
7200 13692 14151 11264 13423 12150 13706 11974 2 0 
7300 13665 14164 11439 13467 12207 13714 12018 0 0 
7400 13713 14163 11431 13419 12081 13664 11915 0 0 
7500 13749 14210 11566 13481 12136 13714 11935 0 0 
7600 13773 14180 11592 13418 12239 13696 12064 1 0 
7700 13694 14181 11515 13400 12148 13643 11961 0 0 
7800 13720 14136 11568 13336 12046 13642 11933 2 0 
7900 13680 14167 11647 13364 12122 13697 11920 0 0 
8000 13704 14146 11556 13316 12111 13548 11902 0 0 
8100 13693 14170 11691 13372 12059 13630 11903 0 0 
8200 13707 14157 11722 13460 12061 13591 11901 0 0 
8300 13695 14141 11682 13401 12108 13608 11884 1 0 
8400 13701 14108 11719 13375 12088 13609 11896 0 0 
8500 13739 14182 11850 13339 12111 13695 11955 0 0 
8600 13776 14128 11818 13385 12050 13657 11899 5 0 
8700 13712 14145 11821 13402 12104 13616 11966 1 0 
8800 13699 14125 11842 13373 12064 13630 11892 2 0 
8900 13695 14115 11900 13390 12081 13581 11888 0 0 
9000 13716 14161 11963 13362 12159 13692 12109 2 0 
9100 13686 14168 11990 13390 12161 13655 11988 0 0 
9200 13695 14169 11997 13328 12145 13627 12027 0 0 
9300 13706 14129 11981 13365 12017 13632 11948 2 0 
9400 13753 14168 12037 13390 12166 13632 11989 2 0 
9500 13699 14103 12022 13359 11932 13602 11786 0 0 
9600 13676 14118 12140 13296 12048 13564 11816 0 0 
9700 13712 14167 12059 13318 12019 13599 11863 1 0 
9800 13762 14151 12091 13385 12126 13604 11960 0 0 
9900 13693 14170 12236 13328 12165 13654 11975 0 0 
10000 13693 14174 12178 13379 12113 13655 11917 2 0 
