# Avida tasks data
# Fri Apr 14 12:59:46 2023
# First column gives the current update, next columns give the number
# of organisms that have the particular task as a component of their merit
#  1: Update
#  2: Not
#  3: Nand
#  4: And
#  5: OrNot
#  6: Or
#  7: AndNot
#  8: Nor
#  9: Xor
# 10: Equals

0 0 0 0 0 0 0 0 0 0 
100 0 0 0 0 0 0 0 0 0 
200 0 0 0 0 0 0 0 0 0 
300 0 0 0 0 0 0 0 0 0 
400 0 0 0 0 0 0 0 0 0 
500 0 0 0 0 0 0 0 0 0 
600 0 0 0 0 0 0 0 0 0 
700 1 0 0 0 0 0 0 0 0 
800 95 0 0 0 0 0 0 0 0 
900 236 9 0 207 0 0 0 0 0 
1000 2638 1206 2 2227 1024 0 0 0 0 
1100 4718 1349 0 4033 2684 0 0 0 0 
1200 6971 1516 0 5924 4428 4 0 0 0 
1300 8705 1874 0 7444 6100 291 1 0 0 
1400 10281 2229 2 8738 7410 1604 21 0 0 
1500 11187 2489 0 9593 8239 2725 16 0 0 
1600 11775 2674 1 10163 8869 3660 18 0 0 
1700 12206 3458 4 10492 9237 4470 49 0 0 
1800 12500 4923 15 10649 9469 5132 51 0 0 
1900 12712 6325 22 10840 9729 5893 48 0 0 
2000 12951 7479 28 10983 9997 6544 62 0 0 
2100 13088 8510 19 11017 10138 7239 56 0 0 
2200 13197 9237 1272 11062 10326 7720 68 0 0 
2300 13234 9644 3309 11138 10341 8066 75 0 0 
2400 13365 10086 5080 11133 10339 8412 84 0 0 
2500 13487 10796 6709 11318 10591 8942 70 0 0 
2600 13620 11539 8066 11378 10623 9131 70 0 0 
2700 13660 11977 9234 11459 10864 9512 64 0 0 
2800 13604 12361 10249 11449 10891 9656 92 0 0 
2900 13631 12699 10937 11371 10921 9820 78 0 0 
3000 13600 12900 11749 11462 10890 9907 84 0 0 
3100 13611 13100 12201 11373 10886 10002 66 0 0 
3200 13662 13229 12599 11526 11120 10315 73 0 0 
3300 13725 13212 12593 11532 11079 10317 97 0 0 
3400 13612 13213 12789 11522 11065 10306 80 0 0 
3500 13587 13261 12919 11417 10978 10247 81 0 0 
3600 13595 13327 12975 11543 11138 10384 107 0 0 
3700 13637 13261 12889 11578 11096 10373 93 0 0 
3800 13668 13271 12962 11576 11125 10389 89 0 0 
3900 13630 13234 12938 11670 11151 10369 105 0 0 
4000 13635 13212 12911 11592 11125 10369 88 0 0 
4100 13706 13235 13040 11612 11200 10502 81 0 0 
4200 13689 13264 12986 11624 11212 10517 86 0 0 
4300 13684 13322 12919 11614 11140 10438 76 0 0 
4400 13659 13306 12936 11686 11269 10546 83 0 0 
4500 13640 13301 13008 11553 11152 10434 86 0 0 
4600 13640 13222 12966 11519 11093 10345 101 0 0 
4700 13668 13273 12917 11608 11078 10360 89 0 0 
