# Avida tasks data
# Fri Apr 14 09:01:14 2023
# First column gives the current update, next columns give the number
# of organisms that have the particular task as a component of their merit
#  1: Update
#  2: Not
#  3: Nand
#  4: And
#  5: OrNot
#  6: Or
#  7: AndNot
#  8: Nor
#  9: Xor
# 10: Equals

0 0 0 0 0 0 0 0 0 0 
100 0 0 0 0 0 0 0 0 0 
200 0 0 0 0 0 0 0 0 0 
300 0 0 0 0 0 0 0 0 0 
400 0 0 0 0 0 0 0 0 0 
500 0 0 0 0 0 0 0 0 0 
600 2 0 0 0 0 0 0 0 0 
700 4 0 0 0 0 0 0 0 0 
800 19 0 0 0 0 0 0 0 0 
900 41 4 0 0 0 0 0 0 0 
1000 84 2 0 0 0 0 0 0 0 
1100 172 1 0 0 0 0 0 0 0 
1200 366 3 0 2 0 0 0 0 0 
1300 680 24 3 106 73 57 0 0 0 
1400 1157 968 20 604 601 608 0 0 0 
1500 1917 2209 25 1716 1474 751 0 0 0 
1600 2769 3331 13 2631 2321 842 0 0 0 
1700 3700 4381 25 3594 3225 877 0 0 0 
1800 4374 5206 35 4423 3961 961 0 0 0 
1900 5342 6157 55 5408 4854 980 0 0 0 
2000 6028 6990 49 6199 5565 1008 0 0 0 
2100 6949 7834 47 7101 6493 954 0 0 0 
2200 7630 8666 30 7939 7170 895 0 0 0 
2300 8389 9480 25 8811 8031 844 8 0 0 
2400 9091 9972 32 9532 8731 926 497 0 0 
2500 9200 10217 32 9835 8876 1080 1778 0 0 
2600 9337 10283 34 9991 9015 1183 3043 0 0 
2700 9615 10442 38 10207 9288 1246 4231 0 0 
2800 9823 10798 32 10523 9470 1336 5328 0 0 
2900 10125 11101 37 10790 9792 1382 6324 0 0 
3000 10418 11415 37 11105 10108 1356 7255 0 0 
3100 10707 11778 37 11365 10371 1309 8127 0 0 
3200 10837 12112 39 11607 10593 1217 8769 0 0 
3300 11057 12358 36 11746 10731 1160 9429 0 0 
3400 11200 12577 40 11960 10875 1075 9979 0 0 
3500 11533 12791 30 12067 11244 943 10404 0 0 
3600 11739 12940 26 12287 11409 854 10832 0 0 
3700 11856 12993 26 12401 11536 713 11131 0 0 
3800 11882 13132 17 12515 11591 598 11436 0 0 
3900 12013 13278 15 12764 11772 519 11759 0 0 
4000 12220 13339 17 12843 11949 418 11939 0 0 
4100 12330 13417 9 12907 11995 351 12052 0 0 
4200 12455 13451 4 12913 12148 250 12119 0 0 
4300 12496 13468 1 13076 12202 162 12308 0 0 
4400 12623 13459 1 13125 12303 101 12382 0 0 
4500 12685 13443 0 13092 12341 74 12397 0 0 
4600 12684 13426 1 13088 12354 156 12391 0 0 
4700 12651 13475 0 13128 12345 832 12441 0 0 
4800 12664 13504 1 13140 12306 1865 12436 0 0 
4900 12705 13446 1 13183 12283 3090 12527 0 0 
5000 12785 13450 2 13185 12327 4204 12500 0 0 
5100 12854 13446 2 13130 12374 5288 12478 0 0 
5200 12728 13492 3 13128 12189 6245 12530 0 0 
5300 12899 13515 2 13185 12379 7414 12582 0 0 
5400 12959 13595 10 13272 12398 8322 12631 0 0 
5500 12933 13554 5 13219 12382 8913 12527 0 0 
5600 12899 13482 2 13162 12306 9510 12515 0 0 
5700 13005 13551 0 13141 12313 9862 12556 0 0 
5800 13037 13518 3 13207 12384 10319 12628 0 0 
5900 13018 13518 5 13186 12362 10493 12597 0 0 
6000 13045 13526 0 13195 12335 10701 12573 0 0 
6100 13110 13520 2 13216 12432 10953 12601 0 0 
6200 13048 13649 9 13307 12342 10909 12637 0 0 
6300 12986 13580 2 13239 12361 11044 12707 0 0 
6400 13096 13622 0 13260 12413 11199 12680 0 0 
6500 13001 13568 4 13242 12373 11096 12571 0 0 
6600 13052 13594 1 13200 12384 11155 12625 0 0 
6700 12971 13564 4 13213 12334 11010 12620 0 0 
6800 13091 13532 6 13188 12411 11163 12583 0 0 
6900 13048 13567 0 13204 12350 11088 12600 0 0 
7000 13151 13549 0 13229 12472 11196 12626 0 0 
7100 13097 13562 0 13258 12415 11218 12634 0 0 
7200 13103 13572 0 13215 12411 11170 12622 0 2 
7300 13084 13535 2 13223 12354 11118 12647 0 2 
7400 13114 13546 5 13261 12478 11240 12638 0 0 
7500 13068 13645 3 13359 12281 11054 12746 0 0 
7600 13031 13594 2 13235 12289 11002 12597 0 0 
7700 13090 13608 0 13256 12384 11188 12678 0 0 
7800 13058 13554 4 13227 12423 11158 12595 0 0 
7900 13164 13630 3 13208 12479 11205 12645 0 0 
8000 13119 13599 1 13240 12442 11227 12732 0 0 
8100 13026 13624 1 13260 12371 11205 12672 0 0 
8200 13064 13549 1 13233 12410 11211 12668 0 0 
8300 13085 13640 2 13292 12445 11288 12758 0 0 
8400 13073 13622 4 13299 12441 11183 12687 1 0 
8500 13070 13598 3 13305 12437 11199 12708 0 0 
8600 12991 13555 7 13295 12358 11199 12741 0 0 
8700 13125 13590 3 13358 12520 11305 12748 0 0 
8800 13084 13593 2 13284 12518 11362 12722 0 0 
8900 13100 13590 5 13305 12442 11266 12774 0 0 
9000 13148 13665 2 13359 12540 11388 12825 0 0 
9100 13114 13581 0 13267 12459 11224 12679 0 0 
9200 13178 13590 4 13286 12524 11364 12716 0 0 
9300 13065 13621 0 13251 12408 11288 12701 0 0 
9400 13137 13577 0 13316 12463 11181 12716 0 0 
9500 13056 13598 5 13267 12497 11257 12685 0 0 
9600 13187 13641 0 13320 12504 11305 12694 0 0 
9700 13201 13595 2 13283 12550 11290 12714 0 0 
9800 13175 13657 0 13384 12534 11406 12853 0 0 
9900 13140 13612 4 13288 12566 11316 12672 0 0 
10000 13137 13592 0 13360 12541 11406 12850 0 0 
