# Avida tasks data
# Fri Apr 14 11:47:58 2023
# First column gives the current update, next columns give the number
# of organisms that have the particular task as a component of their merit
#  1: Update
#  2: Not
#  3: Nand
#  4: And
#  5: OrNot
#  6: Or
#  7: AndNot
#  8: Nor
#  9: Xor
# 10: Equals

0 0 0 0 0 0 0 0 0 0 
100 0 0 0 0 0 0 0 0 0 
200 0 0 0 0 0 0 0 0 0 
300 0 0 0 0 0 0 0 0 0 
400 0 0 0 0 0 0 0 0 0 
500 0 0 0 0 0 0 0 0 0 
600 0 0 0 0 0 0 0 0 0 
700 3 0 0 0 0 0 0 0 0 
800 4 0 0 0 0 0 0 0 0 
900 38 0 0 0 0 0 0 0 0 
1000 273 0 0 0 0 0 0 0 0 
1100 923 117 0 12 0 0 0 0 0 
1200 1820 365 0 304 0 0 0 0 0 
1300 3510 1908 0 2073 262 0 0 0 0 
1400 5086 4179 662 3999 107 11 0 0 0 
1500 6360 5858 2543 5537 93 20 0 0 0 
1600 7411 6984 3961 6704 100 25 0 0 0 
1700 8460 8014 5388 7799 108 46 0 0 0 
1800 9361 8735 6579 8544 136 59 0 0 0 
1900 10186 9475 7711 9272 157 76 0 0 0 
2000 10973 10179 8825 9974 174 80 12 0 0 
2100 11651 10780 9638 10564 200 88 88 0 0 
2200 12217 11344 10079 11163 212 87 189 0 0 
2300 12542 11639 10266 11390 176 93 307 0 0 
2400 12821 12016 10410 11734 203 93 498 0 0 
2500 13157 12264 10270 11957 180 106 829 0 0 
2600 13019 12323 9939 11874 172 123 1153 0 0 
2700 13118 12485 9647 12030 160 108 1571 0 0 
2800 13157 12500 9290 11973 166 138 1926 0 0 
2900 13250 12591 8952 12058 129 145 2298 0 0 
3000 13172 12719 8463 12035 119 131 2832 0 0 
3100 13241 12759 8096 12139 114 133 3249 0 0 
3200 13193 12820 7631 12169 122 142 3769 0 0 
3300 13220 12901 7071 12093 100 135 4281 0 0 
3400 13203 13033 6487 12078 99 149 4808 0 0 
3500 13141 13070 5957 11942 92 189 5325 0 0 
3600 13176 13146 5421 11991 72 210 5997 0 0 
3700 13282 13280 4816 12000 62 205 6510 0 0 
3800 13197 13459 4281 12007 29 238 7178 0 0 
3900 13152 13397 3570 11973 53 230 7779 0 0 
4000 13284 13446 2928 11903 90 272 8464 0 0 
4100 13334 13537 2391 12032 220 310 9042 0 0 
4200 13327 13603 2362 11984 324 380 9399 0 0 
4300 13355 13582 3097 11891 493 504 9742 0 0 
4400 13400 13640 4126 11862 535 611 10206 0 0 
4500 13401 13679 5084 11788 598 592 10367 0 0 
4600 13384 13738 6038 11681 677 560 10559 0 0 
4700 13362 13649 6957 11631 749 592 10633 0 0 
4800 13457 13695 7961 11743 863 567 10909 0 0 
4900 13483 13709 8809 11715 967 547 10889 0 0 
5000 13482 13760 9480 11682 1051 518 10939 0 0 
5100 13407 13751 10091 11636 1322 526 10901 0 0 
5200 13460 13709 10528 11515 1591 533 10890 0 0 
5300 13493 13782 10871 11646 1909 543 10975 0 0 
5400 13486 13722 10999 11677 2145 466 10972 0 0 
5500 13439 13697 11195 11588 2418 516 10928 0 0 
5600 13502 13730 11301 11610 2647 482 10861 0 0 
5700 13502 13760 11539 11700 2994 474 10984 0 0 
5800 13504 13758 11607 11667 3451 455 10914 0 0 
5900 13506 13775 11665 11785 4020 453 11068 0 0 
6000 13432 13774 11672 11762 4507 413 11060 0 0 
6100 13538 13837 11741 11761 5174 443 11134 0 0 
6200 13469 13743 11709 11880 5554 427 11160 0 0 
6300 13463 13790 11687 11781 5863 431 11008 0 0 
6400 13538 13794 11736 11883 6200 446 11153 0 0 
6500 13532 13808 11898 11934 6785 487 11276 0 0 
6600 13452 13752 11751 11843 7127 434 11090 0 0 
6700 13496 13793 11843 11952 7577 400 11160 0 0 
6800 13418 13725 11713 11826 7997 428 11065 0 0 
6900 13461 13775 11728 11880 8172 482 11023 0 0 
7000 13477 13777 11799 11931 8645 442 11073 0 0 
7100 13491 13765 11871 11977 9280 448 11105 0 0 
7200 13462 13801 11854 11946 9405 438 11135 0 0 
7300 13509 13744 11838 11922 9600 495 11099 0 0 
7400 13511 13823 11844 12085 9942 430 11239 0 0 
7500 13536 13716 11799 11978 9950 460 11065 0 0 
7600 13532 13806 11874 12074 10193 420 11235 0 0 
7700 13500 13823 11828 12088 9967 447 11146 0 0 
7800 13561 13709 11848 12049 10181 458 11162 0 0 
7900 13465 13813 11834 12090 10333 481 11153 0 0 
8000 13511 13782 11813 12010 10359 460 11165 0 0 
8100 13497 13767 11740 11995 10216 472 11089 0 0 
8200 13569 13790 11873 11995 10318 425 11201 0 0 
8300 13509 13794 11788 12025 10243 454 11198 0 0 
8400 13524 13770 11877 12132 10298 457 11196 0 0 
8500 13484 13804 11932 12135 10238 443 11247 0 0 
8600 13554 13760 11791 12092 10083 441 11196 0 0 
8700 13508 13746 11935 12130 10278 464 11184 0 0 
8800 13551 13762 12008 12200 10414 398 11259 0 0 
8900 13527 13698 11801 12044 10242 459 11168 0 0 
9000 13513 13726 11864 12089 10171 455 11164 0 0 
9100 13545 13807 11949 12152 10464 424 11363 0 0 
9200 13530 13728 11937 12156 10450 438 11314 0 0 
9300 13551 13754 11922 12125 10536 424 11297 0 0 
9400 13526 13736 12024 12193 10435 438 11374 0 0 
9500 13601 13815 12007 12179 10333 406 11338 0 0 
9600 13588 13747 11933 12178 10536 423 11292 0 0 
9700 13578 13652 11947 12175 10395 433 11306 0 0 
9800 13554 13787 12028 12187 10359 444 11332 0 0 
9900 13545 13758 12099 12303 10413 436 11462 0 0 
10000 13521 13772 12011 12211 10377 446 11415 0 0 
