# Avida tasks data
# Fri Apr 14 09:42:13 2023
# First column gives the current update, next columns give the number
# of organisms that have the particular task as a component of their merit
#  1: Update
#  2: Not
#  3: Nand
#  4: And
#  5: OrNot
#  6: Or
#  7: AndNot
#  8: Nor
#  9: Xor
# 10: Equals

0 0 0 0 0 0 0 0 0 0 
100 0 0 0 0 0 0 0 0 0 
200 0 0 0 0 0 0 0 0 0 
300 0 0 0 0 0 0 0 0 0 
400 0 0 0 0 0 0 0 0 0 
500 0 0 0 0 0 0 0 0 0 
600 0 0 0 0 0 0 0 0 0 
700 0 0 0 0 0 0 0 0 0 
800 0 0 0 0 0 0 0 0 0 
900 8 0 0 0 0 0 0 0 0 
1000 26 0 0 0 0 0 0 0 0 
1100 50 2 0 0 0 0 0 0 0 
1200 94 2 0 0 0 0 0 0 0 
1300 166 0 0 0 0 0 0 0 0 
1400 325 0 0 0 0 0 0 0 0 
1500 524 14 0 0 0 0 0 0 0 
1600 703 34 0 29 0 0 0 0 0 
1700 1057 119 0 62 0 0 0 0 0 
1800 1606 259 0 277 0 0 0 0 0 
1900 2199 425 0 843 12 0 0 0 0 
2000 2749 446 0 2309 846 7 0 0 0 
2100 3481 436 0 2731 1725 1 0 0 0 
2200 3942 435 0 3109 2160 1 0 0 0 
2300 4037 430 0 3215 2304 1 0 0 0 
2400 4257 422 0 3396 2528 0 0 0 0 
2500 4256 422 0 3395 2529 0 0 0 0 
2600 4257 422 0 3396 2530 0 0 0 0 
2700 4257 422 0 3395 2530 0 0 0 0 
2800 4255 422 0 3394 2530 0 0 0 0 
2900 4320 424 0 3473 2595 0 0 0 0 
3000 4387 435 0 3537 2667 0 0 0 0 
3100 4751 437 0 3866 3043 1 5 0 0 
3200 4749 443 0 3866 3035 1 5 0 0 
3300 4749 440 0 3868 3034 1 5 0 0 
3400 4972 427 0 4059 3273 1 10 0 0 
3500 4970 429 0 4058 3273 1 10 0 0 
3600 4969 428 0 4058 3272 1 10 0 0 
3700 4973 432 0 4062 3274 1 10 0 0 
3800 4972 430 0 4061 3273 1 10 0 0 
3900 5046 426 0 4143 3359 1 4 0 0 
4000 5176 426 0 4295 3493 1 3 0 0 
4100 5348 424 0 4460 3669 1 5 0 0 
4200 5492 422 2 4612 3836 1 3 0 0 
4300 5535 420 2 4674 3883 1 3 0 0 
4400 5545 420 1 4682 3895 1 3 0 0 
