# Avida tasks data
# Fri Apr 14 17:26:52 2023
# First column gives the current update, next columns give the number
# of organisms that have the particular task as a component of their merit
#  1: Update
#  2: Not
#  3: Nand
#  4: And
#  5: OrNot
#  6: Or
#  7: AndNot
#  8: Nor
#  9: Xor
# 10: Equals

0 0 0 0 0 0 0 0 0 0 
100 0 0 0 0 0 0 0 0 0 
200 0 0 0 0 0 0 0 0 0 
300 0 0 0 0 0 0 0 0 0 
400 0 0 0 0 0 0 0 0 0 
500 416 0 0 0 0 0 0 0 0 
600 1857 551 0 33 0 0 0 0 0 
700 1977 851 0 30 0 0 0 0 0 
800 2105 1349 0 170 1 0 0 0 0 
900 3318 2749 0 101 1 0 0 0 0 
1000 4806 4333 0 132 2 0 0 0 0 
1100 5336 4904 0 144 0 0 0 0 0 
1200 5680 5293 0 144 1 0 0 0 0 
1300 5897 5502 0 172 0 0 0 0 0 
1400 5898 5503 0 172 0 0 0 0 0 
1500 5898 5503 0 172 0 0 0 0 0 
1600 5898 5503 0 172 0 0 0 0 0 
1700 5898 5503 0 172 0 0 0 0 0 
1800 5900 5505 0 172 0 0 0 0 0 
1900 5900 5505 0 172 0 0 0 0 0 
2000 5899 5505 0 172 0 0 0 0 0 
2100 5899 5505 0 172 0 0 0 0 0 
2200 5898 5504 0 172 0 0 0 0 0 
2300 5899 5505 0 172 0 0 0 0 0 
2400 5898 5504 0 172 0 0 0 0 0 
2500 5899 5505 0 172 0 0 0 0 0 
2600 5900 5506 0 172 0 0 0 0 0 
2700 5906 5514 0 173 0 0 0 0 0 
2800 5945 5548 0 170 0 0 0 0 0 
2900 5960 5555 0 173 0 0 0 0 0 
3000 5960 5555 0 173 0 0 0 0 0 
3100 5961 5556 0 173 0 0 0 0 0 
3200 5960 5555 0 173 0 0 0 0 0 
3300 6145 5742 0 177 0 0 0 0 0 
3400 6210 5808 0 186 0 0 0 0 0 
3500 6263 5865 0 182 0 0 0 0 0 
3600 6260 5859 0 182 0 0 0 0 0 
3700 6260 5859 0 183 0 0 0 0 0 
3800 6260 5859 0 182 0 0 0 0 0 
3900 6256 5858 0 187 0 0 2 0 0 
4000 6256 5858 0 187 0 0 2 0 0 
4100 6272 5867 0 185 0 1 2 0 0 
4200 6296 5898 0 188 0 1 2 0 0 
4300 6313 5921 2 192 0 0 2 0 0 
4400 6313 5921 2 192 0 0 2 0 0 
4500 6311 5920 2 192 0 0 2 0 0 
4600 6311 5921 2 192 0 0 2 0 0 
4700 6311 5921 2 192 0 0 2 0 0 
4800 6310 5921 2 194 0 0 2 0 0 
4900 6310 5921 2 194 0 0 2 0 0 
5000 7304 6923 2 1414 0 2 10 0 0 
5100 7914 7493 3 2293 6 2 16 0 0 
