# Avida tasks data
# Fri Apr 14 16:17:13 2023
# First column gives the current update, next columns give the number
# of organisms that have the particular task as a component of their merit
#  1: Update
#  2: Not
#  3: Nand
#  4: And
#  5: OrNot
#  6: Or
#  7: AndNot
#  8: Nor
#  9: Xor
# 10: Equals

0 0 0 0 0 0 0 0 0 0 
100 0 0 0 0 0 0 0 0 0 
200 0 0 0 0 0 0 0 0 0 
300 0 0 0 0 0 0 0 0 0 
400 0 0 0 0 0 0 0 0 0 
500 0 0 0 0 0 0 0 0 0 
600 61 580 0 0 0 0 0 0 0 
700 281 2271 0 3 0 0 0 0 0 
800 1842 4283 0 18 0 0 0 0 0 
900 4347 6769 1 2025 2 0 0 0 0 
1000 7111 9471 0 4931 5 0 0 0 0 
1100 9316 11517 5 7245 6 0 0 0 0 
1200 10399 12326 1 8522 6 0 0 0 0 
1300 11403 12902 4 9656 15 15 0 0 0 
1400 12054 13115 4 10351 21 103 0 0 0 
1500 12487 13180 8 10932 340 244 0 0 0 
1600 12691 13291 17 11480 1550 174 0 0 0 
1700 12813 13338 9 11949 3024 81 0 0 0 
1800 12849 13245 16 12021 4454 27 0 0 0 
1900 12839 13367 21 12318 5712 0 1 0 0 
2000 12839 13298 14 12456 6847 0 1 0 0 
2100 12863 13345 12 12535 8042 1 0 0 0 
2200 12891 13453 9 12646 8997 1 0 0 0 
2300 13007 13367 18 12766 10078 0 0 0 0 
2400 12912 13332 10 12743 10705 0 0 0 0 
2500 12961 13365 14 12807 11148 0 2 0 0 
2600 12942 13381 8 12844 11400 65 1 0 0 
2700 13065 13388 8 12789 11776 160 0 0 0 
2800 12900 13419 20 12670 11770 373 3 0 0 
2900 12981 13395 25 12297 12050 656 0 0 0 
3000 13042 13418 44 11909 12084 1026 1 0 0 
3100 12991 13358 45 11528 12105 1697 1 0 0 
3200 12973 13410 69 11545 12128 2690 1 0 0 
3300 12851 13424 103 11882 11943 3683 2 0 0 
3400 12944 13447 110 12236 12067 4729 2 0 0 
3500 12919 13458 147 12560 12036 5795 6 0 0 
