# Avida tasks data
# Fri Apr 14 15:58:53 2023
# First column gives the current update, next columns give the number
# of organisms that have the particular task as a component of their merit
#  1: Update
#  2: Not
#  3: Nand
#  4: And
#  5: OrNot
#  6: Or
#  7: AndNot
#  8: Nor
#  9: Xor
# 10: Equals

0 0 0 0 0 0 0 0 0 0 
100 0 0 0 0 0 0 0 0 0 
200 0 0 0 0 0 0 0 0 0 
300 0 0 0 0 0 0 0 0 0 
400 0 0 0 0 0 0 0 0 0 
500 0 0 0 0 0 0 0 0 0 
600 100 1152 0 1 0 0 0 0 0 
700 2633 3638 0 33 0 0 0 0 0 
800 5535 6207 0 60 5 0 0 0 0 
900 8239 8475 0 96 0 0 0 0 0 
1000 10164 10118 0 106 0 0 0 0 0 
1100 11106 10822 0 122 1 1 0 0 0 
1200 11864 11494 2 274 3 0 0 0 0 
1300 12383 11941 0 925 7 0 0 0 0 
1400 12653 12274 0 2272 17 0 0 0 0 
1500 12890 12588 0 3706 33 0 0 0 0 
1600 13186 13033 3 5189 24 0 0 0 0 
1700 13286 13091 0 6381 38 0 0 0 0 
1800 13156 13284 0 7320 62 0 0 0 0 
1900 13300 13346 0 8206 131 0 0 0 0 
2000 13281 13329 0 9028 223 0 0 0 0 
2100 13239 13292 0 9735 381 0 0 0 0 
2200 13276 13389 0 10519 609 2 0 0 0 
2300 13264 13461 172 11122 1037 32 5 0 0 
2400 13342 13488 665 11772 854 2 496 0 0 
2500 13317 13538 1199 12162 369 364 1544 0 0 
2600 13338 13541 1739 12369 132 933 2648 0 0 
2700 13363 13625 3104 12514 62 734 3623 0 0 
2800 13427 13605 4662 12638 57 510 4494 0 0 
2900 13460 13563 6050 12689 49 367 5333 0 0 
3000 13438 13618 7367 12784 39 245 6393 0 0 
3100 13486 13513 8473 12775 36 241 7408 0 0 
3200 13513 13577 9647 12855 30 219 8358 0 0 
3300 13553 13682 10523 12939 25 229 9208 0 0 
3400 13570 13705 11322 12981 23 236 9972 0 0 
3500 13539 13668 11892 12988 24 241 10493 0 0 
3600 13564 13677 12362 12933 14 211 10781 0 0 
3700 13563 13677 12688 12976 14 211 11196 0 0 
3800 13533 13657 12804 12959 12 226 11516 0 0 
