# Avida tasks data
# Fri Apr 14 10:13:41 2023
# First column gives the current update, next columns give the number
# of organisms that have the particular task as a component of their merit
#  1: Update
#  2: Not
#  3: Nand
#  4: And
#  5: OrNot
#  6: Or
#  7: AndNot
#  8: Nor
#  9: Xor
# 10: Equals

0 0 0 0 0 0 0 0 0 0 
100 0 0 0 0 0 0 0 0 0 
200 0 0 0 0 0 0 0 0 0 
300 0 0 0 0 0 0 0 0 0 
400 0 30 0 0 0 0 0 0 0 
500 8 122 0 56 0 0 0 0 0 
600 11 129 0 789 0 0 0 0 0 
700 50 910 18 2389 0 0 0 0 0 
800 99 2272 23 4140 0 0 0 0 0 
900 307 3859 34 5860 0 0 0 0 0 
1000 1715 4435 21 7396 830 0 0 0 0 
1100 3494 3586 18 7948 2382 0 0 0 0 
1200 4844 2998 7 8347 3760 1 0 0 0 
1300 6335 2608 6 9006 5182 7 0 0 0 
1400 8114 2798 2 10031 6802 42 1 0 0 
1500 9730 3412 0 10998 8472 36 0 0 0 
1600 10928 4045 0 11490 9655 27 12 0 0 
1700 11798 4374 0 11961 10843 21 8 0 0 
1800 12273 4959 0 12020 11257 0 6 0 0 
1900 12580 5589 0 12031 11527 3 2 0 0 
2000 12686 6451 0 12123 11717 4 0 0 0 
2100 12629 7253 0 12088 11699 4 0 0 0 
2200 12796 8101 0 12135 11838 5 0 0 0 
2300 12659 8817 247 12148 11703 303 4 0 0 
2400 12748 9622 319 12248 11757 2051 5 0 0 
2500 12513 10284 206 12210 11639 3890 109 0 0 
2600 12315 10700 231 12216 11676 5211 427 0 0 
2700 12081 11006 223 11999 11525 6086 1266 0 0 
2800 11879 11133 216 11928 11370 6755 2105 0 0 
2900 11845 11399 199 11983 11238 7357 3176 0 0 
3000 12019 11470 185 11971 11283 7940 4046 0 0 
3100 12019 11618 146 11893 11242 8412 5015 0 0 
3200 11922 11690 138 11976 11045 8847 5984 0 0 
3300 11973 11826 131 11955 11003 9391 7105 0 0 
3400 11802 11785 125 11936 10848 9526 7894 0 0 
3500 11826 11980 143 11889 10884 10029 8804 0 0 
3600 11812 12131 125 11930 10778 10318 9428 2 0 
3700 11778 12325 131 11926 10838 10678 9924 0 0 
3800 11721 12502 117 11994 10745 10865 10231 0 0 
3900 11703 12680 136 11976 10775 11140 10597 0 0 
4000 11682 12864 112 11916 10731 11393 10830 0 0 
4100 11732 12993 113 11973 10750 11520 10874 0 0 
4200 11673 12941 125 12027 10794 11473 11008 0 0 
4300 11602 12946 139 12036 10757 11455 11033 0 0 
4400 11668 12972 125 12145 10784 11568 10969 0 0 
4500 11659 12900 118 12172 10799 11594 11013 0 0 
4600 11632 13048 109 12041 10715 11552 10996 0 0 
4700 11638 12992 114 12096 10651 11484 10920 0 0 
4800 11713 13051 133 12103 10805 11567 11043 0 0 
4900 11663 13139 134 12204 10917 11534 11030 0 0 
5000 11788 13056 138 12209 10826 11606 11044 0 0 
5100 11675 13043 103 12259 10874 11571 11096 0 0 
5200 11643 13065 108 12249 10875 11538 10946 0 0 
5300 11763 13081 111 12237 11018 11595 11001 0 0 
5400 11702 13102 105 12307 10989 11603 11108 0 0 
5500 11659 13091 110 12271 10911 11550 11081 0 0 
5600 11689 13067 90 12336 10987 11705 11187 0 1 
5700 11711 13044 116 12380 11039 11745 11173 0 0 
5800 11766 13096 124 12360 11042 11629 11135 0 0 
5900 11701 13054 103 12207 11010 11606 10981 0 0 
6000 11774 13013 126 12357 11071 11686 11115 0 0 
6100 11852 13126 230 12418 11209 11676 11149 0 1 
6200 11705 13056 447 12340 11016 11657 11019 0 0 
6300 11902 13061 1532 12246 11135 11530 11012 1 2 
6400 12065 12977 2728 12119 11083 11656 11016 0 0 
6500 12154 13009 4005 11770 10666 11387 10828 0 0 
6600 12191 12833 5172 11536 10643 11342 10655 0 0 
6700 12496 12851 6273 11437 10591 11348 10692 0 0 
6800 12499 12824 7408 11227 10427 11264 10595 0 0 
6900 12723 12755 8450 11063 10340 11276 10436 0 11 
7000 12757 12690 9334 10997 10246 11312 10437 0 25 
7100 12847 12734 10015 10866 10173 11179 10381 0 20 
7200 12936 12848 10609 10848 10203 11210 10308 0 14 
7300 13041 12830 10988 10812 10190 11158 10278 0 16 
7400 13109 12935 11343 10842 10210 11197 10294 0 1 
7500 13157 12922 11617 10898 10323 11314 10397 0 4 
7600 13132 12864 11745 10793 10224 11251 10296 0 0 
7700 13126 12861 11721 10704 10049 11110 10139 0 0 
7800 13313 12828 11909 10783 10144 11236 10265 0 0 
7900 13214 12945 11987 10810 10250 11261 10272 0 0 
8000 13267 12863 11925 10837 10268 11297 10343 0 0 
8100 13266 12874 11977 10843 10280 11277 10355 0 0 
8200 13237 12861 11876 10729 10186 11152 10223 0 1 
8300 13222 12991 11973 10854 10262 11292 10343 0 0 
8400 13238 12969 12006 10903 10315 11294 10387 0 0 
8500 13258 12959 11891 10769 10255 11199 10345 0 0 
8600 13214 12935 11989 10824 10215 11248 10275 0 0 
8700 13245 12927 11972 10831 10289 11290 10295 0 0 
8800 13236 12982 12130 10979 10430 11408 10485 0 0 
8900 13189 12856 11978 10801 10144 11211 10240 0 0 
9000 13367 12913 12051 10900 10355 11326 10367 0 0 
9100 13258 12982 12069 10916 10361 11406 10424 0 6 
9200 13214 12956 12076 10986 10352 11354 10475 0 2 
9300 13232 12985 12196 11193 10589 11594 10692 0 0 
9400 13221 12896 12021 10916 10276 11315 10420 0 0 
9500 13167 13073 12125 10995 10466 11467 10565 0 0 
9600 13298 13075 12115 11073 10484 11439 10158 0 389 
9700 13261 13027 12178 11057 10600 11466 9200 0 1392 
9800 13317 12996 12158 11055 10528 11497 7957 1 2573 
9900 13344 13062 12145 11097 10517 11458 6831 0 3640 
10000 13250 13023 12173 11160 10594 11524 5678 0 4880 
