# Avida tasks data
# Fri Apr 14 12:47:23 2023
# First column gives the current update, next columns give the number
# of organisms that have the particular task as a component of their merit
#  1: Update
#  2: Not
#  3: Nand
#  4: And
#  5: OrNot
#  6: Or
#  7: AndNot
#  8: Nor
#  9: Xor
# 10: Equals

0 0 0 0 0 0 0 0 0 0 
100 0 0 0 0 0 0 0 0 0 
200 0 0 0 0 0 0 0 0 0 
300 0 0 0 0 0 0 0 0 0 
400 0 0 0 0 0 0 0 0 0 
500 0 0 0 0 0 0 0 0 0 
600 3 1072 0 1142 0 0 0 0 0 
700 7 1686 0 1762 1 0 0 0 0 
800 7 1962 0 2060 1 0 0 0 0 
900 13 2037 0 2167 1 0 0 0 0 
1000 20 2198 0 2316 1 0 0 0 0 
1100 30 3303 0 3475 1 0 0 0 0 
1200 32 3893 1 4092 1 0 0 0 0 
1300 32 4547 0 4779 0 2 0 0 0 
1400 53 5108 0 5364 3 3 0 0 0 
1500 57 5687 2 5967 0 1 0 0 0 
1600 59 6238 2 6524 0 1 0 0 0 
1700 65 6892 2 7216 0 1 0 0 0 
1800 69 7487 2 7805 0 1 0 0 0 
1900 74 7966 2 8257 0 1 0 0 0 
2000 70 8172 2 8476 1 1 0 0 0 
2100 78 8314 3 8653 1 1 0 0 0 
2200 85 8541 3 8895 13 1 0 0 0 
2300 86 8666 2 9009 6 1 0 0 0 
2400 88 8866 2 9197 4 1 0 0 0 
2500 94 9149 2 9499 14 1 0 0 0 
2600 100 9558 2 9909 5 1 0 0 0 
2700 97 9908 4 10259 5 1 0 0 0 
2800 108 10145 3 10512 10 1 0 0 0 
2900 100 10457 2 10818 13 1 0 0 0 
3000 101 10803 2 11168 8 1 0 0 0 
3100 122 11068 2 11455 8 1 0 0 0 
3200 107 11391 5 11767 12 1 0 0 0 
3300 119 11662 2 12023 8 1 0 0 0 
3400 122 11953 4 12299 18 1 0 0 0 
3500 127 12084 4 12432 9 1 0 0 0 
3600 137 12265 4 12653 18 1 0 0 0 
3700 133 12392 2 12768 21 3 0 0 0 
3800 129 12389 2 12754 13 1 0 0 0 
3900 122 12387 2 12750 13 1 0 0 0 
4000 125 12411 2 12769 13 1 0 0 0 
4100 120 12447 5 12797 11 1 0 0 0 
4200 117 12430 5 12768 10 1 0 0 0 
4300 111 12438 3 12768 10 1 0 0 0 
4400 117 12443 5 12766 10 1 0 0 0 
4500 114 12447 3 12761 15 1 0 0 0 
4600 121 12445 2 12753 9 1 0 0 0 
4700 116 12467 2 12770 9 1 0 0 0 
4800 114 12460 3 12755 7 1 0 0 0 
4900 116 12502 4 12793 6 1 0 0 0 
5000 110 12477 4 12759 5 1 0 0 0 
5100 113 12481 3 12762 7 1 0 0 0 
5200 383 12519 6 12796 8 1 0 0 0 
5300 873 12521 4 12802 6 1 0 0 0 
5400 1370 12520 6 12797 6 1 0 0 0 
5500 1759 12515 4 12793 6 1 0 0 0 
5600 2166 12539 5 12815 6 1 0 0 0 
5700 2541 12508 5 12790 8 1 0 0 0 
5800 2938 12533 4 12811 6 1 0 0 0 
5900 3253 12532 7 12806 8 1 0 0 0 
6000 3550 12533 5 12795 6 1 0 0 0 
6100 3875 12569 6 12827 9 1 0 0 0 
6200 4148 12580 8 12828 8 1 0 0 0 
6300 4395 12595 6 12845 6 1 0 0 0 
6400 4716 12669 5 12913 7 1 0 0 0 
6500 4987 12700 5 12949 6 1 0 0 0 
6600 5245 12781 4 13010 4 1 0 0 0 
6700 5419 12776 5 13002 4 1 0 0 0 
6800 5661 12820 6 13035 5 1 0 0 0 
6900 5850 12821 6 13037 9 1 0 0 0 
7000 6060 12871 6 13078 8 1 0 0 0 
7100 6281 12894 4 13094 12 1 0 0 0 
7200 6504 12939 12 13133 11 1 0 0 0 
7300 6724 12926 8 13122 11 1 0 0 0 
7400 6891 12940 6 13125 13 3 0 0 0 
7500 7195 13008 5 13191 8 1 0 0 0 
7600 7413 13030 3 13208 8 1 0 0 0 
7700 7609 13031 5 13203 11 0 0 0 0 
7800 7851 13111 8 13275 10 0 0 0 0 
7900 8027 13089 11 13254 7 1 0 0 0 
8000 8245 13126 9 13278 13 1 0 0 0 
8100 8484 13180 13 13329 9 1 0 0 0 
8200 8663 13188 5 13340 12 0 0 0 0 
8300 8810 13160 4 13314 8 0 0 0 0 
8400 9044 13213 6 13366 6 0 0 0 0 
8500 9236 13269 5 13420 3 0 0 0 0 
8600 9407 13280 6 13424 2 0 0 0 0 
8700 9610 13329 2 13459 6 0 0 0 0 
8800 9759 13319 5 13439 5 0 0 0 0 
8900 9967 13421 7 13541 4 0 0 0 0 
9000 10015 13388 6 13503 6 0 0 0 0 
9100 10203 13413 4 13514 4 0 0 0 0 
9200 10360 13434 4 13541 4 0 0 0 0 
9300 10446 13386 4 13493 6 0 0 0 0 
9400 10607 13442 4 13550 7 0 0 0 0 
9500 10692 13428 2 13539 5 0 0 0 0 
9600 10784 13430 0 13527 3 1 0 0 0 
9700 10943 13477 0 13568 3 0 0 0 0 
9800 11056 13481 4 13568 7 2 0 0 0 
9900 11165 13485 3 13573 15 1 0 0 0 
10000 11231 13472 4 13561 15 0 0 0 0 
