# Avida tasks data
# Fri Apr 14 08:28:00 2023
# First column gives the current update, next columns give the number
# of organisms that have the particular task as a component of their merit
#  1: Update
#  2: Not
#  3: Nand
#  4: And
#  5: OrNot
#  6: Or
#  7: AndNot
#  8: Nor
#  9: Xor
# 10: Equals

0 0 0 0 0 0 0 0 0 0 
100 0 0 0 0 0 0 0 0 0 
200 0 0 0 0 0 0 0 0 0 
300 0 0 0 0 0 0 0 0 0 
400 0 0 0 0 0 0 0 0 0 
500 0 0 0 0 0 0 0 0 0 
600 0 0 0 0 0 0 0 0 0 
700 50 0 0 0 0 0 0 0 0 
800 134 0 0 0 0 0 0 0 0 
900 325 0 0 0 0 0 0 0 0 
1000 594 0 0 0 0 0 0 0 0 
1100 994 16 0 0 0 0 0 0 0 
1200 1741 67 0 25 0 1 0 0 0 
1300 2697 43 0 73 0 0 0 0 0 
1400 4087 53 0 707 0 0 0 0 0 
1500 5474 109 0 2094 292 0 0 0 0 
1600 6468 254 7 2652 1862 425 6 0 0 
1700 5343 249 10 4053 2593 2313 7 0 0 
1800 4648 243 4 4863 3774 3361 60 1 0 
1900 3749 244 3 4735 4788 4429 753 2 2 
2000 3053 213 0 4465 5627 5318 1443 2 0 
2100 2505 193 1 4155 6372 6150 2145 2 2 
2200 2185 186 13 3944 6659 6649 2671 3 1 
2300 2127 410 14 3499 6998 7175 3527 1 1 
2400 2118 779 14 3484 7204 6956 3789 1 1 
2500 2095 477 13 3484 7069 6888 3972 1 1 
2600 2070 289 13 3469 6750 6675 4043 1 1 
2700 2067 202 13 3470 6654 6645 4096 1 1 
2800 2069 193 10 3479 6552 6530 4191 1 1 
2900 1979 187 9 3364 6434 6397 4460 1 1 
3000 1839 225 9 4026 6392 6363 5129 1 1 
3100 1796 216 9 4379 6355 6261 5568 1 1 
3200 1754 219 9 4961 6148 6040 5966 1 1 
3300 1730 215 9 5271 6483 5904 6133 1 1 
3400 1686 212 9 5577 7022 5803 6375 1 1 
3500 1683 213 9 5613 7226 5793 6408 1 1 
3600 1682 209 9 5724 7440 5793 6489 1 1 
3700 1681 209 9 6113 7851 5794 6700 1 1 
3800 1683 212 9 6225 7976 5793 6744 1 1 
3900 1690 207 9 6276 8143 5793 6766 1 1 
4000 1658 220 9 6330 8319 5790 6787 1 1 
4100 1585 207 9 6487 8599 5779 6955 1 1 
4200 1503 210 9 6649 8748 5684 7042 1 1 
4300 1506 206 11 6672 8778 5678 7056 1 1 
4400 1499 215 15 6704 8816 5681 7107 1 1 
4500 1469 213 14 6967 9082 5652 7373 1 1 
4600 1437 225 21 7144 9235 5573 7566 1 1 
4700 1440 230 19 7201 9299 5565 7604 1 1 
4800 1440 235 19 7245 9365 5534 7623 1 1 
4900 1441 226 19 7386 9480 5454 7698 1 1 
5000 1439 226 21 7567 9669 5381 7824 1 1 
5100 1444 229 19 7697 9782 5317 7866 1 1 
5200 1442 237 20 7864 9930 5228 7975 1 1 
5300 1421 229 19 8027 10093 5144 8106 1 1 
5400 1435 232 17 8168 10266 5083 8198 1 1 
5500 1424 227 26 8047 10395 5001 8288 1 1 
5600 1425 226 20 7681 10560 4987 8446 1 1 
5700 1418 223 23 7345 10730 4949 8605 1 1 
5800 1418 222 22 7045 10818 4882 8721 1 1 
5900 1416 223 22 6808 10924 4791 8851 1 1 
6000 1393 225 19 6621 11034 4694 8997 1 1 
6100 1394 216 20 6471 11121 4602 9077 1 1 
6200 1381 220 20 6284 11190 4470 9191 0 0 
6300 1368 217 22 6030 11277 4334 9348 0 0 
6400 1367 216 18 5830 11301 4179 9388 0 0 
6500 1353 214 19 5628 11343 4031 9489 0 0 
6600 1346 212 19 5452 11406 3868 9567 0 0 
6700 1341 207 17 5243 11433 3715 9682 0 0 
6800 1340 211 20 5058 11455 3563 9723 0 0 
6900 1322 204 13 4902 11521 3438 9814 0 0 
7000 1309 205 13 4786 11595 3305 9918 0 0 
7100 1313 208 13 4647 11635 3211 9942 0 0 
7200 1305 207 11 4524 11666 3114 9988 0 0 
7300 1296 215 14 4423 11759 3023 10058 0 0 
7400 1289 210 13 4301 11833 2912 10133 0 0 
7500 1268 201 14 4143 11857 2832 10181 0 0 
7600 1249 207 17 3998 11915 2733 10247 0 0 
7700 1229 205 12 3832 11983 2658 10338 0 0 
7800 1215 202 17 3718 11973 2576 10348 0 0 
7900 1197 204 15 3527 11992 2468 10428 0 0 
8000 1201 211 16 3382 12092 2401 10531 0 0 
8100 1184 204 13 3236 12130 2330 10579 0 0 
8200 1179 194 13 3076 12206 2235 10664 0 0 
8300 1162 191 14 2926 12241 2157 10720 0 0 
8400 1138 195 15 2815 12301 2069 10820 0 0 
8500 1119 196 19 2711 12363 1997 10878 0 0 
8600 1094 197 14 2594 12393 1902 10942 0 0 
8700 1087 194 11 2447 12420 1820 11011 0 0 
8800 1052 199 9 2311 12490 1735 11114 0 0 
8900 1033 199 11 2187 12510 1661 11171 0 0 
9000 1025 194 16 2088 12521 1609 11202 0 0 
9100 1025 198 20 2072 12610 1587 11291 0 0 
9200 1018 193 17 2068 12574 1575 11254 0 0 
9300 1029 199 14 2030 12594 1551 11244 0 0 
9400 1007 192 15 1973 12559 1543 11255 0 0 
9500 1001 188 14 1950 12623 1528 11284 0 0 
9600 989 191 15 1943 12602 1510 11256 0 0 
9700 989 189 16 1928 12584 1498 11241 0 0 
9800 980 187 15 1927 12614 1487 11286 0 0 
9900 994 183 12 1877 12629 1472 11311 0 0 
10000 981 187 13 1861 12644 1458 11342 0 0 
