# Avida tasks data
# Fri Apr 14 17:11:02 2023
# First column gives the current update, next columns give the number
# of organisms that have the particular task as a component of their merit
#  1: Update
#  2: Not
#  3: Nand
#  4: And
#  5: OrNot
#  6: Or
#  7: AndNot
#  8: Nor
#  9: Xor
# 10: Equals

0 0 0 0 0 0 0 0 0 0 
100 0 0 0 0 0 0 0 0 0 
200 0 0 0 0 0 0 0 0 0 
300 0 0 0 0 0 0 0 0 0 
400 0 0 0 0 0 0 0 0 0 
500 0 0 0 0 0 0 0 0 0 
600 803 0 0 0 0 0 0 0 0 
700 2685 1 0 0 0 0 0 0 0 
800 4122 653 576 5 0 5 0 0 0 
900 4580 1519 1448 14 0 14 0 0 0 
1000 5297 2622 2525 16 0 12 0 0 0 
1100 6223 3742 3648 16 0 14 0 0 0 
1200 7145 4884 4722 45 0 39 0 0 0 
1300 8171 6151 6003 61 0 58 0 0 0 
1400 9136 7271 7078 74 0 59 0 0 0 
1500 10092 8399 8217 72 0 60 0 0 0 
1600 10924 9491 9277 85 0 70 0 0 0 
1700 11368 10201 9957 102 2 81 2 0 0 
1800 11840 10856 10577 104 0 67 0 0 0 
1900 12028 11416 11114 326 0 62 0 0 0 
2000 12086 11706 11450 969 4 59 2 0 0 
2100 12176 11865 11646 1918 1 80 0 0 0 
2200 12280 11879 11678 3073 1090 77 0 0 0 
2300 12289 11944 11794 4299 2705 76 0 0 0 
2400 12628 12240 12156 5631 4468 76 1 0 0 
2500 12747 12491 12389 6578 5747 49 0 0 0 
2600 12888 12609 12541 7528 6981 36 0 0 0 
2700 12846 12626 12455 8179 7766 54 1 0 0 
2800 12887 12653 12573 8791 8492 38 4 0 0 
2900 12838 12627 12528 9297 9007 40 0 0 2 
3000 12898 12689 12573 9869 9614 28 2 0 0 
3100 12930 12756 12592 10594 10275 45 4 0 0 
3200 12972 12744 12576 10936 10730 23 0 0 0 
3300 12981 12726 12548 11357 11106 24 8 0 0 
3400 12981 12779 12645 11617 11439 23 8 0 0 
3500 12966 12714 12582 11856 11649 29 10 0 0 
3600 13025 12822 12670 12099 11790 39 9 0 0 
3700 13003 12813 12629 12083 11762 22 81 0 0 
3800 13004 12793 12602 12090 11805 48 162 0 0 
3900 12949 12817 12589 12099 11800 170 161 0 0 
4000 12979 12857 12639 12024 11745 485 140 0 0 
4100 13077 12806 12669 12155 11987 984 140 0 0 
4200 13020 12840 12636 12040 11833 1610 148 0 0 
4300 12974 12857 12715 12032 11817 2339 221 0 0 
4400 12870 12893 12683 12000 11743 3069 300 0 0 
4500 12985 12875 12753 12126 11907 3914 414 0 0 
4600 13013 12819 12651 12010 11864 4642 510 0 0 
4700 12983 12830 12655 11984 11845 5307 632 0 0 
4800 12944 12869 12640 12036 11864 6067 669 0 0 
4900 12965 12958 12800 12003 11849 6787 753 0 0 
5000 12954 12946 12770 11882 11894 7536 751 0 0 
5100 12966 12979 12811 11958 11929 8236 745 0 0 
5200 13042 12928 12773 11983 11986 8859 717 0 0 
5300 12944 12983 12800 11921 11874 9368 556 0 0 
5400 12873 13001 12828 11865 11814 9664 458 0 0 
5500 12948 12946 12791 11914 11918 10076 381 0 0 
5600 12954 12973 12830 11938 11932 10585 247 0 0 
5700 12956 13024 12859 11880 11881 10773 221 0 0 
5800 12933 13015 12869 11837 11850 10940 215 0 0 
5900 12965 13035 12944 11989 11973 11181 222 0 0 
6000 13035 12985 12791 11868 11912 11211 228 0 0 
6100 13012 12962 12838 11993 11933 11320 271 0 0 
6200 13061 12976 12865 12051 12027 11382 388 0 0 
6300 13016 13026 12891 11912 11955 11333 482 0 0 
6400 13056 12996 12780 12028 12075 11329 565 0 0 
6500 13020 12964 12847 11936 11968 11328 719 0 0 
6600 12953 12930 12808 11951 11888 11299 901 0 0 
6700 13026 13013 12855 12018 12024 11336 1199 0 0 
6800 13009 13033 12900 12076 12025 11448 1454 0 0 
6900 13009 12916 12773 12032 12073 11460 1801 0 0 
7000 13076 13036 12894 12131 12140 11552 2142 0 0 
7100 13047 12984 12890 11978 11999 11361 2566 0 0 
7200 13074 12933 12842 11938 11934 11330 2862 0 0 
7300 13005 12986 12834 11970 11967 11351 3371 0 0 
7400 13101 13011 12863 12068 12033 11432 3652 0 0 
7500 13115 12926 12762 12080 12062 11418 4010 0 0 
7600 13121 12969 12815 12056 12075 11399 4358 0 0 
7700 13166 12994 12901 12088 12073 11457 4913 0 0 
7800 13060 13003 12871 12052 11935 11334 5250 0 0 
7900 13076 13037 12844 12071 11997 11435 5866 0 0 
8000 13112 12998 12802 12054 12013 11474 6426 0 1 
8100 13117 13090 12866 12015 12057 11404 7034 0 0 
8200 13129 12975 12803 11930 11946 11329 7443 0 0 
8300 13180 12970 12727 11993 11989 11442 7907 8 9 
8400 13124 13044 12821 11966 12007 11333 8365 0 0 
8500 13190 12963 12776 11973 11966 11342 8827 0 0 
8600 13223 13063 12887 12027 11970 11430 9155 0 0 
8700 13126 13008 12807 11912 11941 11320 9397 0 0 
8800 13163 13036 12860 11970 11997 11393 9755 0 0 
8900 13134 13042 12849 11929 12007 11376 9984 1 1 
9000 13157 12945 12747 11879 11905 11391 10087 0 0 
9100 13139 13001 12847 11903 11926 11353 10342 0 0 
9200 13183 13001 12750 11913 11973 11330 10480 0 0 
9300 13159 13058 12896 12031 12058 11504 10735 0 0 
9400 13157 12939 12787 11851 11970 11297 10743 0 0 
9500 13223 12922 12769 12000 12078 11408 10909 0 0 
9600 13183 12934 12759 11830 11897 11263 10854 0 0 
9700 13193 13005 12815 11902 12022 11370 11106 0 0 
9800 13156 12921 12726 11997 12065 11381 11209 0 0 
9900 13193 13007 12870 11980 12059 11423 11302 0 0 
10000 13230 13036 12893 12002 12056 11406 11262 0 0 
