# Avida tasks data
# Sat Apr 15 03:15:45 2023
# First column gives the current update, next columns give the number
# of organisms that have the particular task as a component of their merit
#  1: Update
#  2: Not
#  3: Nand
#  4: And
#  5: OrNot
#  6: Or
#  7: AndNot
#  8: Nor
#  9: Xor
# 10: Equals

0 0 0 0 0 0 0 0 0 0 
100 0 0 0 0 0 0 0 0 0 
200 0 0 0 0 0 0 0 0 0 
300 0 0 0 0 0 0 0 0 0 
400 0 0 0 0 0 0 0 0 0 
500 0 0 0 0 0 0 0 0 0 
600 0 0 0 0 0 0 0 0 0 
700 461 43 0 25 0 0 0 0 0 
800 1039 2325 1588 1867 0 12 0 0 0 
900 3292 3927 3022 3413 3 18 0 0 0 
1000 5404 5847 4873 5339 13 30 0 0 0 
1100 7621 7944 6781 7470 25 37 0 0 0 
1200 9060 9362 8298 9004 20 44 0 0 0 
1300 10241 10495 9455 10254 20 57 0 0 0 
1400 10915 11197 10080 11045 39 73 2 0 0 
1500 11553 11785 10673 11684 36 97 0 0 0 
1600 11948 12243 11081 12115 107 347 2 0 0 
1700 12328 12548 11396 12386 412 664 0 0 0 
1800 12742 12848 11650 12673 876 1051 0 0 0 
1900 12694 12973 11866 12756 1318 1597 0 0 0 
2000 12898 13098 11998 12838 1767 2079 0 0 0 
2100 12963 13198 12151 12872 2240 2682 1 0 0 
2200 13109 13252 12166 12920 2624 3316 3 0 0 
2300 13089 13242 12216 12939 2937 4025 1 0 0 
2400 13160 13238 12275 12965 3289 4796 1 0 0 
2500 13080 13211 12312 12832 3468 5596 0 0 0 
2600 13185 13289 12313 12898 3819 6401 2 0 0 
2700 13298 13253 12357 12909 4096 7075 6 0 0 
2800 13226 13225 12422 12845 4373 7706 6 0 0 
2900 13165 13245 12525 12898 4655 8380 11 0 0 
3000 13281 13322 12459 12908 4939 8891 2 0 0 
3100 13206 13265 12416 12754 5094 9645 4 0 0 
3200 13249 13178 12431 12748 5611 10142 4 0 0 
3300 13304 13157 12350 12664 5900 10333 1 0 0 
3400 13242 13204 12276 12756 6369 10884 5 0 0 
3500 13311 13256 12309 12695 6978 11217 3 2 0 
3600 13364 13312 12358 12651 7570 11510 6 0 0 
3700 13335 13247 12288 12653 8126 11492 11 0 0 
3800 13426 13286 12287 12647 8791 11719 2 0 0 
3900 13441 13290 12327 12679 9368 11851 5 0 0 
4000 13421 13255 12148 12648 9919 11857 6 0 0 
4100 13454 13266 12166 12611 10460 11714 4 0 0 
4200 13444 13276 12172 12538 10753 11784 12 0 0 
4300 13447 13329 12274 12523 11178 11844 7 0 0 
4400 13451 13368 12226 12613 11527 11854 4 0 0 
4500 13482 13270 12159 12576 11648 11730 7 0 0 
4600 13366 13410 12313 12584 11689 11879 9 0 0 
4700 13414 13284 12174 12566 11862 11731 5 0 0 
4800 13452 13330 12330 12547 11863 11813 4 0 0 
4900 13435 13363 12336 12656 12037 11980 4 0 0 
5000 13525 13318 12260 12622 12112 11860 5 0 0 
5100 13453 13362 12274 12527 11977 11761 8 0 0 
5200 13408 13398 12265 12537 11994 11872 2 0 0 
5300 13453 13419 12291 12570 12025 11894 5 0 0 
5400 13472 13356 12283 12483 11920 11828 3 0 0 
5500 13422 13259 12214 12493 12030 11726 2 0 0 
5600 13501 13353 12306 12622 12074 11846 2 0 0 
5700 13440 13289 12261 12581 11983 11871 10 0 0 
5800 13478 13375 12324 12598 12057 11922 8 0 0 
5900 13452 13436 12371 12637 12095 11927 3 0 0 
6000 13434 13467 12364 12556 12057 11847 15 0 0 
6100 13474 13368 12381 12613 12053 11855 5 0 0 
6200 13470 13332 12298 12648 12137 11813 5 0 0 
6300 13493 13428 12298 12613 12120 11793 2 0 0 
6400 13415 13319 12252 12561 12047 11801 5 0 0 
6500 13458 13379 12319 12596 12058 11902 10 0 0 
6600 13475 13424 12339 12675 12203 11862 5 0 0 
6700 13458 13338 12374 12640 12136 11925 4 0 0 
6800 13392 13329 12361 12611 12095 11936 1 0 0 
6900 13480 13316 12293 12570 12141 11803 7 0 0 
7000 13480 13352 12329 12638 12145 11828 7 0 0 
7100 13440 13281 12354 12644 12220 11783 6 0 0 
7200 13469 13330 12291 12613 12094 11826 4 0 0 
7300 13487 13326 12355 12630 12145 11720 5 0 0 
7400 13428 13300 12292 12670 12117 11851 6 0 0 
7500 13427 13366 12309 12625 12066 11939 3 0 0 
7600 13447 13313 12214 12639 12113 11827 2 0 0 
7700 13356 13323 12250 12565 12054 11917 3 0 0 
7800 13445 13400 12504 12575 12059 12046 3 0 0 
7900 13405 13293 12261 12513 12090 11877 2 0 0 
8000 13484 13347 12296 12610 12125 11967 2 0 0 
8100 13467 13369 12404 12648 12172 11830 5 0 0 
8200 13501 13306 12296 12601 12147 11853 3 0 0 
8300 13400 13334 12362 12581 12064 11840 6 0 0 
8400 13459 13337 12354 12576 12110 11901 5 0 0 
8500 13508 13364 12349 12708 12218 11851 11 0 0 
8600 13422 13323 12374 12568 12088 11821 4 0 0 
8700 13421 13366 12302 12632 12045 11804 6 0 0 
8800 13445 13373 12390 12659 12214 11850 4 0 0 
8900 13433 13351 12357 12618 12051 11900 6 0 0 
9000 13479 13315 12345 12620 12175 11780 8 0 0 
9100 13440 13358 12367 12571 12061 11878 5 0 0 
9200 13411 13371 12428 12577 12056 11989 5 0 0 
9300 13450 13354 12411 12599 12118 11933 3 0 0 
9400 13434 13310 12305 12624 12087 11945 7 0 0 
9500 13451 13355 12370 12559 12079 11893 1 0 0 
9600 13458 13323 12317 12569 12107 11794 4 0 0 
9700 13484 13316 12278 12631 12056 11884 4 0 0 
9800 13535 13331 12374 12672 12202 11840 6 0 0 
9900 13455 13319 12304 12612 12096 11734 7 0 0 
10000 13425 13342 12286 12652 12102 11761 3 0 0 
