# Avida tasks data
# Sat Apr 15 01:40:49 2023
# First column gives the current update, next columns give the number
# of organisms that have the particular task as a component of their merit
#  1: Update
#  2: Not
#  3: Nand
#  4: And
#  5: OrNot
#  6: Or
#  7: AndNot
#  8: Nor
#  9: Xor
# 10: Equals

0 0 0 0 0 0 0 0 0 0 
100 0 0 0 0 0 0 0 0 0 
200 0 0 0 0 0 0 0 0 0 
300 0 0 0 0 0 0 0 0 0 
400 0 0 0 0 0 0 0 0 0 
500 0 0 0 0 0 0 0 0 0 
600 44 340 0 766 0 0 0 0 0 
700 80 1447 0 1936 0 0 0 0 0 
800 1232 2496 3 2985 2 930 2 0 0 
900 2948 3888 12 4199 4 2642 0 0 0 
1000 4907 5472 21 5701 3 4441 5 0 0 
1100 6779 7169 45 7246 18 6224 12 0 0 
1200 8924 9181 125 8933 9 8153 6 0 0 
1300 10867 11050 254 10491 10 9878 3 0 0 
1400 11829 12162 690 11300 17 10563 6 0 0 
1500 11834 12774 1580 11815 18 10872 13 0 0 
1600 11156 13089 2871 12235 13 10902 6 0 0 
1700 10378 13240 4111 12158 12 10456 7 0 0 
1800 9527 13216 5477 12309 16 10282 13 0 0 
1900 9455 13376 6956 12382 14 10350 6 0 0 
2000 9821 13344 8227 12372 23 10529 3 0 0 
2100 10051 13315 9145 12289 35 10639 2 0 0 
2200 10307 13295 10082 12405 12 10843 0 0 0 
2300 10457 13310 10783 12418 3 10954 0 0 0 
2400 10902 13346 11337 12441 15 11033 2 0 0 
2500 11173 13380 11743 12445 34 11044 2 0 0 
2600 11393 13267 12088 12482 54 11244 0 0 0 
2700 11700 13271 12374 12455 72 11323 0 0 0 
2800 11820 13323 12537 12356 153 11488 0 0 0 
2900 12040 13258 12618 12479 997 11624 0 0 0 
3000 11980 13284 12661 12432 1950 11747 3 0 0 
3100 12133 13353 12718 12460 3052 11883 1 7 0 
3200 12220 13357 12735 12386 3948 11809 0 1 0 
3300 12217 13327 12754 12384 4843 11870 1 0 0 
3400 12337 13281 12749 12393 5694 11973 0 1 0 
3500 12365 13292 12752 12380 6480 12017 0 1 0 
3600 12444 13255 12651 12364 7287 12061 0 5 0 
3700 12435 13364 12765 12469 8358 12230 0 1 0 
3800 12419 13343 12749 12439 8988 12158 3 1 0 
3900 12386 13328 12711 12381 9630 12125 0 0 0 
4000 12539 13365 12771 12417 10216 12170 2 2 0 
4100 12538 13366 12795 12394 10617 12167 0 2 0 
4200 12605 13374 12754 12408 10933 12136 0 3 0 
4300 12524 13301 12623 12355 11071 12173 2 0 0 
4400 12622 13353 12672 12356 11412 12168 3 2 0 
4500 12659 13272 12651 12311 11485 12065 0 6 0 
4600 12638 13409 12766 12463 11699 12225 0 2 0 
4700 12623 13387 12744 12412 11805 12192 4 2 0 
4800 12698 13415 12802 12431 11828 12265 2 4 0 
4900 12692 13398 12693 12344 11711 12144 3 1 0 
5000 12692 13287 12608 12284 11702 12075 3 3 0 
5100 12800 13327 12622 12267 11689 12074 1 0 0 
5200 12710 13335 12686 12347 11788 12165 0 1 0 
5300 12745 13374 12766 12460 11823 12217 4 2 0 
5400 12788 13367 12709 12339 11791 12203 1 4 0 
5500 12774 13403 12790 12477 11836 12272 0 2 0 
5600 12730 13308 12591 12337 11633 12145 2 3 0 
5700 12705 13458 12738 12444 11881 12230 0 1 0 
5800 12713 13308 12671 12396 11813 12179 1 3 0 
5900 12693 13429 12732 12404 11836 12273 0 2 0 
6000 12700 13346 12718 12418 11798 12251 2 2 0 
6100 12671 13376 12736 12394 11783 12189 1 4 0 
6200 12783 13374 12693 12373 11732 12260 0 3 0 
6300 12793 13352 12707 12362 11738 12202 1 6 0 
6400 12679 13394 12710 12404 11811 12224 1 2 0 
6500 12704 13431 12685 12357 11729 12164 4 1 0 
6600 12841 13353 12721 12370 11808 12148 0 3 0 
6700 12744 13396 12739 12349 11824 12244 1 3 0 
6800 12869 13400 12773 12418 11744 12214 2 3 0 
6900 12877 13430 12766 12468 11839 12258 4 1 0 
7000 12810 13346 12696 12451 11818 12219 1 0 0 
7100 12836 13419 12775 12440 11807 12290 0 2 0 
7200 12827 13387 12741 12382 11820 12203 0 5 0 
7300 12826 13442 12733 12342 11780 12190 2 7 0 
7400 12827 13446 12739 12356 11808 12231 1 0 0 
7500 12860 13382 12653 12297 11767 12159 1 0 0 
7600 12869 13389 12756 12362 11682 12198 0 2 0 
7700 12884 13376 12705 12404 11827 12185 5 4 0 
7800 12939 13401 12703 12385 11791 12171 1 2 0 
7900 12758 13408 12775 12372 11724 12188 3 6 0 
8000 12881 13464 12785 12396 11832 12237 20 0 0 
8100 12828 13312 12627 12367 11732 12125 52 3 0 
8200 12883 13437 12796 12415 11881 12247 121 3 0 
8300 12934 13372 12662 12429 11796 12169 216 3 0 
8400 12969 13352 12728 12458 11822 12240 311 0 0 
8500 12940 13408 12737 12462 11887 12240 408 0 0 
8600 13077 13457 12789 12506 11943 12381 613 1 0 
8700 13088 13440 12789 12444 11851 12240 790 1 0 
8800 13047 13456 12781 12506 11853 12294 990 2 0 
8900 12982 13444 12823 12616 11966 12309 1146 0 0 
9000 13032 13381 12680 12376 11721 12107 1405 0 0 
9100 13020 13419 12735 12399 11818 12204 1661 4 0 
9200 13062 13391 12697 12427 11783 12229 2014 3 0 
9300 13106 13364 12755 12397 11777 12198 2318 0 0 
9400 13133 13429 12869 12530 11908 12308 2618 2 0 
9500 13185 13415 12782 12438 11869 12257 2968 0 0 
9600 13174 13387 12741 12460 11822 12231 3289 1 0 
9700 13117 13402 12769 12380 11842 12275 3622 2 0 
9800 13164 13346 12770 12420 11840 12195 3831 0 0 
9900 13068 13346 12714 12483 11816 12197 4102 6 0 
10000 13177 13414 12815 12464 11913 12269 4520 1 0 
