# Avida tasks data
# Fri Apr 14 23:08:03 2023
# First column gives the current update, next columns give the number
# of organisms that have the particular task as a component of their merit
#  1: Update
#  2: Not
#  3: Nand
#  4: And
#  5: OrNot
#  6: Or
#  7: AndNot
#  8: Nor
#  9: Xor
# 10: Equals

0 0 0 0 0 0 0 0 0 0 
100 0 0 0 0 0 0 0 0 0 
200 0 0 0 0 0 0 0 0 0 
300 0 0 0 0 0 0 0 0 0 
400 0 0 0 0 0 0 0 0 0 
500 0 0 0 0 0 0 0 0 0 
600 0 0 0 0 0 0 0 0 0 
700 0 0 0 0 0 0 0 0 0 
800 3 0 0 0 0 0 0 0 0 
900 25 5 0 0 0 0 0 0 0 
1000 105 15 0 0 0 0 0 0 0 
1100 231 46 0 0 0 0 0 0 0 
1200 1025 94 41 834 3 53 0 0 0 
1300 2204 1070 26 2468 181 396 0 0 0 
1400 1710 651 24 3267 2245 2101 7 0 0 
1500 2235 710 270 4394 3723 3790 16 0 0 
1600 3515 462 2999 5484 4925 4716 47 0 9 
1700 4750 380 4690 6520 6051 5546 41 0 19 
1800 5689 403 5962 7432 6961 6358 64 0 19 
1900 5757 397 6130 7538 7085 6426 66 0 31 
2000 6538 349 7178 8503 8093 7330 100 0 26 
2100 7552 292 8367 9553 9293 8487 185 0 35 
2200 8457 297 9277 10494 10240 9376 449 2 38 
2300 9005 258 9930 11067 10883 9985 1041 0 57 
2400 9342 257 10136 11349 11126 10127 1862 2 54 
2500 9560 2157 10282 11410 11296 10288 1650 0 1677 
2600 9991 3723 10356 11446 11402 10375 1093 0 2967 
2700 10303 4540 10354 11431 11358 10350 864 0 3587 
2800 10376 4873 10388 11410 11338 10353 797 0 3875 
2900 10364 4874 10396 11405 11369 10364 814 0 3867 
3000 10370 4876 10376 11410 11356 10349 796 0 3855 
3100 10360 4872 10354 11403 11342 10332 803 0 3833 
3200 10362 4874 10354 11403 11342 10332 803 0 3833 
3300 10396 4904 10387 11427 11373 10364 806 0 3874 
3400 10379 4885 10390 11418 11362 10384 816 0 3876 
3500 10311 4876 10386 11397 11354 10364 842 0 3850 
3600 10298 4904 10401 11453 11365 10364 865 0 3874 
3700 10294 4925 10413 11461 11373 10390 875 0 3903 
3800 10291 4905 10403 11447 11359 10388 885 0 3881 
3900 10165 4909 10443 11459 11416 10425 1063 0 3963 
4000 10167 4910 10444 11460 11417 10426 1062 0 3964 
4100 10167 4909 10444 11460 11417 10426 1062 0 3964 
4200 10167 4909 10444 11460 11417 10426 1062 0 3964 
4300 10141 4926 10454 11475 11435 10445 1100 0 3993 
4400 9847 5056 10376 11402 11335 10389 1288 0 4052 
4500 9781 5114 10373 11398 11339 10362 1331 0 4108 
4600 9781 5116 10372 11398 11339 10361 1332 0 4108 
4700 9780 5117 10371 11397 11338 10360 1332 0 4107 
4800 9780 5116 10371 11396 11337 10360 1331 0 4107 
4900 9780 5115 10370 11396 11335 10359 1330 0 4106 
5000 9780 5115 10370 11396 11335 10359 1330 0 4106 
5100 9746 5117 10341 11365 11320 10336 1354 0 4072 
5200 9595 5261 10356 11379 11357 10337 1500 0 4180 
5300 9400 5338 10307 11325 11312 10319 1669 0 4209 
5400 9326 5441 10382 11383 11343 10351 1761 0 4354 
5500 9127 5612 10403 11361 11365 10367 1934 0 4503 
5600 8987 5671 10396 11371 11362 10407 2055 0 4589 
5700 8951 5748 10440 11382 11372 10433 2136 2 4686 
5800 8914 5796 10390 11347 11355 10390 2185 2 4711 
5900 8911 5795 10387 11344 11352 10387 2185 2 4709 
6000 8732 5899 10368 11320 11350 10385 2347 1 4796 
6100 8635 5991 10353 11296 11320 10370 2425 1 4862 
6200 8482 6123 10313 11249 11300 10312 2583 1 4890 
6300 8303 6344 10312 11269 11321 10317 2789 1 5029 
6400 8178 6436 10350 11270 11324 10330 2947 1 5126 
6500 8141 6452 10338 11238 11304 10326 2977 0 5161 
6600 8087 6530 10333 11253 11308 10289 3050 0 5213 
6700 8010 6627 10342 11234 11334 10330 3161 0 5323 
6800 8010 6629 10346 11238 11336 10334 3164 0 5327 
6900 7910 6813 10427 11300 11424 10394 3345 0 5521 
7000 7901 6832 10434 11301 11424 10403 3353 0 5539 
7100 7901 6831 10435 11302 11424 10404 3354 0 5540 
7200 7755 6933 10366 11261 11402 10340 3498 0 5605 
7300 7641 6985 10369 11243 11391 10345 3650 0 5681 
7400 7621 7067 10345 11210 11386 10327 3688 0 5707 
7500 7568 7151 10351 11205 11420 10343 3786 2 5743 
7600 7173 7147 10372 11205 11377 10333 4182 2 5789 
7700 7033 7143 10336 11159 11344 10286 4299 1 5760 
7800 6585 7423 10302 11084 11308 10242 4724 0 5979 
7900 6492 7517 10334 11127 11337 10288 4838 0 6078 
8000 6199 7836 10424 11208 11413 9782 5224 0 6348 
8100 5817 8311 10634 11394 11630 10258 5900 0 6713 
8200 5572 8524 10639 11399 11642 10398 6262 0 6850 
8300 5422 8629 10695 11433 11676 10491 6479 0 6972 
8400 5012 8852 10734 11457 11732 10606 6968 0 7161 
8500 4826 9041 10774 11471 11764 10674 7282 0 7270 
