# Avida tasks data
# Sat Apr 15 00:58:49 2023
# First column gives the current update, next columns give the number
# of organisms that have the particular task as a component of their merit
#  1: Update
#  2: Not
#  3: Nand
#  4: And
#  5: OrNot
#  6: Or
#  7: AndNot
#  8: Nor
#  9: Xor
# 10: Equals

0 0 0 0 0 0 0 0 0 0 
100 0 0 0 0 0 0 0 0 0 
200 0 0 0 0 0 0 0 0 0 
300 0 0 0 0 0 0 0 0 0 
400 0 0 0 0 0 0 0 0 0 
500 0 32 0 0 0 0 0 0 0 
600 3 240 0 7 0 0 0 0 0 
700 12 886 0 764 0 0 0 0 0 
800 13 1000 0 971 0 0 0 0 0 
900 28 1380 0 1335 2 0 0 0 0 
1000 23 1928 0 1908 1 0 0 0 0 
1100 21 1984 0 1985 2 0 0 0 0 
1200 21 1983 0 1984 2 0 0 0 0 
1300 21 1984 0 1986 2 0 0 0 0 
1400 21 1982 0 1985 2 0 0 0 0 
1500 22 1983 0 1985 2 0 0 0 0 
1600 22 1984 0 1986 2 0 0 0 0 
1700 22 1985 0 1987 2 0 0 0 0 
1800 21 1983 0 1987 2 0 0 0 0 
1900 21 1984 0 1988 2 0 0 0 0 
2000 21 1987 0 1989 2 0 0 0 0 
2100 21 1986 0 1988 2 0 0 0 0 
2200 19 1985 0 1990 2 0 0 0 0 
2300 19 1985 0 1991 2 0 0 0 0 
2400 19 1985 0 1991 2 0 0 0 0 
2500 19 1984 0 1990 2 0 0 0 0 
2600 19 1986 0 1992 2 0 0 0 0 
2700 19 1987 0 1994 2 0 0 0 0 
2800 19 1990 0 1997 2 0 0 0 0 
2900 19 1989 0 1996 2 0 0 0 0 
3000 19 1990 0 1997 2 0 0 0 0 
3100 19 1991 0 1998 2 0 0 0 0 
3200 19 1991 0 1998 2 0 0 0 0 
3300 19 1991 0 1997 2 0 0 0 0 
3400 19 1993 0 1999 2 0 0 0 0 
3500 19 1993 0 1999 2 0 0 0 0 
3600 19 1995 0 2001 2 0 0 0 0 
3700 19 1996 0 2002 2 0 0 0 0 
3800 19 1995 0 2001 2 0 0 0 0 
3900 19 1995 0 2002 2 0 0 0 0 
4000 19 1991 0 1998 2 0 0 0 0 
4100 20 1991 0 1998 2 0 0 0 0 
4200 20 1989 0 1998 2 0 0 0 0 
4300 20 1990 0 1999 2 0 0 0 0 
4400 20 1990 0 1999 2 0 0 0 0 
4500 20 1991 0 2000 2 0 0 0 0 
4600 20 1990 0 1999 2 0 0 0 0 
4700 22 1989 0 1999 2 0 0 0 0 
4800 22 1987 0 1997 2 0 0 0 0 
4900 22 1985 0 1995 2 0 0 0 0 
5000 22 1985 0 1995 2 0 0 0 0 
5100 22 1986 0 1996 2 0 0 0 0 
5200 22 1985 0 1997 2 0 0 0 0 
5300 22 1984 0 1996 2 0 0 0 0 
5400 22 1982 0 1995 2 0 0 0 0 
5500 22 1985 0 1997 2 0 0 0 0 
5600 22 1983 0 1995 2 0 0 0 0 
5700 21 1984 0 1997 2 0 0 0 0 
5800 25 2020 0 2035 2 0 0 0 0 
5900 28 2057 0 2065 3 0 0 0 0 
6000 204 3255 0 3284 6 0 0 0 0 
6100 462 4045 0 4085 5 0 0 0 0 
6200 741 4495 1 4537 4 0 0 0 0 
6300 759 4499 1 4545 7 0 0 0 0 
6400 1339 4642 0 4698 204 8 0 0 0 
