# Avida tasks data
# Fri Apr 14 22:26:54 2023
# First column gives the current update, next columns give the number
# of organisms that have the particular task as a component of their merit
#  1: Update
#  2: Not
#  3: Nand
#  4: And
#  5: OrNot
#  6: Or
#  7: AndNot
#  8: Nor
#  9: Xor
# 10: Equals

0 0 0 0 0 0 0 0 0 0 
100 0 0 0 0 0 0 0 0 0 
200 0 0 0 0 0 0 0 0 0 
300 9 0 0 0 0 0 0 0 0 
400 16 0 0 0 0 0 0 0 0 
500 50 0 0 0 0 0 0 0 0 
600 92 0 0 0 0 0 0 0 0 
700 139 1 0 0 0 0 0 0 0 
800 214 49 0 0 0 0 0 0 0 
900 415 109 0 0 0 0 0 0 0 
1000 610 139 0 0 0 0 0 0 0 
1100 889 263 0 0 0 0 0 0 0 
1200 1115 326 0 2 0 0 0 0 0 
1300 1111 327 0 2 0 0 0 0 0 
1400 1110 328 0 2 0 0 0 0 0 
1500 1110 330 0 2 0 0 0 0 0 
1600 1110 330 0 2 0 0 0 0 0 
1700 1110 331 0 2 0 0 0 0 0 
1800 1124 331 0 7 0 0 0 0 0 
1900 1124 330 0 7 0 0 0 0 0 
2000 1124 332 0 7 0 0 0 0 0 
2100 1122 331 0 7 0 0 0 0 0 
2200 1127 332 0 7 0 0 0 0 0 
2300 1128 332 0 7 0 0 0 0 0 
2400 1128 332 0 7 0 0 0 0 0 
2500 1124 331 0 7 0 0 0 0 0 
2600 1124 332 0 7 0 0 0 0 0 
2700 1128 332 0 7 0 0 0 0 0 
2800 1125 331 0 7 0 0 0 0 0 
