# Avida tasks data
# Sat Apr 15 05:00:06 2023
# First column gives the current update, next columns give the number
# of organisms that have the particular task as a component of their merit
#  1: Update
#  2: Not
#  3: Nand
#  4: And
#  5: OrNot
#  6: Or
#  7: AndNot
#  8: Nor
#  9: Xor
# 10: Equals

0 0 0 0 0 0 0 0 0 0 
100 0 0 0 0 0 0 0 0 0 
200 0 0 0 0 0 0 0 0 0 
300 0 0 0 0 0 0 0 0 0 
400 0 0 0 0 0 0 0 0 0 
500 0 0 0 0 0 0 0 0 0 
600 22 563 0 3 0 0 0 0 0 
700 6 872 0 8 0 0 0 0 0 
800 15 1179 0 11 0 0 0 0 0 
900 27 1590 0 11 0 0 0 0 0 
1000 185 1873 0 22 0 0 0 0 0 
1100 408 1878 0 34 0 0 0 0 0 
1200 613 2023 0 47 0 2 0 0 0 
1300 724 2069 0 48 2 2 0 0 0 
1400 812 2067 0 46 2 2 0 0 0 
1500 827 2112 0 44 0 2 0 0 0 
1600 878 2171 0 38 0 2 0 0 0 
1700 1078 2374 0 48 0 2 0 0 0 
1800 1278 2571 0 53 0 2 0 0 0 
1900 1520 2817 0 81 0 4 0 0 0 
2000 1786 3084 0 89 0 3 0 0 0 
2100 1919 3223 0 90 0 3 0 0 0 
2200 1953 3254 0 94 0 3 0 0 0 
2300 1973 3258 0 91 0 3 0 0 0 
2400 2061 3346 0 129 0 3 0 0 0 
2500 2171 3461 0 226 0 8 0 0 0 
2600 2199 3489 2 263 0 7 0 0 0 
2700 2298 3592 1 364 0 7 0 0 0 
2800 2295 3596 0 362 0 7 0 0 0 
2900 2303 3603 0 382 0 4 0 0 0 
3000 2291 3595 1 407 0 3 0 0 0 
3100 2300 3602 0 455 2 3 0 0 0 
