# Avida tasks data
# Sat Apr 15 03:00:08 2023
# First column gives the current update, next columns give the number
# of organisms that have the particular task as a component of their merit
#  1: Update
#  2: Not
#  3: Nand
#  4: And
#  5: OrNot
#  6: Or
#  7: AndNot
#  8: Nor
#  9: Xor
# 10: Equals

0 0 0 0 0 0 0 0 0 0 
100 0 0 0 0 0 0 0 0 0 
200 0 0 0 0 0 0 0 0 0 
300 0 0 0 0 0 0 0 0 0 
400 0 0 0 0 0 0 0 0 0 
500 0 0 0 0 0 0 0 0 0 
600 0 0 0 0 0 0 0 0 0 
700 60 254 0 186 0 0 0 0 0 
800 987 982 0 1005 3 0 0 0 0 
900 1981 1993 0 2052 6 0 0 0 0 
1000 3282 3264 0 3377 7 0 0 0 0 
1100 4715 4667 0 4756 17 0 0 0 0 
1200 6017 6013 0 6090 30 0 0 0 0 
1300 7191 7240 0 7440 45 0 0 0 0 
1400 8437 8492 0 8658 40 0 1 0 0 
1500 9446 9480 1 9671 49 1 0 0 0 
1600 10342 10340 0 10391 47 0 1 0 0 
1700 10915 10996 0 11111 50 1 0 0 0 
1800 11502 11544 6 11671 58 0 0 0 0 
1900 11769 11929 1328 12028 45 13 1 0 0 
2000 11908 12165 2887 12085 47 205 0 0 0 
2100 12002 12384 4194 12192 58 875 0 0 0 
2200 12143 12593 5551 12293 35 1855 0 0 0 
2300 12281 12783 6975 12453 34 3001 0 0 0 
2400 12487 13017 8240 12652 28 4181 2 0 0 
2500 12662 13301 9239 12699 40 5073 0 0 0 
2600 12692 13423 10088 12811 45 5969 0 0 0 
2700 12814 13409 10676 12828 27 6611 0 0 0 
2800 12867 13503 11282 12857 35 7377 0 0 0 
2900 12867 13562 11650 12825 40 7901 1 0 0 
3000 12873 13515 11959 12882 32 8462 1 0 0 
3100 12827 13584 12174 12808 28 9142 0 0 0 
3200 12856 13508 12404 12885 24 9622 0 0 0 
3300 12882 13491 12479 12822 24 10185 2 0 0 
3400 12858 13516 12534 12835 36 10673 0 0 0 
3500 12900 13516 12595 12826 43 11174 0 0 0 
3600 12863 13506 12476 12776 33 11340 4 0 0 
3700 12969 13554 12705 12953 28 11711 1 0 0 
3800 12938 13562 12628 12846 39 11844 0 0 0 
3900 12919 13534 12710 12914 19 12095 0 0 0 
4000 12922 13522 12592 12833 27 11978 0 0 0 
4100 12941 13502 12644 12899 25 12058 0 0 0 
4200 12975 13577 12610 12834 20 12039 1 0 0 
4300 13044 13550 12676 12868 23 12141 0 0 0 
4400 13036 13600 12692 12918 37 12081 0 0 0 
4500 13015 13584 12754 12971 20 12228 0 0 0 
4600 13073 13578 12720 13046 25 12218 0 0 0 
4700 13006 13508 12575 12810 40 11976 0 0 0 
4800 13039 13490 12680 12944 18 12171 1 0 0 
4900 13014 13565 12664 12888 19 12167 3 0 0 
5000 13093 13539 12664 12943 28 12198 1 0 0 
5100 13067 13604 12711 12929 21 12192 0 0 0 
5200 13052 13536 12729 12976 32 12205 1 0 0 
5300 13110 13494 12707 12942 24 12170 0 0 0 
5400 13085 13569 12739 12973 15 12168 2 0 0 
5500 13061 13539 12707 12891 22 12073 0 0 0 
5600 13092 13570 12739 12956 21 12128 0 0 0 
5700 13092 13517 12662 12997 22 12101 0 0 0 
5800 13108 13519 12630 12957 27 12168 0 0 0 
5900 13089 13551 12733 12985 19 12286 0 0 0 
6000 13185 13622 12710 12987 7 12241 0 0 0 
6100 13233 13593 12817 13046 27 12255 0 0 0 
6200 13180 13595 12725 12949 20 12163 0 0 0 
6300 13216 13591 12794 12978 22 12235 0 0 0 
6400 13099 13614 12739 12997 17 12237 0 0 0 
6500 13239 13565 12709 12924 18 12135 1 0 0 
6600 13242 13611 12765 13040 63 12349 0 0 0 
6700 13203 13651 12734 13003 157 12311 0 0 0 
6800 13171 13604 12785 13086 282 12319 1 0 0 
6900 13283 13632 12788 12997 450 12266 0 0 0 
7000 13205 13631 12766 13056 721 12219 4 0 0 
7100 13200 13647 12665 12971 1040 12213 0 0 0 
7200 13231 13549 12708 13089 1418 12309 0 0 0 
7300 13325 13650 12811 13100 1775 12374 0 0 0 
7400 13242 13625 12667 13048 2215 12141 0 0 0 
7500 13287 13610 12719 13086 2619 12150 1 0 0 
7600 13235 13578 12700 13143 3017 12202 3 0 0 
7700 13255 13510 12688 13170 3652 12164 2 0 0 
7800 13257 13537 12683 13230 4265 12215 7 0 0 
7900 13244 13400 12640 13234 4804 12153 2 0 0 
8000 13193 13410 12642 13339 5496 12138 0 0 0 
8100 13255 13475 12699 13352 6099 12225 2 0 0 
8200 13269 13315 12604 13340 6649 12193 2 0 0 
8300 13219 13284 12518 13346 7162 12196 5 0 0 
8400 13232 13237 12553 13346 7746 12195 2 0 0 
8500 13271 13232 12518 13420 8342 12223 3 0 0 
8600 13245 13258 12529 13361 9015 12265 5 0 0 
8700 13200 13150 12449 13451 9571 12226 8 0 0 
8800 13275 13166 12511 13507 10054 12142 7 0 0 
8900 13261 13125 12465 13467 10403 12220 6 0 0 
9000 13334 13071 12464 13495 10669 12292 6 0 0 
9100 13250 13053 12439 13511 10867 12212 4 0 0 
9200 13236 13156 12518 13592 10995 12315 2 0 0 
9300 13306 13109 12457 13540 11202 12282 5 0 0 
9400 13282 13040 12469 13546 11266 12337 33 1 0 
9500 13282 13079 12500 13581 11481 12334 44 0 0 
9600 13297 13125 12518 13496 11523 12337 55 0 0 
9700 13227 13018 12459 13590 11463 12271 93 0 0 
9800 13297 13032 12383 13599 11454 12193 168 0 0 
9900 13369 13093 12520 13598 11326 12307 335 0 0 
10000 13318 13014 12426 13559 11069 12297 444 0 0 
