# Avida tasks data
# Fri Apr 14 20:54:10 2023
# First column gives the current update, next columns give the number
# of organisms that have the particular task as a component of their merit
#  1: Update
#  2: Not
#  3: Nand
#  4: And
#  5: OrNot
#  6: Or
#  7: AndNot
#  8: Nor
#  9: Xor
# 10: Equals

0 0 0 0 0 0 0 0 0 0 
100 0 0 0 0 0 0 0 0 0 
200 0 0 0 0 0 0 0 0 0 
300 0 0 0 0 0 0 0 0 0 
400 0 0 0 0 0 0 0 0 0 
500 1 2 0 0 0 0 0 0 0 
600 4 0 0 2 0 0 0 0 0 
700 0 0 0 0 0 0 0 0 0 
800 2 0 0 0 0 0 0 0 0 
900 2 0 0 0 0 0 0 0 0 
1000 21 11 0 0 0 0 0 0 0 
1100 25 28 0 0 0 0 0 0 0 
1200 69 71 0 0 0 0 0 0 0 
1300 174 283 0 142 0 0 0 0 0 
1400 288 1030 0 1095 0 0 0 0 0 
1500 445 2174 0 2560 198 0 0 0 0 
1600 1989 3950 0 4881 1978 0 0 0 0 
1700 3308 5264 3 5987 3417 1030 0 0 0 
1800 4073 5997 6 6374 4009 2837 2 0 0 
1900 5141 6974 2 6917 4936 4716 2 0 0 
2000 6400 8045 178 7748 6177 6327 9 0 0 
2100 7590 8999 955 8551 7267 7620 8 0 0 
2200 8575 10004 2004 9301 8288 8857 8 0 0 
2300 9499 10894 3206 10068 9254 9876 8 0 0 
2400 10254 11418 4192 10634 9965 10453 8 0 0 
2500 10724 11948 5260 10965 10387 11072 10 0 0 
2600 11186 12493 6202 11316 10793 11533 9 0 0 
2700 11526 12758 7130 11723 11194 11920 16 0 0 
2800 11822 13092 8215 11977 11516 12290 20 0 0 
2900 11988 13140 9152 12037 11640 12352 30 0 0 
3000 12238 13366 9927 12207 11825 12594 26 0 0 
3100 12307 13371 10645 12273 11965 12764 5 0 0 
3200 12299 13419 11029 12356 12014 12682 16 0 0 
3300 12447 13376 11350 12246 11956 12664 16 0 0 
3400 12374 13415 11578 12253 11917 12698 10 0 0 
3500 12324 13396 11824 12210 11920 12669 37 0 0 
3600 12329 13397 11968 12316 11996 12646 74 0 0 
3700 12433 13424 12195 12330 11990 12457 240 0 0 
3800 12414 13410 12261 12305 12037 12259 355 0 0 
3900 12453 13259 12176 12287 12015 12083 593 0 0 
4000 12493 13119 12105 12386 12139 11737 1000 0 0 
4100 12442 13084 11885 12316 12049 11348 1429 0 0 
4200 12536 12871 11818 12246 12033 10821 1986 0 0 
4300 12551 12828 11796 12146 11924 10413 2371 0 0 
4400 12494 12704 11784 12148 12007 9761 3008 0 0 
4500 12519 12485 11573 12060 11993 9095 3576 0 1 
4600 12571 12419 11550 12094 12028 8563 4203 0 0 
4700 12516 12197 11472 12038 11942 7829 4889 0 0 
4800 12522 12075 11341 12014 12029 7253 5602 0 0 
4900 12542 11938 11155 11945 11931 6633 6095 0 0 
5000 12644 11854 11098 11981 11950 6144 6751 0 0 
5100 12544 11711 10925 11982 11974 5722 7371 0 0 
5200 12494 11600 10489 11958 12013 5316 7904 0 2 
5300 12626 11526 9703 11955 11958 5392 8495 0 0 
5400 12620 11692 9098 11949 12061 5634 9026 0 0 
5500 12520 11853 8456 11906 11989 5830 9280 0 0 
5600 12590 11819 7634 11916 11960 6218 9726 0 0 
5700 12531 11925 6821 11828 11868 6678 9905 0 0 
5800 12603 12112 5914 11955 12022 7127 10263 0 0 
5900 12576 12310 5350 12057 11948 7581 10491 0 0 
6000 12623 12431 4540 12124 12072 8221 10792 0 0 
6100 12721 12424 3845 12051 12108 8783 10849 0 8 
6200 12635 12470 3085 12142 12087 9292 11099 0 288 
6300 12601 12594 2562 12123 12051 9838 11191 0 922 
6400 12695 12670 2205 12248 12150 10293 11219 4 1854 
6500 12617 12712 1909 12221 12052 10591 11164 3 2751 
6600 12685 12829 1660 12359 12205 10882 11305 2 3797 
6700 12686 12860 1393 12464 12282 11215 11308 3 4776 
6800 12703 13059 1230 12523 12129 11494 11145 6 5743 
6900 12522 13184 1047 12542 12146 11867 11151 10 6811 
7000 12637 13202 922 12732 12210 12052 10752 6 7809 
7100 11953 13172 910 12737 12190 12084 9954 6 7848 
7200 11608 13213 906 12752 12221 12116 9638 6 7915 
7300 11305 13201 899 12753 12216 12069 9432 3 7925 
7400 11144 13233 897 12785 12259 12126 9427 3 7974 
7500 11025 13236 877 12791 12266 12144 9403 3 7998 
7600 10852 13229 894 12790 12252 12124 9323 3 7996 
7700 10639 13250 893 12820 12266 12136 9161 3 8060 
7800 10525 13225 872 12811 12291 12108 9074 3 8138 
7900 10457 13225 876 12831 12309 12118 9029 3 8188 
8000 10463 13231 873 12849 12329 12130 9023 3 8220 
8100 10924 13249 873 12843 12314 12133 9021 3 8216 
8200 11142 13228 865 12845 12339 12113 9020 3 8237 
8300 11440 13236 862 12847 12351 12130 8951 3 8332 
8400 11536 13233 854 12847 12334 12139 8816 3 8411 
8500 11619 13244 857 12854 12359 12124 8820 3 8433 
8600 11715 13238 852 12858 12373 12139 8803 3 8450 
8700 11706 13234 860 12857 12378 12137 8800 3 8455 
8800 11744 13239 854 12863 12381 12128 8728 3 8465 
8900 11748 13220 850 12847 12392 12115 8637 3 8488 
9000 11722 13224 846 12852 12374 12121 8567 3 8473 
9100 11770 13237 826 12873 12426 12164 8507 3 8535 
9200 11795 13245 708 12904 12456 12295 8322 3 8749 
9300 11692 13238 690 12906 12462 12319 8236 3 8811 
9400 11322 13244 694 12910 12446 12340 8223 3 8796 
9500 11074 13217 688 12894 12447 12300 8212 3 8786 
9600 10867 13231 693 12905 12435 12227 8179 3 8787 
9700 10683 13215 693 12882 12423 11834 8180 3 8782 
9800 10561 13227 706 12905 12432 11678 8179 3 8795 
9900 10437 13232 706 12905 12432 11501 8170 3 8802 
10000 10308 13225 709 12896 12428 11285 8097 3 8806 
