# Avida tasks data
# Fri Apr 14 21:09:37 2023
# First column gives the current update, next columns give the number
# of organisms that have the particular task as a component of their merit
#  1: Update
#  2: Not
#  3: Nand
#  4: And
#  5: OrNot
#  6: Or
#  7: AndNot
#  8: Nor
#  9: Xor
# 10: Equals

0 0 0 0 0 0 0 0 0 0 
100 0 0 0 0 0 0 0 0 0 
200 0 0 0 0 0 0 0 0 0 
300 0 0 0 0 0 0 0 0 0 
400 0 0 0 0 0 0 0 0 0 
500 0 0 0 0 0 0 0 0 0 
600 0 0 0 0 0 0 0 0 0 
700 0 0 0 0 0 0 0 0 0 
800 0 0 0 0 0 0 0 0 0 
900 24 0 0 0 0 0 0 0 0 
1000 141 0 0 0 0 0 0 0 0 
1100 295 0 0 0 0 0 0 0 0 
1200 530 0 0 1 0 0 0 0 0 
1300 962 7 0 7 0 0 0 0 0 
1400 1675 56 0 347 0 2 0 0 0 
1500 2887 108 1 1566 0 8 0 0 0 
1600 4267 157 6 2850 10 348 0 0 0 
1700 5533 181 29 4191 3 2942 6 0 0 
1800 6624 571 40 5411 9 4716 45 0 0 
1900 7592 1447 42 6597 15 6217 246 0 0 
2000 8651 2654 52 7895 21 7608 342 0 0 
2100 9445 3653 59 8950 37 8243 854 0 0 
2200 10203 4416 62 9749 100 8385 1495 0 0 
2300 10739 5312 54 9815 645 8419 2307 0 0 
2400 11333 5628 56 9852 1382 8778 3050 0 0 
2500 11597 5256 59 10134 1831 8846 3855 0 0 
2600 11845 4798 48 10292 2367 8687 4742 0 0 
2700 11930 4224 61 10423 3089 8406 5752 0 0 
2800 12131 3481 78 10794 3772 8052 6887 0 0 
2900 12343 2816 87 11164 4557 7666 7769 0 0 
3000 12539 2222 88 11376 5532 7161 8689 0 0 
3100 12705 1719 110 11497 6155 6816 9478 0 0 
3200 12773 1535 112 11738 6847 6668 10011 0 0 
3300 12812 1263 139 12104 7301 6871 10369 0 0 
3400 12809 1068 134 12286 7841 7251 10502 0 0 
3500 12817 885 130 12343 8353 7831 10604 0 0 
3600 12731 761 105 12455 8802 8349 10562 0 0 
3700 12706 639 105 12450 9183 8938 10567 0 0 
3800 12630 582 83 12511 9602 9502 10609 0 0 
3900 12741 626 74 12478 9978 10075 10606 0 0 
4000 12640 676 82 12546 10302 10811 10741 0 0 
4100 12656 954 81 12449 10418 11239 10647 0 0 
4200 12567 1457 59 12536 10650 11682 10710 0 0 
4300 12742 1996 70 12555 10895 12070 10799 0 0 
4400 12825 2588 77 12507 11095 12261 10822 0 0 
4500 12845 3222 223 12548 11296 12478 10860 0 0 
4600 12876 3954 713 12579 11394 12561 10956 0 0 
4700 12880 4506 1475 12658 11391 12586 10936 0 0 
4800 12823 5256 2440 12564 11294 12578 10827 0 0 
4900 12794 5967 3154 12626 11376 12750 10971 0 0 
5000 12878 6825 4116 12672 11342 12700 10864 0 0 
5100 12898 7523 4929 12570 11280 12747 10892 0 0 
5200 12850 8236 5735 12728 11389 12733 10895 0 0 
5300 12886 8792 6338 12671 11404 12844 11007 0 0 
5400 12913 9371 7077 12684 11379 12847 10922 0 0 
5500 12860 10074 7957 12813 11492 12882 11020 0 0 
5600 12814 10507 8520 12757 11489 12975 11056 0 0 
5700 12890 11017 9267 12782 11520 12963 11133 0 0 
5800 12849 11441 9889 12863 11551 12878 11041 0 0 
5900 12831 11745 10362 12784 11525 13008 11114 0 0 
6000 12771 11965 10774 12820 11457 12921 11015 0 0 
6100 12936 12133 11037 12807 11516 12980 11082 0 0 
6200 12920 12187 11147 12802 11556 12903 11082 0 0 
6300 12863 12145 11143 12808 11468 13001 11035 0 0 
6400 12848 12222 11280 12845 11428 12922 10949 0 0 
6500 12933 12282 11428 12870 11511 12992 11095 0 0 
6600 12905 12241 11298 12826 11506 12880 10991 0 0 
6700 12891 12328 11394 12862 11563 13035 11122 0 0 
6800 12910 12310 11345 12828 11524 13094 11169 0 0 
6900 12870 12279 11327 12829 11500 12931 11030 0 0 
7000 12906 12287 11472 12872 11500 13046 11065 0 0 
7100 12855 12233 11260 12806 11453 12986 11003 0 0 
7200 12861 12183 11317 12815 11453 12991 11090 0 0 
7300 12957 12291 11399 12846 11545 13000 11094 0 0 
7400 12934 12331 11441 12853 11602 13061 11189 0 0 
7500 12854 12277 11376 12958 11561 13043 11152 0 0 
7600 12938 12332 11407 12937 11650 13022 11165 0 0 
7700 12915 12326 11468 12989 11642 13035 11178 0 0 
7800 12974 12319 11379 12885 11627 13049 11175 0 0 
7900 12893 12279 11282 12905 11623 13024 11174 0 0 
8000 12882 12334 11470 12928 11652 13155 11263 0 0 
8100 12854 12278 11455 12988 11602 13023 11153 0 1 
8200 12853 12237 11362 12902 11530 13073 11077 0 0 
8300 12868 12362 11485 12953 11544 13076 11155 0 0 
8400 12885 12382 11433 12912 11579 12994 11138 0 0 
8500 12926 12392 11486 12987 11735 13014 11279 0 0 
8600 13003 12352 11425 12980 11757 13043 11354 0 0 
8700 12868 12441 11412 12947 11622 13127 11254 0 0 
8800 12905 12374 11409 12926 11719 13050 11250 0 0 
8900 12889 12321 11407 12962 11731 13051 11251 0 0 
9000 12909 12405 11403 13032 11710 13120 11326 0 0 
9100 12944 12354 11576 13121 11829 13097 11357 0 0 
9200 12872 12318 11398 13031 11617 12990 11165 0 0 
9300 12952 12318 11426 12928 11594 13062 11222 0 0 
9400 12888 12320 11346 12986 11615 13138 11239 0 0 
9500 12903 12330 11344 13002 11712 13090 11312 0 2 
9600 12970 12376 11466 12991 11746 13012 11304 0 0 
9700 12855 12286 11409 13029 11647 13077 11196 0 0 
9800 12958 12294 11363 13001 11654 13033 11191 0 0 
9900 12920 12323 11470 13056 11681 13020 11180 0 0 
10000 12845 12309 11480 13022 11594 13058 11204 0 0 
