# Avida tasks data
# Fri Apr 14 23:28:29 2023
# First column gives the current update, next columns give the number
# of organisms that have the particular task as a component of their merit
#  1: Update
#  2: Not
#  3: Nand
#  4: And
#  5: OrNot
#  6: Or
#  7: AndNot
#  8: Nor
#  9: Xor
# 10: Equals

0 0 0 0 0 0 0 0 0 0 
100 0 0 0 0 0 0 0 0 0 
200 0 0 0 0 0 0 0 0 0 
300 0 0 0 0 0 0 0 0 0 
400 3 0 0 0 0 0 0 0 0 
500 2 0 0 0 0 0 0 0 0 
600 20 0 0 0 0 0 0 0 0 
700 39 0 0 0 0 0 0 0 0 
800 136 2 0 0 0 0 0 0 0 
900 170 15 0 986 1 0 2 0 0 
1000 1144 292 0 2924 1154 0 0 0 0 
1100 2484 682 0 4972 2718 0 1 0 0 
1200 3717 1691 492 6699 3579 2 55 0 0 
1300 5130 3747 2257 7875 2860 26 104 0 0 
1400 6225 5072 3592 8638 2453 318 111 0 0 
1500 7386 6116 4974 9255 2175 1373 59 0 0 
1600 8258 7026 6261 9916 1991 2468 51 0 0 
1700 9003 7790 7205 10588 1853 3730 49 0 0 
1800 9735 8211 7979 11006 1957 4880 38 0 0 
1900 10318 8227 8748 11279 2390 5946 51 1 0 
2000 10641 7918 9253 11396 3208 6794 35 0 0 
2100 11216 7758 9863 11522 4144 7821 48 5 0 
2200 11515 7359 10423 11628 5284 8723 38 3 0 
2300 11663 7126 10809 11745 6423 9561 32 1 0 
2400 11981 7067 11111 11740 7324 10259 59 3 0 
2500 12191 7035 11435 11765 8212 10807 37 5 0 
2600 12235 6815 11531 11763 8947 11032 31 3 0 
2700 12110 7005 11604 11856 9554 11261 44 14 0 
2800 12169 7120 11809 11937 10011 11501 38 6 0 
2900 12264 7459 11930 12127 10378 11704 25 3 0 
3000 12157 7717 11891 12171 10568 11646 26 4 0 
3100 12303 8023 11925 12237 10884 11836 30 2 0 
3200 12206 8440 11964 12388 11076 11906 36 7 0 
3300 12182 8627 11929 12385 11128 11836 27 8 0 
3400 12155 9039 11997 12479 11181 11874 28 5 0 
3500 12233 9400 12040 12527 11338 11937 19 6 0 
3600 12094 9818 12099 12606 11320 11971 25 15 0 
3700 12103 10105 12040 12714 11361 11990 21 7 0 
3800 11972 10564 11999 12734 11381 11996 26 0 0 
3900 12025 10904 12006 12784 11353 11968 29 5 0 
4000 12157 11176 11945 12830 11260 11921 23 6 0 
4100 12075 11398 12041 12842 11358 11975 27 6 0 
4200 12025 11498 12096 12804 11328 12063 19 6 0 
4300 12026 11847 12149 12967 11497 12145 32 5 0 
4400 11885 12086 12184 13063 11493 12149 17 5 0 
4500 12002 12061 12142 13092 11442 12172 8 2 0 
4600 12046 12132 12118 13103 11442 12089 31 5 0 
4700 12008 12279 12144 13066 11531 12151 21 0 0 
4800 12090 12501 12101 13080 11294 12121 22 5 0 
4900 12213 12553 12181 13097 11443 12252 14 10 0 
5000 12256 12740 12095 13131 11390 12202 27 8 0 
5100 12159 12850 12150 13135 11506 12220 9 3 0 
5200 12199 12850 12131 13219 11595 12227 27 4 0 
5300 12129 12882 12083 13161 11500 12153 17 5 0 
5400 12209 12842 12184 13091 11555 12184 12 7 0 
5500 12144 12929 12196 13120 11601 12281 6 8 0 
5600 12315 12971 12248 13142 11538 12191 22 7 0 
5700 12019 12855 12121 13089 11466 12104 12 3 0 
5800 12304 12929 12100 13119 11456 12134 14 8 0 
5900 12366 12945 12198 13131 11503 12188 18 6 0 
6000 12330 12963 12154 13110 11587 12171 24 11 0 
6100 12472 12988 12085 13084 11483 12192 18 7 0 
6200 12373 12924 12073 12982 11449 12078 29 6 0 
6300 12472 13051 12071 13061 11485 12118 26 9 0 
6400 12272 12973 12075 12948 11383 12059 21 2 0 
6500 12548 13007 12183 12984 11492 12134 15 1 0 
6600 12415 12998 12023 12992 11381 12042 23 4 0 
6700 12289 12954 12009 12928 11386 12004 21 5 0 
6800 12410 12859 12069 13000 11456 12064 17 2 0 
6900 12415 12940 12060 12911 11407 12054 18 3 0 
7000 12396 12965 12052 12984 11409 12026 22 5 0 
7100 12425 12993 12118 12894 11528 12087 9 4 0 
7200 12417 12921 12148 12971 11464 12045 6 2 0 
7300 12447 13006 12125 12873 11525 12072 25 2 0 
7400 12409 13002 12017 12911 11430 12031 16 2 0 
7500 12396 13104 11994 12841 11407 11970 20 9 0 
7600 12362 13108 12168 12894 11461 12106 23 4 1 
7700 12446 13028 11905 12781 11370 11954 23 0 0 
7800 12498 13089 12042 12795 11456 12021 34 1 0 
7900 12438 13046 12004 12799 11343 11968 88 3 0 
8000 12203 12996 12118 12840 11596 12121 171 4 0 
8100 12271 12841 12131 12735 11528 11992 247 7 0 
8200 11865 12667 12139 12805 11510 12085 448 2 0 
8300 11722 12578 12116 12794 11507 12001 740 4 0 
8400 11582 12576 12000 12725 11401 11945 1027 9 0 
8500 11712 12733 12003 12751 11420 12058 1376 6 0 
8600 11746 12786 12095 12724 11416 11996 1956 5 1 
8700 11725 12999 12078 12878 11480 12090 2617 4 4 
8800 11831 12985 12110 12956 11537 12154 3448 4 3 
8900 11721 13068 12090 12941 11539 12069 4343 11 10 
9000 11711 13083 12156 13069 11494 12142 5155 54 58 
9100 11740 12902 12148 13029 11450 12058 5885 124 121 
9200 11600 12939 12197 13131 11354 11974 6606 224 228 
9300 11545 12801 12270 13212 11090 11767 7246 463 461 
9400 11457 12856 12202 13175 10728 11445 7488 747 735 
9500 11458 12852 12256 13241 10652 11370 7852 940 915 
9600 11633 12883 12340 13366 10381 11041 8184 1235 1205 
9700 11570 12727 12284 13321 10068 10764 8298 1500 1474 
9800 11572 12728 12275 13354 9770 10337 8341 1854 1849 
9900 11674 12748 12268 13327 9564 10014 8331 2134 2109 
10000 11586 12611 12371 13272 9381 9678 8245 2553 2485 
