# Avida tasks data
# Fri Apr 14 22:34:21 2023
# First column gives the current update, next columns give the number
# of organisms that have the particular task as a component of their merit
#  1: Update
#  2: Not
#  3: Nand
#  4: And
#  5: OrNot
#  6: Or
#  7: AndNot
#  8: Nor
#  9: Xor
# 10: Equals

0 0 0 0 0 0 0 0 0 0 
100 0 0 0 0 0 0 0 0 0 
200 0 0 0 0 0 0 0 0 0 
300 0 0 0 0 0 0 0 0 0 
400 0 0 0 0 0 0 0 0 0 
500 0 0 0 0 0 0 0 0 0 
600 0 0 0 0 0 0 0 0 0 
700 9 0 0 0 0 0 0 0 0 
800 10 39 0 0 0 0 0 0 0 
900 99 127 0 1 0 0 0 0 0 
1000 286 115 0 241 0 0 0 0 0 
1100 589 1238 0 1761 38 2 0 0 0 
1200 1323 2492 0 3603 503 0 0 0 0 
1300 2652 2348 514 5195 1438 6 0 0 0 
1400 4046 2317 1425 6915 2310 11 0 0 0 
1500 5170 2573 2560 8151 2498 41 0 0 0 
1600 6247 3081 3890 8972 2252 30 0 0 0 
1700 7062 4020 5391 9316 1546 50 0 0 0 
1800 7801 5177 6591 9684 1018 73 0 0 0 
1900 8301 6258 7686 10161 645 68 2 0 0 
2000 8765 7242 8400 10461 468 97 0 0 0 
2100 9307 8260 9110 10771 386 93 0 0 0 
2200 9674 9124 9705 11167 318 109 0 0 0 
2300 10029 9730 10248 11365 233 86 1 0 0 
2400 10371 10252 10793 11688 177 106 4 0 0 
2500 10653 10789 11137 11874 127 125 0 0 0 
2600 11079 11348 11526 12166 91 120 0 0 0 
2700 11356 11582 11588 12253 85 136 0 0 0 
2800 11705 12040 11940 12512 61 144 0 0 0 
2900 11835 12350 12041 12565 34 133 0 0 0 
3000 12120 12607 12230 12733 33 135 0 0 0 
3100 12257 12713 12285 12781 27 179 0 0 0 
3200 12322 12921 12292 12780 21 316 0 0 0 
3300 12481 12849 12208 12772 18 606 0 0 0 
3400 12485 12906 12361 12820 21 1223 0 0 0 
3500 12529 12982 12386 12920 23 2113 0 0 0 
3600 12550 12985 12331 12835 13 3158 1 0 0 
3700 12343 12864 12186 12727 15 4547 13 0 0 
3800 12392 12825 12249 12802 21 4789 837 0 0 
3900 12534 12866 12307 12784 19 4398 2042 0 0 
4000 12782 12929 12337 12852 19 3680 3437 0 0 
4100 12989 13022 12425 12948 19 3166 4793 0 0 
4200 13074 12943 12481 12961 717 2876 5947 0 0 
4300 13138 12995 12604 13075 2072 2621 7027 0 0 
4400 13279 13096 12628 13062 3432 2278 8013 0 0 
4500 13409 13062 12646 13162 4863 1836 8840 0 0 
4600 13474 13160 12768 13227 6264 1405 9533 0 0 
