# Avida tasks data
# Fri Apr 14 21:26:56 2023
# First column gives the current update, next columns give the number
# of organisms that have the particular task as a component of their merit
#  1: Update
#  2: Not
#  3: Nand
#  4: And
#  5: OrNot
#  6: Or
#  7: AndNot
#  8: Nor
#  9: Xor
# 10: Equals

0 0 0 0 0 0 0 0 0 0 
100 0 0 0 0 0 0 0 0 0 
200 0 0 0 0 0 0 0 0 0 
300 2 0 0 0 0 0 0 0 0 
400 0 0 0 0 0 0 0 0 0 
500 1 0 0 0 0 0 0 0 0 
600 8 0 0 0 0 0 0 0 0 
700 38 0 0 0 0 0 0 0 0 
800 84 0 0 0 0 0 0 0 0 
900 264 21 0 0 0 0 0 0 0 
1000 725 213 0 58 0 0 0 0 0 
1100 1028 620 0 231 0 0 0 0 0 
1200 1828 732 0 697 0 14 0 0 0 
1300 2407 820 13 1463 205 97 0 0 0 
1400 2462 898 0 2830 1302 125 0 0 0 
1500 2797 1048 5 4133 2705 129 0 0 0 
1600 3613 1133 1 5231 3969 100 0 0 0 
1700 4556 1246 3 6230 5153 92 0 0 0 
1800 5395 1360 4 7085 6112 78 0 0 0 
1900 6156 1604 1 7931 7004 71 0 0 0 
2000 6673 1990 0 8507 7678 60 0 0 0 
2100 7300 2870 3 9104 8228 49 135 0 0 
2200 7690 3934 4 9353 8560 48 1264 0 0 
2300 8372 4483 10 9746 8865 953 3082 0 0 
2400 9370 4017 26 10378 9612 2829 4518 0 0 
2500 10023 3276 35 10612 10009 4351 5640 0 0 
2600 10564 2739 34 11053 10429 5968 6932 0 0 
2700 10915 2158 31 11196 10539 7244 7769 0 0 
2800 11165 1921 67 11362 10707 8141 8548 0 0 
2900 11503 1751 78 11581 10960 8986 9168 0 0 
3000 11707 1653 89 11627 10976 9487 9540 0 0 
3100 12025 1802 71 11660 11028 10003 9957 0 0 
3200 12396 1896 74 11949 11317 10650 10427 0 0 
3300 12731 2115 68 12076 11428 11000 10752 0 0 
3400 12817 2325 79 12162 11607 11220 10989 0 0 
3500 12941 2608 82 12139 11475 11332 10987 0 0 
3600 13000 2922 101 12131 11448 11427 11040 0 0 
3700 13005 3158 77 12193 11495 11417 11090 0 0 
3800 13030 3415 87 12152 11449 11378 11129 0 0 
3900 13037 3858 87 12172 11519 11467 11158 0 0 
4000 13161 4203 101 12265 11605 11638 11329 0 0 
4100 13043 4499 109 12179 11570 11566 11325 0 0 
4200 13137 4873 218 12345 11720 11647 11469 0 0 
4300 13091 5463 489 12245 11518 11644 11285 0 0 
4400 13023 6199 925 12294 11557 11656 11346 0 0 
4500 13017 6753 1475 12304 11436 11532 11182 0 0 
4600 13113 7322 2110 12400 11561 11618 11341 0 0 
4700 13119 8017 2725 12492 11565 11574 11315 0 0 
4800 13169 8642 3518 12592 11569 11546 11354 0 0 
4900 13160 9117 4298 12637 11609 11600 11396 0 0 
5000 13171 9565 4971 12750 11568 11559 11357 0 0 
5100 13146 10059 5733 12833 11536 11575 11264 0 0 
5200 13025 10349 6436 12904 11504 11572 11270 0 0 
5300 13146 10865 7366 13054 11642 11685 11396 0 0 
5400 13187 11226 8175 13073 11549 11601 11244 0 0 
5500 13249 11501 8975 13181 11579 11669 11283 0 0 
5600 13252 11700 9665 13252 11580 11641 11324 0 0 
5700 13156 11662 10019 13289 11485 11613 11278 0 0 
5800 13247 11854 10391 13349 11656 11714 11391 3 0 
5900 13233 11788 10715 13356 11583 11574 11271 0 0 
6000 13248 11929 10959 13415 11665 11705 11381 0 0 
6100 13263 11822 10991 13384 11599 11634 11314 0 0 
6200 13245 11857 11028 13399 11646 11684 11370 0 0 
6300 13307 11983 11231 13451 11686 11789 11403 0 0 
6400 13182 11980 11191 13443 11686 11772 11426 0 0 
6500 13272 11960 11192 13413 11561 11725 11295 0 0 
6600 13314 12007 11169 13464 11707 11863 11432 0 0 
6700 13261 12034 11118 13458 11578 11813 11277 0 0 
6800 13207 12001 11125 13445 11677 11830 11404 0 1 
6900 13249 11913 11162 13459 11586 11811 11310 0 0 
7000 13255 12004 11333 13441 11654 11817 11360 0 0 
7100 13269 12077 11226 13430 11692 11835 11358 0 0 
7200 13239 11959 11250 13455 11729 11801 11416 0 1 
7300 13313 12130 11346 13456 11728 11906 11372 0 0 
7400 13260 12147 11379 13514 11818 11961 11473 0 0 
7500 13226 12076 11314 13468 11767 11887 11426 0 0 
7600 13254 12229 11231 13545 11802 12036 11481 0 2 
7700 13159 12272 11132 13506 11731 12026 11386 0 0 
7800 13225 12220 11280 13508 11756 11949 11467 0 0 
7900 13241 12236 11180 13509 11688 12030 11414 0 0 
8000 13311 12277 11332 13528 11854 12042 11553 0 0 
8100 13262 12369 11352 13566 11888 12118 11557 0 0 
8200 13247 12218 11246 13502 11779 12003 11421 0 1 
8300 13200 12247 11267 13483 11778 12065 11475 0 0 
8400 13254 12363 11362 13552 11778 12127 11490 0 0 
8500 13264 12342 11387 13606 11889 12089 11572 0 0 
8600 13283 12417 11460 13507 11836 12147 11497 0 0 
8700 13228 12427 11377 13597 11887 12222 11535 0 0 
8800 13318 12453 11378 13593 11826 12185 11538 0 0 
8900 13258 12386 11451 13532 11875 12154 11516 0 2 
9000 13227 12464 11447 13563 11941 12182 11595 0 0 
9100 13319 12538 11512 13592 11905 12280 11633 0 0 
9200 13237 12377 11438 13563 11866 12102 11516 0 0 
9300 13289 12414 11509 13568 11846 12213 11573 0 0 
9400 13323 12459 11501 13589 11929 12228 11616 0 0 
9500 13181 12517 11422 13584 11901 12286 11592 0 0 
9600 13241 12516 11448 13581 11889 12236 11490 0 1 
9700 13266 12494 11302 13570 11794 12221 11482 1 0 
9800 13230 12510 11387 13587 11839 12242 11530 0 0 
9900 13247 12506 11375 13575 11772 12209 11442 0 0 
10000 13283 12527 11313 13602 11781 12291 11540 0 0 
