# Avida tasks data
# Fri Apr 14 21:50:58 2023
# First column gives the current update, next columns give the number
# of organisms that have the particular task as a component of their merit
#  1: Update
#  2: Not
#  3: Nand
#  4: And
#  5: OrNot
#  6: Or
#  7: AndNot
#  8: Nor
#  9: Xor
# 10: Equals

0 0 0 0 0 0 0 0 0 0 
100 0 0 0 0 0 0 0 0 0 
200 0 0 0 0 0 0 0 0 0 
300 0 0 0 0 0 0 0 0 0 
400 0 0 0 0 0 0 0 0 0 
500 2 0 0 0 0 0 0 0 0 
600 85 0 0 0 0 0 0 0 0 
700 298 32 0 0 0 0 0 0 0 
800 984 229 0 37 0 0 0 0 0 
900 1557 307 0 522 717 0 0 0 0 
1000 2063 417 2 1266 2674 6 0 0 0 
1100 3288 561 3 2921 4244 9 0 0 0 
1200 4858 2173 16 4772 5882 1751 0 0 0 
1300 6475 4249 37 6275 7126 4237 2 0 0 
1400 7756 5871 32 7482 7982 6072 6 0 0 
1500 8902 7329 30 8741 8909 7632 36 0 0 
1600 9204 8707 29 9839 9652 9228 613 0 0 
1700 9208 9504 28 10366 10084 10209 1550 0 0 
1800 9527 10006 58 10736 10346 10825 2557 0 0 
1900 9822 10379 54 10944 10541 11215 3502 5 0 
2000 9761 10548 48 10877 10543 11535 4357 1382 0 
2100 9925 10832 56 11024 10560 11681 5183 2911 0 
2200 10152 10945 48 11124 10682 12020 5826 3916 0 
2300 10387 11164 48 11214 10788 12233 6732 5025 0 
2400 10850 11426 47 11437 10950 12494 7779 6271 1 
2500 11149 11346 55 11284 10837 12533 8402 7075 0 
2600 11436 11744 64 11471 11087 12753 9274 8054 1 
2700 11598 11896 64 11489 11054 12870 9915 8745 0 
2800 11875 11859 82 11395 10927 12928 10173 9099 16 
2900 12029 11951 86 11562 10990 12980 10461 9459 25 
3000 12240 11856 85 11487 10984 12959 10687 9692 46 
3100 12222 11750 80 11393 10874 12905 10888 9809 69 
3200 12369 11822 132 11442 10902 12916 11018 9905 113 
3300 12153 11571 276 11508 10871 12916 11094 9881 225 
3400 11795 11178 763 11461 10978 12882 11232 9591 634 
3500 10992 10499 1287 11503 10997 12673 11312 9069 1137 
3600 10420 9881 1891 11535 10916 12524 11400 8335 1664 
3700 10147 8989 2753 11600 11067 12458 11495 7621 2469 
3800 10117 8034 3465 11639 10987 12267 11589 6847 3201 
3900 10048 7056 4357 11688 11120 12167 11747 5996 4076 
4000 10119 6245 4972 11728 11049 11881 11827 5307 4633 
4100 10434 5516 5791 11809 11162 11913 11965 4658 5324 
4200 10713 4735 6272 11766 10970 11613 11985 3941 5821 
4300 11118 4145 6860 11838 11076 11540 12121 3380 6384 
4400 11325 3428 7555 12061 11250 11486 12218 2878 7072 
4500 11442 2621 8200 12031 11140 11329 12300 2164 7668 
4600 11553 2108 8447 12033 11225 11328 12308 1688 8155 
4700 11574 1809 8004 12058 11215 11239 12263 1434 8462 
4800 11693 1658 7588 12047 11115 11144 12309 1277 8507 
4900 11857 1533 7164 12076 11171 11138 12418 1179 8684 
5000 11863 1454 6656 12061 11071 11115 12359 1088 8706 
5100 12010 1347 6098 12160 11133 11125 12417 990 8877 
5200 12139 1271 5556 12099 11124 11052 12294 934 8860 
5300 12248 1206 5140 12146 11207 11089 12463 890 8891 
5400 12398 1184 4613 12106 11017 10913 12331 832 8881 
5500 12559 1094 4027 12051 11042 10872 12416 778 8921 
5600 12303 1076 4259 12103 11085 10507 12468 763 9005 
5700 11876 1073 4819 12118 11068 10054 12451 763 9005 
5800 11762 1077 5136 12100 11050 9838 12450 763 8979 
5900 11700 1077 5534 12119 11074 9485 12441 764 9035 
6000 11404 1051 5899 12081 11120 9116 12460 747 9047 
6100 11328 1062 5810 12056 11088 9115 12437 747 8998 
6200 11224 1061 5841 12052 11098 9114 12416 747 9005 
6300 11191 1050 5829 12006 11091 9097 12401 747 8993 
6400 11130 1051 5831 11962 11100 9076 12398 747 8991 
6500 10957 1054 5960 12006 11104 9007 12408 748 8980 
6600 10676 1051 6189 12038 11145 8799 12378 748 9039 
6700 10498 1045 6303 11967 11126 8658 12358 748 8980 
6800 10386 1050 6375 11979 11133 8588 12336 748 9012 
6900 10148 1074 6579 11954 11130 8362 12295 748 8991 
7000 9988 1047 6749 11962 11140 8237 12336 748 9005 
7100 9801 1042 6951 12002 11191 8081 12371 748 9051 
7200 9734 1041 7026 11961 11170 7988 12358 748 9006 
7300 9679 1041 7089 11956 11174 7971 12366 748 9037 
7400 9557 1032 7206 11955 11202 7848 12362 749 9045 
7500 9374 1030 7353 11940 11195 7679 12345 748 9056 
7600 9264 1025 7515 11963 11189 7623 12395 744 9036 
7700 9180 1020 7560 11962 11184 7533 12367 740 9066 
7800 9141 1007 7652 11969 11229 7449 12417 733 9117 
7900 8996 994 7771 11938 11243 7356 12396 720 9088 
8000 8850 985 7898 11950 11278 7243 12408 712 9130 
8100 8817 986 7859 11905 11257 7245 12394 715 9109 
8200 8809 987 7851 11866 11283 7231 12395 712 9097 
8300 8798 991 7843 11893 11305 7213 12386 712 9108 
8400 8809 1002 7838 11891 11280 7218 12372 712 9093 
8500 8805 1011 7832 11892 11281 7207 12372 712 9093 
8600 8841 1026 7828 11884 11283 7193 12365 712 9097 
8700 8816 1015 7838 11859 11317 7169 12381 712 9132 
8800 8784 1023 7858 11883 11313 7179 12379 712 9132 
8900 8783 1035 7859 11895 11335 7177 12380 712 9164 
9000 8793 1036 7869 11888 11284 7166 12367 712 9135 
9100 8728 1032 7912 11894 11316 7128 12370 712 9175 
9200 8672 1022 7973 11948 11335 7099 12406 715 9187 
9300 8676 1026 7983 11933 11325 7080 12385 713 9212 
9400 8613 1067 7999 11926 11352 7061 12412 712 9229 
9500 8602 1049 8038 11971 11380 7045 12437 713 9266 
9600 8607 1041 8049 11984 11364 7045 12443 712 9287 
9700 8571 1055 8062 11995 11344 7044 12448 712 9267 
9800 8600 1051 8079 12014 11346 7039 12461 713 9286 
9900 8593 1064 7997 11957 11356 7041 12398 712 9279 
10000 8603 1062 8051 11962 11278 7031 12407 712 9238 
