# Avida tasks data
# Fri Apr 14 17:44:27 2023
# First column gives the current update, next columns give the number
# of organisms that have the particular task as a component of their merit
#  1: Update
#  2: Not
#  3: Nand
#  4: And
#  5: OrNot
#  6: Or
#  7: AndNot
#  8: Nor
#  9: Xor
# 10: Equals

0 0 0 0 0 0 0 0 0 0 
100 0 0 0 0 0 0 0 0 0 
200 0 0 0 0 0 0 0 0 0 
300 0 0 0 0 0 0 0 0 0 
400 0 0 0 0 0 0 0 0 0 
500 0 0 0 2 0 0 0 0 0 
600 2 0 0 0 0 0 0 0 0 
700 24 6 0 0 0 0 0 0 0 
800 60 22 0 0 0 0 0 0 0 
900 81 156 3 103 0 0 0 0 0 
1000 168 668 68 944 0 0 0 0 0 
1100 724 1594 574 2232 0 26 0 0 0 
1200 935 3285 522 3489 0 1286 795 0 0 
1300 1139 4731 278 5111 1 2865 2627 0 1 
1400 1607 6373 187 6502 297 4423 4401 0 0 
1500 1486 7421 184 7365 1853 5616 5640 0 0 
1600 1270 8396 171 8134 3467 6646 6642 0 0 
1700 1602 9162 197 8707 4814 7250 7298 0 0 
1800 2182 9940 198 9335 5870 7945 7910 0 0 
1900 3049 10583 144 9820 6946 8515 8556 0 6 
2000 4087 11091 202 10312 7863 8851 8816 0 1 
2100 5021 11544 191 10519 8617 9239 9273 0 1 
2200 5805 11786 227 10769 9343 9361 9339 0 3 
2300 6614 12231 212 11216 10215 9743 9653 0 0 
2400 7448 12521 204 11377 10813 10031 9962 0 0 
2500 8276 12800 197 11643 11343 10222 10187 0 0 
2600 9198 13012 233 11870 11568 10419 10328 0 0 
2700 9830 13101 185 11993 11906 10448 10330 0 1 
2800 10551 13143 195 12134 12110 10584 10447 0 7 
2900 11000 13214 211 12052 12133 10520 10420 0 5 
3000 11440 13319 205 12066 12254 10653 10481 0 6 
3100 11665 13306 215 12173 12256 10561 10476 0 0 
3200 11921 13266 206 12094 12299 10567 10433 2 1 
3300 12101 13273 198 12133 12265 10621 10460 0 0 
3400 12215 13317 213 12194 12357 10662 10542 0 2 
3500 12467 13370 206 12241 12376 10785 10707 0 1 
3600 12507 13274 200 12077 12205 10554 10461 0 1 
3700 12646 13390 225 12302 12354 10815 10623 0 3 
3800 12523 13333 203 12120 12287 10576 10469 0 0 
3900 12774 13327 220 12157 12383 10788 10660 0 2 
4000 12767 13270 207 12135 12351 10684 10530 0 0 
4100 12714 13365 207 12169 12358 10871 10731 0 0 
4200 12655 13297 223 12133 12353 10810 10639 0 0 
4300 12734 13313 240 12185 12257 10648 10555 0 0 
4400 12826 13355 229 12269 12304 10723 10537 0 0 
4500 12802 13283 213 12116 12278 10834 10617 0 1 
4600 12878 13290 214 12195 12288 10726 10644 0 0 
4700 12845 13307 210 12345 12425 10869 10794 0 1 
4800 12761 13219 195 12289 12301 10884 10704 0 0 
4900 12716 13308 201 12247 12377 10921 10728 0 2 
5000 12693 13320 193 12248 12389 10984 10809 0 0 
5100 12752 13336 221 12245 12313 10945 10765 0 2 
5200 12752 13351 215 12323 12435 10928 10750 2 2 
5300 12678 13348 212 12321 12383 11004 10779 0 0 
5400 12633 13301 239 12357 12340 10952 10797 0 0 
5500 12610 13332 208 12291 12346 11027 10815 0 2 
5600 12594 13310 233 12242 12347 10916 10808 0 1 
5700 12583 13295 192 12373 12374 10947 10801 0 0 
5800 12579 13388 209 12230 12391 10906 10812 0 1 
5900 12521 13299 208 12333 12317 11069 10903 0 21 
6000 12691 13314 212 12388 12274 11059 10887 0 73 
6100 12559 13327 208 12392 12200 11109 10914 2 193 
6200 12741 13383 231 12502 12133 11272 11110 1 311 
6300 12735 13340 501 12530 12200 11310 11073 3 258 
6400 12663 13312 926 12355 12073 11033 10847 3 207 
6500 12612 13358 1457 12433 12230 11265 11161 0 200 
6600 12684 13279 2099 12365 12203 11167 10953 0 135 
6700 12510 13300 2759 12468 12299 11392 11117 0 98 
6800 12623 13332 3488 12407 12210 11376 11018 0 100 
6900 12729 13288 4244 12472 12334 11474 11155 0 71 
7000 12584 13298 5010 12422 12414 11412 11084 0 59 
7100 12554 13321 5641 12376 12365 11484 11076 1 74 
7200 12712 13301 6416 12368 12272 11439 11015 0 87 
7300 12767 13336 7390 12459 12366 11495 11062 0 56 
7400 12794 13217 7911 12314 12259 11470 11096 1 384 
7500 12785 13288 7710 12350 12382 11663 11128 0 1233 
7600 12697 13135 7215 12263 12213 11428 10956 6 1942 
7700 12755 13117 6693 12265 12199 11400 10893 15 2735 
7800 12807 13151 5935 12346 12259 11454 10969 18 3930 
7900 12780 13139 5341 12278 12156 11345 10974 22 4947 
8000 12935 13226 4687 12287 12224 11424 11046 32 6025 
8100 12789 13106 3881 12223 12148 11322 10901 32 6910 
8200 12903 13087 3233 12216 12251 11402 10953 40 7767 
8300 12956 12978 2622 12272 12230 11329 10822 26 8411 
8400 13040 13123 2123 12196 12164 11297 10900 30 9092 
8500 13084 13218 1725 12332 12268 11484 11065 35 9596 
8600 12976 13075 1425 12191 12113 11273 10887 37 9761 
8700 12977 13073 1425 12187 12112 11270 10884 37 9759 
8800 13019 13085 1233 12121 12196 11276 10926 44 10004 
8900 13047 13165 968 12273 12196 11289 10922 43 10303 
9000 13033 13048 870 12219 12146 11269 10862 40 10365 
9100 12961 13121 702 12285 12176 11356 10923 55 10531 
9200 12952 13127 704 12282 12172 11357 10930 55 10518 
9300 12958 13125 702 12290 12168 11370 10925 55 10521 
9400 12955 13125 702 12291 12166 11372 10921 54 10531 
9500 12988 13049 517 12222 12155 11368 10928 44 10705 
9600 13043 13118 346 12259 12189 11287 10923 48 10895 
9700 13115 13170 313 12202 12143 11365 10976 41 10925 
9800 13089 13119 265 12283 12212 11324 10957 38 11049 
9900 13089 13119 263 12284 12211 11323 10956 38 11050 
10000 13089 13119 263 12284 12211 11323 10956 38 11050 
