# Avida tasks data
# Sat Apr 15 03:32:04 2023
# First column gives the current update, next columns give the number
# of organisms that have the particular task as a component of their merit
#  1: Update
#  2: Not
#  3: Nand
#  4: And
#  5: OrNot
#  6: Or
#  7: AndNot
#  8: Nor
#  9: Xor
# 10: Equals

0 0 0 0 0 0 0 0 0 0 
100 0 0 0 0 0 0 0 0 0 
200 0 0 0 0 0 0 0 0 0 
300 0 0 0 0 0 0 0 0 0 
400 0 0 0 0 0 0 0 0 0 
500 0 0 0 0 0 0 0 0 0 
600 1 0 0 0 0 0 0 0 0 
700 1478 137 0 0 0 0 0 0 0 
800 2705 604 0 4 0 0 0 0 0 
900 3664 1138 0 3 0 107 0 0 0 
1000 4928 2231 1 11 0 455 0 0 0 
1100 6892 4901 13 18 0 948 0 0 0 
1200 9324 7427 25 197 0 3069 0 0 0 
1300 10346 8619 46 714 0 4712 2 0 0 
1400 11021 9554 28 1681 0 6197 0 0 0 
1500 11538 10235 48 3031 0 7657 4 0 0 
1600 11969 10790 48 4076 2 8827 6 0 3 
1700 12269 11262 51 5060 2 9820 5 0 0 
1800 12571 11592 64 5936 1 10489 11 0 0 
1900 12744 11954 51 6854 1 11068 4 0 0 
2000 12844 12294 66 7610 1 11488 13 0 0 
2100 12915 12485 88 8318 1 11750 5 0 0 
2200 12997 12717 194 8842 133 11966 6 0 0 
2300 13023 12771 248 9306 731 12065 12 0 0 
2400 12993 12835 361 9599 1468 12147 18 0 0 
2500 12968 12905 424 10041 2304 12329 106 0 0 
2600 12996 12829 501 10355 2802 12196 458 0 0 
2700 12918 12847 554 10850 3000 12235 1048 0 27 
2800 12473 12914 552 11280 3167 12281 1745 3 345 
2900 12247 12876 516 11458 3051 11428 2607 4 1303 
3000 12005 12903 328 11544 2963 9807 3642 4 2822 
3100 12099 12937 315 11570 2853 10150 4093 7 3389 
