# Avida tasks data
# Sat Apr 15 08:59:25 2023
# First column gives the current update, next columns give the number
# of organisms that have the particular task as a component of their merit
#  1: Update
#  2: Not
#  3: Nand
#  4: And
#  5: OrNot
#  6: Or
#  7: AndNot
#  8: Nor
#  9: Xor
# 10: Equals

0 0 0 0 0 0 0 0 0 0 
100 0 0 0 0 0 0 0 0 0 
200 0 0 0 0 0 0 0 0 0 
300 0 0 0 0 0 0 0 0 0 
400 0 0 0 0 0 0 0 0 0 
500 0 0 0 0 0 0 0 0 0 
600 0 0 0 0 0 0 0 0 0 
700 0 0 0 4 0 0 0 0 0 
800 24 0 0 49 0 0 0 0 0 
900 357 633 0 221 0 0 0 0 0 
1000 864 2515 0 1398 7 0 0 0 0 
1100 948 3076 12 1827 0 375 0 0 0 
1200 1056 3119 2 1505 0 617 0 0 0 
1300 1680 3528 4 1476 0 1021 535 0 0 
1400 2472 4199 13 1503 1 1664 1333 0 0 
1500 2850 4379 16 1386 2 1959 1800 0 0 
1600 3253 4395 17 1051 1 2363 2246 0 0 
1700 3574 4583 23 994 1 2715 2537 0 0 
1800 3765 4785 32 972 1 2924 2748 0 0 
1900 3775 4804 25 934 3 2952 2748 0 0 
2000 3806 4857 21 907 2 3008 2789 0 0 
2100 4031 5104 20 884 2 3258 3040 0 0 
