# Avida tasks data
# Sat Apr 15 08:00:28 2023
# First column gives the current update, next columns give the number
# of organisms that have the particular task as a component of their merit
#  1: Update
#  2: Not
#  3: Nand
#  4: And
#  5: OrNot
#  6: Or
#  7: AndNot
#  8: Nor
#  9: Xor
# 10: Equals

0 0 0 0 0 0 0 0 0 0 
100 0 0 0 0 0 0 0 0 0 
200 0 0 0 0 0 0 0 0 0 
300 0 0 0 0 0 0 0 0 0 
400 0 0 0 0 0 0 0 0 0 
500 0 2 0 0 0 0 0 0 0 
600 0 11 0 0 0 0 0 0 0 
700 1 63 0 0 0 0 0 0 0 
800 14 152 0 3 0 0 0 0 0 
900 15 985 0 878 0 0 0 0 0 
1000 922 2932 0 3404 482 0 2 0 0 
1100 2228 2498 0 5314 2827 0 1 0 0 
1200 3290 1901 0 6775 4961 16 824 0 0 
1300 3743 1418 0 7629 6227 786 1201 0 0 
1400 4175 1086 0 8334 7208 2071 956 0 0 
1500 4933 847 0 8737 7891 3245 855 0 0 
1600 5842 738 0 9207 8378 4369 811 0 0 
1700 6769 687 0 9645 8785 5455 778 0 0 
1800 7539 636 0 10109 9291 6506 697 0 0 
1900 8557 620 0 10677 9726 7251 641 1 0 
2000 9279 663 1 11054 10237 8093 520 0 0 
2100 9943 859 61 11316 10515 8653 469 0 0 
2200 10430 785 1806 11471 10721 9056 459 0 1 
2300 10937 644 3331 11558 10778 9324 452 0 0 
2400 11113 462 4644 11539 10862 9553 385 0 0 
2500 11583 359 6169 11780 11104 9964 344 0 0 
2600 11959 411 7303 12036 11419 10261 341 0 0 
2700 12257 665 8337 12158 11507 10454 292 0 3 
2800 12531 888 9261 12421 11849 10856 225 0 1 
2900 12719 1214 9782 12506 11876 10935 208 0 3 
3000 12783 1663 10093 12447 11805 10901 167 0 0 
3100 12842 2112 10218 12402 11700 10869 141 0 5 
3200 12958 2738 10500 12380 11722 11003 115 0 0 
3300 12903 3454 10505 12353 11673 10889 116 0 5 
3400 12819 4429 10638 12381 11727 10958 101 0 2 
3500 12824 5365 10758 12546 11845 11082 124 0 1 
3600 12850 6457 10775 12493 11803 11069 116 0 1 
3700 12833 7399 10744 12509 11809 11063 124 0 4 
3800 12805 8273 10697 12444 11775 11053 112 0 4 
3900 12916 8893 10796 12441 11850 11113 119 0 3 
4000 12816 9703 10665 12432 11771 11020 104 0 1 
4100 12933 10358 10747 12484 11835 11059 110 0 1 
4200 12945 10766 10688 12479 11755 11041 115 0 5 
4300 12937 11176 10780 12505 11818 11147 91 0 1 
4400 12902 11615 10723 12471 11811 11133 93 0 2 
4500 12855 12077 10657 12411 11759 11004 78 0 2 
4600 12961 12441 10785 12553 11852 11164 84 0 4 
4700 12913 12716 10788 12531 11925 11153 93 0 2 
4800 12996 12883 10654 12501 11788 11064 93 0 1 
4900 12978 13075 10855 12587 11902 11169 125 0 1 
5000 12992 13173 10865 12587 11913 11160 92 0 5 
5100 13137 13230 11041 12705 12096 11423 84 0 3 
5200 13058 13167 10849 12501 11915 11197 92 0 3 
5300 13056 13065 10849 12542 11860 11217 83 0 4 
5400 13096 13124 10824 12609 11942 11193 100 0 1 
5500 13125 13125 10845 12677 12001 11265 96 0 4 
5600 13032 13150 11000 12645 11999 11321 88 0 3 
5700 13048 13124 10869 12591 11851 11189 106 0 0 
5800 13092 13177 10873 12550 11925 11199 108 0 2 
5900 13180 13150 11015 12706 12007 11344 97 0 3 
6000 13085 13114 11005 12642 12011 11293 103 0 0 
6100 13125 13172 11046 12720 12071 11385 100 0 4 
6200 13093 13080 10975 12657 12005 11319 91 0 3 
6300 13209 13129 10962 12658 12034 11342 88 0 1 
6400 13191 13084 10991 12646 12012 11291 107 0 3 
6500 13283 13231 11069 12710 11985 11325 107 0 0 
6600 13135 13210 11026 12629 12002 11342 82 0 0 
6700 13079 13070 11053 12636 12004 11352 109 0 3 
6800 13205 13151 11011 12643 11998 11367 94 0 0 
6900 13273 13232 11025 12668 12046 11386 105 0 0 
7000 13188 13141 11074 12649 12041 11361 91 0 0 
7100 13160 13041 11110 12705 12100 11418 97 0 0 
7200 13215 13112 11091 12751 12133 11375 103 0 1 
7300 13270 13032 11219 12722 12177 11541 77 0 0 
7400 13265 13101 11229 12790 12194 11548 92 0 0 
7500 13228 13100 11265 12813 12251 11497 82 0 0 
7600 13239 13083 11305 12855 12261 11611 101 0 1 
7700 13375 13226 11281 12823 12214 11595 93 0 0 
7800 13359 13233 11304 12794 12221 11641 72 0 0 
7900 13303 13196 11247 12729 12188 11502 100 0 0 
8000 13331 13161 11371 12863 12316 11619 87 0 0 
8100 13328 13233 11318 12839 12276 11641 93 0 0 
8200 13295 13207 11278 12775 12225 11553 99 0 2 
8300 13223 13069 11391 12875 12324 11665 292 0 1 
8400 13233 13108 11271 12724 12157 11554 938 0 0 
8500 13276 13180 11247 12810 12156 11497 2064 0 3 
8600 13273 13149 11301 12820 12253 11583 3065 0 0 
8700 13197 13176 11377 12801 12275 11626 4164 0 1 
8800 13204 13132 11439 12813 12280 11682 5278 0 0 
8900 13209 13184 11417 12852 12223 11644 6384 0 0 
9000 13154 13050 11452 12818 12249 11688 7387 2 0 
9100 13163 13008 11502 12929 12357 11692 8452 0 0 
9200 13137 12898 11497 12883 12324 11714 9264 0 0 
9300 13239 12933 11684 12990 12446 11810 10066 0 0 
9400 13273 12959 11617 12947 12416 11784 10507 0 0 
9500 13195 13064 11560 12914 12302 11735 10834 0 1 
9600 13113 12944 11611 12939 12376 11719 11017 1 0 
9700 13122 12955 11582 12885 12302 11718 11196 0 11 
9800 13123 12875 11580 12867 12310 11776 10593 0 665 
9900 13179 12519 10699 13088 12413 11802 10077 0 2181 
10000 13142 12733 11112 13112 12427 11832 9405 1 2669 
