# Avida tasks data
# Sat Apr 15 08:42:33 2023
# First column gives the current update, next columns give the number
# of organisms that have the particular task as a component of their merit
#  1: Update
#  2: Not
#  3: Nand
#  4: And
#  5: OrNot
#  6: Or
#  7: AndNot
#  8: Nor
#  9: Xor
# 10: Equals

0 0 0 0 0 0 0 0 0 0 
100 0 0 0 0 0 0 0 0 0 
200 0 0 0 0 0 0 0 0 0 
300 0 0 0 0 0 0 0 0 0 
400 0 0 0 0 0 0 0 0 0 
500 0 0 0 0 0 0 0 0 0 
600 7 0 0 0 0 0 0 0 0 
700 311 0 0 0 0 0 0 0 0 
800 1449 10 0 1 0 0 0 0 0 
900 3049 56 0 0 0 0 0 0 0 
1000 4815 190 0 4 0 0 0 0 0 
1100 6645 801 0 20 0 0 0 0 0 
1200 7901 2970 9 58 1 30 0 0 0 
1300 8821 5226 15 157 2 1951 3 0 0 
1400 9613 7145 35 145 0 4507 20 0 0 
1500 10384 8882 43 355 0 6778 7 0 0 
1600 11263 10511 50 1207 396 8726 19 0 0 
1700 11812 11341 72 2989 2541 9705 16 0 0 
1800 12397 12105 85 5166 4945 10780 15 0 0 
1900 12873 12733 77 7357 7159 11705 23 0 0 
2000 13177 12983 96 9176 8987 12278 1088 0 0 
2100 13318 13030 91 10017 9772 12470 3905 0 0 
2200 13395 13057 100 10663 10495 12715 6014 0 0 
2300 13460 13148 124 11529 11308 12850 8080 0 0 
2400 13606 13225 143 12341 12148 13023 9694 0 0 
2500 13689 13266 127 12781 12567 13136 10743 0 0 
2600 13787 13355 117 13062 12827 13316 11532 0 0 
2700 13920 13476 128 13352 13137 13440 12096 0 0 
2800 13923 13540 195 13264 13118 13521 12363 0 0 
2900 13964 13495 252 13337 13186 13527 12286 0 0 
3000 13909 13471 380 13340 13226 13476 12318 0 0 
3100 13920 13450 506 13331 13158 13464 12338 0 0 
3200 13929 13471 744 13281 13156 13499 12372 0 0 
3300 13942 13496 939 13322 13237 13512 12332 0 0 
3400 13968 13472 1129 13367 13273 13460 12340 0 0 
3500 13967 13525 1597 13362 13226 13536 12359 0 0 
3600 13875 13511 2063 13362 13262 13513 12341 0 0 
3700 13926 13516 2489 13422 13295 13519 12429 0 0 
3800 13916 13607 2825 13369 13251 13615 12467 0 0 
3900 13895 13553 3061 13295 13294 13525 12493 0 0 
4000 13933 13503 3424 13270 13233 13480 12431 0 0 
4100 13875 13524 3740 13256 13282 13531 12394 0 0 
4200 13798 13527 4103 13205 13255 13487 12366 0 0 
4300 13836 13592 4571 13320 13311 13537 12519 0 0 
4400 13896 13485 4936 13312 13266 13506 12402 0 0 
4500 13927 13568 5345 13330 13424 13536 12441 0 0 
4600 13844 13528 5636 13359 13286 13496 12415 0 0 
4700 13831 13455 5821 13233 13284 13448 12340 0 0 
4800 13829 13501 6100 13287 13268 13537 12469 0 0 
4900 13766 13562 6305 13183 13205 13501 12475 0 0 
5000 13794 13463 6655 13258 13210 13485 12412 0 0 
5100 13789 13544 7061 13306 13367 13572 12465 0 0 
5200 13701 13556 7568 13235 13278 13484 12519 1 0 
5300 13684 13539 7910 13213 13279 13519 12557 0 0 
5400 13727 13531 8309 13008 13235 13466 12531 0 0 
5500 13728 13489 8544 13082 13295 13471 12497 0 0 
5600 13709 13604 8839 13125 13250 13515 12551 0 0 
5700 13716 13546 8940 13080 13273 13470 12487 0 3 
5800 13694 13571 9330 13096 13254 13496 12589 0 0 
5900 13693 13514 9198 13025 13232 13469 12396 0 0 
6000 13697 13497 9370 13101 13272 13464 12435 0 0 
6100 13724 13615 9545 13069 13218 13523 12573 0 0 
6200 13662 13567 9733 13056 13264 13445 12558 0 0 
6300 13710 13603 9832 13145 13260 13516 12580 0 0 
6400 13679 13626 9933 13093 13283 13497 12586 0 0 
6500 13629 13564 10137 13022 13211 13525 12570 0 0 
6600 13656 13498 10327 12951 13224 13462 12549 0 0 
6700 13639 13571 10550 13083 13296 13456 12480 0 0 
6800 13670 13585 10503 13116 13234 13469 12482 0 0 
6900 13696 13558 10715 13116 13236 13442 12477 0 0 
7000 13679 13530 10840 13098 13226 13433 12552 0 0 
7100 13624 13567 10773 13106 13169 13473 12526 0 0 
7200 13649 13510 10778 13217 13253 13420 12513 0 0 
7300 13613 13535 10892 13174 13211 13437 12533 0 0 
7400 13568 13516 10705 13029 13132 13399 12568 0 0 
7500 13558 13523 10838 13096 13175 13411 12504 0 0 
7600 13633 13503 10695 13077 13189 13364 12511 0 0 
7700 13646 13601 10838 13064 13230 13489 12605 0 0 
7800 13667 13523 11092 13052 13214 13449 12554 0 0 
7900 13643 13600 10959 13044 13195 13485 12532 0 0 
8000 13587 13535 10968 12999 13213 13439 12511 0 0 
8100 13580 13549 11004 13046 13198 13401 12566 0 0 
8200 13572 13524 10863 13033 13223 13443 12585 0 0 
8300 13567 13589 10793 13072 13241 13458 12552 0 0 
8400 13552 13506 10773 12944 13168 13434 12452 0 0 
8500 13612 13507 10819 13065 13178 13374 12499 0 0 
8600 13574 13500 10950 13082 13182 13390 12489 0 4 
8700 13567 13552 11020 13113 13209 13447 12591 0 0 
8800 13543 13568 11149 13103 13247 13406 12520 0 0 
8900 13516 13576 11148 12958 13137 13445 12537 0 0 
9000 13521 13557 11030 12962 13143 13463 12644 0 0 
9100 13561 13548 10926 12964 13184 13413 12480 0 155 
9200 13535 13481 9849 12623 13197 13399 12195 1 1088 
9300 13037 13462 9792 12872 13144 13381 12079 0 1145 
9400 12375 12739 9293 12856 13014 13341 11504 0 1612 
9500 11964 12326 8971 12885 13027 13363 11126 0 1987 
9600 11703 11992 8715 12881 13036 13377 10793 0 2271 
9700 11759 11813 8554 12864 13062 13362 10590 2 2428 
9800 11839 11718 8420 12830 13044 13356 10448 0 2541 
9900 12012 11831 8305 12845 13079 13348 10319 2 2673 
10000 12133 11931 8228 12839 13064 13360 10218 3 2744 
