# Avida tasks data
# Sat Apr 15 05:14:25 2023
# First column gives the current update, next columns give the number
# of organisms that have the particular task as a component of their merit
#  1: Update
#  2: Not
#  3: Nand
#  4: And
#  5: OrNot
#  6: Or
#  7: AndNot
#  8: Nor
#  9: Xor
# 10: Equals

0 0 0 0 0 0 0 0 0 0 
100 0 0 0 0 0 0 0 0 0 
200 0 0 0 0 0 0 0 0 0 
300 0 0 0 0 0 0 0 0 0 
400 0 0 0 0 0 0 0 0 0 
500 0 0 0 0 0 0 0 0 0 
600 0 0 0 0 0 0 0 0 0 
700 4 0 0 0 0 0 0 0 0 
800 0 0 0 0 0 0 0 0 0 
900 23 0 0 0 0 0 0 0 0 
1000 243 0 0 0 0 0 0 0 0 
1100 472 0 0 2 0 0 0 0 0 
1200 893 10 0 0 0 0 0 0 0 
1300 1616 8 0 36 0 0 0 0 0 
1400 2231 67 0 453 0 0 0 0 0 
1500 2791 459 3 1764 0 24 8 0 0 
1600 2427 463 11 1319 1 1374 1132 0 0 
1700 2375 460 17 1251 0 1717 1484 0 0 
1800 2226 456 15 1151 0 2119 1911 0 0 
1900 2146 483 13 1160 0 2192 1985 0 0 
2000 2144 1096 26 1148 0 2207 2025 0 0 
2100 2158 1441 15 1117 10 2265 2066 0 0 
2200 2094 1867 12 1024 6 2447 2253 0 0 
2300 2074 2251 13 954 11 2564 2406 0 0 
2400 2020 2603 13 870 6 2677 2584 0 0 
2500 1981 2967 19 878 12 2834 2735 0 0 
2600 1944 3112 12 850 10 2898 2818 0 0 
2700 1907 3297 10 811 6 3053 2976 0 0 
2800 1884 3418 17 920 5 3145 3072 0 0 
2900 1957 3615 18 1430 52 3279 3241 0 0 
3000 2509 4105 17 1882 39 3622 3579 0 0 
3100 2782 4284 16 2062 37 3740 3706 0 0 
3200 3005 4457 22 2252 40 3813 3789 0 0 
3300 3335 4723 23 2539 37 4025 3991 0 0 
3400 2754 4730 27 1905 44 4041 4023 0 0 
3500 2452 4775 26 1569 42 4089 4111 0 0 
3600 2272 4886 18 1346 30 4188 4192 0 0 
3700 2214 5235 25 1190 38 4366 4459 0 0 
3800 2030 5442 25 1012 66 4565 4676 0 0 
3900 1944 5551 26 961 57 4692 4778 0 0 
4000 1936 5537 23 1005 34 4697 4781 0 0 
4100 1929 5531 24 1446 32 4715 4807 0 0 
4200 1929 5535 21 1454 32 4746 4836 0 0 
4300 1915 5541 19 1496 32 4796 4871 0 0 
4400 1916 5543 21 1498 32 4798 4875 0 0 
4500 1905 5544 21 1480 32 4811 4891 0 0 
4600 1887 5538 23 1483 32 4828 4907 0 0 
4700 1887 5538 23 1483 32 4828 4907 0 0 
4800 1887 5538 23 1483 32 4828 4907 0 0 
4900 1886 5537 23 1484 32 4828 4907 0 0 
5000 1864 5621 27 1666 31 4938 5000 0 0 
5100 1817 5690 24 1795 34 5040 5104 0 0 
5200 1792 5700 24 1912 17 5079 5141 0 0 
5300 1782 5724 24 1954 15 5158 5198 0 0 
5400 1778 5772 25 2047 13 5224 5272 0 0 
5500 1747 5919 36 2274 11 5377 5408 0 0 
5600 1758 6015 40 2424 12 5469 5490 0 0 
5700 1710 6161 32 2535 12 5641 5685 0 0 
5800 1677 6195 34 2708 12 5679 5720 0 0 
5900 1673 6294 32 2823 12 5746 5790 0 0 
6000 1673 6294 32 2823 12 5746 5790 0 0 
6100 1673 6292 32 2823 12 5746 5790 0 0 
6200 1673 6291 32 2822 12 5745 5789 0 0 
6300 1673 6292 32 2822 12 5745 5789 0 0 
6400 1673 6293 32 2823 12 5746 5790 0 0 
6500 1673 6293 32 2823 12 5746 5790 0 0 
6600 1673 6293 32 2823 12 5746 5790 0 0 
6700 1673 6293 32 2823 12 5746 5790 0 0 
6800 1673 6293 32 2823 12 5746 5790 0 0 
6900 1673 6293 32 2823 12 5746 5790 0 0 
7000 1673 6293 32 2823 12 5746 5790 0 0 
7100 1673 6293 32 2823 12 5746 5790 0 0 
7200 1673 6293 32 2823 12 5746 5790 0 0 
7300 1673 6293 32 2823 12 5746 5790 0 0 
7400 1673 6293 32 2823 12 5746 5790 0 0 
7500 1673 6293 32 2823 12 5746 5790 0 0 
7600 1673 6293 32 2823 12 5746 5790 0 0 
7700 1673 6293 32 2823 12 5746 5790 0 0 
7800 1673 6293 32 2823 12 5746 5790 0 0 
7900 1673 6293 32 2823 12 5746 5790 0 0 
8000 1673 6292 32 2822 12 5745 5789 0 0 
8100 1673 6293 32 2823 12 5746 5790 0 0 
8200 1665 6290 33 2855 17 5767 5817 0 0 
8300 1651 6298 34 2904 12 5795 5829 0 0 
8400 1657 6356 32 2943 13 5831 5875 0 0 
8500 1657 6356 32 2943 13 5831 5875 0 0 
8600 1657 6357 32 2944 13 5832 5876 0 0 
8700 1657 6356 32 2943 13 5831 5875 0 0 
8800 1657 6357 32 2944 13 5832 5876 0 0 
8900 1657 6358 32 2944 13 5832 5876 0 0 
9000 1657 6358 32 2944 13 5832 5876 0 0 
9100 1657 6358 32 2944 13 5832 5876 0 0 
9200 1657 6359 32 2945 13 5833 5877 0 0 
9300 1657 6359 32 2945 13 5833 5877 0 0 
9400 1657 6359 32 2945 13 5833 5877 0 0 
9500 1657 6359 32 2945 13 5833 5877 0 0 
9600 1658 6358 32 2945 13 5833 5877 0 0 
9700 1658 6357 32 2944 13 5832 5876 0 0 
9800 1658 6357 32 2942 13 5830 5874 0 0 
9900 1658 6357 32 2942 13 5830 5874 0 0 
10000 1658 6357 32 2942 13 5830 5874 0 0 
