# Avida tasks data
# Sat Apr 15 07:38:25 2023
# First column gives the current update, next columns give the number
# of organisms that have the particular task as a component of their merit
#  1: Update
#  2: Not
#  3: Nand
#  4: And
#  5: OrNot
#  6: Or
#  7: AndNot
#  8: Nor
#  9: Xor
# 10: Equals

0 0 0 0 0 0 0 0 0 0 
100 0 0 0 0 0 0 0 0 0 
200 0 0 0 0 0 0 0 0 0 
300 0 0 0 0 0 0 0 0 0 
400 0 0 0 0 0 0 0 0 0 
500 0 0 0 0 0 0 0 0 0 
600 0 0 0 0 0 0 0 0 0 
700 3 0 0 0 0 0 0 0 0 
800 28 0 0 0 0 0 0 0 0 
900 53 15 0 0 0 0 0 0 0 
1000 97 41 0 0 0 0 0 0 0 
1100 269 122 0 213 0 0 0 0 0 
1200 316 1588 0 2561 0 0 0 0 0 
1300 1050 3385 0 4582 4 0 5 0 0 
1400 2072 4481 0 5968 43 1 272 0 0 
1500 2668 5130 2 6961 72 9 613 0 0 
1600 3109 5576 0 7815 433 14 1140 0 0 
1700 3292 6055 45 8381 893 17 1736 0 0 
1800 3189 6282 317 8945 1483 38 2253 0 0 
1900 2961 7069 720 9456 2012 60 2603 0 0 
2000 3021 7758 1263 10063 2301 361 2880 0 0 
2100 3028 8096 2263 10388 2439 1123 2853 0 0 
2200 3080 8493 3197 10697 2588 2078 2827 0 0 
2300 3137 8898 4251 11022 2478 3030 2608 0 0 
2400 3273 9043 5282 11167 2278 3841 2437 7 0 
2500 3386 9585 6379 11443 1961 4713 2075 17 0 
2600 3354 9939 7240 11679 1678 5385 1681 51 0 
2700 3144 10137 7980 11645 1888 6105 1373 108 0 
2800 2838 10461 8589 11869 2635 6704 1162 142 0 
2900 2449 10614 9022 11925 3621 7444 1006 123 0 
3000 2222 10737 9191 12002 4600 7975 912 100 0 
3100 2228 10992 9678 12245 5643 8529 911 75 0 
3200 2637 11014 9994 12276 6396 8907 836 98 0 
3300 3096 11130 10150 12347 7073 9184 781 119 0 
3400 3868 11083 10546 12430 7913 9509 727 173 0 
3500 4526 11127 10579 12418 8078 9693 684 450 0 
3600 5267 11326 10830 12439 8163 9959 591 823 0 
3700 5925 11336 10902 12426 7940 10198 479 1250 0 
3800 6849 11397 10966 12323 7860 10308 410 1638 0 
3900 7633 11487 11078 12342 7553 10424 340 2028 0 
4000 8320 11435 11164 12290 7283 10654 289 2511 0 
4100 8893 11700 11270 12393 7007 10880 216 3034 0 
4200 9549 11571 11340 12327 6586 11029 159 3519 0 
4300 10134 11598 11420 12349 6145 11178 93 4044 0 
4400 10522 11618 11404 12223 5574 11182 58 4490 0 
4500 11106 11729 11436 12228 4901 11267 21 5204 0 
4600 11622 11800 11589 12363 4363 11500 10 5835 0 
4700 12103 11775 11430 12292 3649 11492 8 6465 0 
4800 12389 11650 11409 12251 3041 11554 2 7130 0 
4900 12589 11610 11418 12165 2415 11598 1 7797 0 
5000 12777 11773 11457 12185 1938 11648 0 8245 0 
5100 12875 11575 11391 12177 1561 11614 1 8604 0 
5200 13103 11667 11386 12184 1231 11654 1 8910 0 
5300 13232 11507 11340 12211 972 11620 1 9155 0 
5400 13285 11707 11367 12200 789 11680 2 9295 0 
5500 13282 11575 11404 12192 688 11687 1 9447 0 
5600 13355 11418 11336 12140 632 11657 2 9507 0 
5700 13281 11510 11334 12142 435 11661 1 9659 0 
5800 13259 11491 11295 12051 323 11581 1 9778 0 
5900 13308 11508 11327 12165 286 11704 1 9878 0 
6000 13363 11631 11387 12210 254 11688 5 9979 0 
6100 13264 11560 11424 12151 227 11733 1 9968 0 
6200 13298 11614 11396 12141 181 11702 10 10022 0 
6300 13314 11704 11482 12288 179 11759 3 10006 0 
6400 13353 11584 11463 12193 190 11703 0 10062 0 
6500 13423 11718 11403 12179 201 11770 0 9976 0 
6600 13297 11599 11416 12205 223 11718 0 9971 0 
6700 13296 11644 11450 12245 235 11741 1 10029 0 
6800 13262 11640 11428 12183 251 11691 3 9895 0 
6900 13268 11579 11442 12229 208 11748 0 10078 1 
7000 13368 11639 11563 12272 294 11809 0 10035 0 
7100 13273 11578 11409 12135 240 11696 0 9982 0 
7200 13381 11638 11479 12201 209 11713 2 10057 0 
7300 13338 11486 11478 12224 221 11734 0 10151 0 
7400 13351 11521 11446 12211 226 11778 0 10055 0 
7500 13354 11513 11466 12156 220 11666 0 10063 0 
7600 13278 11611 11403 12135 233 11782 2 10028 0 
7700 13339 11655 11503 12264 260 11771 0 10058 0 
7800 13376 11499 11370 12118 192 11644 4 9939 0 
7900 13377 11664 11535 12305 190 11896 0 10209 0 
8000 13384 11868 11556 12254 220 11761 1 10264 0 
8100 13417 11837 11563 12265 175 11829 1 10176 0 
8200 13496 11757 11515 12265 230 11841 1 10195 0 
8300 13470 11760 11582 12301 205 11873 1 10247 0 
8400 13337 11783 11536 12296 173 11812 6 10204 0 
8500 13374 11902 11500 12274 186 11788 0 10158 0 
8600 13425 11957 11602 12273 176 11865 2 10372 0 
8700 13435 11994 11685 12382 175 11895 0 10356 0 
8800 13408 11819 11598 12305 196 11855 2 10287 0 
8900 13412 11740 11501 12256 193 11797 0 10200 0 
9000 13426 11810 11623 12315 172 11856 0 10323 0 
9100 13454 11957 11614 12362 187 11917 0 10289 0 
9200 13436 11875 11488 12253 184 11776 3 10258 0 
9300 13417 12046 11457 12242 183 11796 0 10132 0 
9400 13386 11877 11490 12255 191 11861 1 10293 0 
9500 13357 11849 11546 12232 209 11847 2 10226 0 
9600 13511 12007 11608 12341 140 11958 0 10441 0 
9700 13483 11926 11526 12263 141 11847 2 10297 0 
9800 13415 11863 11522 12220 177 11874 0 10341 0 
9900 13410 12028 11580 12284 165 11869 0 10449 0 
10000 13444 11998 11540 12229 170 11887 1 10194 0 
