# Avida tasks data
# Sat Apr 15 05:22:26 2023
# First column gives the current update, next columns give the number
# of organisms that have the particular task as a component of their merit
#  1: Update
#  2: Not
#  3: Nand
#  4: And
#  5: OrNot
#  6: Or
#  7: AndNot
#  8: Nor
#  9: Xor
# 10: Equals

0 0 0 0 0 0 0 0 0 0 
100 0 0 0 0 0 0 0 0 0 
200 0 0 0 0 0 0 0 0 0 
300 0 0 0 0 0 0 0 0 0 
400 0 25 0 0 0 0 0 0 0 
500 0 58 0 0 0 0 0 0 0 
600 6 31 0 215 0 0 0 0 0 
700 11 74 0 625 0 0 0 0 0 
800 22 461 0 1134 0 0 0 0 0 
900 19 1462 6 1999 0 0 0 0 0 
1000 79 2523 44 2762 0 0 0 0 0 
1100 302 2844 71 3608 73 715 83 0 0 
1200 328 2151 48 2851 1014 1639 1575 0 0 
1300 352 2659 24 2238 1849 2128 2841 0 0 
1400 507 3195 21 2751 2308 2994 3986 0 0 
1500 1125 4262 30 4239 4782 5207 6443 0 0 
1600 1726 4866 31 5720 6242 6323 7899 0 0 
1700 2642 6055 14 6808 7080 7065 8741 0 0 
1800 4151 7424 22 7952 8020 7826 9492 0 0 
1900 5411 8634 30 8722 8799 8351 10074 0 1 
2000 6748 9506 24 9432 9434 8918 10609 0 2 
2100 7704 10274 12 10113 9927 9369 10913 0 3 
2200 8723 10984 18 10529 10274 9761 11200 0 0 
2300 9525 11615 19 11022 10681 10198 11530 0 0 
2400 10103 11972 17 11310 10860 10438 11686 0 0 
2500 10662 12261 17 11568 11178 10816 11879 0 2 
2600 11129 12368 22 11688 11330 10917 11992 0 0 
2700 11674 12650 14 11888 11559 11173 12080 0 0 
2800 11986 12679 19 12054 11759 11293 12160 0 0 
2900 12203 12815 13 11947 11726 11274 12079 0 0 
3000 12401 12796 20 12170 11845 11332 12165 0 2 
3100 12658 12863 16 12205 11902 11417 12210 0 0 
3200 12659 12821 16 12151 11856 11474 12203 0 0 
3300 12577 12845 14 12024 11754 11272 12023 0 0 
3400 12648 12926 11 12213 11911 11426 12237 2 0 
3500 12644 12931 12 12228 11853 11449 12227 0 0 
3600 12538 13073 19 12106 11797 11360 12151 0 0 
3700 12490 13021 13 12052 11835 11239 12108 0 0 
3800 12515 13124 21 12059 11841 11381 12168 0 0 
3900 12550 12980 12 12064 11807 11351 12118 0 0 
4000 12526 13038 13 12043 11789 11350 12141 0 0 
4100 12534 13097 15 12070 11869 11423 12182 0 0 
4200 12551 13141 15 12168 11970 11501 12284 0 0 
4300 12524 13194 14 12167 11963 11527 12253 0 0 
4400 12543 13097 15 12078 11834 11378 12150 0 0 
4500 12605 13187 22 12124 11896 11461 12193 0 0 
4600 12501 13229 16 12120 11861 11458 12165 0 0 
4700 12498 13182 17 12125 11890 11439 12150 0 0 
4800 12522 13223 14 12069 11899 11426 12174 0 0 
4900 12608 13242 13 12168 11893 11398 12207 0 0 
5000 12602 13171 12 12091 11893 11472 12239 0 0 
5100 12662 13142 17 12105 11832 11446 12160 0 0 
5200 12628 13171 22 12173 11939 11506 12228 0 0 
5300 12647 13226 21 12141 11924 11564 12203 0 0 
5400 12602 13221 25 12140 11865 11497 12155 0 0 
5500 12586 13092 11 12117 11803 11398 12044 0 0 
5600 12607 13182 23 12238 11918 11464 12140 0 0 
5700 12606 13193 22 12125 11938 11538 12169 0 0 
5800 12513 13195 20 12091 11865 11402 12109 0 0 
5900 12578 13211 17 12195 11923 11543 12188 2 0 
6000 12592 13265 25 12143 11879 11485 12164 0 0 
6100 12550 13223 22 12064 11879 11479 12170 0 0 
6200 12671 13205 30 12145 11868 11459 12149 0 0 
6300 12641 13257 26 12167 11870 11503 12108 0 0 
6400 12555 13290 26 12127 11809 11446 12169 1 0 
6500 12607 13368 27 12146 11992 11565 12193 1 0 
6600 12606 13287 27 12095 11790 11438 12093 0 0 
6700 12588 13252 24 12126 11965 11618 12259 0 0 
6800 12702 13406 28 12105 11895 11511 12155 0 0 
6900 12615 13335 11 12125 11889 11497 12139 19 0 
7000 12531 13272 23 11930 11850 11508 12079 79 0 
7100 12304 13134 24 11864 11832 11459 12047 200 0 
7200 11889 12808 27 12127 11902 11519 12168 785 1 
7300 11515 12565 27 12420 11966 11519 12222 1839 0 
7400 11142 12787 19 12492 11945 11592 12183 3049 3 
7500 11220 12846 59 12490 11883 11523 12100 4004 0 
7600 11342 12977 986 12459 11888 11540 12124 5089 53 
7700 11175 13011 1456 12483 11782 11466 12060 5816 650 
7800 11178 13104 1216 12669 11817 11469 12080 6431 2037 
7900 11231 13166 980 12656 11760 11449 12014 6882 3180 
8000 11294 13237 765 12716 11644 11323 11903 7284 4174 
8100 11282 13203 726 12543 11725 11349 11989 7830 5180 
8200 11284 13271 646 11649 11684 11360 12050 8208 6120 
8300 10319 13166 1620 11713 11706 11409 12061 8441 7108 
8400 8767 13150 3265 11868 11759 11449 12057 8927 7920 
8500 7586 13166 4393 11997 11708 11482 12053 9332 8617 
8600 6576 13165 5446 11900 11656 11377 11986 9626 9081 
8700 5358 13147 6590 11938 11760 11451 12120 9986 9579 
8800 4311 13110 7687 12015 11717 11366 12130 10263 9947 
8900 3697 13194 8448 11970 11764 11462 12136 10520 10249 
9000 3140 13213 9334 11889 11813 11489 12189 10647 10505 
9100 2715 13093 9898 11864 11898 11589 12232 10887 10746 
9200 2610 13024 10089 11780 11771 11472 12170 10775 10612 
9300 2388 13059 10510 11893 11872 11564 12251 10883 10730 
9400 2317 13066 10677 11849 11884 11570 12281 10964 10752 
9500 2469 13101 10603 11752 11727 11523 12153 10777 10615 
9600 2545 13136 10757 11772 11889 11642 12258 10858 10726 
9700 2676 13156 10625 11703 11826 11551 12222 10747 10571 
9800 2916 13124 10510 11739 11796 11440 12250 10634 10527 
9900 2959 13220 10727 11758 11872 11621 12272 10813 10660 
10000 3224 13183 10604 11723 11812 11494 12259 10822 10681 
