# Avida tasks data
# Sat Apr 15 07:53:50 2023
# First column gives the current update, next columns give the number
# of organisms that have the particular task as a component of their merit
#  1: Update
#  2: Not
#  3: Nand
#  4: And
#  5: OrNot
#  6: Or
#  7: AndNot
#  8: Nor
#  9: Xor
# 10: Equals

0 0 0 0 0 0 0 0 0 0 
100 0 0 0 0 0 0 0 0 0 
200 0 0 0 0 0 0 0 0 0 
300 0 0 0 0 0 0 0 0 0 
400 0 0 0 0 0 0 0 0 0 
500 0 0 0 0 0 0 0 0 0 
600 0 0 0 0 0 0 0 0 0 
700 0 0 0 0 0 0 0 0 0 
800 8 12 0 0 0 0 0 0 0 
900 23 175 0 0 0 0 0 0 0 
1000 39 528 0 0 0 0 0 0 0 
1100 39 570 0 3 0 0 0 0 0 
1200 88 731 0 10 0 0 0 0 0 
1300 140 201 0 1083 0 0 0 0 0 
1400 140 201 0 1084 0 0 0 0 0 
1500 140 201 0 1083 0 0 0 0 0 
1600 140 201 0 1084 0 0 0 0 0 
1700 140 200 0 1078 0 0 0 0 0 
1800 140 200 0 1079 0 0 0 0 0 
1900 140 200 0 1079 0 0 0 0 0 
2000 140 200 0 1080 0 0 0 0 0 
2100 140 200 0 1079 0 0 0 0 0 
2200 140 200 0 1078 0 0 0 0 0 
2300 140 200 0 1079 0 0 0 0 0 
2400 140 200 0 1078 0 0 0 0 0 
2500 130 197 0 1115 0 0 0 0 0 
2600 130 197 0 1114 0 0 0 0 0 
2700 132 198 0 1114 0 0 0 0 0 
2800 135 201 0 1113 0 0 0 0 0 
2900 135 201 0 1110 0 0 0 0 0 
3000 135 201 0 1110 0 0 0 0 0 
3100 135 201 0 1110 0 0 0 0 0 
3200 135 201 0 1110 0 0 0 0 0 
3300 134 200 0 1109 0 0 0 0 0 
3400 135 201 0 1110 0 0 0 0 0 
3500 135 201 0 1110 0 0 0 0 0 
3600 135 201 0 1110 0 0 0 0 0 
3700 135 201 0 1110 0 0 0 0 0 
3800 134 200 0 1109 0 0 0 0 0 
3900 135 201 0 1110 0 0 0 0 0 
4000 135 201 0 1110 0 0 0 0 0 
4100 135 201 0 1110 0 0 0 0 0 
4200 135 201 0 1110 0 0 0 0 0 
4300 134 200 0 1109 0 0 0 0 0 
4400 135 201 0 1110 0 0 0 0 0 
4500 135 201 0 1110 0 0 0 0 0 
4600 135 201 0 1110 0 0 0 0 0 
4700 135 201 0 1110 0 0 0 0 0 
4800 134 200 0 1109 0 0 0 0 0 
4900 135 201 0 1110 0 0 0 0 0 
5000 135 201 0 1110 0 0 0 0 0 
5100 135 201 0 1110 0 0 0 0 0 
5200 135 201 0 1110 0 0 0 0 0 
5300 134 200 0 1109 0 0 0 0 0 
5400 135 201 0 1110 0 0 0 0 0 
5500 135 201 0 1110 0 0 0 0 0 
5600 135 201 0 1110 0 0 0 0 0 
5700 135 201 0 1110 0 0 0 0 0 
5800 134 200 0 1109 0 0 0 0 0 
5900 135 201 0 1110 0 0 0 0 0 
6000 135 201 0 1110 0 0 0 0 0 
6100 135 201 0 1110 0 0 0 0 0 
6200 135 201 0 1110 0 0 0 0 0 
6300 134 200 0 1109 0 0 0 0 0 
6400 135 201 0 1110 0 0 0 0 0 
6500 135 201 0 1110 0 0 0 0 0 
6600 135 201 0 1110 0 0 0 0 0 
6700 135 201 0 1110 0 0 0 0 0 
6800 135 201 0 1110 0 0 0 0 0 
6900 135 201 0 1110 0 0 0 0 0 
7000 135 201 0 1110 0 0 0 0 0 
7100 135 201 0 1110 0 0 0 0 0 
7200 135 201 0 1110 0 0 0 0 0 
7300 135 201 0 1110 0 0 0 0 0 
7400 135 201 0 1110 0 0 0 0 0 
7500 135 201 0 1110 0 0 0 0 0 
7600 135 201 0 1110 0 0 0 0 0 
7700 135 201 0 1110 0 0 0 0 0 
7800 135 201 0 1110 0 0 0 0 0 
7900 135 201 0 1110 0 0 0 0 0 
8000 135 201 0 1110 0 0 0 0 0 
8100 135 201 0 1110 0 0 0 0 0 
8200 135 201 0 1110 0 0 0 0 0 
8300 135 201 0 1110 0 0 0 0 0 
8400 135 201 0 1110 0 0 0 0 0 
8500 135 201 0 1110 0 0 0 0 0 
8600 135 201 0 1110 0 0 0 0 0 
8700 135 201 0 1110 0 0 0 0 0 
8800 135 201 0 1110 0 0 0 0 0 
8900 135 201 0 1110 0 0 0 0 0 
9000 135 201 0 1110 0 0 0 0 0 
9100 135 201 0 1110 0 0 0 0 0 
9200 135 201 0 1110 0 0 0 0 0 
9300 135 201 0 1110 0 0 0 0 0 
9400 135 201 0 1110 0 0 0 0 0 
9500 135 201 0 1110 0 0 0 0 0 
9600 135 201 0 1110 0 0 0 0 0 
9700 135 201 0 1110 0 0 0 0 0 
9800 135 201 0 1110 0 0 0 0 0 
9900 135 201 0 1110 0 0 0 0 0 
10000 135 201 0 1110 0 0 0 0 0 
