# Avida tasks data
# Sat Apr 15 06:23:10 2023
# First column gives the current update, next columns give the number
# of organisms that have the particular task as a component of their merit
#  1: Update
#  2: Not
#  3: Nand
#  4: And
#  5: OrNot
#  6: Or
#  7: AndNot
#  8: Nor
#  9: Xor
# 10: Equals

0 0 0 0 0 0 0 0 0 0 
100 0 0 0 0 0 0 0 0 0 
200 0 0 0 0 0 0 0 0 0 
300 0 0 0 0 0 0 0 0 0 
400 0 0 0 0 0 0 0 0 0 
500 0 0 0 0 0 0 0 0 0 
600 0 0 0 0 0 0 0 0 0 
700 0 4 0 0 0 0 0 0 0 
800 25 11 0 0 0 0 0 0 0 
900 226 17 0 36 0 0 0 0 0 
1000 383 26 0 301 0 0 0 0 0 
1100 684 88 0 871 0 0 0 0 0 
1200 1286 191 0 1521 2 31 158 0 0 
1300 1729 250 0 1678 181 34 647 0 0 
1400 1729 250 0 1678 181 34 647 0 0 
1500 1727 250 0 1678 179 33 645 0 0 
1600 1727 250 0 1678 179 33 645 0 0 
1700 1727 250 0 1678 179 33 645 0 0 
1800 1726 250 0 1678 180 33 646 0 0 
1900 1724 250 0 1678 181 33 644 0 0 
2000 2159 249 2 1658 890 36 1158 0 0 
2100 2521 242 1 1647 1260 47 1522 0 0 
2200 2619 244 4 1629 1376 44 1631 0 0 
2300 2613 240 3 1608 1426 37 1685 0 0 
2400 2643 238 4 1615 1519 49 1756 0 0 
2500 2671 234 10 1613 1582 59 1837 0 0 
2600 2752 233 10 1615 1639 63 1863 0 0 
2700 2801 231 7 1599 1692 50 1896 0 0 
2800 2862 229 4 1601 1778 68 1966 0 0 
2900 2860 227 5 1579 1824 55 1992 0 0 
3000 2928 216 0 1597 1886 80 2034 0 0 
3100 3010 217 0 1594 2010 77 2151 0 0 
3200 3019 215 1 1587 1995 66 2143 0 0 
3300 3030 211 1 1580 2069 79 2209 0 0 
3400 3077 210 1 1532 2100 82 2230 0 0 
3500 3061 208 1 1521 2043 82 2237 0 0 
3600 3068 208 4 1494 1878 78 2243 0 0 
3700 2976 207 1 1460 1890 85 2207 0 0 
3800 2966 202 1 1396 1941 97 2257 0 0 
