# Avida tasks data
# Sat Apr 15 06:42:57 2023
# First column gives the current update, next columns give the number
# of organisms that have the particular task as a component of their merit
#  1: Update
#  2: Not
#  3: Nand
#  4: And
#  5: OrNot
#  6: Or
#  7: AndNot
#  8: Nor
#  9: Xor
# 10: Equals

0 0 0 0 0 0 0 0 0 0 
100 0 0 0 0 0 0 0 0 0 
200 0 0 0 0 0 0 0 0 0 
300 0 0 0 0 0 0 0 0 0 
400 0 0 0 0 0 0 0 0 0 
500 1 24 0 45 0 2 0 0 0 
600 70 645 2 949 0 171 0 0 0 
700 235 1597 20 2383 0 857 2 0 0 
800 307 2452 8 3804 2 2736 2 0 0 
900 488 4361 50 5988 63 5080 73 0 0 
1000 509 4193 251 7060 1338 5214 1300 0 0 
1100 1678 4138 365 7385 2917 4226 2754 0 0 
1200 3439 4807 430 7723 4079 3335 3869 0 0 
1300 5164 6089 449 8504 5551 2654 5229 0 0 
1400 6712 7354 390 9362 7093 2143 6680 0 0 
1500 7920 8212 336 9769 8209 1762 7751 0 0 
1600 8687 8972 287 10259 9195 1730 8671 0 0 
1700 8674 9286 243 10556 9830 2197 9193 0 0 
1800 8699 9734 235 10864 10375 3039 9754 0 0 
1900 8902 9954 235 10949 10767 4115 10084 0 0 
2000 8958 10209 230 11025 10887 5453 10210 0 0 
2100 9204 10407 192 11172 11195 6584 10357 0 0 
2200 9301 10809 232 11404 11465 8050 10699 0 0 
2300 9680 11037 242 11479 11536 8884 10869 0 0 
2400 10049 11312 269 11626 11782 9627 10950 0 0 
2500 10234 11634 296 11723 11938 10204 11173 0 0 
2600 10540 12008 313 11852 12047 10660 11250 0 0 
2700 10788 12355 271 11926 12108 11038 11398 0 0 
2800 10908 12588 286 11944 12156 11273 11353 0 0 
2900 11078 12704 313 11913 12048 11379 11328 0 0 
3000 11340 12844 318 11866 12035 11455 11269 0 0 
3100 11482 12899 301 12015 12145 11508 11427 0 0 
3200 11500 12962 280 11879 12081 11353 11219 0 0 
3300 11525 13055 275 11992 12202 11525 11398 0 0 
3400 11598 13130 306 12030 12197 11486 11342 0 0 
3500 11597 13112 300 12005 12202 11496 11322 0 0 
3600 11711 13082 261 11989 12203 11544 11442 0 0 
3700 11852 13014 290 12004 12169 11571 11365 0 0 
3800 11827 13116 301 11983 12155 11557 11444 0 0 
3900 11899 13126 304 12105 12260 11648 11426 0 0 
4000 11813 13129 313 12056 12234 11540 11374 0 0 
4100 11862 13060 311 11949 12208 11542 11339 0 0 
4200 11954 13076 291 11973 12197 11481 11338 0 0 
4300 11987 13171 274 12117 12320 11687 11495 0 0 
4400 11937 13137 274 12184 12273 11715 11562 0 0 
4500 12008 13159 287 12165 12264 11686 11485 0 0 
4600 11895 13174 348 12138 12223 11670 11514 0 0 
4700 11877 13119 277 12086 12179 11558 11491 0 0 
4800 11985 12956 274 12072 12318 11615 11452 0 0 
4900 11945 13048 298 12111 12155 11580 11406 0 0 
5000 11942 13086 291 12145 12236 11655 11502 0 0 
5100 12128 13122 277 12199 12270 11691 11512 0 0 
5200 12008 13038 351 12155 12210 11639 11474 0 0 
5300 12047 13153 269 12216 12284 11648 11531 0 0 
5400 12103 13233 275 12177 12407 11703 11506 0 0 
5500 12039 13083 289 12251 12378 11802 11622 0 0 
5600 12200 13003 277 12214 12357 11637 11554 0 0 
5700 12185 13038 252 12263 12389 11762 11568 0 0 
5800 12060 13014 283 12121 12320 11736 11566 0 0 
5900 12098 13072 263 12281 12412 11825 11664 0 0 
6000 12100 13052 279 12335 12401 11822 11628 0 0 
6100 12105 12985 285 12226 12337 11682 11523 0 0 
6200 12085 13076 250 12267 12393 11761 11666 0 0 
6300 12113 13088 265 12291 12406 11758 11650 0 0 
6400 12191 13037 279 12192 12261 11712 11670 0 0 
6500 12178 13088 267 12360 12479 11911 11775 0 0 
6600 12221 13118 244 12374 12393 11940 11770 0 0 
6700 12145 13138 260 12305 12371 11864 11695 0 0 
6800 12166 13046 250 12296 12458 11852 11711 0 0 
6900 12210 13021 273 12331 12420 11807 11641 0 0 
7000 12089 13009 282 12279 12482 11788 11637 0 0 
7100 12002 13081 322 12340 12443 11812 11660 0 0 
7200 12097 12853 529 12371 12466 11815 11668 0 0 
7300 12135 12626 1150 12358 12377 11814 11652 0 0 
7400 12089 12479 1917 12354 12384 11877 11737 0 0 
7500 12031 12443 2941 12412 12418 11978 11785 0 0 
7600 12044 12318 3863 12351 12443 11869 11733 0 0 
7700 12081 12371 4840 12347 12524 11865 11769 0 0 
7800 11990 12123 5923 12279 12466 11891 11714 0 0 
7900 12100 12007 6657 12286 12464 11873 11636 0 0 
8000 12123 11940 7508 12375 12543 11918 11811 0 0 
8100 12135 11888 8537 12306 12478 11900 11737 0 0 
8200 12189 11820 9249 12364 12531 11981 11736 0 0 
8300 12035 11586 9763 12293 12397 11817 11626 0 0 
8400 12190 11634 10339 12343 12552 11899 11686 0 0 
8500 12196 11595 10647 12311 12484 11911 11616 0 0 
8600 12337 11474 10855 12311 12418 11870 11600 0 0 
8700 12289 11450 10935 12330 12369 11912 11706 0 0 
8800 12397 11537 11276 12288 12482 11944 11732 0 0 
8900 12337 11603 11413 12406 12554 11950 11796 0 0 
9000 12371 11477 11439 12426 12515 11905 11704 0 0 
9100 12255 11471 11474 12345 12470 11857 11683 0 0 
9200 12338 11396 11355 12292 12526 11872 11615 0 0 
9300 12354 11670 11648 12401 12645 12057 11803 0 0 
9400 12302 11462 11533 12318 12509 11916 11675 0 0 
9500 12347 11470 11519 12336 12484 11942 11664 0 0 
9600 12370 11487 11549 12421 12593 11975 11753 0 0 
9700 12393 11446 11553 12343 12514 11911 11716 0 0 
9800 12407 11615 11583 12357 12541 11953 11743 0 0 
9900 12495 11539 11528 12373 12563 12000 11799 0 2 
10000 12453 11647 11649 12364 12670 12005 11819 0 0 
