# Avida tasks data
# Sat Apr 15 06:26:03 2023
# First column gives the current update, next columns give the number
# of organisms that have the particular task as a component of their merit
#  1: Update
#  2: Not
#  3: Nand
#  4: And
#  5: OrNot
#  6: Or
#  7: AndNot
#  8: Nor
#  9: Xor
# 10: Equals

0 0 0 0 0 0 0 0 0 0 
100 0 0 0 0 0 0 0 0 0 
200 0 0 0 0 0 0 0 0 0 
300 0 0 0 0 0 0 0 0 0 
400 0 0 0 0 0 0 0 0 0 
500 0 0 0 0 0 0 0 0 0 
600 0 0 0 0 0 0 0 0 0 
700 0 0 0 0 0 0 0 0 0 
800 0 0 0 0 0 0 0 0 0 
900 24 1 0 0 0 0 0 0 0 
1000 50 16 0 0 0 0 0 0 0 
1100 137 116 0 189 0 0 0 0 0 
1200 399 536 3 780 290 0 0 0 0 
1300 720 1110 28 1855 779 0 0 0 0 
1400 578 1327 74 2564 2395 69 1356 0 0 
1500 2017 1386 69 2329 3605 68 2949 0 0 
1600 2844 1478 80 3433 4264 99 3887 0 0 
1700 3941 1421 77 4715 4724 126 4545 0 0 
1800 5126 1314 78 5867 5359 256 5260 0 0 
1900 6296 1023 80 6306 6244 814 6185 0 0 
2000 7769 506 23 7344 7454 2053 7541 0 0 
2100 8857 345 2 8182 8158 3424 8436 0 0 
2200 9462 305 1 8861 8787 4664 8942 0 0 
2300 10110 340 1 9441 9139 5940 9413 0 0 
2400 10643 326 0 9885 9568 6833 9889 0 0 
2500 11275 354 0 10572 10115 8064 10551 0 0 
2600 11725 331 4 10965 10497 8945 10867 0 0 
2700 12119 335 1 11405 10867 9682 11241 0 0 
2800 12343 383 0 11609 11014 10217 11504 0 0 
2900 12612 510 0 11834 11262 10620 11687 0 0 
3000 12819 809 1 12054 11378 10946 11888 0 0 
3100 12912 1154 4 12171 11519 11045 11984 0 0 
3200 13087 1649 0 12350 11796 11422 12160 0 0 
3300 13223 2225 1 12429 11785 11508 12231 0 0 
3400 13324 2951 1 12511 11819 11657 12374 0 0 
3500 13292 3802 0 12442 11863 11625 12227 0 0 
3600 13268 4802 7 12407 11735 11603 12229 0 0 
3700 13332 5915 2 12457 11956 11778 12374 0 0 
3800 13317 6853 3 12459 11882 11716 12247 0 0 
3900 13198 7714 4 12536 11895 11717 12273 0 1 
4000 13233 8551 6 12502 11842 11742 12299 0 0 
4100 13267 9513 0 12435 11907 11690 12334 0 0 
4200 13337 10155 1 12500 11787 11719 12295 0 0 
4300 13378 10793 2 12512 11906 11765 12374 0 1 
4400 13323 11234 3 12440 11818 11683 12369 0 0 
4500 13363 11638 3 12463 11846 11653 12338 0 0 
4600 13289 11924 1 12400 11797 11634 12243 1 0 
4700 13315 12135 2 12454 11874 11742 12329 1 0 
4800 13346 12271 4 12538 12013 11732 12432 0 0 
4900 13278 12426 3 12461 11942 11703 12279 0 0 
5000 13229 12554 5 12507 11887 11679 12261 0 0 
5100 13302 12702 4 12529 11979 11779 12356 0 0 
5200 13296 12770 2 12480 11888 11731 12342 0 0 
5300 13280 12780 0 12487 11948 11748 12300 0 0 
5400 13406 12788 1 12589 11955 11788 12327 0 0 
5500 13314 12815 3 12471 11868 11660 12302 1 0 
5600 13350 12724 2 12536 11990 11724 12300 0 0 
5700 13307 12837 3 12545 12025 11876 12335 0 1 
5800 13297 12815 1 12490 11954 11730 12315 0 1 
5900 13341 12838 2 12548 11998 11823 12351 0 0 
6000 13343 12897 0 12590 12004 11811 12404 1 0 
6100 13321 12887 4 12603 12026 11818 12375 0 4 
6200 13294 13016 2 12588 11962 11738 12234 0 0 
6300 13370 12932 1 12512 11958 11725 12291 0 0 
6400 13388 12927 4 12561 11896 11722 12325 0 0 
6500 13373 12943 2 12468 11969 11762 12335 0 0 
6600 13418 12759 3 12605 11995 11857 12480 0 0 
6700 13395 12879 0 12575 12050 11860 12286 0 0 
6800 13349 12956 3 12453 11876 11754 12353 0 0 
6900 13354 12798 4 12628 12062 11843 12387 0 0 
7000 13360 12963 2 12507 11919 11720 12344 0 0 
7100 13360 12863 1 12612 12068 11880 12375 0 0 
7200 13321 12885 0 12647 12010 11889 12353 0 0 
7300 13409 12973 0 12687 12153 11935 12388 0 0 
7400 13426 13037 3 12667 12235 11990 12499 0 0 
7500 13387 12950 2 12495 11996 11718 12347 0 0 
7600 13363 12967 1 12493 11914 11737 12360 0 0 
7700 13402 13016 1 12499 11978 11742 12352 0 0 
7800 13417 12961 2 12633 12097 11895 12475 0 0 
7900 13410 13000 3 12665 12104 11898 12484 0 0 
8000 13332 12946 3 12579 11965 11748 12319 0 0 
8100 13418 12971 4 12580 12050 11918 12404 0 0 
8200 13394 12999 11 12448 12036 11809 12422 0 0 
8300 13402 13113 3 12569 12043 11984 12396 0 0 
8400 13500 13053 2 12608 12081 11897 12447 0 0 
8500 13439 13009 6 12572 12080 11868 12409 0 0 
8600 13499 13075 0 12655 12253 12040 12554 0 0 
8700 13450 13032 2 12686 12249 11965 12529 0 0 
8800 13530 13109 2 12637 12224 12010 12503 0 0 
8900 13389 13053 0 12740 12208 11960 12539 0 0 
9000 13380 13028 1 12634 12177 11945 12426 0 0 
9100 13428 13085 0 12688 12219 12043 12548 1 0 
9200 13485 13099 4 12622 12192 11981 12442 0 0 
9300 13563 13045 3 12673 12278 12044 12522 0 0 
9400 13468 13064 4 12764 12290 12085 12509 0 0 
9500 13447 13104 26 12752 12312 12068 12533 0 0 
9600 13498 12976 69 12653 12207 11986 12491 0 0 
9700 13470 12903 250 12681 12214 11993 12489 0 0 
9800 13458 12695 506 12654 12200 11951 12420 0 0 
9900 13425 12297 887 12587 12232 11974 12476 0 0 
10000 13464 11788 1411 12699 12324 12048 12513 0 0 
