# Avida tasks data
# Sat Apr 15 07:26:45 2023
# First column gives the current update, next columns give the number
# of organisms that have the particular task as a component of their merit
#  1: Update
#  2: Not
#  3: Nand
#  4: And
#  5: OrNot
#  6: Or
#  7: AndNot
#  8: Nor
#  9: Xor
# 10: Equals

0 0 0 0 0 0 0 0 0 0 
100 0 0 0 0 0 0 0 0 0 
200 0 0 0 0 0 0 0 0 0 
300 0 0 0 0 0 0 0 0 0 
400 0 0 0 0 0 0 0 0 0 
500 0 0 0 0 0 0 0 0 0 
600 0 0 0 0 0 0 0 0 0 
700 2 0 0 0 0 0 0 0 0 
800 42 0 0 0 0 0 0 0 0 
900 106 90 218 458 12 133 17 0 0 
1000 3644 126 2744 3571 1648 3361 2 0 0 
1100 5057 94 4489 4848 3841 4682 1 0 0 
1200 6307 202 5772 5991 5378 5811 2 2 0 
1300 7818 404 7300 7322 6900 7203 3 0 0 
1400 9028 864 8500 8531 8100 8434 2 2 0 
1500 9843 1451 9292 9377 8856 9261 5 0 0 
1600 10740 2191 10120 10235 9684 10073 3 1 0 
1700 11333 2882 10694 10771 10171 10592 7 0 0 
1800 11880 3917 11273 11357 10704 11195 1 1 0 
1900 12293 4770 11541 11651 11048 11499 4 0 0 
2000 12404 5620 11677 11734 11119 11602 8 4 0 
2100 12552 6445 11817 11853 11360 11803 9 0 0 
2200 12769 7357 12114 12142 11560 11985 6 0 0 
2300 12905 8118 12145 12267 11562 12038 5 0 0 
2400 12910 8957 12263 12381 11745 12254 1 3 0 
2500 12881 9410 12267 12339 11731 12174 5 0 0 
2600 12809 9889 12235 12240 11648 12099 10 0 0 
2700 12897 10385 12206 12289 11640 12111 3 0 0 
2800 12884 10929 12283 12359 11702 12230 4 0 0 
2900 12781 10472 12300 12359 11722 12262 8 0 820 
3000 12818 9199 12159 12213 11589 12098 3 0 2278 
3100 12793 7940 12126 12225 11554 12102 5 3 3643 
3200 12925 6643 12243 12277 11600 12175 9 1 4877 
3300 12905 5510 12259 12374 11628 12218 15 2 6080 
3400 12807 4472 12241 12287 11666 12170 15 5 7084 
3500 12813 3759 12205 12345 11610 12135 7 3 7983 
3600 12890 3413 12289 12366 11688 12231 20 3 8710 
3700 12779 3373 12251 12324 11623 12199 11 4 9273 
3800 12775 3616 12279 12313 11647 12231 11 6 9678 
3900 12921 3947 12323 12395 11703 12352 20 1 10054 
4000 12931 3377 12325 12434 11693 12313 14 6 10110 
4100 12931 3374 12323 12434 11692 12315 14 6 10113 
4200 12909 3311 12332 12432 11699 12358 19 10 10184 
4300 12909 3313 12330 12435 11697 12361 19 10 10182 
4400 12847 2803 12262 12399 11624 12294 16 6 10308 
4500 12844 2807 12262 12397 11624 12296 16 6 10307 
4600 12843 2805 12262 12399 11622 12296 16 6 10307 
4700 12844 2807 12260 12397 11621 12294 16 6 10304 
4800 12843 2807 12259 12396 11620 12293 16 6 10303 
4900 12842 2521 12334 12431 11703 12324 11 5 10485 
5000 12843 2108 12303 12492 11739 12368 11 3 10755 
5100 12846 2263 12296 12429 11658 12357 9 3 10796 
5200 12891 2467 12250 12420 11650 12321 8 0 10864 
5300 12895 2480 12217 12442 11681 12355 8 0 10889 
5400 12898 2487 12227 12441 11683 12362 8 0 10894 
5500 12898 2487 12225 12432 11679 12358 8 0 10891 
5600 12903 2492 12231 12429 11688 12357 8 0 10899 
5700 12900 2501 12231 12425 11686 12359 8 0 10899 
5800 13004 2920 12321 12418 11775 12464 9 0 11000 
5900 12807 3650 12311 12477 11742 12437 8 1 11122 
6000 12818 4479 12296 12445 11737 12365 9 5 11091 
6100 12835 4797 12251 12397 11716 12397 12 3 11092 
6200 12819 5688 12281 12409 11681 12397 16 4 11057 
6300 12800 6005 12223 12418 11627 12382 13 1 11071 
6400 12801 6756 12350 12413 11759 12392 9 3 11160 
6500 12741 7597 12240 12364 11667 12359 13 3 11081 
6600 13010 8368 12384 12476 11753 12466 16 5 11224 
6700 12909 8855 12228 12362 11688 12326 21 3 11155 
6800 12897 9321 12275 12426 11710 12402 19 7 11117 
6900 12853 8251 12269 12423 11722 12453 26 7 11181 
7000 12851 8251 12265 12420 11716 12450 26 7 11173 
7100 12851 8251 12265 12420 11714 12450 26 7 11174 
7200 12852 7645 12299 12491 11771 12486 16 4 11212 
7300 12829 7634 12304 12487 11773 12479 16 4 11208 
7400 12813 7124 12344 12522 11789 12498 20 4 11262 
7500 12736 6482 12329 12536 11798 12528 16 3 11170 
7600 12736 6482 12328 12535 11797 12527 16 3 11170 
7700 12736 6482 12328 12535 11797 12527 16 3 11170 
7800 12736 6482 12328 12535 11796 12527 16 3 11170 
7900 12736 6482 12328 12535 11797 12527 16 3 11170 
8000 12736 6482 12328 12535 11797 12527 16 3 11170 
8100 12736 6482 12328 12535 11797 12527 16 3 11170 
8200 12736 6482 12328 12535 11797 12527 16 3 11170 
8300 12736 6482 12328 12535 11797 12527 16 3 11170 
8400 12736 6482 12328 12535 11797 12527 16 3 11170 
8500 12736 6482 12328 12535 11797 12527 16 3 11170 
8600 12736 6482 12328 12535 11797 12527 16 3 11170 
8700 12736 6482 12328 12535 11797 12527 16 3 11170 
8800 12736 6482 12328 12535 11797 12527 16 3 11170 
8900 12764 5775 12373 12540 11751 12513 18 2 11164 
9000 12764 5775 12373 12540 11751 12513 18 2 11164 
9100 12764 5775 12371 12539 11749 12511 18 2 11164 
9200 12765 5775 12372 12541 11748 12512 18 2 11165 
9300 12765 5698 12377 12541 11735 12509 13 0 11141 
9400 12751 5635 12350 12517 11737 12518 13 0 11128 
9500 12753 5597 12398 12564 11814 12555 18 2 11174 
9600 12744 5144 12369 12563 11767 12562 21 2 11261 
9700 12744 5144 12369 12563 11765 12562 21 2 11259 
9800 12771 4643 12404 12505 11812 12521 14 0 11248 
9900 12727 4449 12362 12496 11788 12520 23 3 11257 
10000 12706 4405 12312 12502 11763 12499 20 1 11215 
