# Avida tasks data
# Sat Apr 15 14:58:47 2023
# First column gives the current update, next columns give the number
# of organisms that have the particular task as a component of their merit
#  1: Update
#  2: Not
#  3: Nand
#  4: And
#  5: OrNot
#  6: Or
#  7: AndNot
#  8: Nor
#  9: Xor
# 10: Equals

0 0 0 0 0 0 0 0 0 0 
100 0 0 0 0 0 0 0 0 0 
200 0 0 0 0 0 0 0 0 0 
300 0 0 0 0 0 0 0 0 0 
400 0 0 0 0 0 0 0 0 0 
500 0 0 0 0 0 0 0 0 0 
600 0 0 0 0 0 0 0 0 0 
700 14 0 0 25 0 0 0 0 0 
800 1723 184 0 147 0 0 0 0 0 
900 3951 814 1 662 0 0 0 0 0 
1000 5839 1912 7 1028 0 297 0 0 0 
1100 7417 3025 21 109 0 2649 11 0 0 
1200 8434 4544 44 98 1 4330 24 0 0 
1300 9780 6353 31 78 4 6276 33 0 0 
1400 10935 8227 55 119 6 8181 54 0 0 
1500 11817 9627 60 133 7 9681 51 0 0 
1600 12441 10703 96 210 1 10817 54 0 0 
1700 12713 11385 145 411 4 11487 72 0 0 
1800 12904 11775 258 655 6 11913 67 0 0 
1900 12941 11925 399 1029 12 12010 80 0 0 
2000 12930 12251 483 1438 12 12381 56 0 0 
2100 12934 12269 641 2059 10 12310 60 0 0 
2200 13048 12358 800 2786 7 12453 49 0 0 
2300 12978 12405 994 3611 30 12380 82 0 0 
2400 13051 12099 969 4222 453 12360 311 0 0 
2500 13168 12359 542 4456 1752 12152 177 0 0 
2600 13150 12571 517 4228 2914 12190 1829 0 0 
2700 13260 12641 526 3886 4108 12100 3476 0 0 
2800 13272 12781 530 3675 5477 12109 4945 0 0 
2900 13338 12857 496 3810 6542 12072 6046 0 0 
3000 13328 12908 439 3922 7698 12006 7200 0 0 
3100 13350 13007 435 4236 8699 12059 8182 0 0 
3200 13329 12998 455 4477 9307 11869 8814 0 0 
3300 13340 13043 381 5072 9906 11848 9442 0 0 
3400 13420 13197 350 5703 10395 11943 9882 0 0 
3500 13412 13123 343 6443 10756 11892 10231 0 0 
3600 13380 13162 263 7291 11165 11920 10683 0 0 
3700 13421 13280 231 7986 11539 12033 10978 0 0 
3800 13480 13288 246 8464 11520 11839 11051 0 0 
3900 13473 13314 253 8992 11591 11787 11002 0 0 
4000 13352 13178 220 9362 11695 11826 11074 0 0 
4100 13415 13270 227 9692 11630 11783 11145 0 0 
4200 13462 13336 227 10193 11743 11873 11226 0 0 
4300 13432 13215 303 10472 11609 11763 11178 0 0 
4400 13390 13249 328 10948 11713 11839 11224 0 0 
4500 13418 13353 525 11050 11663 11741 11133 0 0 
4600 13379 13306 876 11171 11515 11603 11028 0 0 
4700 13407 13315 1280 11346 11602 11666 11213 0 0 
4800 13472 13348 1665 11469 11616 11763 11268 0 0 
4900 13413 13323 2037 11507 11585 11755 11267 0 0 
5000 13425 13265 2591 11561 11597 11691 11399 0 0 
5100 13378 13295 3146 11589 11546 11670 11272 0 21 
5200 13430 13357 3690 11556 11648 11741 11357 1 182 
5300 13438 13358 4043 11141 11584 11699 10914 4 527 
5400 13376 13332 4366 10666 11517 11659 10447 8 886 
5500 13349 13269 4607 10192 11520 11612 9946 10 1360 
5600 13336 13344 4759 9647 11624 11656 9502 15 1816 
5700 13352 13346 4978 9201 11616 11631 9002 24 2327 
5800 13294 13327 4950 8742 11635 11669 8461 30 2858 
5900 13254 13327 4948 8583 11652 11620 8313 28 2978 
6000 13236 13287 4954 8454 11641 11644 8165 43 3061 
6100 13223 13267 4953 8260 11639 11621 7953 40 3266 
6200 13175 13272 4927 8124 11582 11526 7800 29 3304 
6300 13140 13236 4924 8040 11613 11548 7711 40 3395 
6400 13136 13241 4890 7955 11570 11529 7612 59 3474 
6500 13087 13212 4855 7884 11601 11573 7529 44 3570 
6600 13107 13227 4807 7730 11603 11560 7388 45 3696 
6700 13099 13201 4759 7632 11606 11536 7254 56 3827 
6800 13051 13179 4664 7431 11588 11506 7089 47 3932 
6900 13007 13177 4553 7228 11593 11505 6870 49 4175 
7000 12996 13153 4472 7110 11570 11455 6694 54 4253 
7100 13005 13214 4391 6947 11644 11565 6534 50 4460 
7200 13020 13184 4334 6839 11562 11459 6390 63 4514 
7300 13049 13205 4216 6668 11607 11552 6223 54 4688 
7400 13019 13208 4107 6505 11656 11534 6036 60 4913 
7500 12943 13116 3975 6342 11679 11570 5857 61 5109 
7600 12941 13118 3873 6193 11625 11508 5716 66 5168 
7700 12972 13127 3813 6105 11651 11524 5596 64 5288 
7800 12955 13104 3766 5999 11686 11589 5470 84 5468 
7900 12973 13154 3641 5828 11798 11650 5273 67 5683 
8000 12949 13155 3497 5613 11754 11566 5060 65 5867 
8100 12921 13149 3380 5464 11791 11596 4874 53 6056 
8200 12978 13197 3288 5308 11753 11501 4663 68 6151 
8300 12933 13111 3180 5174 11840 11590 4503 69 6348 
8400 12955 13139 3035 5067 11820 11639 4323 63 6581 
8500 12927 13169 2949 4903 11851 11633 4174 91 6724 
8600 12861 13153 2864 4785 11755 11558 4007 91 6733 
8700 12962 13220 2740 4688 11858 11678 3829 80 7057 
8800 12957 13163 2676 4618 11814 11639 3668 111 7146 
8900 12942 13162 2529 4428 11832 11612 3511 90 7226 
9000 12981 13205 2433 4266 11857 11627 3325 92 7408 
9100 12912 13153 2324 4151 11814 11591 3146 86 7576 
9200 12758 13040 2269 4141 11753 11575 3043 115 7642 
9300 12735 13096 2177 3930 11757 11498 2876 96 7761 
9400 12452 13081 2148 3881 11713 11421 2830 95 7731 
9500 12566 13062 2140 4162 11691 11391 2816 102 7690 
9600 12554 13012 2142 4386 11686 11374 2823 93 7666 
9700 12550 12997 2132 4538 11703 11366 2809 89 7702 
9800 12515 12993 2133 4476 11677 11355 2803 90 7688 
9900 12516 12955 2124 4422 11681 11349 2779 98 7708 
10000 12473 12905 2118 4395 11607 11293 2731 90 7657 
