# Avida tasks data
# Sat Apr 15 12:45:57 2023
# First column gives the current update, next columns give the number
# of organisms that have the particular task as a component of their merit
#  1: Update
#  2: Not
#  3: Nand
#  4: And
#  5: OrNot
#  6: Or
#  7: AndNot
#  8: Nor
#  9: Xor
# 10: Equals

0 0 0 0 0 0 0 0 0 0 
100 0 0 0 0 0 0 0 0 0 
200 0 0 0 0 0 0 0 0 0 
300 0 0 0 0 0 0 0 0 0 
400 20 0 0 0 0 0 0 0 0 
500 56 0 0 0 0 0 0 0 0 
600 213 4 0 0 0 0 0 0 0 
700 449 20 0 0 0 0 0 0 0 
800 761 2 0 0 0 0 0 0 0 
900 1158 0 0 47 0 0 0 0 0 
1000 1158 0 0 48 0 0 0 0 0 
1100 1158 0 0 47 0 0 0 0 0 
1200 1157 0 0 49 0 0 0 0 0 
1300 1158 0 0 48 0 0 0 0 0 
1400 1158 0 0 49 0 0 0 0 0 
1500 1161 0 0 49 0 0 0 0 0 
1600 1160 0 0 49 0 0 0 0 0 
1700 1162 2 0 48 0 0 0 0 0 
1800 1162 2 0 46 0 0 0 0 0 
1900 1162 2 0 47 0 0 0 0 0 
2000 1162 2 0 46 0 0 0 0 0 
2100 1163 2 0 46 0 0 0 0 0 
2200 1161 1 0 49 0 0 0 0 0 
2300 1161 1 0 49 0 0 0 0 0 
2400 1161 1 0 49 0 0 0 0 0 
2500 1161 1 0 49 0 0 0 0 0 
2600 1162 1 0 48 0 0 0 0 0 
2700 1163 1 0 49 0 0 0 0 0 
2800 693 8 0 696 0 0 4 0 0 
2900 693 8 0 696 0 0 4 0 0 
3000 693 10 0 695 0 0 4 0 0 
3100 694 12 0 697 0 0 4 0 0 
3200 692 10 0 694 0 0 4 0 0 
3300 692 10 0 694 0 0 4 0 0 
3400 692 10 0 697 0 0 4 0 0 
3500 692 10 0 696 0 0 4 0 0 
3600 692 10 0 694 0 0 4 0 0 
3700 692 10 0 693 0 0 4 0 0 
3800 692 10 0 693 0 0 4 0 0 
3900 692 9 0 693 0 0 4 0 0 
4000 692 9 0 694 0 0 4 0 0 
4100 692 9 0 693 0 0 4 0 0 
4200 692 9 0 693 0 0 4 0 0 
4300 692 9 0 693 0 0 4 0 0 
4400 495 19 0 1169 0 5 9 0 0 
4500 396 185 0 2212 0 2 7 0 0 
4600 396 185 0 2212 0 2 7 0 0 
4700 396 185 0 2212 0 2 7 0 0 
4800 396 185 0 2212 0 2 7 0 0 
4900 396 185 0 2213 0 2 7 0 0 
5000 396 185 0 2213 0 2 7 0 0 
5100 396 185 0 2213 0 2 7 0 0 
5200 396 185 0 2213 0 2 7 0 0 
5300 396 185 0 2215 0 2 7 0 0 
5400 397 185 0 2212 0 2 7 0 0 
5500 397 185 0 2212 0 2 7 0 0 
5600 397 185 0 2212 0 2 7 0 0 
5700 397 185 0 2213 0 2 7 0 0 
5800 397 185 0 2214 0 2 7 0 0 
5900 398 185 0 2214 0 2 7 0 0 
6000 398 185 0 2214 0 2 7 0 0 
6100 398 185 0 2212 0 2 7 0 0 
6200 398 185 0 2213 0 2 7 0 0 
6300 398 185 0 2214 0 2 7 0 0 
6400 398 185 0 2214 0 2 7 0 0 
6500 398 186 0 2213 0 2 7 0 0 
6600 399 186 0 2214 0 2 7 0 0 
6700 399 186 0 2214 0 2 7 0 0 
6800 316 733 0 2778 0 4 8 0 0 
6900 303 1840 11 3020 0 3 9 0 0 
7000 265 3010 1 3779 1 0 9 0 0 
7100 520 4232 16 5475 1 2 8 0 0 
