# Avida tasks data
# Sat Apr 15 16:09:30 2023
# First column gives the current update, next columns give the number
# of organisms that have the particular task as a component of their merit
#  1: Update
#  2: Not
#  3: Nand
#  4: And
#  5: OrNot
#  6: Or
#  7: AndNot
#  8: Nor
#  9: Xor
# 10: Equals

0 0 0 0 0 0 0 0 0 0 
100 0 0 0 0 0 0 0 0 0 
200 0 0 0 0 0 0 0 0 0 
300 0 0 0 0 0 0 0 0 0 
400 0 0 0 0 0 0 0 0 0 
500 0 0 0 0 0 0 0 0 0 
600 0 0 0 0 0 1 0 0 0 
700 766 1 0 0 0 2 0 0 0 
800 1701 0 0 0 0 1 1 0 0 
900 3443 10 1 209 0 20 1 0 0 
1000 4560 25 596 1531 5 42 7 0 0 
1100 5791 1753 1333 2836 10 54 2 0 0 
1200 6052 2015 1663 3110 11 74 2 0 0 
1300 6051 2014 1662 3109 11 74 2 0 0 
1400 6052 2015 1663 3110 11 74 2 0 0 
1500 6052 2015 1663 3110 11 74 2 0 0 
1600 6500 2458 2201 3557 20 72 2 0 0 
1700 8151 4229 3956 5389 37 410 6 0 0 
1800 8800 4961 4583 6119 45 508 6 0 0 
1900 10044 6201 5692 7422 63 525 7 0 0 
2000 10359 6441 5963 7765 82 636 6 0 0 
2100 10844 6974 6502 8301 67 838 17 0 0 
2200 11417 7422 7111 8904 79 586 6 0 0 
2300 11657 7714 7372 9178 83 506 6 0 0 
2400 11822 7909 7563 9396 276 458 5 0 0 
2500 11821 7910 7558 9392 276 459 5 0 0 
2600 11819 7908 7557 9393 276 461 5 0 0 
2700 11860 7977 7609 9444 372 459 5 0 0 
2800 11860 7978 7611 9444 372 459 5 0 0 
2900 11893 8144 7671 9510 491 436 4 0 0 
3000 11894 8144 7666 9511 488 437 4 0 0 
3100 11894 8143 7667 9510 489 438 4 0 0 
3200 11872 8178 7701 9518 501 431 4 0 0 
3300 11872 8178 7701 9518 501 431 4 0 0 
3400 11869 8177 7699 9517 501 431 4 0 0 
3500 11939 8271 7712 9532 459 429 4 0 0 
3600 11951 8296 7711 9532 432 428 4 0 0 
3700 11959 8353 7720 9543 377 436 4 0 0 
3800 11963 8355 7713 9545 375 435 4 0 0 
3900 11957 8354 7716 9542 373 435 4 0 0 
4000 11946 8352 7704 9536 370 433 4 0 0 
4100 11931 8343 7676 9538 377 883 5 0 0 
4200 11929 8343 7673 9538 377 882 5 0 0 
4300 11909 8332 7582 9523 377 698 5 0 0 
4400 11906 8331 7581 9523 377 698 5 0 0 
4500 11905 8328 7581 9523 377 698 5 0 0 
4600 11904 8329 7581 9523 377 698 5 0 0 
4700 11902 8325 7581 9523 377 698 5 0 0 
