# Avida tasks data
# Sat Apr 15 11:44:30 2023
# First column gives the current update, next columns give the number
# of organisms that have the particular task as a component of their merit
#  1: Update
#  2: Not
#  3: Nand
#  4: And
#  5: OrNot
#  6: Or
#  7: AndNot
#  8: Nor
#  9: Xor
# 10: Equals

0 0 0 0 0 0 0 0 0 0 
100 0 0 0 0 0 0 0 0 0 
200 0 0 0 0 0 0 0 0 0 
300 0 0 0 0 0 0 0 0 0 
400 0 0 0 0 0 0 0 0 0 
500 0 0 0 0 0 0 0 0 0 
600 1 0 0 0 0 0 0 0 0 
700 4 0 0 0 0 0 0 0 0 
800 47 0 0 0 0 0 0 0 0 
900 143 0 0 0 0 0 0 0 0 
1000 656 16 0 409 348 0 0 0 0 
1100 2250 699 0 2293 2233 0 0 0 0 
1200 2304 606 0 2744 2629 6 0 0 0 
1300 2968 499 2 4020 4076 332 119 0 0 
1400 2977 499 2 4020 4075 332 119 0 0 
1500 2882 455 0 4413 4537 191 68 0 0 
1600 2833 453 1 4513 4644 179 65 0 0 
1700 2838 468 2 4543 4662 162 59 0 0 
1800 2748 633 3 4919 5041 78 44 0 0 
1900 2855 974 263 5417 5596 15 11 0 4 
2000 2809 1167 460 5502 5650 10 28 0 2 
2100 2809 1165 458 5500 5648 10 28 0 2 
2200 2810 1166 456 5498 5645 10 28 0 2 
2300 2811 1167 451 5499 5640 10 28 0 2 
2400 2813 1226 469 5498 5654 11 29 0 2 
2500 2710 1625 792 5655 5825 10 97 0 13 
2600 2459 1669 803 5925 6093 10 123 0 20 
2700 2413 1631 777 6016 6190 10 142 0 17 
2800 2391 1618 792 6053 6236 10 139 0 17 
2900 2383 1595 738 6164 6342 9 136 0 16 
3000 2345 1514 696 6373 6565 10 147 1 12 
3100 2354 1426 668 6516 6728 11 134 0 10 
3200 2351 1415 665 6546 6743 9 132 0 10 
3300 2351 1415 665 6546 6743 9 132 0 10 
3400 2351 1415 665 6546 6743 9 132 0 10 
3500 2353 1415 665 6546 6743 9 132 0 10 
3600 2353 1415 665 6546 6743 9 132 0 10 
3700 2353 1415 665 6546 6743 9 132 0 10 
3800 2353 1415 665 6546 6743 9 132 0 10 
3900 2353 1415 665 6546 6743 9 132 0 10 
4000 2353 1415 665 6546 6743 9 132 0 10 
4100 2353 1415 665 6546 6743 9 132 0 10 
4200 2353 1415 665 6546 6743 9 132 0 10 
4300 2353 1415 665 6546 6743 9 132 0 10 
4400 2354 1416 665 6546 6742 9 132 0 10 
4500 2355 1417 666 6547 6742 9 132 0 10 
4600 2356 1418 666 6547 6742 9 132 0 10 
4700 2357 1419 666 6543 6738 9 132 0 10 
4800 2358 1421 666 6545 6738 9 132 0 10 
4900 2358 1421 666 6545 6738 9 132 0 10 
5000 2358 1421 666 6546 6738 9 132 0 10 
5100 2358 1421 666 6545 6737 9 132 0 10 
5200 2358 1421 666 6546 6738 9 132 0 10 
5300 2358 1421 666 6546 6738 9 132 0 10 
5400 2358 1421 666 6546 6738 9 132 0 10 
5500 2358 1422 666 6545 6739 9 132 0 10 
5600 2358 1422 666 6545 6739 9 132 0 10 
5700 2358 1422 666 6545 6739 9 132 0 10 
5800 2359 1421 666 6544 6739 9 132 0 10 
5900 2358 1421 666 6544 6739 9 132 0 10 
6000 2358 1421 666 6544 6739 9 132 0 10 
6100 2358 1421 666 6543 6738 9 132 0 10 
6200 2358 1421 666 6544 6738 9 132 0 10 
6300 2358 1421 666 6545 6739 9 132 0 10 
6400 2358 1422 666 6546 6739 9 132 0 10 
6500 2358 1422 666 6545 6738 9 132 0 10 
6600 2358 1422 666 6546 6739 9 132 0 10 
6700 2358 1422 666 6546 6739 9 132 0 10 
6800 2358 1422 666 6545 6738 9 132 0 10 
6900 2358 1422 666 6546 6739 9 132 0 10 
7000 2344 1372 649 6728 6930 14 116 0 11 
7100 2342 1301 589 6990 7232 19 100 0 8 
7200 2336 1218 530 7429 7667 9 28 0 2 
7300 2342 1219 530 7424 7660 10 28 0 2 
7400 2361 1171 510 7522 7729 8 16 0 2 
7500 2388 1112 425 7687 7919 14 18 0 2 
7600 2388 1112 425 7687 7919 14 18 0 2 
7700 2388 1114 425 7686 7916 15 18 0 2 
7800 2391 1113 425 7684 7916 15 18 0 2 
7900 2446 1068 382 8052 8312 18 13 0 1 
8000 2427 990 331 8394 8728 13 24 0 2 
8100 2432 985 329 8421 8754 13 24 0 2 
8200 2426 980 328 8446 8775 13 24 0 2 
8300 2432 983 328 8460 8801 14 24 0 2 
8400 2454 915 287 8708 9048 11 26 0 2 
8500 2403 904 281 8764 9093 11 24 0 2 
8600 2416 901 274 8783 9133 13 20 0 2 
8700 2422 904 270 8795 9146 17 19 0 2 
8800 2430 893 227 9166 9617 8 20 2 2 
8900 2390 973 189 9435 9965 10 15 0 2 
9000 2317 1252 143 9842 10375 14 12 0 2 
9100 2247 1452 99 10087 10646 9 14 0 2 
9200 2232 1487 88 10153 10731 11 14 0 2 
9300 2191 1748 65 10295 10924 14 15 0 2 
9400 2196 1491 66 10492 11108 9 15 1 1 
9500 2145 1365 65 10550 11205 13 16 1 1 
9600 2203 1342 62 10558 11297 16 15 0 1 
9700 2188 1618 56 10712 11398 13 14 0 1 
9800 2144 1957 51 10701 11395 18 15 0 1 
9900 2108 1941 50 10688 11432 882 17 0 1 
