# Avida tasks data
# Sat Apr 15 14:30:30 2023
# First column gives the current update, next columns give the number
# of organisms that have the particular task as a component of their merit
#  1: Update
#  2: Not
#  3: Nand
#  4: And
#  5: OrNot
#  6: Or
#  7: AndNot
#  8: Nor
#  9: Xor
# 10: Equals

0 0 0 0 0 0 0 0 0 0 
100 0 0 0 0 0 0 0 0 0 
200 0 0 0 0 0 0 0 0 0 
300 0 0 0 0 0 0 0 0 0 
400 0 0 0 0 0 0 0 0 0 
500 0 0 0 0 0 0 0 0 0 
600 0 0 0 0 0 0 0 0 0 
700 0 0 0 0 0 0 0 0 0 
800 0 0 0 0 0 0 0 0 0 
900 0 0 0 0 0 0 0 0 0 
1000 4 0 0 0 0 0 0 0 0 
1100 11 0 0 0 0 0 0 0 0 
1200 29 158 0 0 0 0 0 0 0 
1300 44 480 0 446 0 0 0 0 0 
1400 51 1575 0 1508 0 0 0 0 0 
1500 52 1587 0 1551 0 0 0 0 0 
1600 67 1750 0 1663 0 0 0 0 0 
1700 68 2186 0 2139 1 0 0 0 0 
1800 70 2444 0 2481 0 0 0 0 0 
1900 80 2859 0 2939 1 0 0 0 0 
2000 880 3034 0 3136 1 4 0 0 0 
2100 1579 3196 0 3330 1 1 0 0 0 
2200 2133 3355 0 3530 1 5 0 0 0 
2300 2684 3588 0 3803 2 6 0 0 0 
2400 3109 3829 0 4029 2 3 1 0 0 
2500 3445 4004 0 4237 2 2 0 0 0 
2600 3759 4079 0 4349 3 5 0 0 0 
2700 4038 4221 0 4496 0 7 0 0 0 
2800 4280 4404 0 4709 0 12 0 0 0 
2900 4514 4600 0 4912 2 15 2 0 0 
3000 4701 4787 0 5129 0 11 0 0 0 
3100 4921 4969 0 5281 0 15 0 0 0 
3200 5081 5078 0 5450 0 12 0 0 0 
3300 5299 5326 1 5660 0 8 0 0 0 
3400 5471 5458 0 5818 2 17 0 0 0 
3500 5680 5653 0 5996 3 21 0 0 0 
3600 5874 5794 0 6192 4 8 0 0 0 
3700 6087 6050 0 6396 3 19 0 0 0 
3800 6256 6182 0 6544 1 15 0 0 0 
3900 6259 6204 0 6538 1 14 0 0 0 
4000 6234 6199 0 6531 1 10 1 0 0 
4100 6257 6234 2 6546 4 13 4 0 0 
4200 6388 6358 1 6694 5 10 3 0 0 
4300 6575 6505 0 6883 10 13 6 0 0 
4400 6777 6733 0 7106 12 17 8 0 0 
4500 6957 6934 0 7319 9 15 8 0 0 
4600 7102 7125 0 7490 12 18 7 0 0 
4700 7083 7128 0 7495 10 19 7 0 0 
4800 7101 7127 0 7497 12 20 7 0 0 
4900 7117 7146 0 7498 15 24 8 0 0 
5000 7135 7168 0 7541 9 15 4 0 0 
5100 6615 7211 0 7534 17 24 4 0 0 
5200 5957 7245 0 7570 12 20 4 0 0 
5300 5514 7405 0 7696 9 14 3 0 0 
5400 5245 7541 0 7828 8 13 2 0 0 
5500 4954 7696 0 7974 10 13 2 0 0 
5600 4735 7798 1 8078 10 11 2 0 0 
5700 4520 7942 0 8219 12 10 2 0 0 
5800 4281 8095 4 8356 19 10 2 0 0 
5900 4710 8138 1 8406 15 7 1 0 0 
6000 4349 8164 1 8429 17 7 1 0 0 
6100 4034 8273 1 8535 24 7 2 0 0 
6200 3757 8439 0 8696 29 5 1 0 0 
6300 3592 8591 0 8841 19 5 1 0 0 
6400 3456 8750 0 9007 24 4 1 0 0 
6500 3342 8908 0 9179 20 4 3 0 0 
6600 3189 9043 0 9319 22 4 1 0 0 
6700 3058 9245 0 9531 34 8 1 0 0 
6800 2939 9398 0 9694 20 5 1 0 0 
6900 2881 9556 0 9854 23 4 1 0 0 
7000 2809 9691 0 9977 27 3 0 0 0 
7100 2823 9848 0 10132 30 3 0 0 0 
7200 2780 9972 0 10262 27 3 0 0 0 
7300 2766 10110 2 10408 31 4 1 0 0 
7400 2757 10251 1 10544 30 3 0 0 0 
7500 2687 10343 0 10647 44 3 0 0 0 
7600 2662 10419 0 10734 47 3 0 0 0 
7700 2650 10566 2 10887 33 5 1 0 0 
7800 2634 10667 1 10997 43 7 3 0 0 
7900 2553 10827 0 11143 31 4 0 0 0 
8000 2560 9972 0 11138 37 7 0 1 0 
8100 2502 9355 2 11164 37 7 0 1 0 
8200 2453 8865 0 11194 33 9 0 0 0 
8300 2405 8479 3 11237 35 4 0 0 0 
8400 2309 8187 0 11330 32 7 0 1 0 
8500 2299 7878 1 11394 46 3 0 0 0 
8600 2266 7613 2 11489 41 7 0 0 0 
8700 2266 7401 1 11602 44 6 0 4 0 
8800 2191 7172 3 11686 53 5 2 1 0 
8900 2119 6950 0 11758 39 6 0 1 0 
9000 2088 6732 3 11842 42 5 0 3 0 
9100 2020 6515 0 11891 51 6 0 5 0 
9200 1981 6303 6 11968 55 7 2 1 0 
9300 1922 6144 1 12029 47 9 0 5 0 
9400 1885 5956 1 12102 54 7 0 1 0 
9500 1893 5888 1 12094 54 5 0 1 0 
9600 1915 5800 1 12094 58 4 0 0 0 
9700 1945 5643 1 12108 54 12 0 1 0 
9800 1953 5487 2 12104 72 7 0 0 0 
9900 1945 5307 3 12107 64 6 0 0 0 
10000 1974 5158 1 12110 54 10 0 0 0 
