# Avida tasks data
# Sat Apr 15 10:18:06 2023
# First column gives the current update, next columns give the number
# of organisms that have the particular task as a component of their merit
#  1: Update
#  2: Not
#  3: Nand
#  4: And
#  5: OrNot
#  6: Or
#  7: AndNot
#  8: Nor
#  9: Xor
# 10: Equals

0 0 0 0 0 0 0 0 0 0 
100 0 0 0 0 0 0 0 0 0 
200 0 0 0 0 0 0 0 0 0 
300 0 0 0 0 0 0 0 0 0 
400 0 0 0 0 0 0 0 0 0 
500 0 0 0 0 0 0 0 0 0 
600 0 0 0 0 0 0 0 0 0 
700 0 0 0 0 0 0 0 0 0 
800 2 4 0 0 0 0 0 0 0 
900 5 24 0 0 0 0 0 0 0 
1000 60 51 0 0 0 0 0 0 0 
1100 219 92 0 0 0 0 0 0 0 
1200 613 228 0 46 0 0 0 0 0 
1300 1130 841 0 760 147 0 0 0 0 
1400 2031 1350 1 2269 1402 0 0 0 0 
1500 3922 1269 1 4047 3266 6 2 0 0 
1600 5313 1620 0 5034 4811 98 361 0 0 
1700 6011 1817 0 5247 6114 592 1714 0 0 
1800 5973 1740 8 6374 7427 2246 3785 0 0 
1900 5275 1535 7 7195 8264 4000 5285 0 0 
2000 4542 1726 10 7835 8950 5415 6498 0 0 
2100 3948 2258 8 8517 9494 6735 7749 0 0 
2200 3612 2757 7 9007 9978 8075 8689 0 0 
2300 3643 3389 20 9474 10373 8941 9394 0 0 
2400 3913 3929 13 9949 10810 9593 10048 0 0 
2500 4409 4493 14 10336 11183 10295 10620 0 0 
2600 5086 4937 6 10600 11362 10687 10992 0 0 
2700 6041 5500 30 10713 11389 10879 11034 0 0 
2800 6798 6048 23 10903 11562 11220 11196 0 0 
2900 7696 6783 37 11125 11658 11486 11360 0 0 
3000 8411 7331 38 11329 11693 11774 11385 0 0 
3100 9119 7727 21 11491 11702 11947 11491 0 0 
3200 9771 8127 14 11693 11758 12095 11471 0 0 
3300 10132 8747 23 11769 11736 12262 11521 0 0 
3400 10689 9241 36 11929 11797 12408 11581 0 0 
3500 11148 9672 32 11983 11782 12524 11624 0 0 
3600 11627 10237 21 12172 11872 12692 11725 0 0 
3700 11923 10748 38 12164 11940 12640 11630 0 0 
3800 12103 11096 35 12238 11869 12697 11688 0 0 
3900 12367 11322 24 12155 11845 12801 11651 0 0 
4000 12519 11574 28 12351 11953 12820 11764 0 0 
4100 12765 11639 23 12385 12100 12724 11821 0 0 
4200 12791 11830 37 12202 11906 12833 11662 0 0 
4300 12883 11994 24 12187 11819 12869 11668 0 0 
4400 12930 12118 22 12193 11868 12723 11683 0 0 
4500 12966 12281 33 12299 12041 12806 11763 0 0 
4600 12848 12458 11 12153 11819 12873 11648 0 0 
4700 12916 12516 23 12202 11816 12856 11753 0 0 
4800 13008 12524 21 12285 11974 12737 11806 0 0 
4900 13031 12601 24 12237 11878 12717 11760 0 0 
5000 12995 12785 38 12192 11817 12897 11763 0 0 
5100 13082 12757 39 12286 11965 12849 11795 0 0 
