# Avida tasks data
# Sat Apr 15 12:49:57 2023
# First column gives the current update, next columns give the number
# of organisms that have the particular task as a component of their merit
#  1: Update
#  2: Not
#  3: Nand
#  4: And
#  5: OrNot
#  6: Or
#  7: AndNot
#  8: Nor
#  9: Xor
# 10: Equals

0 0 0 0 0 0 0 0 0 0 
100 0 0 0 0 0 0 0 0 0 
200 0 0 0 0 0 0 0 0 0 
300 0 0 0 0 0 0 0 0 0 
400 0 0 0 0 0 0 0 0 0 
500 9 0 0 0 0 0 0 0 0 
600 103 0 0 0 0 0 0 0 0 
700 355 36 0 1 0 0 0 0 0 
800 984 116 0 2 0 0 0 0 0 
900 2189 516 0 32 0 0 0 0 0 
1000 3364 1539 2 110 0 0 0 0 0 
1100 4076 2569 16 190 1229 1332 10 0 0 
1200 6127 4724 22 107 3601 3806 20 0 0 
1300 7570 6578 31 314 5322 5706 41 0 0 
1400 8700 7993 56 827 6677 7115 25 2 0 
1500 9478 9199 48 1422 7846 8273 50 2 0 
1600 10048 9891 53 1992 8574 9114 56 0 0 
1700 10494 10353 51 2760 8942 9479 48 0 0 
1800 10912 10894 55 3465 9433 9999 44 0 0 
1900 11303 11340 58 4380 9887 10476 40 2 0 
2000 11587 11761 64 5349 10148 10780 49 0 0 
2100 11710 11954 76 6382 10360 11018 43 1 0 
2200 11870 12056 75 7157 10447 11053 49 5 0 
2300 12115 12289 57 8040 10671 11248 57 6 0 
2400 12200 12417 61 8797 10833 11411 67 5 0 
2500 12248 12537 62 9465 10830 11428 40 1 0 
2600 12296 12586 71 9968 10995 11585 46 4 0 
2700 12351 12666 55 10682 10962 11480 47 2 0 
2800 12195 12631 78 10379 10922 11513 784 3 0 
2900 12242 12706 61 8835 11080 11719 2338 4 1 
3000 12116 12654 73 7478 10969 11658 3590 3 0 
3100 12223 12691 73 6237 11094 11759 4849 0 0 
3200 12222 12732 79 5204 11104 11796 6001 0 0 
3300 12252 12671 75 4260 11071 11806 6855 1 1 
3400 12272 12690 94 3591 11096 11851 7794 1 0 
3500 12201 12757 80 3351 11047 11931 8308 2 0 
3600 12367 12804 74 3268 11249 12032 9067 2 1 
3700 12292 12795 91 3317 11160 11963 9283 0 0 
3800 12341 12910 89 3653 11308 12157 9807 1 1 
3900 12260 12756 73 3814 11097 11924 9810 2 1 
4000 12487 12787 78 4116 11076 11983 10053 1 1 
4100 12439 12836 73 4531 11209 11985 10323 2 1 
4200 12536 12920 52 5338 11211 12044 10397 2 1 
4300 12528 12929 55 5927 11210 12018 10441 1 1 
4400 12441 12889 58 6631 11155 11997 10459 2 0 
4500 12493 12905 45 7227 11100 11979 10412 5 3 
4600 12484 12817 44 7767 11117 11913 10395 7 7 
4700 12581 12986 38 8407 11165 11972 10404 9 9 
4800 12551 13014 46 8970 11213 12042 10493 7 7 
4900 12611 13002 52 9449 11242 12071 10472 2 2 
5000 12608 13046 36 10009 11354 12102 10644 2 2 
5100 12712 12978 38 10418 11125 11952 10407 2 0 
5200 12658 13050 31 10844 11279 12077 10513 3 3 
5300 12719 13040 30 11130 11271 12089 10579 6 6 
5400 12738 12970 38 11523 11163 11981 10444 0 0 
5500 12672 12985 47 11530 11155 12023 10408 4 4 
5600 12764 12998 31 11692 11133 11908 10428 5 4 
5700 12730 12995 37 11880 11156 11946 10451 0 0 
5800 12672 13108 43 11876 11320 12027 10509 10 8 
5900 12795 13135 37 11935 11328 12099 10558 2 4 
6000 12626 13071 61 11879 11154 11985 10530 1 1 
6100 12771 13019 46 11885 11228 11964 10436 13 7 
6200 12745 13084 42 11809 11207 12050 10487 7 6 
6300 12725 13113 35 11831 11350 12072 10563 0 0 
6400 12725 13105 57 11874 11262 12050 10526 2 0 
6500 12704 13107 32 11751 11227 12058 10504 6 6 
6600 12821 13099 54 11994 11404 12101 10640 5 5 
6700 12913 13171 36 12108 11266 12145 10517 5 5 
6800 12908 13074 63 12141 11217 12033 10464 1 1 
6900 12868 13115 58 12158 11304 12089 10502 1 1 
7000 12908 13178 51 12199 11384 12178 10597 2 2 
7100 12997 13168 49 12131 11409 12152 10595 1 0 
7200 12941 13204 59 12059 11386 12099 10643 2 2 
7300 12912 13084 36 12189 11190 12015 10399 5 3 
7400 12919 13179 32 12230 11308 12109 10591 2 2 
7500 12937 13243 44 11993 11411 12201 10591 2 2 
7600 12980 13134 60 12093 11278 12071 10616 0 0 
7700 12925 13221 52 12165 11429 12155 10636 1 3 
7800 12921 13186 40 12270 11343 12156 10588 6 5 
7900 12915 13216 47 12224 11365 12164 10620 0 0 
8000 13030 13270 38 12275 11444 12240 10729 3 0 
8100 12959 13229 37 12365 11418 12181 10661 3 3 
8200 12965 13215 49 12255 11400 12177 10606 1 1 
8300 13002 13172 37 12384 11368 12111 10554 1 24 
8400 13004 13218 55 12454 11405 12180 10540 2 89 
8500 12956 13236 57 12224 11166 12065 10245 0 190 
8600 12964 13328 65 12376 11404 12186 10235 1 336 
8700 12824 13196 45 12336 11406 12213 9998 0 634 
8800 12917 13262 51 12202 11484 12251 9755 2 915 
8900 12889 13180 44 12192 11341 12070 9338 3 1215 
9000 12980 13281 54 12321 11562 12333 9239 0 1561 
9100 12943 13307 70 12320 11470 12288 8821 3 1892 
9200 12923 13198 56 12178 11321 12126 8344 1 2291 
9300 12941 13346 48 12242 11635 12312 8214 0 2638 
9400 12939 13319 65 12274 11263 12221 7630 4 3022 
9500 12926 13283 60 12210 10950 12178 7228 4 3433 
9600 12927 13167 52 11519 10785 12146 6713 1 3841 
9700 12867 13109 58 10521 11137 12179 6420 0 4150 
9800 12891 13155 62 10309 11332 12207 6151 1 4519 
9900 12813 13163 51 10062 11346 12169 5637 3 4983 
10000 12843 13108 49 10761 11215 12115 5144 3 5402 
