# Avida tasks data
# Sat Apr 15 10:56:28 2023
# First column gives the current update, next columns give the number
# of organisms that have the particular task as a component of their merit
#  1: Update
#  2: Not
#  3: Nand
#  4: And
#  5: OrNot
#  6: Or
#  7: AndNot
#  8: Nor
#  9: Xor
# 10: Equals

0 0 0 0 0 0 0 0 0 0 
100 0 0 0 0 0 0 0 0 0 
200 0 0 0 0 0 0 0 0 0 
300 0 0 0 0 0 0 0 0 0 
400 0 0 0 0 0 0 0 0 0 
500 0 0 0 0 0 0 0 0 0 
600 5 0 0 0 0 0 0 0 0 
700 0 0 0 0 0 0 0 0 0 
800 0 7 0 0 0 0 0 0 0 
900 13 19 0 0 0 0 0 0 0 
1000 52 27 0 0 0 0 0 0 0 
1100 297 83 0 246 0 0 0 0 0 
1200 724 563 0 825 153 4 0 0 0 
1300 723 560 0 825 154 4 0 0 0 
1400 510 517 0 1411 913 0 0 0 0 
1500 522 1167 0 3243 2770 0 0 0 0 
1600 523 1169 0 3243 2768 0 0 0 0 
1700 523 1169 0 3243 2768 0 0 0 0 
1800 523 1169 0 3243 2768 0 0 0 0 
1900 523 1169 0 3243 2768 0 0 0 0 
2000 523 1169 0 3243 2768 0 0 0 0 
2100 523 1169 0 3243 2768 0 0 0 0 
2200 523 1169 0 3243 2768 0 0 0 0 
2300 523 1169 0 3243 2768 0 0 0 0 
2400 523 1169 0 3243 2768 0 0 0 0 
2500 522 1170 0 3241 2767 0 0 0 0 
2600 521 1170 0 3241 2766 0 0 0 0 
2700 521 1170 0 3241 2766 0 0 0 0 
2800 521 1170 0 3241 2766 0 0 0 0 
2900 521 1170 0 3241 2766 0 0 0 0 
3000 521 1170 0 3241 2766 0 0 0 0 
3100 521 1170 0 3241 2766 0 0 0 0 
3200 521 1170 0 3241 2766 0 0 0 0 
3300 521 1170 0 3240 2766 0 0 0 0 
3400 521 1170 0 3241 2766 0 0 0 0 
3500 521 1170 0 3241 2766 0 0 0 0 
3600 521 1170 0 3241 2766 0 0 0 0 
3700 521 1170 0 3241 2766 0 0 0 0 
3800 521 1170 0 3241 2766 0 0 0 0 
3900 521 1170 0 3241 2766 0 0 0 0 
4000 521 1170 0 3241 2766 0 0 0 0 
4100 521 1170 0 3241 2766 0 0 0 0 
4200 521 1170 0 3241 2766 0 0 0 0 
4300 521 1170 0 3241 2766 0 0 0 0 
4400 521 1170 0 3241 2766 0 0 0 0 
4500 521 1170 0 3241 2766 0 0 0 0 
4600 521 1170 0 3241 2766 0 0 0 0 
4700 521 1170 0 3241 2766 0 0 0 0 
4800 521 1170 0 3240 2766 0 0 0 0 
4900 521 1170 0 3240 2766 0 0 0 0 
5000 521 1170 0 3241 2766 0 0 0 0 
5100 521 1170 0 3241 2766 0 0 0 0 
5200 521 1170 0 3241 2766 0 0 0 0 
5300 521 1170 0 3241 2766 0 0 0 0 
5400 521 1170 0 3241 2766 0 0 0 0 
5500 521 1170 0 3241 2766 0 0 0 0 
5600 521 1170 0 3241 2766 0 0 0 0 
5700 521 1170 0 3241 2766 0 0 0 0 
5800 521 1170 0 3241 2766 0 0 0 0 
5900 521 1170 0 3241 2766 0 0 0 0 
6000 521 1170 0 3241 2766 0 0 0 0 
6100 521 1170 0 3241 2766 0 0 0 0 
6200 521 1170 0 3240 2766 0 0 0 0 
6300 521 1170 0 3241 2766 0 0 0 0 
6400 521 1170 0 3241 2766 0 0 0 0 
6500 521 1170 0 3241 2766 0 0 0 0 
6600 521 1170 0 3241 2766 0 0 0 0 
6700 521 1170 0 3241 2766 0 0 0 0 
6800 521 1170 0 3241 2766 0 0 0 0 
6900 521 1170 0 3241 2766 0 0 0 0 
7000 521 1170 0 3240 2766 0 0 0 0 
7100 521 1170 0 3241 2766 0 0 0 0 
7200 521 1170 0 3241 2766 0 0 0 0 
7300 521 1170 0 3241 2766 0 0 0 0 
7400 521 1170 0 3241 2766 0 0 0 0 
7500 521 1170 0 3241 2766 0 0 0 0 
7600 521 1170 0 3241 2766 0 0 0 0 
7700 521 1170 0 3241 2766 0 0 0 0 
7800 521 1170 0 3241 2766 0 0 0 0 
7900 521 1170 0 3241 2766 0 0 0 0 
8000 521 1170 0 3241 2766 0 0 0 0 
8100 521 1170 0 3241 2766 0 0 0 0 
8200 521 1170 0 3241 2766 0 0 0 0 
8300 521 1170 0 3241 2766 0 0 0 0 
8400 521 1170 0 3241 2766 0 0 0 0 
8500 521 1170 0 3241 2766 0 0 0 0 
8600 521 1170 0 3241 2766 0 0 0 0 
8700 521 1170 0 3241 2766 0 0 0 0 
8800 521 1170 0 3241 2766 0 0 0 0 
8900 521 1170 0 3241 2766 0 0 0 0 
9000 521 1170 0 3241 2765 0 0 0 0 
9100 521 1170 0 3241 2765 0 0 0 0 
9200 521 1170 0 3241 2765 0 0 0 0 
9300 521 1170 0 3241 2765 0 0 0 0 
9400 521 1170 0 3241 2765 0 0 0 0 
9500 521 1170 0 3241 2765 0 0 0 0 
9600 521 1170 0 3241 2765 0 0 0 0 
9700 521 1170 0 3241 2765 0 0 0 0 
9800 521 1170 0 3240 2765 0 0 0 0 
9900 521 1170 0 3241 2765 0 0 0 0 
