# Avida tasks data
# Sat Apr 15 12:09:59 2023
# First column gives the current update, next columns give the number
# of organisms that have the particular task as a component of their merit
#  1: Update
#  2: Not
#  3: Nand
#  4: And
#  5: OrNot
#  6: Or
#  7: AndNot
#  8: Nor
#  9: Xor
# 10: Equals

0 0 0 0 0 0 0 0 0 0 
100 0 0 0 0 0 0 0 0 0 
200 0 0 0 0 0 0 0 0 0 
300 0 0 0 0 0 0 0 0 0 
400 0 0 0 0 0 0 0 0 0 
500 11 0 0 0 0 0 0 0 0 
600 55 0 0 0 0 0 0 0 0 
700 75 0 0 0 0 0 0 0 0 
800 71 12 0 297 0 0 0 0 0 
900 67 796 0 1369 43 0 0 0 0 
1000 848 470 0 2121 1485 3 0 0 0 
1100 2525 280 0 2999 2845 248 0 0 0 
1200 3602 207 1 3409 3898 801 1 0 0 
1300 4511 156 6 3837 4656 1830 20 0 0 
1400 4852 176 7 4440 4943 2897 24 0 0 
1500 5347 222 2 5156 5429 3795 41 0 0 
1600 5937 561 246 5855 5878 4582 68 0 0 
1700 6482 694 1218 6283 6224 5239 61 0 3 
1800 7897 783 2822 7558 7560 6534 100 0 0 
1900 9232 865 4284 8954 8795 7745 146 0 0 
2000 10453 866 5639 10138 9828 8738 159 0 2 
2100 11318 1031 6780 11076 10665 9675 170 0 3 
2200 11783 1189 7568 11557 11153 10140 697 0 3 
2300 12056 1541 8280 11761 11333 10430 1421 0 5 
2400 12103 1841 8656 11788 11401 10503 2051 0 2 
2500 12200 2273 9153 11819 11423 10637 2741 0 6 
2600 12099 2954 9370 11822 11388 10552 3403 0 4 
2700 12168 4168 9647 11876 11460 10696 4187 0 2 
2800 12176 5282 9792 11919 11474 10736 4811 0 5 
2900 12177 6182 10001 11875 11497 10756 5604 0 3 
3000 12258 6929 10228 11985 11569 10842 6436 0 7 
3100 12315 7695 10191 12015 11559 10852 7046 2 3 
3200 12263 8438 10193 11974 11495 10858 7614 2 4 
3300 12267 9082 10313 11988 11583 10863 8308 1 2 
3400 12352 9740 10443 11982 11578 10929 8946 0 4 
3500 12463 10270 10418 11933 11542 10891 9415 0 4 
3600 12350 10729 10516 12022 11677 10992 9930 2 5 
3700 12419 11142 10570 12021 11698 10978 10340 0 3 
3800 12560 11404 10528 11990 11577 10952 10626 0 7 
3900 12597 11756 10677 12181 11747 11126 11106 0 4 
4000 12565 12029 10727 12205 11750 11165 11362 0 5 
4100 12518 12346 10418 12081 11571 10950 11478 0 5 
4200 12646 12535 10715 12308 11833 11194 11851 1 1 
4300 12676 12748 10617 12135 11779 11101 11829 0 10 
4400 12667 12884 10724 12147 11736 11166 11967 0 0 
4500 12734 13137 10767 12226 11841 11257 12115 0 3 
4600 12757 13253 10758 12279 11842 11270 12159 0 3 
4700 12777 13165 10677 12216 11768 11118 12111 0 4 
4800 12753 13140 10817 12261 11861 11236 12103 0 3 
