# Avida tasks data
# Sat Apr 15 14:13:38 2023
# First column gives the current update, next columns give the number
# of organisms that have the particular task as a component of their merit
#  1: Update
#  2: Not
#  3: Nand
#  4: And
#  5: OrNot
#  6: Or
#  7: AndNot
#  8: Nor
#  9: Xor
# 10: Equals

0 0 0 0 0 0 0 0 0 0 
100 0 0 0 0 0 0 0 0 0 
200 0 0 0 0 0 0 0 0 0 
300 0 0 0 0 0 0 0 0 0 
400 0 0 0 0 0 0 0 0 0 
500 28 0 0 0 0 0 0 0 0 
600 210 10 0 343 3 0 0 0 0 
700 1958 476 0 2601 1658 0 0 0 0 
800 4227 930 0 5326 4039 0 0 0 0 
900 7065 2035 0 8228 6725 2 0 0 0 
1000 9108 4037 0 10116 8502 0 0 0 0 
1100 9795 5516 0 10639 9056 3 0 0 0 
1200 10476 6759 0 11177 9748 0 0 0 0 
1300 10968 7864 2 11338 10018 19 0 0 0 
1400 11443 8974 0 11528 10427 24 0 0 0 
1500 11752 9968 0 11807 10908 57 0 0 0 
1600 11964 10751 0 11773 11033 145 0 0 0 
1700 12164 11305 0 11855 11109 248 0 0 0 
1800 12326 11694 1 11837 11114 464 2 0 0 
1900 12378 11887 0 11869 11215 734 0 0 0 
2000 12418 11849 4 11861 11270 1028 1 0 0 
2100 12434 11836 102 11896 11311 1442 0 0 0 
2200 12426 12396 111 11810 11306 2063 0 0 0 
2300 12404 12692 911 11787 11306 2292 1 0 0 
2400 12493 12694 2278 11917 11412 2207 2 0 0 
2500 12524 12622 3515 11840 11314 1984 0 0 0 
2600 12456 12663 5160 11894 11386 1855 0 0 0 
2700 12519 12518 6268 11907 11415 1839 0 0 0 
2800 12470 12418 7546 11861 11326 1829 1 0 0 
2900 12609 12334 8777 11962 11409 1771 0 0 0 
3000 12590 12294 9871 11892 11451 1596 0 0 0 
3100 12568 12305 10813 11820 11300 1373 2 0 0 
3200 12611 12373 11549 11857 11407 1186 2 0 0 
3300 12695 12514 12182 11988 11555 857 4 0 0 
3400 12606 12590 12498 11865 11420 695 2 0 0 
3500 12717 12653 12769 12063 11541 611 0 0 0 
3600 12600 12752 12886 12070 11523 591 2 0 0 
3700 12703 12689 12995 11953 11455 580 4 0 0 
3800 12588 12722 13003 11969 11509 670 4 0 0 
3900 12681 12475 13015 11979 11459 957 7 0 0 
4000 12698 12292 13105 12029 11592 1221 3 0 0 
4100 12725 11754 12998 12026 11540 1686 9 0 0 
4200 12785 11398 13166 12057 11529 2220 7 0 0 
4300 12723 10633 13140 12042 11505 2871 13 0 0 
4400 12695 9895 13094 11983 11524 3619 10 0 0 
4500 12704 9099 13089 11886 11335 4486 13 0 0 
4600 12801 8248 13104 12071 11508 5430 18 0 0 
4700 12720 7359 13083 11940 11339 6272 34 0 0 
4800 12698 6483 13156 12030 11374 7168 27 0 0 
4900 12735 5522 13126 11980 11403 8121 25 0 0 
5000 12727 4736 13113 12056 11510 8884 27 0 0 
5100 12727 4037 13110 11917 11343 9496 19 0 0 
5200 12818 3493 13125 11921 11403 10219 36 0 0 
5300 12849 2841 13135 11937 11418 10752 37 0 0 
5400 12855 2552 13128 11962 11377 11217 40 0 0 
5500 12843 2660 13158 12064 11442 11624 26 0 0 
5600 12869 3416 13144 12027 11438 11881 40 0 0 
5700 12907 4148 13102 12093 11523 12125 35 0 0 
5800 12957 5048 13231 12012 11536 12369 29 0 0 
5900 13066 6040 13235 12116 11684 12530 40 0 0 
6000 13113 6941 13216 12102 11681 12694 34 0 0 
6100 13148 8153 13248 12032 11672 12796 32 0 0 
6200 13215 9294 13194 12051 11715 12877 25 0 0 
6300 13273 10332 13307 12134 11769 13122 21 0 0 
6400 13410 11437 13256 12324 12011 13177 28 0 0 
6500 13358 12025 13231 12106 11854 13307 25 0 0 
6600 13422 12554 13249 12279 11963 13357 27 0 0 
6700 13425 12688 13296 12196 12016 13313 28 0 0 
6800 13521 12929 13327 12337 12099 13402 21 0 0 
6900 13522 12974 13340 12380 12112 13378 23 0 0 
7000 13416 13005 13276 12198 11924 13289 35 0 0 
7100 13511 12996 13232 12236 11939 13354 32 0 0 
7200 13455 13128 13298 12231 11962 13407 33 0 0 
7300 13486 13088 13291 12238 11953 13365 18 0 0 
7400 13448 13160 13297 12180 11862 13351 39 0 0 
7500 13528 13129 13266 12325 12028 13352 34 0 0 
7600 13449 13071 13248 12264 12041 13380 39 0 0 
7700 13506 13204 13334 12225 11955 13369 31 0 0 
7800 13487 13149 13342 12284 11995 13400 22 0 0 
7900 13449 13109 13291 12273 11997 13455 27 0 0 
8000 13462 13157 13337 12267 12023 13481 26 0 0 
8100 13469 13155 13258 12292 11978 13445 25 0 0 
8200 13450 13173 13341 12271 11978 13405 27 0 0 
8300 13506 13159 13362 12261 11994 13417 30 0 0 
8400 13484 13128 13242 12276 12016 13361 41 0 0 
8500 13433 13197 13317 12190 11957 13370 26 0 0 
8600 13439 13218 13326 12239 12021 13394 36 0 0 
8700 13442 13043 13281 12227 11975 13391 27 0 0 
8800 13482 13175 13312 12236 12029 13320 29 0 0 
8900 13466 13133 13271 12283 12051 13292 29 0 0 
9000 13461 13141 13233 12194 11871 13369 36 0 0 
9100 13488 13236 13362 12348 12001 13405 22 0 0 
9200 13481 13193 13339 12383 12084 13424 31 0 0 
9300 13532 13215 13278 12325 12001 13412 41 0 0 
9400 13438 13203 13387 12288 11970 13497 36 0 0 
9500 13506 13154 13310 12255 12000 13384 39 0 0 
9600 13557 13277 13326 12394 12154 13428 25 0 0 
9700 13535 13243 13365 12360 12131 13439 28 0 0 
9800 13529 13228 13317 12300 12094 13391 42 0 0 
9900 13506 13241 13329 12386 12140 13430 27 0 0 
10000 13441 13266 13331 12301 12095 13400 25 0 0 
