# Avida tasks data
# Sat Apr 15 13:26:10 2023
# First column gives the current update, next columns give the number
# of organisms that have the particular task as a component of their merit
#  1: Update
#  2: Not
#  3: Nand
#  4: And
#  5: OrNot
#  6: Or
#  7: AndNot
#  8: Nor
#  9: Xor
# 10: Equals

0 0 0 0 0 0 0 0 0 0 
100 0 0 0 0 0 0 0 0 0 
200 0 0 0 0 0 0 0 0 0 
300 0 0 0 0 0 0 0 0 0 
400 0 0 0 0 0 0 0 0 0 
500 12 0 0 0 0 0 0 0 0 
600 603 123 0 0 0 0 0 0 0 
700 1425 1034 0 8 0 0 0 0 0 
800 2604 2738 0 217 0 0 0 0 0 
900 3805 4508 0 1236 3 0 0 0 0 
1000 5493 6207 0 3837 4 0 0 0 0 
1100 7433 8179 0 6338 13 0 0 0 0 
1200 8820 9423 0 8236 23 0 0 0 0 
1300 9791 10315 0 9653 22 5 0 0 0 
1400 10406 10881 0 10460 22 48 0 0 0 
1500 10979 11346 417 11194 34 198 0 0 0 
1600 11386 11693 1684 11733 42 267 0 0 0 
1700 11543 11764 2840 12028 55 288 0 0 0 
1800 11879 11966 4084 12231 83 232 0 0 0 
1900 11992 12096 5156 12446 85 225 0 0 0 
2000 12222 12190 6087 12610 102 214 0 0 0 
2100 12464 12419 7262 12932 90 181 0 0 0 
2200 12519 12579 8103 13111 98 174 2 0 0 
2300 12830 12729 9114 13335 69 164 150 0 0 
2400 12856 12769 9684 13448 66 130 411 0 0 
2500 12919 12889 9915 13455 56 80 758 0 0 
2600 12914 12990 9953 13545 11 81 1185 0 0 
2700 12943 12955 9915 13526 10 161 1545 0 0 
2800 12940 12906 9607 13497 16 261 2026 0 0 
2900 12926 12998 9174 13459 16 365 2547 0 0 
3000 12829 12968 8621 13516 11 452 3040 0 0 
3100 12890 12959 8229 13547 14 622 3526 0 0 
3200 12809 12962 7719 13524 10 811 4082 0 0 
3300 12777 13012 7272 13488 11 935 4650 0 0 
3400 12850 13099 6797 13568 5 1078 5219 0 0 
3500 12838 13105 6256 13538 19 1225 5784 0 0 
3600 12746 13064 5502 13589 16 1302 6510 0 0 
3700 12583 13042 4933 13519 19 1428 7069 0 0 
3800 12620 13062 4327 13546 16 1441 7735 0 0 
3900 12695 13198 3854 13550 11 1453 8361 0 0 
4000 12807 13222 3469 13649 12 1652 8828 0 0 
4100 12770 13190 3090 13610 20 1738 9183 0 0 
4200 12726 13219 2711 13589 22 1828 9498 0 0 
4300 12719 13213 2503 13635 20 1905 9782 1 0 
4400 12673 13170 2355 13553 21 1869 9995 0 0 
4500 12790 13311 2164 13618 9 1954 10208 0 0 
4600 12790 13211 2030 13589 18 1997 10338 5 0 
4700 12840 13324 1804 13662 20 1929 10628 0 0 
4800 12855 13287 1761 13672 16 1993 10686 0 0 
4900 12759 13259 1824 13615 9 2046 10588 0 0 
5000 12922 13210 1712 13629 12 2112 10650 0 0 
5100 12847 13219 1606 13601 15 2151 10774 0 0 
5200 12943 13292 1600 13606 14 2317 10790 0 0 
5300 12905 13299 1476 13584 6 2319 10994 0 0 
5400 13017 13299 1436 13672 15 2534 11002 0 0 
5500 13010 13307 1382 13671 12 2821 11098 0 0 
5600 13043 13279 1321 13727 9 3282 11117 0 0 
5700 13072 13302 2033 13716 8 3607 11309 0 0 
5800 12917 13349 3636 13739 13 4409 11327 0 0 
5900 13045 13396 5434 13692 10 5823 11369 0 0 
6000 13058 13395 6765 13698 14 7011 11547 0 0 
6100 12896 13369 7911 13671 8 7810 11812 0 0 
6200 12901 13367 8969 13650 15 8558 12075 0 0 
6300 12951 13422 10084 13698 13 9382 12332 0 0 
6400 12981 13478 10876 13776 10 10353 12479 0 0 
6500 13031 13498 11556 13732 19 11017 12554 0 0 
6600 13057 13417 12138 13698 19 11661 12443 0 0 
6700 12973 13452 12522 13712 24 11845 12412 0 2 
6800 13048 13427 12710 13702 20 12269 12547 0 0 
6900 13049 13421 13040 13758 19 12770 12581 0 0 
7000 13185 13394 13051 13735 26 12901 12579 0 0 
7100 13030 13396 12978 13746 9 12962 12599 0 0 
7200 13124 13492 13150 13730 13 13121 12613 0 0 
7300 13162 13386 13098 13795 20 13022 12579 0 0 
7400 13109 13408 13109 13712 17 13027 12561 0 0 
7500 13088 13412 13103 13734 13 12993 12582 0 0 
7600 13174 13389 13137 13651 20 13021 12594 0 0 
7700 13085 13371 13138 13703 17 13183 12506 0 0 
7800 13152 13387 13145 13683 19 13101 12509 0 0 
7900 13207 13467 13199 13739 19 13132 12665 0 0 
8000 13094 13369 13096 13658 16 13025 12445 0 0 
8100 13165 13438 13180 13719 12 13078 12636 0 0 
8200 13145 13390 13108 13728 14 13014 12519 0 2 
8300 13179 13440 13102 13724 29 12999 12625 0 0 
8400 13161 13392 13165 13722 10 13087 12573 0 0 
8500 13131 13447 13161 13711 28 13107 12593 0 0 
8600 13076 13382 13136 13730 19 13036 12544 0 0 
8700 13135 13442 13045 13692 22 13053 12575 0 0 
8800 13111 13350 13097 13670 16 12988 12549 0 0 
8900 13233 13367 13069 13736 20 13042 12538 0 0 
9000 13169 13375 13074 13674 11 12983 12606 0 0 
9100 13217 13372 13171 13609 17 13059 12493 0 0 
9200 13128 13353 13153 13668 21 13123 12503 0 0 
9300 13133 13415 13112 13692 23 13063 12584 0 0 
9400 13189 13423 13116 13715 20 13068 12616 0 0 
9500 13156 13372 13076 13639 17 13081 12512 0 0 
9600 13131 13439 13170 13713 13 13044 12647 0 0 
9700 13186 13397 13113 13673 8 13082 12640 0 0 
9800 13160 13387 13154 13737 12 13112 12662 0 0 
9900 13189 13400 13184 13682 17 13082 12592 0 0 
10000 13192 13386 13138 13677 24 13072 12597 0 0 
