# Avida tasks data
# Sat Apr 15 16:27:45 2023
# First column gives the current update, next columns give the number
# of organisms that have the particular task as a component of their merit
#  1: Update
#  2: Not
#  3: Nand
#  4: And
#  5: OrNot
#  6: Or
#  7: AndNot
#  8: Nor
#  9: Xor
# 10: Equals

0 0 0 0 0 0 0 0 0 0 
100 0 0 0 0 0 0 0 0 0 
200 0 0 0 0 0 0 0 0 0 
300 0 0 0 0 0 0 0 0 0 
400 0 0 0 0 0 0 0 0 0 
500 0 504 0 4 0 0 0 0 0 
600 1 2297 0 87 0 0 0 0 0 
700 1367 3370 89 623 0 4 0 0 0 
800 2814 4051 479 1635 299 10 390 0 0 
900 3343 4423 144 2007 1526 5 1571 0 0 
1000 4164 4973 46 2689 2610 4 2664 0 0 
1100 5256 5750 7 3635 3755 2 3800 0 0 
1200 6559 6780 5 4790 4984 4 5102 0 0 
1300 8393 8497 0 6612 6715 1 6828 0 0 
1400 10268 10290 0 8415 8503 3 8642 0 0 
1500 11994 11859 1 10095 9891 1 10095 0 0 
1600 12988 12829 4 11357 10994 3 11197 0 1 
1700 13283 13165 11 11974 11500 4 11610 0 0 
1800 13277 13167 20 12256 11545 3 11650 0 0 
1900 13230 13064 27 12565 11366 5 11563 0 0 
2000 13247 13073 28 12609 11405 3 11558 0 0 
2100 13284 13129 16 12797 11418 9 11622 0 1 
2200 13315 13136 56 12893 11518 2 11650 0 43 
2300 13151 13087 247 12548 11384 13 11570 0 1508 
2400 13020 13107 878 12459 11405 15 11603 1 1983 
2500 12975 13116 1300 11917 11402 17 11629 1 2428 
2600 12764 13125 1632 11572 11384 14 11653 1 2755 
2700 12408 13142 1847 11378 11407 16 11704 3 2997 
