# Avida tasks data
# Sat Apr 15 17:19:27 2023
# First column gives the current update, next columns give the number
# of organisms that have the particular task as a component of their merit
#  1: Update
#  2: Not
#  3: Nand
#  4: And
#  5: OrNot
#  6: Or
#  7: AndNot
#  8: Nor
#  9: Xor
# 10: Equals

0 0 0 0 0 0 0 0 0 0 
100 0 0 0 0 0 0 0 0 0 
200 0 0 0 0 0 0 0 0 0 
300 0 0 0 0 0 0 0 0 0 
400 0 0 0 0 0 0 0 0 0 
500 0 0 0 0 0 0 0 0 0 
600 0 0 0 0 0 0 0 0 0 
700 0 0 0 0 0 0 0 0 0 
800 1297 1310 0 33 0 0 0 0 0 
900 4018 3990 8 90 0 0 0 0 0 
1000 7065 6787 3 1907 9 0 0 0 0 
1100 8566 8257 0 3587 24 0 0 0 0 
1200 9822 9421 0 5330 47 1 0 0 0 
1300 10653 10265 37 6792 51 3 0 0 0 
1400 11210 10848 914 7829 58 17 0 0 0 
1500 11576 11125 1776 8598 54 38 0 0 0 
1600 12051 11559 2642 9332 49 48 0 0 0 
1700 12355 11845 3652 9946 42 39 0 0 0 
1800 12489 12042 4359 10380 47 34 0 0 0 
1900 12645 12189 5156 10899 38 53 0 0 0 
2000 12703 12237 5953 11241 68 65 1 0 0 
2100 12731 12285 6656 11754 56 52 0 0 0 
2200 12734 12296 7439 12125 45 89 0 0 0 
2300 12847 12347 8159 12538 49 77 0 0 0 
2400 12841 12472 8753 12730 46 84 0 0 0 
2500 12873 12421 9230 12928 35 86 0 0 0 
2600 12948 12451 9543 13016 40 125 0 0 0 
2700 12862 12483 9891 13006 26 93 1 0 0 
2800 12957 12515 10113 13095 22 110 0 0 0 
2900 12990 12481 10267 13058 23 114 0 0 0 
3000 12969 12547 10576 13146 22 91 0 0 0 
3100 12983 12445 10802 13197 17 111 0 0 0 
3200 12910 12553 11068 13197 7 96 0 0 0 
3300 13006 12606 11253 13218 17 75 0 0 0 
3400 12962 12543 11310 13224 18 82 0 0 0 
3500 12912 12494 11431 13346 15 97 1 0 0 
3600 12931 12597 11462 13276 18 109 0 0 0 
3700 12950 12594 11481 13321 9 96 1 0 0 
3800 12944 12597 11566 13262 8 92 0 0 0 
3900 13022 12610 11617 13253 10 95 0 0 0 
4000 12920 12613 11527 13336 9 101 0 0 0 
4100 12991 12621 11569 13329 9 118 0 0 0 
4200 12962 12690 11613 13315 9 97 1 0 0 
4300 12949 12664 11639 13326 7 148 0 0 0 
4400 12929 12607 11625 13247 16 204 1 0 0 
4500 12904 12679 11676 13317 5 292 2 0 0 
4600 12970 12674 11706 13358 3 364 2 0 0 
4700 12951 12741 11715 13303 5 522 0 0 0 
4800 12894 12739 11727 13340 6 645 5 0 0 
4900 13088 12759 11822 13270 5 822 10 0 0 
5000 12914 12820 11731 13301 10 1027 11 0 0 
5100 12907 12673 11640 13261 10 1349 12 0 0 
5200 12881 12738 11744 13303 11 1658 4 0 0 
5300 12846 12791 11712 13353 11 2145 9 0 0 
