# Avida tasks data
# Sat Apr 15 13:24:30 2023
# First column gives the current update, next columns give the number
# of organisms that have the particular task as a component of their merit
#  1: Update
#  2: Not
#  3: Nand
#  4: And
#  5: OrNot
#  6: Or
#  7: AndNot
#  8: Nor
#  9: Xor
# 10: Equals

0 0 0 0 0 0 0 0 0 0 
100 0 0 0 0 0 0 0 0 0 
200 0 0 0 0 0 0 0 0 0 
300 0 0 0 0 0 0 0 0 0 
400 0 0 0 0 0 0 0 0 0 
500 0 0 0 0 0 0 0 0 0 
600 9 27 0 0 0 0 0 0 0 
700 61 342 0 2 0 0 0 0 0 
800 569 933 0 11 0 0 0 0 0 
900 1312 1678 0 39 0 0 0 0 0 
1000 2009 2429 0 65 0 0 0 0 0 
1100 2516 2999 0 80 0 296 0 0 0 
1200 3245 3846 3 122 0 1239 0 0 0 
1300 3333 3919 10 127 0 1367 0 0 0 
1400 3426 4009 12 152 0 1449 0 0 0 
1500 3696 4273 7 192 0 1705 0 0 0 
1600 3757 4320 12 234 0 2058 0 0 0 
1700 3825 4351 15 275 0 2445 0 0 0 
1800 3922 4431 14 274 0 2584 0 0 0 
1900 4470 4981 30 326 0 3104 0 0 0 
2000 4887 5399 51 379 0 3529 0 0 0 
2100 5531 6050 63 419 0 4145 2 0 0 
2200 6146 6676 80 471 0 4705 1 0 0 
2300 7010 7554 92 542 0 5568 0 0 0 
2400 7736 8290 114 590 0 6294 0 0 0 
2500 8361 8935 116 666 0 6943 0 0 0 
