# Avida tasks data
# Sat Apr 15 10:36:02 2023
# First column gives the current update, next columns give the number
# of organisms that have the particular task as a component of their merit
#  1: Update
#  2: Not
#  3: Nand
#  4: And
#  5: OrNot
#  6: Or
#  7: AndNot
#  8: Nor
#  9: Xor
# 10: Equals

0 0 0 0 0 0 0 0 0 0 
100 0 0 0 0 0 0 0 0 0 
200 0 0 0 0 0 0 0 0 0 
300 0 0 0 0 0 0 0 0 0 
400 0 0 0 0 0 0 0 0 0 
500 0 0 0 0 0 0 0 0 0 
600 0 0 0 0 0 0 0 0 0 
700 1 0 0 0 0 0 0 0 0 
800 9 14 0 0 0 0 0 0 0 
900 36 292 0 213 0 0 0 0 0 
1000 173 412 0 2080 1665 6 0 0 0 
1100 205 424 0 2724 2298 6 0 0 0 
1200 207 424 0 2913 2478 6 0 0 0 
1300 192 410 0 3059 2654 6 0 0 0 
1400 194 408 0 3237 2841 6 0 0 0 
1500 199 408 0 3500 3085 6 0 0 0 
1600 204 406 0 3754 3342 6 0 0 0 
1700 205 417 0 3903 3509 6 0 0 0 
1800 215 412 0 4091 3662 6 0 0 0 
1900 229 420 0 4301 3856 2 0 0 0 
2000 198 415 0 4391 3958 2 0 0 0 
2100 195 419 0 4469 4033 2 0 0 0 
2200 204 422 0 4566 4129 2 0 0 0 
2300 219 436 0 4754 4294 1 0 0 0 
2400 212 445 0 4818 4367 0 0 0 0 
