# Avida tasks data
# Sat Apr 15 18:04:22 2023
# First column gives the current update, next columns give the number
# of organisms that have the particular task as a component of their merit
#  1: Update
#  2: Not
#  3: Nand
#  4: And
#  5: OrNot
#  6: Or
#  7: AndNot
#  8: Nor
#  9: Xor
# 10: Equals

0 0 0 0 0 0 0 0 0 0 
100 0 0 0 0 0 0 0 0 0 
200 0 0 0 0 0 0 0 0 0 
300 0 0 0 0 0 0 0 0 0 
400 0 0 0 0 0 0 0 0 0 
500 0 0 0 0 0 0 0 0 0 
600 0 0 0 0 0 0 0 0 0 
700 0 0 0 0 0 0 0 0 0 
800 626 0 0 2 0 0 0 0 0 
900 2114 1890 0 16 0 0 0 0 0 
1000 3349 3270 0 1510 3 0 0 0 0 
1100 4517 4365 0 3077 4 0 0 0 0 
1200 5984 5814 2 4760 0 0 0 0 0 
1300 7745 7575 0 6702 2 0 0 0 0 
1400 9546 9345 0 8641 3 0 0 0 0 
1500 10961 10720 0 10309 8 0 0 0 0 
1600 12175 11926 6 11752 3 0 0 0 0 
1700 12999 12739 8 12636 2 64 0 0 0 
1800 13309 12939 83 12884 3 347 3 0 0 
1900 13350 13084 845 13005 3 293 0 0 0 
2000 13336 13049 2205 13000 13 1556 0 0 0 
2100 13297 13049 3793 12996 13 3273 0 0 0 
2200 13296 13070 5308 12971 5 4968 0 0 0 
2300 13273 13102 6635 13032 373 6442 0 0 0 
2400 13241 13062 7921 13024 1488 7730 1 3 0 
2500 13120 12951 8969 12876 2754 8893 6 7 0 
2600 12931 13010 9883 12882 3981 9941 5 3 1 
2700 12588 12988 10433 12900 4961 10527 7 6 205 
2800 12850 12949 10790 12881 5568 10480 10 8 1595 
2900 12981 12934 10753 12878 5522 10585 8 10 1866 
3000 12982 12935 10754 12879 5523 10586 8 10 1867 
3100 12981 12934 10751 12878 5522 10585 8 10 1866 
3200 12981 12936 10751 12878 5522 10587 8 10 1867 
3300 12979 12934 10750 12876 5520 10585 8 10 1865 
3400 12980 12935 10751 12877 5519 10586 8 10 1866 
3500 12980 12935 10751 12877 5519 10586 8 10 1866 
3600 12980 12935 10751 12877 5520 10586 8 10 1866 
3700 12980 12935 10751 12877 5518 10586 8 10 1866 
3800 12981 12936 10752 12878 5516 10586 8 10 1866 
3900 12981 12936 10751 12878 5515 10586 8 10 1866 
4000 12981 12936 10751 12876 5517 10586 8 10 1867 
4100 12981 12936 10751 12876 5517 10586 8 10 1867 
4200 13034 12944 10768 12857 5592 10606 8 17 2007 
4300 13118 12923 10730 12821 5755 10815 8 5 2869 
4400 13244 12914 10776 12805 6290 10834 10 10 4165 
4500 13215 12925 10791 12854 6412 10886 6 14 4446 
4600 13280 12878 10890 12811 6806 10985 6 7 5129 
4700 13324 12867 10991 12812 7450 11088 6 8 6302 
4800 13356 12862 11110 12816 7954 11267 4 9 7062 
4900 13440 12867 11183 12803 8475 11320 2 8 7915 
5000 13433 12870 11188 12803 8494 11324 2 7 7933 
5100 13431 12866 11185 12802 8476 11321 2 7 7923 
5200 13436 12854 11198 12810 8517 11306 1 5 8016 
5300 13403 12810 11293 12785 8370 11393 4 8 8250 
