# Avida tasks data
# Sat Apr 15 12:08:13 2023
# First column gives the current update, next columns give the number
# of organisms that have the particular task as a component of their merit
#  1: Update
#  2: Not
#  3: Nand
#  4: And
#  5: OrNot
#  6: Or
#  7: AndNot
#  8: Nor
#  9: Xor
# 10: Equals

0 0 0 0 0 0 0 0 0 0 
100 0 0 0 0 0 0 0 0 0 
200 0 0 0 0 0 0 0 0 0 
300 0 0 0 0 0 0 0 0 0 
400 0 0 0 0 0 0 0 0 0 
500 0 0 0 0 0 0 0 0 0 
600 7 0 0 0 0 0 0 0 0 
700 90 0 0 0 0 0 0 0 0 
800 432 15 0 10 0 0 0 0 0 
900 815 37 0 509 0 0 0 0 0 
1000 1179 90 0 1562 0 0 0 0 0 
1100 1533 414 1 2486 0 0 0 0 0 
1200 1713 356 1 2892 0 0 0 0 0 
1300 1550 441 5 3192 6 0 0 0 0 
1400 1415 506 15 3470 3 1 3 0 0 
1500 1424 753 19 3562 3 0 2 0 0 
1600 1380 673 19 3535 3 0 2 0 0 
1700 1386 655 17 3534 3 0 2 0 0 
1800 1384 657 17 3535 3 0 2 0 0 
1900 1383 656 17 3533 3 0 2 0 0 
2000 1383 651 17 3530 3 0 2 0 0 
2100 1383 651 17 3529 3 0 2 0 0 
2200 1462 543 17 3550 3 0 2 0 0 
2300 1447 537 17 3540 3 0 2 0 0 
2400 1447 537 17 3529 3 0 2 0 0 
2500 1447 537 17 3526 3 0 2 0 0 
2600 1446 537 17 3532 3 0 2 0 0 
