# Avida tasks data
# Sat Apr 15 09:44:50 2023
# First column gives the current update, next columns give the number
# of organisms that have the particular task as a component of their merit
#  1: Update
#  2: Not
#  3: Nand
#  4: And
#  5: OrNot
#  6: Or
#  7: AndNot
#  8: Nor
#  9: Xor
# 10: Equals

0 0 0 0 0 0 0 0 0 0 
100 0 0 0 0 0 0 0 0 0 
200 0 0 0 0 0 0 0 0 0 
300 0 0 0 0 0 0 0 0 0 
400 0 0 0 0 0 0 0 0 0 
500 4 0 0 0 0 0 0 0 0 
600 148 0 0 0 0 0 0 0 0 
700 609 0 0 0 0 0 0 0 0 
800 1509 0 0 0 0 0 0 0 0 
900 2645 0 0 0 0 0 0 0 0 
1000 3732 0 0 0 0 0 0 0 0 
1100 4581 0 0 0 0 0 0 0 0 
1200 5393 22 0 0 0 0 0 0 0 
1300 5951 68 0 18 0 0 0 0 0 
1400 6676 129 0 139 0 0 0 0 0 
1500 7125 207 0 683 7 0 0 0 0 
1600 7268 396 6 1361 971 206 50 0 0 
1700 7942 645 5 3484 2903 2415 120 0 0 
1800 8305 1461 3 5388 4746 4197 107 0 0 
1900 8791 2203 4 6820 6133 5486 166 0 0 
2000 9204 2794 9 8138 7165 6521 248 0 0 
2100 9901 3351 7 9287 8177 7601 269 0 0 
2200 10534 4056 10 10371 9157 8518 397 0 0 
2300 10922 4608 5 10929 9830 9101 486 0 0 
2400 11429 5361 8 11529 10419 9608 582 0 0 
2500 11800 5954 9 11922 10828 9820 744 0 0 
2600 12063 6678 12 12124 11149 9920 980 0 0 
2700 12241 7210 59 12305 11259 9592 1401 0 0 
2800 12247 7878 97 12529 11459 9466 1731 0 0 
2900 12346 8399 206 12642 11707 9121 2228 0 0 
3000 12412 9099 221 12774 11807 8704 2793 0 0 
3100 12390 9505 309 12908 11875 8338 3268 0 0 
3200 12410 9868 552 12921 12064 8057 3700 0 0 
3300 12191 10507 1056 12971 11979 7502 4078 0 0 
3400 11811 11060 1840 13098 12204 7243 4632 0 0 
3500 11410 11709 2909 13116 12233 7041 4949 0 0 
3600 11244 11892 4141 13131 12259 7368 5720 0 0 
3700 11740 12612 5521 13079 12316 7901 6683 0 0 
3800 12111 12788 6554 12959 12431 8680 7557 0 0 
3900 12451 12872 7193 12821 12337 9198 8142 0 0 
4000 12815 12978 8219 12872 12464 9827 9028 0 0 
4100 12847 13004 9004 12722 12437 10287 9742 0 0 
4200 12980 13050 9632 12760 12357 10730 10104 0 0 
4300 13038 13045 10190 12559 12417 11022 10816 0 0 
4400 13131 13202 10729 12584 12390 11552 11299 0 0 
4500 13130 13276 11202 12490 12459 11753 11709 0 0 
4600 13087 13386 11626 12534 12464 12196 11872 0 0 
4700 13146 13470 11968 12497 12458 12510 11939 0 0 
4800 13216 13531 12156 12420 12549 12669 11984 0 0 
4900 13279 13623 12378 12514 12453 12844 11995 0 0 
5000 13264 13666 12486 12572 12580 12950 12086 0 0 
5100 13226 13676 12422 12493 12532 12981 11965 0 0 
5200 13279 13638 12324 12495 12550 12894 12063 0 0 
5300 13342 13639 12401 12531 12478 12894 11976 0 0 
5400 13412 13717 12432 12589 12431 13016 11939 0 0 
5500 13397 13679 12339 12538 12530 12921 12089 0 0 
5600 13387 13669 12342 12444 12475 12912 11995 0 0 
5700 13265 13645 12401 12496 12470 12901 11979 0 0 
5800 13349 13716 12432 12537 12454 13003 11929 0 0 
5900 13373 13690 12444 12537 12553 13008 12019 0 0 
6000 13422 13694 12439 12545 12545 12976 12067 0 0 
6100 13349 13722 12422 12572 12574 13026 12074 0 0 
6200 13311 13659 12314 12537 12484 12899 11979 0 0 
6300 13438 13768 12566 12653 12508 13042 12101 0 0 
6400 13282 13703 12510 12590 12480 13047 11975 0 0 
6500 13349 13685 12347 12517 12555 12886 12067 0 0 
6600 13484 13709 12447 12614 12571 12917 12086 0 0 
6700 13343 13706 12437 12583 12563 13016 12115 0 0 
6800 13318 13721 12458 12673 12491 13046 12029 0 0 
6900 13261 13704 12450 12658 12579 13003 12144 0 0 
7000 13402 13710 12417 12754 12557 13068 12043 0 0 
7100 13460 13749 12411 12707 12576 12986 12090 0 0 
7200 13457 13789 12474 12752 12603 13072 12143 0 0 
7300 13415 13792 12503 12674 12579 13092 12152 0 2 
7400 13431 13675 12392 12725 12632 12932 12155 0 0 
7500 13332 13667 12372 12691 12649 12946 12253 0 0 
7600 13426 13765 12480 12810 12619 13080 12179 0 0 
7700 13463 13749 12558 12792 12703 12966 12253 0 0 
7800 13435 13770 12504 12852 12696 13073 12274 0 1 
7900 13411 13742 12548 12798 12621 12974 12192 0 0 
8000 13418 13814 12555 12893 12704 13100 12246 0 0 
8100 13444 13714 12478 12716 12723 12992 12222 0 0 
8200 13509 13758 12508 12798 12685 13100 12274 0 0 
8300 13442 13688 12476 12697 12637 13030 12191 0 0 
8400 13500 13752 12513 12852 12602 13080 12150 0 0 
8500 13458 13755 12523 12827 12666 13160 12212 0 0 
8600 13412 13706 12559 12828 12555 13069 12120 0 0 
8700 13451 13734 12452 12798 12636 13062 12179 0 0 
8800 13469 13737 12500 12800 12594 13133 12160 0 0 
8900 13492 13775 12582 12822 12711 13087 12216 0 0 
9000 13418 13729 12476 12807 12688 13048 12226 0 0 
9100 13443 13771 12502 12895 12575 13124 12136 0 0 
9200 13469 13755 12571 12840 12646 13049 12220 0 0 
9300 13533 13800 12552 12853 12614 13176 12151 0 0 
9400 13447 13753 12573 12873 12711 13084 12184 0 0 
9500 13456 13721 12550 12740 12750 13106 12296 0 0 
9600 13438 13751 12543 12815 12728 13063 12293 0 0 
9700 13435 13775 12578 12828 12676 13104 12211 0 0 
9800 13390 13778 12666 12934 12794 13113 12278 0 0 
9900 13391 13744 12552 12903 12722 13072 12282 0 0 
10000 13502 13825 12575 12841 12784 13095 12277 0 0 
