# Avida tasks data
# Sat Apr 15 14:45:11 2023
# First column gives the current update, next columns give the number
# of organisms that have the particular task as a component of their merit
#  1: Update
#  2: Not
#  3: Nand
#  4: And
#  5: OrNot
#  6: Or
#  7: AndNot
#  8: Nor
#  9: Xor
# 10: Equals

0 0 0 0 0 0 0 0 0 0 
100 0 0 0 0 0 0 0 0 0 
200 0 0 0 0 0 0 0 0 0 
300 0 0 0 0 0 0 0 0 0 
400 0 0 0 0 0 0 0 0 0 
500 5 0 0 0 0 0 0 0 0 
600 467 0 0 0 0 0 0 0 0 
700 1283 67 0 0 0 0 0 0 0 
800 2009 442 0 0 0 0 0 0 0 
900 3078 1134 0 2 0 0 0 0 0 
1000 5665 3269 0 39 0 0 0 0 0 
1100 8291 5721 6 334 0 115 0 0 0 
1200 10271 7640 9 741 23 366 0 0 0 
1300 11712 9228 10 1227 315 597 0 0 0 
1400 12480 10204 5 1603 876 928 0 0 0 
1500 12736 10803 7 2094 1411 1388 0 0 0 
1600 12834 11093 22 1945 1945 2619 3 1508 0 
1700 12778 11428 21 1458 1729 4452 0 3379 0 
1800 12805 11661 46 1053 1525 6029 0 4916 0 
1900 12789 12112 44 1169 1303 7359 4 6099 0 
2000 12771 12596 55 1603 1051 8849 5 7531 0 
2100 12828 12950 52 2255 851 9862 5 8449 0 
2200 12882 13352 45 2974 607 10912 6 9499 0 
2300 12874 13402 83 3614 387 11604 4 10124 0 
2400 12859 13560 83 4336 401 12080 4 10715 0 
2500 12941 13624 123 5223 599 12217 5 11019 0 
2600 13028 13578 141 5642 974 12317 1 11167 0 
2700 13091 13661 148 6070 1545 12438 3 11388 0 
2800 12974 13624 211 6001 2183 12479 7 11587 1 
2900 13011 13599 213 6156 2921 12459 7 11583 2 
3000 13021 13657 242 6380 3758 12481 2 11735 0 
3100 13171 13542 281 6513 4714 12367 0 11604 0 
3200 13128 13607 281 6876 5588 12375 6 11576 1 
3300 13219 13658 262 7250 6420 12501 0 11667 0 
3400 13220 13668 233 7680 7092 12516 9 11702 0 
3500 13236 13605 216 7915 7871 12415 9 11519 0 
3600 13212 13639 201 8340 8572 12447 7 11586 0 
3700 13228 13613 188 8854 9174 12479 15 11601 0 
3800 13331 13655 165 9164 9911 12547 16 11703 34 
3900 13310 13639 182 9019 10415 12434 60 11613 1143 
4000 13286 13612 201 9345 10660 12441 51 11604 2168 
4100 13334 13519 196 9735 10921 12298 31 11404 3016 
4200 13298 13601 208 10097 11182 12400 38 11506 4004 
4300 13332 13528 212 10439 11386 12360 44 11447 4848 
4400 13345 13572 309 10784 11566 12350 56 11466 5660 
4500 13357 13519 444 11210 11802 12362 75 11518 6400 
4600 13340 13513 437 11168 11550 12349 70 11468 6376 
4700 13345 13490 458 11128 11439 12306 57 11444 6318 
4800 13361 13463 540 11166 11272 12312 73 11397 6326 
4900 13313 13454 630 11149 11234 12273 74 11391 6317 
5000 13312 13453 636 11155 11128 12264 78 11332 6330 
5100 13326 13416 440 11136 10927 12137 80 11201 6211 
5200 13314 13411 491 11122 10910 12164 86 11225 6295 
5300 13283 13375 619 11141 10971 12093 87 11114 6309 
5400 13278 13343 935 11246 10971 12083 85 11107 6490 
5500 13259 13283 1086 11242 11042 12034 96 11020 6600 
5600 13215 13265 1468 11166 10941 12031 115 11060 6665 
5700 13219 13248 1696 11192 10942 11965 105 10929 6760 
5800 13220 13242 1943 11178 10962 11889 99 10897 6895 
5900 13256 13293 2332 11323 10956 11970 101 10925 7126 
6000 13225 13239 2657 11443 10962 11963 112 10906 7189 
6100 13243 13250 3042 11545 11002 11958 100 10912 7326 
6200 13174 13217 3188 11610 10923 11908 126 10858 7354 
6300 13151 13154 3435 11691 10789 11912 118 10881 7499 
6400 13243 13168 3625 11768 10743 11859 99 10773 7561 
6500 13244 13174 3881 11929 10741 11820 108 10781 7702 
6600 13194 13176 3999 11937 10640 11823 119 10768 7691 
6700 13235 13158 4196 12001 10641 11763 124 10646 7769 
6800 13221 13151 4488 12097 10541 11835 125 10714 7922 
6900 13197 13167 4655 12113 10479 11873 129 10730 7899 
7000 13164 13149 4933 12154 10507 11819 135 10717 7905 
7100 13155 13098 4921 12193 10437 11753 139 10593 7949 
7200 13118 13091 5046 12174 10449 11705 135 10576 8025 
7300 13137 12994 5247 12247 10334 11641 157 10467 7983 
7400 13183 13069 5536 12345 10323 11716 148 10540 8200 
7500 13234 13126 5734 12403 10378 11699 177 10521 8228 
7600 13164 13018 5842 12358 10213 11559 230 10388 8189 
7700 13122 13043 5845 12357 10138 11567 329 10407 8204 
7800 13176 13016 6057 12445 10129 11610 425 10491 8389 
7900 13142 12999 6082 12482 10048 11608 554 10463 8346 
8000 13052 12980 6138 12478 9951 11594 721 10374 8247 
8100 13060 13021 6328 12425 9899 11638 832 10424 8372 
8200 13066 13069 6502 12420 9863 11713 891 10561 8544 
8300 13117 13094 6612 12546 9641 11672 1076 10533 8538 
8400 13133 13099 6677 12444 9392 11692 1266 10537 8479 
8500 13070 13053 6699 12379 9304 11660 1438 10475 8374 
8600 13072 13015 6792 12397 9146 11626 1586 10518 8445 
8700 13069 12978 6810 12437 8945 11565 1871 10442 8399 
8800 13012 12904 6779 12334 8679 11587 2100 10418 8361 
8900 13024 12916 6789 12355 8465 11506 2347 10301 8238 
9000 13029 12901 6770 12333 8324 11564 2580 10376 8253 
9100 13058 12960 6901 12384 8150 11644 2806 10421 8386 
9200 13088 12923 6845 12392 7991 11569 2962 10359 8306 
9300 13110 12984 6796 12396 7859 11634 3144 10419 8361 
9400 13115 12921 6825 12340 7597 11558 3440 10385 8330 
9500 13131 12997 6867 12446 7442 11630 3650 10439 8410 
9600 13067 12901 6726 12354 7176 11530 3814 10313 8272 
9700 13045 12896 6838 12335 7052 11554 4029 10350 8353 
9800 13106 12980 6920 12383 6877 11559 4350 10359 8480 
9900 13128 13053 6962 12439 6737 11674 4559 10499 8494 
10000 13109 12974 6865 12423 6527 11542 4728 10325 8379 
