# Avida tasks data
# Sat Apr 15 11:04:38 2023
# First column gives the current update, next columns give the number
# of organisms that have the particular task as a component of their merit
#  1: Update
#  2: Not
#  3: Nand
#  4: And
#  5: OrNot
#  6: Or
#  7: AndNot
#  8: Nor
#  9: Xor
# 10: Equals

0 0 0 0 0 0 0 0 0 0 
100 0 0 0 0 0 0 0 0 0 
200 0 0 0 0 0 0 0 0 0 
300 0 0 0 0 0 0 0 0 0 
400 0 0 0 0 0 0 0 0 0 
500 0 0 0 0 0 0 0 0 0 
600 0 0 0 0 0 0 0 0 0 
700 10 0 0 0 0 0 0 0 0 
800 30 0 0 0 0 0 0 0 0 
900 191 0 0 0 0 0 0 0 0 
1000 465 8 0 9 0 0 0 0 0 
1100 924 46 0 92 0 0 0 0 0 
1200 1465 287 0 517 8 0 0 0 0 
1300 2590 653 1 1852 1602 344 0 0 0 
1400 3515 2371 2 3020 2806 2036 20 0 0 
1500 4574 3894 6 4101 3939 3664 16 2 0 
1600 5584 5209 8 5168 5046 4987 54 1 0 
1700 6495 6044 6 6054 5851 5893 117 0 0 
1800 7448 6884 11 6911 6734 6806 238 1 0 
1900 8432 7655 26 7932 7666 7725 360 0 0 
2000 9367 8610 13 8896 8744 8665 484 0 0 
2100 10039 9286 27 9633 9426 9329 609 0 0 
2200 10768 9851 22 10143 10116 9970 970 0 0 
2300 11557 10480 32 10317 10811 10592 1481 0 0 
2400 11981 10994 80 10261 11268 11084 2097 0 0 
2500 12301 11229 104 9853 11702 11438 2914 0 0 
2600 12385 11549 69 9364 11716 11700 3472 0 7 
2700 12481 11820 128 8678 11880 11918 4119 0 0 
2800 12607 11881 269 8089 11977 11960 4851 0 0 
2900 12702 11974 309 7254 12021 12049 5639 0 0 
3000 12647 11978 488 6702 12043 11927 6345 0 0 
3100 12622 12003 528 5967 11971 11925 7038 0 4 
3200 12570 11882 562 5163 12015 11948 7809 0 0 
3300 12526 11667 724 4594 11934 11844 8360 0 0 
3400 12483 11626 743 3985 11910 11831 8982 0 0 
3500 12494 11549 803 3492 11985 11839 9514 0 0 
3600 12601 11429 1018 3283 11982 11735 9832 0 0 
3700 12627 11228 1123 2930 11957 11616 10267 0 0 
3800 12623 11124 1179 2773 12041 11640 10560 0 0 
3900 12498 11071 1172 2618 12049 11621 10794 0 0 
4000 12579 10945 1199 2559 11954 11716 10945 0 0 
4100 12611 10786 1127 2541 12093 11749 11300 0 0 
4200 12626 10548 1136 2779 12015 11723 11413 0 0 
4300 12558 10518 1000 3200 11920 11777 11422 0 2 
4400 12593 10686 853 3790 11975 11938 11502 0 0 
4500 12495 10737 795 4566 11977 12046 11440 0 1 
4600 12560 10784 781 5213 11990 12034 11552 0 0 
4700 12688 11007 708 6138 11973 12248 11566 0 0 
4800 12603 10932 636 6946 12016 12275 11588 0 0 
4900 12766 11004 571 7935 12111 12418 11743 0 0 
5000 12720 11065 503 8597 12048 12446 11653 0 2 
5100 12709 11071 460 9204 11946 12500 11520 0 15 
5200 12679 11176 404 9856 11938 12615 11481 0 40 
5300 12747 11458 373 10485 11976 12738 11495 0 78 
5400 12753 11488 426 10815 11942 12740 11467 0 107 
5500 12773 11666 463 11139 11910 12730 11391 0 212 
5600 12681 11898 500 11384 11936 12799 11159 0 319 
5700 12684 11735 626 11778 11959 12837 11095 0 443 
5800 12650 11623 984 11938 11959 12811 10976 0 549 
5900 12729 11463 1496 12009 11964 12797 10794 0 694 
6000 12682 11385 2337 12073 11963 12778 10754 0 707 
6100 12582 11208 3068 12052 11912 12834 10783 0 674 
6200 12629 11143 3968 12090 11900 12776 10752 1 741 
6300 12720 11166 4664 12176 12032 12869 10901 0 702 
6400 12653 11201 5475 12241 11925 12895 10841 1 677 
6500 12673 11170 6262 12359 12016 12885 10987 1 627 
6600 12574 11238 7031 12377 12023 12939 11032 2 555 
6700 12567 11248 7633 12409 12068 12865 11120 0 525 
6800 12448 11237 8275 12447 11926 12933 11050 0 523 
6900 12500 11265 8703 12440 11908 12874 11106 0 442 
7000 12589 11470 9180 12453 12026 12926 11248 0 415 
7100 12610 11516 9654 12512 12125 12903 11368 0 374 
7200 12596 11599 10004 12493 12002 12890 11386 0 293 
7300 12665 11688 10432 12609 12030 12952 11449 1 234 
7400 12629 11713 10744 12619 12085 13031 11555 1 186 
7500 12562 11782 11028 12588 12000 12919 11486 0 163 
7600 12563 11859 11119 12530 12063 12939 11561 0 260 
7700 12282 11289 10548 12009 12059 12847 11339 0 774 
7800 12004 10843 10099 11544 12080 12889 11322 0 1266 
7900 11682 11046 9926 11337 12109 12921 11369 0 1437 
8000 11524 11036 9811 11235 12084 12907 11346 0 1510 
8100 11344 10821 9662 11110 12079 12900 11297 0 1641 
8200 11286 10585 9597 11117 12104 12911 11274 0 1724 
8300 11556 10824 9426 11298 12104 12911 11275 0 1888 
8400 11760 10994 9196 11495 12107 12944 11296 0 2117 
8500 11764 11021 8982 11494 12082 12924 11233 0 2263 
8600 11767 11039 8792 11486 12092 12916 11233 0 2438 
8700 11888 11152 8692 11576 12076 12610 11248 0 2523 
8800 11949 11102 8594 11610 12082 12362 11308 0 2639 
8900 12046 11195 8465 11687 12098 12467 11342 0 2810 
9000 12080 11238 8125 11728 12103 12470 11324 0 3115 
9100 12247 11425 8075 11902 12149 12511 11385 0 3198 
9200 12275 11428 8073 11903 12147 12337 11401 0 3200 
9300 12276 11469 8001 11907 12140 12077 11392 0 3294 
9400 12484 11675 7986 12166 12149 11678 11471 0 3311 
9500 12513 11723 7957 12218 12158 11581 11462 0 3344 
9600 12539 11770 7956 12276 12157 11501 11458 0 3344 
9700 12597 11801 7956 12315 12160 11366 11495 0 3354 
9800 12604 11827 7958 12319 12176 11318 11489 0 3377 
9900 12610 11813 7959 12326 12165 11194 11478 0 3356 
10000 12606 11624 7957 12342 12172 11080 11481 0 3362 
