# Avida tasks data
# Sat Apr 15 17:46:19 2023
# First column gives the current update, next columns give the number
# of organisms that have the particular task as a component of their merit
#  1: Update
#  2: Not
#  3: Nand
#  4: And
#  5: OrNot
#  6: Or
#  7: AndNot
#  8: Nor
#  9: Xor
# 10: Equals

0 0 0 0 0 0 0 0 0 0 
100 0 0 0 0 0 0 0 0 0 
200 0 0 0 0 0 0 0 0 0 
300 0 0 0 0 0 0 0 0 0 
400 0 0 0 0 0 0 0 0 0 
500 0 0 0 0 0 0 0 0 0 
600 19 0 0 0 0 0 0 0 0 
700 1335 398 1 3 0 0 0 0 0 
800 2091 367 0 2 0 0 0 0 0 
900 2937 710 2 3 0 0 0 0 0 
1000 3220 970 0 6 0 0 0 0 0 
1100 3707 1350 1 6 0 0 0 0 0 
1200 4569 2107 3 7 0 0 0 0 0 
1300 5199 2577 2 7 0 0 0 0 0 
1400 5915 3244 2 7 0 0 0 0 0 
1500 6485 3772 2 7 0 0 0 0 0 
1600 6985 4244 3 7 0 0 0 0 0 
1700 7884 4484 3 7 0 0 0 0 0 
1800 8505 4314 3 7 0 0 0 0 0 
1900 8658 4120 3 5 0 0 0 0 0 
2000 8713 3941 3 6 0 0 0 0 0 
2100 8723 3873 3 7 0 0 0 0 0 
2200 8730 3728 3 12 0 0 0 0 0 
2300 8867 3613 2 8 0 0 0 0 0 
2400 8990 3416 2 12 0 0 0 0 0 
2500 9091 3300 2 14 0 0 0 0 0 
2600 9223 3143 2 10 0 0 0 0 0 
2700 9368 2997 2 15 0 0 0 0 0 
2800 9442 2887 2 11 0 0 0 0 0 
2900 9537 2801 2 10 0 0 0 0 0 
3000 9685 2704 2 12 0 0 0 0 0 
3100 9792 2581 2 13 0 0 0 0 0 
3200 9859 2450 2 14 0 0 0 0 0 
3300 9862 2442 2 13 0 0 0 0 0 
3400 9881 2437 2 13 0 0 0 0 0 
3500 9902 2423 5 13 0 0 0 0 0 
3600 9928 3003 4 18 2 0 0 0 0 
3700 9926 3611 3 18 0 0 0 0 0 
3800 9952 4062 5 21 0 0 0 0 0 
3900 9925 4349 2 24 0 0 0 0 0 
4000 9924 4684 2 22 0 0 0 0 0 
4100 9966 4947 2 27 0 0 0 0 0 
4200 10005 5262 2 25 0 0 0 0 0 
4300 10028 5505 2 23 0 0 0 0 0 
4400 10076 5770 2 28 0 0 0 0 0 
4500 10132 6058 4 21 0 0 0 0 0 
4600 10166 6192 5 21 0 0 0 0 0 
4700 10253 6450 5 31 0 0 0 0 0 
4800 10337 6615 6 24 0 1 0 0 0 
4900 10413 6788 2 29 0 0 0 0 0 
5000 10557 7114 2 16 0 0 0 0 0 
5100 10646 7310 4 24 0 0 0 0 0 
5200 10779 7556 3 22 0 0 0 0 0 
5300 10867 7718 6 20 0 0 0 0 0 
5400 10966 7974 2 31 1 0 0 0 0 
5500 11112 8190 2 43 0 0 0 0 0 
5600 11194 8370 2 33 0 0 0 0 0 
5700 11339 8630 6 37 1 0 0 0 0 
5800 11456 8838 2 41 0 0 0 0 0 
5900 11534 8988 2 36 2 0 0 0 0 
6000 11626 9171 0 41 2 0 0 0 0 
6100 11804 9427 1 40 0 0 0 0 0 
6200 11929 9620 0 45 0 0 0 0 0 
6300 12068 9842 2 43 0 0 0 0 0 
6400 12208 10051 0 40 0 0 0 0 0 
6500 12204 10099 0 37 0 1 0 0 0 
6600 12204 10099 0 37 0 1 0 0 0 
6700 12203 10098 0 37 0 1 0 0 0 
6800 12204 10099 0 37 0 1 0 0 0 
6900 12201 10097 0 37 0 1 0 0 0 
7000 12202 10098 0 37 0 1 0 0 0 
7100 12202 10098 0 37 0 1 0 0 0 
7200 12201 10097 0 37 0 1 0 0 0 
7300 12201 10097 0 37 0 1 0 0 0 
7400 12201 10097 0 37 0 1 0 0 0 
7500 12202 10098 0 37 0 1 0 0 0 
7600 12202 10098 0 37 0 1 0 0 0 
7700 12200 10096 0 37 0 1 0 0 0 
7800 12200 10096 0 37 0 1 0 0 0 
7900 12201 10097 0 37 0 1 0 0 0 
8000 12201 10097 0 37 0 1 0 0 0 
8100 12201 10097 0 37 0 1 0 0 0 
8200 12201 10097 0 37 0 1 0 0 0 
8300 12201 10097 0 37 0 1 0 0 0 
8400 12200 10096 0 37 0 1 0 0 0 
8500 12201 10097 0 37 0 1 0 0 0 
8600 12201 10097 0 37 0 1 0 0 0 
8700 12201 10097 0 37 0 1 0 0 0 
8800 12201 10097 0 37 0 1 0 0 0 
8900 12200 10096 0 37 0 1 0 0 0 
9000 12201 10097 0 37 0 1 0 0 0 
9100 12200 10096 0 37 0 1 0 0 0 
9200 12201 10097 0 37 0 1 0 0 0 
9300 12201 10097 0 37 0 1 0 0 0 
9400 12201 10097 0 37 0 1 0 0 0 
9500 12201 10097 0 37 0 1 0 0 0 
9600 12201 10097 0 37 0 1 0 0 0 
9700 12201 10097 0 37 0 1 0 0 0 
9800 12200 10096 0 37 0 1 0 0 0 
9900 12201 10097 0 37 0 1 0 0 0 
10000 12200 10096 0 37 0 1 0 0 0 
