# Avida tasks data
# Sat Apr 15 12:28:19 2023
# First column gives the current update, next columns give the number
# of organisms that have the particular task as a component of their merit
#  1: Update
#  2: Not
#  3: Nand
#  4: And
#  5: OrNot
#  6: Or
#  7: AndNot
#  8: Nor
#  9: Xor
# 10: Equals

0 0 0 0 0 0 0 0 0 0 
100 0 0 0 0 0 0 0 0 0 
200 0 0 0 0 0 0 0 0 0 
300 0 0 0 0 0 0 0 0 0 
400 2 0 0 0 0 0 0 0 0 
500 15 0 0 0 0 0 0 0 0 
600 24 0 0 0 0 0 0 0 0 
700 49 0 0 0 0 0 0 0 0 
800 108 0 0 0 0 0 0 0 0 
900 124 15 0 0 0 0 0 0 0 
1000 249 65 0 0 0 0 0 0 0 
1100 468 173 0 0 0 0 0 0 0 
1200 805 831 54 1507 53 1 0 0 0 
1300 2735 1671 1816 4052 123 32 1143 0 29 
1400 4202 1522 3712 4870 112 49 224 0 2087 
1500 5094 1464 4650 5565 107 46 66 0 3022 
1600 5186 1466 5054 6011 109 65 82 0 3427 
1700 5521 1461 5538 6487 109 65 95 0 3827 
1800 5968 1448 5781 6770 108 65 85 0 4078 
1900 6341 1453 6038 7038 109 70 125 0 4267 
2000 6637 1281 6239 7200 109 54 104 0 4614 
2100 7012 1166 6531 7489 109 50 113 0 4927 
2200 7204 1144 6643 7640 111 55 119 0 5067 
