# Avida tasks data
# Sat Apr 15 16:12:35 2023
# First column gives the current update, next columns give the number
# of organisms that have the particular task as a component of their merit
#  1: Update
#  2: Not
#  3: Nand
#  4: And
#  5: OrNot
#  6: Or
#  7: AndNot
#  8: Nor
#  9: Xor
# 10: Equals

0 0 0 0 0 0 0 0 0 0 
100 0 0 0 0 0 0 0 0 0 
200 0 0 0 0 0 0 0 0 0 
300 0 0 0 0 0 0 0 0 0 
400 0 0 0 0 0 0 0 0 0 
500 0 0 0 0 0 0 0 0 0 
600 0 0 0 0 0 0 0 0 0 
700 0 0 0 0 0 0 0 0 0 
800 33 0 0 0 0 0 0 0 0 
900 611 12 32 0 0 0 0 0 0 
1000 2853 1244 1507 2422 0 4 0 0 0 
1100 5489 4268 4342 5390 0 9 0 0 0 
1200 7410 6612 6587 7634 0 20 0 0 0 
1300 8756 8305 8019 9026 0 20 0 0 0 
1400 9651 9475 9086 9987 0 47 0 0 0 
1500 10465 10420 9872 10881 2 445 0 0 0 
1600 11080 11261 10552 11516 2 1426 1 0 0 
1700 11674 11915 11101 12123 0 2576 0 0 0 
1800 12012 12482 11408 12512 3 3928 2 0 0 
1900 12200 12806 11652 12723 0 5128 2 0 0 
2000 12397 13002 11938 12928 0 6168 5 0 0 
2100 12520 13162 12109 13106 2 7274 4 0 0 
2200 12658 13347 12080 13117 2 8453 4 0 0 
2300 12715 13396 12159 13155 0 9246 5 0 0 
2400 12821 13432 12295 13229 4 10092 9 0 0 
2500 12897 13490 12375 13276 3 10749 8 0 0 
2600 12960 13534 12322 13276 5 11401 11 0 0 
2700 13009 13563 12483 13351 6 12060 12 0 0 
2800 12993 13591 12426 13295 1 12301 3 0 0 
2900 13036 13648 12500 13332 4 12613 6 0 0 
3000 13102 13605 12547 13297 2 12841 5 0 0 
3100 13181 13617 12468 13350 2 12963 6 0 0 
3200 13139 13649 12479 13372 6 13051 15 0 0 
3300 13088 13621 12509 13383 1 13127 11 0 0 
3400 13148 13597 12484 13237 4 13170 5 0 0 
3500 13130 13666 12530 13367 2 13221 6 0 0 
3600 13105 13625 12547 13455 0 13231 7 0 0 
3700 13065 13650 12484 13389 4 13167 12 0 0 
3800 13118 13677 12505 13317 1 13140 4 0 0 
3900 13096 13635 12522 13340 1 13209 7 0 0 
4000 13087 13669 12540 13417 3 13132 5 0 0 
4100 13140 13644 12512 13450 5 13218 9 0 0 
4200 13106 13734 12492 13369 6 13235 7 0 0 
4300 13137 13652 12525 13346 6 13192 6 0 0 
4400 13174 13668 12539 13458 3 13183 14 0 0 
4500 13218 13668 12537 13409 9 13234 6 0 0 
4600 13251 13695 12628 13440 2 13180 9 0 0 
4700 13189 13651 12520 13425 1 13155 4 0 0 
4800 13121 13694 12562 13396 1 13204 21 0 0 
4900 13132 13717 12508 13436 4 13241 9 0 0 
5000 13160 13722 12479 13346 3 13230 6 0 0 
5100 13142 13680 12485 13448 2 13238 3 0 0 
5200 13154 13712 12537 13463 2 13313 5 0 0 
5300 13193 13726 12578 13511 0 13244 9 0 0 
5400 13169 13749 12465 13467 3 13243 7 0 0 
5500 13199 13695 12555 13470 4 13205 4 0 0 
5600 13279 13736 12590 13396 3 13208 7 0 0 
5700 13249 13788 12522 13503 7 13263 12 0 0 
5800 13257 13763 12527 13465 4 13266 1 0 0 
5900 13229 13746 12559 13489 2 13341 12 0 0 
6000 13284 13721 12612 13490 3 13285 14 0 0 
6100 13261 13708 12560 13468 3 13289 5 0 0 
6200 13193 13762 12566 13502 0 13186 5 0 0 
6300 13234 13776 12550 13488 0 13255 10 0 0 
6400 13247 13763 12607 13548 18 13264 7 0 0 
6500 13240 13738 12622 13496 244 13243 14 0 0 
6600 13276 13754 12204 13417 740 13262 24 0 325 
6700 13203 13785 11462 13448 1381 13249 10 0 972 
6800 13198 13777 11456 13448 1378 13243 10 0 970 
6900 13133 13732 11033 13400 1729 13222 28 0 1304 
7000 13165 13699 9694 13291 3046 13181 8 0 2529 
7100 13114 13702 8869 13331 3735 13183 42 0 3205 
7200 13082 13710 8207 13270 4345 13204 28 0 3772 
7300 13037 13654 7828 13187 5853 13162 24 0 5150 
7400 13016 13691 9132 13131 7321 13222 28 0 6425 
7500 12956 13702 9561 12989 8189 13122 36 0 7290 
7600 12989 13748 9886 13039 9110 13200 33 0 8140 
7700 13017 13770 9929 12980 9613 13208 34 0 8593 
7800 12970 13312 9676 12958 9533 12593 35 0 8526 
