# Avida tasks data
# Sat Apr 15 16:25:50 2023
# First column gives the current update, next columns give the number
# of organisms that have the particular task as a component of their merit
#  1: Update
#  2: Not
#  3: Nand
#  4: And
#  5: OrNot
#  6: Or
#  7: AndNot
#  8: Nor
#  9: Xor
# 10: Equals

0 0 0 0 0 0 0 0 0 0 
100 0 0 0 0 0 0 0 0 0 
200 0 0 0 0 0 0 0 0 0 
300 0 0 0 0 0 0 0 0 0 
400 0 0 0 0 0 0 0 0 0 
500 0 0 0 0 0 0 0 0 0 
600 0 0 0 0 0 0 0 0 0 
700 0 0 0 0 0 0 0 0 0 
800 456 6 0 0 0 0 0 0 0 
900 2372 340 0 22 1 5 0 0 0 
1000 4076 1759 0 1363 12 0 0 0 0 
1100 4558 3249 2 2802 27 0 0 0 0 
1200 4657 3656 3 3110 19 0 0 0 0 
1300 4657 3656 3 3110 19 0 0 0 0 
1400 4655 3656 3 3109 19 0 0 0 0 
1500 4656 3656 3 3110 19 0 0 0 0 
1600 4656 3656 3 3110 19 0 0 0 0 
1700 4655 3656 3 3109 19 0 0 0 0 
1800 4656 3656 3 3110 19 0 0 0 0 
1900 4656 3656 3 3110 19 1 0 0 0 
2000 4657 3656 3 3111 19 1 0 0 0 
2100 4726 3741 2 3258 18 0 0 0 0 
2200 4915 4065 1 3741 29 0 2 0 0 
2300 4988 4323 1 4169 39 0 1 0 0 
2400 5110 4518 1 4540 33 0 4 0 0 
2500 5227 4744 1 4889 45 0 1 0 0 
2600 5566 5050 1 5347 42 0 2 0 0 
2700 5834 5242 1 5563 42 0 2 0 0 
