# Avida tasks data
# Sat Apr 15 11:29:59 2023
# First column gives the current update, next columns give the number
# of organisms that have the particular task as a component of their merit
#  1: Update
#  2: Not
#  3: Nand
#  4: And
#  5: OrNot
#  6: Or
#  7: AndNot
#  8: Nor
#  9: Xor
# 10: Equals

0 0 0 0 0 0 0 0 0 0 
100 0 0 0 0 0 0 0 0 0 
200 0 0 0 0 0 0 0 0 0 
300 0 0 0 0 0 0 0 0 0 
400 0 0 0 0 0 0 0 0 0 
500 0 0 0 0 0 0 0 0 0 
600 2 0 0 0 0 0 0 0 0 
700 3 0 0 0 0 0 0 0 0 
800 16 0 0 0 0 0 0 0 0 
900 46 0 0 0 0 0 0 0 0 
1000 104 5 0 0 0 0 0 0 0 
1100 223 42 0 0 0 0 0 0 0 
1200 354 198 0 5 0 0 0 0 0 
1300 620 361 20 95 0 16 0 0 0 
1400 838 420 50 2447 31 2239 31 0 0 
1500 1776 581 53 3717 1324 3224 355 0 0 
1600 3354 449 61 4642 2849 4276 201 0 0 
1700 4582 1106 127 4786 4177 5245 1025 0 0 
1800 5460 2332 340 4478 4901 5832 2074 0 0 
1900 6239 2870 668 4952 5616 6434 3195 0 0 
2000 7111 3381 751 5936 6268 6995 4344 0 0 
2100 8229 4285 784 6844 7280 7747 5528 0 0 
2200 9230 5298 612 7870 8245 8549 6827 0 0 
2300 10175 6125 428 8670 9180 9243 7849 0 0 
2400 10903 6975 315 9335 9798 9681 8555 0 0 
2500 11383 7634 285 9907 10284 9958 9069 0 0 
2600 11778 8241 296 10428 10622 10359 9555 0 0 
2700 12067 8875 443 10758 11027 10640 10007 0 0 
2800 12119 9343 680 10933 11175 10808 10175 0 0 
2900 12314 9740 1067 11087 11302 10955 10358 0 0 
3000 12465 10166 1379 11225 11466 11027 10465 0 0 
3100 12558 10439 1761 11598 11677 11244 10748 0 0 
3200 12617 10708 2068 11650 11677 11240 10753 0 0 
3300 12694 11021 2462 11686 11811 11336 10840 0 0 
3400 12675 11182 2841 11771 11947 11292 10881 0 0 
3500 12698 11386 3232 11829 11988 11395 10987 0 0 
3600 12706 11689 3665 11876 12001 11507 11080 0 0 
3700 12646 11899 3933 11906 11938 11450 10994 0 0 
3800 12812 12053 4371 11950 12039 11378 11013 0 0 
3900 12825 12087 4822 12025 12022 11386 10954 0 0 
4000 12901 12185 5232 12137 12022 11454 11072 0 0 
4100 12694 12164 5610 12102 12043 11444 11024 0 0 
4200 12680 12216 5904 12097 11892 11322 10896 0 0 
4300 12631 12315 6325 12252 12056 11488 11053 0 0 
4400 12530 12331 6623 12273 11895 11401 10979 0 0 
4500 12688 12416 7071 12332 11991 11483 11069 0 0 
4600 12654 12368 7371 12369 11876 11326 10859 0 0 
4700 12671 12410 7935 12444 11881 11360 10944 0 0 
4800 12563 12588 8311 12384 11931 11455 11004 0 0 
4900 12589 12600 8619 12615 11909 11450 11016 0 0 
5000 12574 12511 8950 12564 11874 11384 10906 0 0 
5100 12625 12596 9111 12580 11945 11518 11048 0 0 
5200 12590 12621 9274 12451 11930 11518 11060 0 0 
5300 12573 12652 9436 12423 11909 11513 11069 0 0 
5400 12532 12692 9760 12343 11879 11469 10992 0 0 
5500 12572 12687 10027 12432 11930 11456 10979 0 0 
5600 12656 12721 10137 12418 11913 11459 10957 0 0 
5700 12634 12756 10283 12475 11993 11518 11013 0 0 
5800 12650 12730 10482 12469 12009 11553 11065 0 0 
5900 12463 12743 10619 12553 11876 11465 10956 0 0 
6000 12432 12749 10749 12556 11898 11441 10960 0 0 
6100 12458 12693 10764 12509 11928 11492 11011 0 0 
6200 12424 12770 10766 12513 11919 11497 11008 0 0 
6300 12476 12780 10912 12563 11982 11477 11031 0 0 
6400 12578 12884 10970 12554 11890 11480 11080 0 0 
6500 12684 12891 11048 12666 11988 11566 11125 0 0 
6600 12654 12970 11086 12605 11900 11535 11128 0 0 
6700 12670 12834 11227 12743 12020 11539 11161 0 0 
6800 12641 12801 11374 12723 12008 11599 11171 0 0 
6900 12619 12873 11475 12753 11917 11521 11077 0 0 
7000 12667 12923 11554 12706 11941 11480 11005 0 0 
7100 12610 12989 11491 12837 11909 11494 11130 2 0 
7200 12631 12950 11467 12833 11995 11602 11111 0 0 
7300 12560 12973 11439 12761 11965 11490 11021 0 0 
7400 12598 12988 11571 12693 11987 11530 11092 0 0 
7500 12609 13017 11576 12827 12037 11605 11157 0 0 
7600 12626 13016 11614 12783 11935 11575 11091 0 3 
7700 12622 13014 11569 12772 11986 11551 11129 0 58 
7800 12717 12954 11501 12746 11958 11449 11087 0 76 
7900 12719 12877 11498 12766 11977 11493 11051 0 93 
8000 12683 12947 11330 12755 11998 11589 11152 0 129 
8100 12694 12849 11327 12686 11997 11543 11127 0 179 
8200 12618 12829 11312 12746 12012 11478 11053 0 228 
8300 12368 12781 11292 12498 11915 11425 11003 0 298 
8400 12180 12664 11236 12470 11922 11358 10947 2 390 
8500 11909 12690 10711 12412 11960 11382 11000 0 606 
8600 11452 12484 10226 12058 11796 11288 10825 2 840 
8700 11136 12220 9557 11479 11693 11156 10726 15 1083 
8800 11137 11733 9141 11251 11748 11207 10746 27 1295 
8900 11043 11563 9052 11113 11747 11185 10728 26 1337 
9000 10944 11407 8911 11003 11640 11117 10671 22 1355 
9100 10923 11391 8901 10984 11624 11105 10661 22 1344 
9200 10892 11325 8859 10954 11628 11083 10635 22 1354 
9300 10610 10905 8461 10660 11466 11004 10543 27 1408 
9400 10557 10484 8095 10312 11332 10829 10394 48 1372 
9500 10210 10362 7808 10211 11365 10927 10296 49 1528 
9600 10275 10140 7569 10004 11432 10996 10196 53 1529 
9700 10083 9981 7352 9652 11387 11036 10236 61 1590 
9800 10252 9970 7235 9518 11394 11083 10241 67 1659 
9900 10253 9970 7230 9513 11387 11080 10243 69 1673 
10000 9714 9934 6828 9257 11285 10917 9811 66 1714 
