# Avida tasks data
# Sat Apr 15 16:01:43 2023
# First column gives the current update, next columns give the number
# of organisms that have the particular task as a component of their merit
#  1: Update
#  2: Not
#  3: Nand
#  4: And
#  5: OrNot
#  6: Or
#  7: AndNot
#  8: Nor
#  9: Xor
# 10: Equals

0 0 0 0 0 0 0 0 0 0 
100 0 0 0 0 0 0 0 0 0 
200 0 0 0 0 0 0 0 0 0 
300 0 6 0 0 0 0 0 0 0 
400 7 1101 0 1033 0 0 0 0 0 
500 14 2507 5 2472 0 0 0 0 0 
600 328 4164 12 4119 0 1 0 0 0 
700 1050 5518 324 5422 0 9 0 0 0 
800 1469 6895 1682 6875 2 15 0 0 0 
900 1800 8495 3501 8462 0 15 0 0 0 
1000 2104 9851 5141 9754 0 39 0 0 0 
1100 4501 11402 7458 11342 0 105 0 0 0 
1200 7292 12816 9440 12756 0 570 5 0 0 
1300 8737 12923 10430 12929 0 1043 10 0 0 
1400 9972 12914 10966 12893 2 1700 3 0 0 
1500 10809 12920 11338 12910 6 2355 2 0 0 
1600 11346 12892 11529 12839 4 2965 25 0 0 
1700 11928 12933 11876 12824 3 3481 215 0 0 
1800 12260 12916 12003 12889 21 4074 883 0 0 
1900 12404 12963 12118 12880 353 4548 1786 0 0 
2000 12363 12925 12205 12898 1055 5187 2841 0 0 
2100 12535 12954 12275 12925 2000 5710 3786 0 0 
2200 12623 13054 12422 12960 2867 6537 4761 0 0 
2300 12727 13007 12385 12855 3929 7285 5643 0 0 
2400 12714 12939 12486 12778 4903 8199 6531 0 0 
2500 12720 12965 12650 12904 5666 8969 7350 0 0 
2600 12742 13006 12622 12849 6355 9650 8079 2 0 
2700 12747 13062 12677 12947 7468 10255 8624 0 0 
2800 12722 13086 12651 12935 8137 10746 9095 0 71 
2900 12670 13042 12725 12929 8831 10652 9121 0 560 
3000 12604 13052 12685 12856 9400 10113 8716 0 1260 
3100 12728 13083 12814 12902 9792 9583 8165 0 1945 
3200 12634 13052 12687 12888 10062 8794 7462 0 2728 
3300 12646 13049 12650 12827 10162 8709 7401 1 2833 
3400 12643 13049 12649 12826 10159 8709 7401 1 2832 
3500 12671 13014 12708 12879 10193 8058 6800 1 3461 
3600 12671 13014 12708 12879 10191 8058 6800 1 3459 
3700 12593 13096 12694 12822 10447 7181 6024 1 4394 
3800 12591 13063 12749 12846 10726 6273 5471 0 5350 
3900 12640 13073 12646 12828 10537 5450 5107 1 6063 
4000 12565 12971 12613 12704 10263 4585 4713 2 6759 
4100 12548 13086 12595 12792 10055 3801 4592 0 7572 
4200 12183 13076 12608 12652 9542 3507 4350 0 7872 
4300 11769 12993 12648 12833 9110 3225 4095 1 8178 
4400 11997 12620 12656 12770 8642 3053 3917 0 8366 
4500 12097 12262 12699 12806 8256 2967 3819 0 8522 
4600 12137 12334 12688 12783 7856 2902 3765 0 8568 
4700 12198 11958 12663 12759 7560 2748 3611 0 8732 
4800 12211 12157 12664 12759 7285 2659 3541 0 8838 
4900 12204 12195 12658 12738 7061 2579 3476 0 8916 
5000 12226 12243 12687 12732 6799 2485 3396 0 9010 
5100 12251 12269 12674 12730 6471 2366 3294 0 9115 
5200 12303 12304 12721 12769 6209 2271 3217 0 9267 
5300 12333 12207 12654 12719 5913 2186 3138 0 9286 
5400 12328 12208 12693 12684 5695 2134 3110 0 9383 
