# Avida tasks data
# Sat Apr 15 09:19:44 2023
# First column gives the current update, next columns give the number
# of organisms that have the particular task as a component of their merit
#  1: Update
#  2: Not
#  3: Nand
#  4: And
#  5: OrNot
#  6: Or
#  7: AndNot
#  8: Nor
#  9: Xor
# 10: Equals

0 0 0 0 0 0 0 0 0 0 
100 0 0 0 0 0 0 0 0 0 
200 0 0 0 0 0 0 0 0 0 
300 0 0 0 0 0 0 0 0 0 
400 0 0 0 0 0 0 0 0 0 
500 0 0 0 0 0 0 0 0 0 
600 0 0 0 0 0 0 0 0 0 
700 11 0 0 0 0 0 0 0 0 
800 80 0 0 0 0 0 0 0 0 
900 204 0 0 0 0 0 0 0 0 
1000 333 4 0 0 0 0 0 0 0 
1100 588 31 0 0 0 0 0 0 0 
1200 903 88 0 8 0 0 0 0 0 
1300 1344 191 0 155 0 204 84 0 0 
1400 1626 416 2 1178 1 818 1102 0 0 
1500 2442 274 1 2658 668 220 2928 0 0 
1600 3898 202 3 2174 2548 159 4172 0 0 
1700 5173 175 4 1822 3893 159 5248 0 0 
1800 6362 185 1 1667 5256 142 6333 0 0 
1900 7548 181 4 1747 6630 348 7593 0 0 
2000 8508 191 7 2247 8034 1709 8837 0 0 
2100 9255 181 7 2651 8871 3031 9632 0 0 
