# Avida tasks data
# Sat Apr 15 10:01:23 2023
# First column gives the current update, next columns give the number
# of organisms that have the particular task as a component of their merit
#  1: Update
#  2: Not
#  3: Nand
#  4: And
#  5: OrNot
#  6: Or
#  7: AndNot
#  8: Nor
#  9: Xor
# 10: Equals

0 0 0 0 0 0 0 0 0 0 
100 0 0 0 0 0 0 0 0 0 
200 0 0 0 0 0 0 0 0 0 
300 0 0 0 0 0 0 0 0 0 
400 0 0 0 0 0 0 0 0 0 
500 0 0 0 0 0 0 0 0 0 
600 3 0 0 0 0 0 0 0 0 
700 21 0 0 0 0 0 0 0 0 
800 90 0 0 0 0 0 0 0 0 
900 262 20 0 169 0 0 0 0 0 
1000 612 151 0 1032 0 0 0 0 0 
1100 686 1622 2 2773 3 0 0 0 0 
1200 1657 2011 8 3919 1205 445 0 0 0 
1300 1656 2011 8 3921 1204 445 0 0 0 
1400 1820 1987 8 4081 1444 452 0 0 0 
1500 2734 1964 10 5166 2699 460 0 0 0 
1600 2737 1964 10 5166 2699 459 0 0 0 
1700 2737 1964 10 5164 2698 459 0 0 0 
1800 2747 1965 10 5170 2703 459 0 0 0 
1900 3532 2006 12 5911 3526 499 6 0 0 
2000 5006 2023 10 7230 5259 530 1024 0 0 
2100 5496 1999 6 7626 5777 543 1463 0 0 
2200 5569 2009 5 7664 5794 528 1495 0 0 
2300 5570 2010 5 7665 5795 528 1495 0 0 
2400 5569 2009 5 7664 5794 528 1495 0 0 
2500 5568 2010 5 7628 5769 529 1499 0 0 
2600 5698 1989 5 7739 5840 499 1475 0 0 
2700 5847 2284 7 7770 5679 690 1435 0 0 
2800 5382 2755 14 7935 5395 1214 1543 0 0 
