# Avida tasks data
# Sat Apr 15 20:59:12 2023
# First column gives the current update, next columns give the number
# of organisms that have the particular task as a component of their merit
#  1: Update
#  2: Not
#  3: Nand
#  4: And
#  5: OrNot
#  6: Or
#  7: AndNot
#  8: Nor
#  9: Xor
# 10: Equals

0 0 0 0 0 0 0 0 0 0 
100 0 0 0 0 0 0 0 0 0 
200 0 0 0 0 0 0 0 0 0 
300 0 0 0 0 0 0 0 0 0 
400 0 0 0 0 0 0 0 0 0 
500 0 0 0 0 0 0 0 0 0 
600 0 0 0 0 0 0 0 0 0 
700 17 0 0 0 0 0 0 0 0 
800 68 29 0 0 0 0 0 0 0 
900 160 112 0 89 0 0 0 0 0 
1000 2015 719 0 2182 1860 0 0 0 0 
1100 4038 2366 0 4023 3746 0 0 0 0 
1200 5888 3867 0 5748 5407 8 0 0 0 
1300 7053 5211 0 6870 6542 564 184 0 0 
1400 7505 5615 0 7272 7030 2623 34 0 0 
1500 8245 6499 1 7799 7765 3877 54 0 0 
1600 8953 7316 5 8411 8433 5188 68 0 0 
1700 9572 8096 7 8965 9111 6304 68 0 0 
1800 10088 8937 0 9410 9785 7212 98 0 0 
1900 10694 9943 0 9910 10246 8130 108 0 0 
2000 11246 11016 11 10405 10837 9149 145 0 0 
2100 11547 11880 5 10573 11158 9767 181 0 0 
2200 11856 12337 8 10787 11473 10219 291 0 0 
2300 11980 12694 20 10939 11598 10399 607 0 0 
2400 11983 12788 1712 11121 11570 10462 1827 1 0 
2500 12076 12826 3236 11112 11613 10551 3070 0 0 
2600 11995 12908 4448 11140 11549 10538 4256 2 0 
2700 11980 12920 5536 11257 11684 10666 5344 7 1 
2800 11954 13084 6420 11274 11608 10574 6316 46 1 
2900 11966 13162 7278 11213 11558 10599 7145 105 2 
3000 11999 13225 7994 11311 11527 10616 7920 166 3 
3100 12058 13262 8640 11390 11632 10612 8491 218 0 
3200 12050 13263 9012 11349 11589 10632 9015 263 4 
3300 12032 13339 9470 11451 11644 10742 9501 281 0 
3400 12082 13330 9677 11502 11628 10711 9765 314 0 
3500 12146 13386 9889 11521 11625 10802 9989 341 2 
3600 12209 13336 10082 11567 11714 10783 10263 477 0 
3700 12123 13311 10082 11439 11628 10750 10252 650 0 
3800 12134 13188 10301 11526 11691 10840 10453 765 4 
3900 11996 13116 10325 11580 11710 10808 10530 1081 0 
4000 11964 13098 10297 11607 11668 10769 10541 1386 1 
4100 12114 13100 10336 11581 11726 10834 10474 1798 0 
4200 12206 13039 10401 11696 11753 10876 10627 2162 0 
4300 12064 13025 10282 11683 11598 10791 10723 2659 0 
4400 12213 12995 10412 11799 11660 10933 10810 3212 0 
4500 12237 12907 10386 11816 11740 10951 10786 3745 0 
4600 12218 12860 10418 11730 11666 10832 10641 4287 0 
4700 12260 12727 10405 11822 11696 10909 10712 4725 1 
4800 12194 12669 10421 11985 11682 10890 10869 5342 0 
4900 12236 12437 10360 11907 11653 10833 10788 5704 0 
5000 12288 12405 10272 11949 11649 10813 10768 6214 0 
5100 12189 12425 10349 12029 11642 10847 10797 6761 0 
5200 12281 12299 10444 11983 11689 10911 10819 7185 0 
5300 12297 12310 10404 12091 11679 10925 10906 7778 2 
5400 12318 12260 10414 12158 11653 10914 10983 8237 0 
5500 12310 12246 10398 12164 11678 10900 10938 8536 0 
5600 12373 12214 10324 12158 11659 10859 10912 8884 2 
5700 12382 12133 10457 12160 11695 10925 10941 9242 1 
5800 12442 12111 10408 12238 11717 10933 11026 9651 0 
5900 12292 12145 10490 12353 11697 11007 11141 9865 3 
6000 12380 12120 10538 12290 11703 11019 11089 10145 4 
6100 12437 12043 10452 12252 11705 10912 10976 10252 0 
6200 12352 12187 10502 12357 11679 10987 11152 10485 0 
6300 12488 12082 10472 12403 11773 11036 11096 10653 2 
6400 12519 12107 10547 12371 11794 11063 11150 10733 0 
6500 12513 12134 10447 12306 11742 10977 11036 10643 0 
6600 12508 12102 10519 12298 11749 11029 11078 10772 2 
6700 12581 12157 10590 12369 11850 11082 11119 10841 0 
6800 12494 12250 10549 12448 11812 11091 11240 10963 0 
6900 12556 12188 10607 12415 11853 11103 11175 10806 0 
7000 12498 12213 10538 12429 11827 11064 11126 10830 1 
7100 12450 12322 10612 12449 11926 11062 11115 10912 1 
7200 12508 12223 10592 12387 11846 11121 11168 10852 48 
7300 12447 12126 10212 12281 11721 10983 11051 10718 253 
7400 12496 12212 9817 12450 11690 10984 11164 10768 579 
7500 12621 12194 9412 12457 11832 11022 11096 10791 1069 
7600 12485 12284 8796 12439 11744 11012 11149 10782 1648 
7700 12638 12191 8292 12469 11861 11133 11192 10791 2279 
7800 12677 12186 8529 12376 11853 11138 11110 10797 3260 
7900 12620 12150 8929 12428 11897 11043 11070 10847 3887 
8000 12572 12153 9223 12414 11818 11009 11110 10961 4517 
8100 12585 12141 9564 12444 11854 11000 11105 10998 5139 
8200 12595 12078 9681 12369 11812 11031 11064 10921 5497 
8300 12638 12082 9668 12398 11865 11005 11042 10905 5520 
8400 12639 12079 9667 12395 11864 11004 11038 10901 5519 
8500 12665 12130 9808 12465 11908 11079 11127 11019 5751 
8600 12725 12102 10078 12506 11887 11100 11167 11044 6270 
8700 12337 11222 10082 12501 11902 11112 10784 10207 6297 
8800 12227 10647 10048 12489 11883 11076 10790 9685 6276 
8900 12083 10089 10059 12479 11907 11085 10734 9128 6309 
9000 11903 9651 10047 12506 11930 11093 10651 8734 6260 
9100 11804 9253 10079 12515 11943 11063 10615 8296 6336 
9200 11491 8811 10026 12486 11925 11063 10400 7839 6483 
9300 11434 8302 10082 12440 11923 11055 10247 7365 6719 
9400 11054 7887 10048 12369 11827 11017 10072 6984 6810 
9500 10405 7688 10040 12388 11864 11033 10057 6799 6872 
9600 10031 7519 10062 12326 11866 11025 10025 6671 6936 
9700 9841 7345 10054 12288 11865 11022 10009 6555 7009 
9800 9584 7183 10071 12262 11818 10976 9991 6431 7057 
9900 9465 7013 10110 12253 11829 10979 9973 6300 7082 
10000 9329 6871 10119 12289 11819 10957 10001 6170 7154 
