# Avida tasks data
# Sat Apr 15 21:15:59 2023
# First column gives the current update, next columns give the number
# of organisms that have the particular task as a component of their merit
#  1: Update
#  2: Not
#  3: Nand
#  4: And
#  5: OrNot
#  6: Or
#  7: AndNot
#  8: Nor
#  9: Xor
# 10: Equals

0 0 0 0 0 0 0 0 0 0 
100 0 0 0 0 0 0 0 0 0 
200 0 0 0 0 0 0 0 0 0 
300 4 0 0 0 0 0 0 0 0 
400 2 0 0 0 0 0 0 0 0 
500 203 83 0 317 0 1 0 0 0 
600 969 892 101 1325 4 0 0 0 0 
700 2304 1094 1559 2985 0 25 0 0 0 
800 3980 1845 3459 4951 0 70 0 0 0 
900 5869 3323 5568 7182 1 94 6 0 0 
1000 7774 5066 7742 9376 1 155 3 0 0 
1100 9047 6282 9127 10791 2 178 2 0 0 
1200 10183 7466 10472 12113 2 201 2 0 0 
1300 11073 8268 11243 12743 6 248 6 0 0 
1400 11333 8891 11571 12859 8 275 4 0 0 
1500 11471 9474 11886 12951 1 278 2 0 0 
1600 11466 9788 11978 12988 1 267 11 0 0 
1700 11740 10198 12081 13004 2 305 3 0 0 
1800 11944 10711 12060 12968 8 290 4 0 0 
1900 12007 11037 12156 12976 3 309 5 0 0 
2000 12124 11331 12213 13023 7 310 7 0 0 
2100 12201 11768 12116 12980 3 359 7 0 0 
2200 12192 12102 12128 13055 3 412 2 0 0 
2300 11946 12119 12080 12992 4 621 6 0 0 
2400 11929 12278 12074 12993 8 825 1 0 0 
2500 11792 12329 12146 13040 37 1113 0 0 0 
2600 11522 12320 12145 13058 77 1417 2 0 0 
2700 11308 12345 12174 13032 131 1811 0 0 0 
2800 11184 12371 12050 13003 310 2273 4 0 97 
2900 11149 12375 11838 13067 585 2708 12 0 267 
3000 11083 12479 11888 13125 969 3252 1 0 388 
3100 11082 12527 11739 13267 1568 3736 15 0 521 
3200 11132 12536 11667 13251 2241 4071 11 0 658 
3300 11238 12599 11625 13256 2825 4539 20 0 789 
3400 11450 12433 11551 13246 3562 4829 55 0 746 
3500 11607 12562 11717 13336 4071 5046 95 0 796 
3600 11709 12578 11688 13384 4619 5201 230 0 779 
3700 11746 12487 11724 13228 5195 5213 369 0 843 
3800 11603 12402 11719 12924 5471 5241 626 1 979 
3900 11678 12262 11659 12591 5728 5156 992 1 1341 
4000 11813 12118 11256 12025 5972 5127 1426 2 1812 
4100 12400 9837 9639 13226 6766 4326 1278 4 2832 
4200 12710 8138 7662 13499 7918 3425 916 0 4699 
4300 12785 6866 6275 13526 8536 2961 868 3 5995 
4400 12781 6068 5380 13557 9011 2565 867 3 6785 
4500 12851 6184 5196 13628 9103 2554 868 1 7091 
4600 12794 6501 4815 13622 9297 2367 873 0 7479 
4700 12953 6563 4463 13634 9756 1944 873 0 7834 
4800 12951 6564 4462 13634 9754 1944 873 0 7833 
4900 12952 6564 4462 13635 9755 1944 873 0 7834 
5000 12953 6564 4462 13635 9755 1944 873 0 7834 
5100 12953 6564 4462 13635 9755 1944 873 0 7834 
5200 12953 6563 4462 13635 9753 1944 873 0 7832 
5300 13030 6921 3971 13645 10154 1690 806 0 8270 
5400 13015 7338 3512 13612 10556 1528 662 0 8782 
5500 12997 7475 3320 13618 10655 1486 622 0 8970 
5600 12995 7474 3321 13617 10653 1486 622 0 8968 
5700 12995 7474 3321 13617 10653 1486 622 0 8968 
5800 12994 7475 3323 13618 10653 1486 622 0 8968 
5900 12993 7472 3323 13615 10650 1486 622 0 8965 
6000 13007 7705 2976 13608 10798 1425 501 0 9276 
6100 13018 8008 2730 13555 10970 1355 434 0 9446 
6200 13011 8091 2608 13583 11107 1357 361 3 9574 
6300 12997 8086 2609 13581 11104 1357 361 3 9566 
6400 12956 8225 2517 13573 11140 1346 296 0 9643 
6500 13004 8306 2465 13604 11236 1339 261 1 9697 
6600 13018 8999 2399 13615 11270 1336 224 3 9839 
6700 13025 9461 2232 13615 11314 1333 232 1 10023 
6800 13066 9801 2168 13606 11308 1323 215 2 10112 
6900 13066 9800 2168 13606 11306 1323 215 2 10110 
7000 13066 9800 2168 13606 11306 1323 215 2 10110 
7100 13066 9800 2168 13606 11306 1323 215 2 10110 
7200 13066 9800 2168 13606 11306 1323 215 2 10110 
7300 13066 9800 2168 13606 11306 1323 215 2 10110 
7400 13066 9800 2168 13606 11306 1323 215 2 10110 
7500 13058 9808 2176 13597 11311 1327 216 1 10100 
7600 13059 9809 2176 13598 11312 1327 216 1 10101 
7700 13058 9808 2176 13597 11311 1327 216 1 10100 
7800 13059 9809 2176 13598 11312 1327 216 1 10101 
7900 13059 9809 2176 13598 11312 1327 216 1 10101 
8000 13058 9808 2176 13597 11311 1327 216 1 10100 
8100 13059 9809 2176 13598 11312 1327 216 1 10101 
8200 13058 9808 2176 13597 11311 1327 216 1 10100 
8300 13059 9809 2176 13598 11312 1327 216 1 10101 
8400 13058 9808 2176 13597 11311 1327 216 1 10100 
8500 13059 9809 2176 13598 11312 1327 216 1 10101 
8600 13059 9809 2176 13598 11312 1327 216 1 10101 
8700 13059 9809 2176 13598 11312 1327 216 1 10101 
8800 13059 9809 2176 13598 11312 1327 216 1 10101 
8900 13059 9809 2176 13598 11312 1327 216 1 10101 
9000 13007 10069 2124 13600 11286 1310 228 2 10122 
9100 13021 10397 2050 13566 11311 1297 228 4 10082 
9200 13057 10568 2025 13563 11364 1291 221 6 10184 
9300 13047 10579 2026 13554 11395 1290 216 6 10174 
9400 13048 10579 2026 13555 11396 1290 216 6 10175 
9500 13047 10579 2026 13554 11395 1290 216 6 10174 
9600 13047 10579 2026 13554 11395 1290 216 6 10174 
9700 13047 10579 2026 13554 11395 1290 216 6 10174 
9800 13045 10577 2026 13554 11393 1290 216 6 10173 
9900 13045 10577 2026 13554 11393 1290 216 6 10173 
10000 13045 10577 2026 13554 11393 1290 216 6 10173 
