# Avida tasks data
# Sat Apr 15 20:41:01 2023
# First column gives the current update, next columns give the number
# of organisms that have the particular task as a component of their merit
#  1: Update
#  2: Not
#  3: Nand
#  4: And
#  5: OrNot
#  6: Or
#  7: AndNot
#  8: Nor
#  9: Xor
# 10: Equals

0 0 0 0 0 0 0 0 0 0 
100 0 0 0 0 0 0 0 0 0 
200 0 0 0 0 0 0 0 0 0 
300 0 0 0 0 0 0 0 0 0 
400 0 0 0 0 0 0 0 0 0 
500 19 0 0 0 0 0 0 0 0 
600 103 0 0 0 0 0 0 0 0 
700 274 0 0 0 0 0 0 0 0 
800 713 20 0 2 0 0 0 0 0 
900 1375 87 0 17 0 0 0 0 0 
1000 1822 221 0 290 0 0 0 0 0 
1100 2268 320 10 1204 1 235 0 0 0 
1200 1931 544 61 2551 1504 2394 1446 0 0 
1300 1635 512 81 3490 3206 3795 2439 0 705 
1400 1226 557 79 4117 3818 4420 2305 0 1477 
1500 1063 591 115 3340 4563 5061 2237 0 2216 
1600 1045 625 116 3265 4733 5234 2229 0 2378 
1700 858 1054 151 3261 5057 5554 2233 3 2689 
1800 828 1358 147 3734 5344 5830 2235 11 2987 
