# Avida tasks data
# Sat Apr 15 21:28:26 2023
# First column gives the current update, next columns give the number
# of organisms that have the particular task as a component of their merit
#  1: Update
#  2: Not
#  3: Nand
#  4: And
#  5: OrNot
#  6: Or
#  7: AndNot
#  8: Nor
#  9: Xor
# 10: Equals

0 0 0 0 0 0 0 0 0 0 
100 0 0 0 0 0 0 0 0 0 
200 0 0 0 0 0 0 0 0 0 
300 0 0 0 0 0 0 0 0 0 
400 0 0 0 0 0 0 0 0 0 
500 0 0 0 0 0 0 0 0 0 
600 4 0 0 0 0 0 0 0 0 
700 18 2 0 0 0 0 0 0 0 
800 26 25 0 0 0 0 0 0 0 
900 72 71 0 0 0 0 0 0 0 
1000 179 321 0 732 2 0 0 0 0 
1100 761 2079 0 2603 0 0 0 0 0 
1200 1382 2587 0 3126 0 0 0 0 0 
1300 1899 3109 0 3627 0 0 0 0 0 
1400 2330 3490 0 4018 0 0 0 0 0 
1500 2776 3690 1 4209 1 0 0 0 0 
1600 2775 3699 1 4231 0 0 0 0 0 
1700 2779 3717 1 4251 0 0 0 0 0 
1800 2917 3844 1 4379 0 0 0 0 0 
1900 2942 3887 1 4400 0 0 0 0 0 
2000 3011 3960 1 4480 0 0 0 0 0 
2100 3057 4012 1 4539 0 0 0 0 0 
