# Avida tasks data
# Sat Apr 15 21:44:21 2023
# First column gives the current update, next columns give the number
# of organisms that have the particular task as a component of their merit
#  1: Update
#  2: Not
#  3: Nand
#  4: And
#  5: OrNot
#  6: Or
#  7: AndNot
#  8: Nor
#  9: Xor
# 10: Equals

0 0 0 0 0 0 0 0 0 0 
100 0 0 0 0 0 0 0 0 0 
200 0 0 0 0 0 0 0 0 0 
300 0 0 0 0 0 0 0 0 0 
400 0 0 0 0 0 0 0 0 0 
500 0 2 0 38 0 0 0 0 0 
600 2 22 0 691 0 0 0 0 0 
700 20 208 0 2336 2 0 0 0 0 
800 93 467 0 3759 2 0 0 0 0 
900 157 583 0 4707 0 1 0 0 0 
1000 339 840 2 5552 1 0 0 0 0 
1100 338 846 2 5541 1 0 0 0 0 
1200 377 885 1 5621 1 0 0 0 0 
1300 513 1047 1 6078 0 0 0 0 0 
1400 751 1472 0 6931 3 0 0 0 0 
1500 815 1615 2 7216 2 0 0 0 0 
1600 815 1624 2 7194 3 0 0 0 0 
1700 841 1528 2 7213 6 0 0 0 0 
1800 869 1512 2 7205 5 0 0 0 0 
1900 880 1510 2 7220 10 0 0 0 0 
2000 896 1526 2 7199 4 0 0 0 0 
2100 899 1500 2 7209 4 0 0 0 0 
2200 936 1510 2 7163 8 0 0 0 0 
2300 932 1514 2 7271 13 0 0 0 0 
2400 868 1481 2 7506 19 0 0 0 0 
2500 734 1413 2 7626 26 0 0 0 0 
2600 713 1300 2 8250 27 1 0 0 0 
2700 640 1152 0 8340 30 1 0 0 0 
2800 599 1041 0 8325 28 0 0 0 0 
2900 613 1643 0 8307 38 0 0 0 0 
3000 594 1537 0 8383 39 0 2 0 0 
3100 608 1295 0 8420 38 0 0 0 0 
3200 676 1181 0 8742 67 3 5 0 0 
3300 825 1148 0 9837 85 3 5 0 0 
3400 906 1109 1 10362 89 7 4 0 0 
3500 874 1095 0 10734 109 1 4 0 0 
3600 909 1049 0 10906 109 1 5 0 0 
3700 935 1077 0 10975 105 6 9 0 0 
3800 920 1057 0 10976 102 12 9 0 0 
3900 940 1079 0 10949 99 11 10 0 0 
4000 954 1091 0 10960 97 10 8 0 0 
4100 910 1086 2 10939 119 15 6 0 0 
4200 913 1048 4 10906 109 13 7 0 0 
4300 902 1046 0 10935 114 13 5 0 0 
4400 862 1013 3 10954 102 16 5 0 0 
4500 861 1027 1 10972 104 17 4 0 0 
4600 877 1067 2 10955 107 14 2 0 0 
4700 892 1038 1 10944 111 18 5 0 0 
4800 872 990 3 10960 111 18 3 0 0 
4900 862 998 2 11001 100 17 4 0 0 
5000 857 1001 8 11015 96 27 4 0 0 
5100 891 1013 4 11044 101 21 6 0 0 
5200 909 1053 4 11038 100 16 7 0 0 
5300 913 1038 6 11072 121 22 10 0 0 
5400 896 1000 2 11121 121 25 5 0 0 
5500 898 986 2 11204 122 15 7 0 0 
5600 898 935 7 11322 113 23 7 0 0 
5700 917 952 2 11325 134 23 7 0 0 
5800 890 951 4 11372 129 22 7 0 0 
5900 913 900 1 11440 127 22 9 0 0 
6000 919 906 3 11491 149 30 11 0 0 
6100 936 922 0 11528 153 19 10 0 0 
6200 991 928 1 11520 138 25 9 0 0 
6300 1020 963 4 11602 146 34 8 0 0 
6400 986 933 4 11683 143 27 8 0 0 
6500 941 877 3 11670 138 25 5 0 0 
6600 1003 917 3 11729 162 34 5 0 0 
6700 1007 875 1 11747 149 28 6 0 0 
6800 1046 917 7 11849 153 31 8 0 0 
6900 946 849 7 11894 141 18 9 0 0 
7000 938 823 5 11964 147 25 7 0 0 
7100 929 840 4 11990 135 35 11 1 0 
7200 994 815 11 11998 143 33 10 1 0 
7300 1015 868 9 12099 162 38 9 1 0 
7400 1061 835 5 12139 140 42 12 1 0 
7500 1039 878 6 12135 140 51 5 1 0 
7600 1102 857 8 12198 157 50 12 0 0 
7700 1093 886 8 12297 145 51 9 0 1 
7800 1065 889 7 12352 151 42 9 0 0 
7900 1060 906 7 12445 154 32 7 0 0 
8000 1036 901 7 12501 175 45 11 0 0 
8100 1075 923 9 12593 167 44 10 0 2 
8200 1060 887 9 12647 157 43 5 1 1 
8300 1121 907 13 12739 154 37 7 0 1 
8400 1094 860 9 12781 166 35 6 0 1 
8500 1080 883 12 12826 158 33 7 0 1 
8600 1068 904 10 12858 155 44 13 0 1 
8700 1052 897 12 12858 150 44 13 0 1 
8800 1066 904 13 12862 154 41 12 0 1 
8900 1048 905 12 12892 154 40 12 0 1 
9000 1037 896 157 12904 163 41 15 0 1 
9100 1035 890 219 12874 151 39 15 0 1 
9200 1071 872 299 12879 163 42 15 0 1 
9300 1041 853 430 12874 146 44 13 0 1 
9400 1054 864 460 12871 151 54 15 0 1 
9500 1032 876 474 12878 141 45 13 1 1 
9600 1052 885 472 12862 156 43 12 0 1 
9700 1077 889 506 12879 160 43 12 0 1 
9800 1037 883 594 12882 151 55 12 0 1 
9900 1050 875 613 12947 159 44 13 0 1 
10000 1079 899 648 12916 165 48 11 1 1 
