# Avida tasks data
# Sat Apr 15 23:11:24 2023
# First column gives the current update, next columns give the number
# of organisms that have the particular task as a component of their merit
#  1: Update
#  2: Not
#  3: Nand
#  4: And
#  5: OrNot
#  6: Or
#  7: AndNot
#  8: Nor
#  9: Xor
# 10: Equals

0 0 0 0 0 0 0 0 0 0 
100 0 0 0 0 0 0 0 0 0 
200 0 0 0 0 0 0 0 0 0 
300 0 0 0 0 0 0 0 0 0 
400 85 0 0 0 0 0 0 0 0 
500 1179 605 0 11 0 0 0 0 0 
600 2205 1608 0 35 0 0 0 0 0 
700 3014 2458 0 64 0 0 0 0 0 
800 3976 3440 0 103 0 0 0 0 0 
900 5043 4495 0 167 1 0 0 0 0 
1000 6085 5458 0 234 1 0 0 0 0 
1100 7182 6573 0 353 2 0 0 0 0 
1200 8179 7625 0 494 2 2 0 0 0 
1300 9126 8408 0 659 5 0 0 0 0 
1400 9814 9340 14 907 6 0 0 0 0 
1500 10573 10000 23 1098 10 2 0 0 0 
1600 10951 10491 44 1297 5 1 0 0 0 
1700 11335 10864 29 1614 8 0 0 0 0 
1800 11666 11218 21 1991 10 0 0 0 0 
1900 11782 11350 19 2454 11 0 0 0 0 
2000 11910 11597 21 2903 16 0 0 0 0 
2100 12010 11765 16 3375 18 0 0 0 0 
2200 12130 11926 32 3712 26 2 0 0 0 
2300 12269 12033 33 4240 44 2 0 0 0 
2400 12472 12207 39 4590 19 2 0 0 0 
2500 12525 12260 81 5056 21 0 0 0 0 
2600 12722 12459 90 5538 28 0 0 0 0 
2700 12903 12586 121 6216 26 1 0 0 0 
2800 12927 12641 111 6863 28 0 0 0 0 
2900 12950 12689 158 7353 43 0 0 0 0 
3000 12887 12749 164 7693 44 0 14 0 0 
3100 13025 12653 200 7400 31 1 561 0 0 
3200 13023 12716 147 7155 47 1 1343 0 0 
3300 13041 12724 66 6566 47 0 2336 0 0 
3400 13092 12748 20 6043 31 0 3305 0 0 
3500 13189 12750 2 5428 26 0 4323 0 0 
3600 13220 12798 4 4997 30 0 5266 0 0 
3700 13225 12800 5 4625 20 0 6104 0 0 
3800 13216 12885 3 4446 11 1 6910 0 0 
3900 13271 12876 2 4210 16 0 7754 0 0 
4000 13271 12928 0 4241 19 0 8410 0 0 
4100 13331 12946 0 4283 18 2 9176 0 0 
4200 13291 13010 2 4482 74 11 9875 0 0 
4300 13259 13062 1 4774 232 12 10384 0 0 
4400 13338 13094 3 5039 545 20 10814 0 0 
4500 13254 13027 1 5284 892 18 11006 0 0 
4600 13399 13153 4 5622 1324 27 11388 0 2 
4700 13330 13019 0 5808 1796 51 11432 0 0 
4800 13245 13037 3 6300 2197 96 11579 0 0 
4900 13214 13012 2 6587 2720 187 11627 0 0 
5000 13189 13009 8 6938 3037 250 11648 0 2 
5100 13163 12987 10 7323 3489 394 11657 0 0 
5200 13244 13034 35 7869 4192 1072 11771 0 0 
5300 13230 12971 43 8405 4616 1968 11779 0 0 
5400 13205 12996 74 8959 5119 2874 11863 0 0 
5500 13209 12987 105 9347 5548 3780 11797 174 0 
5600 13238 13002 117 8391 6244 4443 11900 1326 0 
5700 13146 12983 107 7324 6903 5201 11908 2681 2 
5800 13103 13020 113 6619 7541 6065 11928 3918 6 
5900 13173 13024 109 5900 8255 7020 11902 5097 7 
6000 13101 12990 106 5303 8784 7902 11912 6133 3 
6100 13043 12960 67 4690 9328 8687 11945 7193 3 
6200 13098 12986 70 4444 9977 9511 11986 8098 2 
6300 13050 12984 59 4515 10363 10267 12082 8914 2 
6400 13119 13031 71 4457 10757 10844 12152 9586 2 
6500 13086 13013 57 4711 11088 11376 12179 10039 2 
6600 13109 12999 56 4946 11379 11739 12102 10422 5 
6700 13156 12992 50 5386 11612 12040 12143 10687 4 
6800 13233 13063 70 5854 11756 12227 12172 11018 3 
6900 13272 13024 75 6419 11932 12384 12162 11124 6 
7000 13222 13055 75 6882 11915 12547 12225 11291 7 
7100 13176 13021 55 7407 12031 12711 12138 11466 5 
7200 13279 13003 35 7978 12119 12792 12120 11519 6 
7300 13367 13065 55 8402 12317 12968 12202 11685 1 
7400 13386 13092 58 8971 12425 13014 12290 11814 3 
7500 13399 13069 56 9477 12535 13154 12247 11830 6 
7600 13460 13017 31 9973 12494 13075 12165 11739 8 
7700 13406 12967 29 10356 12450 13018 12148 11744 3 
7800 13469 13099 38 10792 12514 13082 12314 11883 5 
7900 13606 13033 53 11103 12562 12961 12212 11833 4 
8000 13475 13051 35 11390 12486 13043 12197 11810 3 
8100 13509 13030 48 11667 12528 13087 12115 11729 10 
8200 13551 13103 45 11952 12528 13067 12146 11801 6 
8300 13557 13076 36 12059 12531 13108 12195 11749 3 
8400 13496 13136 45 12225 12505 13128 12266 11845 6 
8500 13510 13030 51 12344 12530 13042 12177 11772 6 
8600 13585 13102 37 12487 12573 13130 12241 11817 4 
8700 13585 13124 74 12567 12601 13073 12222 11781 8 
8800 13568 13086 123 12653 12610 13123 12243 11828 9 
8900 13564 13083 145 12619 12489 13098 12252 11785 7 
9000 13521 13117 181 12611 12531 13139 12248 11829 2 
9100 13521 13159 286 12615 12502 13198 12209 11819 5 
9200 13522 13103 380 12728 12548 13243 12224 11796 1 
9300 13524 13157 488 12726 12554 13130 12165 11732 7 
9400 13570 13172 647 12701 12645 13173 12315 11890 4 
9500 13494 13137 773 12620 12546 13115 12195 11778 2 
9600 13549 13124 989 12666 12583 13083 12153 11776 2 
9700 13518 13126 1156 12668 12575 13076 12195 11761 3 
9800 13549 13177 1376 12886 12682 13084 12256 11835 7 
9900 13516 13232 1705 12800 12633 13182 12344 11974 10 
10000 13405 13180 2021 12797 12625 13193 12229 11817 4 
