# Avida tasks data
# Sat Apr 15 19:23:03 2023
# First column gives the current update, next columns give the number
# of organisms that have the particular task as a component of their merit
#  1: Update
#  2: Not
#  3: Nand
#  4: And
#  5: OrNot
#  6: Or
#  7: AndNot
#  8: Nor
#  9: Xor
# 10: Equals

0 0 0 0 0 0 0 0 0 0 
100 0 0 0 0 0 0 0 0 0 
200 0 0 0 0 0 0 0 0 0 
300 0 0 0 0 0 0 0 0 0 
400 0 0 0 0 0 0 0 0 0 
500 0 0 0 0 0 0 0 0 0 
600 0 0 0 0 0 0 0 0 0 
700 5 39 0 0 0 0 0 0 0 
800 9 235 0 15 0 0 0 0 0 
900 50 490 0 285 0 0 0 0 0 
1000 131 644 0 1217 0 0 0 0 0 
1100 138 692 0 2222 0 0 0 0 0 
1200 368 947 0 2826 0 0 0 0 0 
1300 396 2821 7 4330 3 421 0 0 0 
1400 815 3377 8 4922 51 1018 0 0 0 
1500 1296 3855 12 5407 3 1473 0 0 0 
1600 1326 3915 14 5454 3 1551 0 0 0 
1700 1597 4121 12 5631 4 1805 0 0 0 
1800 1966 4497 10 5953 2 2186 0 0 0 
1900 2421 4965 18 6392 2 2628 2 0 0 
2000 2800 5368 14 6779 2 3091 1 0 0 
2100 3048 5766 16 7101 2 3410 0 0 0 
2200 3313 6123 29 7426 1 3750 0 0 0 
2300 3697 6561 18 7818 4 4175 0 0 0 
2400 4041 6836 22 8093 2 4567 0 0 0 
2500 4229 6930 373 8180 2 4762 0 0 0 
2600 4309 6926 810 8183 3 4849 2 0 0 
2700 4527 6944 1100 8196 5 5000 0 0 0 
2800 4626 6969 1145 8221 4 5057 1 0 0 
2900 4672 6991 1274 8235 577 5066 0 0 0 
3000 4421 7043 1515 8238 1036 5205 0 0 0 
3100 4575 7141 1360 8293 1237 5259 2 0 0 
3200 4692 7200 1259 8344 1410 5335 1 0 0 
3300 4878 7279 1125 8382 1618 5407 0 0 0 
3400 5071 7370 1086 8467 1880 5576 2 0 0 
3500 5262 7441 991 8526 2119 5695 2 0 0 
3600 5434 7483 863 8595 2281 5749 1 0 0 
3700 5580 7558 832 8649 2492 5786 1 0 0 
3800 5773 7664 795 8746 2746 5931 2 0 0 
3900 5982 7768 712 8829 2951 6037 3 0 0 
4000 6180 7814 654 8894 3174 6115 7 0 0 
4100 6385 7878 639 8991 3410 6228 7 0 0 
4200 6559 7947 594 9034 3565 6305 1 0 0 
4300 6767 8074 554 9158 3833 6473 4 0 0 
4400 6986 8138 517 9221 4099 6654 1 0 0 
4500 7197 8242 477 9304 4257 6693 1 0 0 
4600 7329 8328 450 9368 4549 6841 2 0 0 
4700 7516 8449 382 9467 4758 6943 4 0 0 
4800 7678 8515 338 9493 4908 7032 9 0 0 
4900 7807 8604 344 9552 5055 7098 4 0 0 
5000 8035 8680 304 9639 5304 7203 9 0 0 
5100 8211 8792 260 9681 5498 7349 6 0 0 
5200 8344 8923 245 9777 5673 7425 4 0 0 
5300 8477 8954 216 9821 5902 7545 9 0 0 
5400 8660 9117 201 9917 6031 7629 11 0 0 
5500 8766 9193 179 9951 6258 7720 7 0 0 
5600 8911 9290 159 10006 6439 7857 13 0 0 
5700 9051 9415 136 10098 6583 7911 14 0 0 
5800 9239 9556 113 10170 6776 8044 12 0 0 
5900 9425 9723 110 10296 7013 8166 15 0 0 
6000 9540 9862 114 10404 7200 8333 20 0 0 
6100 9714 9932 102 10482 7338 8406 14 0 0 
6200 9916 10093 99 10651 7509 8570 16 0 0 
6300 10018 10161 114 10691 7558 8549 18 0 0 
6400 10125 10285 101 10825 7805 8762 17 0 0 
6500 10280 10453 97 10973 8007 8937 10 0 0 
6600 10365 10533 107 11008 7977 8892 13 0 0 
6700 10540 10669 102 11145 8219 9072 8 0 0 
6800 10665 10634 126 11253 8268 9098 9 0 0 
6900 10694 9909 125 11264 8301 9116 9 0 0 
7000 10725 9433 127 11311 8334 9146 11 0 0 
7100 10794 9052 123 11397 8410 9260 8 0 0 
7200 10882 8731 118 11492 8538 9382 8 0 0 
7300 10992 8483 102 11589 8622 9473 10 0 0 
7400 11025 8275 108 11654 8698 9514 8 0 0 
7500 11074 8104 120 11739 8779 9599 14 0 0 
7600 11180 7898 112 11819 8794 9614 8 0 0 
7700 11241 7648 111 11884 8945 9774 10 0 0 
7800 11350 7483 104 11962 8932 9749 9 0 0 
7900 11437 7234 92 12028 9000 9814 12 0 0 
8000 11427 7040 104 12032 9089 9865 9 0 0 
8100 11491 6816 114 12124 9194 9953 10 0 0 
8200 11592 6628 120 12180 9248 9968 13 0 0 
8300 11621 6404 110 12222 9249 9988 15 0 0 
8400 11697 6202 114 12300 9375 10126 10 0 0 
8500 11709 6032 123 12291 9395 10140 6 0 0 
8600 11824 5841 111 12348 9486 10240 8 0 0 
8700 11781 5672 121 12315 9436 10173 9 0 0 
8800 11860 5452 110 12384 9514 10243 5 0 0 
8900 11898 5315 97 12414 9522 10283 7 0 0 
9000 12001 5190 98 12464 9636 10336 9 0 0 
9100 12023 5057 98 12465 9659 10373 8 0 0 
9200 12079 4888 114 12506 9713 10424 10 0 0 
9300 12110 4700 113 12543 9835 10498 12 0 0 
9400 12153 4514 109 12592 9868 10582 9 0 0 
9500 12189 4370 109 12620 9941 10642 8 0 0 
9600 12245 4222 104 12671 9975 10704 11 0 0 
9700 12269 4083 109 12708 10006 10729 5 0 0 
9800 12320 3967 99 12767 10025 10751 6 0 0 
9900 12414 3850 116 12831 10128 10823 10 0 0 
10000 12403 3753 122 12809 10078 10770 12 0 0 
