# Avida tasks data
# Sat Apr 15 18:32:36 2023
# First column gives the current update, next columns give the number
# of organisms that have the particular task as a component of their merit
#  1: Update
#  2: Not
#  3: Nand
#  4: And
#  5: OrNot
#  6: Or
#  7: AndNot
#  8: Nor
#  9: Xor
# 10: Equals

0 0 0 0 0 0 0 0 0 0 
100 0 0 0 0 0 0 0 0 0 
200 0 0 0 0 0 0 0 0 0 
300 1 0 0 0 0 0 0 0 0 
400 6 57 0 121 0 0 0 0 0 
500 62 151 0 837 6 1 0 0 0 
600 151 705 30 2019 27 8 0 0 0 
700 475 1842 573 3629 42 49 0 0 0 
800 809 2833 1208 5784 132 1249 5 0 0 
900 2011 2139 903 6203 1555 2984 1311 0 0 
1000 3501 1621 804 7376 2889 4044 2735 0 0 
1100 5444 1388 1294 8573 4579 5353 4486 0 2 
1200 6696 1281 1973 9211 5658 6149 5647 0 0 
1300 7503 1617 2686 9625 6466 6804 6513 0 0 
1400 8305 2027 3539 9965 7176 7359 7255 0 5 
1500 8997 2837 4264 10320 7714 7875 7983 0 0 
1600 9706 3912 4916 10769 8368 8280 8629 0 8 
1700 10548 5024 5750 11134 8994 8796 9343 0 4 
1800 11239 5998 6487 11624 9671 9348 10072 0 13 
1900 11914 6723 7049 11974 10205 9721 10618 0 14 
2000 12367 7580 7646 12234 10714 10104 11181 0 29 
2100 12825 8347 8224 12402 11164 10402 11576 0 24 
2200 13156 8951 8665 12524 11411 10538 11872 0 33 
2300 13332 9468 8979 12645 11560 10702 11992 0 33 
2400 13449 10067 9251 12683 11731 10768 12233 50 22 
2500 13573 10641 9585 12703 11818 10754 12261 118 40 
2600 13484 11114 9474 12620 11711 10495 12207 154 52 
2700 13584 11504 9708 12693 11767 10650 12263 402 144 
2800 13592 11904 10136 12703 11850 10821 12293 1378 309 
2900 13579 11483 10132 12565 11806 10802 12270 1734 1197 
3000 13605 10818 10122 12560 11760 10822 12237 1308 2482 
3100 13572 10334 10240 12504 11784 10914 12234 981 3621 
3200 13547 10031 10123 12505 11722 10929 12170 728 4400 
3300 13601 9972 10352 12513 11773 11050 12228 581 5236 
3400 13563 10023 10360 12456 11752 11117 12193 488 5779 
3500 13593 10091 10491 12481 11787 11210 12232 432 6421 
3600 13595 9445 10242 11969 11690 11234 12189 430 7102 
3700 13543 8714 10050 10954 11689 11170 12109 433 7269 
