# Avida tasks data
# Sat Apr 15 20:07:03 2023
# First column gives the current update, next columns give the number
# of organisms that have the particular task as a component of their merit
#  1: Update
#  2: Not
#  3: Nand
#  4: And
#  5: OrNot
#  6: Or
#  7: AndNot
#  8: Nor
#  9: Xor
# 10: Equals

0 0 0 0 0 0 0 0 0 0 
100 0 0 0 0 0 0 0 0 0 
200 0 0 0 0 0 0 0 0 0 
300 0 0 0 0 0 0 0 0 0 
400 0 0 0 0 0 0 0 0 0 
500 0 0 0 0 0 0 0 0 0 
600 12 0 0 0 0 0 0 0 0 
700 60 0 0 0 0 0 0 0 0 
800 146 0 0 0 0 0 0 0 0 
900 279 6 0 0 0 0 0 0 0 
1000 621 15 0 0 0 0 0 0 0 
1100 1343 26 0 0 0 0 0 0 0 
1200 1890 116 12 777 0 739 0 0 0 
1300 1433 116 35 1962 1 2231 0 0 0 
1400 1402 118 30 2346 0 2325 0 0 0 
1500 1229 124 32 2619 0 2553 0 0 0 
1600 1225 123 32 2647 1 2572 0 0 0 
1700 1210 120 29 2652 0 2584 0 0 0 
1800 1201 105 29 2763 0 2698 0 0 0 
1900 1174 680 30 2977 0 2921 0 0 0 
2000 1178 1208 31 3195 0 3140 0 0 0 
2100 1184 1633 38 3380 2 3323 0 0 0 
2200 1189 2025 34 3624 1 3569 1 0 0 
2300 1216 2389 48 3789 0 3736 0 0 0 
2400 1238 2715 48 3995 1 3943 0 0 0 
2500 1294 2974 40 4147 0 4088 0 0 0 
2600 1370 3254 43 4316 0 4249 0 0 0 
2700 1489 3466 36 4465 0 4404 0 0 0 
2800 1523 3664 39 4571 0 4504 0 0 0 
2900 1689 3941 41 4782 0 4705 0 0 0 
3000 1809 4188 50 4929 0 4839 0 0 0 
3100 1711 4416 49 5161 0 5074 0 0 0 
3200 1659 4531 45 5283 0 5196 0 0 0 
3300 1604 4578 48 5316 0 5230 0 0 0 
3400 1535 4650 48 5402 0 5320 0 0 0 
3500 1493 4709 55 5428 0 5339 0 0 0 
3600 1406 4844 44 5576 0 5493 0 0 0 
3700 1346 4944 35 5726 0 5636 0 0 0 
3800 1298 5113 53 5863 0 5786 0 0 0 
3900 1213 5186 54 5935 0 5847 0 0 0 
4000 1187 5190 62 5947 0 5857 0 0 0 
4100 1163 5185 62 5943 0 5861 0 0 0 
4200 1142 5205 49 6021 0 5931 0 0 0 
4300 1095 4611 50 6029 0 5935 0 0 0 
4400 1083 4075 58 6015 0 5930 0 0 0 
4500 1090 3727 59 6023 0 5935 0 0 0 
4600 1080 3355 66 6005 0 5919 0 0 0 
4700 1087 3120 59 6046 0 5950 0 0 0 
4800 1088 3083 45 6056 0 5964 0 0 0 
4900 1078 2988 45 6077 0 5999 0 0 0 
5000 1083 2914 61 6151 0 6074 0 0 0 
5100 1103 2858 73 6211 0 6130 0 0 0 
5200 1102 2794 66 6336 2 6250 0 0 0 
5300 1090 2752 58 6450 2 6373 0 0 0 
5400 1081 2699 70 6564 1 6485 0 0 0 
5500 1094 2609 53 6670 0 6583 0 0 0 
5600 1107 2573 73 6815 0 6704 0 0 0 
5700 1100 2486 66 6941 0 6864 0 0 0 
5800 1093 2437 69 7074 0 6993 0 0 0 
5900 1084 2404 73 7179 0 7104 0 0 0 
6000 1085 2359 73 7301 0 7224 0 0 0 
6100 1107 2310 65 7414 0 7313 0 0 0 
6200 1122 2265 65 7528 0 7445 0 0 0 
6300 1129 2216 71 7620 0 7538 0 0 0 
6400 1167 2169 80 7784 0 7700 0 0 0 
6500 1161 2141 81 7833 0 7746 0 0 0 
6600 1166 2119 93 7963 1 7865 0 0 0 
6700 1202 2060 92 8028 1 7932 0 0 0 
6800 1211 2026 119 8150 1 8049 0 0 0 
6900 1242 1995 126 8258 0 8147 0 0 0 
7000 1282 1921 129 8357 1 8261 0 0 0 
7100 1310 1880 158 8483 0 8398 0 0 0 
7200 1343 1798 154 8567 0 8468 0 0 0 
7300 1345 1736 153 8658 0 8565 0 0 0 
7400 1371 1699 137 8775 0 8668 0 0 0 
7500 1411 1644 143 8908 0 8795 0 0 0 
7600 1446 1576 142 9028 0 8919 0 0 0 
7700 1444 1530 164 9132 4 9032 0 0 0 
7800 1419 1472 153 9215 6 9117 0 0 0 
7900 1384 1423 161 9313 11 9215 0 0 0 
8000 1409 1391 198 9385 25 9283 0 0 0 
8100 1385 1340 222 9461 62 9365 0 0 0 
8200 1430 1293 238 9568 133 9433 0 0 0 
8300 1351 1248 231 9680 214 9530 0 0 0 
8400 1342 1192 242 9708 306 9543 0 0 0 
8500 1356 1158 247 9824 396 9656 0 0 0 
8600 1307 1115 252 9904 516 9769 0 0 0 
8700 1254 1040 248 9984 626 9845 0 0 0 
8800 1260 1034 267 10080 770 9933 0 0 0 
8900 1300 1034 268 10229 1009 10085 0 0 0 
9000 1495 1009 262 10390 1244 10250 0 0 0 
9100 1771 999 254 10517 1479 10371 0 0 0 
9200 1938 987 298 10623 1693 10472 0 0 0 
9300 2295 950 344 10803 2007 10645 0 0 0 
9400 2644 931 344 10987 2235 10825 0 0 0 
9500 2560 906 357 11053 2020 10883 0 0 0 
9600 2563 1012 371 11091 1955 10904 0 0 0 
9700 2436 1342 347 11089 1935 10902 0 0 0 
9800 2401 1542 374 11093 1927 10875 0 0 0 
9900 2403 1706 348 11107 1919 10896 0 0 0 
10000 2349 1895 339 11145 1865 10924 0 0 0 
