# Avida tasks data
# Sat Apr 15 20:42:33 2023
# First column gives the current update, next columns give the number
# of organisms that have the particular task as a component of their merit
#  1: Update
#  2: Not
#  3: Nand
#  4: And
#  5: OrNot
#  6: Or
#  7: AndNot
#  8: Nor
#  9: Xor
# 10: Equals

0 0 0 0 0 0 0 0 0 0 
100 0 0 0 0 0 0 0 0 0 
200 0 0 0 0 0 0 0 0 0 
300 0 0 0 0 0 0 0 0 0 
400 0 0 0 0 0 0 0 0 0 
500 0 0 0 0 0 0 0 0 0 
600 4 0 0 0 0 0 0 0 0 
700 23 75 0 0 0 0 0 0 0 
800 103 250 0 161 0 0 0 0 0 
900 355 952 105 1232 0 1 0 0 0 
1000 802 1807 1761 2347 0 31 0 0 0 
1100 1784 2901 3007 3812 10 320 263 0 0 
1200 3364 3992 3643 5641 45 1305 1448 3 0 
1300 4364 4466 3964 6951 285 2162 2837 1 0 
1400 3424 3225 5003 7010 2597 3095 3633 0 2 
1500 2729 2518 5889 7224 4346 3925 4447 0 6 
1600 2262 1957 6693 7746 5897 4946 5546 0 5 
1700 1973 1450 7500 8586 7511 6277 7067 0 5 
1800 1639 1039 8253 9341 9024 7527 8497 0 18 
1900 1364 574 8974 10005 10491 8729 9834 0 7 
2000 1094 248 9502 10494 11526 9643 10782 0 9 
2100 1219 69 9574 10662 11897 9940 11234 0 8 
2200 1277 63 9626 10780 12167 10054 11409 0 14 
2300 1472 63 9960 11059 12378 10346 11545 0 15 
2400 1748 57 10042 11172 12498 10446 11717 0 12 
2500 2077 103 9989 11154 12480 10416 11796 0 12 
2600 2672 134 9976 11126 12451 10369 11754 0 19 
2700 3033 210 10100 11203 12520 10465 11778 0 5 
2800 3537 261 10083 11293 12510 10483 11735 0 21 
2900 4055 329 9986 11278 12540 10374 11739 0 22 
3000 4703 381 9923 11271 12515 10387 11774 0 26 
3100 5290 514 10059 11351 12559 10412 11794 0 30 
3200 5973 614 9950 11415 12533 10412 11788 0 48 
3300 6367 752 10158 11509 12510 10616 11851 0 47 
3400 7142 848 10033 11488 12521 10378 11773 0 78 
3500 7607 996 9828 11433 12552 10287 11707 0 139 
3600 8365 1143 9911 11571 12491 10392 11812 0 148 
3700 8992 1291 9777 11521 12401 10120 11688 0 170 
3800 9493 1372 9960 11708 12620 10335 11892 0 230 
3900 9994 1509 9857 11690 12560 10251 11810 0 219 
4000 10419 1655 9887 11715 12534 10306 11841 0 214 
4100 10927 1682 9828 11731 12571 10285 11761 0 250 
4200 11449 1698 9817 11787 12607 10289 11905 0 289 
4300 11736 1736 9761 11749 12628 10101 11874 0 354 
4400 12202 1832 9824 11834 12708 10218 11925 0 327 
4500 12522 1968 9755 11734 12572 10164 11759 0 352 
4600 12631 2159 9750 11836 12639 10215 11960 0 463 
4700 12960 2156 9715 11781 12590 10104 11883 0 430 
4800 12995 2356 9688 11784 12564 10116 11905 0 434 
4900 12926 2530 9680 11678 12571 10154 11864 0 409 
5000 13024 2736 9574 11685 12611 10100 11865 0 437 
5100 13068 3179 9736 11735 12684 10165 12016 0 473 
5200 13105 3348 9540 11640 12566 10007 11786 0 455 
5300 13114 3772 9732 11748 12613 10138 11989 0 465 
5400 13146 4013 9791 11755 12659 10192 11947 0 409 
5500 13144 4388 9779 11688 12583 10158 11918 0 283 
5600 13090 4752 9602 11582 12574 10031 11808 0 306 
5700 13017 5212 9953 11810 12633 10339 11963 0 273 
5800 13036 5371 9726 11580 12586 10177 11846 0 242 
5900 13097 5781 9713 11560 12536 10226 11841 0 226 
6000 13196 6156 9790 11553 12617 10226 11922 0 189 
6100 13071 6659 9935 11715 12604 10388 11948 0 188 
6200 13113 6984 9654 11763 12641 10101 11975 0 510 
6300 13020 6528 8218 11722 12563 8586 11944 0 1851 
6400 13125 5889 6939 11984 12572 7268 11919 0 3094 
6500 13205 4974 5679 12223 12606 5933 11892 0 4348 
6600 13289 4117 4554 12330 12546 4797 11852 0 5425 
6700 13310 3356 3654 12460 12465 3849 11720 0 6274 
6800 13359 2673 2824 12714 12520 2946 11775 0 7109 
6900 13327 2107 2221 12751 12538 2283 11764 0 7801 
7000 13420 1663 1744 12873 12459 1803 11714 0 8258 
7100 13403 1344 1418 12977 12576 1467 11775 0 8671 
7200 13408 1130 1218 13073 12620 1222 11792 0 8883 
7300 13436 945 1023 13010 12595 1032 11670 0 8976 
7400 13494 754 843 13099 12545 814 11702 3 9144 
7500 13503 611 714 13102 12590 675 11758 2 9344 
7600 13509 443 512 13106 12506 487 11645 0 9478 
7700 13519 361 418 13203 12545 363 11675 0 9515 
7800 13480 246 328 13140 12521 250 11589 4 9674 
7900 13505 162 255 13193 12619 194 11694 0 9718 
8000 13459 109 202 13230 12605 124 11630 1 9706 
8100 13482 81 195 13239 12588 106 11645 0 9761 
8200 13501 50 149 13179 12475 75 11503 0 9759 
8300 13495 54 144 13207 12517 74 11655 0 9883 
8400 13478 40 142 13202 12551 71 11615 0 9794 
8500 13483 37 115 13186 12489 81 11589 0 9716 
8600 13466 55 138 13135 12579 59 11626 0 9803 
8700 13415 50 150 13231 12594 74 11665 5 9828 
8800 13421 65 153 13195 12562 65 11621 6 9759 
8900 13497 47 142 13234 12537 70 11607 5 9800 
9000 13424 51 158 13239 12576 71 11725 0 9853 
9100 13402 45 140 13194 12480 76 11588 3 9756 
9200 13499 52 139 13179 12474 76 11561 3 9852 
9300 13485 56 123 13191 12555 57 11713 0 9926 
9400 13459 60 148 13253 12661 76 11743 0 9884 
9500 13533 40 162 13290 12662 83 11803 0 10031 
9600 13549 37 103 13223 12630 59 11699 2 9856 
9700 13500 52 137 13170 12544 82 11619 8 9842 
9800 13529 34 130 13302 12718 62 11828 5 9982 
9900 13488 51 129 13309 12710 74 11821 0 10060 
10000 13578 53 117 13239 12662 50 11754 2 9973 
