# Avida tasks data
# Sat Apr 15 19:06:27 2023
# First column gives the current update, next columns give the number
# of organisms that have the particular task as a component of their merit
#  1: Update
#  2: Not
#  3: Nand
#  4: And
#  5: OrNot
#  6: Or
#  7: AndNot
#  8: Nor
#  9: Xor
# 10: Equals

0 0 0 0 0 0 0 0 0 0 
100 0 0 0 0 0 0 0 0 0 
200 0 0 0 0 0 0 0 0 0 
300 0 0 0 0 0 0 0 0 0 
400 0 0 0 0 0 0 0 0 0 
500 3 6 0 0 0 0 0 0 0 
600 8 37 0 0 0 0 0 0 0 
700 45 140 0 10 0 0 0 0 0 
800 162 411 0 365 0 0 0 0 0 
900 1058 278 0 1225 974 0 0 0 0 
1000 2410 736 9 2380 2194 0 0 0 0 
1100 3650 1239 70 3535 3411 5 0 0 0 
1200 5168 1309 195 4972 4660 1353 0 0 0 
1300 7241 1264 175 7010 6668 3660 0 0 0 
1400 8774 1329 245 8443 7981 5223 92 0 0 
1500 9707 1464 204 9318 8790 6299 222 0 0 
1600 10329 1890 237 10090 9552 7082 474 0 0 
1700 10780 2623 212 10444 9840 7549 743 0 0 
1800 11157 3513 247 10724 10056 7798 1157 0 0 
1900 11160 3908 289 10937 10292 7933 1687 0 0 
2000 10716 3668 224 11212 10449 8160 2543 0 1 
2100 10302 3208 209 11437 10637 8507 3515 0 0 
2200 10530 2792 204 11588 10554 8909 4337 0 0 
2300 10555 2642 201 11841 10498 9366 5069 0 0 
2400 10676 2538 211 11926 10432 9892 6022 0 0 
2500 10617 2711 185 12240 10488 10270 6911 0 0 
2600 10615 3097 183 12313 10398 10570 7707 0 0 
2700 10631 3593 197 12378 10481 10877 8379 0 0 
2800 10704 4325 176 12502 10615 11328 9000 0 0 
2900 10733 5015 193 12641 10584 11604 9533 0 0 
3000 10868 5871 235 12780 10654 11755 9936 0 0 
3100 10834 6474 206 12887 10580 11871 10258 0 0 
3200 10639 7165 221 12843 10411 11928 10276 0 0 
3300 10628 7844 184 12833 10447 11965 10473 0 0 
3400 10812 8560 263 12922 10608 12035 10728 0 0 
3500 10778 9086 317 12899 10595 12152 10807 0 0 
3600 10697 9510 366 12921 10589 12151 10928 0 0 
3700 10759 9865 522 12923 10567 12180 10954 0 0 
3800 10814 10131 699 12931 10534 12160 11006 0 1 
3900 10834 10410 921 12907 10513 12117 11100 0 1 
4000 10796 10450 1053 12909 10464 12215 11197 0 0 
4100 10916 10445 1401 12936 10589 12181 11236 0 0 
4200 10904 10276 1666 12896 10526 12202 11090 0 1 
4300 10880 10199 1902 12900 10433 12170 11149 1 0 
4400 11015 9936 2265 12977 10571 12174 11264 2 0 
4500 11002 9745 2589 12930 10614 12213 11267 1 0 
4600 11072 9383 2983 13021 10473 12344 11243 0 0 
4700 11020 9091 3326 12935 10454 12139 11133 0 0 
4800 10871 8623 3646 12913 10357 12189 11141 0 0 
4900 10951 8391 3975 12989 10401 12230 11157 0 2 
5000 10831 8031 4242 12969 10328 12214 11053 0 0 
5100 10966 7749 4524 12922 10390 12184 11128 0 0 
5200 10997 7305 4898 12953 10414 12202 11115 0 1 
5300 11141 7018 5220 12955 10487 12177 11196 0 2 
5400 11081 6690 5623 12988 10436 12185 11213 0 1 
5500 11059 6313 5965 13007 10448 12179 11269 0 0 
5600 11029 6106 6305 12937 10357 12154 11133 0 2 
5700 11199 5801 6798 12998 10364 12256 11199 0 0 
5800 11120 5694 6957 12860 10208 12181 11007 0 2 
5900 11216 5677 7429 12999 10331 12235 11158 0 3 
6000 11327 5554 7691 13001 10368 12142 11095 0 0 
6100 11322 5589 8045 12958 10337 12149 11200 0 1 
6200 11337 5547 8357 13062 10429 12257 11204 0 0 
6300 11293 5447 8589 12996 10326 12290 11228 0 5 
6400 11379 5524 8875 13020 10335 12342 11277 0 0 
6500 11462 5650 9043 13018 10285 12254 11089 0 0 
6600 11564 5831 9327 12946 10254 12233 11100 0 2 
6700 11649 5820 9553 13016 10333 12242 11151 0 0 
6800 11571 5906 9647 13024 10422 12376 11281 0 0 
6900 11697 6102 9725 12973 10381 12301 11266 0 1 
7000 11636 6217 9949 13016 10504 12328 11366 0 3 
7100 11731 6579 9941 12969 10342 12411 11225 0 1 
7200 11908 6805 10049 12914 10345 12261 11212 0 1 
7300 11876 7266 10202 12907 10352 12259 11104 0 0 
7400 11955 7710 10132 12954 10391 12241 11261 2 3 
7500 11982 8164 10257 12951 10444 12324 11250 0 0 
7600 11941 8549 10310 12953 10457 12378 11309 0 2 
7700 12078 8722 10265 12991 10449 12334 11323 0 0 
7800 12027 9160 10228 12985 10387 12259 11288 1 0 
7900 12034 9256 10060 12904 10330 12187 11187 0 1 
8000 11964 9433 10216 12960 10374 12264 11219 0 0 
8100 12153 9652 10290 12985 10411 12344 11308 0 0 
8200 12025 9945 10285 13008 10344 12240 11237 0 0 
8300 12063 10171 10224 12952 10391 12323 11218 0 1 
8400 12113 10323 10356 13010 10568 12318 11357 0 1 
8500 12057 10522 10340 12917 10550 12295 11325 0 1 
8600 12061 10839 10353 12903 10405 12368 11294 0 0 
8700 12004 10982 10297 12992 10483 12387 11332 0 0 
8800 12134 11099 10376 13000 10483 12427 11383 0 0 
8900 11948 11243 10315 12932 10338 12321 11247 0 0 
9000 12171 11334 10327 13028 10504 12337 11356 0 0 
9100 12233 11377 10418 12978 10481 12369 11364 0 2 
9200 12195 11491 10387 12994 10563 12487 11378 0 4 
9300 12202 11493 10315 12859 10501 12450 11265 0 4 
9400 12102 11506 10274 12965 10360 12397 11268 0 1 
9500 12323 11662 10403 12985 10648 12418 11413 0 1 
9600 12336 11926 10498 12930 10623 12385 11440 0 1 
9700 12201 11781 10536 12997 10597 12445 11380 0 4 
9800 12207 11852 10305 12859 10362 12416 11227 0 2 
9900 12240 12010 10412 13041 10528 12536 11455 0 1 
10000 12317 11965 10399 13047 10574 12507 11441 0 0 
