# Avida tasks data
# Sat Apr 15 22:07:35 2023
# First column gives the current update, next columns give the number
# of organisms that have the particular task as a component of their merit
#  1: Update
#  2: Not
#  3: Nand
#  4: And
#  5: OrNot
#  6: Or
#  7: AndNot
#  8: Nor
#  9: Xor
# 10: Equals

0 0 0 0 0 0 0 0 0 0 
100 0 0 0 0 0 0 0 0 0 
200 0 0 0 0 0 0 0 0 0 
300 0 0 0 0 0 0 0 0 0 
400 0 0 0 0 0 0 0 0 0 
500 0 0 0 0 0 0 0 0 0 
600 0 0 0 0 0 0 0 0 0 
700 42 0 0 0 0 0 0 0 0 
800 410 0 0 0 0 0 0 0 0 
900 1062 148 0 7 0 0 0 0 0 
1000 2411 2184 0 30 0 0 0 0 0 
1100 4479 4647 0 251 21 0 0 0 0 
1200 5986 6220 0 870 118 0 0 0 0 
1300 7311 7062 0 1260 664 0 0 0 0 
1400 8396 7287 0 1354 1515 0 0 0 0 
1500 9337 7289 0 1398 3160 761 0 0 0 
1600 10054 7704 0 2490 5011 3187 0 0 0 
1700 10797 8969 6 4556 6628 5012 0 0 0 
1800 11315 9800 9 6084 7910 6680 0 0 0 
1900 11703 10651 3 7659 8973 8121 0 0 0 
2000 11994 11483 34 8906 9804 9321 0 0 0 
2100 12171 12043 63 10139 10638 10512 0 0 0 
2200 12368 12406 73 10883 11230 11301 0 0 0 
2300 12642 12920 82 11670 11723 11918 0 0 0 
2400 12778 13232 144 12201 12143 12463 0 0 0 
2500 12910 13430 227 12429 12453 12812 0 0 0 
2600 13059 13553 283 12785 12651 13022 1 0 0 
2700 12968 13671 488 12969 12752 13181 0 0 0 
2800 13141 13732 519 13132 12896 13249 0 0 0 
2900 13043 13695 755 13074 12773 13181 0 0 0 
3000 13031 13727 950 13213 12851 13225 0 0 0 
3100 13038 13747 1190 13208 12819 13230 0 0 0 
3200 13105 13711 1390 13161 12899 13270 0 0 0 
3300 13057 13719 1571 13094 12830 13256 0 0 0 
3400 12959 13641 1910 13014 12689 13267 0 0 0 
3500 13035 13736 2144 13125 12839 13287 0 0 0 
3600 12963 13683 2527 13151 12758 13272 0 0 0 
3700 12999 13658 2958 13193 12809 13310 0 0 0 
3800 12821 13617 3467 13185 12605 13338 1 0 0 
3900 12854 13646 3906 13146 12683 13218 0 0 5 
4000 12974 13664 4298 13157 12733 13205 1 0 4 
4100 12827 13615 4850 13063 12655 13336 3 0 0 
4200 12895 13694 5469 13077 12670 13337 0 0 0 
4300 12988 13734 6059 13168 12764 13300 0 0 0 
4400 12884 13698 6578 13067 12664 13233 1 0 0 
4500 12923 13631 7065 13050 12653 13359 0 0 0 
4600 12931 13658 7516 13124 12772 13318 0 0 0 
4700 12883 13655 8002 13115 12689 13268 0 0 0 
4800 12856 13610 8474 13096 12674 13364 0 0 0 
4900 12964 13656 8992 13183 12706 13309 0 0 0 
5000 12831 13654 9104 13141 12658 13339 0 0 0 
5100 12931 13649 9410 13217 12709 13320 0 0 0 
5200 12874 13595 9632 13176 12685 13343 4 0 0 
5300 12901 13711 10013 13232 12698 13272 0 0 0 
5400 12978 13693 10299 13153 12792 13331 0 0 0 
5500 12910 13668 10243 13156 12677 13326 2 0 0 
5600 12950 13689 10405 13062 12703 13313 0 0 0 
5700 13009 13657 10603 13115 12746 13304 1 0 0 
5800 13079 13660 10558 13010 12834 13309 53 0 0 
5900 13036 13682 10531 13102 12799 13299 338 0 0 
6000 13081 13704 10080 12989 12856 13137 971 0 0 
6100 13000 13793 9632 13024 12790 13186 1828 0 0 
6200 13144 13698 9101 13009 12844 13063 2668 0 0 
6300 13187 13646 8383 12859 12966 12931 3406 0 0 
6400 13177 13676 7503 12818 12910 12797 4422 0 0 
6500 13212 13707 6578 12733 12872 12614 5343 0 0 
6600 13189 13662 5915 12491 12880 12529 6201 0 0 
6700 13263 13674 5090 12504 12875 12385 7104 0 0 
6800 13156 13664 4355 12338 12776 12332 8238 0 0 
6900 13241 13562 3850 12178 12783 12214 9057 0 0 
7000 13198 13602 3197 12082 12784 12145 9991 0 0 
7100 13193 13526 2927 11862 12772 12162 10640 0 0 
7200 13224 13639 2833 11579 12743 12000 11076 0 0 
7300 13230 13642 2935 11481 12820 12041 11364 0 0 
7400 13240 13578 3107 11154 12772 11986 11769 0 0 
7500 13192 13614 3344 11146 12754 12000 12054 0 0 
7600 13313 13574 3614 10820 12892 11999 12185 0 2 
7700 13297 13577 3873 10708 12856 11963 12250 0 0 
7800 13282 13557 4389 10450 12777 12054 12425 0 0 
7900 13364 13572 4888 10287 12878 12093 12576 0 0 
8000 13317 13588 5044 10182 12906 12021 12576 0 0 
8100 13282 13548 5428 10031 12830 11919 12516 0 0 
8200 13342 13498 5913 10076 12791 11992 12510 0 0 
8300 13320 13573 6435 9973 12929 12022 12582 0 0 
8400 13416 13614 6773 9994 12937 12033 12495 0 0 
8500 13295 13650 7171 9974 12817 11957 12520 0 0 
8600 13344 13580 7565 10061 12888 12017 12541 0 0 
8700 13293 13515 7762 10183 12772 11919 12549 0 0 
8800 13244 13596 8047 10465 12793 11963 12574 0 0 
8900 13301 13581 8351 10591 12786 11929 12556 0 0 
9000 13287 13571 8823 10788 12759 12083 12651 0 0 
9100 13301 13520 9171 10967 12709 11953 12592 0 0 
9200 13326 13527 9518 11202 12785 11917 12477 0 0 
9300 13263 13503 9777 11348 12731 11875 12517 0 0 
9400 13181 13558 10162 11686 12685 11876 12593 0 0 
9500 13203 13541 10119 11886 12610 11933 12610 0 0 
9600 13225 13561 10362 12092 12771 11796 12493 0 3 
9700 13228 13543 10330 12305 12703 11839 12452 0 2 
9800 13191 13450 10586 12502 12694 11948 12532 1 3 
9900 13288 13482 10655 12468 12726 11883 12609 0 6 
10000 13167 13480 10701 12471 12664 11857 12513 0 2 
