# Avida tasks data
# Sat Apr 15 20:24:37 2023
# First column gives the current update, next columns give the number
# of organisms that have the particular task as a component of their merit
#  1: Update
#  2: Not
#  3: Nand
#  4: And
#  5: OrNot
#  6: Or
#  7: AndNot
#  8: Nor
#  9: Xor
# 10: Equals

0 0 0 0 0 0 0 0 0 0 
100 0 0 0 0 0 0 0 0 0 
200 0 0 0 0 0 0 0 0 0 
300 0 0 0 0 0 0 0 0 0 
400 0 0 0 0 0 0 0 0 0 
500 0 0 0 0 0 0 0 0 0 
600 0 0 0 0 0 0 0 0 0 
700 0 0 0 0 0 0 0 0 0 
800 6 0 0 0 0 0 0 0 0 
900 23 13 0 0 0 115 0 0 0 
1000 54 92 4 0 4 2720 0 0 0 
1100 147 609 22 658 11 5042 0 0 0 
1200 210 2595 17 1625 2137 5909 1328 0 0 
1300 390 3962 34 3084 3468 6760 2912 0 0 
1400 441 5080 26 4493 4613 7444 4290 0 0 
1500 919 6183 30 5555 5614 8226 5517 0 0 
1600 1793 7243 24 6618 6630 8868 6654 0 4 
1700 2691 8257 159 7787 7582 9712 7702 0 75 
1800 3445 9124 430 8951 8388 10451 8673 0 115 
1900 3923 9912 857 9842 9032 11042 9357 0 209 
2000 4524 10495 1454 10509 9444 11484 9901 0 250 
2100 4609 10745 1465 10792 9732 11721 10163 2 884 
2200 3647 10852 1013 11000 9943 11854 10312 1 2423 
2300 3179 10898 842 11075 9983 11817 10354 1 3187 
2400 3064 10990 589 11167 10127 11921 10463 1 3857 
2500 3063 10966 546 11194 10098 11918 10443 1 3951 
2600 2820 11084 490 11345 10192 12020 10534 1 4380 
2700 2704 11182 443 11455 10325 12095 10633 1 4787 
2800 2664 11119 407 10454 10255 12088 10577 1 4881 
2900 2547 11095 362 9799 10325 12035 10552 3 5051 
3000 2562 11131 356 10116 10482 12063 10565 2 5310 
3100 2527 11177 371 10162 10549 12098 10625 3 5491 
3200 2521 11181 375 10166 10539 12100 10612 3 5503 
3300 2521 11182 375 10163 10539 12101 10615 3 5504 
3400 2379 11221 705 10107 10614 12107 10674 2 5856 
3500 2301 11303 1086 10036 10609 12113 10644 2 6149 
3600 2234 11323 1366 9895 10650 12135 10654 2 6418 
3700 2236 11320 1557 9877 10638 12167 10651 3 6622 
3800 2147 11318 1375 10040 10654 12188 10671 3 6721 
3900 2257 11309 1246 10096 10640 12183 10644 3 6789 
4000 2127 11306 1177 10226 10660 12181 10657 6 6886 
4100 2075 11283 1106 10247 10663 12165 10624 2 7003 
4200 2062 11313 1005 10286 10673 12188 10630 4 7199 
4300 2148 11262 933 10312 10594 12167 10583 5 7359 
4400 2300 11261 862 10326 10650 12192 10631 7 7486 
4500 2514 11241 794 10393 10630 12164 10625 7 7585 
4600 2772 11283 701 10617 10732 12268 10715 5 7780 
4700 3123 11347 616 10722 10706 12304 10730 3 7919 
4800 3340 11267 572 10707 10725 12256 10712 8 7992 
4900 3696 11299 518 10840 10754 12273 10752 8 8190 
5000 4115 11365 483 10952 10819 12356 10854 5 8352 
5100 4386 11354 449 11037 10792 12362 10818 12 8490 
5200 4710 11372 453 11091 10826 12384 10846 7 8583 
5300 4899 11448 440 11106 10869 12420 10886 5 8631 
5400 5228 11594 468 11155 10990 12521 11027 11 8897 
5500 5429 11637 499 11161 10977 12575 11029 13 8952 
5600 5658 11607 471 11358 11027 12581 11025 11 9051 
5700 5963 11556 492 11321 10984 12551 10980 14 9139 
5800 6073 11513 507 11260 10900 12485 10923 15 9079 
5900 6383 11725 479 11430 11098 12631 11156 13 9258 
6000 6361 11647 519 11283 10970 12539 11019 17 9173 
6100 6517 11618 583 11318 10982 12576 11059 15 9247 
6200 6652 11668 632 11331 11151 12676 11161 6 9509 
6300 6796 11708 621 11361 11121 12639 11132 23 9485 
6400 7016 11707 672 11402 11152 12692 11177 14 9535 
6500 7106 11714 675 11370 11138 12712 11174 8 9554 
6600 7206 11765 720 11408 11139 12695 11209 12 9633 
6700 7454 11734 691 11403 11214 12685 11253 17 9773 
6800 7604 11790 729 11493 11150 12704 11264 11 9805 
6900 7659 11726 860 11460 11053 12624 11152 13 9774 
7000 7929 11717 859 11492 11118 12678 11193 6 9922 
7100 8068 11829 968 11528 11218 12696 11304 8 10116 
7200 8233 11893 945 11496 11248 12701 11268 13 10047 
7300 8395 11935 913 11499 11242 12720 11344 21 10131 
7400 8340 11935 1013 11513 11279 12758 11279 25 10164 
7500 8418 11888 1015 11494 11276 12704 11322 15 10225 
7600 8498 11939 1059 11445 11252 12730 11281 16 10330 
7700 8556 11895 1126 11419 11253 12689 11286 19 10347 
7800 8687 11977 1126 11445 11292 12744 11344 9 10423 
7900 8580 11854 1153 11335 11198 12672 11216 14 10323 
8000 8520 11947 1255 11272 11182 12670 11238 16 10473 
8100 8663 11944 1197 11361 11275 12777 11304 12 10580 
8200 8694 11872 1272 11300 11177 12678 11209 7 10519 
8300 8579 12070 1380 11282 11299 12762 11304 14 10692 
8400 8548 12035 1436 11367 11305 12708 11283 19 10721 
8500 8648 12081 1470 11373 11410 12705 11321 17 10735 
8600 8722 12063 1463 11430 11468 12812 11390 25 10876 
8700 8641 12103 1401 11264 11442 12804 11420 18 10887 
8800 8741 12101 1424 11273 11436 12716 11421 19 10836 
8900 8787 11987 1438 11297 11336 12701 11284 21 10789 
9000 8792 12031 1489 11265 11273 12749 11263 20 10841 
9100 8713 12049 1499 11219 11286 12775 11262 22 10798 
9200 8747 12103 1591 11333 11384 12847 11389 24 10898 
9300 8529 12017 1659 11108 11265 12685 11287 16 10802 
9400 8586 12082 1688 11099 11290 12742 11316 15 10862 
9500 8489 12142 1652 11154 11420 12793 11428 10 10918 
9600 8636 12151 1717 11246 11320 12772 11368 13 10919 
9700 8618 12114 1744 11200 11328 12768 11317 19 10883 
9800 8607 12055 1758 11161 11349 12730 11302 17 10884 
