# Avida tasks data
# Sat Apr 15 19:03:46 2023
# First column gives the current update, next columns give the number
# of organisms that have the particular task as a component of their merit
#  1: Update
#  2: Not
#  3: Nand
#  4: And
#  5: OrNot
#  6: Or
#  7: AndNot
#  8: Nor
#  9: Xor
# 10: Equals

0 0 0 0 0 0 0 0 0 0 
100 0 0 0 0 0 0 0 0 0 
200 0 0 0 0 0 0 0 0 0 
300 0 0 0 0 0 0 0 0 0 
400 0 0 0 0 0 0 0 0 0 
500 0 0 0 0 0 0 0 0 0 
600 0 0 0 0 0 0 0 0 0 
700 0 0 0 0 0 0 0 0 0 
800 5 11 0 0 0 0 0 0 0 
900 39 53 0 0 0 0 0 0 0 
1000 115 163 0 0 0 0 0 0 0 
1100 226 409 0 76 0 0 0 0 0 
1200 402 906 0 263 26 0 0 0 0 
1300 617 2107 0 1151 103 0 899 0 0 
1400 600 3616 0 2542 40 0 2435 0 0 
1500 604 4674 0 3697 8 0 3715 0 0 
1600 689 5828 0 4786 4 0 4887 0 0 
1700 744 6949 0 5958 3 1 6166 0 0 
1800 717 7181 5 6542 6 417 6161 0 0 
1900 759 6914 5 6687 16 433 6473 0 0 
2000 1247 6829 6 6779 126 505 6603 0 0 
2100 1459 6767 5 6850 546 680 6663 0 0 
2200 1704 6672 9 6955 793 851 6750 0 0 
2300 1867 6618 10 7038 976 884 6815 0 0 
2400 2004 6582 7 7099 1147 818 6846 0 0 
2500 2218 6471 11 7099 1327 760 6828 0 0 
2600 2263 6562 9 7166 1517 686 6875 0 0 
