# Avida tasks data
# Sat Apr 15 22:00:26 2023
# First column gives the current update, next columns give the number
# of organisms that have the particular task as a component of their merit
#  1: Update
#  2: Not
#  3: Nand
#  4: And
#  5: OrNot
#  6: Or
#  7: AndNot
#  8: Nor
#  9: Xor
# 10: Equals

0 0 0 0 0 0 0 0 0 0 
100 0 0 0 0 0 0 0 0 0 
200 0 0 0 0 0 0 0 0 0 
300 0 0 0 0 0 0 0 0 0 
400 0 22 0 0 0 0 0 0 0 
500 6 321 0 0 0 0 0 0 0 
600 9 1219 0 2 0 0 0 0 0 
700 100 2636 0 7 0 0 0 0 0 
800 1194 3945 12 47 0 8 0 0 0 
900 1438 4011 7 137 0 10 0 0 0 
1000 1439 4011 7 137 0 10 0 0 0 
1100 1567 4049 10 278 0 22 0 0 0 
1200 2228 4181 17 764 0 372 0 0 0 
1300 2227 4180 17 761 0 375 0 0 0 
1400 2415 4213 13 927 0 566 5 0 0 
1500 2417 4213 12 929 0 566 5 0 0 
1600 2418 4213 12 927 0 568 5 0 0 
1700 2543 4305 16 1036 0 651 12 0 0 
1800 2755 4429 22 1179 5 829 28 0 0 
1900 4249 5320 22 2793 897 2213 43 0 0 
2000 5772 6725 42 4297 2190 3589 176 0 0 
2100 7041 7922 64 4903 3484 4571 1031 0 0 
2200 7041 7922 64 4903 3484 4571 1031 0 0 
2300 7042 7922 64 4903 3482 4570 1029 0 0 
2400 7042 7920 64 4903 3480 4568 1027 0 0 
2500 7042 7920 64 4903 3480 4568 1027 0 0 
2600 7042 7918 64 4903 3478 4566 1025 0 0 
2700 7042 7919 64 4903 3478 4566 1025 0 0 
2800 7042 7918 64 4903 3478 4566 1025 0 0 
2900 7042 7918 64 4903 3478 4566 1025 0 0 
3000 7042 7918 64 4903 3478 4566 1025 0 0 
3100 7041 7917 64 4903 3478 4566 1025 0 0 
3200 7042 7917 64 4903 3478 4566 1025 0 0 
3300 7056 7995 63 4885 3564 4580 1119 0 0 
3400 7358 8258 59 4711 4002 4834 1512 0 0 
3500 8105 9038 80 4443 5039 5403 2475 0 0 
3600 8193 9102 89 4456 5124 5421 2551 0 0 
3700 8292 9189 90 4398 5234 5574 2676 0 0 
3800 9264 10158 91 4107 6525 6282 3890 1 0 
3900 9272 10172 102 4141 6538 6288 3911 1 0 
4000 9272 10172 102 4141 6538 6288 3911 1 0 
4100 9272 10170 102 4141 6536 6288 3909 1 0 
4200 9272 10170 102 4141 6536 6288 3909 1 0 
4300 9369 10249 107 4111 6622 6310 3973 2 0 
4400 9904 10722 111 4096 7236 6815 4581 1 0 
4500 10151 10981 118 4112 7591 7033 4940 1 0 
4600 10152 10980 118 4112 7589 7031 4939 1 0 
4700 10290 11053 134 4093 7709 7138 5026 0 0 
4800 10448 11215 129 4010 7987 7501 5317 4 0 
4900 10768 11447 137 3883 8413 7892 5709 4 0 
5000 10903 11571 138 3830 8580 8036 5934 3 0 
5100 11173 11811 148 3644 8940 8454 6308 3 2 
5200 11613 12193 130 3401 9553 8976 7028 0 0 
5300 11812 12347 132 3334 9843 9236 7391 0 0 
5400 12349 12876 152 3154 10574 9860 8147 2 0 
5500 12674 13125 202 2932 10990 10243 8734 2 0 
5600 12813 13300 177 2708 11333 10599 9291 4 0 
5700 12838 13306 176 2722 11301 10574 9283 1 0 
5800 12838 13306 176 2722 11301 10574 9283 1 0 
5900 12838 13306 176 2722 11301 10574 9283 1 0 
6000 12838 13306 176 2722 11301 10574 9283 1 0 
6100 12838 13306 176 2722 11301 10574 9283 1 0 
6200 12838 13306 176 2722 11301 10574 9283 1 0 
6300 12838 13306 176 2722 11301 10574 9283 1 0 
6400 12838 13306 176 2722 11300 10573 9282 1 0 
6500 12862 13327 169 2627 11450 10612 9446 1 1 
6600 12961 13348 153 2527 11432 10655 9096 3 0 
6700 13006 13358 144 2541 10830 10642 8483 1 0 
6800 13039 13373 153 2533 10145 10573 7858 1 0 
6900 13030 13381 143 2423 9653 10588 7392 1 0 
7000 13067 13390 137 2395 9224 10592 7073 1 0 
7100 13075 13382 137 2369 9102 10658 7000 1 0 
7200 13080 13378 134 2350 8921 10645 6870 1 0 
7300 13087 13388 123 2288 8779 10677 6758 1 0 
7400 13095 13385 131 2221 8682 10742 6690 1 0 
7500 13116 13402 129 2152 8531 10739 6595 1 0 
7600 13105 13388 126 2121 8390 10726 6506 1 0 
7700 13130 13403 123 2060 8250 10817 6404 1 0 
7800 13134 13400 128 2054 8101 10840 6296 1 0 
7900 13147 13407 116 2023 7872 10866 6112 1 0 
