# Avida tasks data
# Sat Apr 15 19:37:12 2023
# First column gives the current update, next columns give the number
# of organisms that have the particular task as a component of their merit
#  1: Update
#  2: Not
#  3: Nand
#  4: And
#  5: OrNot
#  6: Or
#  7: AndNot
#  8: Nor
#  9: Xor
# 10: Equals

0 0 0 0 0 0 0 0 0 0 
100 0 0 0 0 0 0 0 0 0 
200 0 0 0 0 0 0 0 0 0 
300 2 0 0 0 0 0 0 0 0 
400 2 0 0 0 0 0 0 0 0 
500 7 0 0 0 0 0 0 0 0 
600 22 6 0 0 0 0 0 0 0 
700 174 11 0 0 0 0 0 0 0 
800 773 44 0 33 0 0 0 0 0 
900 1569 78 0 410 0 0 0 0 0 
1000 1936 334 0 1461 1 0 0 0 0 
1100 2811 1425 5 2497 71 51 0 0 0 
1200 4078 1690 1 3593 1705 318 0 0 0 
1300 5155 1007 0 4408 3098 2483 0 0 0 
1400 6313 804 0 5593 4591 4196 11 0 0 
1500 7504 1002 0 6979 6134 5694 9 0 0 
1600 8486 1704 2 8130 7357 6942 9 0 0 
1700 9545 3063 0 9169 8393 7949 26 0 0 
1800 10311 4200 0 10126 9319 8749 123 0 0 
1900 10890 5486 1 10694 9888 9200 165 0 0 
2000 11163 6717 1 11284 10430 9707 269 0 0 
2100 11318 7969 0 11790 10853 9870 468 0 0 
2200 11422 9013 4 12031 11188 10056 583 0 0 
2300 11229 9875 1 12237 11391 9958 848 0 0 
2400 11117 10903 2 12428 11631 9831 1156 0 0 
2500 11341 11527 0 12624 11818 9822 1252 0 0 
2600 11365 12084 0 12521 11686 9797 1287 0 0 
2700 11287 12419 1 12600 11747 9757 1576 0 0 
2800 10249 12612 12 12481 11694 9549 2679 0 0 
2900 9065 12643 31 12550 11861 9614 4149 0 0 
3000 8063 12438 295 12481 11857 9610 5345 0 0 
3100 7074 11696 881 12379 11676 9632 6324 0 0 
3200 6142 10877 1634 12388 11573 9868 7263 0 0 
3300 5617 10131 2256 12440 11623 10058 8101 0 0 
3400 5075 9382 2841 12330 11565 10209 8717 0 0 
3500 4727 8845 3356 12402 11626 10391 9332 0 1 
3600 4565 8257 3792 12367 11564 10432 9721 0 0 
3700 4251 7585 4495 12302 11479 10572 10083 0 0 
3800 3932 6984 4962 12389 11530 10693 10531 0 0 
3900 3635 6408 5389 12292 11533 10769 10851 0 0 
4000 3649 5824 5896 12326 11547 10812 11022 0 0 
4100 3743 5404 6146 12189 11376 10777 11042 0 0 
4200 3714 4944 6609 12417 11567 10963 11323 0 2 
4300 3797 4692 6828 12252 11360 10846 11206 0 0 
4400 3863 4369 7022 12252 11486 10885 11340 0 2 
4500 3946 4207 7208 12349 11564 10954 11425 0 0 
4600 4090 4125 7366 12398 11494 10923 11448 0 0 
4700 4238 3927 7473 12242 11530 10914 11475 0 1 
4800 4238 3627 7714 12286 11505 10959 11424 0 0 
4900 4463 3446 7879 12352 11566 10957 11453 0 1 
5000 4599 3376 7983 12295 11515 10878 11440 0 0 
5100 4790 3201 8264 12357 11517 10906 11473 0 1 
5200 5060 3051 8443 12359 11539 10905 11492 0 1 
5300 5546 3060 8698 12325 11541 10921 11475 0 0 
5400 5886 3121 8977 12318 11544 10920 11496 1 1 
5500 6435 3269 9111 12389 11516 10902 11494 2 3 
5600 6993 3536 9161 12279 11486 10793 11456 0 0 
5700 7518 4084 9291 12381 11568 10849 11498 0 2 
5800 7986 4733 9547 12452 11646 11015 11597 0 0 
5900 8538 5483 9489 12346 11565 10832 11538 0 0 
6000 8917 6030 9692 12323 11492 10786 11459 0 0 
6100 9495 6691 9905 12428 11655 11046 11524 0 0 
6200 9865 7362 10001 12395 11626 10984 11581 0 1 
6300 10136 7938 10137 12443 11577 11020 11597 1 0 
6400 10589 8638 10215 12394 11628 10937 11543 0 4 
6500 10835 9247 10388 12468 11602 11104 11554 0 1 
6600 11030 9812 10421 12419 11634 11109 11569 0 2 
6700 11252 10183 10452 12482 11542 11067 11549 0 1 
6800 11519 10707 10480 12492 11666 11058 11671 0 6 
6900 11614 11099 10498 12446 11602 11059 11582 0 1 
7000 11843 11622 10603 12516 11744 11229 11684 0 0 
7100 11810 11772 10459 12475 11641 11009 11554 0 3 
7200 12108 12157 10541 12529 11693 11122 11653 0 2 
7300 12263 12389 10614 12497 11694 11283 11641 0 1 
7400 12319 12624 10573 12561 11752 11205 11675 0 0 
7500 12497 12852 10552 12533 11643 11197 11604 0 3 
7600 12480 12909 10473 12405 11564 11085 11513 0 3 
7700 12555 12995 10547 12525 11656 11175 11607 0 2 
7800 12699 12954 10462 12416 11581 10994 11469 0 2 
7900 12730 13072 10523 12504 11676 11106 11534 1 0 
8000 12808 13070 10697 12633 11855 11311 11670 0 0 
8100 12953 13068 10655 12559 11820 11208 11691 0 0 
8200 13009 13084 10574 12580 11718 11212 11636 0 2 
8300 12938 13149 10679 12617 11804 11263 11667 0 4 
8400 12926 13129 10512 12481 11737 11106 11568 0 0 
8500 12889 13133 10531 12489 11675 11125 11578 0 1 
8600 12951 13194 10613 12587 11717 11209 11665 0 2 
8700 13000 13256 10546 12533 11717 11159 11554 0 1 
8800 13065 13213 10646 12549 11700 11170 11641 0 1 
8900 12979 13171 10640 12574 11827 11246 11738 0 3 
9000 13114 13134 10728 12569 11879 11281 11699 0 2 
9100 13112 13248 10601 12570 11808 11257 11707 0 1 
9200 13019 13216 10734 12576 11797 11266 11682 0 3 
9300 13005 13225 10850 12697 11950 11413 11831 1 2 
9400 12965 13122 10792 12615 11895 11323 11757 2 2 
9500 13058 13097 10756 12616 11876 11321 11721 0 3 
9600 13111 13189 10949 12740 12026 11542 11843 0 2 
9700 13143 13236 10838 12601 11839 11438 11781 0 0 
9800 13121 13255 10796 12663 11913 11387 11819 0 1 
9900 13126 13251 10929 12691 12007 11428 11843 0 3 
10000 13142 13256 10985 12763 12069 11522 11926 0 2 
