# Avida tasks data
# Sat Apr 15 22:55:04 2023
# First column gives the current update, next columns give the number
# of organisms that have the particular task as a component of their merit
#  1: Update
#  2: Not
#  3: Nand
#  4: And
#  5: OrNot
#  6: Or
#  7: AndNot
#  8: Nor
#  9: Xor
# 10: Equals

0 0 0 0 0 0 0 0 0 0 
100 0 0 0 0 0 0 0 0 0 
200 0 0 0 0 0 0 0 0 0 
300 0 0 0 0 0 0 0 0 0 
400 0 0 0 0 0 0 0 0 0 
500 0 0 0 0 0 0 0 0 0 
600 21 18 0 96 1 0 0 0 0 
700 178 33 0 1645 2 0 0 0 0 
800 2240 417 0 3985 8 0 0 0 0 
900 4974 1212 0 6325 5 0 0 0 0 
1000 6934 3147 0 7813 27 0 0 0 0 
1100 8325 4851 1 9032 27 50 1 0 0 
1200 9352 6234 11 9944 21 531 0 0 0 
1300 9738 6837 535 10380 42 1931 1 0 0 
1400 9827 7063 2988 10407 43 3258 0 288 0 
1500 10119 7553 4675 10596 418 4670 1 524 0 
1600 10223 8333 5754 10727 2916 5740 8 292 0 
1700 10229 8853 6518 10836 4622 6483 14 92 0 
1800 10375 9482 7209 10940 5825 7176 18 29 0 
1900 10704 10202 8213 11277 7232 8200 17 1 0 
2000 11168 10889 9194 11632 8258 9118 15 7 0 
2100 11551 11466 10198 12033 9257 10135 12 6 0 
2200 12171 12120 11031 12429 10130 11021 17 4 0 
2300 12607 12432 11753 12735 10989 11785 28 4 0 
2400 12871 12737 12266 12991 11274 12183 16 2 0 
2500 13119 12979 12390 13048 11394 12332 14 5 0 
2600 13096 12990 12390 13111 11438 12374 16 9 0 
2700 13173 12967 12383 13102 11440 12368 20 3 0 
2800 13134 12983 12356 13047 11475 12315 19 10 0 
2900 13082 13002 12507 13148 11522 12467 19 3 0 
3000 13082 12940 12477 13102 11618 12449 17 9 0 
3100 13096 12903 12432 13101 11459 12404 12 6 0 
3200 13122 12849 12409 13086 11546 12414 13 6 0 
3300 13237 13026 12483 13171 11672 12517 4 6 0 
3400 13123 12959 12395 13055 11541 12404 9 8 0 
3500 13165 13001 12418 13061 11454 12350 18 3 0 
3600 13178 13019 12548 13195 11696 12542 16 2 0 
3700 13204 12951 12439 13051 11602 12426 13 8 0 
3800 13123 13016 12538 13169 11701 12493 19 7 0 
3900 13188 12973 12434 13082 11630 12431 5 7 0 
4000 13200 13024 12453 13095 11653 12482 11 5 0 
4100 13123 12941 12578 13112 11704 12549 15 5 0 
4200 13131 12990 12538 13144 11639 12390 7 9 0 
4300 13193 12930 12426 13026 11651 12458 7 6 0 
4400 13212 12990 12539 13094 11739 12496 7 4 0 
4500 13246 12983 12647 13097 11684 12543 9 4 0 
4600 13249 13036 12576 13096 11747 12451 4 5 0 
4700 13175 12956 12579 13089 11684 12471 7 3 0 
4800 13194 12995 12524 13154 11716 12473 14 2 0 
4900 13173 13019 12467 13097 11605 12395 9 5 0 
5000 13230 13056 12645 13131 11786 12522 10 3 0 
5100 13252 13033 12522 13145 11772 12431 9 4 0 
5200 13194 12980 12498 13089 11696 12389 10 6 0 
5300 13245 13071 12549 13160 11772 12453 8 14 0 
5400 13300 13077 12544 13136 11681 12426 7 4 0 
5500 13312 13118 12624 13165 11720 12467 4 3 0 
5600 13309 13177 12693 13205 11926 12601 7 1 0 
5700 13242 13025 12626 13189 11911 12560 6 2 0 
5800 13282 13084 12626 13154 11774 12429 1 8 0 
5900 13220 13044 12617 13151 11747 12403 4 5 0 
6000 13217 13046 12615 13141 11827 12450 1 5 0 
6100 13251 13019 12645 13135 11858 12458 1 6 0 
6200 13219 13050 12585 13128 11792 12448 7 3 0 
6300 13330 13088 12666 13154 11884 12513 1 9 0 
6400 13233 13066 12480 13019 11715 12381 4 4 0 
6500 13232 13071 12625 13113 11820 12447 5 4 0 
6600 13270 13005 12662 13210 11970 12554 5 1 0 
6700 13164 13037 12634 13098 11841 12475 0 6 0 
6800 13260 13080 12616 13199 11812 12470 3 4 0 
6900 13295 12971 12580 13130 11791 12445 1 4 0 
7000 13391 13070 12679 13158 11953 12497 0 6 0 
7100 13307 13044 12564 13141 11797 12413 5 4 0 
7200 13322 13082 12619 13173 11914 12483 2 9 0 
7300 13239 13013 12510 13116 11800 12441 3 0 0 
7400 13261 12965 12590 13130 11848 12439 5 4 0 
7500 13283 13036 12629 13140 11846 12528 13 1 0 
7600 13313 13058 12669 13137 11887 12532 22 3 0 
7700 13255 12984 12632 13166 11929 12501 65 4 1 
7800 13309 13078 12638 13210 11881 12552 166 9 8 
7900 13310 13073 12587 13102 11863 12438 276 2 0 
8000 13306 13060 12703 13174 11869 12535 404 3 0 
8100 13309 13169 12607 13138 11845 12456 578 2 0 
8200 13188 13005 12603 13128 11743 12377 703 5 3 
8300 13308 13065 12544 13104 11863 12528 1018 11 0 
8400 13324 13091 12544 13067 11852 12427 1298 6 0 
8500 13234 13075 12651 13103 11875 12511 1679 7 7 
8600 13183 13087 12557 13093 11839 12497 2003 3 66 
8700 12575 13176 12608 13216 11837 12545 1716 2 833 
8800 13043 13200 12554 13133 11754 12473 524 4 2467 
8900 12949 13167 12538 13102 11707 12445 440 4 2785 
9000 13097 13172 12522 13133 11655 12424 446 8 3066 
9100 13168 13173 12497 13127 11205 12390 536 6 3295 
9200 13181 13131 12477 13063 11292 12343 547 4 3280 
9300 13235 13150 12458 13072 11356 12345 592 3 3360 
9400 13237 13120 12406 12880 11151 12051 578 4 3399 
9500 13261 13173 12422 12964 10429 11287 556 4 3443 
9600 13232 13178 12432 12963 9995 10770 541 4 3559 
9700 13243 13195 12371 12893 9633 10540 515 3 3661 
9800 13256 13233 12372 12926 9396 10851 527 2 3676 
9900 13298 13159 12382 12877 9036 10610 539 2 3848 
10000 13372 13183 12364 12916 8811 10298 532 2 4016 
