# Avida tasks data
# Sat Apr 15 21:54:31 2023
# First column gives the current update, next columns give the number
# of organisms that have the particular task as a component of their merit
#  1: Update
#  2: Not
#  3: Nand
#  4: And
#  5: OrNot
#  6: Or
#  7: AndNot
#  8: Nor
#  9: Xor
# 10: Equals

0 0 0 0 0 0 0 0 0 0 
100 0 0 0 0 0 0 0 0 0 
200 0 0 0 0 0 0 0 0 0 
300 0 0 0 0 0 0 0 0 0 
400 0 0 0 0 0 0 0 0 0 
500 0 0 0 0 0 0 0 0 0 
600 0 0 0 0 0 0 0 0 0 
700 0 0 0 0 0 0 0 0 0 
800 10 0 0 0 0 0 0 0 0 
900 342 3 0 0 0 0 0 0 0 
1000 1337 36 0 0 0 0 0 0 0 
1100 2891 798 0 25 0 27 0 0 0 
1200 3926 1739 9 230 1 839 92 0 0 
1300 4492 2904 16 1307 294 1348 1319 0 0 
1400 4775 2911 28 1311 497 1263 2470 0 1011 
1500 5411 3976 24 848 129 798 2852 2 2424 
1600 6310 4891 34 603 144 290 4057 3 3938 
1700 7184 5745 22 621 188 107 4924 11 4980 
1800 7549 6166 28 628 207 112 5273 11 5343 
1900 7549 6163 28 645 201 114 5267 11 5328 
2000 7566 6162 31 660 532 129 5253 7 5384 
2100 7569 6142 34 709 996 141 5219 7 5329 
2200 7560 6084 38 698 1431 169 5203 7 5343 
2300 7597 6109 43 658 1827 166 5241 7 5389 
2400 7561 6064 49 694 2104 156 5189 9 5363 
2500 7550 6073 64 690 2467 168 5249 8 5401 
2600 7601 6045 54 726 2765 188 5220 8 5401 
2700 7643 6084 54 731 3072 198 5252 7 5449 
2800 7658 6132 44 732 3382 209 5295 7 5469 
2900 7723 6143 45 724 3689 191 5333 5 5522 
3000 7701 6157 54 793 3982 233 5327 3 5564 
3100 7766 6305 66 766 4296 217 5408 4 5705 
3200 7991 6390 56 796 4672 234 5568 3 5902 
3300 8081 6497 70 791 4850 252 5588 2 5923 
3400 8182 6751 79 1309 5125 294 5748 392 6153 
3500 8210 6849 61 1830 5300 333 5800 743 6275 
3600 8296 7047 57 2157 5409 355 5962 959 6450 
3700 8416 7220 95 2499 5617 377 6076 1188 6588 
3800 8686 7506 97 2442 5953 382 6343 1185 6862 
3900 8989 7779 100 2273 6213 388 6624 1044 7106 
4000 9168 7939 95 2065 6383 375 6801 866 7282 
4100 9396 8166 92 1970 6605 390 6999 764 7520 
4200 9606 8403 92 1880 6825 411 7164 661 7755 
4300 9767 8641 99 1838 7071 411 7431 622 7999 
4400 9846 8742 104 2389 7172 409 7527 1107 8090 
4500 9941 8803 107 2715 7299 422 7598 1390 8152 
4600 10035 8937 114 3078 7409 432 7662 1714 8227 
4700 10127 9088 113 3471 7529 454 7878 2054 8348 
4800 10206 9049 123 3662 7552 453 7817 2151 8345 
4900 10325 9205 129 3980 7659 455 7940 2464 8461 
5000 10343 9218 125 4106 7684 484 7988 2538 8504 
5100 10345 9244 137 4182 7712 470 7962 2639 8499 
5200 10303 9238 134 4435 7711 498 7999 2861 8480 
5300 10434 9334 142 4697 7844 520 8183 3085 8622 
5400 10532 9328 128 4854 7839 512 8154 3150 8653 
5500 10575 8821 140 5030 7893 508 8065 3413 8734 
5600 10573 8355 148 5270 7869 521 7816 3572 8741 
5700 10574 8011 157 5228 7943 534 7449 3612 8781 
5800 10666 8032 168 5201 8050 572 7017 3430 8946 
5900 10745 8239 179 5421 8252 572 6664 3684 9097 
6000 10866 8238 162 5591 8412 564 6495 3852 9202 
6100 10944 8266 169 5954 8625 554 6207 4246 9378 
6200 10889 8107 185 6212 8539 554 5852 4440 9316 
6300 11098 8166 213 6529 8746 578 5541 4736 9522 
6400 11174 8294 232 6681 8773 593 5358 4814 9651 
6500 11206 8135 220 7011 8823 581 5113 5083 9739 
6600 11252 8257 216 7160 8936 543 4614 5284 9843 
6700 11248 8346 240 7182 9016 539 4332 5371 9887 
6800 11255 8472 255 7312 9041 535 4040 5541 9942 
6900 11194 8511 277 7334 9089 581 3859 5546 9941 
