# Avida tasks data
# Sun Apr 16 00:45:51 2023
# First column gives the current update, next columns give the number
# of organisms that have the particular task as a component of their merit
#  1: Update
#  2: Not
#  3: Nand
#  4: And
#  5: OrNot
#  6: Or
#  7: AndNot
#  8: Nor
#  9: Xor
# 10: Equals

0 0 0 0 0 0 0 0 0 0 
100 0 0 0 0 0 0 0 0 0 
200 0 0 0 0 0 0 0 0 0 
300 0 0 0 0 0 0 0 0 0 
400 0 0 0 0 0 0 0 0 0 
500 0 0 0 0 0 0 0 0 0 
600 0 0 0 0 0 0 0 0 0 
700 0 0 0 0 0 0 0 0 0 
800 779 0 0 0 0 0 0 0 0 
900 2673 1605 0 1156 36 2 0 0 0 
1000 3821 3468 0 2732 362 0 0 0 0 
1100 5177 5419 0 4370 777 2 0 0 0 
1200 6835 7507 6 6141 1360 6 0 0 0 
1300 8150 9144 2 7490 1862 20 0 0 0 
1400 9277 10456 2 8646 2378 101 0 0 0 
1500 10142 11325 4 9606 2845 219 76 0 0 
1600 10741 12123 23 10197 2586 112 1881 0 0 
1700 11503 12840 46 10802 2356 89 3837 0 0 
1800 11862 13286 58 11125 2141 127 5412 0 0 
1900 12132 13512 82 11298 1945 156 6582 0 0 
2000 12274 13612 62 11545 1675 156 7744 0 0 
2100 12422 13663 104 11461 1335 158 8578 0 0 
2200 12496 13658 77 11585 1029 176 9276 0 0 
2300 12599 13632 111 11673 754 184 9920 0 0 
2400 12553 13575 150 11599 534 158 10397 0 0 
2500 12688 13585 136 11628 412 196 10996 0 0 
2600 12591 13628 116 11586 491 172 11225 0 0 
2700 12623 13619 166 11674 702 208 11356 0 0 
2800 12559 13601 118 11456 917 219 11259 0 0 
2900 12752 13629 110 11824 1296 190 11502 0 0 
3000 12766 13647 112 11756 1595 206 11524 0 0 
3100 12764 13653 80 11843 1923 171 11552 0 0 
3200 12722 13660 97 11880 2364 221 11583 0 0 
3300 12761 13641 83 11825 2654 217 11540 0 0 
3400 12737 13654 109 11871 3219 220 11569 0 0 
