# Avida tasks data
# Sat Apr 15 23:26:24 2023
# First column gives the current update, next columns give the number
# of organisms that have the particular task as a component of their merit
#  1: Update
#  2: Not
#  3: Nand
#  4: And
#  5: OrNot
#  6: Or
#  7: AndNot
#  8: Nor
#  9: Xor
# 10: Equals

0 0 0 0 0 0 0 0 0 0 
100 0 0 0 0 0 0 0 0 0 
200 0 0 0 0 0 0 0 0 0 
300 0 0 0 0 0 0 0 0 0 
400 0 0 0 0 0 0 0 0 0 
500 25 0 0 0 0 0 0 0 0 
600 669 288 0 0 0 0 0 0 0 
700 1512 856 0 12 0 0 0 0 0 
800 1986 1459 0 10 0 0 0 0 0 
900 2361 2128 0 20 3 0 0 0 0 
1000 2999 3014 0 26 0 0 0 0 0 
1100 3830 3906 0 67 4 9 0 0 0 
1200 5357 5561 4 58 4 1301 4 0 0 
1300 7248 7413 125 154 5 3189 6 0 0 
1400 8150 8361 672 741 22 4313 8 0 0 
1500 8948 9056 1212 1569 93 5405 19 0 0 
1600 9614 9565 1780 2192 166 6347 22 0 0 
1700 10102 10260 2172 2798 823 7302 24 0 0 
1800 10310 10605 2248 2702 1876 8081 19 0 0 
1900 10498 10902 2161 2659 2737 8648 20 0 0 
2000 10615 11090 1906 2516 3695 9199 19 0 0 
2100 10669 11290 1755 2355 4563 9514 31 0 0 
2200 10872 11593 1539 2111 5445 9909 29 0 0 
2300 11095 11792 1297 1755 6447 10487 23 0 0 
2400 11193 12003 1029 1543 7225 10874 23 0 0 
2500 11365 12334 801 1288 8045 11088 31 0 0 
2600 11561 12726 607 996 8857 11609 22 0 0 
2700 11776 12861 441 870 9653 11879 29 0 0 
2800 11921 13029 303 813 10256 12122 18 0 0 
2900 12039 13152 236 943 10871 12325 15 0 0 
3000 12062 13221 171 1124 11217 12436 19 0 0 
3100 12150 13302 136 1446 11578 12517 29 0 0 
3200 12132 13322 81 1772 11837 12491 26 0 0 
3300 12145 13375 22 2225 11960 12619 32 0 0 
3400 12280 13386 13 2625 12116 12704 25 0 0 
3500 12197 13403 14 3200 12024 12650 25 0 0 
3600 12193 13396 9 3715 12037 12602 22 0 0 
3700 12209 13363 11 4454 11961 12578 24 0 0 
3800 12372 13439 12 4941 12141 12573 37 0 0 
3900 12326 13416 10 5585 12099 12614 62 0 0 
4000 12286 13419 17 6274 12054 12623 92 0 0 
4100 12321 13415 28 6669 12167 12536 222 0 0 
4200 12291 13471 104 7157 12116 12573 431 0 0 
4300 12447 13425 179 7575 12219 12607 642 0 0 
4400 12368 13495 231 7818 12118 12599 1075 0 0 
4500 12382 13413 307 7990 12134 12642 1533 0 0 
4600 12406 13486 359 8097 12038 12668 1958 0 0 
4700 12341 13470 450 8150 12085 12687 2291 0 0 
4800 12312 13415 531 8176 12088 12689 2638 0 0 
4900 12421 13513 603 8430 12141 12749 2896 0 0 
5000 12313 13508 727 8458 11986 12757 3203 0 0 
5100 12342 13407 700 8685 12067 12734 3675 0 0 
5200 12300 13438 624 8679 11969 12773 4190 0 0 
5300 12340 13410 573 8851 12065 12785 4683 0 0 
5400 12381 13436 423 9057 12109 12849 5201 0 0 
5500 12321 13528 314 9211 12055 12892 5769 0 0 
5600 12358 13400 227 9506 12140 12886 6148 0 0 
5700 12491 13354 142 9535 12221 12880 6603 0 0 
5800 12396 13500 88 9664 12080 12964 7032 0 0 
5900 12433 13449 46 9894 12214 13058 7494 0 0 
6000 12430 13461 42 10034 12154 13087 8110 0 0 
6100 12400 13477 45 10216 12122 13144 8672 0 0 
6200 12471 13419 28 10349 12206 13091 9042 0 0 
6300 12585 13407 28 10589 12238 13123 9522 0 0 
6400 12538 13421 20 10787 12236 13156 9939 0 0 
6500 12564 13419 15 10923 12266 13253 10380 0 0 
6600 12595 13455 14 11045 12324 13238 10772 0 0 
6700 12694 13424 15 11363 12364 13262 11171 0 0 
6800 12671 13396 19 11306 12305 13234 11425 0 0 
6900 12688 13356 16 11551 12310 13177 11684 0 0 
7000 12643 13383 18 11783 12385 13279 11826 0 0 
7100 12797 13346 23 11973 12404 13271 11999 0 0 
7200 12759 13421 11 12084 12386 13351 12151 0 0 
7300 12789 13437 12 12015 12379 13394 12341 0 0 
7400 12813 13384 10 12242 12432 13301 12371 0 0 
7500 12775 13388 14 12332 12335 13303 12341 0 0 
7600 12862 13412 17 12410 12465 13369 12405 0 1 
7700 12942 13443 23 12545 12540 13369 12448 0 0 
7800 12897 13455 6 12557 12445 13409 12503 0 0 
7900 12873 13408 10 12399 12361 13385 12464 0 0 
8000 12943 13402 18 12616 12509 13361 12447 0 0 
8100 12904 13356 18 12602 12424 13294 12443 0 0 
8200 12832 13375 15 12569 12433 13365 12386 0 0 
8300 12922 13423 18 12547 12493 13392 12425 0 0 
8400 12938 13335 15 12494 12482 13342 12461 0 0 
8500 12954 13495 9 12598 12428 13439 12566 0 0 
8600 12941 13399 24 12657 12445 13367 12468 0 0 
8700 13032 13396 3 12585 12471 13387 12512 0 0 
8800 13082 13375 13 12611 12531 13412 12524 0 0 
8900 13082 13439 10 12669 12529 13448 12540 0 0 
9000 13112 13420 8 12616 12558 13456 12503 0 0 
9100 13063 13389 4 12690 12583 13385 12511 0 1 
9200 13072 13405 17 12654 12524 13401 12510 0 0 
9300 13137 13439 8 12733 12594 13435 12535 1 0 
9400 13195 13408 16 12803 12726 13427 12540 0 1 
9500 13185 13400 9 12719 12642 13378 12492 0 0 
9600 13187 13465 17 12756 12627 13483 12596 0 0 
9700 13136 13442 4 12791 12698 13435 12539 0 0 
9800 13143 13406 23 12625 12630 13421 12486 0 0 
9900 13149 13391 21 12683 12626 13383 12423 0 0 
10000 13221 13349 14 12791 12683 13433 12452 0 0 
