# Avida tasks data
# Sat Apr 15 22:36:41 2023
# First column gives the current update, next columns give the number
# of organisms that have the particular task as a component of their merit
#  1: Update
#  2: Not
#  3: Nand
#  4: And
#  5: OrNot
#  6: Or
#  7: AndNot
#  8: Nor
#  9: Xor
# 10: Equals

0 0 0 0 0 0 0 0 0 0 
100 0 0 0 0 0 0 0 0 0 
200 0 0 0 0 0 0 0 0 0 
300 0 0 0 0 0 0 0 0 0 
400 0 0 0 0 0 0 0 0 0 
500 0 0 0 0 0 0 0 0 0 
600 5 0 0 0 0 0 0 0 0 
700 89 0 0 0 0 59 0 0 0 
800 285 578 4 16 0 764 1 0 0 
900 1372 1637 0 1110 3 1722 7 0 0 
1000 2738 2947 7 2520 6 2955 8 0 0 
1100 4120 4222 16 3866 16 4176 17 0 0 
1200 5434 5481 36 5162 17 5352 17 0 0 
1300 6652 6646 28 6345 28 6467 29 0 0 
1400 7875 7829 33 7502 27 7605 30 0 0 
1500 9259 9032 40 8726 29 8815 29 0 0 
1600 10041 9853 45 9452 18 9624 18 0 0 
1700 10529 10312 59 9892 34 9988 31 0 0 
1800 10911 10616 56 10235 34 10333 32 0 0 
1900 11427 11129 57 10773 46 10883 48 0 0 
2000 11787 11527 66 11112 44 11232 39 0 0 
2100 12133 11761 58 11517 44 11644 30 0 0 
2200 12369 12033 58 11718 58 11800 48 0 0 
2300 12603 12144 51 11798 36 11903 26 0 0 
2400 12758 12266 67 11963 52 12009 35 0 0 
2500 12870 12420 68 12077 87 12154 45 0 0 
2600 12914 12173 54 12083 247 12169 33 0 0 
2700 12921 11980 43 12090 569 12240 27 0 0 
2800 12831 11977 37 12092 1125 12193 25 0 0 
2900 12836 12259 72 12155 1988 12256 30 0 0 
3000 12898 12212 378 12203 3064 12250 35 0 0 
3100 12917 12396 1427 12214 3684 12274 36 0 0 
3200 12897 12429 2576 12290 4031 12322 45 0 0 
3300 12890 12442 3571 12226 4428 12254 35 0 0 
3400 12914 12410 4529 12225 5134 12226 40 0 0 
3500 12973 12371 5348 12184 5782 12198 32 0 0 
3600 12959 12317 6343 12247 6578 12213 35 0 0 
3700 13020 12278 7123 12230 7379 12205 33 0 0 
3800 13061 12243 8039 12264 8255 12168 30 0 0 
3900 13057 12195 8791 12237 9042 12192 30 0 0 
4000 13060 12224 9509 12251 9679 12191 24 0 0 
4100 12996 12207 10018 12297 10256 12197 26 0 0 
4200 13066 12186 10321 12236 10669 12195 19 0 0 
4300 13101 12159 10711 12250 10975 12167 14 0 0 
4400 13111 12218 11076 12324 11306 12238 17 0 0 
4500 13114 12210 11299 12367 11590 12238 10 0 0 
4600 13105 12190 11482 12449 11812 12318 24 0 0 
4700 13070 12141 11522 12373 11809 12238 16 2 0 
4800 13108 12184 11628 12358 11834 12254 5 0 0 
4900 13097 12357 11790 12481 11997 12389 6 0 0 
5000 13045 12209 11676 12292 11878 12197 16 0 0 
5100 13084 12191 11571 12324 11865 12174 20 0 0 
5200 13106 12104 11583 12230 11747 12079 15 0 0 
5300 13101 12201 11698 12369 11940 12304 8 0 0 
5400 13082 12233 11765 12339 11959 12313 11 0 0 
5500 13144 12206 11714 12354 11926 12273 18 0 0 
5600 13040 12132 11633 12344 11854 12208 15 0 0 
5700 13074 12295 11761 12387 11973 12251 13 0 0 
5800 13161 12269 11709 12375 11929 12244 13 0 0 
5900 13136 12294 11668 12384 11938 12269 12 0 0 
6000 13178 12304 11723 12419 11987 12339 9 0 0 
6100 13092 12283 11751 12430 11944 12302 2 0 0 
6200 13071 12341 11754 12419 12001 12379 17 0 0 
6300 13105 12262 11747 12362 11971 12265 9 0 0 
6400 13073 12328 11778 12398 12019 12323 17 0 0 
6500 13061 12379 11899 12534 12089 12374 11 0 0 
6600 13075 12262 11754 12384 11917 12293 13 0 0 
6700 13200 12319 11921 12487 12086 12431 17 0 0 
6800 13232 12262 11778 12410 11993 12322 16 0 0 
6900 13185 12266 11742 12380 11936 12310 13 1 0 
7000 13130 12327 11898 12458 12095 12449 10 0 0 
7100 13110 12309 11842 12424 12050 12326 12 0 0 
7200 13168 12300 11825 12415 11955 12331 12 0 0 
7300 13129 12287 11841 12447 12004 12366 11 0 0 
7400 13206 12278 11802 12417 12028 12305 10 0 0 
7500 13115 12367 11899 12427 12075 12390 17 0 2 
7600 13157 12271 11806 12421 12013 12381 4 0 0 
7700 13181 12291 11896 12472 12021 12335 12 0 0 
7800 13170 12408 11915 12443 12062 12384 6 0 0 
7900 13128 12358 11919 12512 12073 12411 8 0 0 
8000 13094 12338 11884 12489 12041 12378 11 0 0 
8100 13152 12330 11840 12403 12030 12334 15 0 0 
8200 13110 12288 11915 12468 12087 12340 6 0 0 
8300 13163 12360 11960 12498 12166 12460 6 0 0 
8400 13267 12406 12023 12574 12222 12484 6 0 0 
8500 13148 12318 11962 12497 12122 12431 8 0 0 
8600 13115 12280 11787 12380 11974 12348 10 0 0 
8700 13028 12290 11773 12483 11980 12369 10 0 0 
8800 13083 12294 11903 12503 12095 12430 17 0 0 
8900 13048 12421 11866 12395 12035 12378 8 2 0 
9000 13099 12441 11918 12516 12087 12384 10 0 0 
9100 13110 12367 11894 12408 12019 12330 10 0 0 
9200 13164 12451 11913 12535 12169 12507 9 0 0 
9300 13139 12369 11843 12458 12064 12452 6 0 0 
9400 13131 12321 11915 12499 12111 12443 11 0 0 
9500 13194 12372 11907 12508 12110 12405 7 0 0 
9600 13141 12318 11870 12472 12068 12423 9 0 0 
9700 13191 12466 11960 12506 12081 12455 10 1 0 
9800 13101 12325 11851 12403 11996 12336 11 0 0 
9900 13195 12317 11951 12446 12087 12385 9 1 0 
10000 13193 12371 11938 12495 12117 12476 11 0 0 
