# Avida tasks data
# Sat Apr 15 21:30:04 2023
# First column gives the current update, next columns give the number
# of organisms that have the particular task as a component of their merit
#  1: Update
#  2: Not
#  3: Nand
#  4: And
#  5: OrNot
#  6: Or
#  7: AndNot
#  8: Nor
#  9: Xor
# 10: Equals

0 0 0 0 0 0 0 0 0 0 
100 0 0 0 0 0 0 0 0 0 
200 0 0 0 0 0 0 0 0 0 
300 0 0 0 0 0 0 0 0 0 
400 2 0 0 0 0 0 0 0 0 
500 2 3 0 0 0 0 0 0 0 
600 7 2 0 0 0 0 0 0 0 
700 17 2 0 0 0 0 0 0 0 
800 95 36 0 424 0 0 0 0 0 
900 420 652 7 3285 13 0 0 0 0 
1000 1310 2245 16 5453 25 25 0 0 0 
1100 1730 3433 9 6327 29 1649 0 0 0 
1200 2451 4862 889 7406 21 3573 0 0 0 
1300 3533 6023 3042 8594 24 4887 0 0 0 
1400 4876 7146 4964 9475 6 6303 0 0 0 
1500 5974 8314 6357 10284 8 7452 0 0 0 
1600 7039 9097 7727 10968 7 8636 0 0 0 
1700 8109 9917 8937 11488 3 9484 0 0 0 
1800 9040 10217 10023 11928 3 10293 0 0 0 
1900 9948 10666 10872 12109 2 10941 0 0 0 
2000 10667 10959 11410 12319 0 11514 0 0 0 
2100 11156 11083 11749 12336 0 11684 0 0 0 
2200 11475 11280 12092 12372 2 11948 0 0 0 
2300 11712 11431 12292 12395 5 12049 0 0 0 
2400 11991 11611 12482 12416 3 12331 0 0 0 
2500 12069 11748 12453 12441 2 12326 0 0 0 
2600 12274 11867 12637 12539 19 12349 0 0 0 
2700 12326 11960 12657 12451 24 12404 0 0 0 
2800 12309 11884 12692 12496 162 12449 0 2 0 
2900 12269 11843 12698 12484 696 12447 1 9 0 
3000 12170 11953 12696 12565 1316 12515 0 18 0 
3100 12331 11789 12493 12429 1950 12493 0 21 0 
3200 12203 11780 12593 12445 2829 12543 0 50 0 
3300 12244 11858 12592 12418 3546 12558 0 50 0 
3400 12136 11957 12656 12390 4312 12659 0 45 0 
3500 12254 11884 12588 12401 4866 12714 0 46 0 
3600 12236 11919 12575 12478 5328 12741 0 93 0 
3700 12244 11926 12592 12437 6013 12800 1 105 0 
3800 12314 11816 12534 12433 6624 12822 1 110 0 
3900 12122 11879 12624 12391 7269 12908 0 99 0 
4000 12103 11834 12549 12475 7817 12917 0 105 0 
4100 12159 11704 12547 12435 8257 12878 0 143 0 
4200 12176 11775 12518 12466 8794 12932 0 154 0 
4300 12129 11772 12407 12407 9150 12937 0 170 0 
4400 12287 11649 12523 12413 9772 12997 0 165 0 
4500 12298 11710 12508 12428 10241 13024 0 150 0 
4600 12361 11725 12507 12459 10538 13012 1 164 0 
4700 12383 11915 12569 12495 10898 13069 0 168 0 
4800 12360 11891 12440 12411 11048 12960 0 181 0 
4900 12370 11789 12492 12421 11260 13063 0 152 0 
5000 12437 11884 12553 12465 11441 13086 0 168 0 
5100 12521 11876 12568 12422 11523 13077 0 180 0 
5200 12514 12033 12518 12431 11616 13068 0 160 0 
5300 12591 11927 12508 12481 11646 13064 1 195 0 
5400 12650 11844 12510 12517 11619 13067 0 196 0 
5500 12657 11818 12658 12612 11738 13057 0 186 0 
5600 12679 11920 12553 12593 11628 12991 0 190 0 
5700 12705 11753 12549 12512 11705 12972 1 167 0 
5800 12731 11833 12603 12526 11781 13061 0 178 0 
5900 12693 11942 12585 12580 11736 13005 0 172 0 
6000 12711 11941 12505 12562 11700 13037 2 179 0 
6100 12708 11999 12475 12541 11747 13065 0 171 0 
6200 12830 12014 12659 12499 11778 13119 0 159 0 
6300 12798 12107 12639 12610 11776 13047 0 149 0 
6400 12789 12178 12585 12567 11797 13072 3 172 0 
6500 12759 12183 12492 12522 11619 12975 3 194 0 
6600 12943 12255 12492 12647 11727 13034 2 179 0 
6700 12842 12353 12516 12598 11699 13049 0 209 0 
6800 12898 12388 12550 12613 11645 13032 1 187 0 
6900 12839 12242 12597 12626 11751 13083 1 154 0 
7000 12834 12281 12620 12707 11691 13054 2 204 0 
7100 12856 12317 12437 12686 11598 12947 0 193 0 
7200 12915 12450 12628 12766 11749 13050 0 144 0 
7300 12949 12412 12661 12753 11838 13041 0 189 2 
7400 12977 12389 12656 12669 11799 13128 1 185 9 
7500 12979 12479 12586 12663 11698 13114 0 215 61 
7600 12868 12471 12540 12444 11600 12971 0 172 139 
7700 12929 12436 12609 12563 11703 13048 4 174 174 
7800 13015 12518 12673 12491 11830 13131 1 149 224 
7900 13034 12502 12572 12372 11654 13017 1 164 297 
8000 12926 12450 12586 12263 11717 13121 3 159 420 
8100 12968 12464 12653 12028 11832 13097 5 146 549 
8200 12988 12398 12607 11834 11761 13133 8 170 743 
8300 12998 12392 12617 11660 11785 13048 5 142 912 
8400 13051 12318 12646 11251 11811 13081 5 164 1195 
8500 13017 12320 12680 11127 11788 13078 9 169 1425 
8600 12970 12277 12691 10763 11813 13091 9 169 1667 
8700 12894 12146 12626 10394 11721 13110 20 219 1936 
8800 13026 12167 12695 10228 11695 13072 12 168 2171 
8900 13036 12083 12657 9956 11673 13090 11 177 2411 
9000 11849 12161 12625 8792 11642 13083 23 187 3412 
9100 11786 12254 12618 7676 11592 13071 30 177 4370 
9200 12050 12296 12519 6731 11529 13018 23 143 5249 
9300 12089 12355 11802 6810 11363 12815 27 766 5654 
9400 12000 12370 11253 6996 11077 12489 25 1406 5845 
9500 11659 12425 10654 7338 10407 12196 61 1155 6257 
9600 11421 11642 10337 7500 10303 12007 83 1481 6355 
9700 11379 11208 10026 7634 10031 11975 84 1511 6514 
9800 11312 10791 9738 7844 9882 11923 83 1602 6669 
9900 11161 10386 9424 8010 9586 11785 96 1677 6799 
10000 11077 9949 9030 8266 9217 11696 136 1688 7000 
