# Avida tasks data
# Sun Apr 16 06:09:32 2023
# First column gives the current update, next columns give the number
# of organisms that have the particular task as a component of their merit
#  1: Update
#  2: Not
#  3: Nand
#  4: And
#  5: OrNot
#  6: Or
#  7: AndNot
#  8: Nor
#  9: Xor
# 10: Equals

0 0 0 0 0 0 0 0 0 0 
100 0 0 0 0 0 0 0 0 0 
200 0 0 0 0 0 0 0 0 0 
300 0 0 0 0 0 0 0 0 0 
400 0 0 0 0 0 0 0 0 0 
500 0 0 0 0 0 0 0 0 0 
600 5 0 0 0 0 0 0 0 0 
700 44 0 0 0 0 0 0 0 0 
800 1122 10 0 0 0 0 0 0 0 
900 4500 2366 0 33 0 0 0 0 0 
1000 7367 5510 0 610 2 6 0 0 0 
1100 8886 7655 1 2400 5 20 0 0 0 
1200 9879 9149 1 3835 179 58 509 0 0 
1300 10470 9842 1 4948 808 75 2432 0 0 
1400 10933 10418 9 6134 1226 88 4046 0 0 
1500 11310 10778 10 6983 1976 83 5152 0 0 
1600 11721 11143 353 7686 2564 67 6153 0 0 
1700 11994 11507 984 8424 2998 96 6951 1 0 
1800 12344 11821 1739 9153 3349 155 7752 0 0 
1900 12440 12075 2601 9797 3622 256 8654 0 0 
2000 12588 12202 3406 10395 3785 482 9260 1 0 
2100 12731 12356 4097 10825 3993 670 9772 0 2 
2200 12856 12366 4867 11143 3920 895 10134 0 0 
2300 12862 12530 5478 11467 4007 1122 10659 0 0 
2400 12839 12545 6050 11745 4103 1317 10920 0 0 
2500 12836 12653 6691 12050 4072 1461 11228 0 0 
2600 12910 12721 7324 12255 4001 1616 11708 0 0 
2700 12864 12795 7913 12497 3788 1670 11850 0 0 
2800 12918 12789 8118 12476 3654 1795 11821 0 0 
2900 12904 12810 8400 12533 3518 2012 11970 0 0 
3000 12947 12955 8582 12609 3441 2320 12087 0 1 
3100 12909 12843 8829 12649 3242 2439 11949 0 0 
3200 12871 12874 8852 12564 3121 2630 11988 0 0 
3300 12903 12875 8821 12613 3217 2863 11971 0 0 
3400 12928 12849 8768 12530 3162 3047 11896 0 0 
3500 12892 12879 8621 12574 3310 3262 11984 0 0 
3600 12979 12906 8545 12538 3423 3519 12015 0 0 
3700 12971 12933 8421 12508 3514 3640 11952 0 0 
3800 12989 12813 8320 12624 3625 3712 11920 3 3 
3900 12984 12907 8140 12577 3810 3877 11954 19 19 
4000 13000 12911 8017 12646 3910 4009 11999 19 18 
4100 13010 12966 7835 12701 4246 4245 12086 8 8 
4200 13001 12918 7552 12578 4484 4444 12016 1 1 
4300 13095 12853 7268 12575 4726 4720 11957 0 0 
4400 13043 12835 6975 12512 4908 4922 11915 0 0 
4500 13118 12916 6673 12595 5229 5177 11934 0 0 
4600 13089 12863 6356 12463 5356 5331 11827 0 0 
4700 13165 12888 6146 12535 5730 5672 11898 0 0 
4800 13210 12879 5883 12458 5959 5805 11900 0 0 
4900 13218 12914 5814 12511 6331 5947 11876 1 0 
5000 13194 12740 5580 12442 6588 6147 11759 0 0 
5100 13183 12755 5420 12373 6896 6151 11719 0 0 
5200 13152 12783 5186 12363 7280 6313 11831 0 0 
5300 13224 12828 5040 12433 7671 6530 11755 2 0 
5400 13147 12834 5186 12421 7976 6459 11868 0 0 
5500 13246 12828 5227 12405 8343 6329 11756 0 0 
5600 13230 12787 5404 12423 8514 6256 11783 0 0 
5700 13249 12805 5631 12470 8754 6010 11701 0 0 
5800 13205 12918 5800 12503 9099 5864 11899 0 0 
5900 13168 12942 6014 12450 9285 5692 11937 0 0 
6000 13202 12966 6404 12542 9611 5516 11963 0 0 
6100 13134 12970 6655 12499 9658 5218 11988 0 0 
6200 13179 13076 7034 12631 9890 4961 12034 1 0 
6300 13186 13021 7288 12647 10236 4784 12095 0 0 
6400 13182 13033 7687 12704 10644 4329 12116 0 7 
6500 13181 13043 8230 12737 10861 3862 12066 0 1 
6600 13133 13029 8731 12739 11226 3463 12166 0 0 
6700 13195 13150 9092 12880 11422 3241 12312 0 0 
6800 13218 13103 9512 12851 11420 2871 12263 0 0 
6900 13171 13178 9878 12831 11596 2558 12348 0 0 
7000 13221 13173 10319 12949 11800 2188 12317 0 0 
7100 13135 13149 10504 12958 11843 2024 12329 1 0 
7200 13202 13120 10887 12924 11961 1756 12425 4 4 
7300 13350 13173 11049 12917 12183 1520 12409 21 21 
7400 13266 13151 11364 12957 12178 1252 12380 30 27 
7500 13239 13252 11700 13010 12168 974 12485 54 53 
7600 13357 13236 11970 13053 12298 685 12431 110 111 
7700 13347 13213 11880 13007 12011 559 12201 330 319 
7800 13230 13067 10677 11220 10472 245 10635 1597 1631 
7900 13203 12838 8283 8801 8088 159 8215 3669 3740 
8000 13220 12651 6663 8598 6493 143 6605 4902 5040 
8100 13211 12575 5421 9039 5289 106 5380 6021 6158 
8200 13193 12529 4276 9426 4204 87 4274 7052 7188 
8300 13265 12462 3149 9667 3105 63 3130 8079 8249 
8400 13219 12328 2491 9718 2467 58 2484 8460 8646 
8500 13215 12325 2491 9715 2467 58 2484 8457 8643 
8600 13214 12343 2478 9719 2452 56 2471 8488 8683 
8700 13216 12337 1822 10129 1820 49 1818 9129 9328 
8800 13243 12298 1321 10380 1325 31 1312 9597 9771 
8900 13246 12332 920 10754 919 26 909 10109 10328 
9000 13158 12144 547 10656 532 20 532 10255 10451 
9100 13203 12238 292 10695 280 9 268 10541 10769 
9200 13216 12254 168 10866 150 6 144 10774 10990 
9300 13260 12280 64 10918 66 9 58 10810 11009 
9400 13340 12366 5 11098 1 12 3 11013 11233 
9500 13290 12213 3 10840 0 11 0 10820 10997 
9600 13247 12298 10 10913 0 4 0 10792 11011 
9700 13265 12286 10 10878 0 16 0 10846 11076 
9800 13267 12310 12 10898 0 8 0 10891 11106 
9900 13221 12265 9 10927 1 4 1 10867 11069 
10000 13238 12287 5 10967 0 14 0 10924 11115 
