# Avida tasks data
# Sun Apr 16 03:39:30 2023
# First column gives the current update, next columns give the number
# of organisms that have the particular task as a component of their merit
#  1: Update
#  2: Not
#  3: Nand
#  4: And
#  5: OrNot
#  6: Or
#  7: AndNot
#  8: Nor
#  9: Xor
# 10: Equals

0 0 0 0 0 0 0 0 0 0 
100 0 0 0 0 0 0 0 0 0 
200 0 0 0 0 0 0 0 0 0 
300 0 0 0 0 0 0 0 0 0 
400 0 0 0 0 0 0 0 0 0 
500 0 0 0 0 0 0 0 0 0 
600 0 0 0 0 0 0 0 0 0 
700 1 0 0 0 0 0 0 0 0 
800 0 0 0 0 0 0 0 0 0 
900 14 28 0 516 0 0 0 0 0 
1000 64 934 13 1990 0 7 0 0 0 
1100 1162 2243 1447 3189 155 576 2 0 0 
1200 2608 3641 3067 4631 375 642 2 0 0 
1300 4087 5054 4520 6420 759 978 12 0 0 
1400 5463 6195 5807 7880 1128 1249 17 0 0 
1500 6551 7024 6723 9179 1607 1672 26 0 0 
1600 7673 7697 7376 10272 2117 2172 16 0 0 
1700 8576 8144 7905 11174 2625 2603 28 0 0 
1800 9261 8055 7797 11597 3233 3315 30 0 0 
1900 10021 7816 7495 12038 4068 4070 34 0 0 
2000 10490 7440 6867 12190 5003 4795 91 0 0 
2100 10850 7214 6526 12224 5675 5659 360 0 0 
2200 10789 6850 7455 12425 6113 6843 509 0 0 
2300 10975 5992 7989 12459 6853 7741 532 0 0 
2400 11106 5591 8550 12379 7392 8304 561 0 0 
2500 11275 5408 8867 12250 7908 8938 514 0 0 
2600 11582 5372 9478 12321 8450 9567 468 0 0 
2700 11837 5673 10054 12403 8919 10161 438 0 0 
2800 11854 6192 10277 12378 9200 10329 395 0 0 
2900 11859 6637 10516 12367 9431 10529 327 0 0 
3000 11951 7164 10638 12356 9664 10677 251 0 0 
3100 12213 7560 10915 12361 10090 11024 226 0 0 
3200 12178 7994 10871 12268 10428 11149 174 0 0 
3300 12216 8572 10975 12327 10617 11227 296 0 0 
3400 12318 9289 11091 12302 10900 11395 848 0 0 
3500 12486 10177 10846 12094 11102 11258 1793 0 0 
3600 12639 10722 10908 12086 11356 11353 2688 0 0 
3700 12796 11270 10939 12119 11630 11438 3717 0 0 
3800 12901 11804 11071 12137 11780 11574 4676 0 0 
3900 12998 12174 11026 12095 11926 11489 5577 0 0 
4000 13080 12417 10959 12016 11861 11447 6441 0 0 
4100 13181 12634 11086 12037 11958 11555 7316 0 0 
4200 13299 12878 10991 11955 11899 11518 8048 0 0 
4300 13406 13015 10954 11877 11961 11496 8780 0 0 
4400 13519 13174 10888 11814 11944 11457 9305 0 0 
4500 13537 13362 10920 11812 12019 11468 9764 0 0 
4600 13648 13505 10999 11816 12058 11522 10190 0 0 
4700 13595 13452 10990 11858 12022 11530 10538 0 0 
4800 13676 13464 10996 11851 12033 11506 10803 0 0 
4900 13670 13500 10967 11769 12007 11478 10842 0 0 
5000 13737 13442 10986 11756 12041 11501 11100 0 0 
5100 13726 13503 10816 11623 12010 11400 11229 0 0 
5200 13738 13586 11077 11832 12094 11555 11420 0 0 
5300 13760 13466 10970 11817 12096 11511 11332 0 0 
5400 13737 13422 10992 11819 12075 11495 11372 0 0 
5500 13769 13483 11081 11892 12129 11600 11418 0 0 
5600 13756 13425 10996 11799 12103 11504 11271 0 1 
5700 13757 13406 11094 11832 12092 11570 11398 0 0 
5800 13755 13396 11072 11783 12126 11570 11359 1 0 
5900 13773 13353 11175 11951 12217 11597 11441 0 0 
6000 13742 13394 11085 11881 12103 11616 11484 0 0 
6100 13708 13376 11030 11754 12059 11505 11418 0 0 
6200 13769 13336 11064 11816 12110 11495 11406 0 0 
6300 13735 13384 11145 11934 12135 11601 11345 0 0 
6400 13796 13421 11263 11965 12230 11646 11530 0 0 
6500 13795 13491 11184 11978 12249 11723 11555 0 0 
6600 13767 13425 11047 11806 12099 11526 11396 0 0 
6700 13729 13359 11112 11919 12170 11592 11414 0 0 
6800 13749 13461 11129 11948 12108 11647 11474 0 0 
6900 13816 13394 11222 12038 12189 11728 11552 0 0 
7000 13819 13458 11245 12042 12302 11750 11518 0 0 
7100 13702 13438 11178 11939 12223 11628 11452 0 0 
7200 13741 13429 11102 11928 12211 11643 11466 0 2 
7300 13791 13383 11222 11966 12251 11609 11459 0 1 
7400 13812 13476 11225 12004 12277 11676 11550 0 0 
7500 13746 13417 11159 11879 12230 11617 11445 0 1 
7600 13784 13448 11177 11950 12277 11619 11506 0 0 
7700 13754 13398 11056 11906 12147 11570 11436 0 0 
7800 13761 13342 11186 11914 12211 11610 11448 0 0 
7900 13753 13359 11200 11931 12153 11697 11399 0 0 
8000 13808 13389 11200 11952 12209 11722 11506 0 0 
8100 13790 13412 11242 12090 12245 11710 11492 0 0 
8200 13735 13427 11171 11925 12233 11611 11514 0 0 
8300 13758 13437 11253 12003 12249 11683 11579 0 0 
8400 13786 13420 11284 12074 12300 11735 11549 0 0 
8500 13790 13466 11254 12070 12237 11772 11516 0 0 
8600 13785 13442 11213 12037 12344 11716 11583 0 0 
8700 13821 13434 11268 11993 12306 11743 11535 0 1 
8800 13783 13411 11376 12108 12318 11795 11604 0 0 
8900 13769 13327 11373 12100 12330 11783 11577 0 0 
9000 13739 13386 11227 11981 12285 11671 11510 0 0 
9100 13751 13474 11309 12003 12265 11740 11570 0 0 
9200 13760 13391 11234 12016 12206 11697 11550 0 0 
9300 13771 13414 11256 11972 12216 11700 11509 0 0 
9400 13787 13362 11316 12070 12293 11723 11552 0 0 
9500 13754 13433 11292 12046 12264 11775 11618 0 0 
9600 13751 13392 11230 11972 12224 11676 11496 0 0 
9700 13766 13444 11318 12047 12208 11756 11543 0 0 
9800 13782 13481 11402 12109 12368 11809 11695 0 0 
9900 13778 13497 11193 11897 12223 11618 11565 0 0 
10000 13812 13443 11417 12083 12245 11838 11713 0 2 
