# Avida tasks data
# Sun Apr 16 02:08:36 2023
# First column gives the current update, next columns give the number
# of organisms that have the particular task as a component of their merit
#  1: Update
#  2: Not
#  3: Nand
#  4: And
#  5: OrNot
#  6: Or
#  7: AndNot
#  8: Nor
#  9: Xor
# 10: Equals

0 0 0 0 0 0 0 0 0 0 
100 0 0 0 0 0 0 0 0 0 
200 0 0 0 0 0 0 0 0 0 
300 0 0 0 0 0 0 0 0 0 
400 0 0 0 0 0 0 0 0 0 
500 0 0 0 0 0 0 0 0 0 
600 0 0 0 0 0 0 0 0 0 
700 2 11 0 0 0 0 0 0 0 
800 21 22 0 0 0 0 0 0 0 
900 154 43 0 76 0 19 0 0 0 
1000 377 103 2 260 0 643 0 0 0 
1100 558 89 14 505 5 1972 13 0 0 
1200 712 232 6 1463 7 3517 108 0 0 
1300 960 282 11 2771 29 4455 317 0 0 
1400 1451 204 12 2513 2008 3391 2386 0 0 
1500 2483 366 13 2118 3752 2718 4008 0 0 
1600 3682 670 18 2470 4904 2425 5162 0 0 
1700 5029 993 22 3955 5767 2255 5977 0 0 
1800 6097 1171 26 5164 6647 1942 6751 0 0 
1900 7138 1490 22 6353 7481 1560 7611 0 0 
2000 8326 2045 15 7562 8394 1197 8458 0 0 
2100 9380 2812 6 8598 8916 1020 9069 0 0 
2200 10268 2984 16 9274 9387 1834 9484 0 0 
2300 10544 2705 51 9946 9926 3328 10027 0 0 
2400 10707 2946 51 10250 10149 4899 10294 0 0 
2500 10917 3710 44 10637 10274 6437 10379 0 0 
2600 11224 4807 35 11164 10519 7891 10668 0 0 
2700 11556 5870 25 11614 10817 9110 10918 0 0 
2800 11942 6820 28 11898 11070 10055 11160 0 0 
2900 12385 7878 64 12175 11467 10923 11565 0 0 
3000 12549 8963 37 12379 11683 11644 11751 0 0 
3100 12718 9921 44 12542 11845 12066 11921 0 0 
3200 12883 10657 57 12629 11996 12362 12078 0 0 
3300 13025 11356 48 12555 12043 12760 12153 0 0 
3400 12924 11804 61 12710 11995 12922 12132 0 0 
3500 13048 12115 48 12720 12101 13145 12192 0 0 
3600 13103 12506 49 12762 12135 13241 12262 0 0 
3700 13145 12689 33 12694 12137 13210 12235 0 0 
3800 13157 12862 41 12749 12176 13234 12257 0 0 
3900 13193 12979 55 12748 12171 13195 12268 0 0 
4000 13277 13035 47 12791 12184 13176 12307 0 0 
4100 13213 13188 44 12740 12106 13227 12236 0 0 
4200 13232 13164 44 12759 12146 13157 12220 0 0 
4300 13201 13127 54 12880 12166 13191 12263 0 0 
4400 13130 13220 30 12768 12246 13348 12336 0 0 
4500 13153 13188 40 12813 12169 13248 12321 0 0 
4600 13121 13142 30 12852 12315 13316 12401 0 0 
4700 13273 13141 51 12797 12155 13193 12262 0 0 
4800 13258 13078 58 12897 12368 13244 12471 0 0 
4900 13194 13150 41 12781 12192 13262 12285 0 0 
5000 13202 13215 59 12768 12302 13271 12401 0 0 
5100 13207 13206 41 12849 12263 13300 12371 0 0 
5200 13261 13189 59 12874 12255 13292 12353 0 0 
5300 13236 13261 53 12883 12281 13287 12394 0 0 
5400 13212 13344 35 12787 12344 13357 12434 0 0 
5500 13315 13159 33 12909 12314 13328 12415 0 0 
5600 13361 13108 50 12911 12297 13288 12388 0 0 
5700 13406 13118 30 12921 12363 13259 12497 0 0 
5800 13353 13231 40 12925 12399 13268 12468 0 0 
5900 13302 13205 49 12870 12343 13298 12449 0 0 
6000 13344 13210 58 12952 12463 13363 12631 0 0 
6100 13398 13247 19 12986 12452 13418 12533 0 0 
6200 13409 13281 36 12945 12343 13412 12468 0 0 
6300 13404 13363 61 12995 12436 13333 12578 0 0 
6400 13351 13314 64 12973 12460 13242 12570 0 0 
6500 13394 13312 36 12980 12382 13351 12504 0 0 
6600 13462 13266 63 12959 12446 13304 12512 0 0 
6700 13506 13209 59 13045 12545 13293 12657 0 0 
6800 13447 13261 43 12936 12508 13347 12630 0 0 
6900 13488 13277 36 13016 12487 13291 12592 0 0 
7000 13445 13347 54 12992 12500 13425 12560 0 0 
7100 13403 13320 365 12981 12534 13379 12677 0 0 
7200 13386 13373 963 13006 12417 13351 12606 0 0 
7300 13541 13368 1826 13178 12579 13336 12701 0 0 
7400 13470 13418 2854 13057 12469 13350 12623 0 0 
7500 13532 13306 3951 13164 12459 13292 12656 0 0 
7600 13553 13285 4880 13216 12538 13313 12693 0 0 
7700 13487 13128 5988 13250 12394 13300 12624 0 0 
7800 13556 13164 7149 13281 12467 13295 12620 0 0 
7900 13633 13138 8190 13318 12417 13251 12612 0 0 
8000 13658 13131 9149 13315 12376 13212 12601 0 0 
8100 13658 13025 9886 13412 12437 13185 12628 0 0 
8200 13629 12932 10483 13383 12436 13243 12615 0 0 
8300 13682 12939 10994 13464 12402 13142 12667 0 0 
8400 13656 12905 11391 13422 12380 13189 12597 0 0 
8500 13667 12926 11619 13523 12456 13261 12660 0 0 
8600 13636 12863 11795 13420 12312 13286 12563 0 0 
8700 13677 12848 11930 13486 12390 13238 12596 0 0 
8800 13677 12873 12211 13512 12448 13205 12713 0 0 
8900 13601 12887 12248 13492 12356 13266 12559 0 0 
9000 13628 12824 12305 13453 12342 13178 12580 1 0 
9100 13656 12875 12373 13446 12399 13303 12640 0 0 
9200 13642 12825 12417 13486 12396 13230 12662 0 0 
9300 13631 12845 12286 13465 12369 13183 12593 0 0 
9400 13664 12927 12419 13464 12435 13201 12681 0 0 
9500 13596 12894 12361 13464 12341 13152 12616 0 0 
9600 13647 12851 12296 13485 12314 13172 12533 0 0 
9700 13617 12881 12427 13469 12390 13223 12611 0 0 
9800 13620 12867 12373 13443 12412 13140 12622 0 0 
9900 13611 12886 12392 13488 12455 13178 12660 0 0 
10000 13719 12907 12479 13507 12468 13252 12690 0 0 
