# Avida tasks data
# Sun Apr 16 04:10:33 2023
# First column gives the current update, next columns give the number
# of organisms that have the particular task as a component of their merit
#  1: Update
#  2: Not
#  3: Nand
#  4: And
#  5: OrNot
#  6: Or
#  7: AndNot
#  8: Nor
#  9: Xor
# 10: Equals

0 0 0 0 0 0 0 0 0 0 
100 0 0 0 0 0 0 0 0 0 
200 0 0 0 0 0 0 0 0 0 
300 0 0 0 0 0 0 0 0 0 
400 0 0 0 0 0 0 0 0 0 
500 2 0 0 0 0 0 0 0 0 
600 8 0 0 0 0 0 0 0 0 
700 130 1 0 0 0 0 0 0 0 
800 776 0 0 0 0 0 0 0 0 
900 1278 0 0 0 0 0 0 0 0 
1000 1753 0 0 0 0 0 0 0 0 
1100 1944 0 0 0 0 0 0 0 0 
1200 2417 0 0 0 0 0 0 0 0 
1300 2513 0 0 0 0 0 0 0 0 
1400 2596 0 0 0 0 0 0 0 0 
1500 2677 0 0 0 0 0 0 0 0 
1600 2880 0 0 0 0 0 0 0 0 
1700 3209 0 0 0 0 0 0 0 0 
1800 3633 0 0 0 0 0 0 0 0 
1900 3737 0 0 0 0 0 0 0 0 
2000 3786 0 0 0 0 0 0 0 0 
2100 4395 0 0 0 0 0 0 0 0 
2200 4991 0 0 0 0 0 0 0 0 
2300 5232 0 0 0 0 0 0 0 0 
2400 5330 0 0 0 0 0 0 0 0 
2500 5903 0 0 0 0 0 0 0 0 
