# Avida tasks data
# Sun Apr 16 01:16:47 2023
# First column gives the current update, next columns give the number
# of organisms that have the particular task as a component of their merit
#  1: Update
#  2: Not
#  3: Nand
#  4: And
#  5: OrNot
#  6: Or
#  7: AndNot
#  8: Nor
#  9: Xor
# 10: Equals

0 0 0 0 0 0 0 0 0 0 
100 0 0 0 0 0 0 0 0 0 
200 0 0 0 0 0 0 0 0 0 
300 0 0 0 0 0 0 0 0 0 
400 0 0 0 0 0 0 0 0 0 
500 0 0 0 0 0 0 0 0 0 
600 0 0 0 0 0 0 0 0 0 
700 15 0 0 0 0 0 0 0 0 
800 94 1 0 0 0 0 0 0 0 
900 331 23 0 13 0 0 0 0 0 
1000 654 81 0 151 101 0 0 0 0 
1100 1501 155 0 1112 826 0 0 0 0 
1200 1975 292 0 2743 2480 3 2 0 0 
1300 3969 1487 7 4056 3756 25 1393 0 0 
1400 5355 2993 7 5012 4754 33 2831 0 0 
1500 6589 4510 10 6066 5786 49 4180 0 0 
1600 7506 5880 23 6954 6678 69 5248 0 0 
1700 8159 7132 32 7640 7310 86 6152 0 0 
1800 8833 8268 34 8418 8042 90 7207 0 0 
1900 9326 9308 45 8939 8544 121 7892 0 0 
2000 9824 10194 28 9572 9115 400 8804 0 0 
2100 10314 10979 60 9989 9541 1158 9230 0 0 
2200 10635 11533 52 10256 9834 2137 9544 0 0 
2300 10809 12076 83 10512 10018 2959 9827 0 0 
2400 11068 12355 83 10834 10377 3800 10231 0 0 
2500 10994 12585 71 10958 10522 4781 10367 0 0 
2600 11262 12759 84 11087 10652 5594 10580 0 0 
2700 11389 12892 96 11302 10875 6379 10698 0 0 
2800 11632 12899 81 11344 11045 7065 10851 0 0 
2900 11661 13011 121 11496 11156 7709 11005 0 0 
3000 11501 13107 135 11551 11195 8112 10990 0 0 
3100 11387 13189 127 11639 11262 8677 11090 0 0 
3200 11382 13265 125 11791 11449 9379 11219 0 0 
3300 11355 13121 142 11728 11408 9657 11154 0 0 
3400 11300 13085 149 11745 11412 9902 11178 0 0 
3500 11405 13108 125 11813 11500 10302 11312 0 0 
3600 11288 13210 141 11700 11403 10408 11118 0 0 
3700 11330 13314 147 11757 11403 10547 11141 0 0 
3800 11520 13346 138 11809 11407 10612 11188 0 0 
3900 11562 13255 154 11837 11416 10774 11183 0 0 
4000 11593 13272 154 11726 11380 10759 11107 0 0 
4100 11667 13300 137 11833 11419 10892 11173 0 0 
4200 11640 13332 132 11870 11505 10927 11274 0 0 
4300 11742 13316 158 11858 11490 10927 11236 0 0 
4400 11731 13254 153 11849 11413 10884 11187 0 0 
4500 11648 13221 157 11877 11465 10907 11221 0 0 
4600 11693 13225 139 11826 11499 10898 11238 0 0 
4700 11754 13254 165 11791 11446 10860 11166 0 0 
4800 11790 13257 168 11891 11539 10993 11243 0 0 
4900 11820 13259 161 11890 11482 11012 11178 0 0 
5000 11716 13313 146 11848 11478 10962 11161 0 0 
5100 11696 13260 143 11927 11572 11075 11263 0 0 
5200 11942 13377 147 11955 11632 11117 11295 0 0 
5300 11871 13359 120 11971 11657 11130 11372 0 0 
5400 11827 13269 155 12018 11636 11128 11366 0 0 
5500 11796 13313 134 11925 11531 11084 11236 0 0 
5600 11942 13342 169 11946 11536 11033 11244 0 0 
5700 11869 13311 145 11963 11577 11095 11270 0 0 
5800 11957 13321 157 11988 11677 11178 11393 0 0 
5900 11842 13236 141 11926 11690 11073 11362 0 0 
6000 11862 13375 155 12007 11673 11231 11364 0 0 
6100 11830 13340 165 12002 11666 11167 11356 0 0 
6200 11790 13239 149 12015 11663 11120 11377 0 0 
6300 11968 13280 161 11957 11492 11049 11245 0 0 
6400 11934 13359 169 12043 11686 11205 11427 0 0 
6500 12017 13339 132 12135 11829 11298 11571 0 0 
6600 12005 13327 161 11951 11566 11192 11432 0 0 
6700 12008 13408 149 11994 11621 11245 11423 0 0 
6800 12069 13322 143 12143 11744 11329 11528 0 0 
6900 12092 13333 150 12013 11623 11171 11467 0 0 
7000 12020 13269 138 12039 11699 11272 11484 0 0 
7100 12054 13251 147 12075 11810 11252 11512 0 0 
7200 12148 13360 152 12132 11753 11339 11548 0 0 
7300 12244 13388 140 12110 11813 11329 11547 0 0 
7400 12186 13387 124 12170 11851 11513 11689 0 0 
7500 12139 13315 120 12100 11811 11394 11533 0 0 
7600 12167 13440 139 12152 11799 11354 11583 0 0 
7700 12246 13366 111 12103 11741 11258 11532 0 0 
7800 12233 13361 104 12262 11974 11460 11724 0 0 
7900 12314 13416 138 12182 11779 11376 11570 0 0 
8000 12248 13435 143 12240 11933 11544 11722 0 0 
8100 12128 13353 152 12183 11825 11423 11586 0 0 
8200 12238 13270 302 12149 11880 11517 11655 0 0 
8300 12175 13298 675 12199 11899 11401 11704 0 0 
8400 12194 13331 1349 12224 11797 11328 11568 0 0 
8500 12387 13380 2373 12190 11857 11334 11668 0 0 
8600 12468 13392 3317 12181 11833 11231 11649 0 0 
8700 12660 13462 4370 12243 11842 11274 11623 0 0 
8800 12634 13437 5321 12150 11820 11243 11644 0 0 
8900 12702 13428 6060 12341 11958 11483 11781 0 0 
9000 12720 13403 6967 12256 11941 11261 11734 0 0 
9100 12874 13380 7730 12329 12033 11305 11817 0 0 
9200 13007 13402 8754 12277 11971 11244 11778 0 0 
9300 13027 13351 9496 12262 11969 11162 11847 0 0 
9400 13122 13378 10164 12256 11938 11244 11793 0 0 
9500 13193 13415 10454 12330 11984 11282 11778 0 0 
9600 13232 13479 10955 12408 12073 11292 11909 0 0 
9700 13217 13455 11299 12393 12052 11242 11808 0 0 
9800 13307 13424 11566 12316 11938 11106 11736 0 0 
9900 13161 13422 11780 12326 11993 11212 11875 0 0 
10000 13303 13448 12034 12335 11969 11099 11796 0 0 
