# Avida tasks data
# Sun Apr 16 04:57:15 2023
# First column gives the current update, next columns give the number
# of organisms that have the particular task as a component of their merit
#  1: Update
#  2: Not
#  3: Nand
#  4: And
#  5: OrNot
#  6: Or
#  7: AndNot
#  8: Nor
#  9: Xor
# 10: Equals

0 0 0 0 0 0 0 0 0 0 
100 0 0 0 0 0 0 0 0 0 
200 0 0 0 0 0 0 0 0 0 
300 0 0 0 0 0 0 0 0 0 
400 0 0 0 0 0 0 0 0 0 
500 0 0 0 0 0 0 0 0 0 
600 0 0 0 0 0 0 0 0 0 
700 0 0 0 0 0 0 0 0 0 
800 0 0 0 0 0 0 0 0 0 
900 42 0 0 0 0 0 0 0 0 
1000 582 2 0 0 0 0 0 0 0 
1100 2036 1186 0 493 0 0 0 0 0 
1200 2164 1518 0 864 0 0 0 0 0 
1300 2687 2731 0 2413 2 0 0 0 0 
1400 3008 3232 0 2952 0 0 0 0 0 
1500 3008 3232 0 2952 2 0 0 0 0 
1600 3007 3231 0 2951 1 0 0 0 0 
1700 3007 3231 0 2951 1 0 0 0 0 
1800 3008 3233 0 2953 1 0 0 0 0 
1900 3007 3232 0 2952 1 0 0 0 0 
2000 3007 3232 0 2952 1 0 0 0 0 
2100 3007 3233 0 2953 0 0 0 0 0 
2200 3007 3233 0 2953 0 0 0 0 0 
2300 3005 3231 0 2951 0 0 0 0 0 
2400 3004 3232 0 2952 0 0 0 0 0 
2500 3004 3232 0 2952 0 0 0 0 0 
2600 3004 3232 0 2952 0 0 0 0 0 
2700 3005 3233 0 2953 0 0 0 0 0 
2800 3004 3232 0 2952 0 0 0 0 0 
2900 3005 3233 0 2952 0 0 0 0 0 
3000 3004 3232 0 2951 0 0 0 0 0 
3100 3004 3232 0 2951 0 0 0 0 0 
3200 3003 3232 0 2951 0 0 0 0 0 
3300 3003 3232 0 2951 0 0 0 0 0 
3400 3002 3231 0 2950 0 0 0 0 0 
3500 3002 3231 0 2950 0 0 0 0 0 
3600 3002 3232 0 2951 0 0 0 0 0 
3700 3002 3232 0 2951 0 0 0 0 0 
3800 3002 3232 0 2951 0 0 0 0 0 
3900 3002 3232 0 2951 0 0 0 0 0 
4000 3002 3232 0 2951 0 0 0 0 0 
4100 3002 3232 0 2951 0 0 0 0 0 
4200 3001 3231 0 2950 0 0 0 0 0 
4300 3001 3231 0 2950 0 0 0 0 0 
4400 2825 3655 0 3405 1 14 0 0 0 
