# Avida tasks data
# Sun Apr 16 04:25:28 2023
# First column gives the current update, next columns give the number
# of organisms that have the particular task as a component of their merit
#  1: Update
#  2: Not
#  3: Nand
#  4: And
#  5: OrNot
#  6: Or
#  7: AndNot
#  8: Nor
#  9: Xor
# 10: Equals

0 0 0 0 0 0 0 0 0 0 
100 0 0 0 0 0 0 0 0 0 
200 0 0 0 0 0 0 0 0 0 
300 0 0 0 0 0 0 0 0 0 
400 0 0 0 0 0 0 0 0 0 
500 0 0 0 0 0 0 0 0 0 
600 0 0 0 0 0 0 0 0 0 
700 4 0 0 0 0 0 0 0 0 
800 6 151 74 839 0 0 0 0 0 
900 1132 2806 2663 3181 12 28 0 0 0 
1000 3418 5037 4691 5367 11 48 0 0 0 
1100 5517 7041 6616 7385 18 74 0 0 0 
1200 7550 8973 8356 9298 29 95 0 0 0 
1300 9358 10521 9961 10925 22 72 0 0 0 
1400 10507 11470 10805 11939 23 99 0 0 0 
1500 11467 12155 11483 12613 39 130 0 0 0 
1600 12161 12553 11841 13060 37 127 0 0 0 
1700 12450 12761 11902 13244 42 145 0 0 0 
1800 12555 12759 11939 13240 37 158 2 0 0 
1900 12480 12817 12061 13301 33 178 5 0 0 
2000 12641 12792 11983 13280 35 246 4 0 0 
2100 12587 12860 12090 13299 31 404 2 0 0 
2200 12696 12850 12049 13289 31 540 5 0 0 
2300 12594 12836 12056 13286 83 704 1 0 0 
2400 12745 12914 12158 13313 383 1043 0 0 0 
2500 12767 12843 12167 13307 910 1318 2 0 0 
2600 12798 12867 12175 13356 1538 1824 0 0 0 
2700 12805 12828 12318 13331 2369 2345 3 0 0 
2800 12737 12785 12210 13279 3140 2799 0 0 0 
2900 12852 12806 12322 13344 3882 3372 0 0 0 
3000 12754 12767 12231 13375 4570 3973 0 0 0 
3100 12827 12689 12240 13317 5235 4627 0 0 0 
3200 12873 12704 12254 13311 5897 5226 0 0 0 
3300 12870 12669 12309 13350 6513 5809 0 0 0 
3400 12904 12740 12298 13339 7262 6306 0 1 0 
3500 12918 12652 12257 13348 7592 6947 0 0 0 
3600 12893 12619 12280 13324 8090 7590 0 0 0 
3700 12883 12712 12399 13403 8639 8189 0 0 0 
3800 12970 12638 12390 13376 9003 8578 0 0 0 
3900 12956 12640 12296 13377 9407 9161 0 0 0 
4000 12882 12515 12258 13328 9572 9637 1 1 0 
4100 12881 12535 12323 13309 9836 9946 0 0 0 
4200 12929 12529 12289 13271 10101 10299 0 0 0 
4300 12949 12613 12390 13327 10331 10539 2 0 0 
4400 12984 12602 12318 13276 10405 10718 1 0 0 
4500 13010 12549 12356 13313 10501 10715 0 0 0 
4600 13061 12578 12345 13313 10653 10894 1 0 0 
4700 13043 12588 12297 13294 10736 10922 0 0 0 
4800 12878 12547 12399 13361 10810 11033 2 0 0 
4900 12974 12561 12329 13330 10858 10898 2 0 0 
5000 12965 12559 12383 13318 10855 10991 0 0 0 
5100 12987 12564 12354 13365 10857 11007 0 0 0 
5200 13033 12636 12372 13396 10924 10970 0 0 0 
5300 12988 12585 12419 13357 11060 11080 0 2 0 
5400 12940 12638 12377 13359 11067 10992 0 0 0 
5500 12946 12657 12433 13426 11138 11081 0 0 0 
5600 12962 12645 12410 13413 11201 11206 0 1 0 
5700 12976 12608 12317 13357 11124 11054 0 2 0 
5800 12995 12531 12338 13338 11091 11121 0 2 0 
5900 12911 12625 12464 13407 11164 11147 0 5 0 
6000 12941 12663 12478 13399 11237 11194 2 10 0 
6100 13060 12573 12375 13356 11170 10971 0 0 0 
6200 13052 12681 12456 13397 11379 11135 0 0 0 
6300 12944 12657 12403 13418 11223 11152 1 1 0 
6400 13007 12691 12449 13363 11324 11120 0 0 0 
6500 12970 12755 12445 13372 11321 11189 0 1 0 
6600 13022 12673 12465 13425 11255 11123 0 0 0 
6700 12927 12686 12370 13371 11321 11175 0 0 0 
6800 13094 12819 12549 13464 11433 11184 4 1 0 
6900 12966 12751 12407 13407 11279 11050 3 1 0 
7000 12957 12731 12429 13418 11246 11133 0 0 0 
7100 13050 12752 12361 13420 11182 11122 0 0 0 
7200 12981 12702 12434 13484 11238 11129 1 41 0 
7300 13067 12564 12400 13486 11116 11223 2 196 0 
7400 13147 12431 12457 13470 11133 11293 1 355 0 
7500 13118 12120 12422 13405 10788 11268 2 600 0 
7600 13045 11857 12269 13347 10271 11046 5 862 0 
7700 13239 12254 12395 13415 10019 11241 5 1363 0 
7800 13215 12535 12411 13405 9146 11308 0 2195 0 
7900 13279 12484 12240 13389 7710 11348 0 3556 0 
8000 13277 12555 12315 13453 6438 11590 3 5007 0 
8100 13319 12438 12278 13450 5367 11753 0 6065 0 
8200 13327 12375 12245 13381 4239 11798 0 7245 1 
8300 13418 12325 12234 13386 3220 11962 0 8267 0 
8400 13386 12311 12133 13404 2286 11983 0 9195 0 
8500 13453 12382 12308 13404 1666 12143 0 9896 0 
8600 13483 12381 12288 13407 1130 12213 0 10447 0 
8700 13442 12243 12143 13388 758 12121 0 10744 0 
8800 13340 12254 12125 13392 474 12175 0 11024 0 
8900 13502 12184 12123 13346 274 12108 1 11189 0 
9000 13511 12310 12220 13357 153 12215 0 11385 0 
9100 13491 12262 12212 13410 114 12199 0 11389 0 
9200 13515 12258 12171 13376 104 12195 4 11413 0 
9300 13467 12223 12233 13385 122 12278 0 11517 0 
9400 13458 12140 12059 13346 102 12059 3 11307 0 
9500 13497 12278 12215 13399 99 12263 0 11497 0 
9600 13458 12154 12134 13328 97 12203 0 11470 0 
9700 13438 12279 12151 13289 107 12105 0 11405 0 
9800 13521 12249 12168 13346 113 12178 2 11438 0 
9900 13486 12179 12185 13348 108 12212 0 11449 0 
10000 13497 12296 12164 13330 100 12158 2 11359 0 
