# Avida tasks data
# Sun Apr 16 03:13:25 2023
# First column gives the current update, next columns give the number
# of organisms that have the particular task as a component of their merit
#  1: Update
#  2: Not
#  3: Nand
#  4: And
#  5: OrNot
#  6: Or
#  7: AndNot
#  8: Nor
#  9: Xor
# 10: Equals

0 0 0 0 0 0 0 0 0 0 
100 0 0 0 0 0 0 0 0 0 
200 0 0 0 0 0 0 0 0 0 
300 0 0 0 0 0 0 0 0 0 
400 0 0 0 0 0 0 0 0 0 
500 0 0 0 0 0 0 0 0 0 
600 1 0 0 0 0 0 0 0 0 
700 0 0 0 0 0 0 0 0 0 
800 1 7 0 0 0 0 0 0 0 
900 3 46 0 0 0 0 0 0 0 
1000 80 105 0 0 0 0 0 0 0 
1100 210 77 0 650 0 0 0 0 0 
1200 266 1545 2 2061 0 1 0 0 0 
1300 667 1937 1351 3941 239 49 0 0 0 
1400 491 939 1516 4149 2349 925 5 0 0 
1500 1564 698 1122 4033 4179 2296 38 0 0 
1600 3518 788 1029 4947 4922 4091 32 0 0 
1700 5155 792 997 6144 5745 5486 53 0 0 
1800 6609 584 935 7367 6981 6681 56 0 0 
1900 7827 601 778 8620 8123 7808 70 0 0 
2000 8840 707 516 9593 9166 8668 114 0 0 
2100 9743 715 267 10410 10080 9486 102 0 0 
2200 10168 697 160 10974 10681 10003 97 0 0 
2300 10613 810 153 11456 11086 10317 104 0 0 
2400 11018 777 600 12002 11598 10740 98 0 0 
2500 11168 1118 1864 12240 11801 10948 124 0 0 
2600 11109 2288 3306 12336 11845 10963 98 0 0 
2700 11348 3588 4790 12496 11782 10915 106 0 0 
2800 11378 4763 6150 12535 11869 11007 104 0 0 
2900 11453 5935 7428 12677 12011 11202 111 0 0 
3000 11632 7172 8763 12855 12069 11165 120 0 0 
3100 11860 8381 9796 13076 12168 11248 140 0 0 
3200 11808 9304 10591 13137 12229 11226 129 0 0 
3300 11883 10073 11346 13197 12318 11336 104 0 0 
3400 11932 10742 11874 13232 12343 11367 104 0 0 
3500 11780 11174 12149 13182 12232 11202 109 0 0 
3600 11977 11555 12404 13256 12302 11256 111 0 0 
3700 11866 11835 12498 13185 12253 11269 117 0 0 
3800 11821 12090 12656 13226 12263 11290 77 2 0 
3900 12037 12448 12788 13281 12234 11272 125 0 0 
4000 12084 12663 12916 13284 12254 11317 121 0 0 
4100 12015 12932 12945 13287 12231 11326 118 0 0 
4200 11991 12988 12979 13274 12284 11357 133 0 1 
4300 11882 13218 12947 13319 12291 11303 123 0 0 
4400 12063 13180 13036 13353 12300 11386 120 0 0 
4500 12134 13163 12995 13324 12286 11462 94 0 0 
4600 12002 13126 12925 13247 12252 11301 109 0 1 
4700 12038 13109 12901 13285 12352 11406 181 0 0 
4800 12105 13031 12950 13286 12254 11392 247 0 0 
4900 11965 12973 13052 13275 12308 11376 589 0 0 
5000 11859 12993 12872 13315 12187 11387 988 0 0 
5100 12131 12993 13052 13333 12339 11457 1582 0 1 
5200 12216 13133 12996 13428 12302 11408 2359 0 1 
5300 12274 13112 13037 13426 12387 11558 3330 1 5 
5400 12115 13017 13026 13346 12344 11387 4012 1 3 
5500 12271 13011 13027 13473 12378 11474 4942 2 1 
5600 12426 13075 13009 13427 12319 11442 5864 2 2 
5700 12445 12952 13041 13389 12279 11411 6894 0 3 
5800 12377 13042 12922 13420 12285 11400 7651 0 0 
5900 12401 13025 12971 13350 12346 11491 8337 0 1 
6000 12434 12942 12877 13396 12189 11350 8814 1 2 
6100 12484 12963 12998 13440 12284 11438 9476 1 3 
6200 12456 13006 12927 13412 12245 11371 9808 2 5 
6300 12446 13018 12989 13447 12311 11460 10265 2 3 
6400 12391 13007 12883 13385 12196 11317 10228 1 6 
6500 12465 13096 13026 13370 12392 11492 10578 3 3 
6600 12339 13104 12911 13393 12218 11361 10723 1 9 
6700 12376 13007 12902 13299 12190 11313 10742 4 5 
6800 12395 13059 12888 13426 12170 11379 10833 1 9 
6900 12494 13096 12940 13453 12262 11458 10966 3 1 
7000 12457 12950 13045 13395 12349 11513 10929 3 2 
7100 12504 13092 12987 13462 12339 11441 10870 0 0 
7200 12497 13054 12955 13379 12300 11434 10957 0 5 
7300 12527 13100 12967 13396 12288 11437 10833 2 5 
7400 12425 12968 12896 13319 12241 11391 10824 0 7 
7500 12501 13098 12912 13344 12292 11520 11009 3 3 
7600 12450 13094 12919 13361 12266 11463 10885 4 2 
7700 12515 13115 12934 13365 12250 11438 10894 0 9 
7800 12457 13117 12939 13357 12308 11410 10875 3 3 
7900 12550 13082 12980 13450 12290 11464 10907 0 4 
8000 12509 13106 12986 13392 12282 11456 10903 0 5 
8100 12439 13133 13057 13333 12412 11517 11005 1 4 
8200 12448 13059 13010 13353 12298 11487 10931 3 6 
8300 12539 13050 13035 13388 12381 11615 11033 0 5 
8400 12496 13112 12952 13442 12302 11504 11021 0 8 
8500 12597 13117 13008 13424 12367 11574 11044 1 2 
8600 12559 13083 13016 13442 12371 11562 11051 5 4 
8700 12568 13188 13048 13428 12414 11668 11113 3 4 
8800 12610 13229 13027 13493 12360 11664 11094 2 1 
8900 12611 13247 13063 13482 12462 11683 11230 0 2 
9000 12626 13119 13027 13406 12324 11594 11073 1 3 
9100 12648 13175 13074 13479 12431 11635 11136 1 2 
9200 12613 13208 13029 13421 12461 11647 11173 0 8 
9300 12586 13264 13114 13475 12525 11698 11169 6 7 
9400 12583 13214 13080 13405 12388 11584 11079 2 2 
9500 12598 13280 13104 13488 12381 11527 11118 4 7 
9600 12695 13170 13087 13449 12478 11677 11147 1 5 
9700 12559 13177 13045 13399 12369 11524 11031 1 8 
9800 12614 13235 13086 13478 12498 11633 11128 0 1 
9900 12557 13303 13087 13481 12473 11639 11077 5 5 
10000 12623 13206 13076 13428 12474 11689 11219 1 3 
