# Avida tasks data
# Sun Apr 16 06:40:06 2023
# First column gives the current update, next columns give the number
# of organisms that have the particular task as a component of their merit
#  1: Update
#  2: Not
#  3: Nand
#  4: And
#  5: OrNot
#  6: Or
#  7: AndNot
#  8: Nor
#  9: Xor
# 10: Equals

0 0 0 0 0 0 0 0 0 0 
100 0 0 0 0 0 0 0 0 0 
200 0 0 0 0 0 0 0 0 0 
300 0 0 0 0 0 0 0 0 0 
400 0 0 0 0 0 0 0 0 0 
500 0 0 0 0 0 0 0 0 0 
600 0 12 0 0 0 0 0 0 0 
700 654 1347 0 1224 0 7 0 0 0 
800 2248 3185 297 2995 1 13 0 0 0 
900 3286 4694 775 4483 0 13 0 0 0 
1000 4253 6077 1582 6031 5 17 0 0 0 
1100 5377 6886 2807 7035 21 494 0 0 0 
1200 6372 7309 3839 7458 27 1994 0 0 0 
1300 6975 7763 4816 7879 68 3038 0 0 0 
1400 7996 8325 6085 8527 135 4369 2 0 0 
1500 9784 9706 8043 10123 568 6438 0 0 0 
1600 10780 10331 9299 10932 1486 7808 9 2 0 
1700 11404 10706 9908 11534 2570 8747 11 1 0 
1800 11983 10932 10185 11842 3652 9240 7 0 0 
1900 12377 11271 10665 12284 4724 9870 12 8 0 
2000 12716 11372 10881 12436 5688 10368 4 5 0 
2100 13006 11566 11056 12771 6559 10674 8 1 0 
2200 13239 11852 11456 13023 7389 11037 6 7 0 
2300 13457 11898 11449 13112 8139 11081 3 9 0 
2400 13482 11957 11615 13230 8782 11220 7 3 0 
2500 13566 11828 11520 13203 9143 11127 8 11 0 
2600 13540 11956 11608 13163 9515 11149 2 11 0 
2700 13566 12072 11744 13185 10006 11236 1 8 0 
2800 13561 12070 11685 13253 10201 11222 2 10 0 
2900 13554 12056 11617 13290 10281 11235 2 15 0 
3000 13512 12074 11687 13225 10420 11235 0 7 0 
3100 13571 12184 11770 13196 10484 11337 2 12 0 
3200 13571 12068 11573 13210 10359 11185 0 14 0 
3300 13537 12369 11847 13355 10619 11450 3 7 0 
3400 13554 12246 11741 13295 10547 11330 2 9 0 
3500 13537 12353 11873 13373 10700 11421 1 14 0 
3600 13548 12412 11840 13407 10682 11412 0 12 0 
3700 13662 12310 11731 13358 10584 11268 0 9 0 
3800 13587 12421 11812 13379 10664 11414 3 20 0 
3900 13510 12354 11714 13275 10537 11320 1 21 0 
4000 13479 12330 11714 13258 10540 11268 1 20 0 
4100 13599 12366 11843 13233 10734 11451 0 8 0 
4200 13567 12379 11775 13316 10643 11390 0 18 0 
4300 13616 12470 11864 13361 10764 11482 0 8 0 
4400 13595 12392 11760 13309 10629 11427 3 17 0 
4500 13565 12380 11781 13305 10666 11381 11 13 0 
4600 13530 12294 11694 13236 10521 11296 43 10 0 
4700 13563 12362 11783 13244 10625 11360 134 18 0 
4800 13570 12429 11874 13316 10688 11419 156 15 0 
4900 13594 12374 11822 13284 10665 11385 236 16 0 
5000 13514 12356 11791 13302 10653 11347 372 28 0 
5100 13617 12478 11901 13370 10685 11467 552 28 4 
5200 13675 12430 11854 13321 10586 11340 663 60 49 
5300 13574 12404 11812 13357 10354 11109 652 262 231 
5400 13563 12429 11814 13299 10087 10755 675 544 502 
5500 13607 12511 11896 13382 9496 10263 653 1168 1078 
5600 13537 12608 11939 13340 9032 9770 495 1749 1590 
5700 13600 12702 11973 13449 8302 8930 350 2603 2435 
5800 13589 12626 11865 13317 7501 8036 222 3257 3029 
5900 13573 12668 11719 13300 6644 7215 153 3907 3591 
6000 13572 12802 11864 13320 5844 6333 89 4831 4465 
6100 13579 12830 11769 13228 5050 5513 73 5519 5152 
6200 13579 12905 11721 13256 4344 4790 75 6203 5831 
6300 13572 13037 11710 13301 3616 3989 118 7033 6524 
6400 13623 13158 11727 13373 2924 3240 90 7772 7260 
6500 13618 13229 11754 13349 2341 2584 102 8322 7707 
6600 13677 13270 11721 13333 1875 2108 97 8814 8174 
6700 13640 13381 11767 13360 1453 1608 107 9341 8657 
6800 13636 13327 11694 13244 1044 1222 90 9608 8850 
6900 13631 13402 11646 13300 670 851 95 9867 9144 
7000 13638 13417 11656 13371 400 558 89 10249 9521 
7100 13656 13426 11657 13276 251 352 113 10402 9598 
7200 13651 13488 11761 13391 220 300 139 10517 9751 
7300 13675 13423 11484 13319 158 288 110 10307 9477 
7400 13640 13435 11743 13327 133 249 103 10610 9805 
7500 13600 13439 11592 13293 158 241 126 10398 9668 
7600 13594 13482 11575 13329 124 250 103 10391 9731 
7700 13616 13455 11716 13257 132 241 109 10478 9726 
7800 13606 13495 11724 13349 136 195 118 10654 9890 
7900 13609 13485 11802 13328 124 226 96 10657 9983 
8000 13618 13417 11732 13253 136 238 107 10648 9825 
8100 13665 13517 11746 13362 130 223 102 10547 9815 
8200 13666 13494 11652 13348 146 245 103 10554 9772 
8300 13627 13374 11585 13239 135 228 107 10445 9721 
8400 13574 13457 11608 13308 138 269 101 10376 9646 
8500 13697 13472 11695 13304 141 430 126 10510 9670 
8600 13719 13528 11768 13326 124 696 101 10648 9919 
8700 13707 13424 11686 13225 117 1272 107 10484 9718 
8800 13654 13461 11645 13283 109 1808 83 10473 9712 
8900 13709 13437 11711 13322 138 2394 97 10600 9821 
9000 13656 13424 11710 13282 138 2960 91 10556 9890 
9100 13615 13443 11651 13262 132 3790 96 10421 9663 
9200 13662 13467 11612 13273 152 4527 111 10300 9610 
9300 13593 13424 11653 13224 155 5194 106 10395 9630 
9400 13588 13438 11707 13278 116 5964 72 10570 9713 
9500 13578 13412 11724 13294 135 6768 94 10509 9782 
9600 13568 13348 11637 13202 133 7426 88 10396 9619 
9700 13644 13469 11744 13329 141 8131 103 10510 9715 
9800 13637 13378 11653 13279 141 8525 101 10439 9701 
9900 13591 13410 11637 13281 161 8875 109 10496 9712 
10000 13597 13448 11656 13280 136 9129 94 10421 9649 
