# Avida tasks data
# Sun Apr 16 04:41:37 2023
# First column gives the current update, next columns give the number
# of organisms that have the particular task as a component of their merit
#  1: Update
#  2: Not
#  3: Nand
#  4: And
#  5: OrNot
#  6: Or
#  7: AndNot
#  8: Nor
#  9: Xor
# 10: Equals

0 0 0 0 0 0 0 0 0 0 
100 0 0 0 0 0 0 0 0 0 
200 0 0 0 0 0 0 0 0 0 
300 0 0 0 0 0 0 0 0 0 
400 0 0 0 0 0 0 0 0 0 
500 0 0 0 0 0 0 0 0 0 
600 10 9 0 7 0 0 0 0 0 
700 89 204 0 376 0 0 0 0 0 
800 1879 1960 0 1962 0 0 0 0 0 
900 4191 4255 276 4273 4 5 0 0 0 
1000 5539 5805 144 5815 2036 1989 20 0 0 
1100 7369 7850 64 7841 4644 4487 84 0 0 
1200 8925 9517 107 9433 6876 6642 96 0 0 
1300 10039 10658 123 10556 8500 8247 76 0 0 
1400 10866 11593 162 11449 9724 9422 96 0 0 
1500 11469 12314 174 12142 10753 10380 113 0 0 
1600 11992 12755 208 12539 11524 11164 119 0 0 
1700 12326 13042 206 12945 12127 11766 119 0 0 
1800 12584 13283 205 13141 12444 12026 116 0 0 
1900 12709 13519 208 13391 12580 12164 153 0 0 
2000 12659 13423 194 13339 12590 12161 121 0 0 
2100 12673 13447 209 13368 12570 12195 135 0 0 
2200 12792 13518 228 13457 12607 12176 108 0 0 
2300 12841 13482 195 13418 12655 12259 152 0 0 
2400 12843 13531 234 13410 12634 12233 148 0 0 
2500 12768 13495 172 13421 12671 12285 129 0 0 
2600 12709 13432 501 13411 12587 12177 155 0 0 
2700 12801 13428 1974 13383 12662 12272 149 2 0 
2800 12803 13517 3348 13378 12599 12288 146 0 0 
2900 12848 13546 4741 13409 12701 12331 119 0 0 
3000 12828 13521 6050 13445 12740 12378 120 0 0 
3100 12900 13510 7243 13452 12735 12416 114 0 0 
3200 12957 13525 8254 13411 12722 12437 132 0 0 
3300 12984 13621 9346 13535 12846 12552 117 0 0 
3400 13034 13613 9930 13467 12846 12540 111 0 0 
3500 13014 13660 10433 13532 12813 12616 125 0 0 
3600 12929 13633 10855 13541 12756 12497 118 0 0 
3700 13017 13669 11083 13533 12844 12604 109 0 0 
3800 13037 13690 11266 13486 12859 12567 115 0 0 
3900 13004 13608 11275 13558 12828 12498 116 0 0 
4000 13087 13645 11372 13544 12869 12575 131 0 0 
4100 13039 13697 11480 13579 12823 12592 121 0 0 
4200 13064 13630 11542 13517 12908 12622 135 0 0 
4300 12970 13632 11422 13510 12751 12514 101 0 0 
4400 13004 13608 11401 13527 12834 12545 101 0 0 
4500 13036 13591 11338 13453 12828 12529 117 0 0 
4600 12981 13602 11437 13484 12841 12575 98 0 0 
4700 13070 13587 11438 13443 12863 12617 97 0 0 
4800 13102 13565 11363 13442 12909 12568 101 0 0 
4900 13008 13530 11367 13456 12832 12532 107 0 0 
5000 12991 13601 11305 13483 12756 12465 105 0 0 
5100 13089 13621 11494 13511 12851 12557 125 0 0 
5200 13057 13589 11454 13467 12840 12552 119 0 0 
5300 13113 13563 11457 13452 12952 12636 105 0 0 
5400 13047 13678 11454 13527 12840 12586 131 0 0 
5500 13033 13648 11462 13578 12875 12658 117 0 0 
5600 13095 13607 11426 13459 12850 12525 126 0 0 
5700 13117 13608 11465 13465 12905 12630 106 0 0 
5800 13177 13601 11574 13500 12951 12731 107 0 0 
5900 13127 13608 11432 13481 12835 12511 93 0 0 
6000 13061 13676 11451 13504 12862 12654 116 0 0 
6100 13066 13632 11577 13554 12910 12661 101 0 0 
6200 13131 13594 11422 13461 12880 12631 111 0 0 
6300 13087 13620 11430 13476 12895 12601 116 0 0 
6400 13152 13597 11571 13478 12915 12623 124 0 0 
6500 13131 13627 11456 13493 12890 12585 112 0 0 
6600 13067 13580 11442 13512 12825 12561 103 0 0 
6700 13122 13661 11493 13496 12870 12608 140 0 0 
6800 13101 13632 11402 13423 12815 12598 113 0 0 
6900 13098 13632 11471 13537 12853 12576 97 0 0 
7000 13106 13652 11511 13539 12820 12595 109 0 0 
7100 13184 13653 11526 13533 12930 12658 118 0 0 
7200 13062 13604 11444 13472 12798 12589 123 0 0 
7300 13160 13599 11475 13470 12870 12599 129 0 0 
7400 13191 13617 11485 13495 12927 12692 115 0 0 
7500 13132 13660 11489 13562 12925 12681 104 0 0 
7600 13112 13654 11434 13480 12862 12593 104 0 0 
7700 13155 13622 11445 13516 12893 12616 120 0 0 
7800 13121 13607 11561 13524 12935 12633 118 0 0 
7900 13157 13623 11553 13487 12849 12600 131 0 0 
8000 13217 13563 11443 13465 12948 12635 81 0 0 
8100 13175 13597 11476 13492 12888 12610 108 0 0 
8200 13069 13593 11449 13423 12768 12522 111 0 0 
8300 13153 13647 11463 13519 12925 12629 105 0 0 
8400 13169 13596 11565 13487 12949 12653 113 0 0 
8500 13141 13620 11461 13525 12865 12614 123 0 0 
8600 13214 13595 11600 13511 12936 12671 113 0 0 
8700 13149 13616 11427 13539 12963 12622 131 0 0 
8800 13152 13655 11485 13534 12909 12623 121 0 0 
8900 13179 13704 11521 13541 12955 12661 136 0 0 
9000 13081 13591 11501 13460 12818 12613 124 0 0 
9100 13172 13655 11630 13597 12874 12695 121 0 0 
9200 13187 13613 11576 13543 13009 12698 111 0 0 
9300 13201 13698 11635 13575 13037 12776 107 0 0 
9400 13255 13621 11598 13525 13045 12761 108 0 0 
9500 13174 13628 11510 13478 12946 12664 97 0 0 
9600 13224 13708 11628 13526 12962 12773 109 0 0 
9700 13175 13633 11628 13483 12947 12720 117 9 0 
9800 13219 13651 11673 13545 13002 12754 116 55 0 
9900 13220 13625 11544 13538 12959 12658 137 162 0 
10000 13202 13666 11639 13559 12998 12714 122 315 0 
