# Avida tasks data
# Sun Apr 16 01:31:39 2023
# First column gives the current update, next columns give the number
# of organisms that have the particular task as a component of their merit
#  1: Update
#  2: Not
#  3: Nand
#  4: And
#  5: OrNot
#  6: Or
#  7: AndNot
#  8: Nor
#  9: Xor
# 10: Equals

0 0 0 0 0 0 0 0 0 0 
100 0 0 0 0 0 0 0 0 0 
200 0 0 0 0 0 0 0 0 0 
300 0 0 0 0 0 0 0 0 0 
400 0 0 0 0 0 0 0 0 0 
500 13 0 0 0 0 0 0 0 0 
600 64 0 0 0 0 0 0 0 0 
700 406 14 0 33 0 0 0 0 0 
800 1273 262 2 584 7 0 0 0 0 
900 2470 582 0 1614 1010 15 305 0 0 
1000 4649 596 23 2654 3165 32 2379 0 0 
1100 7398 696 30 2922 6010 50 4890 0 0 
1200 8773 800 554 3224 7544 95 6186 0 0 
1300 9415 637 1640 3649 8353 203 6896 0 0 
1400 9644 660 2029 3755 8976 674 7384 0 0 
1500 9828 586 1832 3502 9352 987 7835 0 0 
1600 9538 571 1713 3798 9526 978 8016 0 0 
1700 8676 600 1681 5100 9614 1857 8354 0 0 
1800 8054 626 1697 5765 9752 2242 8511 0 0 
1900 7896 649 1682 6000 9908 1742 8717 0 0 
2000 7877 632 1679 6107 10118 1425 8878 0 0 
2100 7707 641 1630 6578 10484 1368 9178 0 0 
2200 7744 635 1631 6545 10506 1377 9205 0 0 
2300 7711 655 1630 6563 10467 1378 9203 0 0 
2400 7596 647 1629 6592 10504 1372 9244 0 0 
2500 8666 664 1624 6743 10549 1374 9308 1 0 
2600 8385 655 1618 6897 10617 1911 9398 4 0 
2700 8182 656 1620 6897 10655 2477 9433 5 0 
2800 8023 643 1615 6900 10654 2859 9450 4 2 
2900 8026 660 1629 7051 11119 3316 9887 8 1 
3000 8371 671 1363 7572 11228 3843 10068 14 1 
