# Avida tasks data
# Sun Apr 16 05:48:35 2023
# First column gives the current update, next columns give the number
# of organisms that have the particular task as a component of their merit
#  1: Update
#  2: Not
#  3: Nand
#  4: And
#  5: OrNot
#  6: Or
#  7: AndNot
#  8: Nor
#  9: Xor
# 10: Equals

0 0 0 0 0 0 0 0 0 0 
100 0 0 0 0 0 0 0 0 0 
200 0 0 0 0 0 0 0 0 0 
300 0 0 0 0 0 0 0 0 0 
400 0 0 0 0 0 0 0 0 0 
500 3 0 0 0 0 0 0 0 0 
600 395 0 0 0 0 0 0 0 0 
700 1214 0 0 0 0 0 0 0 0 
800 2163 0 0 0 0 0 0 0 0 
900 3414 342 0 0 0 0 0 0 0 
1000 4172 2088 2 9 0 361 0 0 0 
1100 4952 3452 35 99 1 2130 622 0 0 
1200 5733 4655 40 184 0 3798 1906 0 0 
1300 6646 5940 37 204 1 4981 2897 0 0 
1400 8066 7642 66 227 6 6497 4081 0 0 
1500 9704 9689 142 217 8 8246 5724 0 0 
1600 11269 11612 146 232 7 9935 7460 0 0 
1700 12419 13076 161 247 7 11285 9205 0 0 
1800 13023 13665 169 289 14 11770 10053 0 0 
1900 13021 13704 177 407 233 11876 10243 0 0 
2000 12989 13729 183 545 924 11845 9794 0 0 
2100 12999 13731 133 772 1837 11771 9089 0 0 
2200 13046 13730 163 1031 2788 11783 8294 0 0 
2300 13114 13768 134 1330 3949 11824 7272 0 0 
2400 13055 13743 120 2089 4912 11938 6512 0 0 
2500 13074 13679 357 3169 5894 11859 5478 0 0 
2600 13025 13716 959 3891 6998 11811 4453 0 0 
2700 13186 13652 1740 4635 8125 11866 3357 0 0 
2800 13197 13671 2616 5550 9119 12000 2552 0 0 
2900 13165 13598 3298 6341 9688 11913 1910 0 0 
3000 13199 13627 4254 7224 10270 11933 1408 0 0 
3100 13163 13576 5386 8271 10765 11902 897 0 0 
3200 13140 13544 6243 9108 10956 11899 593 0 0 
3300 13170 13511 7025 9834 11227 11926 338 0 0 
3400 13207 13461 8064 10781 11517 11968 151 0 0 
3500 13213 13472 9004 11493 11547 11918 62 0 0 
3600 13133 13521 9627 11962 11775 12080 39 0 0 
3700 13189 13462 10077 12267 11767 12138 24 0 0 
3800 13193 13444 10450 12426 11711 12090 18 0 0 
3900 13191 13540 10838 12734 11677 12056 22 0 0 
4000 13280 13457 11284 12836 11772 12041 8 0 0 
4100 13136 13447 11654 13074 11655 11931 20 0 0 
4200 13232 13463 11851 13228 11813 12144 19 0 0 
4300 13160 13488 12160 13309 11781 12120 18 0 0 
4400 13179 13402 12209 13199 11809 12055 22 0 0 
4500 13241 13414 12186 13208 11770 12037 13 0 0 
4600 13213 13375 12195 13291 11777 12081 16 0 0 
4700 13167 13440 12323 13331 11796 12016 25 0 2 
4800 13113 13440 12334 13266 11814 11960 58 0 33 
4900 13066 13467 12352 13288 11881 12118 192 0 106 
5000 12960 13480 12236 13393 11940 12123 691 0 190 
5100 12948 13518 12122 13416 12001 12163 1569 0 306 
5200 12729 13413 11916 13283 11975 12020 2405 0 403 
5300 12617 13473 11820 13336 12068 11991 3398 2 548 
5400 12542 13486 11638 13304 12072 11965 4484 0 752 
5500 12613 13473 10653 13323 12087 11894 5224 0 1615 
5600 12875 13509 9539 13380 12084 11826 5707 0 2675 
5700 13061 13415 8423 13293 12119 11874 5907 1 3549 
5800 13274 13525 7451 13333 12165 11912 5764 0 4585 
5900 13260 13437 6402 13350 11920 11793 5178 3 5419 
6000 13334 13556 5504 13410 11939 11848 4603 6 6268 
6100 13420 13527 4721 13420 11829 11752 4040 5 7016 
6200 13371 13493 4300 13391 11838 11799 3681 2 7404 
6300 13483 13470 3323 13374 11733 11702 2868 4 8259 
6400 13445 13472 2566 13380 11644 11731 2299 4 8853 
6500 13426 13481 2238 13461 11576 11642 2001 3 9174 
6600 13400 13549 1893 13528 11661 11750 1653 4 9495 
6700 13464 13534 1624 13434 11609 11720 1382 4 9870 
6800 13485 13519 1578 13471 11702 11759 1356 6 9888 
6900 13424 13535 1506 13484 11776 11830 1320 5 9862 
7000 13467 13475 1168 13475 11502 11693 987 7 10144 
7100 13437 13439 852 13370 11567 11754 691 22 10461 
7200 13443 13469 588 13418 11519 11716 416 53 10689 
7300 13483 13513 344 13522 11514 11807 223 141 10983 
7400 13389 13507 245 13480 11598 11850 119 395 10993 
7500 13422 13491 167 13474 11557 11753 37 1013 11088 
7600 13456 13480 172 13444 11507 11719 25 1268 11101 
7700 13442 13544 149 13491 11459 11657 7 2032 11175 
7800 13435 13448 116 13438 11482 11778 11 2812 11013 
7900 13490 13458 108 13454 11393 11618 8 3675 10978 
8000 13452 13469 106 13461 11426 11660 13 4006 11016 
8100 13398 13432 116 13470 11362 11623 15 4873 11007 
8200 13443 13493 102 13475 11395 11650 8 5874 11083 
8300 13410 13455 108 13470 11401 11647 11 6909 11096 
8400 13411 13449 108 13462 11395 11641 11 6903 11089 
8500 13376 13446 130 13490 11272 11524 8 7196 11047 
8600 13389 13445 134 13504 11282 11564 7 7202 11071 
8700 13390 13444 134 13505 11283 11564 7 7201 11075 
8800 13390 13443 134 13504 11282 11563 7 7200 11074 
8900 13390 13443 134 13504 11281 11562 7 7200 11074 
9000 13390 13443 134 13504 11279 11562 7 7200 11073 
9100 13418 13498 116 13507 11319 11543 13 7465 11092 
9200 13439 13489 106 13429 11301 11573 9 7829 11152 
9300 13442 13464 111 13415 11387 11590 10 7752 11273 
9400 13465 13479 111 13420 11331 11579 8 6993 11402 
9500 13398 13391 94 13345 11243 11500 7 6546 11381 
9600 13415 13449 98 13394 11218 11472 8 6468 11460 
9700 13387 13403 114 13360 11227 11502 3 6014 11615 
9800 13452 13399 100 13315 11340 11648 9 5728 11612 
9900 13453 13375 100 13288 11330 11674 2 5494 11660 
10000 13454 13354 110 13267 11389 11689 4 5444 11662 
