# Avida tasks data
# Sun Apr 16 01:34:12 2023
# First column gives the current update, next columns give the number
# of organisms that have the particular task as a component of their merit
#  1: Update
#  2: Not
#  3: Nand
#  4: And
#  5: OrNot
#  6: Or
#  7: AndNot
#  8: Nor
#  9: Xor
# 10: Equals

0 0 0 0 0 0 0 0 0 0 
100 0 0 0 0 0 0 0 0 0 
200 0 0 0 0 0 0 0 0 0 
300 0 0 0 0 0 0 0 0 0 
400 0 0 0 0 0 0 0 0 0 
500 2 0 0 0 0 0 0 0 0 
600 0 0 0 0 0 0 0 0 0 
700 15 0 0 0 0 0 0 0 0 
800 30 0 0 0 0 0 0 0 0 
900 72 0 0 0 0 0 0 0 0 
1000 201 15 0 0 0 0 0 0 0 
1100 458 28 0 32 0 0 0 0 0 
1200 815 52 0 235 0 0 0 0 0 
1300 1279 354 0 675 0 0 0 0 0 
1400 1765 2045 0 1274 34 1210 1452 0 0 
1500 2348 1158 4 3099 1946 2459 2390 0 1 
1600 3410 818 1 4358 3317 3583 3348 0 1 
1700 4429 683 0 5429 4458 4531 4271 0 3 
1800 5312 595 3 6478 5458 5526 5103 0 0 
1900 6222 522 7 7493 6495 6479 6015 0 5 
2000 7154 443 1 8492 7527 7437 6951 0 0 
2100 7894 453 7 9181 8242 8137 7571 0 0 
2200 8349 434 6 9648 8731 8631 8086 0 6 
2300 8863 375 8 10208 9258 9190 8595 0 10 
2400 9361 309 4 10665 9774 9594 8956 0 3 
2500 9906 338 4 10822 9943 9830 9195 0 10 
2600 10407 378 4 11256 10261 10257 9551 0 6 
2700 10770 410 7 11549 10597 10434 9774 0 8 
2800 11298 538 7 11766 10834 10656 10017 0 4 
2900 11571 737 4 11937 11039 10863 10280 0 1 
3000 12005 900 5 12138 11232 11076 10371 0 3 
3100 12183 1246 7 12328 11321 11166 10513 0 3 
3200 12509 1437 8 12401 11469 11322 10575 0 2 
3300 12545 1752 14 12440 11526 11348 10685 0 4 
3400 12515 2001 9 12443 11560 11352 10680 0 0 
3500 12527 2450 11 12537 11600 11424 10820 0 2 
3600 12632 2879 59 12492 11598 11378 10696 0 2 
3700 12582 3297 55 12486 11632 11475 10826 0 0 
3800 12654 3696 54 12545 11682 11531 10827 0 1 
3900 12620 4092 75 12625 11809 11591 11028 0 1 
4000 12583 4554 121 12593 11708 11519 10925 0 6 
4100 12689 5019 124 12609 11709 11503 10960 0 7 
4200 12423 5573 193 12574 11601 11487 10966 0 4 
4300 12414 6076 278 12565 11635 11467 10958 0 4 
4400 12393 6569 347 12598 11710 11554 11086 0 3 
4500 12408 7109 432 12546 11580 11336 10852 0 9 
4600 12236 7647 485 12623 11652 11530 11011 0 4 
4700 12264 8146 511 12650 11666 11552 11080 0 0 
4800 12254 8537 658 12655 11794 11523 11132 0 4 
4900 12314 8844 871 12649 11746 11555 11113 0 3 
5000 12396 9378 1029 12667 11824 11629 11232 0 2 
5100 12393 9714 1162 12645 11677 11593 11123 0 1 
5200 12526 10022 1408 12697 11689 11525 11099 0 9 
5300 12442 10308 1732 12618 11700 11557 11166 0 3 
5400 12504 10747 2185 12578 11694 11519 11104 0 1 
5500 12634 11066 2815 12665 11762 11562 11155 0 7 
5600 12580 11361 3524 12661 11818 11663 11179 0 5 
5700 12673 11633 4472 12677 11814 11654 11147 0 3 
5800 12719 11752 5324 12720 11819 11705 11127 0 4 
5900 12676 11871 6237 12701 11929 11694 11188 0 2 
6000 12668 12032 7135 12593 11857 11630 11099 0 6 
6100 12712 11945 8189 12716 11942 11766 11133 0 2 
6200 12619 12004 9082 12632 11859 11670 11034 0 5 
6300 12600 12123 9838 12709 11814 11744 11046 0 2 
6400 12719 12268 10492 12709 11967 11702 11044 0 6 
6500 12547 12305 10964 12632 11911 11617 10975 0 2 
6600 12590 12539 11450 12720 11989 11795 11120 0 1 
6700 12421 12500 11768 12596 11839 11606 10912 0 3 
6800 12532 12554 12022 12681 11912 11745 11024 0 3 
6900 12458 12529 12135 12673 11916 11671 10990 0 6 
7000 12457 12442 12180 12670 11949 11705 10963 0 5 
7100 12451 12610 12436 12753 11952 11713 10964 0 5 
7200 12487 12645 12445 12714 12066 11776 11134 0 2 
7300 12428 12478 12469 12665 11955 11656 11075 0 5 
7400 12462 12405 12369 12647 11850 11672 11003 0 5 
7500 12551 12590 12416 12715 11973 11794 11117 0 5 
7600 12529 12631 12498 12740 11997 11766 11098 0 2 
7700 12540 12434 12309 12684 11964 11694 11036 0 1 
7800 12508 12402 12260 12650 11932 11722 11086 0 4 
7900 12487 12617 12430 12741 11932 11766 11047 0 2 
8000 12556 12625 12406 12716 11920 11827 11059 0 2 
8100 12587 12531 12373 12687 11933 11749 11094 0 2 
8200 12654 12585 12477 12712 11971 11845 11137 0 0 
8300 12561 12584 12353 12736 11903 11725 11044 0 3 
8400 12606 12596 12451 12732 11979 11789 11148 0 5 
8500 12641 12533 12451 12753 11953 11811 11165 0 4 
8600 12622 12653 12546 12769 12044 11800 11187 0 4 
8700 12599 12640 12486 12747 11988 11817 11194 0 9 
8800 12618 12528 12419 12744 12004 11841 11160 0 7 
8900 12628 12622 12442 12772 11915 11827 11160 0 0 
9000 12561 12572 12404 12762 12008 11887 11182 0 2 
9100 12584 12646 12468 12788 12066 11813 11253 0 6 
9200 12610 12682 12507 12822 11959 11831 11180 0 3 
9300 12632 12651 12476 12760 11995 11816 11185 0 0 
9400 12582 12624 12423 12731 11974 11780 11171 0 7 
9500 12678 12577 12373 12808 11985 11837 11181 0 1 
9600 12569 12635 12483 12747 11925 11792 11192 0 1 
9700 12621 12526 12426 12728 11906 11775 11160 0 4 
9800 12612 12598 12426 12810 12016 11794 11272 0 5 
9900 12562 12626 12416 12735 11947 11766 11167 0 2 
10000 12645 12598 12491 12722 11911 11786 11113 0 7 
