# Avida tasks data
# Sun Apr 16 07:51:04 2023
# First column gives the current update, next columns give the number
# of organisms that have the particular task as a component of their merit
#  1: Update
#  2: Not
#  3: Nand
#  4: And
#  5: OrNot
#  6: Or
#  7: AndNot
#  8: Nor
#  9: Xor
# 10: Equals

0 0 0 0 0 0 0 0 0 0 
100 0 0 0 0 0 0 0 0 0 
200 0 0 0 0 0 0 0 0 0 
300 0 0 0 0 0 0 0 0 0 
400 451 0 0 0 0 0 0 0 0 
500 1309 171 3 0 0 0 0 0 0 
600 2382 1667 20 0 0 0 0 0 0 
700 3566 3272 32 8 0 12 0 0 0 
800 5639 5853 63 1392 0 61 0 0 0 
900 8051 8698 94 4225 0 79 2 0 0 
1000 9959 10965 102 6941 0 105 0 0 0 
1100 11137 12370 136 8866 1 102 0 0 0 
1200 11359 12877 169 9893 3 92 2 0 0 
1300 11544 13198 186 10661 0 53 0 0 0 
1400 11727 13390 249 11213 0 52 0 0 0 
1500 11602 13395 297 11636 1 37 0 0 0 
1600 11791 13379 920 12232 1 54 0 0 0 
1700 11771 13445 2417 12886 2 91 0 0 0 
1800 11908 13415 4203 13152 1 304 0 0 0 
1900 11982 13360 5741 13183 13 770 2 0 0 
2000 11983 13366 7013 13142 63 1272 6 0 0 
2100 12036 13418 7996 13099 144 1764 0 0 0 
2200 12151 13443 8914 13168 314 2296 0 0 0 
2300 12341 13427 9692 13180 479 3004 1 0 0 
2400 12416 13469 10300 13234 802 3647 2 24 0 
2500 12494 13459 11077 13227 1286 4519 0 74 0 
2600 12447 13436 11450 13186 1956 5207 2 177 0 
2700 12487 13547 11671 13239 2106 5695 8 239 1412 
2800 12612 13502 11675 13253 1775 5987 43 238 2816 
2900 12630 13538 11669 13313 1642 5858 51 202 4321 
3000 12798 13567 11619 13337 1644 6224 72 196 5520 
3100 12838 13573 11614 13395 1656 6562 82 186 6311 
3200 13001 13578 11666 13371 1730 6907 92 184 6980 
3300 13026 13577 11731 13408 1826 7324 94 163 7584 
3400 13059 13577 11956 13379 1777 7716 111 142 7986 
3500 13175 13604 11987 13436 1742 8149 94 130 8418 
3600 13214 13644 12013 13465 1721 8561 93 112 8906 
3700 13374 13632 12167 13481 1633 9183 115 98 9288 
3800 13389 13641 12120 13523 1562 9775 127 85 9540 
3900 13421 13597 12140 13524 1530 10417 95 82 9831 
4000 13456 13620 12210 13566 1462 10920 103 69 10178 
4100 13483 13684 12166 13558 1636 11209 132 36 10419 
4200 13524 13701 12261 13551 1985 11497 136 7 10477 
4300 13461 13764 12304 13625 2154 11713 118 0 10773 
4400 13462 13688 12290 13560 2690 11813 136 0 10665 
4500 13463 13683 12385 13586 3324 11944 107 1 10703 
4600 13529 13700 12377 13597 3664 12000 122 0 10776 
4700 13564 13676 12398 13585 3103 11980 123 0 10764 
4800 13573 13679 12408 13602 2549 12019 122 2 10795 
4900 13557 13657 12355 13589 2067 11932 110 1 10806 
5000 13568 13668 12429 13588 1637 12093 122 2 10889 
5100 13574 13665 12434 13585 1493 12068 116 1 10918 
5200 13549 13641 12421 13583 1489 12081 123 1 10930 
5300 13555 13673 12431 13593 1486 12111 134 2 10917 
