# Avida tasks data
# Sun Apr 16 03:28:41 2023
# First column gives the current update, next columns give the number
# of organisms that have the particular task as a component of their merit
#  1: Update
#  2: Not
#  3: Nand
#  4: And
#  5: OrNot
#  6: Or
#  7: AndNot
#  8: Nor
#  9: Xor
# 10: Equals

0 0 0 0 0 0 0 0 0 0 
100 0 0 0 0 0 0 0 0 0 
200 0 0 0 0 0 0 0 0 0 
300 0 0 0 0 0 0 0 0 0 
400 0 0 0 0 0 0 0 0 0 
500 0 2 0 0 0 0 0 0 0 
600 0 21 0 0 0 0 0 0 0 
700 6 64 0 41 0 0 0 0 0 
800 195 252 0 964 705 0 0 0 0 
900 177 160 0 1705 1547 0 0 0 0 
1000 176 162 0 1777 1634 0 0 0 0 
1100 222 114 0 2284 2175 5 0 0 0 
1200 273 136 0 3145 2977 117 0 0 0 
1300 345 176 0 3914 3780 124 0 0 0 
1400 358 182 0 4065 3978 124 0 0 0 
1500 375 185 0 4484 4436 126 2 0 0 
1600 391 213 0 5021 4977 121 2 0 0 
1700 471 208 0 5465 5486 123 1 0 0 
1800 551 230 1 6540 6562 130 2 0 0 
1900 591 220 1 7213 7218 125 1 0 0 
2000 625 212 1 7554 7588 141 1 0 0 
2100 654 205 0 7694 7715 148 0 0 0 
2200 659 218 3 7797 7772 148 3 0 0 
2300 673 217 0 7913 7859 150 1 0 0 
2400 745 216 0 8107 8056 151 0 0 0 
2500 831 161 0 8639 8626 217 2 0 0 
2600 859 171 0 9055 9060 317 0 0 0 
2700 877 169 0 9267 9282 311 0 0 0 
2800 895 169 0 9626 9670 285 2 0 0 
2900 884 171 0 9525 9666 267 3 0 0 
3000 786 160 0 8550 9663 236 2 0 0 
