# Avida tasks data
# Sun Apr 16 02:52:50 2023
# First column gives the current update, next columns give the number
# of organisms that have the particular task as a component of their merit
#  1: Update
#  2: Not
#  3: Nand
#  4: And
#  5: OrNot
#  6: Or
#  7: AndNot
#  8: Nor
#  9: Xor
# 10: Equals

0 0 0 0 0 0 0 0 0 0 
100 0 0 0 0 0 0 0 0 0 
200 0 0 0 0 0 0 0 0 0 
300 0 0 0 0 0 0 0 0 0 
400 0 0 0 0 0 0 0 0 0 
500 0 2 0 0 0 0 0 0 0 
600 0 2 0 0 0 0 0 0 0 
700 0 12 0 0 0 0 0 0 0 
800 4 21 0 3 0 0 0 0 0 
900 47 387 0 263 0 0 0 0 0 
1000 319 1548 0 1409 972 0 0 0 0 
1100 786 415 0 2124 2211 7 0 0 0 
1200 1087 306 1 2374 2532 53 0 0 0 
1300 1255 301 1 2382 2549 61 0 0 0 
1400 1255 301 1 2382 2549 61 0 0 0 
1500 1255 300 1 2381 2549 61 0 0 0 
1600 1255 300 1 2381 2549 61 0 0 0 
1700 1254 300 1 2381 2548 61 0 0 0 
1800 1255 300 1 2381 2549 61 0 0 0 
1900 1254 300 1 2381 2548 61 0 0 0 
2000 1254 300 1 2381 2548 61 0 0 0 
2100 1255 300 1 2381 2549 61 0 0 0 
2200 1255 300 1 2381 2549 61 0 0 0 
2300 1254 300 1 2381 2548 61 0 0 0 
2400 1255 300 1 2381 2549 61 0 0 0 
2500 1254 300 1 2381 2548 61 0 0 0 
2600 1255 300 1 2381 2549 61 0 0 0 
2700 1255 300 1 2381 2549 61 0 0 0 
2800 1255 300 1 2381 2549 61 0 0 0 
2900 1254 300 1 2381 2548 61 0 0 0 
3000 1254 300 1 2381 2548 61 0 0 0 
3100 1256 300 1 2381 2547 61 0 0 0 
3200 1255 300 1 2381 2546 61 0 0 0 
3300 1334 288 1 2446 2586 71 2 0 0 
3400 1376 300 1 2487 2602 80 1 0 0 
3500 1376 300 1 2487 2602 80 1 0 0 
3600 1376 300 1 2487 2602 80 1 0 0 
3700 1376 302 1 2487 2602 80 1 0 0 
3800 1374 301 1 2488 2603 80 1 0 0 
3900 1374 301 1 2487 2602 80 1 0 0 
4000 1374 301 1 2488 2603 80 1 0 0 
4100 1374 301 1 2487 2602 80 1 0 0 
4200 1374 301 1 2487 2602 80 1 0 0 
4300 1374 301 1 2488 2603 80 1 0 0 
4400 1374 301 1 2487 2602 80 1 0 0 
4500 1374 301 1 2488 2603 80 1 0 0 
4600 1374 301 1 2487 2602 80 1 0 0 
4700 1374 301 1 2487 2602 80 1 0 0 
4800 1375 303 1 2488 2601 80 1 0 0 
4900 1375 303 1 2487 2600 80 1 0 0 
5000 1375 303 1 2487 2600 80 1 0 0 
5100 1375 303 1 2488 2601 80 1 0 0 
5200 1375 303 1 2487 2600 80 1 0 0 
5300 1375 303 1 2487 2600 80 1 0 0 
5400 1375 303 1 2487 2600 80 1 0 0 
5500 1375 303 1 2487 2600 80 1 0 0 
5600 1375 305 1 2488 2601 80 1 0 0 
5700 1375 305 1 2488 2601 80 1 0 0 
5800 1375 305 1 2488 2601 80 1 0 0 
5900 1375 305 1 2487 2600 80 1 0 0 
6000 1375 305 1 2487 2600 80 1 0 0 
6100 1384 306 2 2492 2608 80 1 0 0 
6200 1537 262 2 2571 2684 127 1 0 0 
6300 1541 255 2 2571 2686 125 1 0 0 
6400 1542 255 2 2572 2687 125 1 0 0 
6500 1541 255 2 2571 2686 125 1 0 0 
6600 1542 255 2 2572 2687 125 1 0 0 
6700 1542 255 2 2572 2687 125 1 0 0 
6800 1541 255 2 2571 2686 125 1 0 0 
6900 1543 256 2 2573 2686 125 1 0 0 
7000 1543 256 2 2572 2685 125 1 0 0 
7100 1544 256 2 2573 2686 125 1 0 0 
7200 1544 256 2 2573 2686 125 1 0 0 
7300 1543 256 2 2572 2685 125 1 0 0 
7400 1544 256 2 2573 2686 125 1 0 0 
7500 1543 256 2 2572 2685 125 1 0 0 
7600 1544 256 2 2573 2686 125 1 0 0 
7700 1544 256 2 2573 2686 125 1 0 0 
7800 1543 256 2 2572 2685 125 1 0 0 
7900 1543 256 2 2572 2685 125 1 0 0 
8000 1544 256 2 2573 2686 125 1 0 0 
8100 1544 256 2 2573 2686 125 1 0 0 
8200 1543 256 2 2572 2685 125 1 0 0 
8300 1544 256 2 2573 2686 125 1 0 0 
8400 1543 256 2 2572 2685 125 1 0 0 
8500 1542 258 2 2573 2684 125 1 0 0 
8600 1540 257 2 2571 2683 125 1 0 0 
8700 1541 257 2 2572 2684 125 1 0 0 
8800 1541 258 2 2572 2683 125 1 0 0 
8900 1541 258 2 2572 2683 125 1 0 0 
9000 1541 258 2 2572 2683 125 1 0 0 
9100 1541 258 2 2572 2683 125 1 0 0 
9200 1541 258 2 2572 2683 125 1 0 0 
9300 1542 258 2 2573 2684 125 1 0 0 
9400 1541 258 2 2572 2683 125 1 0 0 
9500 1541 258 2 2572 2683 125 1 0 0 
9600 1645 248 2 2646 2751 133 5 0 0 
9700 1650 249 2 2663 2778 155 8 0 0 
9800 1649 249 2 2665 2780 155 8 0 0 
9900 1642 254 2 2647 2766 157 6 0 0 
10000 1641 254 2 2646 2765 157 6 0 0 
