# Avida tasks data
# Sun Apr 16 08:07:18 2023
# First column gives the current update, next columns give the number
# of organisms that have the particular task as a component of their merit
#  1: Update
#  2: Not
#  3: Nand
#  4: And
#  5: OrNot
#  6: Or
#  7: AndNot
#  8: Nor
#  9: Xor
# 10: Equals

0 0 0 0 0 0 0 0 0 0 
100 0 0 0 0 0 0 0 0 0 
200 0 0 0 0 0 0 0 0 0 
300 0 0 0 0 0 0 0 0 0 
400 0 0 0 0 0 0 0 0 0 
500 0 0 0 0 0 0 0 0 0 
600 0 0 0 0 0 0 0 0 0 
700 0 9 0 40 0 0 2 0 0 
800 1893 2021 183 664 0 818 0 0 0 
900 3714 3970 587 1782 0 1708 0 0 0 
1000 5011 5469 2022 3050 0 1943 0 0 0 
1100 6241 6662 3398 4192 0 2032 1 0 0 
1200 7580 7893 5059 5732 0 2018 0 0 0 
1300 9199 9593 6988 7538 0 2507 0 0 0 
1400 10318 10793 8535 8959 0 3148 0 0 0 
1500 11434 11902 9899 10340 0 4170 2 0 0 
1600 12183 12594 10943 11307 0 5126 1 0 0 
1700 12413 12888 11684 11987 0 5723 1 0 0 
1800 12536 12933 12019 12280 1 6371 0 0 0 
1900 12541 12955 12204 12465 2 7071 0 0 0 
2000 12520 12923 12523 12766 2 7730 2 0 0 
2100 12569 13033 12785 13012 3 8410 0 0 0 
2200 12613 13024 12748 13045 1 9001 0 0 0 
2300 12466 12876 12886 13092 1 9270 1 2 0 
2400 12534 13019 12765 13042 0 9789 0 0 0 
2500 12482 13017 12826 13106 0 10109 3 0 0 
2600 12597 12949 12901 13162 1 10242 2 0 0 
2700 12562 13050 12853 13185 2 10619 1 0 0 
2800 12506 13042 12856 13115 4 10712 0 0 0 
2900 12483 12996 12884 13109 1 10882 2 0 0 
3000 12526 12968 12894 13095 0 10867 0 0 0 
3100 12613 13016 12849 13127 0 10945 0 0 0 
3200 12526 12981 12735 12993 0 10844 0 0 0 
3300 12568 13074 12808 13133 0 11016 3 0 0 
3400 12506 13026 12912 13134 1 10919 0 0 0 
3500 12542 13081 12852 13061 0 11002 2 0 0 
3600 12568 13032 12871 13119 2 10980 1 0 0 
3700 12573 12948 12822 13067 6 10988 2 0 0 
3800 12586 13048 12889 13184 1 10932 1 0 0 
3900 12662 13053 12840 13118 0 11050 0 0 0 
4000 12542 13010 12845 13117 3 10957 1 0 0 
4100 12526 12947 12850 13140 0 10981 3 0 0 
4200 12623 13072 12900 13221 2 11028 3 0 0 
4300 12623 13002 12842 13084 0 10908 0 1 0 
4400 12631 13123 12857 13091 2 11043 0 0 0 
4500 12623 13032 12930 13174 6 10944 0 2 0 
4600 12756 13107 12818 13123 3 11126 1 0 0 
4700 12677 13047 12922 13199 0 10965 1 1 0 
4800 12642 13098 12926 13189 2 11087 2 0 0 
4900 12689 13068 12876 13141 0 11072 0 0 0 
5000 12636 13033 12876 13183 5 11035 2 0 2 
5100 12688 13027 12871 13151 20 10926 0 0 0 
5200 12732 13088 12982 13239 35 11071 1 0 1 
5300 12625 13024 12952 13217 23 11006 0 0 0 
5400 12701 13108 12849 13133 24 11074 0 0 0 
5500 12799 13081 12869 13132 31 11125 0 0 0 
5600 12693 13124 12869 13187 41 11143 0 0 0 
5700 12670 13134 12932 13210 27 11098 5 1 0 
5800 12763 13152 12963 13202 31 11105 1 0 0 
5900 12725 13124 12858 13136 42 11090 2 0 0 
6000 12735 13052 12984 13235 31 11116 3 0 2 
6100 12851 13174 12977 13237 13 11205 1 0 0 
6200 12767 13110 12989 13217 5 11160 6 0 0 
6300 12668 13132 12887 13153 12 11089 1 0 0 
6400 12749 13166 13017 13250 26 11123 1 1 0 
6500 12802 13090 12941 13233 39 11184 3 0 2 
6600 12783 13159 12910 13146 40 11204 3 0 0 
6700 12742 13132 12911 13168 63 11103 3 0 0 
6800 12771 13119 12915 13189 43 11233 4 0 0 
6900 12704 13151 12923 13181 64 11059 8 0 2 
7000 12845 13233 12897 13143 58 11204 3 0 0 
7100 12775 13244 12944 13244 89 11169 3 0 0 
7200 12817 13225 12939 13168 59 11368 3 0 2 
7300 12779 13205 12881 13157 40 11285 2 0 0 
7400 12783 13230 12955 13212 51 11259 3 0 0 
7500 12762 13235 12847 13144 39 11242 1 0 2 
7600 12724 13247 12883 13107 11 11288 1 0 0 
7700 12788 13209 12857 13268 8 11420 0 0 5 
7800 12785 13238 12821 13162 202 11366 1 0 9 
7900 12770 13189 12901 13204 767 11307 6 0 3 
8000 12829 13231 12948 13234 1627 11597 2 0 3 
8100 12798 13156 12916 13244 2555 11613 6 0 0 
8200 12891 13175 12894 13154 3535 11873 8 0 0 
8300 12835 13078 12878 13148 4657 11859 7 0 0 
8400 12796 12992 12877 13159 5778 11992 12 0 0 
8500 12826 13024 12801 13141 6949 12277 13 0 0 
8600 12762 12941 12826 13172 8140 12426 17 0 12 
8700 12776 12867 12862 13197 9033 12414 14 0 22 
8800 12784 12893 12800 13132 9795 12587 27 0 29 
8900 12743 12798 12808 13139 10572 12742 33 0 47 
9000 12680 12781 12822 13138 11025 12730 19 0 56 
9100 12624 12661 12818 13149 11515 12737 24 0 43 
9200 12750 12692 12715 13102 11931 12858 20 0 25 
9300 12707 12673 12851 13152 12108 12878 26 0 32 
9400 12733 12672 12781 13120 12302 12880 22 0 44 
9500 12653 12540 12849 13197 12228 12806 19 0 49 
9600 12701 12657 12771 13159 12288 12880 26 0 18 
9700 12762 12597 12776 13047 12392 12865 24 0 16 
9800 12636 12585 12825 13129 12380 12957 23 0 7 
9900 12630 12525 12811 13145 12386 12803 32 0 1 
10000 12765 12586 12856 13162 12377 12871 41 0 0 
