# Avida tasks data
# Sun Apr 16 05:11:59 2023
# First column gives the current update, next columns give the number
# of organisms that have the particular task as a component of their merit
#  1: Update
#  2: Not
#  3: Nand
#  4: And
#  5: OrNot
#  6: Or
#  7: AndNot
#  8: Nor
#  9: Xor
# 10: Equals

0 0 0 0 0 0 0 0 0 0 
100 0 0 0 0 0 0 0 0 0 
200 0 0 0 0 0 0 0 0 0 
300 0 0 0 0 0 0 0 0 0 
400 0 0 0 0 0 0 0 0 0 
500 0 0 0 0 0 0 0 0 0 
600 12 211 0 17 0 0 0 0 0 
700 109 1023 1 889 0 0 0 0 0 
800 93 1822 0 1753 0 0 0 0 0 
900 110 2459 5 2393 4 0 0 0 0 
1000 147 2920 19 2812 5 1 0 0 0 
1100 141 3109 82 2906 2 0 0 0 0 
1200 220 4167 70 3947 15 1 0 0 0 
1300 273 5298 70 5085 14 3 0 0 0 
1400 406 7171 70 7005 20 3 0 0 0 
1500 501 8479 72 8353 25 3 1 0 0 
1600 622 9492 74 9396 24 3 1 0 0 
1700 714 10303 88 10253 25 3 1 0 0 
1800 711 10644 73 10670 31 5 1 0 0 
1900 694 11006 88 11086 29 5 1 0 0 
2000 729 11278 88 11392 23 3 1 0 0 
2100 744 11363 88 11469 22 3 1 0 0 
2200 741 11374 84 11495 20 3 3 0 0 
2300 741 11373 84 11494 20 3 3 0 0 
2400 741 11374 84 11495 20 3 3 0 0 
2500 741 11374 84 11495 20 3 3 0 0 
2600 741 11374 84 11495 20 3 3 0 0 
2700 741 11374 84 11495 20 3 3 0 0 
2800 741 11374 84 11495 20 3 3 0 0 
2900 741 11374 84 11495 20 3 3 0 0 
3000 741 11373 84 11494 20 3 3 0 0 
3100 741 11374 84 11495 20 3 3 0 0 
3200 741 11373 84 11494 20 3 3 0 0 
3300 741 11373 84 11494 20 3 3 0 0 
3400 741 11374 84 11495 20 3 3 0 0 
3500 741 11374 84 11495 20 3 3 0 0 
3600 741 11374 84 11495 20 3 3 0 0 
3700 741 11374 84 11495 20 3 3 0 0 
3800 742 11374 84 11495 20 3 3 0 0 
3900 742 11373 84 11494 20 3 3 0 0 
4000 742 11374 84 11495 20 3 3 0 0 
4100 742 11374 84 11495 20 3 3 0 0 
4200 742 11374 84 11495 20 3 3 0 0 
4300 742 11374 84 11495 20 3 3 0 0 
4400 742 11374 84 11495 20 3 3 0 0 
4500 742 11374 84 11495 20 3 3 0 0 
4600 742 11374 84 11495 20 3 3 0 0 
4700 742 11374 84 11495 20 3 3 0 0 
4800 765 11374 79 11491 24 3 3 0 0 
4900 751 11414 68 11520 27 3 1 0 0 
5000 753 11452 55 11559 18 3 2 0 0 
5100 776 11536 50 11646 23 3 1 0 0 
5200 773 11554 50 11656 22 3 1 0 0 
5300 1969 11870 49 11981 22 10 1 0 0 
