# Avida tasks data
# Sun Apr 16 07:58:01 2023
# First column gives the current update, next columns give the number
# of organisms that have the particular task as a component of their merit
#  1: Update
#  2: Not
#  3: Nand
#  4: And
#  5: OrNot
#  6: Or
#  7: AndNot
#  8: Nor
#  9: Xor
# 10: Equals

0 0 0 0 0 0 0 0 0 0 
100 0 0 0 0 0 0 0 0 0 
200 0 0 0 0 0 0 0 0 0 
300 0 0 0 0 0 0 0 0 0 
400 0 0 0 0 0 0 0 0 0 
500 0 0 0 0 0 0 0 0 0 
600 0 0 0 0 0 0 0 0 0 
700 0 0 0 0 0 0 0 0 0 
800 311 1064 0 3 0 0 0 0 0 
900 702 2364 0 9 0 17 0 0 0 
1000 1163 3571 0 44 0 41 0 0 0 
1100 1509 4163 0 50 0 19 0 0 0 
1200 1935 4473 0 56 2 19 0 0 0 
1300 2491 4974 0 62 1 15 0 0 0 
1400 2999 5498 0 68 1 15 0 0 0 
1500 3049 5542 0 65 3 15 0 0 0 
1600 3095 5560 0 74 1 15 0 0 0 
1700 3275 5755 0 104 1 15 0 0 0 
1800 3628 6110 0 107 1 16 0 0 0 
1900 3758 6248 0 114 1 15 0 0 0 
2000 3770 6283 0 371 1 15 0 0 0 
2100 3831 6344 0 676 2 15 0 0 0 
2200 3912 6430 0 929 3 15 0 0 0 
2300 3948 6467 0 1105 1 15 0 0 0 
2400 4004 6523 0 1323 2 15 0 0 0 
2500 4053 6587 0 1524 4 15 0 0 0 
2600 4233 6748 0 1797 1 16 0 0 0 
2700 4343 6835 0 1930 1 15 0 0 0 
2800 4525 7030 0 2206 1 15 0 0 0 
2900 4631 7164 0 2380 0 15 0 0 0 
3000 4876 7379 0 2732 4 15 0 0 0 
3100 5094 7581 0 2989 1 15 0 0 0 
3200 5228 7736 0 3213 3 15 0 0 0 
3300 5456 7964 0 3489 0 15 0 0 0 
3400 5659 8145 0 3697 1 15 0 0 0 
3500 5868 8339 0 3953 2 15 0 0 0 
3600 6028 8522 0 4150 2 15 0 0 0 
3700 6208 8687 0 4394 3 15 0 0 0 
3800 6289 8809 0 4531 2 15 0 0 0 
3900 6546 8968 0 4760 5 15 0 0 0 
4000 6628 9068 0 4893 3 15 0 0 0 
4100 6751 9172 0 5034 7 15 0 0 0 
4200 6890 9295 0 5227 6 14 0 0 0 
4300 7313 9693 0 5701 6 14 0 0 0 
4400 7478 9824 0 5888 9 14 0 0 0 
4500 7603 9835 0 6031 9 14 0 0 0 
4600 7745 9852 0 6165 6 14 0 0 0 
4700 7852 9868 0 6335 7 14 0 0 0 
4800 7968 9907 0 6460 6 14 0 0 0 
4900 8008 9942 0 6497 6 14 0 0 0 
5000 8025 9977 0 6532 6 14 0 0 0 
5100 8084 10019 0 6596 7 14 0 0 0 
5200 8099 10041 0 6614 6 14 0 0 0 
5300 8111 10069 0 6655 8 14 0 0 0 
5400 8144 10073 2 6673 7 14 0 0 0 
5500 8160 10120 0 6696 10 14 0 0 0 
5600 8231 10172 0 6734 11 14 0 0 0 
5700 8265 10209 0 6766 8 14 0 0 0 
5800 8271 10229 0 6846 8 15 0 0 0 
5900 8380 10303 0 6915 7 14 0 0 0 
6000 8414 10325 0 6948 9 14 0 0 0 
6100 8439 10350 0 6952 7 14 0 0 0 
6200 8488 10409 0 7039 6 15 0 0 0 
6300 8490 10400 0 7068 6 15 0 0 0 
6400 8542 10462 0 7176 6 15 0 0 0 
6500 8637 10551 0 7284 8 15 0 0 0 
6600 8660 10607 0 7364 6 16 1 0 0 
6700 8754 10686 2 7446 8 16 2 0 0 
6800 8842 10785 0 7570 7 15 0 0 0 
6900 8964 10898 0 7685 6 15 0 0 0 
7000 9009 10918 0 7706 6 15 0 0 0 
7100 9161 11051 0 7837 6 15 0 0 0 
7200 9300 11171 0 7976 7 15 0 0 0 
7300 9337 11227 0 8055 6 15 0 0 0 
7400 9363 11270 0 8106 6 15 0 0 0 
7500 9458 11391 0 8238 6 15 0 0 0 
7600 9596 11512 0 8387 6 15 0 0 0 
7700 9717 11594 0 8523 6 17 0 0 0 
7800 9840 11700 1 8697 6 15 0 0 0 
7900 9982 11832 0 8860 6 16 0 0 0 
8000 10070 11926 0 8952 6 15 0 0 0 
8100 10165 12012 0 9063 8 15 0 0 0 
8200 10260 12090 1 9181 9 15 0 0 0 
8300 10317 12137 0 9238 11 16 0 0 0 
8400 10356 12178 2 9283 8 15 0 0 0 
8500 10379 12211 2 9341 9 15 0 0 0 
8600 10388 12220 1 9342 10 15 0 0 0 
8700 10450 12274 0 9424 7 18 1 0 0 
8800 10479 12327 0 9501 10 16 1 0 0 
8900 10527 12352 0 9545 11 16 1 0 0 
9000 10590 12387 0 9614 8 16 1 0 0 
9100 10606 12411 1 9658 7 16 1 0 0 
9200 10612 12435 0 9738 9 16 0 0 0 
9300 10681 12482 1 9809 7 16 0 0 0 
9400 10710 12506 2 9862 7 18 0 0 0 
9500 10723 12512 0 9901 8 17 0 0 0 
9600 10743 12536 0 9951 7 15 0 0 0 
9700 10776 12536 1 9986 7 15 0 0 0 
9800 10847 12581 0 10084 11 15 0 0 0 
9900 10891 12596 1 10126 6 15 0 0 0 
10000 10889 12609 5 10182 9 16 0 0 0 
