# Avida tasks data
# Sun Apr 16 07:28:02 2023
# First column gives the current update, next columns give the number
# of organisms that have the particular task as a component of their merit
#  1: Update
#  2: Not
#  3: Nand
#  4: And
#  5: OrNot
#  6: Or
#  7: AndNot
#  8: Nor
#  9: Xor
# 10: Equals

0 0 0 0 0 0 0 0 0 0 
100 0 0 0 0 0 0 0 0 0 
200 0 0 0 0 0 0 0 0 0 
300 0 0 0 0 0 0 0 0 0 
400 0 0 0 0 0 0 0 0 0 
500 0 0 0 0 0 0 0 0 0 
600 124 52 0 3 0 0 0 0 0 
700 2343 2445 0 45 0 0 0 0 0 
800 4481 4639 2 345 0 0 0 0 0 
900 6363 6675 2 2154 4 0 0 0 0 
1000 8234 8547 2 4431 11 0 0 0 0 
1100 9502 9880 7 6196 19 0 0 0 0 
1200 10790 11100 9 8028 25 1 0 0 0 
1300 11771 12159 3 9597 34 16 17 0 0 
1400 12167 12545 2 10564 41 87 63 0 0 
1500 12337 12784 15 11361 99 227 109 0 0 
1600 12545 12979 120 11644 150 342 276 0 0 
1700 12562 13041 1196 12118 286 958 450 0 0 
1800 12790 13065 2370 12149 318 1954 612 0 0 
1900 12776 13012 3650 12065 329 3106 747 0 0 
2000 12979 12997 4995 12101 274 4233 825 0 0 
2100 13042 12903 6075 12090 154 5302 833 0 0 
2200 13181 12886 7139 12286 80 6276 970 0 0 
2300 13295 12920 8043 12366 53 7012 1038 0 0 
2400 13263 12863 8888 12527 25 7620 1080 0 0 
2500 13316 12804 9531 12695 22 8185 1058 0 0 
2600 13418 12842 9953 12807 25 8713 1127 0 0 
2700 13482 12920 10238 12907 13 9004 1130 0 0 
2800 13476 12860 10348 12944 7 9146 1256 0 0 
2900 13446 12841 10637 13031 14 8823 1677 0 0 
3000 13579 12881 10820 13104 14 8248 2456 0 0 
3100 13463 12863 10670 13024 14 7609 3199 0 0 
3200 13532 12899 10749 13071 14 6708 4174 0 0 
3300 13467 12928 10695 13144 14 5762 5180 0 0 
3400 13423 12845 10791 13110 33 4973 6030 0 0 
3500 13441 12826 10852 13133 163 4237 6835 0 0 
3600 13493 13004 10962 13260 326 3594 7711 0 16 
3700 13486 12931 11020 13254 575 2804 8116 0 316 
3800 13517 13009 11132 13318 851 2748 7937 0 1048 
3900 13462 13007 11272 13381 1081 2937 7615 0 1723 
4000 13456 12998 11265 13371 1081 2931 7615 0 1720 
4100 13421 13078 11408 13369 1219 3218 7193 0 2286 
4200 13437 13080 11406 13371 1240 3250 7194 0 2308 
4300 13438 13081 11405 13371 1240 3249 7194 0 2308 
4400 13439 13079 11404 13369 1240 3249 7194 0 2308 
4500 13438 13079 11404 13369 1240 3249 7195 0 2310 
4600 13480 13073 11673 13423 1383 3886 6452 1 3312 
4700 13426 13110 10317 13414 1370 3671 5460 0 4300 
4800 13407 13040 9490 13408 1573 3241 5271 0 4513 
4900 13422 13046 8807 13420 2226 2756 5153 0 4683 
5000 13403 13036 8365 13420 2606 2594 5132 0 4932 
5100 13434 13029 8174 13417 2498 2533 5239 0 5170 
5200 13445 13011 7732 13434 2876 2457 5574 1 5494 
5300 13443 13050 7320 13435 3320 2366 5898 0 5876 
5400 13463 13067 7186 13462 3663 2351 6378 0 6005 
