# Avida tasks data
# Sun Apr 16 02:06:28 2023
# First column gives the current update, next columns give the number
# of organisms that have the particular task as a component of their merit
#  1: Update
#  2: Not
#  3: Nand
#  4: And
#  5: OrNot
#  6: Or
#  7: AndNot
#  8: Nor
#  9: Xor
# 10: Equals

0 0 0 0 0 0 0 0 0 0 
100 0 0 0 0 0 0 0 0 0 
200 0 0 0 0 0 0 0 0 0 
300 0 3 0 0 0 0 0 0 0 
400 0 0 0 0 0 0 0 0 0 
500 0 0 0 0 0 0 0 0 0 
600 4 11 0 0 0 0 0 0 0 
700 37 193 0 0 0 0 0 0 0 
800 207 1632 0 1269 0 0 0 0 0 
900 854 3908 0 3787 2 13 0 0 0 
1000 1517 4790 0 4792 19 22 0 0 0 
1100 1858 4922 0 5790 18 31 0 0 0 
1200 1862 4987 0 5937 16 31 0 0 0 
1300 1862 4987 0 5937 16 31 0 0 0 
1400 1862 4986 0 5936 16 31 0 0 0 
1500 1862 4986 0 5936 16 31 0 0 0 
1600 1862 4985 0 5937 16 31 0 0 0 
1700 1862 4984 0 5936 16 31 0 0 0 
1800 1862 4984 0 5936 16 31 0 0 0 
1900 1862 4983 0 5935 16 31 0 0 0 
2000 1862 4983 0 5935 16 31 0 0 0 
2100 1862 4983 0 5935 16 31 0 0 0 
2200 1863 4984 0 5936 16 31 0 0 0 
2300 1862 4982 0 5934 16 31 0 0 0 
2400 1862 4982 0 5934 16 31 0 0 0 
2500 1862 4981 0 5933 16 31 0 0 0 
2600 1862 4982 0 5934 16 31 0 0 0 
2700 1864 4983 0 5937 16 31 0 0 0 
2800 1863 4984 0 5936 16 31 0 0 0 
2900 1863 4984 0 5936 16 31 0 0 0 
3000 1863 4984 0 5936 16 31 0 0 0 
3100 1863 4984 0 5936 16 31 0 0 0 
3200 1884 5292 0 5755 16 31 0 0 0 
3300 1870 5492 0 5851 20 33 0 0 0 
3400 1782 5511 0 5817 22 31 0 0 0 
