# Avida tasks data
# Sun Apr 16 02:57:25 2023
# First column gives the current update, next columns give the number
# of organisms that have the particular task as a component of their merit
#  1: Update
#  2: Not
#  3: Nand
#  4: And
#  5: OrNot
#  6: Or
#  7: AndNot
#  8: Nor
#  9: Xor
# 10: Equals

0 0 0 0 0 0 0 0 0 0 
100 0 0 0 0 0 0 0 0 0 
200 0 0 0 0 0 0 0 0 0 
300 0 0 0 0 0 0 0 0 0 
400 0 0 0 0 0 0 0 0 0 
500 0 0 0 0 0 0 0 0 0 
600 0 0 0 0 0 0 0 0 0 
700 24 0 0 0 0 0 0 0 0 
800 59 0 0 0 0 0 0 0 0 
900 77 5 0 0 0 0 0 0 0 
1000 170 6 0 0 0 0 0 0 0 
1100 459 19 0 0 0 0 0 0 0 
1200 836 33 0 62 0 0 0 0 0 
1300 1284 278 0 1354 0 0 0 0 0 
1400 1761 2228 439 3534 2 4 0 0 0 
1500 2512 3681 2585 5050 3 33 0 0 0 
1600 3206 4880 4134 6123 7 54 1 0 0 
1700 3957 6025 5501 7052 7 64 0 0 0 
1800 4559 6927 6601 7902 5 88 0 0 0 
1900 4988 7801 7613 8772 2 410 0 0 0 
2000 4785 8353 8235 9386 1 807 805 0 0 
2100 4377 9088 8955 10010 2 1008 2343 0 0 
2200 4581 9709 9509 10717 4 1153 3535 0 0 
2300 5243 10253 9947 11197 2 1155 4580 0 0 
2400 6074 10824 10465 11799 4 1200 5678 0 0 
2500 6884 11229 10787 12107 1 1151 6461 0 0 
2600 8028 11660 11186 12481 2 2020 7412 0 0 
2700 9260 11883 11395 12653 5 3270 8210 0 0 
2800 10014 12015 11457 12692 5 4540 8602 0 0 
2900 10666 12136 11482 12780 5 5790 9090 0 0 
3000 11314 12227 11578 12866 3 6853 9475 0 0 
3100 11656 12370 11713 12984 6 7989 10014 0 0 
3200 12086 12408 11671 13039 5 9008 10328 2 1 
3300 12602 12355 11645 13116 2 9829 10616 0 0 
3400 12887 12523 11719 13091 9 10640 10847 0 0 
3500 13006 12370 11633 13133 7 11185 10827 0 0 
3600 13233 12555 11884 13187 5 11772 11197 0 0 
3700 13282 12502 11803 13145 5 12102 10981 0 0 
3800 13437 12388 11728 13116 13 12465 10912 0 0 
3900 13408 12530 11835 13147 2 12784 11150 0 0 
4000 13392 12534 11844 13174 1 13019 11120 0 0 
4100 13413 12456 11744 13130 4 12958 11043 0 0 
4200 13469 12662 11947 13247 1 12995 11277 0 0 
4300 13354 12529 11833 13197 7 12993 11167 0 0 
4400 13357 12510 11835 13171 6 12967 11125 0 0 
4500 13408 12542 11878 13159 11 13001 11070 0 0 
4600 13363 12542 11845 13131 4 12944 11106 0 0 
4700 13369 12405 11776 13107 10 12995 11072 0 0 
4800 13418 12546 11800 13190 2 12990 11026 0 0 
4900 13340 12485 11830 13181 2 12931 11106 0 0 
5000 13356 12480 11789 13162 4 12937 11144 0 0 
5100 13415 12557 11837 13196 3 12998 11133 0 0 
5200 13421 12614 11921 13149 0 12964 11160 0 0 
5300 13339 12519 11823 13170 5 12954 11129 0 0 
5400 13390 12519 11858 13244 6 13095 11145 0 0 
5500 13298 12479 11805 13158 4 13152 11152 0 0 
5600 13336 12628 11995 13270 3 13033 11351 0 0 
5700 13323 12619 11988 13218 7 13050 11336 0 0 
5800 13415 12616 11976 13253 3 13027 11392 0 0 
5900 13424 12699 12077 13280 7 13088 11398 0 0 
6000 13444 12714 12049 13239 7 13137 11414 0 0 
6100 13448 12726 12033 13255 2 13107 11396 0 1 
6200 13386 12595 11960 13179 10 13127 11273 0 1 
6300 13232 12638 11953 13217 5 13224 11258 0 0 
6400 13345 12572 11901 13206 7 13104 11261 0 0 
6500 13438 12624 11991 13243 2 13083 11403 0 0 
6600 13536 12649 12052 13290 4 13146 11425 0 2 
6700 13420 12624 12050 13229 1 13025 11436 0 0 
6800 13394 12722 12062 13238 3 13186 11456 0 0 
6900 13443 12723 12094 13352 1 13113 11414 0 0 
7000 13410 12746 12081 13320 7 13148 11466 0 0 
7100 13438 12596 11912 13166 5 13183 11347 0 0 
7200 13439 12681 12071 13323 5 13109 11444 0 1 
7300 13349 12679 12079 13214 3 13105 11379 0 0 
7400 13393 12655 11986 13231 1 13150 11340 0 0 
7500 13454 12610 12003 13262 3 13121 11431 0 0 
7600 13426 12768 12134 13354 4 13134 11470 0 0 
7700 13341 12729 12077 13327 2 13071 11451 0 0 
7800 13359 12702 12063 13266 4 13138 11375 0 0 
7900 13386 12682 11973 13288 2 13158 11450 0 2 
8000 13416 12848 12246 13413 5 13205 11631 0 0 
8100 13494 12806 12134 13355 4 13150 11495 0 0 
8200 13342 12726 12140 13285 5 13219 11520 0 0 
8300 13448 12787 12145 13344 4 13168 11565 0 0 
8400 13535 12765 12120 13391 12 13156 11607 0 0 
8500 13511 12733 12000 13348 0 13201 11468 0 0 
8600 13403 12729 12130 13326 4 13207 11547 0 0 
8700 13444 12677 12132 13370 2 13203 11520 0 0 
8800 13438 12802 12215 13362 1 13212 11564 0 0 
8900 13441 12732 12147 13376 54 13179 11517 0 0 
9000 13441 12799 12248 13357 187 13150 11699 0 0 
9100 13427 12646 12070 13313 347 13173 11479 0 0 
9200 13426 12778 12205 13382 577 13049 11610 0 0 
9300 13379 12841 12242 13326 833 13151 11639 0 0 
9400 13531 12820 12217 13448 1128 13226 11694 0 0 
9500 13476 12741 12171 13329 1482 13177 11579 0 0 
9600 13455 12775 12255 13356 1910 13212 11714 0 0 
9700 13507 12663 12147 13297 2323 13167 11546 0 0 
9800 13528 12771 12212 13341 2784 13129 11712 0 0 
9900 13456 12638 12069 13317 3158 13074 11563 0 0 
10000 13480 12777 12179 13310 3613 13140 11750 0 0 
