# Avida tasks data
# Sun Apr 16 07:34:52 2023
# First column gives the current update, next columns give the number
# of organisms that have the particular task as a component of their merit
#  1: Update
#  2: Not
#  3: Nand
#  4: And
#  5: OrNot
#  6: Or
#  7: AndNot
#  8: Nor
#  9: Xor
# 10: Equals

0 0 0 0 0 0 0 0 0 0 
100 0 0 0 0 0 0 0 0 0 
200 0 0 0 0 0 0 0 0 0 
300 0 0 0 0 0 0 0 0 0 
400 0 0 0 0 0 0 0 0 0 
500 0 0 0 0 0 0 0 0 0 
600 492 504 0 1 0 0 0 0 0 
700 1520 1541 0 270 0 0 0 0 0 
800 2553 3126 0 1412 0 2 0 0 0 
900 4145 4294 0 2750 12 2 0 0 0 
1000 5910 5725 0 4466 24 3 0 0 0 
1100 7609 7241 0 6286 41 0 0 0 0 
1200 9082 8706 0 7878 31 0 0 0 0 
1300 10380 10027 0 9434 46 0 0 0 0 
1400 11627 11368 0 11089 61 1 0 0 0 
1500 12427 12379 12 12063 73 0 0 0 0 
1600 12863 12731 6 12541 62 0 0 0 0 
1700 12848 12831 0 12742 77 1 0 0 0 
1800 12983 12834 9 12787 74 0 0 0 0 
1900 12887 12859 7 12787 61 2 0 0 0 
2000 12944 12846 9 12772 53 0 0 0 0 
2100 12945 12882 18 12771 72 0 0 0 0 
2200 13049 12867 15 12717 54 0 0 0 0 
2300 13055 12918 21 12799 54 1 0 0 0 
2400 13014 12900 14 12825 66 0 0 0 0 
2500 13028 12839 3 12743 76 0 0 0 0 
2600 12999 12981 0 12782 92 8 0 0 0 
2700 13084 12862 3 12651 223 717 4 0 0 
2800 13100 12912 17 12527 344 2039 11 0 0 
2900 13140 12896 19 12507 380 3311 12 0 0 
3000 13211 12924 38 12655 302 4552 17 0 0 
3100 13193 12902 39 12692 224 5673 26 0 0 
3200 13249 12958 64 12764 232 6695 30 0 0 
3300 13216 12947 74 12780 216 7710 32 0 0 
3400 13194 12928 73 12714 240 8619 45 0 0 
3500 13261 12948 70 12757 199 9429 42 0 0 
3600 13185 12942 104 12843 159 10210 54 0 0 
3700 13235 13060 118 12971 148 10823 30 0 0 
3800 13327 13014 92 12905 868 11135 40 0 0 
3900 13254 13018 90 12960 2126 11423 48 0 0 
4000 13232 13030 103 12937 3364 11564 42 0 0 
4100 13202 13065 108 12958 4725 11685 52 0 0 
4200 13162 12973 119 12944 5867 11764 49 0 0 
4300 13277 13124 90 13014 7197 12012 71 0 0 
4400 13267 13088 113 12972 8180 12128 63 0 0 
4500 13249 13092 105 12957 9212 12170 67 0 0 
4600 13314 13064 116 12949 9993 12207 45 0 0 
4700 13295 13199 119 13005 10644 12347 53 0 0 
4800 13270 13137 115 13035 11107 12351 58 0 0 
4900 13376 13183 222 13048 11432 12316 63 0 0 
5000 13304 13092 876 12947 11599 12332 52 0 0 
5100 13356 13248 2181 13092 11867 12438 50 0 0 
5200 13315 13176 3464 13015 11881 12317 46 0 0 
5300 13349 13214 4938 13087 12029 12382 53 0 0 
5400 13380 13256 6426 13087 12091 12466 49 0 0 
5500 13284 13206 7803 13065 12168 12461 54 0 0 
5600 13430 13233 8988 13059 12200 12420 50 0 0 
5700 13363 13244 10022 13063 12189 12459 49 0 0 
5800 13374 13293 10964 13179 12278 12528 44 0 0 
5900 13412 13277 11521 13156 12303 12570 44 0 0 
6000 13399 13268 11814 13133 12219 12494 61 0 0 
6100 13328 13311 12022 13144 12260 12534 57 0 0 
6200 13321 13309 12157 13166 12361 12597 40 0 0 
6300 13437 13351 12229 13191 12380 12637 47 0 0 
6400 13441 13322 12161 13188 12321 12623 38 0 0 
6500 13397 13323 12139 13189 12348 12625 58 0 0 
6600 13437 13354 12169 13194 12352 12609 55 0 0 
6700 13394 13316 12118 13176 12301 12596 49 0 0 
6800 13437 13353 12084 13106 12271 12591 34 0 0 
6900 13391 13380 12202 13202 12367 12629 32 0 0 
7000 13419 13370 12188 13179 12389 12643 39 0 0 
7100 13430 13372 12187 13206 12416 12667 24 0 0 
7200 13398 13327 12169 13163 12409 12654 64 0 0 
7300 13333 13375 12069 13123 12280 12573 45 0 0 
7400 13454 13299 12009 13143 12242 12557 35 0 0 
7500 13401 13352 12169 13180 12361 12646 33 0 0 
7600 13361 13349 12220 13252 12479 12701 32 0 0 
7700 13417 13333 12159 13174 12374 12658 36 1 0 
7800 13486 13432 12296 13299 12482 12709 38 0 0 
7900 13465 13476 12313 13274 12512 12775 32 0 0 
8000 13520 13475 12310 13286 12534 12788 30 0 0 
8100 13424 13383 12190 13212 12397 12687 21 0 0 
8200 13428 13472 12173 13223 12456 12702 47 0 0 
8300 13379 13480 12335 13305 12538 12744 30 0 0 
8400 13408 13423 12217 13246 12434 12725 34 0 0 
8500 13394 13474 12247 13298 12467 12760 22 0 0 
8600 13491 13497 12291 13289 12506 12726 32 0 0 
8700 13496 13541 12314 13335 12559 12784 29 0 0 
8800 13387 13471 12283 13274 12528 12745 17 0 0 
8900 13447 13481 12286 13301 12516 12749 30 0 0 
9000 13466 13509 12317 13305 12519 12765 25 0 0 
9100 13507 13510 12417 13306 12607 12825 26 0 0 
9200 13464 13540 12443 13386 12648 12843 29 0 0 
9300 13471 13503 12410 13325 12595 12786 29 0 0 
9400 13430 13470 12271 13286 12448 12701 32 0 0 
9500 13419 13521 12325 13313 12529 12805 21 0 0 
9600 13470 13552 12423 13345 12594 12782 19 0 0 
9700 13498 13454 12306 13338 12513 12790 21 1 0 
9800 13495 13507 12347 13337 12596 12782 30 0 0 
9900 13485 13533 12444 13358 12596 12844 24 0 0 
10000 13551 13542 12309 13290 12494 12768 21 0 0 
