# Avida tasks data
# Sun Apr 16 02:37:04 2023
# First column gives the current update, next columns give the number
# of organisms that have the particular task as a component of their merit
#  1: Update
#  2: Not
#  3: Nand
#  4: And
#  5: OrNot
#  6: Or
#  7: AndNot
#  8: Nor
#  9: Xor
# 10: Equals

0 0 0 0 0 0 0 0 0 0 
100 0 0 0 0 0 0 0 0 0 
200 0 0 0 0 0 0 0 0 0 
300 0 0 0 0 0 0 0 0 0 
400 0 0 0 0 0 0 0 0 0 
500 0 0 0 0 0 0 0 0 0 
600 0 0 0 0 0 0 0 0 0 
700 0 0 0 0 0 0 0 0 0 
800 0 0 0 0 0 0 0 0 0 
900 2 0 0 0 0 0 0 0 0 
1000 7 1 0 0 0 0 0 0 0 
1100 103 8 0 103 0 0 0 0 0 
1200 401 47 0 1141 1229 259 1 0 0 
1300 1054 167 1 2897 2738 2400 21 0 0 
1400 2129 502 4 4303 3997 3811 31 0 0 
1500 3429 1096 0 5317 4923 4801 47 0 0 
1600 4530 1993 0 6106 5686 5531 58 0 0 
1700 5397 2850 5 6961 6510 6354 56 0 0 
1800 6314 3745 0 7833 7312 7059 56 1 0 
1900 7006 4824 0 8565 8014 7807 42 0 0 
2000 7808 5826 0 9235 8632 8416 76 0 0 
2100 8588 6715 0 9825 9255 8915 68 0 0 
2200 9262 7512 0 10369 9680 9377 82 0 0 
2300 9956 8176 2 10721 10039 9742 74 0 0 
2400 10475 8962 0 11185 10420 10131 94 0 0 
2500 11010 9360 1 11486 10795 10499 78 0 0 
2600 11348 9967 0 11670 11012 10629 80 0 0 
2700 11742 10349 0 11800 11089 10712 84 0 0 
2800 12055 10709 0 12057 11449 11039 74 0 0 
2900 12336 11122 0 12186 11526 11114 80 0 0 
3000 12732 11620 0 12407 11681 11275 82 0 0 
3100 12878 11839 2 12571 11889 11511 105 0 0 
3200 13117 12044 11 12701 11971 11612 87 0 0 
3300 13137 12085 89 12675 11961 11577 124 0 0 
3400 13252 12124 250 12643 11979 11607 230 0 0 
3500 13226 12152 403 12488 12029 11626 418 0 0 
3600 13264 11933 661 12309 12096 11732 667 0 0 
3700 13147 11514 894 12301 12062 11552 960 0 0 
3800 13132 11408 931 12498 11912 11548 1790 0 0 
3900 13099 11417 930 12598 11992 11641 2829 0 0 
4000 13025 11276 837 12862 11995 11661 4168 0 0 
4100 13008 11552 782 12890 11978 11629 5488 0 0 
4200 13061 11794 700 13020 12078 11725 6927 0 0 
4300 12929 12014 632 13150 12073 11719 8474 0 0 
4400 12961 12025 575 13108 12092 11736 9795 0 0 
4500 12873 12267 517 13208 11984 11694 10847 0 0 
4600 12959 12395 397 13261 12105 11874 11847 0 0 
4700 12922 12650 206 13287 12091 11842 12446 1 0 
4800 12903 12747 73 13312 12024 11755 12800 2 0 
4900 12889 12968 26 13323 12076 11827 12984 0 0 
5000 12888 12833 3 13290 12117 11799 13054 0 0 
5100 12895 12897 0 13271 12132 11898 13042 0 0 
5200 12894 12875 2 13433 12059 11822 13010 0 0 
5300 12918 12931 1 13351 12136 11887 13053 0 1 
5400 12987 12997 3 13361 12201 11961 13048 0 0 
5500 12903 12968 0 13347 12123 11847 13005 0 0 
5600 12884 12950 2 13321 12087 11813 12985 0 0 
5700 12900 12960 16 13366 12170 11890 13022 0 0 
5800 12978 12933 168 13307 12211 11941 13086 0 0 
5900 12929 12894 438 13316 12136 11886 13098 0 0 
6000 12974 12929 913 13376 12269 11958 13074 2 0 
6100 12989 12939 1689 13331 12239 11939 13093 0 0 
6200 13010 13007 2553 13406 12246 11969 12994 0 0 
6300 12955 13017 3442 13430 12319 12091 13034 0 0 
6400 13043 13022 4328 13409 12298 12080 12962 0 0 
6500 12972 12797 5388 13449 12231 12047 12958 0 0 
6600 13013 12942 6318 13414 12274 12096 12888 1 0 
6700 12995 12795 7289 13413 12318 12158 12857 0 0 
6800 12997 12777 8069 13519 12363 12173 12913 0 0 
6900 13024 12680 8771 13509 12363 12253 12848 2 0 
7000 12994 12628 9374 13509 12333 12186 12847 0 0 
7100 13060 12591 9932 13574 12420 12279 12935 0 0 
7200 13023 12628 10308 13536 12342 12269 12851 0 0 
7300 13012 12619 10806 13588 12414 12286 12828 1 0 
7400 13064 12768 11203 13622 12424 12324 12875 2 0 
7500 12949 12607 11366 13573 12335 12219 12738 0 0 
7600 13015 12688 11753 13619 12411 12346 12810 0 0 
7700 12992 12770 12061 13564 12375 12289 12827 0 0 
7800 12905 12732 12085 13525 12303 12194 12695 0 0 
7900 12885 12837 12138 13527 12367 12203 12772 0 0 
8000 13035 12705 12109 13592 12434 12348 12794 0 0 
8100 13021 12792 12196 13599 12433 12319 12848 1 0 
8200 13012 12814 12190 13601 12385 12296 12838 2 0 
8300 13015 12795 12223 13576 12481 12405 12827 0 0 
8400 13071 12634 12270 13625 12428 12292 12892 0 0 
8500 13030 12702 12240 13612 12469 12342 12878 0 0 
8600 13014 12860 12270 13625 12475 12348 12899 0 0 
8700 12980 12738 12149 13583 12377 12258 12756 0 0 
8800 12917 12758 12095 13553 12281 12186 12786 0 0 
8900 12978 12837 12137 13546 12379 12279 12765 0 0 
9000 13067 12765 12189 13661 12469 12339 12873 0 0 
9100 13007 12822 12258 13629 12397 12274 12887 0 0 
9200 12964 12737 12290 13567 12411 12279 12813 0 0 
9300 12968 12910 12182 13567 12389 12252 12837 0 0 
9400 13037 12874 12299 13537 12404 12274 12792 2 0 
9500 12989 12953 12210 13627 12412 12308 12856 1 0 
9600 13019 12903 12247 13631 12400 12291 12848 1 0 
9700 13048 12901 12292 13618 12428 12296 12808 0 0 
9800 12916 12988 12228 13607 12338 12234 12818 0 0 
9900 13021 12964 12275 13592 12487 12382 12826 0 0 
10000 13021 12900 12270 13638 12448 12284 12963 1 0 
