# Avida tasks data
# Sun Apr 16 01:50:15 2023
# First column gives the current update, next columns give the number
# of organisms that have the particular task as a component of their merit
#  1: Update
#  2: Not
#  3: Nand
#  4: And
#  5: OrNot
#  6: Or
#  7: AndNot
#  8: Nor
#  9: Xor
# 10: Equals

0 0 0 0 0 0 0 0 0 0 
100 0 0 0 0 0 0 0 0 0 
200 0 0 0 0 0 0 0 0 0 
300 0 0 0 0 0 0 0 0 0 
400 0 0 0 0 0 0 0 0 0 
500 0 0 0 0 0 0 0 0 0 
600 5 0 0 0 0 0 0 0 0 
700 5 0 0 0 0 0 0 0 0 
800 17 0 0 2 0 0 0 0 0 
900 67 19 0 120 0 0 0 0 0 
1000 161 69 12 384 0 3 0 0 0 
1100 373 298 4 957 0 25 0 0 0 
1200 857 1232 12 2341 2 441 0 0 0 
1300 1033 3231 29 3604 1545 2449 0 0 0 
1400 1129 4848 43 5107 3529 4188 1131 0 0 
1500 1153 6216 48 6452 4815 5539 3321 0 0 
1600 1257 7546 61 7795 6103 6943 5030 0 0 
1700 1557 8637 65 8767 7057 8148 6161 0 0 
1800 1889 9760 93 9621 8216 9323 7503 0 0 
1900 2349 10664 106 10360 9139 10336 8576 0 0 
2000 2660 11389 102 11093 9972 11127 9374 0 2 
2100 3107 12078 119 11542 10440 11779 9840 0 0 
2200 3577 12589 107 11875 10856 12309 10200 0 0 
2300 4421 12946 108 12218 11217 12646 10584 0 0 
2400 5216 13124 131 12499 11466 12881 10834 0 0 
2500 5831 13351 120 12619 11494 13146 10899 0 1 
2600 6543 13413 108 12887 11712 13153 11142 0 0 
2700 7214 13536 130 12841 11706 13238 11068 0 0 
2800 7950 13590 97 12873 11731 13243 11023 0 0 
2900 8853 13465 132 12914 11694 13176 11051 0 0 
3000 9389 13543 109 12809 11681 13212 11028 0 0 
3100 9998 13537 135 12840 11669 13238 11080 0 0 
3200 10454 13573 102 12902 11744 13269 11137 1 1 
3300 10769 13568 114 12873 11640 13250 11043 0 0 
3400 11166 13566 109 12997 11822 13201 11219 0 0 
3500 11490 13637 124 13022 11768 13289 11198 0 0 
3600 11846 13624 128 12965 11704 13275 11132 1 0 
3700 12181 13617 151 13091 11756 13267 11240 0 0 
3800 12313 13533 157 12981 11594 13197 11115 0 0 
3900 12550 13609 158 13005 11701 13264 11202 0 0 
4000 12589 13676 144 12921 11744 13328 11204 0 2 
4100 12705 13595 122 13013 11619 13268 11139 0 0 
4200 12800 13575 146 13000 11652 13225 11109 0 3 
4300 12829 13581 120 12936 11752 13263 11229 0 0 
4400 12775 13546 127 12939 11521 13216 11107 0 2 
4500 12963 13623 127 12976 11671 13288 11213 0 0 
4600 12888 13576 124 12995 11647 13257 11165 0 1 
4700 12842 13575 108 12971 11588 13216 11100 0 2 
4800 12855 13577 140 12912 11653 13258 11206 0 1 
4900 12892 13578 123 12961 11702 13246 11174 0 0 
5000 12753 13545 127 12956 11656 13209 11175 0 0 
5100 12791 13587 106 12926 11559 13206 11078 0 0 
5200 12935 13583 125 12959 11611 13200 11156 0 0 
5300 12903 13595 114 12971 11709 13306 11315 0 1 
5400 12952 13634 116 13009 11765 13336 11329 0 0 
5500 12883 13637 99 12983 11667 13262 11192 0 0 
5600 13053 13611 130 12932 11566 13176 11180 0 0 
5700 13109 13518 122 12968 11549 13203 11101 4 4 
5800 12852 13573 137 12886 11599 13217 11173 0 0 
5900 12908 13672 118 12951 11644 13250 11165 0 0 
6000 12861 13647 163 12992 11675 13226 11310 4 4 
6100 12848 13613 165 13001 11656 13252 11274 4 3 
6200 12921 13596 133 12877 11757 13275 11286 0 0 
6300 12862 13586 176 12899 11588 13213 11130 0 0 
6400 12955 13642 163 12924 11701 13249 11292 0 0 
6500 12868 13622 166 12908 11684 13302 11235 0 0 
6600 12861 13614 169 12992 11685 13320 11305 0 1 
6700 12913 13624 150 12947 11750 13313 11315 0 0 
6800 12799 13551 169 12942 11786 13226 11388 0 1 
6900 12894 13635 196 12914 11750 13300 11261 0 0 
7000 12977 13608 168 12806 11766 13282 11338 0 0 
7100 12850 13537 200 12806 11768 13284 11285 0 0 
7200 12899 13634 206 12837 11867 13359 11371 0 0 
7300 12936 13554 204 12837 11683 13271 11217 0 0 
7400 12839 13563 208 12823 11744 13290 11283 0 0 
7500 12864 13538 173 12724 11768 13255 11235 0 0 
7600 12915 13603 139 12846 11794 13286 11277 0 0 
7700 13010 13613 189 12873 11887 13341 11391 0 0 
7800 12997 13607 170 12917 11939 13276 11428 0 0 
7900 12845 13545 224 12904 11832 13318 11317 0 0 
8000 12554 13519 446 12813 11682 13224 11247 0 0 
8100 12430 13554 707 12845 11834 13254 11344 0 0 
8200 12090 13551 1114 12766 11866 13282 11410 0 0 
8300 11682 13497 1855 12825 11762 13190 11324 0 0 
8400 11257 13560 2998 12968 11895 13279 11426 0 0 
8500 10927 13554 4413 12934 11984 13286 11520 0 0 
8600 10593 13563 5847 12909 11883 13294 11326 0 0 
8700 10440 13535 7146 12859 12005 13249 11443 0 0 
8800 10560 13432 8346 12881 12021 13182 11397 0 0 
8900 10639 13435 9302 12904 11954 13212 11350 0 0 
9000 10879 13497 10231 12947 11973 13304 11432 0 0 
9100 11097 13518 10952 13032 12071 13289 11485 0 0 
9200 11275 13495 11353 12963 11984 13307 11363 0 0 
9300 11474 13362 11711 12927 11892 13190 11336 0 0 
9400 11794 13464 11962 12950 12067 13262 11401 0 0 
9500 12105 13601 12158 12827 12102 13310 11488 0 0 
9600 12177 13467 12398 12947 11986 13253 11341 0 1 
9700 12314 13476 12595 12963 12039 13241 11395 0 0 
9800 12393 13558 12737 13065 12080 13263 11525 0 0 
9900 12352 13605 12723 13020 11985 13332 11358 0 0 
10000 12307 13503 12729 12975 12033 13277 11474 0 0 
