# Avida tasks data
# Sun Apr 16 06:24:40 2023
# First column gives the current update, next columns give the number
# of organisms that have the particular task as a component of their merit
#  1: Update
#  2: Not
#  3: Nand
#  4: And
#  5: OrNot
#  6: Or
#  7: AndNot
#  8: Nor
#  9: Xor
# 10: Equals

0 0 0 0 0 0 0 0 0 0 
100 0 0 0 0 0 0 0 0 0 
200 0 0 0 0 0 0 0 0 0 
300 0 0 0 0 0 0 0 0 0 
400 0 0 0 0 0 0 0 0 0 
500 0 0 0 0 0 0 0 0 0 
600 426 0 0 0 0 0 0 0 0 
700 1583 9 0 8 1 0 0 0 0 
800 2932 16 0 32 3 0 1 0 0 
900 3264 65 0 39 1 0 0 0 0 
1000 3661 98 0 69 1 0 0 0 0 
1100 4708 238 0 140 3 0 1 0 0 
1200 5389 520 0 199 3 0 0 0 0 
1300 6243 1102 0 264 0 0 0 0 0 
1400 7582 1746 0 309 3 0 2 0 0 
1500 8719 2790 0 393 8 0 2 0 0 
1600 11878 5592 0 741 21 0 5 0 0 
1700 12250 6620 2 804 20 0 5 0 0 
1800 12285 6433 0 829 22 6 15 0 0 
1900 12256 5975 0 801 19 6 14 0 0 
2000 12240 6419 0 816 18 8 13 0 0 
2100 12223 6627 1 759 19 7 13 0 0 
2200 12205 6745 0 776 14 5 25 0 0 
2300 12213 6797 1 782 16 7 34 0 0 
2400 12204 6896 0 768 12 6 29 0 0 
