# Avida tasks data
# Sun Apr 16 02:26:08 2023
# First column gives the current update, next columns give the number
# of organisms that have the particular task as a component of their merit
#  1: Update
#  2: Not
#  3: Nand
#  4: And
#  5: OrNot
#  6: Or
#  7: AndNot
#  8: Nor
#  9: Xor
# 10: Equals

0 0 0 0 0 0 0 0 0 0 
100 0 0 0 0 0 0 0 0 0 
200 0 0 0 0 0 0 0 0 0 
300 0 0 0 0 0 0 0 0 0 
400 0 0 0 0 0 0 0 0 0 
500 0 0 0 0 0 0 0 0 0 
600 0 0 0 0 0 0 0 0 0 
700 0 0 0 0 0 0 0 0 0 
800 1 0 0 0 0 0 0 0 0 
900 21 0 0 0 0 0 0 0 0 
1000 129 15 0 0 0 0 0 0 0 
1100 233 102 1615 1874 0 1589 0 0 0 
1200 263 180 3597 4211 165 3496 0 0 0 
1300 524 2231 4453 5433 2077 4563 1 3 0 
1400 953 3846 5300 6424 3613 5438 6 8 0 
1500 1718 5198 6082 7456 4757 6287 7 7 0 
1600 2591 6423 6807 8294 5754 7018 10 3 0 
1700 3471 7380 7330 9082 6551 7724 9 9 0 
1800 4121 8256 7948 9697 7356 8261 11 11 0 
1900 4902 9089 8413 10278 7951 8797 9 14 0 
2000 5569 9756 8876 10885 8551 9259 11 17 0 
2100 6221 10355 9182 11216 8859 9620 19 12 0 
2200 6727 10801 9444 11544 9152 9862 20 16 0 
2300 7406 11233 9872 11919 9588 10219 12 14 4 
2400 7877 11360 9902 12173 9605 10386 5 22 56 
2500 8409 11497 10077 12350 9586 10571 7 21 212 
2600 8988 11586 10268 12600 9600 10695 6 13 404 
2700 9292 11399 10360 12654 9424 10847 12 21 700 
2800 9759 11244 10567 12818 9283 10971 6 12 999 
2900 9967 10914 10590 12928 8813 10997 7 5 1445 
3000 10079 10674 10603 12961 8381 11031 8 11 1888 
3100 10100 10308 10597 13040 8966 11074 6 15 2227 
3200 10152 9604 10669 13062 9632 11157 2 9 2822 
3300 10062 8961 10685 13039 10035 11173 3 10 3536 
3400 9957 8335 10628 13052 10222 11063 4 9 4306 
3500 9616 8096 10585 13043 10304 11095 1 11 5050 
3600 9299 8077 10688 13054 10381 11136 3 8 5909 
3700 9196 7799 10708 13093 10447 11244 3 4 6771 
3800 9057 7821 10789 13176 10594 11376 3 9 7455 
3900 8838 7844 10695 13146 10404 11254 1 9 7891 
4000 8678 8042 10734 13170 10483 11306 3 7 8398 
4100 8641 8288 10694 13079 10399 11199 2 11 8660 
4200 8740 8635 10584 13146 10418 11288 3 7 8963 
4300 8825 8958 9907 13127 10325 11266 2 8 9023 
4400 8640 8864 9570 13001 10124 11257 173 8 9002 
4500 8675 8742 9320 12869 9911 11229 227 9 8977 
4600 8661 8537 9208 12833 9740 11184 192 9 8924 
4700 8662 8537 9208 12832 9743 11183 192 9 8923 
4800 8658 8539 9208 12829 9742 11180 192 9 8920 
4900 8657 8540 9208 12828 9741 11179 192 9 8919 
5000 8655 8540 9208 12826 9741 11177 192 9 8918 
5100 8656 8541 9208 12827 9742 11176 192 9 8917 
5200 8653 8541 9208 12826 9742 11176 192 9 8915 
5300 8656 8542 9208 12825 9741 11174 192 9 8913 
5400 8653 8541 9208 12822 9738 11171 192 9 8910 
5500 8656 8541 9208 12824 9740 11175 192 9 8914 
5600 8656 8541 9208 12824 9741 11175 192 9 8914 
5700 8658 8541 9208 12827 9744 11178 192 9 8917 
5800 8659 8541 9208 12828 9746 11179 192 9 8916 
5900 8657 8541 9208 12826 9745 11177 192 9 8914 
6000 8655 8541 9208 12824 9745 11175 192 9 8912 
6100 8653 8541 9208 12822 9745 11173 192 9 8910 
6200 8656 8540 9207 12824 9742 11175 193 9 8913 
6300 8653 8540 9207 12821 9740 11170 193 9 8908 
6400 8654 8540 9207 12822 9741 11171 193 9 8909 
6500 8648 8539 9207 12823 9740 11169 194 9 8907 
6600 8648 8539 9207 12821 9739 11169 194 9 8907 
6700 8633 8524 9203 12812 9732 11179 189 9 8922 
6800 8610 8519 9195 12808 9713 11157 188 9 8923 
6900 8611 8522 9195 12810 9710 11158 189 9 8925 
7000 8599 8527 9195 12801 9733 11138 189 9 8912 
7100 8586 8543 9143 12781 9716 11134 182 10 8906 
7200 8625 8626 9071 12792 9655 11079 178 14 8884 
7300 8625 8626 9071 12792 9655 11079 178 14 8884 
7400 8568 8603 8954 12779 9499 10901 185 14 8830 
7500 8594 8631 8952 12787 9494 10918 180 14 8841 
7600 8595 8631 8952 12788 9494 10919 180 14 8842 
7700 8595 8631 8952 12788 9494 10919 180 14 8842 
7800 8595 8631 8952 12788 9494 10919 180 14 8842 
7900 8595 8631 8952 12788 9494 10919 180 14 8842 
8000 8593 8629 8952 12788 9493 10917 180 14 8840 
8100 8593 8629 8952 12788 9493 10917 180 14 8840 
8200 8593 8629 8952 12788 9493 10917 180 14 8840 
8300 8593 8629 8952 12788 9493 10917 180 14 8840 
8400 8593 8629 8952 12788 9493 10917 180 14 8840 
8500 8663 8597 8891 12790 9434 10927 188 14 8844 
8600 8685 8442 8865 12726 9373 10967 185 14 8825 
8700 8615 8306 8678 12631 9226 10983 179 14 8828 
8800 8630 8351 8659 12675 9202 11001 188 14 8838 
8900 8384 8497 8530 12680 9106 11013 187 14 8866 
9000 8219 8452 8345 12667 8924 10963 189 14 8824 
9100 8173 8451 8213 12596 8794 10995 197 14 8868 
9200 8017 8487 8110 12582 8682 10948 198 14 8810 
9300 7971 8400 8004 12446 8587 10954 189 14 8874 
9400 7983 8233 7846 12283 8428 10922 189 15 8916 
9500 7912 8235 7667 12151 8311 10912 194 16 9056 
9600 7822 8025 7549 12040 8238 10891 198 14 9127 
9700 7690 8062 7503 11932 8247 10876 203 14 9121 
9800 7679 8008 7459 11810 8147 10899 204 14 9168 
9900 7633 7935 7447 11849 8133 10868 204 14 9146 
10000 7601 7865 7407 11731 8077 10868 203 13 9176 
