# Avida tasks data
# Sun Apr 16 05:38:12 2023
# First column gives the current update, next columns give the number
# of organisms that have the particular task as a component of their merit
#  1: Update
#  2: Not
#  3: Nand
#  4: And
#  5: OrNot
#  6: Or
#  7: AndNot
#  8: Nor
#  9: Xor
# 10: Equals

0 0 0 0 0 0 0 0 0 0 
100 0 0 0 0 0 0 0 0 0 
200 0 0 0 0 0 0 0 0 0 
300 0 0 0 0 0 0 0 0 0 
400 0 0 0 0 0 0 0 0 0 
500 624 35 0 0 0 0 0 0 0 
600 2719 2539 0 29 0 100 0 0 0 
700 4595 4695 3 123 0 718 0 0 0 
800 6725 7043 14 189 0 2043 0 0 0 
900 8582 9042 21 413 6 3604 0 0 0 
1000 9911 10288 28 703 3 5014 0 0 0 
1100 11006 11388 39 1029 10 6329 0 0 0 
1200 11579 12076 63 1443 18 7515 5 0 0 
1300 11824 12326 64 1892 13 8209 3 0 0 
1400 12060 12329 89 2454 23 8815 11 0 0 
1500 12206 12557 92 3117 121 9455 23 0 0 
1600 12177 12661 70 3464 472 9740 172 11 0 
1700 12283 12695 92 3539 310 9868 516 1109 0 
1800 12369 12711 442 3178 139 10289 398 2755 0 
1900 12521 12733 971 2804 95 9811 970 3438 728 
2000 12711 12850 987 2944 113 8081 2770 3279 2577 
2100 12853 12881 966 3028 793 7206 3758 2854 3492 
2200 12947 12902 827 2689 2314 6020 4996 2147 4676 
2300 12979 12922 647 2671 3045 5282 5688 1628 5350 
2400 13014 12991 581 2582 3370 5028 6062 1463 5720 
2500 13124 12996 433 2384 4529 3971 7067 853 6640 
2600 13252 13006 314 2142 5894 3234 7965 515 7451 
2700 13201 13015 289 2077 6266 2876 8219 388 7718 
2800 13229 13099 232 1984 6528 2645 8508 290 7951 
2900 13260 13110 221 1968 6681 2582 8581 247 8016 
3000 13264 13177 213 1906 6759 2537 8694 233 8140 
3100 13261 13146 154 1813 7137 2309 8918 159 8412 
3200 13304 13138 142 1601 7763 1927 9320 106 8719 
3300 13413 13217 149 1251 8553 1564 9810 122 9156 
3400 13392 13225 156 1042 9195 1308 10059 128 9430 
3500 13403 13227 166 975 9428 1193 10123 116 9485 
