# Avida tasks data
# Sun Apr 16 12:09:27 2023
# First column gives the current update, next columns give the number
# of organisms that have the particular task as a component of their merit
#  1: Update
#  2: Not
#  3: Nand
#  4: And
#  5: OrNot
#  6: Or
#  7: AndNot
#  8: Nor
#  9: Xor
# 10: Equals

0 0 0 0 0 0 0 0 0 0 
100 0 0 0 0 0 0 0 0 0 
200 0 0 0 0 0 0 0 0 0 
300 0 0 0 0 0 0 0 0 0 
400 0 0 0 0 0 0 0 0 0 
500 2 0 0 0 0 0 0 0 0 
600 395 77 0 689 16 0 0 0 0 
700 1453 944 11 1568 15 0 0 0 0 
800 1834 1374 3 1964 20 2 0 0 0 
900 2191 1544 5 2380 46 2 0 0 0 
1000 3398 1552 5 3607 57 3 0 0 0 
1100 4665 1747 5 4878 63 4 0 0 0 
1200 5427 2477 5 5643 73 5 0 0 0 
1300 6654 3692 160 6877 90 6 0 0 0 
1400 7748 4801 1059 7982 103 10 0 0 0 
1500 8984 6055 1004 9212 121 13 0 0 0 
1600 9648 6779 1005 9903 123 13 0 0 0 
1700 10354 7568 1000 10613 133 14 0 0 0 
1800 10939 8193 975 11229 142 13 0 0 0 
1900 11198 8521 897 11500 129 15 0 0 0 
2000 11373 8689 832 11647 139 15 0 0 0 
2100 11387 8761 729 11684 148 15 0 0 0 
2200 11463 8889 594 11780 131 13 0 0 0 
2300 11626 9065 466 11923 120 10 0 0 0 
2400 11666 9159 381 11962 138 10 3 0 0 
2500 11682 9308 300 12017 138 12 2 0 0 
2600 11751 9389 250 12048 133 9 2 0 0 
2700 11801 9564 214 12123 125 9 2 0 0 
2800 11841 9688 167 12171 133 11 2 0 0 
2900 11926 9894 118 12275 149 10 1 0 0 
3000 12049 10044 90 12373 126 13 1 0 0 
3100 12125 10196 67 12458 141 13 0 0 0 
3200 12190 10314 55 12549 142 13 0 0 0 
3300 12297 10474 39 12622 145 7 0 0 0 
3400 12402 10597 35 12719 144 7 0 0 0 
3500 12395 10608 34 12732 154 9 0 0 0 
3600 12463 10654 22 12799 169 4 0 0 0 
3700 12533 10759 25 12880 163 5 0 0 0 
3800 12516 10061 780 12903 172 21 0 0 0 
3900 12496 9582 1288 12919 185 36 0 0 0 
4000 12492 9081 1790 12921 180 24 1 0 0 
4100 12451 8662 2260 12913 178 44 0 0 0 
4200 12401 8311 2599 12901 186 66 1 0 0 
4300 12437 7947 2982 12921 183 76 1 0 0 
4400 12430 7571 3418 12917 197 62 3 0 0 
4500 12385 7228 3788 12917 173 54 1 0 0 
4600 12365 6914 4081 12906 182 80 0 0 0 
4700 12320 6694 4390 12908 180 88 0 0 0 
4800 12364 6417 4754 12926 190 99 0 0 0 
4900 12352 6121 5043 12930 209 99 2 0 0 
5000 12363 5809 5405 12913 205 83 2 0 0 
5100 12232 5605 5611 12907 215 100 2 0 0 
5200 12241 5297 5954 12906 196 81 1 0 0 
5300 12245 5085 6238 12903 206 102 0 0 0 
5400 12259 4883 6574 12938 225 133 2 0 0 
5500 12284 4607 6904 12965 205 133 0 0 0 
5600 12303 4386 7194 12987 204 109 0 0 0 
5700 12285 4268 7370 13000 206 134 0 0 0 
5800 12286 4091 7591 13023 217 141 4 0 0 
5900 12262 3970 7863 13039 194 134 3 0 0 
6000 12272 3802 8125 13076 210 146 1 0 0 
6100 12328 3695 8344 13112 219 140 0 0 0 
6200 12311 3576 8572 13118 188 141 0 0 0 
6300 12414 3503 8753 13167 211 168 0 0 0 
6400 12433 3401 8877 13207 207 182 0 0 0 
6500 12473 3262 9085 13240 210 164 0 0 0 
6600 12467 3218 9247 13293 201 170 1 0 0 
6700 12486 3119 9410 13307 222 170 2 0 0 
6800 12461 3020 9562 13329 231 181 2 0 0 
6900 12523 2924 9731 13350 231 168 1 0 0 
7000 12563 2852 9881 13406 216 158 0 0 0 
7100 12548 2775 9979 13405 216 156 0 0 0 
7200 12586 2773 10058 13420 199 174 0 0 0 
7300 12595 2758 10047 13411 205 173 0 0 0 
7400 12620 2724 10090 13410 186 168 0 0 0 
7500 12628 2882 10152 13418 188 157 0 0 0 
7600 12627 3324 10178 13414 202 167 0 0 0 
7700 12622 3743 10172 13417 201 175 0 0 0 
7800 12627 3568 10209 13415 204 162 0 0 0 
7900 12603 3405 10181 13397 197 163 0 0 0 
8000 12637 3292 10197 13406 193 183 0 0 0 
8100 12628 3251 10218 13405 189 166 0 0 0 
8200 12635 3142 10222 13398 194 146 0 0 0 
8300 12611 3073 10253 13381 177 162 0 0 0 
8400 12631 3045 10281 13414 170 164 0 0 0 
8500 12641 2988 10250 13396 188 166 0 0 0 
8600 12672 2927 10300 13408 182 149 0 0 0 
8700 12641 2904 10314 13409 174 144 0 0 0 
8800 12667 2870 10306 13421 173 158 0 0 0 
8900 12666 2777 10301 13396 192 159 0 0 0 
9000 12699 2736 10299 13419 179 146 1 0 0 
9100 12706 2697 10313 13392 170 170 0 0 0 
9200 12727 2680 10321 13406 185 162 0 0 0 
9300 12698 2634 10404 13414 172 157 2 0 0 
9400 12719 2594 10470 13420 191 143 1 0 0 
9500 12704 2616 10503 13411 201 143 0 0 0 
9600 12735 2605 10534 13408 190 136 0 0 0 
9700 12740 2510 10617 13417 192 147 0 0 0 
9800 12731 2450 10636 13419 197 150 0 0 0 
9900 12762 2475 10751 13453 198 147 0 0 0 
10000 12810 2436 10810 13471 193 135 1 0 0 
