# Avida tasks data
# Sun Apr 16 11:39:08 2023
# First column gives the current update, next columns give the number
# of organisms that have the particular task as a component of their merit
#  1: Update
#  2: Not
#  3: Nand
#  4: And
#  5: OrNot
#  6: Or
#  7: AndNot
#  8: Nor
#  9: Xor
# 10: Equals

0 0 0 0 0 0 0 0 0 0 
100 0 0 0 0 0 0 0 0 0 
200 0 0 0 0 0 0 0 0 0 
300 0 0 0 0 0 0 0 0 0 
400 0 0 0 0 0 0 0 0 0 
500 0 0 0 0 0 0 0 0 0 
600 0 0 0 0 0 0 0 0 0 
700 0 0 0 0 0 0 0 0 0 
800 0 0 0 0 0 0 0 0 0 
900 38 5 0 21 0 0 0 0 0 
1000 431 13 0 32 0 3 0 0 0 
1100 866 537 0 543 0 0 0 0 0 
1200 1407 1729 0 1601 0 1 0 0 0 
1300 1514 3373 26 3246 2 1414 0 0 0 
1400 4113 4512 51 4409 0 3092 0 0 0 
1500 6297 5909 60 5888 1 5031 0 0 0 
1600 8023 7410 93 7581 0 6796 0 0 0 
1700 9516 8947 131 9138 2 8416 0 0 0 
1800 10765 10112 201 10397 0 9570 0 0 0 
1900 11683 10998 458 11411 0 10484 0 0 0 
2000 12386 11678 810 12129 21 11141 19 0 0 
2100 12862 12034 1401 12522 85 11506 72 0 0 
2200 13112 12128 1911 12717 368 11814 275 0 0 
2300 12841 11682 2375 12609 1065 12025 680 0 0 
2400 13400 12214 2400 12525 2437 12170 1802 1 0 
2500 13520 12669 2183 12363 4630 12194 3778 2 0 
2600 13555 12830 1766 12008 6482 12191 5476 0 0 
2700 13696 13077 1463 11907 8151 12241 7098 0 0 
2800 13630 13319 1358 11604 9440 12227 8362 2 0 
2900 13731 13446 1337 11315 10431 12190 9423 3 0 
3000 13728 13548 1503 11234 11273 12260 10217 4 0 
3100 13778 13571 1559 11209 11841 12316 10719 1 0 
3200 13790 13642 1722 11262 12305 12251 11159 3 0 
3300 13782 13562 1914 11029 12586 12090 11395 0 1 
3400 13718 13651 2241 10993 12717 12225 11502 3 0 
3500 13827 13632 2579 11051 12984 12297 11692 0 0 
3600 13717 13673 2994 11092 12990 12310 11730 0 0 
3700 13788 13678 3430 11033 12998 12181 11703 0 0 
3800 13749 13673 3856 11195 13079 12283 11869 2 0 
3900 13720 13704 4033 11176 12969 12079 11711 1 0 
4000 13723 13615 4463 11177 13032 12119 11664 0 28 
4100 13772 13571 4699 11304 13112 12167 11622 0 111 
4200 13712 13653 5241 11398 12970 12163 11389 0 244 
4300 13743 13649 5535 11474 12927 12106 11076 1 636 
4400 13701 13733 4217 11883 12668 11975 8853 2 2896 
4500 13689 13685 3340 12211 12517 11870 7258 0 4488 
4600 13702 13623 2429 12509 12271 11750 5571 0 6064 
4700 13644 13594 1495 12862 12150 11603 4083 0 7524 
4800 13646 13656 962 13034 12032 11596 2886 0 8747 
4900 13656 13573 669 13182 11832 11367 1889 0 9586 
5000 13720 13620 445 13378 11850 11473 1160 0 10461 
5100 13665 13676 399 13426 11806 11462 638 0 11002 
5200 13657 13623 335 13457 11753 11399 392 0 11197 
5300 13708 13564 325 13566 11741 11528 270 0 11336 
5400 13622 13448 336 13452 11628 11336 274 0 11216 
5500 13607 13250 338 13421 11645 10856 269 0 11113 
