# Avida tasks data
# Sun Apr 16 08:23:01 2023
# First column gives the current update, next columns give the number
# of organisms that have the particular task as a component of their merit
#  1: Update
#  2: Not
#  3: Nand
#  4: And
#  5: OrNot
#  6: Or
#  7: AndNot
#  8: Nor
#  9: Xor
# 10: Equals

0 0 0 0 0 0 0 0 0 0 
100 0 0 0 0 0 0 0 0 0 
200 0 0 0 0 0 0 0 0 0 
300 0 0 0 0 0 0 0 0 0 
400 0 0 0 0 0 0 0 0 0 
500 0 4 0 1 0 0 0 0 0 
600 5 31 0 0 0 0 0 0 0 
700 12 91 0 123 0 0 0 0 0 
800 52 559 0 681 0 0 0 0 0 
900 67 1638 0 1562 0 0 0 0 0 
1000 87 2751 0 2775 0 0 0 0 0 
1100 131 3719 10 3740 0 0 0 0 0 
1200 329 4609 135 4864 6 71 0 0 0 
1300 339 5014 299 5317 746 474 727 0 0 
1400 400 3644 255 5642 2531 2204 2423 0 0 
1500 846 3587 199 6189 4067 3717 3981 0 0 
1600 1729 4355 153 7362 5592 5081 5392 0 0 
1700 2536 5273 148 8689 7059 6407 6817 0 0 
1800 3788 6272 110 10015 8482 7677 8186 0 0 
1900 4843 7191 134 11093 9570 8775 9323 0 0 
2000 5820 7574 137 11654 10219 9322 9873 0 0 
2100 6551 8188 137 12135 10801 9792 10440 0 0 
2200 7326 8602 196 12358 11099 10202 10765 0 0 
2300 8052 8879 129 12628 11509 10479 11152 0 0 
2400 8851 9212 165 12792 11686 10734 11369 0 0 
2500 9512 9509 168 12962 11873 10807 11494 0 0 
2600 10135 9794 212 13063 11978 10944 11625 0 0 
2700 10493 10033 254 13079 12038 11060 11646 0 0 
2800 10919 10258 306 13130 12112 11102 11664 0 0 
2900 11227 10408 343 13192 12210 11178 11834 0 0 
3000 11524 10496 478 13221 12072 11083 11718 0 0 
3100 11736 10712 609 13225 12226 11228 11833 0 24 
3200 11651 10495 907 13202 12141 11039 11719 0 24 
3300 11892 10437 1210 13163 12140 11086 11698 0 27 
3400 11948 10467 1600 13142 12046 11129 11714 0 3 
3500 12078 10532 1924 13164 12146 11167 11769 0 13 
3600 11960 10537 2247 13113 12007 11038 11634 0 15 
3700 12026 10528 2631 13147 12098 11164 11703 0 8 
3800 11992 10547 2923 13130 12047 11171 11689 0 8 
3900 11975 10541 3248 13073 11965 11080 11618 0 0 
4000 12092 10574 3442 13100 12041 11084 11671 0 2 
4100 12013 10424 3737 13053 11927 10963 11500 0 0 
4200 12076 10438 4136 13116 11906 11068 11524 0 0 
4300 12045 10459 4313 13086 11875 11071 11520 0 2 
4400 12049 10530 4575 13080 11891 11053 11514 0 2 
4500 12071 10610 4876 13013 11878 11071 11428 0 1 
4600 12068 10603 5056 13007 11861 11168 11544 0 0 
4700 12147 10739 5357 13069 11917 11171 11518 0 8 
4800 12100 10682 5700 13021 11921 11082 11501 0 1 
4900 12103 10716 6086 13053 11996 11216 11641 0 5 
5000 12110 10797 6456 13016 11981 11311 11635 0 8 
5100 12122 10778 6795 12927 11862 11153 11472 0 2 
5200 12073 10743 7170 12975 11857 11113 11506 0 1 
5300 12141 10742 7474 13104 11937 11143 11561 0 0 
5400 12189 10803 7960 13124 11997 11324 11657 0 4 
5500 12074 10756 8028 13072 11873 11187 11498 0 0 
5600 12004 10773 8194 12984 11798 11098 11442 0 8 
5700 12090 10785 8587 12998 11750 11142 11455 0 8 
5800 12059 10772 8840 12945 11717 11159 11373 0 6 
5900 12111 10731 9138 13051 11811 11176 11462 0 4 
6000 12120 10652 9199 12981 11758 11074 11433 0 0 
6100 12165 10830 9472 12969 11864 11203 11503 0 1 
6200 12117 10769 9708 13008 11763 11199 11491 0 2 
6300 12220 10866 9832 13042 11834 11186 11566 0 6 
6400 12156 10757 9870 12958 11831 11129 11460 0 13 
6500 12187 10722 10106 13039 11885 11100 11501 0 14 
6600 12168 10858 10209 13045 11878 11125 11471 0 16 
6700 12178 10796 10270 12981 11862 11005 11442 0 16 
6800 12124 10833 10306 12899 11866 11055 11404 0 8 
6900 12277 10887 10596 13036 12008 11191 11581 0 25 
7000 12243 10861 10593 13047 11912 11116 11509 0 33 
7100 12267 10993 10657 13017 11940 11179 11567 0 19 
7200 12330 10898 10809 12982 11882 11156 11566 0 11 
7300 12195 10923 10824 12970 11881 11158 11489 0 10 
7400 12168 10851 10825 13014 11870 11119 11473 0 6 
7500 12096 10856 10893 12983 11929 11132 11484 0 9 
7600 12193 10920 10943 13002 11936 11091 11535 0 28 
7700 12318 10926 10935 13060 11938 11151 11553 0 31 
7800 12293 10960 11017 13107 12023 11158 11654 0 24 
7900 12280 10793 10894 13058 11955 11063 11531 0 27 
8000 12274 10819 10811 13121 11929 11101 11576 0 38 
8100 12296 10856 10973 13116 12039 11219 11598 0 44 
8200 12352 10911 10941 13136 12056 11198 11724 0 50 
8300 12309 10898 10976 13097 12023 11103 11613 0 61 
8400 12282 10887 10958 13122 12047 11111 11623 0 87 
8500 12421 10954 11003 13237 12121 11228 11770 0 111 
8600 12447 9535 9561 13086 12063 9718 11608 0 1499 
8700 12520 8290 8228 13185 12156 8354 11626 0 2839 
8800 12615 7168 7127 13150 12165 7224 11596 0 3876 
8900 12585 7116 6397 13012 12006 6483 11440 0 4470 
9000 12634 8738 6195 13044 12050 6273 11510 0 4742 
9100 12676 9860 5675 13055 12099 5766 11565 0 5331 
9200 12732 10582 5123 13093 12037 5196 11495 0 5797 
9300 12803 11081 4470 13087 12057 4541 11508 0 6485 
9400 12851 11403 3864 13016 12120 3910 11578 0 7129 
9500 12830 11713 3234 13028 12108 3291 11503 0 7701 
9600 12859 12053 2640 12951 12089 2672 11470 0 8351 
9700 12934 12263 2187 13006 12055 2211 11470 0 8784 
9800 12988 12565 1744 12941 12074 1752 11415 0 9189 
9900 13113 12807 1423 12971 12137 1413 11523 0 9591 
10000 13073 12959 1142 13006 12221 1092 11543 0 9939 
