# Avida tasks data
# Sun Apr 16 11:11:19 2023
# First column gives the current update, next columns give the number
# of organisms that have the particular task as a component of their merit
#  1: Update
#  2: Not
#  3: Nand
#  4: And
#  5: OrNot
#  6: Or
#  7: AndNot
#  8: Nor
#  9: Xor
# 10: Equals

0 0 0 0 0 0 0 0 0 0 
100 0 0 0 0 0 0 0 0 0 
200 0 0 0 0 0 0 0 0 0 
300 0 0 0 0 0 0 0 0 0 
400 63 0 0 0 0 0 0 0 0 
500 1373 877 0 133 4 0 0 0 0 
600 3225 2681 0 1411 13 0 0 0 0 
700 5195 4640 0 3036 60 0 0 0 0 
800 7430 6861 0 4870 80 0 0 0 0 
900 9702 9159 2 6842 85 0 0 0 0 
1000 11310 10654 2 8473 149 0 0 0 0 
1100 11979 11339 0 9338 153 1 0 0 0 
1200 12319 11709 1 9945 163 17 0 0 0 
1300 12533 11863 3 10553 179 84 0 0 0 
1400 12695 12003 0 11044 194 227 0 0 0 
1500 12873 12035 0 11373 147 377 0 0 0 
1600 12917 11774 1 11669 188 579 0 0 0 
1700 12951 11536 4 11819 224 852 0 0 0 
1800 12880 11657 13 11813 264 1262 0 0 0 
1900 12908 11883 12 11919 365 1807 0 0 0 
2000 12908 11910 27 11047 1220 2489 11 0 0 
2100 13023 12026 51 10911 2441 3441 5 0 0 
2200 13052 12166 78 10755 3540 4440 20 0 0 
2300 13128 12280 82 10757 4818 5603 18 0 0 
2400 13120 12310 121 10693 5691 6443 33 0 0 
2500 13174 12434 155 10731 6659 7351 24 0 0 
2600 13178 12404 171 10709 7357 8013 38 0 0 
2700 13176 12509 234 10925 8302 8824 43 0 0 
2800 13194 12478 256 10877 9027 9449 33 0 0 
2900 13258 12489 338 10896 9583 9922 55 0 0 
3000 13231 12529 380 10885 10195 10461 45 0 0 
3100 13199 12450 387 10958 10506 10680 52 2 0 
3200 13146 12462 433 10899 10850 11046 57 1 0 
3300 13183 12559 459 11072 11050 11304 60 0 0 
3400 13197 12523 514 10960 11278 11424 44 0 0 
3500 13230 12547 458 11047 11450 11629 74 0 0 
3600 13233 12651 449 11214 11679 11828 70 0 0 
3700 13184 12605 484 11173 11710 11859 43 0 0 
3800 13344 12732 529 11273 11825 11937 64 0 0 
3900 13351 12702 477 11300 11782 11961 55 0 0 
4000 13249 12599 474 11311 11698 11829 54 0 0 
4100 13241 12631 479 11302 11675 11847 57 0 0 
4200 13281 12721 543 11451 11831 12010 39 0 0 
4300 13172 12617 553 11344 11700 11850 72 0 0 
4400 13260 12682 589 11321 11740 11844 59 0 0 
4500 13253 12584 751 11262 11691 11816 70 0 0 
4600 13231 12716 795 11312 11782 11916 62 0 0 
4700 13205 12553 904 11107 11541 11709 59 0 0 
4800 13202 12617 1108 11300 11683 11861 67 0 0 
4900 13189 12529 1221 11254 11595 11764 55 0 0 
5000 13173 12539 1474 11437 11696 11826 55 0 0 
5100 13252 12626 1772 11482 11699 11832 72 0 0 
5200 13244 12639 2041 11420 11719 11908 58 0 0 
5300 13164 12558 2489 11439 11715 11880 45 0 0 
5400 13182 12548 3021 11446 11722 11876 55 0 0 
5500 13239 12579 3368 11440 11711 11923 44 0 0 
5600 13233 12616 3840 11563 11741 11929 38 0 0 
5700 13228 12551 4429 11543 11718 11943 60 0 0 
5800 13180 12603 4869 11553 11799 12061 55 0 0 
5900 13199 12602 5494 11570 11728 11965 44 0 0 
6000 13183 12470 5788 11449 11619 11820 65 0 0 
6100 13182 12553 6339 11515 11682 11932 70 0 0 
6200 13187 12602 6635 11623 11714 12019 66 0 0 
6300 13187 12532 7004 11491 11681 11962 43 0 0 
6400 13139 12511 7406 11492 11629 11829 66 0 0 
6500 13186 12560 7880 11557 11758 12046 55 0 0 
6600 13263 12564 8191 11675 11755 12023 53 0 0 
6700 13232 12550 8506 11672 11732 12018 48 0 0 
6800 13222 12526 8880 11591 11690 11966 60 0 0 
6900 13147 12506 9111 11609 11641 11985 73 0 0 
7000 13179 12505 9495 11670 11693 11965 56 0 0 
7100 13209 12488 9697 11605 11671 11905 71 0 0 
7200 13245 12478 9840 11642 11710 11994 60 0 0 
7300 13167 12457 9391 11530 11594 11922 650 0 0 
7400 13271 12570 8724 11684 11726 12029 1653 0 0 
7500 13263 12507 7766 11571 11651 11938 2669 0 0 
7600 13263 12510 6926 11536 11632 11848 3636 0 0 
7700 13268 12556 6174 11674 11697 11932 4601 0 0 
7800 13206 12568 5467 11589 11683 11904 5500 0 0 
7900 13272 12537 4772 11630 11764 11896 6334 0 0 
8000 13161 12437 4129 11519 11581 11768 7066 0 0 
8100 13310 12485 3554 11553 11608 11767 7855 0 0 
8200 13300 12519 3014 11573 11638 11879 8650 0 0 
8300 13244 12363 2490 11474 11544 11792 9160 0 0 
8400 13275 12420 2111 11439 11608 11755 9601 0 0 
8500 13316 12517 1706 11521 11678 11817 10128 0 0 
8600 13234 12526 1386 11474 11619 11799 10404 0 0 
8700 13321 12523 1080 11552 11657 11830 10690 0 0 
8800 13334 12513 912 11589 11694 11815 10879 0 0 
8900 13272 12372 755 11438 11555 11729 11000 0 0 
9000 13301 12576 626 11580 11771 11921 11338 0 0 
9100 13288 12476 520 11272 11535 11747 11265 0 0 
9200 13298 12435 468 11299 11577 11786 11418 0 0 
9300 13264 12471 498 11215 11561 11703 11357 0 0 
9400 13269 12389 499 11235 11542 11713 11423 0 0 
9500 13278 12496 545 11216 11570 11774 11464 0 0 
9600 13251 12477 645 11229 11629 11827 11473 0 0 
9700 13292 12479 648 11149 11632 11819 11480 0 0 
9800 13310 12535 690 11202 11641 11796 11446 0 0 
9900 13274 12481 709 11185 11603 11817 11453 0 0 
10000 13285 12470 833 11102 11640 11799 11426 0 2 
