# Avida tasks data
# Sun Apr 16 12:00:11 2023
# First column gives the current update, next columns give the number
# of organisms that have the particular task as a component of their merit
#  1: Update
#  2: Not
#  3: Nand
#  4: And
#  5: OrNot
#  6: Or
#  7: AndNot
#  8: Nor
#  9: Xor
# 10: Equals

0 0 0 0 0 0 0 0 0 0 
100 0 0 0 0 0 0 0 0 0 
200 0 0 0 0 0 0 0 0 0 
300 0 0 0 0 0 0 0 0 0 
400 0 0 0 0 0 0 0 0 0 
500 51 0 0 0 0 0 0 0 0 
600 955 0 0 0 0 0 0 0 0 
700 2472 0 0 0 0 0 0 0 0 
800 4404 0 0 0 0 0 0 0 0 
900 6294 9 0 0 0 0 0 0 0 
1000 7771 33 0 0 0 0 0 0 0 
1100 8768 58 0 0 0 0 0 0 0 
1200 9456 1781 0 1681 0 0 0 0 0 
1300 9673 3572 1019 3437 0 4 0 0 0 
1400 10171 4580 3012 4431 0 22 0 0 0 
1500 10212 5776 4388 5600 0 309 0 0 0 
1600 10211 6966 5667 6719 3 814 0 0 0 
1700 10419 8134 6881 7901 0 1389 0 0 0 
1800 10797 9301 7874 9092 0 2061 3 0 0 
1900 11190 10491 8965 10232 0 2781 1 0 0 
2000 11526 11442 9746 11126 0 3401 2 0 0 
2100 11794 11995 10282 11691 1 4154 6 0 0 
2200 11952 12414 10665 12113 0 4786 6 0 0 
2300 12043 12818 11105 12475 0 5581 4 0 0 
2400 12212 13116 11305 12801 0 6144 7 0 0 
2500 12254 13297 11559 13016 1 6748 8 0 0 
2600 12193 13339 11564 12954 2 7296 8 0 0 
2700 12236 13393 11687 13125 0 7965 7 0 0 
2800 12222 13493 11714 13213 0 8819 2 0 0 
2900 12270 13556 11745 13286 0 9338 9 0 0 
3000 12335 13503 11670 13205 0 9611 10 0 0 
3100 12259 13552 11888 13164 0 10278 6 0 0 
3200 12229 13566 11873 13261 1 10690 15 0 0 
3300 12272 13572 11889 13235 0 11019 11 0 0 
3400 12194 13585 11919 13263 0 11379 7 0 0 
3500 12393 13588 12003 13257 0 11697 12 0 0 
3600 12247 13508 11892 13269 0 12033 9 0 0 
3700 12247 13523 11910 13255 2 12217 13 0 0 
3800 12390 13574 12065 13268 0 12313 32 0 0 
3900 12423 13517 11993 13351 4 12370 103 0 0 
4000 12443 13417 12094 13326 0 12496 180 0 0 
4100 12411 13184 12125 13265 0 12489 375 0 0 
4200 12453 12918 12186 13397 0 12593 632 0 0 
4300 12452 12561 12212 13380 0 12495 959 0 0 
4400 12511 12307 12241 13387 3 12521 1252 0 0 
4500 12492 11879 12239 13422 2 12514 1653 0 0 
4600 12383 11658 12123 13394 2 12381 2039 0 17 
4700 12557 12244 12285 13401 0 12307 2361 0 129 
4800 12785 12740 12352 13442 3 12275 3027 0 106 
4900 12806 13111 12411 13396 19 12130 3850 0 158 
5000 12941 13428 12518 13513 4 12022 4942 0 171 
5100 13107 13504 12657 13537 12 11728 6059 0 292 
5200 13086 13564 12731 13506 14 11019 6624 0 830 
5300 13155 13482 12792 13525 21 10401 6967 1 1662 
5400 13315 13452 12846 13547 14 10293 6633 0 2736 
5500 13318 13462 12808 13582 22 9796 6279 410 3762 
5600 13308 13394 12865 13578 54 8442 5840 1839 4731 
5700 13434 13427 12848 13616 62 7052 5282 3183 5585 
5800 13371 13484 12894 13657 70 5346 4209 5089 6919 
5900 13395 13510 12840 13660 75 4349 3442 6279 7698 
6000 13367 13491 12849 13660 120 3358 2678 7443 8478 
6100 13359 13573 12860 13651 95 2514 2032 8385 9086 
6200 13290 12881 12762 13554 61 2407 1922 8437 9052 
