# Avida tasks data
# Sun Apr 16 09:23:33 2023
# First column gives the current update, next columns give the number
# of organisms that have the particular task as a component of their merit
#  1: Update
#  2: Not
#  3: Nand
#  4: And
#  5: OrNot
#  6: Or
#  7: AndNot
#  8: Nor
#  9: Xor
# 10: Equals

0 0 0 0 0 0 0 0 0 0 
100 0 0 0 0 0 0 0 0 0 
200 0 0 0 0 0 0 0 0 0 
300 0 0 0 0 0 0 0 0 0 
400 0 0 0 0 0 0 0 0 0 
500 0 0 0 0 0 0 0 0 0 
600 10 0 0 0 0 0 0 0 0 
700 31 0 0 0 0 0 0 0 0 
800 83 0 0 0 0 0 0 0 0 
900 320 80 0 47 0 0 0 0 0 
1000 1347 224 4 931 27 455 11 0 0 
1100 1499 252 4 1034 25 655 10 0 0 
1200 1682 329 7 1244 23 906 32 0 0 
1300 2245 786 12 1738 27 1505 44 0 0 
1400 3107 1517 16 2604 15 2285 211 0 0 
1500 3603 1828 18 3120 81 2678 302 0 0 
1600 3605 1831 18 3119 83 2678 303 0 0 
1700 3605 1833 18 3118 83 2677 303 0 0 
1800 4018 1701 24 3523 334 2467 932 0 0 
1900 4124 1527 21 3621 404 2266 1278 0 0 
2000 4125 1527 21 3619 404 2265 1278 0 0 
2100 4126 1527 21 3619 404 2266 1278 0 0 
2200 4123 1527 21 3619 404 2264 1278 0 0 
2300 4123 1527 21 3617 404 2264 1278 0 0 
2400 4125 1529 23 3616 404 2264 1278 0 0 
2500 4125 1529 23 3616 404 2264 1278 0 0 
2600 4126 1529 23 3614 404 2266 1278 0 0 
2700 4125 1529 23 3612 404 2266 1278 0 0 
2800 4543 1126 21 3981 547 1758 2189 0 0 
2900 4798 1006 28 4120 810 1570 2583 0 0 
3000 5170 774 26 4436 1583 1239 3270 0 0 
3100 5510 642 28 4871 2167 1000 3883 0 0 
3200 5511 642 28 4873 2168 1000 3885 0 0 
3300 5511 642 28 4873 2169 1000 3884 0 0 
3400 5511 642 28 4873 2169 1000 3884 0 0 
3500 5511 642 28 4873 2169 1000 3884 0 0 
3600 5510 642 28 4872 2169 1000 3883 0 0 
3700 5511 642 28 4872 2169 1000 3884 0 0 
3800 5537 658 33 4863 2076 1000 3879 0 0 
3900 5533 659 33 4863 2074 1001 3880 0 0 
4000 5510 655 32 4816 2042 1003 3822 0 0 
4100 5510 655 32 4816 2042 1003 3822 0 0 
4200 5510 655 32 4816 2042 1003 3822 0 0 
4300 5510 655 32 4816 2042 1003 3822 0 0 
4400 5510 655 32 4816 2042 1003 3822 0 0 
4500 5510 655 32 4816 2042 1003 3822 0 0 
4600 5510 655 32 4816 2042 1003 3822 0 0 
4700 5510 655 32 4816 2042 1003 3822 0 0 
4800 5510 655 32 4816 2042 1003 3822 0 0 
4900 5510 655 32 4816 2042 1003 3822 0 0 
5000 5510 655 32 4816 2042 1003 3822 0 0 
5100 5510 655 32 4816 2042 1003 3822 0 0 
5200 5510 655 32 4816 2042 1003 3822 0 0 
5300 5510 655 32 4816 2042 1003 3822 0 0 
5400 5509 655 32 4815 2041 1003 3821 0 0 
5500 5509 655 32 4815 2041 1003 3821 0 0 
5600 5508 655 32 4814 2040 1003 3820 0 0 
5700 5508 655 32 4814 2040 1003 3820 0 0 
5800 5508 655 32 4814 2040 1003 3820 0 0 
5900 5508 655 32 4814 2040 1003 3820 0 0 
6000 5508 655 32 4814 2040 1003 3820 0 0 
6100 5508 655 32 4814 2040 1003 3820 0 0 
6200 5509 655 32 4815 2040 1003 3821 0 0 
6300 5508 655 32 4814 2040 1003 3820 0 0 
6400 5508 655 32 4814 2040 1003 3820 0 0 
6500 5509 655 32 4815 2040 1003 3821 0 0 
6600 5508 655 32 4814 2040 1003 3820 0 0 
6700 5508 655 32 4814 2040 1003 3820 0 0 
6800 5508 655 32 4814 2040 1003 3820 0 0 
6900 5506 655 32 4812 2038 1003 3818 0 0 
7000 5506 655 32 4812 2038 1003 3818 0 0 
7100 5506 655 32 4812 2038 1003 3818 0 0 
7200 5506 655 32 4812 2038 1003 3818 0 0 
7300 5585 643 30 4894 2155 990 3933 0 0 
7400 5743 669 28 5016 2315 1007 4065 0 0 
7500 6040 675 31 5326 2468 1013 4336 0 0 
7600 6040 675 31 5326 2468 1013 4336 0 0 
7700 6040 675 31 5326 2468 1013 4336 0 0 
7800 6139 650 30 5426 2520 1002 4431 0 0 
7900 7179 658 30 6413 3664 1007 5390 0 0 
8000 8414 684 41 7516 5114 1008 6541 0 0 
8100 9749 1136 49 8815 6417 1422 7405 0 0 
