# Avida tasks data
# Sun Apr 16 08:54:22 2023
# First column gives the current update, next columns give the number
# of organisms that have the particular task as a component of their merit
#  1: Update
#  2: Not
#  3: Nand
#  4: And
#  5: OrNot
#  6: Or
#  7: AndNot
#  8: Nor
#  9: Xor
# 10: Equals

0 0 0 0 0 0 0 0 0 0 
100 0 0 0 0 0 0 0 0 0 
200 0 0 0 0 0 0 0 0 0 
300 0 0 0 0 0 0 0 0 0 
400 0 0 0 0 0 0 0 0 0 
500 1 0 0 0 0 0 0 0 0 
600 1 0 0 0 0 0 0 0 0 
700 0 0 0 0 0 0 0 0 0 
800 2 0 0 0 0 0 0 0 0 
900 36 0 0 0 0 0 0 0 0 
1000 79 4 0 0 0 0 0 0 0 
1100 147 32 0 0 0 0 0 0 0 
1200 272 89 0 9 0 0 0 0 0 
1300 419 221 18 193 0 0 0 0 0 
1400 613 455 16 805 0 0 0 0 0 
1500 756 1089 81 1779 54 0 0 0 0 
1600 962 1747 274 3181 1149 0 0 0 0 
1700 2022 1807 659 4470 2511 1 0 0 0 
1800 3737 1619 879 5587 3913 6 0 0 0 
1900 5139 1713 900 6752 5250 12 0 0 0 
2000 6274 2646 891 7760 6438 8 24 0 0 
2100 6103 2856 574 8294 7294 142 1199 0 0 
2200 5346 2623 311 8534 7815 580 2596 0 0 
2300 5091 2888 236 8668 8122 783 3833 0 0 
2400 5663 4101 386 8694 8195 2418 4477 0 0 
2500 6433 5243 401 8772 8388 3780 5219 0 0 
2600 7408 6326 285 9100 8791 5034 5989 0 0 
2700 8391 7563 193 9556 9234 6358 6801 0 0 
2800 9236 8498 189 9999 9676 7393 7693 0 2 
2900 9985 9536 176 10501 10168 8426 8640 0 0 
3000 10535 10267 150 10946 10675 9303 9485 0 0 
3100 11022 10861 104 11191 10855 10009 9952 2 0 
3200 11526 11373 119 11546 11175 10549 10530 0 1 
3300 12020 11830 120 11890 11490 10962 11055 0 0 
3400 12350 12214 91 12122 11697 11396 11457 0 0 
3500 12582 12541 109 12204 11874 11737 11714 0 0 
3600 12777 12744 99 12345 11939 11929 11867 0 0 
3700 13009 12950 155 12550 12074 12108 12084 0 0 
3800 13155 13070 383 12619 12181 12226 12203 0 0 
3900 13272 13087 827 12709 12331 12298 12386 0 0 
4000 13411 13184 1450 12756 12351 12381 12433 0 0 
4100 13324 13141 2125 12703 12350 12239 12431 0 0 
4200 13306 13175 2931 12781 12342 12272 12425 0 0 
4300 13215 13185 3789 12695 12369 12287 12427 0 2 
4400 13319 13092 4650 12711 12378 12275 12427 0 1 
4500 13369 13108 5436 12800 12365 12279 12465 0 2 
4600 13228 13117 6312 12797 12379 12125 12448 0 0 
4700 13345 13099 7327 12781 12335 12186 12466 0 1 
4800 13362 13162 8175 12776 12331 12221 12432 0 1 
4900 13363 13162 8904 12763 12319 12169 12419 0 2 
5000 13313 13153 9666 12753 12360 12230 12438 0 0 
5100 13392 13094 10464 12738 12315 12299 12439 0 2 
5200 13482 13101 11149 12746 12321 12210 12394 0 2 
5300 13472 13215 11735 12789 12397 12322 12482 0 0 
5400 13425 13169 12101 12754 12262 12230 12366 0 6 
5500 13484 13207 12354 12817 12290 12299 12432 0 4 
5600 13476 13255 12641 12736 12280 12347 12394 0 0 
5700 13470 13199 12843 12832 12320 12323 12458 0 0 
5800 13511 13284 12929 12852 12376 12340 12484 0 1 
5900 13432 13279 12970 12754 12382 12404 12483 0 7 
6000 13447 13242 13018 12747 12338 12301 12432 0 2 
6100 13372 13215 12972 12686 12231 12310 12310 0 3 
6200 13376 13230 13014 12732 12246 12348 12311 1 4 
6300 13407 13219 13101 12752 12334 12338 12406 0 4 
6400 13373 13337 13110 12807 12306 12411 12407 0 2 
6500 13371 13307 13090 12822 12414 12402 12496 0 5 
6600 13352 13321 13065 12694 12274 12389 12378 0 3 
6700 13383 13269 13108 12751 12325 12323 12412 0 8 
6800 13501 13229 13007 12817 12286 12282 12410 0 4 
6900 13418 13286 13075 12790 12306 12268 12402 0 3 
7000 13371 13283 13059 12839 12375 12369 12450 0 0 
7100 13356 13292 13064 12849 12415 12299 12505 0 4 
7200 13320 13265 13098 12662 12242 12313 12309 0 2 
7300 13282 13221 13022 12835 12386 12421 12505 1 4 
7400 13345 13224 13073 12840 12421 12326 12510 0 1 
7500 13434 13313 13115 12885 12432 12513 12531 0 4 
7600 13408 13177 13180 12882 12482 12363 12564 0 0 
7700 13426 13230 13055 12814 12386 12429 12455 0 4 
7800 13350 13287 13065 12785 12298 12385 12428 0 3 
7900 13384 13306 13066 12739 12350 12363 12437 0 2 
8000 13367 13335 13079 12873 12419 12386 12463 0 7 
8100 13364 13341 13064 12749 12383 12415 12422 0 4 
8200 13450 13300 12987 12797 12367 12444 12424 0 6 
8300 13480 13330 13056 12789 12415 12526 12510 0 1 
8400 13471 13219 13100 12783 12361 12407 12445 0 6 
8500 13385 13312 13154 12905 12430 12382 12473 0 3 
8600 13402 13262 13057 12799 12369 12388 12474 0 1 
8700 13495 13234 13155 12858 12422 12383 12482 0 2 
8800 13396 13239 13133 12860 12448 12371 12507 0 4 
8900 13349 13285 13105 12820 12448 12413 12510 0 3 
9000 13233 13267 13013 12778 12290 12389 12381 0 3 
9100 13322 13333 13049 12864 12426 12635 12525 0 2 
9200 13274 13364 13030 12792 12374 12529 12438 0 2 
9300 13354 13278 13090 12869 12388 12522 12468 0 3 
9400 13356 13292 13111 12784 12405 12550 12482 0 4 
9500 13365 13261 13092 12869 12400 12476 12449 0 1 
9600 13361 13254 13094 12858 12443 12443 12495 0 2 
9700 13317 13218 13048 12809 12357 12429 12457 0 2 
9800 13359 13177 13106 12850 12456 12492 12500 0 1 
9900 13435 13292 13006 12780 12383 12506 12443 0 2 
10000 13430 13310 13033 12895 12409 12592 12478 0 2 
