# Avida tasks data
# Sun Apr 16 10:18:22 2023
# First column gives the current update, next columns give the number
# of organisms that have the particular task as a component of their merit
#  1: Update
#  2: Not
#  3: Nand
#  4: And
#  5: OrNot
#  6: Or
#  7: AndNot
#  8: Nor
#  9: Xor
# 10: Equals

0 0 0 0 0 0 0 0 0 0 
100 0 0 0 0 0 0 0 0 0 
200 0 0 0 0 0 0 0 0 0 
300 0 0 0 0 0 0 0 0 0 
400 0 0 0 0 0 0 0 0 0 
500 2 0 0 0 0 0 0 0 0 
600 28 0 0 0 0 0 0 0 0 
700 95 0 0 0 0 0 0 0 0 
800 207 0 0 0 0 0 0 0 0 
900 294 6 0 0 0 0 0 0 0 
1000 492 30 7 0 0 0 0 0 0 
1100 431 69 1179 0 0 1269 0 0 0 
1200 1087 567 3188 244 0 3419 16 0 0 
1300 1671 1657 4517 1794 56 4854 15 583 0 
1400 930 3079 4819 3522 506 5099 6 2411 0 
1500 1028 4211 5241 4989 905 5560 0 3699 0 
1600 1687 5556 6258 6346 1177 6574 0 4755 0 
1700 2794 6524 7286 7472 1578 7671 0 5444 2 
1800 3644 7622 8332 8670 1978 8814 3 6173 8 
1900 4651 8257 9126 9553 2460 9613 0 6536 1 
2000 5832 9020 9862 10217 2828 10307 0 6848 0 
2100 6837 9807 10468 10886 3170 10888 3 7049 0 
2200 7995 10312 10753 11226 3684 11291 2 6892 0 
2300 8655 10803 11127 11612 4130 11586 3 6760 0 
2400 9322 11107 11397 11859 4599 11924 3 6475 0 
2500 9849 11589 11730 12130 5135 12215 6 6241 0 
2600 10280 11929 11484 12320 5777 12362 4 6111 1 
2700 10721 12197 11090 12574 6434 12556 12 6106 0 
2800 11028 12421 10607 12555 7083 12500 8 5915 2 
2900 11182 12586 10125 12676 7804 12640 10 6029 1 
3000 11250 12596 9598 12727 8474 12756 19 5912 6 
3100 11356 12577 8899 12659 9040 12764 23 6038 2 
3200 11637 12754 8160 12738 9715 12736 20 6156 2 
3300 11668 12813 7475 12777 10259 12750 30 6286 3 
3400 11850 12774 6731 12722 10899 12703 27 6413 1 
3500 11947 12812 6007 12743 11402 12675 38 6741 5 
3600 12042 12777 5355 12633 11561 12748 31 7040 7 
3700 12017 12919 4746 12851 11883 12740 35 7601 8 
3800 12231 12935 4137 12882 12106 12866 31 8189 1 
3900 12240 12858 3533 12747 12044 12724 30 8667 6 
4000 12234 12909 2935 12753 12114 12744 34 9117 10 
4100 12222 12917 2330 12739 12236 12728 55 9782 10 
4200 12345 12909 1770 12834 12371 12728 52 10271 10 
4300 12390 12925 1337 12811 12382 12748 40 10776 12 
4400 12330 12953 958 12828 12256 12715 47 11174 14 
4500 12518 13002 657 12847 12504 12739 38 11473 9 
4600 12500 13031 468 12844 12421 12782 45 11695 6 
4700 12414 12971 349 12760 12359 12720 55 11777 10 
4800 12361 12898 215 12794 12435 12650 37 11820 8 
4900 12484 12948 140 12826 12443 12620 47 11993 5 
5000 12520 13074 89 12937 12517 12706 54 12227 11 
5100 12428 13063 46 12913 12338 12712 50 12102 13 
5200 12539 13074 80 12870 12518 12765 36 12083 17 
5300 12359 13072 98 12825 12424 12642 52 12054 16 
5400 12493 13136 90 13004 12464 12704 52 12203 11 
5500 12600 13096 70 12887 12507 12683 64 12135 11 
5600 12513 13175 63 13038 12450 12663 55 12278 7 
5700 12508 13059 60 12896 12527 12660 34 12121 15 
5800 12525 13137 75 12990 12528 12744 52 12294 14 
5900 12513 13120 60 13035 12559 12655 42 12285 13 
6000 12561 13153 52 13057 12625 12715 40 12339 9 
6100 12629 13188 68 13029 12547 12664 42 12246 17 
6200 12686 13102 62 12984 12706 12625 32 12237 9 
6300 12548 13170 175 13053 12591 12609 53 12296 15 
6400 12579 13216 852 13126 12580 12628 32 12358 17 
6500 12667 13234 1582 13078 12605 12578 42 12336 7 
6600 12636 13271 2514 13096 12676 12532 34 12373 15 
6700 12610 13307 3436 13147 12629 12426 34 12343 14 
6800 12533 13296 4669 13058 12533 12328 22 12313 4 
6900 12557 13324 5601 13158 12617 12358 26 12387 17 
7000 12599 13371 6723 13192 12544 12184 17 12472 3 
7100 12626 13414 7666 13216 12601 12264 14 12496 18 
7200 12605 13464 8778 13267 12544 12127 13 12526 10 
7300 10499 13397 9219 13257 12204 11964 31 12475 1740 
7400 9017 13412 9856 13259 11986 11913 36 12420 3134 
7500 7773 13377 10598 13307 11818 11851 50 12470 4402 
7600 6431 13440 11264 13397 11806 11934 205 12580 5768 
7700 5581 13362 11494 13343 11530 11724 335 12447 6731 
7800 4898 13406 11919 13397 11305 11702 274 12433 7652 
7900 4436 13395 11916 13351 11275 11699 503 12366 8545 
8000 4230 13426 11832 13255 11053 11656 429 12322 8906 
8100 4192 13433 11838 13293 11044 11680 428 12372 9011 
8200 3981 13323 11815 13260 10960 11694 453 12301 9318 
8300 3613 13255 11792 13305 10966 11660 431 12304 9724 
8400 3372 13267 11861 13300 11014 11631 384 12380 9865 
8500 3279 13178 11830 13311 10991 11670 343 12345 10005 
8600 3212 13142 11797 13265 10863 11550 366 12257 10054 
8700 3051 13204 11897 13277 10817 11508 332 12237 10009 
8800 3199 13108 11966 13277 10830 11496 307 12286 10165 
8900 3140 13115 11938 13213 10807 11505 298 12206 10207 
9000 3037 13081 11838 13205 10697 11479 314 12161 10171 
9100 2992 13125 11825 13172 10688 11423 313 12145 10183 
9200 2944 13089 11730 13201 10738 11467 312 12182 10196 
9300 2961 13088 11694 13210 10687 11517 304 12090 10184 
9400 3018 13054 11747 13206 10620 11418 301 12080 10179 
9500 2790 12974 11743 13215 10639 11456 265 12128 10299 
9600 2664 12903 11670 13206 10629 11433 232 12124 10229 
9700 2647 12834 11721 13149 10591 11328 220 12034 10280 
9800 2513 12720 11667 13177 10527 11367 203 12042 10128 
9900 2425 12662 11519 13148 10420 11299 195 11954 10032 
10000 2483 12589 11526 13109 10465 11350 195 11900 10013 
