# Avida tasks data
# Sun Apr 16 17:15:09 2023
# First column gives the current update, next columns give the number
# of organisms that have the particular task as a component of their merit
#  1: Update
#  2: Not
#  3: Nand
#  4: And
#  5: OrNot
#  6: Or
#  7: AndNot
#  8: Nor
#  9: Xor
# 10: Equals

0 0 0 0 0 0 0 0 0 0 
100 0 0 0 0 0 0 0 0 0 
200 0 0 0 0 0 0 0 0 0 
300 0 0 0 0 0 0 0 0 0 
400 0 0 0 0 0 0 0 0 0 
500 0 0 0 0 0 0 0 0 0 
600 460 0 0 0 0 0 0 0 0 
700 1922 10 0 0 0 0 0 0 0 
800 1908 27 2 1 0 0 0 0 0 
900 1907 26 2 1 0 0 0 0 0 
1000 1907 26 2 1 0 0 0 0 0 
1100 1907 26 2 1 0 0 0 0 0 
1200 1907 25 2 1 0 0 0 0 0 
1300 1907 25 2 1 0 0 0 0 0 
1400 1907 25 2 1 0 0 0 0 0 
1500 1907 25 2 1 0 0 0 0 0 
1600 1908 26 2 1 0 0 0 0 0 
1700 1908 26 2 1 0 0 0 0 0 
1800 1909 27 2 1 0 0 0 0 0 
1900 1908 27 2 1 0 0 0 0 0 
2000 1908 27 2 1 0 0 0 0 0 
2100 1905 22 2 1 0 0 0 0 0 
2200 1878 28 2 4 0 0 0 0 0 
2300 1878 28 2 6 0 0 0 0 0 
2400 1877 28 2 7 0 0 0 0 0 
2500 1878 28 2 6 0 0 0 0 0 
2600 1881 33 2 2 0 0 0 0 0 
2700 1879 23 4 4 0 0 0 0 0 
2800 1880 25 3 4 0 0 0 0 0 
2900 1881 27 3 4 0 0 0 0 0 
3000 1879 27 3 4 0 0 0 0 0 
3100 1880 29 4 4 0 0 0 0 0 
3200 1873 37 4 3 0 0 0 0 0 
3300 1859 33 6 1 0 0 0 0 0 
3400 1868 46 7 0 0 0 0 0 0 
3500 1865 43 9 0 0 0 0 0 0 
3600 1864 41 8 0 0 0 0 0 0 
3700 1857 38 8 0 0 0 0 0 0 
3800 1861 42 8 0 0 0 0 0 0 
3900 1859 40 9 0 0 0 0 0 0 
4000 1879 78 5 0 0 0 0 0 0 
4100 1857 76 4 0 0 0 0 0 0 
4200 1855 71 4 0 0 0 0 0 0 
4300 1847 66 5 0 0 0 0 0 0 
4400 1851 61 3 0 0 1 0 0 0 
4500 1857 65 3 0 0 1 0 0 0 
4600 1857 66 3 0 0 3 0 0 0 
4700 1853 62 3 0 0 1 0 0 0 
4800 1847 72 2 0 0 1 0 0 0 
4900 1842 66 2 0 0 1 0 0 0 
5000 1840 75 1 0 0 0 0 0 0 
5100 1830 72 1 0 0 0 0 0 0 
5200 1893 202 5 0 0 2 0 0 0 
5300 1894 201 5 0 0 4 0 0 0 
5400 1896 257 7 2 0 1 0 0 0 
5500 1886 324 2 0 0 2 0 0 0 
5600 1903 355 4 0 0 2 0 0 0 
5700 1909 381 6 0 0 1 0 0 0 
5800 1939 486 7 0 0 4 0 0 0 
