# Avida tasks data
# Sun Apr 16 09:49:25 2023
# First column gives the current update, next columns give the number
# of organisms that have the particular task as a component of their merit
#  1: Update
#  2: Not
#  3: Nand
#  4: And
#  5: OrNot
#  6: Or
#  7: AndNot
#  8: Nor
#  9: Xor
# 10: Equals

0 0 0 0 0 0 0 0 0 0 
100 0 0 0 0 0 0 0 0 0 
200 0 0 0 0 0 0 0 0 0 
300 0 0 0 0 0 0 0 0 0 
400 0 0 0 0 0 0 0 0 0 
500 2 0 0 0 0 0 0 0 0 
600 21 0 0 0 0 0 0 0 0 
700 141 2 0 0 0 0 0 0 0 
800 384 7 0 0 0 0 0 0 0 
900 779 55 0 18 0 0 0 0 0 
1000 1238 231 0 135 17 0 0 0 0 
1100 1776 660 0 582 293 0 0 0 0 
1200 3061 2012 0 1540 1911 13 882 0 0 
1300 4585 2664 0 2580 3116 47 2627 0 0 
1400 5445 3861 1 4424 4321 78 3814 0 0 
1500 6558 5138 1 5886 5407 93 4987 0 0 
1600 7741 6543 0 7241 6731 154 6246 0 0 
1700 8674 7911 1 8721 8116 187 7550 0 0 
1800 9489 9042 4 9745 9198 174 8581 0 0 
1900 10073 10036 1 10414 9852 178 9141 0 0 
2000 10845 10847 5 11167 10644 180 9985 0 1 
2100 11307 11483 13 11592 11029 208 10232 0 0 
2200 11592 11916 21 11786 11263 200 10542 0 0 
2300 11787 12222 12 12065 11459 180 10709 0 0 
2400 12145 12484 2 12247 11603 196 10809 0 0 
2500 12363 12653 13 12357 11763 1342 11023 0 0 
2600 12522 12569 21 12261 11850 2883 11050 0 1 
2700 12575 12710 27 12164 11734 4519 10887 0 0 
2800 12654 12888 16 12133 11813 5976 10914 0 0 
2900 12646 12992 16 12085 11873 7205 10968 0 0 
3000 12587 13111 24 12094 11945 8549 11105 0 0 
3100 12676 13249 16 12009 11910 9751 11043 0 0 
3200 12811 13321 5 11831 11836 10789 10963 0 0 
3300 12823 13329 16 11906 11977 11389 11102 0 0 
3400 12741 13411 10 11920 11935 11847 11038 0 0 
3500 12757 13389 10 11923 11954 12244 11081 0 0 
3600 12617 13374 14 11885 11945 12428 11025 0 0 
3700 12804 13439 13 11917 11947 12718 11119 0 0 
3800 12917 13365 11 11822 11866 12856 11071 0 0 
3900 12855 13393 6 11852 11888 12815 10991 0 0 
4000 12862 13440 15 11937 11970 12912 11077 0 0 
4100 12807 13349 15 11820 11819 12752 11016 0 0 
4200 12926 13361 21 11839 11913 12900 11011 0 0 
4300 12999 13446 21 11938 11980 12918 11087 0 0 
4400 12865 13383 20 11949 11987 12854 11099 0 0 
4500 12862 13435 17 11869 11910 12893 11082 0 0 
4600 12832 13415 29 11825 11977 12909 11074 0 0 
4700 12793 13431 10 11827 12015 12841 11085 0 0 
4800 12825 13384 18 11907 11976 12828 11058 0 0 
4900 12880 13474 19 11875 11956 12939 11031 0 0 
5000 12856 13432 16 11961 12021 12959 11211 0 0 
5100 12838 13340 34 11849 11936 12877 11109 0 0 
5200 12842 13341 17 11926 11954 12838 11105 0 0 
5300 12945 13465 14 11809 11992 12985 11150 0 0 
5400 12915 13418 31 11849 11929 12943 11023 0 0 
5500 12845 13500 23 11810 11893 12936 11004 0 0 
5600 12832 13476 28 11859 11982 12951 11104 0 0 
5700 12834 13437 28 11910 12030 12904 11167 0 0 
5800 13016 13452 24 11865 12051 12936 11120 0 0 
5900 12833 13423 38 11850 12000 12905 11039 0 0 
6000 13025 13445 30 11913 12066 12857 11181 0 0 
6100 12918 13408 24 11890 12042 12928 11255 0 0 
6200 12726 13389 36 11780 11922 12832 11076 0 0 
6300 12878 13496 33 11855 11916 12920 11082 0 0 
6400 12848 13388 29 11777 11893 12924 11079 0 0 
6500 12968 13440 19 11944 12055 12997 11207 0 0 
6600 13048 13515 38 11897 12037 13008 11150 0 0 
6700 13034 13395 24 11952 12023 12942 11148 0 0 
6800 13041 13418 18 11900 12008 12891 11136 0 0 
6900 13120 13456 38 11865 12033 12978 11117 0 0 
7000 13050 13486 14 11969 12040 13001 11219 0 0 
7100 13097 13437 23 12000 12123 12914 11313 0 0 
7200 13025 13434 35 11812 11957 12962 11040 0 0 
7300 12998 13456 30 11899 12041 12938 11133 0 0 
7400 12980 13463 29 11979 12104 12892 11242 0 0 
7500 13125 13478 24 11947 12039 13007 11146 0 0 
7600 13194 13521 23 12004 12086 12978 11243 0 0 
7700 13121 13485 27 11940 12106 12989 11159 0 0 
7800 13032 13529 26 12049 12127 13007 11402 0 0 
7900 13126 13522 28 12081 12168 13078 11302 0 0 
8000 13192 13470 22 11976 12091 12973 11231 0 0 
8100 13043 13521 17 11929 12023 13015 11165 0 0 
8200 13166 13635 21 12030 12139 13063 11277 0 0 
8300 13120 13541 28 11942 12021 13032 11145 0 0 
8400 13175 13530 19 12113 12206 13035 11359 0 0 
8500 13146 13454 19 12023 12199 12986 11316 0 0 
8600 13128 13565 23 11947 12144 13038 11203 0 0 
8700 13178 13506 31 11970 12114 12990 11232 0 0 
8800 13203 13530 20 11929 12098 13043 11171 1 0 
8900 13229 13587 24 12074 12183 13110 11310 0 0 
9000 13202 13578 22 11888 12072 13029 11118 0 0 
9100 13144 13542 35 12078 12202 13052 11313 0 0 
9200 13246 13539 23 12067 12180 13044 11272 0 0 
9300 13178 13492 11 12039 12149 13007 11296 0 0 
9400 13039 13538 14 12085 12178 13016 11351 0 0 
9500 13134 13518 28 12037 12145 13047 11283 0 0 
9600 13200 13518 18 12116 12199 13053 11342 0 0 
9700 13163 13479 29 12112 12234 12944 11352 0 0 
9800 13176 13528 33 11999 12176 13001 11288 0 0 
9900 13133 13552 18 12101 12216 13006 11255 0 0 
10000 13209 13453 32 11941 12020 12958 11162 0 0 
