# Avida tasks data
# Sun Apr 16 14:44:30 2023
# First column gives the current update, next columns give the number
# of organisms that have the particular task as a component of their merit
#  1: Update
#  2: Not
#  3: Nand
#  4: And
#  5: OrNot
#  6: Or
#  7: AndNot
#  8: Nor
#  9: Xor
# 10: Equals

0 0 0 0 0 0 0 0 0 0 
100 0 0 0 0 0 0 0 0 0 
200 0 0 0 0 0 0 0 0 0 
300 0 0 0 0 0 0 0 0 0 
400 0 0 0 0 0 0 0 0 0 
500 0 0 0 0 0 0 0 0 0 
600 0 0 0 0 0 0 0 0 0 
700 139 0 0 0 0 0 0 0 0 
800 970 0 0 0 0 0 0 0 0 
900 2410 34 0 0 0 0 0 0 0 
1000 4670 239 0 2 0 0 0 0 0 
1100 6831 1957 4 40 0 0 0 0 0 
1200 8741 4788 391 386 89 844 103 0 0 
1300 9324 6961 54 3140 2375 2774 114 0 0 
1400 10185 8267 88 4783 3646 4151 1753 0 0 
1500 10671 9206 108 5926 4568 5187 3315 0 0 
1600 11192 10019 131 7170 5682 6397 4783 0 0 
1700 11625 10530 132 8231 6491 7260 5873 0 0 
1800 12021 11067 198 9148 7218 8051 6815 0 0 
1900 12266 11602 150 10054 7941 8898 7875 0 0 
2000 12470 12170 210 10814 8534 9579 8667 0 0 
2100 12602 12453 192 11414 9088 10032 9319 0 0 
2200 12700 12780 216 11948 9508 10571 10024 0 0 
2300 12661 12928 245 12168 9682 10878 10306 0 0 
2400 12698 13070 248 12466 9843 11032 10510 0 0 
2500 12663 13158 256 12567 9999 11181 10783 0 0 
2600 12768 13326 207 12812 10223 11381 11155 0 0 
2700 12863 13267 241 12854 10267 11375 11159 0 0 
2800 12845 13181 211 12814 10296 11447 11186 0 0 
2900 12743 13285 244 12861 10199 11388 11080 1 0 
3000 12820 13295 270 12825 10390 11512 11237 0 0 
3100 12773 13290 226 12849 10350 11475 11136 0 0 
3200 12792 13367 224 12863 10260 11408 11122 0 0 
3300 12793 13298 237 12798 10311 11381 11134 0 0 
3400 12841 13320 214 12752 10375 11433 11181 2 0 
3500 12872 13238 189 12857 10327 11482 11127 0 0 
3600 12895 13268 218 12880 10231 11379 11131 2 0 
3700 12882 13346 252 12852 10357 11422 11190 0 0 
3800 12897 13344 235 12797 10417 11489 11360 0 0 
3900 12958 13306 232 12903 10564 11590 11268 0 0 
4000 13032 13370 209 12862 10440 11476 11275 0 0 
4100 12917 13395 264 12814 10390 11416 11145 1 0 
4200 12933 13411 186 12778 10532 11491 11288 0 0 
4300 12860 13281 224 12848 10444 11433 11174 0 0 
4400 13028 13492 201 12936 10629 11562 11341 0 0 
4500 12966 13404 202 12818 10562 11478 11328 0 0 
4600 12891 13400 229 12819 10654 11476 11365 0 0 
4700 13033 13410 224 12869 10764 11593 11394 0 0 
4800 13010 13465 213 12855 10773 11588 11450 0 0 
4900 13014 13542 213 12848 10771 11604 11456 0 0 
5000 12991 13419 246 12873 10695 11504 11369 0 0 
5100 13028 13469 194 12904 10559 11582 11267 1 0 
5200 13011 13461 196 12878 10746 11531 11374 0 0 
5300 13134 13523 191 12945 10866 11746 11523 0 0 
5400 13043 13464 228 12857 10700 11630 11367 0 0 
5500 13045 13485 227 12943 10784 11678 11426 0 0 
5600 13108 13418 211 12907 10794 11679 11421 0 0 
5700 13081 13497 192 12834 10783 11672 11408 0 0 
5800 13082 13466 218 12855 10874 11659 11521 0 0 
5900 13074 13536 200 12908 10871 11718 11504 1 0 
6000 13077 13524 216 12946 10828 11611 11415 0 0 
6100 13050 13474 219 12922 10908 11671 11567 0 0 
6200 12994 13424 211 12977 10787 11620 11431 0 0 
6300 13087 13534 224 12919 10886 11687 11486 0 0 
6400 13107 13533 172 13010 10889 11774 11514 0 0 
6500 13036 13452 188 12985 10929 11738 11479 0 0 
6600 13120 13537 207 13007 11003 11761 11537 0 0 
6700 13089 13450 228 12959 10876 11655 11415 0 0 
6800 13000 13412 186 13084 11054 11857 11570 1 71 
6900 13136 12851 221 13063 11125 11803 11632 0 550 
7000 13087 11855 230 13059 11109 11786 11609 0 1329 
7100 13029 10635 264 13037 10997 11804 11603 0 2216 
7200 13017 9672 269 13086 11019 11851 11598 0 3139 
7300 12989 8260 291 13079 11063 11833 11608 0 4214 
7400 13039 8166 308 12925 11046 11233 11577 0 4398 
7500 13049 8045 310 12987 11139 11627 11589 0 4541 
7600 13028 8707 324 13053 11121 11668 11590 0 4541 
7700 12979 8938 314 13028 11107 11686 11575 0 4543 
7800 13012 9073 318 13066 11151 11692 11608 0 4635 
7900 13036 9305 300 13071 11190 11690 11605 0 4780 
