# Avida tasks data
# Sun Apr 16 14:03:18 2023
# First column gives the current update, next columns give the number
# of organisms that have the particular task as a component of their merit
#  1: Update
#  2: Not
#  3: Nand
#  4: And
#  5: OrNot
#  6: Or
#  7: AndNot
#  8: Nor
#  9: Xor
# 10: Equals

0 0 0 0 0 0 0 0 0 0 
100 0 0 0 0 0 0 0 0 0 
200 0 0 0 0 0 0 0 0 0 
300 0 0 0 0 0 0 0 0 0 
400 1 0 0 0 0 0 0 0 0 
500 15 0 0 0 0 0 0 0 0 
600 256 242 0 14 0 0 0 0 0 
700 954 644 0 754 44 0 1 0 0 
800 2287 1335 4 2102 1368 372 0 0 0 
900 4224 1739 64 3945 3118 1967 5 0 0 
1000 6481 1879 458 5898 5013 3925 4 0 0 
1100 8364 2826 1075 7749 6677 5474 12 0 0 
1200 10128 4247 1893 9387 8327 6460 16 0 0 
1300 11389 5487 2737 10569 9662 6941 11 0 0 
1400 12243 6710 3637 11329 10595 7097 16 0 0 
1500 12510 7436 4972 11524 10827 7740 25 0 0 
1600 12675 7997 6055 11671 11026 8434 40 0 0 
1700 12808 8544 7138 11801 11233 9039 40 0 0 
1800 12951 9140 7852 11899 11313 9776 50 0 0 
1900 13060 9741 8584 11930 11387 10303 43 0 0 
2000 13207 10365 9238 12029 11472 10829 61 0 0 
2100 13300 11048 9775 12242 11620 11391 50 0 0 
2200 13412 11473 10280 12295 11727 11725 58 0 0 
2300 13373 11851 10628 12297 11768 12051 66 0 0 
2400 13361 12213 10956 12342 11863 12292 61 0 0 
2500 13526 12488 11344 12370 11868 12451 74 0 0 
2600 13415 12806 11628 12383 11843 12576 62 0 0 
2700 13466 13010 11760 12315 11824 12707 80 0 0 
2800 13419 13134 11908 12329 11826 12769 75 0 0 
2900 13487 13235 12079 12347 11845 12809 78 0 0 
3000 13463 13272 12058 12310 11816 12802 84 0 0 
3100 13479 13221 12115 12426 11917 12698 68 0 0 
3200 13498 13309 12209 12444 11913 12776 65 0 0 
3300 13499 13327 12175 12433 11938 12854 61 0 0 
3400 13480 13334 12218 12407 11940 12799 59 0 0 
3500 13399 13325 11986 12318 11767 12811 71 0 0 
3600 13448 13324 12160 12386 11930 12841 57 0 0 
3700 13402 13313 12096 12513 11953 12877 58 0 0 
3800 13466 13269 12177 12315 11826 12834 50 0 0 
3900 13507 13339 12174 12478 11943 12888 60 0 0 
4000 13489 13338 12086 12344 11835 12862 58 0 0 
4100 13476 13231 12220 12380 11896 12771 75 0 0 
4200 13464 13374 12177 12424 11960 12913 53 0 0 
4300 13467 13382 12028 12386 11919 12874 57 0 0 
4400 13483 13347 12169 12409 11930 12813 66 0 0 
4500 13451 13261 12257 12459 11924 12836 50 0 0 
4600 13522 13269 12223 12429 11984 12854 75 0 0 
4700 13496 13267 12115 12487 11918 12737 49 0 0 
4800 13514 13227 12177 12427 11844 12775 57 0 0 
4900 13520 13266 12114 12498 11973 12800 60 0 0 
5000 13467 13398 12143 12407 11937 12817 67 0 0 
5100 13487 13313 12281 12522 12090 12902 59 0 0 
5200 13529 13260 12185 12401 11959 12800 65 0 0 
5300 13530 13303 12255 12539 11971 12906 53 0 0 
5400 13534 13299 12230 12482 11976 12833 59 0 0 
5500 13533 13304 12269 12590 12081 12909 59 0 0 
5600 13480 13358 12144 12486 12013 12882 38 0 0 
5700 13561 13295 12185 12448 11954 12816 58 0 0 
5800 13545 13383 12224 12544 12100 12954 57 0 1 
5900 13539 13309 12278 12474 12016 12873 56 0 2 
6000 13574 13283 12226 12562 12139 12797 70 0 0 
6100 13553 13364 12287 12516 12081 12858 66 0 0 
6200 13581 13300 12303 12545 12104 12901 38 0 0 
6300 13589 13395 12295 12565 12106 12913 50 0 0 
6400 13498 13341 12269 12576 12056 12838 47 0 0 
6500 13560 13409 12284 12534 12048 12873 53 0 0 
6600 13506 13322 12303 12558 12100 12905 56 0 0 
6700 13587 13349 12433 12530 12058 12902 43 0 0 
6800 13509 13440 12224 12526 12045 12900 32 0 0 
6900 13527 13388 12255 12584 12122 12933 58 0 0 
7000 13603 13395 12365 12620 12204 12888 50 0 0 
7100 13583 13369 12299 12614 12174 12934 48 0 0 
7200 13544 13379 12327 12567 12119 12925 63 0 0 
7300 13598 13471 12363 12535 12099 12973 50 0 0 
7400 13599 13458 12331 12558 12042 13026 43 0 0 
7500 13616 13406 12320 12584 12155 12958 47 0 0 
7600 13526 13352 12266 12495 12028 12911 52 0 0 
7700 13551 13409 12379 12530 12092 12997 85 0 0 
7800 13608 13383 12381 12737 12318 12921 141 0 0 
7900 13600 13430 12384 12651 12204 13031 294 0 0 
8000 13593 13393 12363 12566 12168 12983 459 0 0 
8100 13611 13441 12416 12694 12218 13034 755 0 0 
8200 13610 13392 12376 12671 12175 12956 945 1 0 
8300 13560 13398 12358 12566 12124 12942 1163 0 0 
8400 13518 13382 12315 12531 12086 12982 1441 0 0 
8500 13649 13395 12349 12572 12160 12856 1724 0 0 
8600 13597 13325 12378 12515 12085 12874 2173 0 0 
8700 13652 13417 12378 12648 12250 12895 2592 0 0 
8800 13579 13466 12388 12593 12235 12969 3022 0 0 
8900 13569 13416 12320 12509 12127 12934 3324 0 0 
9000 13575 13346 12362 12565 12080 12870 3677 0 0 
9100 13543 13389 12423 12560 12153 12903 4064 0 1 
9200 13589 13372 12388 12582 12131 12885 4619 0 0 
9300 13623 13367 12418 12644 12263 12916 4939 0 0 
9400 13611 13348 12415 12566 12273 12866 5562 0 2 
9500 13635 13409 12417 12547 12155 12915 6133 0 0 
9600 13657 13402 12517 12613 12242 12944 6824 0 0 
9700 13671 13454 12474 12663 12301 12929 7551 0 0 
9800 13572 13393 12378 12534 12119 12910 8017 0 0 
9900 13628 13489 12529 12564 12181 12928 8557 0 1 
10000 13598 13432 12474 12575 12249 12949 9098 0 0 
