# Avida tasks data
# Sun Apr 16 11:25:54 2023
# First column gives the current update, next columns give the number
# of organisms that have the particular task as a component of their merit
#  1: Update
#  2: Not
#  3: Nand
#  4: And
#  5: OrNot
#  6: Or
#  7: AndNot
#  8: Nor
#  9: Xor
# 10: Equals

0 0 0 0 0 0 0 0 0 0 
100 0 0 0 0 0 0 0 0 0 
200 0 0 0 0 0 0 0 0 0 
300 0 0 0 0 0 0 0 0 0 
400 0 37 0 0 0 0 0 0 0 
500 28 641 0 16 0 0 0 0 0 
600 290 921 2 20 0 0 0 0 0 
700 535 1120 1 17 0 0 0 0 0 
800 665 1286 1 23 2 0 0 0 0 
900 836 1564 1 19 4 0 0 0 0 
1000 1085 1811 3 22 0 1 0 0 0 
1100 1382 2147 1 27 0 0 0 0 0 
1200 1730 2541 3 34 0 0 0 0 0 
1300 2240 3022 2 36 2 1 0 0 0 
1400 2818 3639 15 40 0 0 0 0 0 
1500 3586 4377 174 41 4 0 0 0 0 
1600 4442 5248 453 61 0 7 0 0 0 
1700 5526 6342 1128 77 7 4 0 0 0 
1800 6424 7259 1381 453 48 337 38 0 0 
1900 7095 7772 958 904 67 994 53 0 0 
2000 7194 7457 735 603 465 840 0 0 0 
2100 7295 7558 551 424 944 874 0 0 0 
2200 8165 8306 550 474 765 2108 0 0 0 
2300 9253 9299 586 523 763 3121 0 0 0 
2400 10064 10067 610 570 757 3919 2 0 0 
2500 10584 10498 632 619 745 4444 3 0 0 
2600 10939 10829 623 607 727 4915 0 0 0 
2700 11325 11180 598 612 724 5426 0 0 0 
2800 11618 11423 585 682 709 5824 1 0 0 
2900 11945 11639 577 693 698 6245 3 0 0 
3000 12222 11929 552 722 689 6653 5 0 0 
3100 12479 12163 532 695 683 7114 1 0 0 
3200 12796 12455 475 733 674 7600 1 0 0 
3300 12898 12566 434 741 667 7849 4 0 0 
3400 12957 12602 374 727 653 8076 11 0 0 
3500 13053 12660 365 746 642 8323 6 0 0 
3600 13105 12693 359 732 635 8589 4 0 0 
3700 13146 12753 311 706 618 8800 3 0 0 
3800 13155 12702 303 677 592 8965 4 0 0 
3900 13120 12662 298 712 557 9092 5 4 0 
4000 13157 12722 321 673 533 9241 6 3 0 
4100 13126 12644 324 692 493 9340 7 4 0 
4200 13168 12707 343 733 467 9470 6 2 0 
4300 13208 12750 305 688 427 9717 7 1 0 
4400 13151 12726 320 694 388 9839 15 1 0 
4500 13201 12808 311 655 356 10012 13 0 0 
4600 13188 12734 337 669 329 10099 8 0 0 
4700 13205 12800 329 639 297 10301 8 0 0 
4800 13094 12710 323 660 260 10328 9 0 0 
4900 13181 12759 326 667 226 10514 8 0 0 
5000 13218 12815 309 638 192 10691 5 0 0 
5100 13181 12677 324 646 154 10710 6 2 0 
5200 13207 12783 326 610 122 10826 6 0 0 
5300 13201 12751 337 652 94 10917 2 0 0 
5400 13197 12812 329 669 70 11071 11 0 0 
5500 13273 12930 302 638 57 11239 10 0 0 
5600 13216 12731 347 664 45 11283 8 0 0 
5700 13225 12762 345 630 31 11385 2 0 0 
5800 13226 12757 371 677 19 11486 8 0 0 
5900 13220 12785 370 644 19 11617 2 0 0 
6000 13262 12767 329 621 11 11666 0 0 0 
6100 13214 12770 354 637 12 11695 2 0 0 
6200 13195 12717 358 627 9 11700 11 0 0 
6300 13254 12740 351 625 6 11794 8 0 0 
6400 13309 12828 331 641 7 11890 6 0 0 
6500 13201 12747 330 657 8 11851 7 0 0 
6600 13322 12865 344 625 8 12071 4 0 0 
6700 13277 12771 351 650 10 12064 5 0 0 
6800 13256 12735 329 629 11 12146 4 0 0 
6900 13410 12897 333 608 15 12386 4 2 0 
7000 13346 12816 349 650 14 12359 5 2 0 
7100 13352 12773 339 618 10 12423 5 2 0 
7200 13408 12850 339 601 15 12553 5 2 0 
7300 13397 12857 376 660 14 12586 11 1 0 
7400 13363 12833 357 651 13 12572 12 2 0 
7500 13441 12881 355 608 21 12597 9 1 0 
7600 13403 12845 358 633 15 12592 9 1 0 
7700 13478 12970 358 611 12 12621 9 1 0 
7800 13451 12926 383 632 11 12579 12 0 0 
7900 13426 12896 325 605 10 12622 10 2 0 
8000 13435 12928 357 607 14 12602 9 0 0 
8100 13393 12903 352 626 17 12507 8 0 0 
8200 13482 13015 338 623 16 12618 13 0 0 
8300 13463 12979 349 610 10 12589 15 0 0 
8400 13495 13024 356 623 8 12625 7 0 0 
8500 13453 12993 409 666 11 12566 7 0 0 
8600 13485 13066 365 601 4 12631 9 0 0 
8700 13527 13115 348 635 5 12574 11 0 2 
8800 13474 13076 376 632 6 12586 11 3 2 
8900 13453 13065 367 620 4 12562 10 1 0 
9000 13472 13096 355 611 8 12600 11 3 0 
9100 13499 13146 338 594 8 12658 9 1 0 
9200 13474 13126 319 625 15 12596 9 0 0 
9300 13507 13192 310 630 11 12669 9 0 0 
9400 13490 13187 354 599 5 12668 8 0 0 
9500 13522 13183 355 609 8 12592 10 0 0 
9600 13536 13200 367 620 3 12575 15 0 0 
9700 13542 13221 317 602 14 12605 19 0 0 
9800 13539 13214 374 620 8 12597 14 1 0 
9900 13474 13159 374 641 7 12572 11 0 0 
10000 13526 13231 345 614 13 12656 9 0 0 
