# Avida tasks data
# Sun Apr 16 16:58:09 2023
# First column gives the current update, next columns give the number
# of organisms that have the particular task as a component of their merit
#  1: Update
#  2: Not
#  3: Nand
#  4: And
#  5: OrNot
#  6: Or
#  7: AndNot
#  8: Nor
#  9: Xor
# 10: Equals

0 0 0 0 0 0 0 0 0 0 
100 0 0 0 0 0 0 0 0 0 
200 0 0 0 0 0 0 0 0 0 
300 0 0 0 0 0 0 0 0 0 
400 0 0 0 0 0 0 0 0 0 
500 0 0 0 0 0 0 0 0 0 
600 0 0 0 0 0 0 0 0 0 
700 1 0 0 0 0 0 0 0 0 
800 1168 2 0 4 0 0 0 0 0 
900 2566 9 0 8 0 0 0 0 0 
1000 3345 1488 0 36 0 0 0 0 0 
1100 3915 2897 1 293 0 0 0 0 0 
1200 4685 4005 5 1797 5 2 0 0 0 
1300 6563 6060 49 3818 406 2 0 0 0 
1400 8349 7864 270 5614 2182 33 0 0 0 
1500 9955 9325 432 7212 3965 24 0 0 0 
1600 11343 10642 586 8894 5882 35 0 0 0 
1700 12328 11550 531 10080 7486 680 0 0 0 
1800 12617 11915 330 10556 8413 2148 0 0 0 
1900 12857 12105 177 10942 9069 3717 0 0 0 
2000 13055 12312 43 11212 9591 5004 0 0 0 
2100 13108 12398 30 11408 9873 6141 1 0 0 
2200 13269 12538 20 11635 10241 7471 0 0 0 
2300 13487 12633 30 11752 10487 8463 0 0 0 
2400 13564 12731 31 11985 10818 9562 0 0 0 
2500 13635 12835 27 11973 11006 10481 2 0 0 
2600 13688 12983 23 12172 11238 11293 0 0 0 
2700 13772 13053 19 12328 11421 11763 0 0 0 
2800 13756 13017 31 12270 11352 12117 0 0 0 
2900 13707 13061 32 12361 11540 12314 0 1 0 
3000 13782 13019 30 12197 11299 12493 0 0 0 
3100 13785 12993 20 12278 11370 12601 0 0 0 
3200 13697 13137 24 12243 11390 12645 1 0 0 
3300 13703 13158 29 12272 11464 12679 2 0 0 
3400 13706 13195 23 12242 11354 12628 0 0 0 
3500 13717 13146 29 12256 11406 12631 0 0 0 
3600 13736 13126 44 12278 11437 12678 0 0 0 
3700 13700 13148 32 12267 11363 12680 0 0 0 
3800 13680 13248 131 12296 11443 12653 0 0 0 
3900 13659 13182 505 12312 11460 12649 0 0 0 
4000 13553 13160 1129 12303 11397 12638 0 0 0 
4100 13620 13237 1986 12277 11488 12658 0 0 0 
4200 13482 13300 2863 12256 11457 12630 0 0 0 
4300 13497 13240 3691 12212 11417 12627 0 0 0 
4400 13388 13333 4547 12336 11406 12601 3 0 0 
4500 13377 13371 5566 12291 11466 12668 1 0 0 
4600 13355 13378 6496 12249 11457 12686 3 0 0 
4700 13226 13418 7226 12304 11384 12740 9 0 0 
4800 13212 13410 7960 12250 11555 12768 17 0 0 
4900 13159 13427 8573 12230 11452 12697 32 0 0 
5000 13113 13341 9154 12219 11398 12641 15 0 0 
5100 13143 13455 9605 12271 11425 12688 24 0 0 
5200 13060 13411 10108 12198 11426 12681 16 0 0 
5300 13121 13421 10602 12223 11446 12747 16 0 0 
5400 13095 13400 10914 12106 11357 12756 11 0 0 
5500 13004 13385 10891 12136 11370 12699 7 0 0 
5600 13115 13351 11336 12220 11524 12644 6 0 0 
5700 13078 13434 11526 12238 11421 12725 7 0 0 
5800 13049 13454 11567 12176 11485 12759 11 0 0 
5900 13095 13430 11679 12209 11515 12660 12 0 0 
6000 13029 13410 11812 12130 11509 12729 8 0 0 
6100 13073 13437 11881 12226 11498 12746 7 0 0 
6200 13179 13411 11772 12195 11437 12691 17 0 0 
6300 13250 13400 11815 12213 11489 12744 13 0 0 
6400 13061 13405 11750 12217 11507 12699 8 0 0 
6500 13173 13412 11904 12194 11461 12776 6 0 0 
6600 13128 13422 11910 12257 11586 12678 17 0 0 
6700 13126 13401 11900 12228 11485 12690 15 0 0 
6800 13109 13367 11864 12171 11533 12735 7 0 0 
6900 13145 13408 11996 12331 11540 12665 3 0 0 
7000 13159 13460 11870 12231 11542 12715 17 0 0 
7100 13151 13397 11910 12199 11482 12755 12 0 0 
7200 13133 13433 11943 12236 11480 12724 10 0 0 
7300 13140 13421 12100 12232 11569 12796 8 0 0 
7400 13165 13465 11997 12270 11640 12765 5 0 0 
7500 13156 13394 11891 12245 11491 12717 9 0 0 
7600 13176 13346 12039 12300 11668 12712 5 0 0 
7700 13252 13432 12084 12327 11617 12811 3 0 0 
7800 13220 13446 12087 12317 11631 12823 9 0 0 
7900 13178 13443 11980 12220 11536 12720 10 0 0 
8000 13261 13415 12022 12335 11653 12711 15 0 0 
8100 13270 13432 12147 12438 11775 12773 7 0 0 
8200 13208 13515 12109 12459 11751 12838 2 0 0 
8300 13231 13390 12172 12448 11744 12845 8 0 0 
8400 13214 13446 11985 12332 11685 12801 7 0 0 
8500 13251 13391 12052 12358 11659 12711 7 0 0 
8600 13232 13454 12059 12373 11684 12814 4 0 0 
8700 13278 13392 12156 12397 11724 12849 8 0 0 
8800 13250 13432 12142 12417 11795 12911 2 0 0 
8900 13235 13401 12047 12450 11829 12847 2 0 0 
9000 13258 13466 12146 12461 11790 12883 1 0 0 
9100 13260 13424 12039 12416 11819 12900 4 0 0 
9200 13197 13427 12142 12448 11821 12872 5 0 0 
9300 13233 13455 12165 12377 11817 12895 50 0 0 
9400 13268 13429 12185 12410 11742 12853 47 0 0 
9500 13369 13475 12118 12429 11809 12927 75 0 0 
9600 13252 13356 12071 12336 11813 12757 128 0 0 
9700 13312 13457 12096 12346 11740 12860 254 0 0 
9800 13378 13515 12214 12420 11910 12904 468 0 0 
9900 13268 13400 12117 12262 11623 12918 633 0 0 
10000 13346 13402 12099 12419 11896 12936 869 0 0 
