# Avida tasks data
# Sun Apr 16 14:18:59 2023
# First column gives the current update, next columns give the number
# of organisms that have the particular task as a component of their merit
#  1: Update
#  2: Not
#  3: Nand
#  4: And
#  5: OrNot
#  6: Or
#  7: AndNot
#  8: Nor
#  9: Xor
# 10: Equals

0 0 0 0 0 0 0 0 0 0 
100 0 0 0 0 0 0 0 0 0 
200 0 0 0 0 0 0 0 0 0 
300 0 0 0 0 0 0 0 0 0 
400 0 0 0 0 0 0 0 0 0 
500 0 0 0 0 0 0 0 0 0 
600 0 0 0 0 0 0 0 0 0 
700 13 0 0 0 0 0 0 0 0 
800 187 0 0 0 0 0 0 0 0 
900 918 117 0 24 0 5 0 0 0 
1000 1364 853 0 1056 3 32 0 0 0 
1100 1389 1487 2 1756 6 61 0 0 0 
1200 1576 1664 2 1862 14 34 0 0 0 
1300 1575 1663 2 1861 14 34 0 0 0 
1400 1575 1663 2 1861 14 34 0 0 0 
1500 1574 1662 2 1860 14 34 0 0 0 
1600 1575 1663 2 1861 14 34 0 0 0 
1700 1574 1662 2 1860 14 34 0 0 0 
1800 1575 1663 2 1861 14 34 0 0 0 
1900 1574 1662 2 1860 14 34 0 0 0 
2000 1574 1662 2 1860 14 34 0 0 0 
2100 1574 1662 2 1860 14 34 0 0 0 
2200 1982 1780 1 1905 25 35 0 0 0 
2300 2595 2291 1 2329 17 23 2 0 0 
2400 2894 2565 3 2604 15 22 0 0 0 
2500 3436 3131 3 3171 29 24 0 0 0 
2600 4008 3778 5 3791 47 20 0 0 0 
2700 4527 4265 1 4457 40 881 0 0 0 
