# Avida tasks data
# Sun Apr 16 16:22:39 2023
# First column gives the current update, next columns give the number
# of organisms that have the particular task as a component of their merit
#  1: Update
#  2: Not
#  3: Nand
#  4: And
#  5: OrNot
#  6: Or
#  7: AndNot
#  8: Nor
#  9: Xor
# 10: Equals

0 0 0 0 0 0 0 0 0 0 
100 0 0 0 0 0 0 0 0 0 
200 0 0 0 0 0 0 0 0 0 
300 0 0 0 0 0 0 0 0 0 
400 73 0 0 0 0 0 0 0 0 
500 705 630 0 511 9 0 0 0 0 
600 1025 946 0 874 2 0 0 0 0 
700 1515 1391 2 1337 16 0 0 0 0 
800 2094 1940 2 1881 12 0 0 0 0 
900 2601 2422 2 2336 13 0 0 0 0 
1000 3047 2837 2 2762 13 0 0 0 0 
1100 3505 3252 5 3169 18 0 0 0 0 
1200 4061 3824 4 3746 15 0 0 0 0 
1300 4624 4384 8 4278 22 3 0 0 0 
1400 5203 4856 24 4740 25 2 0 0 0 
1500 5875 5494 41 5314 20 1 0 0 0 
1600 6558 6191 54 5987 17 0 2 0 0 
1700 7003 6601 42 5960 27 3 0 0 0 
1800 6992 6624 46 5662 27 3 0 0 0 
1900 7002 6637 46 5397 27 2 0 0 0 
2000 6993 6646 46 5101 25 2 0 0 0 
2100 7005 6655 46 5054 25 2 0 0 0 
2200 6995 6652 46 5016 23 2 0 0 0 
2300 6999 6668 44 4881 20 2 0 0 0 
2400 7002 6686 44 4750 19 2 0 0 0 
2500 7009 6700 44 4745 19 2 0 0 0 
2600 6997 6697 44 4675 19 2 0 0 0 
2700 7623 7328 44 4595 18 2 0 0 0 
2800 8249 7958 44 4558 18 2 0 0 0 
2900 8652 8365 42 4486 18 2 0 0 0 
3000 8965 8687 42 4435 19 2 0 0 0 
3100 9257 8997 42 4423 18 2 0 0 0 
3200 9522 9266 42 4382 18 2 0 0 0 
3300 9792 9567 42 4385 18 2 0 0 0 
3400 10068 9844 42 4373 20 2 0 0 0 
3500 10372 10164 44 4346 20 2 0 0 0 
3600 10616 10410 43 4328 19 2 0 0 0 
3700 10896 10690 42 4317 20 2 0 0 0 
3800 10911 10685 42 4307 20 2 0 0 0 
3900 10955 10708 42 4291 20 2 0 0 0 
4000 11032 10786 42 4284 20 2 0 0 0 
4100 11087 10837 42 4241 20 2 0 0 0 
4200 11198 10953 42 4243 21 2 0 0 0 
4300 11304 11069 42 4213 21 2 0 0 0 
4400 11494 11254 42 4224 20 2 0 0 0 
4500 11645 11399 42 4197 20 2 0 0 0 
4600 11648 11407 42 4179 20 2 0 0 0 
4700 11645 11408 36 4110 21 2 0 0 0 
4800 11690 11456 8 4060 20 2 0 0 0 
4900 11695 11463 7 4619 20 2 0 0 0 
5000 11682 11470 6 4961 19 2 0 0 0 
5100 11686 11486 4 5182 18 2 0 0 0 
5200 11682 11482 2 5471 18 2 0 0 0 
5300 11712 11533 2 5748 17 2 0 0 0 
5400 11779 11605 2 5987 17 2 0 0 0 
5500 11852 11675 2 6245 16 2 0 0 0 
5600 11893 11719 2 6465 15 2 0 0 0 
5700 11924 11755 2 6660 15 2 0 0 0 
5800 11953 11791 2 6799 15 2 0 0 0 
5900 11980 11832 2 7005 17 2 0 0 0 
6000 11958 11820 2 7145 17 2 0 0 0 
6100 11955 11837 2 6733 17 2 0 0 0 
6200 11955 11835 2 6495 17 2 0 0 0 
6300 11969 11856 2 6354 17 2 0 0 0 
6400 11955 11859 2 6246 17 2 0 0 0 
6500 11967 11873 2 6087 17 2 0 0 0 
6600 12006 11923 2 5913 17 2 0 0 0 
6700 12042 11959 2 5764 17 2 0 0 0 
6800 12030 11964 2 5648 17 2 0 0 0 
6900 12064 12006 2 5601 17 2 0 0 0 
