# Avida tasks data
# Sun Apr 16 14:36:40 2023
# First column gives the current update, next columns give the number
# of organisms that have the particular task as a component of their merit
#  1: Update
#  2: Not
#  3: Nand
#  4: And
#  5: OrNot
#  6: Or
#  7: AndNot
#  8: Nor
#  9: Xor
# 10: Equals

0 0 0 0 0 0 0 0 0 0 
100 0 0 0 0 0 0 0 0 0 
200 0 0 0 0 0 0 0 0 0 
300 0 0 0 0 0 0 0 0 0 
400 0 0 0 0 0 0 0 0 0 
500 0 167 0 4 0 0 0 0 0 
600 1825 1807 0 87 0 0 0 0 0 
700 2319 2273 0 724 6 0 0 0 0 
800 3136 3075 61 1496 8 0 0 0 0 
900 3959 3910 54 2403 7 0 0 0 0 
1000 4688 4637 49 3141 8 0 0 0 0 
1100 6185 6112 53 4560 11 0 0 0 0 
1200 7463 7434 59 5886 12 0 0 0 0 
1300 8713 8697 56 7149 17 0 0 0 0 
1400 9035 9016 64 7480 15 0 0 0 0 
1500 9262 9226 59 7693 15 0 0 0 0 
1600 9322 9308 74 6338 18 0 0 0 0 
1700 9555 9529 81 5532 21 2 0 0 0 
1800 10049 10037 74 4873 15 0 0 0 0 
1900 11956 11874 66 4678 17 1 0 0 0 
2000 12385 12305 63 4578 17 2 0 0 0 
2100 12556 12474 64 4312 18 1 0 0 0 
2200 12676 12579 62 4152 16 1 0 0 0 
2300 12676 12579 62 4152 16 1 0 0 0 
2400 12676 12579 62 4152 16 1 0 0 0 
2500 12725 12600 62 4113 17 1 1 0 0 
2600 12760 12625 62 4070 18 2 0 0 0 
2700 12769 12627 62 4087 17 2 0 0 0 
2800 12779 12630 62 4065 16 2 0 0 0 
2900 12808 12634 61 3906 16 4 0 0 0 
3000 12809 12636 61 3906 16 4 0 0 0 
3100 12799 12365 61 3894 16 4 0 0 0 
3200 12802 12316 61 3898 16 4 0 0 0 
3300 12799 12257 61 3887 17 5 0 0 0 
3400 12798 11928 61 3890 15 4 0 0 0 
3500 12782 11653 61 3896 17 6 0 0 0 
3600 12779 11426 61 3885 15 8 0 0 0 
3700 12771 11329 61 3882 15 7 0 0 0 
3800 12771 11332 61 3882 15 7 0 0 0 
3900 12771 11333 61 3882 15 7 0 0 0 
4000 12740 11049 61 3878 17 5 0 0 0 
4100 12735 10673 61 3880 17 4 0 0 0 
4200 12752 10265 61 3834 19 2 0 0 0 
4300 12745 9940 61 3801 15 3 0 0 0 
4400 12739 9744 61 3778 15 4 0 0 0 
4500 12732 9559 61 3746 15 5 0 0 0 
4600 12731 9558 61 3746 15 5 0 0 0 
4700 12728 9557 61 3746 15 5 0 0 0 
4800 12720 9293 61 3710 21 3 0 0 0 
4900 12738 9091 61 3664 17 1 0 0 0 
5000 12736 9090 61 3664 17 1 0 0 0 
5100 12737 9091 61 3664 17 1 0 0 0 
5200 12737 9091 61 3664 17 1 0 0 0 
5300 12737 9091 61 3664 17 1 0 0 0 
5400 12737 9091 61 3664 17 1 0 0 0 
5500 12736 9090 61 3664 17 1 0 0 0 
5600 12737 9091 61 3664 17 1 0 0 0 
5700 12735 9091 61 3664 17 1 0 0 0 
5800 12734 9090 61 3664 17 1 0 0 0 
5900 12735 9091 61 3664 17 1 0 0 0 
6000 12736 9091 61 3664 17 1 0 0 0 
6100 12735 9090 61 3664 17 1 0 0 0 
6200 12736 9091 61 3664 17 1 0 0 0 
6300 12735 9090 61 3664 17 1 0 0 0 
6400 12736 9091 61 3664 17 1 0 0 0 
6500 12736 9091 61 3664 17 1 0 0 0 
6600 12736 9091 61 3664 17 1 0 0 0 
6700 12735 9090 61 3664 17 1 0 0 0 
6800 12735 9091 61 3664 17 1 0 0 0 
6900 12735 9091 61 3664 17 1 0 0 0 
7000 12735 9091 61 3664 17 1 0 0 0 
7100 12734 9090 61 3664 17 1 0 0 0 
7200 12734 9090 61 3664 17 1 0 0 0 
7300 12735 9091 61 3664 17 1 0 0 0 
7400 12735 9091 61 3664 17 1 0 0 0 
7500 12734 9090 61 3664 17 1 0 0 0 
7600 12732 9090 61 3664 17 1 0 0 0 
7700 12733 9091 61 3664 17 1 0 0 0 
7800 12733 9091 61 3664 17 1 0 0 0 
7900 12733 9091 61 3664 17 1 0 0 0 
8000 12733 9091 61 3664 17 1 0 0 0 
8100 12733 9091 61 3664 17 1 0 0 0 
8200 12733 9091 61 3664 17 1 0 0 0 
8300 12733 9091 61 3664 17 1 0 0 0 
8400 12733 9091 61 3664 17 1 0 0 0 
8500 12733 9091 61 3664 17 1 0 0 0 
8600 12732 9090 61 3664 17 1 0 0 0 
8700 12733 9091 61 3664 17 1 0 0 0 
8800 12733 9091 61 3664 17 1 0 0 0 
8900 12733 9091 61 3664 17 1 0 0 0 
9000 12732 9090 61 3664 17 1 0 0 0 
9100 12732 9090 61 3664 17 1 0 0 0 
9200 12733 9091 61 3664 17 1 0 0 0 
9300 12733 9091 61 3664 17 1 0 0 0 
9400 12733 9091 61 3664 17 1 0 0 0 
9500 12732 9090 61 3664 17 1 0 0 0 
9600 12732 9090 61 3664 17 1 0 0 0 
9700 12733 9090 61 3664 17 1 0 0 0 
9800 12734 9090 61 3664 17 1 0 0 0 
9900 12735 9091 61 3664 17 1 0 0 0 
10000 12736 9091 61 3664 17 1 0 0 0 
