# Avida tasks data
# Sun Apr 16 09:44:01 2023
# First column gives the current update, next columns give the number
# of organisms that have the particular task as a component of their merit
#  1: Update
#  2: Not
#  3: Nand
#  4: And
#  5: OrNot
#  6: Or
#  7: AndNot
#  8: Nor
#  9: Xor
# 10: Equals

0 0 0 0 0 0 0 0 0 0 
100 0 0 0 0 0 0 0 0 0 
200 0 0 0 0 0 0 0 0 0 
300 0 0 0 0 0 0 0 0 0 
400 0 0 0 0 0 0 0 0 0 
500 0 0 0 0 0 0 0 0 0 
600 6 1 0 0 0 0 0 0 0 
700 59 26 0 19 0 1 0 0 0 
800 239 117 0 51 0 0 0 0 0 
900 520 738 0 219 0 0 0 0 0 
1000 817 2040 12 965 0 23 0 0 0 
1100 870 3371 815 2018 0 857 0 0 0 
1200 863 3200 944 2978 0 1659 2 0 0 
1300 835 3050 816 3480 0 2141 3 0 0 
1400 859 2957 753 4362 0 2993 0 0 0 
1500 839 2970 919 4382 0 2849 0 0 0 
1600 837 2875 1275 4511 0 2778 0 0 0 
1700 819 2858 1418 4433 0 2803 0 0 0 
1800 790 2823 2058 4549 0 2910 0 0 0 
1900 758 2843 2643 4635 0 3131 0 0 0 
2000 739 2731 3125 4871 5 3461 0 0 0 
2100 702 2611 3585 5205 0 3891 0 0 0 
2200 696 2485 3961 5481 0 4200 0 0 0 
2300 703 2398 4264 5745 0 4511 0 0 0 
2400 674 2320 4612 6111 0 4876 0 0 0 
2500 676 2332 4243 6691 102 5463 0 0 0 
2600 655 2330 4031 7152 231 5932 0 0 0 
2700 1566 2359 4134 7249 44 6040 0 0 0 
2800 2164 2303 4821 7480 28 6238 0 1 0 
2900 2468 2227 5039 7561 33 6334 0 252 0 
3000 2911 2172 5401 7895 27 6650 0 1140 0 
3100 3151 2022 4731 7294 25 6895 0 1384 1 
3200 3632 1700 4665 6847 28 7418 0 1822 0 
3300 4217 1497 4579 6531 26 8012 0 2391 0 
3400 4341 1461 4478 6391 25 8096 0 2512 0 
3500 4414 1454 4311 6208 24 8124 0 2637 1 
3600 4514 1416 4107 5989 28 8202 0 2770 0 
3700 4523 1405 4105 5999 33 8219 0 2754 2 
3800 4647 1402 4105 5983 29 8374 0 2917 1 
3900 4655 1411 4098 5974 30 8502 0 3047 1 
4000 4639 1483 4062 5911 28 8789 0 3365 1 
4100 5134 1480 3801 5628 28 9209 0 4019 1 
4200 5431 1487 3620 5378 34 9391 0 4410 1 
4300 5667 1467 3492 5185 29 9469 0 4686 1 
4400 5845 1467 3391 4996 25 9549 0 4913 1 
4500 6042 1478 3277 4805 27 9676 0 5214 1 
4600 6054 1502 3181 4674 33 9709 0 5327 1 
4700 6159 1483 3088 4523 28 9737 0 5537 0 
4800 6240 1481 2972 4341 29 9773 0 5740 0 
4900 6193 1512 2973 4340 30 9786 0 5772 0 
5000 5699 2034 2971 4337 34 9823 0 5827 0 
