# Avida tasks data
# Sun Apr 16 09:28:49 2023
# First column gives the current update, next columns give the number
# of organisms that have the particular task as a component of their merit
#  1: Update
#  2: Not
#  3: Nand
#  4: And
#  5: OrNot
#  6: Or
#  7: AndNot
#  8: Nor
#  9: Xor
# 10: Equals

0 0 0 0 0 0 0 0 0 0 
100 0 0 0 0 0 0 0 0 0 
200 0 0 0 0 0 0 0 0 0 
300 0 0 0 0 0 0 0 0 0 
400 0 0 0 0 0 0 0 0 0 
500 0 0 0 0 0 0 0 0 0 
600 0 2 0 0 0 0 0 0 0 
700 1 13 0 0 0 0 0 0 0 
800 11 118 0 2 0 0 0 0 0 
900 130 385 0 204 0 0 0 0 0 
1000 309 569 0 830 8 0 0 0 0 
1100 1616 1691 1060 1877 1394 1331 130 0 0 
1200 2685 2784 1478 2983 2474 2605 1676 0 0 
1300 4059 3936 3047 4075 3430 3824 2843 0 0 
1400 5179 4906 4269 5087 4259 4923 3912 0 0 
1500 6225 5803 5312 5894 4943 5811 4840 0 0 
1600 7403 6929 6460 6962 5837 6807 5825 0 0 
1700 8608 8148 7788 8115 6776 7995 6737 0 0 
1800 9694 9088 8728 9075 7582 8988 7667 0 0 
1900 10434 9786 9412 9676 8213 9588 8328 0 0 
2000 11020 10438 10062 10397 8866 10304 8883 0 0 
2100 11421 10777 10422 10727 9007 10708 9099 0 0 
2200 11667 11082 10634 11096 9317 10880 9394 0 0 
2300 12048 11409 11003 11355 9751 11192 9823 0 0 
2400 12131 11512 11070 11554 9697 11373 9778 0 0 
2500 12234 11561 11177 11477 9787 11368 9882 0 0 
2600 12356 11692 11316 11654 9905 11494 9993 0 0 
2700 12355 11730 11330 11651 9735 11511 9843 0 0 
2800 12301 11696 11330 11661 9822 11560 10030 0 0 
2900 12416 11765 11364 11661 9898 11548 9979 0 0 
3000 12262 11731 11323 11683 9852 11493 9907 0 0 
3100 12300 11732 11289 11630 9788 11437 9840 0 0 
3200 12405 11817 11445 11688 9927 11600 9993 0 0 
3300 12395 11779 11321 11712 9903 11538 10059 0 0 
3400 12314 11809 11379 11639 9833 11492 10002 0 0 
3500 12377 11661 11276 11693 9656 11579 9873 0 0 
3600 12412 11723 11351 11713 9884 11522 10039 0 0 
3700 12345 11754 11372 11662 9892 11594 10018 0 0 
3800 12526 11856 11491 11801 9962 11687 10160 0 0 
3900 12511 11820 11399 11803 9965 11652 10113 0 0 
4000 12391 11746 11341 11685 9894 11500 10029 0 0 
4100 12407 11856 11359 11740 9869 11565 9975 0 0 
4200 12349 11784 11399 11759 9951 11556 10080 0 0 
4300 12258 11709 11283 11633 9721 11482 9839 0 0 
4400 12291 11859 11502 11745 9931 11633 10108 0 0 
4500 12313 11784 11349 11725 9920 11532 10065 0 0 
4600 12441 11857 11451 11778 10051 11583 10172 0 0 
4700 12414 11755 11387 11709 9847 11608 9912 0 0 
4800 12480 11808 11392 11778 9908 11620 10012 0 0 
4900 12540 11755 11348 11794 9906 11633 10065 0 0 
5000 12343 11703 11318 11707 9877 11503 10015 0 0 
5100 12377 11616 11193 11621 9724 11440 9839 0 0 
5200 12343 11807 11378 11848 9864 11618 9986 0 0 
5300 12383 11810 11363 11735 9946 11541 10062 0 0 
5400 12422 11784 11381 11782 9983 11586 10116 0 0 
5500 12328 11763 11391 11764 9961 11612 10090 0 0 
5600 12444 11947 11565 11957 10154 11784 10200 0 0 
5700 12311 11744 11312 11728 9894 11504 9953 0 2 
5800 12340 11847 11407 11823 10029 11608 10124 0 0 
5900 12392 11837 11426 11751 9935 11597 10027 0 0 
6000 12340 11879 11492 11757 9989 11645 10048 0 0 
6100 12365 11987 11591 11810 10161 11696 10285 0 0 
6200 12473 11913 11587 11899 10100 11784 10266 0 0 
6300 12415 11988 11596 11896 10137 11770 10244 0 0 
6400 12294 11780 11390 11687 9892 11550 10029 0 0 
6500 12388 11942 11524 11829 9998 11685 10149 0 0 
6600 12478 11954 11543 11857 10096 11631 10232 0 0 
6700 12415 11898 11516 11902 10051 11712 10141 0 0 
6800 12355 11802 11376 11731 9886 11523 9976 0 0 
6900 12330 11818 11416 11774 9792 11614 9892 0 0 
7000 12437 11921 11544 11856 10083 11657 10107 0 0 
7100 12332 11937 11554 11753 9969 11635 10073 0 0 
7200 12416 11938 11585 11763 10030 11633 10147 0 0 
7300 12328 11853 11471 11732 10038 11539 10095 0 0 
7400 12393 12014 11632 11796 9965 11685 10128 0 0 
7500 12409 11897 11460 11781 9904 11586 10091 2 0 
7600 12426 11986 11538 11922 10055 11726 10158 0 0 
7700 12321 11921 11504 11785 9908 11593 10022 0 0 
7800 12335 11916 11427 11750 9925 11491 10050 0 0 
7900 12374 11999 11623 11903 10070 11709 10114 0 0 
8000 12501 12054 11662 11926 10104 11784 10255 0 0 
8100 12509 12066 11692 11909 10121 11738 10238 0 0 
8200 12484 11968 11562 11882 10173 11670 10251 0 0 
8300 12451 11972 11596 11856 10132 11690 10190 0 0 
8400 12489 11843 11426 11827 10034 11656 10184 0 0 
8500 12536 11889 11509 11907 9971 11733 10144 0 0 
8600 12421 11912 11533 11816 10024 11664 10176 0 0 
8700 12549 12017 11571 11848 10067 11674 10202 0 0 
8800 12418 11983 11593 11795 10014 11652 10169 0 0 
8900 12385 11983 11617 11887 10139 11737 10310 0 0 
9000 12560 11991 11574 11877 10122 11705 10207 0 0 
9100 12527 11986 11593 11891 10115 11727 10214 0 0 
9200 12537 11971 11557 11842 10069 11679 10173 0 0 
9300 12452 11928 11572 11801 9984 11694 10107 0 0 
9400 12412 11965 11536 11750 9957 11582 10155 0 0 
9500 12524 12126 11637 11955 10132 11707 10294 0 0 
9600 12525 11996 11557 11807 10012 11657 10183 0 0 
9700 12474 11958 11520 11931 10049 11672 10192 0 0 
9800 12486 11977 11546 11903 10168 11748 10372 0 0 
9900 12450 12006 11610 11911 10194 11746 10325 0 0 
10000 12418 11885 11538 11802 10037 11722 10222 0 0 
