# Avida tasks data
# Sun Apr 16 14:56:22 2023
# First column gives the current update, next columns give the number
# of organisms that have the particular task as a component of their merit
#  1: Update
#  2: Not
#  3: Nand
#  4: And
#  5: OrNot
#  6: Or
#  7: AndNot
#  8: Nor
#  9: Xor
# 10: Equals

0 0 0 0 0 0 0 0 0 0 
100 0 0 0 0 0 0 0 0 0 
200 0 0 0 0 0 0 0 0 0 
300 0 0 0 0 0 0 0 0 0 
400 0 0 0 0 0 0 0 0 0 
500 0 0 0 0 0 0 0 0 0 
600 0 124 0 0 0 0 0 0 0 
700 15 923 0 2 0 0 0 0 0 
800 1399 2245 0 29 0 0 0 0 0 
900 2753 3633 0 96 0 0 0 0 0 
1000 2723 3604 0 105 0 0 0 0 0 
1100 2697 3581 0 107 0 0 0 0 0 
1200 2651 3553 0 128 0 0 0 0 0 
1300 2628 3505 0 150 0 0 0 0 0 
1400 2639 3517 0 222 0 0 0 0 0 
1500 2632 3490 2 243 3 3 0 0 0 
1600 2631 3475 0 267 5 3 0 0 0 
1700 2587 3464 0 270 1 0 0 0 0 
1800 2630 3494 0 342 0 0 0 0 0 
1900 2683 3548 0 429 2 0 0 0 0 
2000 2746 3603 0 448 8 0 0 0 0 
2100 2780 3647 0 389 10 0 0 0 0 
2200 2786 3679 0 323 8 0 0 0 0 
2300 2785 3678 0 323 8 0 0 0 0 
2400 2786 3679 0 323 8 0 0 0 0 
2500 2787 3680 0 323 8 0 0 0 0 
2600 2787 3680 0 323 8 0 0 0 0 
2700 2787 3680 0 323 8 0 0 0 0 
2800 2786 3679 0 323 8 0 0 0 0 
2900 2786 3679 0 323 8 0 0 0 0 
3000 2786 3679 0 323 8 0 0 0 0 
3100 2786 3679 0 323 8 0 0 0 0 
3200 2786 3679 0 323 8 0 0 0 0 
3300 2786 3679 0 323 8 0 0 0 0 
3400 2787 3680 0 323 8 0 0 0 0 
3500 2788 3681 0 323 8 0 0 0 0 
3600 2787 3680 0 323 8 0 0 0 0 
3700 2787 3680 0 323 8 0 0 0 0 
3800 2787 3680 0 323 8 0 0 0 0 
3900 2787 3680 0 323 8 0 0 0 0 
4000 2786 3680 0 323 8 0 0 0 0 
4100 2787 3681 0 323 8 0 0 0 0 
4200 2787 3681 0 323 8 0 0 0 0 
4300 2787 3681 0 323 8 0 0 0 0 
4400 2787 3681 0 323 8 0 0 0 0 
4500 2786 3680 0 323 8 0 0 0 0 
4600 2788 3682 0 323 8 0 0 0 0 
4700 2787 3681 0 323 8 0 0 0 0 
4800 2788 3682 0 323 8 0 0 0 0 
4900 2788 3682 0 324 8 0 0 0 0 
5000 2787 3681 0 324 8 0 0 0 0 
5100 2827 3748 0 327 8 0 0 0 0 
5200 2844 3810 0 331 8 0 0 0 0 
5300 2907 3845 0 321 8 0 0 0 0 
5400 2921 3857 0 309 8 0 0 0 0 
5500 2920 3856 0 309 8 0 0 0 0 
5600 2922 3858 0 309 8 0 0 0 0 
5700 2921 3857 0 309 8 0 0 0 0 
5800 2921 3857 0 309 8 0 0 0 0 
5900 2921 3857 0 309 8 0 0 0 0 
6000 2920 3856 0 309 8 0 0 0 0 
6100 2920 3856 0 309 8 0 0 0 0 
6200 2922 3858 0 309 8 0 0 0 0 
6300 2921 3857 0 309 8 0 0 0 0 
6400 2921 3857 0 309 8 0 0 0 0 
6500 2921 3857 0 309 8 0 0 0 0 
6600 2921 3857 0 309 8 0 0 0 0 
6700 2923 3855 0 314 8 0 0 0 0 
6800 2920 3848 0 314 8 0 0 0 0 
6900 2982 3925 0 316 8 0 0 0 0 
7000 3026 3988 0 316 8 0 0 0 0 
7100 3247 4216 0 341 8 0 0 0 0 
7200 3368 4334 0 346 8 0 0 0 0 
7300 3440 4409 0 346 8 0 0 0 0 
7400 3579 4554 0 348 8 0 0 0 0 
7500 3644 4624 0 348 8 0 0 0 0 
7600 3644 4624 0 348 8 0 0 0 0 
7700 3644 4624 0 348 8 0 0 0 0 
7800 3644 4624 0 348 8 0 0 0 0 
7900 3644 4624 0 348 8 0 0 0 0 
8000 3643 4623 0 348 8 2 0 0 0 
8100 3643 4623 0 348 8 2 0 0 0 
8200 3646 4624 0 350 8 1 0 0 0 
8300 3646 4624 0 350 8 1 0 0 0 
8400 3646 4624 0 350 8 1 0 0 0 
8500 3647 4625 0 350 8 1 0 0 0 
8600 3646 4624 0 350 8 1 0 0 0 
8700 3646 4624 0 350 8 1 0 0 0 
8800 3647 4625 0 350 8 1 0 0 0 
8900 3647 4625 0 350 8 1 0 0 0 
9000 3647 4625 0 350 8 1 0 0 0 
9100 3758 4737 0 351 8 1 0 0 0 
9200 3751 4730 0 351 8 1 0 0 0 
9300 3751 4730 0 351 8 1 0 0 0 
9400 3753 4731 0 351 8 1 0 0 0 
9500 3802 4780 0 352 8 1 0 0 0 
9600 3815 4797 0 355 8 1 0 0 0 
9700 3815 4797 0 355 8 1 0 0 0 
9800 3814 4796 0 355 8 1 0 0 0 
9900 3878 4871 0 355 8 1 0 0 0 
10000 3887 4882 0 355 8 1 0 0 0 
