# Avida tasks data
# Sun Apr 16 16:28:55 2023
# First column gives the current update, next columns give the number
# of organisms that have the particular task as a component of their merit
#  1: Update
#  2: Not
#  3: Nand
#  4: And
#  5: OrNot
#  6: Or
#  7: AndNot
#  8: Nor
#  9: Xor
# 10: Equals

0 0 0 0 0 0 0 0 0 0 
100 0 0 0 0 0 0 0 0 0 
200 0 0 0 0 0 0 0 0 0 
300 0 0 0 0 0 0 0 0 0 
400 0 0 0 0 0 0 0 0 0 
500 0 0 0 0 0 0 0 0 0 
600 923 1150 0 9 0 0 0 0 0 
700 2850 3027 0 49 0 0 0 0 0 
800 4827 5066 0 120 0 0 0 0 0 
900 7041 7270 1 456 2 0 0 0 0 
1000 8638 8938 0 851 9 0 0 0 0 
1100 10172 10519 0 1524 6 0 0 0 0 
1200 10987 11329 0 2327 25 0 0 0 0 
1300 11566 11882 0 3253 29 0 0 0 0 
1400 11884 12133 1 4221 31 2 0 0 0 
1500 12192 12387 1 5152 31 0 0 0 0 
1600 12332 12633 0 6039 29 98 0 0 0 
1700 12430 12647 1 6513 29 701 0 0 0 
1800 12466 12732 12 6909 31 1384 0 0 0 
1900 12517 12619 13 6811 43 2268 3 0 0 
2000 12609 12848 21 6776 45 3289 6 0 0 
2100 12759 12945 23 6706 32 4406 10 0 0 
2200 12744 12954 26 6743 39 5390 5 0 0 
2300 12773 12992 44 6395 19 6317 8 0 0 
2400 12784 13075 49 6217 21 7289 4 0 0 
2500 12810 13073 40 5958 25 8142 8 0 0 
2600 12890 13073 59 5870 21 8832 16 0 0 
2700 12859 13113 58 5671 22 9668 20 0 0 
2800 12838 13032 103 5489 9 10227 17 0 0 
2900 12834 13017 117 5366 16 10676 17 0 0 
3000 12728 12924 127 5676 14 10871 38 0 0 
3100 12803 12909 92 5913 38 11160 29 0 0 
3200 12791 12883 83 6541 1102 11391 35 0 0 
3300 12604 12678 72 7097 2449 11288 52 0 0 
3400 12558 12632 69 7788 3746 11324 52 0 0 
3500 12628 12547 117 8333 4867 11340 53 0 0 
3600 12489 12457 145 8710 5716 11220 68 0 0 
3700 12453 12404 188 9242 6874 11293 79 0 0 
3800 12429 12439 238 9666 7858 11390 91 0 0 
3900 12360 12434 243 9988 8716 11395 76 0 0 
4000 12457 12441 270 10314 9376 11564 75 0 0 
4100 12374 12309 269 10418 9646 11451 83 0 0 
4200 12448 12377 316 10398 10084 11594 83 0 0 
4300 12323 12162 381 10265 10173 11492 111 0 0 
4400 12411 12309 308 10520 10545 11625 107 0 0 
4500 12463 12392 386 10570 10564 11713 93 0 0 
4600 12513 12398 384 10548 10625 11768 100 0 0 
4700 12547 12390 358 10562 10697 11779 89 0 0 
4800 12523 12375 398 10532 10641 11739 90 0 0 
4900 12560 12391 488 10416 10584 11707 112 0 0 
5000 12540 12338 451 10437 10586 11709 109 0 0 
5100 12526 12399 398 10414 10581 11697 116 0 0 
5200 12661 12561 400 10580 10801 11883 82 0 0 
5300 12579 12452 389 10542 10622 11780 85 0 0 
5400 12734 12541 379 10738 10858 11919 89 0 0 
5500 12626 12553 377 10823 10822 11906 83 0 0 
5600 12646 12499 288 10725 10753 11805 96 0 0 
5700 12628 12550 230 10742 10847 11965 88 0 0 
5800 12751 12622 278 10778 10861 11954 94 0 0 
5900 12773 12666 256 10814 10928 12040 88 0 0 
6000 12752 12644 276 10914 10891 11989 98 0 0 
6100 12788 12732 444 10842 10902 12054 80 2 0 
6200 12814 12720 547 10811 10972 12140 97 0 21 
6300 12909 12841 677 10828 10889 12193 98 5 212 
6400 12859 12713 868 10824 10244 12070 110 9 643 
6500 12871 12743 1111 10854 9713 12048 94 18 1250 
6600 12833 12727 1134 10835 9018 12123 88 15 1991 
6700 12889 12726 1255 10796 8242 12066 73 24 2670 
6800 12885 12621 1327 10726 7439 12053 65 32 3397 
6900 12873 12643 1377 10755 6831 11992 85 28 4097 
7000 12744 12486 1456 10588 5894 11847 95 26 4764 
