# Avida tasks data
# Sun Apr 16 16:44:16 2023
# First column gives the current update, next columns give the number
# of organisms that have the particular task as a component of their merit
#  1: Update
#  2: Not
#  3: Nand
#  4: And
#  5: OrNot
#  6: Or
#  7: AndNot
#  8: Nor
#  9: Xor
# 10: Equals

0 0 0 0 0 0 0 0 0 0 
100 0 0 0 0 0 0 0 0 0 
200 0 0 0 0 0 0 0 0 0 
300 0 0 0 0 0 0 0 0 0 
400 0 0 0 0 0 0 0 0 0 
500 0 0 0 0 0 0 0 0 0 
600 5 0 0 0 0 0 0 0 0 
700 845 411 0 169 0 0 0 0 0 
800 1736 1649 0 1408 0 0 0 0 0 
900 2605 2682 10 2482 1 0 0 0 0 
1000 4125 4300 2 4002 6 1 0 0 0 
1100 5781 6036 2 5617 7 10 0 0 0 
1200 7655 7949 4 7406 10 33 0 0 0 
1300 9449 9887 10 9251 11 159 0 0 0 
1400 10973 11393 6 10608 43 325 2 0 0 
1500 11958 12441 164 11650 66 534 59 0 0 
1600 12427 12869 565 12103 56 508 898 0 0 
1700 12545 13037 888 12227 76 451 1989 0 0 
1800 12432 13036 1122 12313 95 391 3047 0 0 
1900 12505 13051 1279 12415 76 334 4095 0 0 
2000 12455 12998 1346 12297 43 200 5139 0 0 
2100 12554 13046 1520 12340 21 119 6297 0 0 
2200 12666 13061 1662 12415 99 83 7194 0 0 
2300 12707 13085 1692 12433 293 57 8106 0 0 
2400 12669 13112 1758 12568 547 51 8936 0 0 
2500 12715 13068 1726 12572 886 39 9413 0 0 
2600 12784 13102 1577 12597 1235 25 9776 0 0 
2700 12832 13075 1370 12556 1626 16 10111 0 0 
2800 12892 13099 1180 12615 2095 70 10394 0 0 
2900 12877 13097 994 12601 2481 127 10631 0 0 
3000 12854 13088 840 12510 2875 340 10676 0 0 
3100 12944 13097 715 12656 3409 571 10943 0 0 
3200 12933 13116 567 12680 3940 883 11105 0 0 
3300 12928 13110 394 12585 4344 1187 11204 0 1 
3400 12976 13030 268 12532 4873 1617 11222 0 0 
3500 12969 13127 128 12526 5384 2164 11426 0 0 
3600 12962 13069 70 12527 5797 2646 11472 0 0 
3700 13017 13049 45 12576 6395 3222 11504 0 0 
3800 13014 13155 43 12623 6940 3813 11602 0 0 
3900 13015 13107 37 12680 7321 4548 11604 0 0 
4000 13029 13094 31 12567 7725 5163 11529 0 0 
4100 13055 13099 27 12501 8167 5794 11484 0 0 
4200 13072 13173 48 12551 8543 6557 11462 0 0 
4300 12991 13149 28 12633 9066 7375 11506 0 0 
4400 13072 13234 23 12496 9433 8054 11497 0 0 
4500 13079 13216 45 12573 9847 8667 11490 0 0 
4600 13089 13229 37 12577 10205 9393 11582 0 0 
4700 13070 13204 53 12576 10498 9913 11525 0 0 
4800 13049 13196 56 12561 10875 10444 11486 0 0 
4900 13108 13217 59 12555 11099 10884 11555 0 0 
5000 13108 13254 58 12591 11192 11246 11500 0 0 
5100 13091 13229 46 12486 11460 11570 11477 0 0 
5200 13161 13229 61 12456 11642 11766 11434 0 0 
5300 13158 13248 60 12524 11728 11991 11421 0 0 
5400 13163 13242 57 12598 11851 12196 11559 0 0 
5500 13098 13247 48 12616 11891 12370 11476 0 0 
5600 13133 13306 62 12544 11791 12398 11478 0 0 
5700 13121 13268 59 12611 11933 12514 11520 0 0 
5800 13120 13283 48 12552 11820 12541 11469 0 0 
5900 13147 13317 70 12582 11876 12728 11523 0 0 
6000 13201 13204 85 12579 11975 12658 11469 0 0 
6100 13222 13350 80 12510 11974 12606 11435 0 0 
6200 13142 13281 58 12691 11864 12709 11565 0 0 
6300 13185 13352 44 12620 11865 12695 11525 0 0 
6400 13239 13312 54 12626 11968 12668 11492 0 0 
6500 13215 13333 86 12647 11986 12636 11528 0 0 
6600 13184 13309 101 12685 11898 12691 11521 0 0 
6700 13158 13241 142 12510 11833 12529 11459 0 0 
6800 13181 13343 194 12639 11881 12536 11524 0 0 
6900 13182 13399 288 12517 11920 12530 11514 0 0 
7000 13118 13345 429 12596 11834 12221 11539 0 0 
7100 13161 13338 590 12568 11797 12093 11497 0 0 
7200 13180 13356 772 12608 11875 11833 11479 0 0 
7300 13198 13266 981 12558 11906 11574 11454 0 0 
7400 13167 13231 1308 12589 11789 11216 11483 0 0 
7500 13121 13263 1554 12621 11791 10826 11462 0 0 
7600 13246 13274 2063 12651 11866 10400 11571 0 0 
7700 13192 13272 2418 12736 11856 10152 11612 0 0 
7800 13228 13246 2948 12609 11833 9510 11493 0 0 
7900 13110 13287 3371 12649 11836 9085 11581 0 0 
8000 13248 13270 3825 12540 11799 8472 11558 0 0 
8100 13137 13215 4398 12664 11746 7917 11575 0 0 
8200 13224 13266 5029 12722 11838 7348 11642 0 13 
8300 13111 13179 5549 12621 11711 6783 11572 0 32 
8400 13146 13276 5937 12602 11820 6259 11506 0 59 
8500 13152 13247 6399 12609 11772 5654 11564 0 67 
8600 13119 13227 6830 12535 11708 5245 11539 2 155 
8700 13110 12997 6216 11962 11722 5265 11491 3 637 
