# Avida tasks data
# Sun Apr 16 11:01:13 2023
# First column gives the current update, next columns give the number
# of organisms that have the particular task as a component of their merit
#  1: Update
#  2: Not
#  3: Nand
#  4: And
#  5: OrNot
#  6: Or
#  7: AndNot
#  8: Nor
#  9: Xor
# 10: Equals

0 0 0 0 0 0 0 0 0 0 
100 0 0 0 0 0 0 0 0 0 
200 0 0 0 0 0 0 0 0 0 
300 0 0 0 0 0 0 0 0 0 
400 0 0 0 0 0 0 0 0 0 
500 0 0 0 0 0 0 0 0 0 
600 1 0 0 0 0 0 0 0 0 
700 7 0 0 0 0 0 0 0 0 
800 59 0 0 0 0 0 0 0 0 
900 189 0 0 0 0 0 0 0 0 
1000 644 7 0 15 0 0 0 0 0 
1100 1373 11 0 495 5 0 0 0 0 
1200 2558 278 0 1503 3 0 0 0 0 
1300 3163 919 0 2305 183 0 0 0 0 
1400 2814 1308 6 2824 1274 140 80 0 0 
1500 2348 1281 144 3149 2168 1000 88 0 0 
1600 3771 2821 1874 4088 3008 1419 78 0 0 
1700 4851 4122 3210 5164 3999 2784 63 0 0 
1800 5686 5221 4420 6168 4888 4099 54 0 0 
1900 6540 6212 5344 7047 5728 5224 50 0 0 
2000 7219 7206 6456 7922 6534 6358 52 0 0 
2100 8061 8159 7370 8862 7435 7357 46 0 0 
2200 8609 8983 8225 9527 8112 8176 31 0 0 
2300 9097 9693 8933 10206 8717 8862 22 0 0 
2400 10010 10545 9746 10943 9564 9648 10 0 0 
2500 10536 11128 10397 11527 10150 10302 11 1 18 
2600 10734 11580 10829 11956 10372 10714 12 0 6 
2700 10995 11840 11148 12333 10712 11027 9 0 0 
2800 11289 12101 11301 12564 11003 11239 19 0 1 
2900 11584 12470 11702 12851 11368 11558 7 0 1 
3000 11695 12718 11913 13072 11483 11853 7 0 0 
3100 11860 12837 12025 13196 11528 11898 10 0 0 
3200 11957 12990 12193 13351 11638 12090 13 0 0 
3300 12134 13114 12198 13470 11807 12158 6 0 0 
3400 12069 13149 12316 13399 11806 12257 12 1 0 
3500 12115 13045 12232 13370 11718 12168 9 0 0 
3600 12117 13025 12134 13312 11785 12125 15 0 1 
3700 12055 13036 12193 13298 11758 12138 12 0 0 
3800 12065 13134 12343 13409 11751 12242 15 0 0 
3900 12024 12957 12136 13308 11682 12098 19 0 0 
4000 12106 13067 12192 13308 11734 12180 16 0 0 
4100 12071 13014 12190 13344 11689 12182 15 2 4 
4200 12049 13104 12228 13364 11799 12192 13 0 0 
4300 12012 13057 12203 13251 11786 12133 12 0 0 
4400 12026 13101 12289 13374 11751 12203 23 0 0 
4500 12033 13049 12201 13275 11758 12127 14 0 0 
4600 12085 13083 12218 13274 11831 12175 11 0 0 
4700 12076 13189 12276 13371 11852 12207 17 0 0 
4800 12060 13142 12233 13285 11854 12218 29 0 0 
4900 12000 13028 12138 13194 11769 12161 59 0 0 
5000 11991 13096 12219 13278 11694 12278 173 2 2 
5100 11969 13146 12199 13252 11763 12218 374 2 10 
5200 10376 13031 12105 13167 11814 12058 1786 19 1596 
5300 9345 13072 12188 13161 11811 12157 3021 20 2703 
5400 9979 13103 12081 13033 11756 12135 2371 14 3552 
