# Avida tasks data
# Sun Apr 16 15:35:37 2023
# First column gives the current update, next columns give the number
# of organisms that have the particular task as a component of their merit
#  1: Update
#  2: Not
#  3: Nand
#  4: And
#  5: OrNot
#  6: Or
#  7: AndNot
#  8: Nor
#  9: Xor
# 10: Equals

0 0 0 0 0 0 0 0 0 0 
100 0 0 0 0 0 0 0 0 0 
200 0 0 0 0 0 0 0 0 0 
300 0 0 0 0 0 0 0 0 0 
400 0 0 0 0 0 0 0 0 0 
500 0 10 0 0 0 0 0 0 0 
600 28 291 0 415 0 0 0 0 0 
700 57 1569 0 1637 1 0 0 0 0 
800 1063 2532 0 2578 3 0 0 0 0 
900 2096 3584 0 3668 20 3 0 0 0 
1000 3514 4977 9 5075 14 86 0 0 0 
1100 5097 6505 22 6657 27 252 0 0 0 
1200 7088 8285 18 8418 34 413 0 0 0 
1300 8991 10086 52 10280 36 630 0 0 0 
1400 9984 11088 1754 11278 35 419 0 0 0 
1500 10964 11880 3812 12018 30 311 0 0 0 
1600 11728 12556 5558 12691 37 234 0 0 0 
1700 12259 12704 7002 12927 53 252 0 0 0 
1800 12406 12685 8324 12862 46 310 0 0 0 
1900 12654 12657 9381 12866 45 543 0 0 0 
2000 12856 12688 10224 12872 67 814 0 0 0 
2100 12807 12732 10835 12905 58 1114 1 0 0 
2200 12747 12651 11378 12818 69 1441 0 0 0 
2300 12909 12702 11767 12915 59 1857 1 0 0 
2400 12956 12586 12088 12843 54 2264 0 0 0 
2500 12970 12631 12395 12893 58 2823 0 0 0 
2600 12912 12535 12546 12814 82 3349 5 0 0 
2700 12997 12659 12614 12969 113 4031 116 0 0 
2800 12985 12573 12527 12954 164 4512 325 0 0 
2900 13104 12621 12636 12950 194 5198 615 0 0 
3000 13103 12568 12581 12922 163 5739 991 0 0 
3100 13055 12506 12560 12969 203 6211 1336 0 0 
3200 13082 12514 12620 12932 153 6526 1818 0 0 
3300 13043 12541 12590 12889 89 6602 2527 0 0 
3400 13054 12528 12532 12962 60 6875 3114 0 0 
3500 13040 12500 12525 12918 38 6878 3659 0 0 
3600 13089 12594 12667 12930 51 6550 4343 0 0 
3700 13160 12524 12542 12911 24 6261 5023 0 0 
3800 13047 12541 12481 12939 48 6168 5423 0 0 
3900 13046 12517 12602 13005 34 5685 5966 0 0 
4000 13098 12618 12601 12956 45 5230 6743 0 0 
4100 13068 12619 12492 12987 43 4712 7465 0 0 
4200 13237 12684 12676 13009 41 4230 8137 0 0 
4300 13143 12702 12560 12991 41 3899 8695 0 0 
4400 13154 12688 12562 12926 47 3629 9108 0 0 
4500 13153 12803 12654 13050 38 3315 9718 0 0 
4600 13115 12762 12555 13022 51 3249 10159 0 0 
4700 13215 12764 12610 12983 51 3484 10533 0 0 
4800 13076 12738 12563 12954 93 3724 10790 0 0 
4900 13111 12840 12629 13060 139 4130 11092 0 0 
5000 13155 12880 12615 13007 184 4664 11266 0 0 
5100 13071 12872 12543 12988 266 5094 11564 0 0 
5200 13143 12845 12602 13033 313 5774 11733 0 0 
5300 13168 12845 12651 13094 394 6199 11850 0 0 
5400 13096 12870 12612 13065 434 6741 11916 0 0 
5500 13250 12877 12577 13046 510 7096 12004 0 0 
5600 13223 12826 12524 13001 558 7524 11956 0 0 
5700 13154 12872 12630 13035 547 7984 12004 0 0 
5800 13218 12856 12607 13109 645 8315 12031 0 0 
5900 13193 12904 12628 13073 653 8617 12105 0 0 
6000 13210 12843 12634 13122 690 9077 12167 0 0 
6100 13221 12848 12647 13097 688 9435 12155 0 0 
6200 13193 12886 12586 13147 698 9759 12085 0 0 
6300 13182 12899 12489 13062 659 10120 11943 0 0 
6400 13267 12909 12578 13116 688 10251 12043 0 0 
6500 13222 12925 12647 13065 757 10450 12061 0 0 
6600 13296 12994 12696 13177 787 10618 12123 0 0 
6700 13197 12864 12619 13147 849 10782 12128 0 0 
6800 13227 13027 12576 13236 813 10903 12128 0 0 
6900 13233 12922 12609 13232 804 11045 12102 0 0 
7000 13170 12992 12558 13233 789 11147 12118 0 0 
7100 13243 12989 12622 13218 805 11271 12188 1 0 
7200 13230 12990 12613 13213 760 11241 12097 0 0 
7300 13232 12973 12604 13233 800 11227 12145 0 0 
7400 13268 13030 12607 13190 736 11455 12127 0 0 
7500 13229 12999 12566 13188 693 11347 12035 0 113 
7600 13328 13057 12610 13248 737 11150 11561 0 584 
7700 13251 12895 12497 13051 920 10935 10385 1 1592 
7800 13311 12891 12574 13107 1634 11027 9125 4 2809 
7900 13348 12838 12530 13050 2350 11092 7987 1 3854 
8000 13376 12741 12488 12867 3084 11018 6869 3 4740 
8100 13351 12607 12449 12819 3865 10950 5707 7 5808 
8200 13377 12581 12505 12843 4593 10947 4811 3 6728 
8300 13428 12532 12494 12716 5170 10926 3979 3 7451 
8400 13429 12440 12397 12661 5814 10948 3299 5 8074 
8500 13514 12425 12467 12617 6637 10975 2623 6 8694 
8600 13494 12417 12453 12656 7246 10966 2138 11 9123 
8700 13462 12310 12314 12462 6763 10923 1992 6 9188 
8800 13464 12338 12268 12520 6414 10967 1992 6 9233 
8900 13445 12322 12202 12482 6105 10942 1985 5 9208 
9000 13435 12296 12222 12365 5955 10899 1987 5 9134 
9100 13104 12276 12180 12123 5708 10913 1995 5 9104 
9200 13214 12292 12241 12261 5656 10956 1992 4 9138 
9300 13310 12325 12243 12258 5565 10986 1992 4 9150 
9400 13391 12292 12252 12238 5450 10988 1990 4 9137 
9500 13411 12301 12239 12190 5400 11005 1993 4 9143 
9600 13400 12316 12240 12357 5398 11022 1983 4 9198 
9700 13383 12288 12216 12369 5391 11011 1985 4 9167 
9800 13391 12343 12222 12464 5333 11001 1973 4 9151 
9900 13367 12331 12223 12441 5199 11037 1967 4 9177 
10000 13422 12310 12181 12444 5037 11009 1937 4 9147 
