# Avida tasks data
# Sun Apr 16 10:05:01 2023
# First column gives the current update, next columns give the number
# of organisms that have the particular task as a component of their merit
#  1: Update
#  2: Not
#  3: Nand
#  4: And
#  5: OrNot
#  6: Or
#  7: AndNot
#  8: Nor
#  9: Xor
# 10: Equals

0 0 0 0 0 0 0 0 0 0 
100 0 0 0 0 0 0 0 0 0 
200 0 0 0 0 0 0 0 0 0 
300 0 0 0 0 0 0 0 0 0 
400 0 0 0 0 0 0 0 0 0 
500 2 0 0 0 0 0 0 0 0 
600 2 0 0 0 0 0 0 0 0 
700 16 0 0 0 0 0 0 0 0 
800 23 0 0 0 0 0 0 0 0 
900 80 10 0 0 0 0 0 0 0 
1000 412 61 0 0 0 0 0 0 0 
1100 801 85 0 0 0 0 0 0 0 
1200 1228 251 0 8 0 114 0 0 0 
1300 1828 295 3 116 0 901 3 0 0 
1400 2395 821 148 851 0 2063 25 0 0 
1500 2396 1900 409 2043 7 2299 12 0 0 
1600 3483 2559 320 2596 7 2896 12 0 0 
1700 4548 3428 231 3423 7 3600 12 0 0 
1800 5409 4330 247 4311 9 4288 12 0 0 
1900 5908 4907 249 4902 8 4734 12 0 0 
2000 6480 5705 314 5686 7 5309 12 0 0 
2100 7068 6332 351 6305 9 5860 11 0 0 
2200 7226 6575 342 6543 8 6139 9 0 0 
2300 7418 6708 322 6670 11 6316 7 0 0 
2400 7420 6716 286 6692 12 5924 8 0 0 
2500 7350 6727 279 6704 13 5540 8 0 0 
2600 7595 7040 279 7007 13 5318 8 0 0 
2700 7591 7046 283 7014 13 5318 8 2 0 
2800 7683 7297 280 7262 14 5318 8 0 0 
2900 8005 7664 301 7636 14 5334 10 0 0 
3000 8108 7796 303 7761 14 5291 8 0 0 
3100 8132 7823 302 7792 13 5287 10 0 0 
3200 8183 7926 274 7894 15 5234 10 0 0 
3300 8200 7874 158 7839 16 4605 10 0 0 
3400 8213 7867 121 7828 15 4463 10 0 0 
3500 8223 7865 103 7824 15 4288 10 0 0 
3600 8252 8010 94 7969 15 4092 10 0 0 
3700 8358 8382 95 8342 16 4035 10 0 0 
3800 8390 8546 95 8506 15 3971 10 0 0 
3900 8390 8544 93 8506 15 3969 10 0 0 
4000 8367 8529 91 8481 15 3965 10 0 0 
4100 8393 8546 91 8499 15 3959 10 0 0 
4200 8460 8624 88 8613 15 3914 10 0 0 
4300 8540 8684 89 8678 15 3847 10 0 0 
4400 8676 8801 84 8791 17 3751 12 0 0 
4500 8820 9001 83 8999 15 3717 14 0 0 
4600 8977 9185 84 9196 16 3694 12 0 0 
4700 9291 9532 83 9538 15 3657 13 0 0 
4800 9438 9688 84 9677 15 3656 12 0 0 
4900 9501 9756 82 9731 813 3655 12 0 0 
5000 9540 9787 81 9745 1282 3655 12 0 0 
5100 9548 9784 78 9758 1540 3653 11 0 0 
5200 9585 9785 70 9790 1936 3582 10 0 0 
5300 9601 9817 64 9817 2390 3468 13 0 0 
5400 9680 9894 63 9900 2849 3337 10 0 0 
5500 9732 9969 63 9976 3222 3226 9 0 0 
5600 9833 10075 62 10088 3598 3130 10 0 0 
5700 9893 10181 61 10198 3920 3039 11 0 0 
5800 10069 10337 60 10352 4279 2936 10 0 0 
5900 10189 10444 60 10454 4578 2824 12 0 0 
6000 10319 10568 57 10585 4918 2715 8 0 0 
6100 10392 10665 56 10683 5206 2619 7 0 0 
6200 10531 10812 53 10822 5546 2513 8 0 0 
6300 10611 10898 52 10918 5768 2412 8 0 0 
6400 10790 11089 52 11099 6141 2303 9 0 0 
6500 10914 11219 52 11220 6425 2203 8 0 0 
6600 11007 11319 51 11338 6676 2109 9 0 0 
6700 11085 11417 51 11428 6952 2007 8 0 0 
6800 11186 11514 51 11524 7170 1925 5 0 0 
6900 11293 11586 49 11609 7440 1824 7 0 0 
7000 11362 11657 48 11689 7688 1719 2 0 0 
7100 11482 11796 46 11813 7980 1623 7 0 0 
7200 11533 11820 45 11842 8150 1546 9 0 0 
7300 11606 11895 45 11935 8338 1485 5 0 0 
7400 11684 11966 43 11996 8485 1443 5 0 0 
7500 11731 12022 42 12051 8631 1376 5 0 0 
7600 11795 12111 41 12136 8846 1302 4 0 0 
7700 11774 12134 41 12165 8942 1246 3 0 0 
7800 11839 12190 40 12218 9113 1135 3 0 0 
7900 11898 12241 37 12276 9281 1051 4 0 0 
8000 11968 12304 37 12350 9439 957 2 0 0 
8100 12004 12374 33 12411 9571 904 3 0 0 
8200 12015 12390 33 12425 9645 859 3 0 0 
8300 12084 12440 32 12487 9762 835 2 0 0 
8400 12097 12464 30 12517 9841 807 2 0 0 
8500 12134 12509 30 12567 9948 796 5 0 0 
