# Avida tasks data
# Sun Apr 16 09:11:07 2023
# First column gives the current update, next columns give the number
# of organisms that have the particular task as a component of their merit
#  1: Update
#  2: Not
#  3: Nand
#  4: And
#  5: OrNot
#  6: Or
#  7: AndNot
#  8: Nor
#  9: Xor
# 10: Equals

0 0 0 0 0 0 0 0 0 0 
100 0 0 0 0 0 0 0 0 0 
200 0 0 0 0 0 0 0 0 0 
300 0 0 0 0 0 0 0 0 0 
400 0 0 0 0 0 0 0 0 0 
500 2 0 0 0 0 0 0 0 0 
600 0 0 0 0 0 0 0 0 0 
700 3 0 0 2 0 0 0 0 0 
800 0 0 0 0 0 0 0 0 0 
900 46 2 0 0 0 0 0 0 0 
1000 185 2 0 100 0 0 0 0 0 
1100 408 13 0 410 0 0 0 0 0 
1200 903 51 0 993 138 0 0 0 0 
1300 2490 139 2 2508 2157 0 0 0 0 
1400 3803 514 0 4888 4351 20 0 0 0 
1500 4468 729 0 5780 5309 390 1414 0 0 
1600 5244 773 2 6385 6081 225 3065 0 0 
1700 6489 744 0 7392 7155 178 4431 0 0 
1800 7817 651 0 8295 8067 293 5569 0 0 
1900 8653 839 0 9049 8686 992 6415 0 0 
2000 9383 1185 0 9600 9218 1732 7028 0 0 
2100 10276 1830 5 10337 9995 2798 7886 0 0 
2200 11005 2715 0 10988 10599 3587 8592 0 0 
2300 11487 3477 2 11217 10888 4316 9004 0 0 
2400 11797 4095 1 11387 11085 4993 9323 0 0 
2500 11995 4638 6 11499 11110 5474 9523 0 0 
2600 12217 5168 2 11603 11281 6192 9818 0 0 
2700 12521 5656 4 11689 11384 6736 10116 0 0 
2800 12779 6147 1 11823 11471 7282 10359 0 0 
2900 12926 6681 1 11814 11505 7748 10464 0 0 
3000 13030 7121 1 11864 11601 8115 10591 0 0 
3100 13057 7484 1 11736 11453 8423 10458 0 2 
3200 13116 7914 22 11769 11507 8734 10514 0 0 
3300 13136 8379 38 11829 11538 9102 10633 0 0 
3400 13167 8776 86 11825 11594 9440 10613 0 0 
3500 13202 9154 147 11895 11613 9856 10709 0 0 
3600 13178 9500 222 11829 11523 10056 10664 0 0 
3700 13139 9769 267 11899 11550 10281 10723 0 0 
3800 13176 9967 430 11930 11618 10538 10753 0 0 
3900 13265 9904 579 11890 11555 10530 10732 0 0 
4000 13207 10033 737 11895 11612 10684 10772 0 3 
4100 13256 9815 808 11929 11592 10682 10734 0 5 
4200 13205 9735 1015 11920 11553 10745 10764 0 14 
4300 13198 9570 1175 12026 11620 10791 10813 0 17 
4400 13157 9392 1297 11932 11564 10663 10710 0 51 
4500 13245 9246 1550 11952 11621 10836 10796 0 90 
4600 13302 9095 1707 11960 11571 10780 10843 0 94 
4700 13285 8975 1903 11838 11593 10730 10651 0 117 
4800 13215 9079 2014 11796 11469 10635 10674 0 140 
4900 13257 9029 2191 11870 11521 10727 10725 0 152 
5000 13360 9143 2404 12008 11717 10853 10821 0 171 
5100 13205 9164 2679 11938 11655 10832 10780 0 237 
5200 13189 9184 2908 11849 11571 10719 10651 0 230 
5300 13277 9325 3296 11939 11568 10772 10786 0 307 
5400 13332 9310 3688 11979 11660 10817 10754 0 315 
5500 13267 9614 3908 11985 11586 10792 10809 0 378 
5600 13256 9924 4242 12038 11619 10793 10823 0 362 
5700 13164 9922 4543 12073 11737 10860 10855 0 402 
5800 13149 10008 4735 11994 11652 10784 10744 0 439 
5900 13140 10292 5099 11979 11643 10825 10818 0 440 
6000 13064 10252 4804 11900 11591 10727 10705 0 862 
6100 13064 10165 4735 11852 11415 10548 10652 0 898 
6200 13055 10237 4480 11803 11290 10446 10623 0 1120 
6300 13037 10058 4259 11796 11261 10436 10589 0 1320 
6400 13020 9898 4094 11778 11118 10299 10584 1 1565 
6500 13027 9767 3965 11762 11108 10293 10573 2 1715 
6600 13044 9656 3849 11795 11081 10276 10639 1 1965 
6700 13061 9577 3675 11825 11028 10236 10643 0 2274 
6800 13052 9484 3544 11703 10890 10101 10560 0 2357 
6900 13044 9432 3469 11643 10845 10059 10527 3 2452 
7000 13010 9328 3394 11637 10799 9997 10476 0 2516 
7100 13028 9180 3314 11691 10765 9969 10526 1 2651 
7200 13033 9219 3175 11688 10718 9933 10508 2 2763 
7300 13022 9187 3076 11708 10708 9882 10502 2 2930 
7400 12990 9081 2981 11611 10601 9801 10375 5 2950 
7500 12990 9070 2928 11613 10546 9757 10388 2 3098 
7600 13004 9031 2825 11578 10535 9765 10383 1 3206 
7700 13006 9066 2751 11604 10555 9788 10425 1 3396 
7800 12982 9216 2678 11595 10588 9810 10384 1 3470 
7900 12964 9420 2602 11535 10476 9685 10322 4 3519 
8000 12973 9361 2515 11590 10539 9720 10392 4 3663 
8100 12939 9422 2433 11546 10580 9757 10341 1 3773 
8200 12986 9428 2372 11567 10599 9791 10412 8 3954 
8300 12994 9527 2279 11631 10624 9779 10439 8 4122 
8400 12996 9669 2222 11635 10652 9783 10426 8 4233 
8500 13017 9844 2100 11632 10691 9779 10404 11 4399 
8600 13042 9881 2032 11637 10628 9777 10415 14 4552 
8700 13032 9808 1987 11704 10665 9838 10484 11 4756 
8800 13074 9878 1864 11712 10727 9876 10542 7 5036 
8900 13076 10002 1799 11754 10757 9904 10560 9 5181 
9000 13098 10059 1753 11694 10730 9836 10486 5 5177 
9100 13096 10068 1712 11606 10723 9882 10440 6 5264 
9200 13179 10242 1682 11711 10861 10033 10592 5 5555 
9300 13117 10224 1607 11691 10789 9901 10496 5 5577 
9400 13102 10259 1581 11723 10851 9959 10548 6 5813 
9500 13122 10098 1494 11732 10950 10068 10571 4 5995 
9600 13134 9818 1446 11721 10969 10080 10571 6 6059 
9700 13092 9662 1355 11703 10918 10018 10523 4 6097 
9800 13059 9520 1324 11664 10888 9976 10488 3 6127 
9900 13063 9364 1306 11676 10885 9996 10508 8 6194 
10000 13069 9182 1290 11659 10908 10004 10501 5 6255 
