# Avida tasks data
# Sun Apr 16 16:40:04 2023
# First column gives the current update, next columns give the number
# of organisms that have the particular task as a component of their merit
#  1: Update
#  2: Not
#  3: Nand
#  4: And
#  5: OrNot
#  6: Or
#  7: AndNot
#  8: Nor
#  9: Xor
# 10: Equals

0 0 0 0 0 0 0 0 0 0 
100 0 0 0 0 0 0 0 0 0 
200 0 0 0 0 0 0 0 0 0 
300 0 0 0 0 0 0 0 0 0 
400 0 0 0 0 0 0 0 0 0 
500 0 0 0 0 0 0 0 0 0 
600 0 0 0 0 0 0 0 0 0 
700 408 0 0 2 0 0 0 0 0 
800 1292 620 0 17 0 0 0 0 0 
900 1735 1222 1 24 0 0 0 0 0 
1000 1734 1272 1 20 0 0 0 0 0 
1100 1733 1316 1 179 0 0 0 0 0 
1200 1775 1367 1 551 0 0 0 0 0 
1300 1902 1515 1 767 0 0 0 0 0 
1400 2108 1726 1 652 0 0 0 0 0 
1500 2198 1815 2 551 0 0 0 0 0 
1600 2210 1826 2 485 0 0 0 0 0 
1700 2267 1894 2 423 0 0 0 0 0 
1800 2292 1921 1 358 0 0 0 0 0 
1900 2339 1978 1 321 0 0 0 0 0 
2000 2406 2053 2 326 0 0 0 0 0 
2100 2451 2132 1 316 0 0 0 0 0 
2200 2594 2259 1 312 3 0 0 0 0 
2300 2661 2318 2 315 0 0 0 0 0 
2400 2771 2400 2 293 2 0 0 0 0 
2500 2921 2444 2 288 2 2 0 0 0 
2600 3121 2529 2 267 0 1 0 0 0 
2700 3328 2616 5 246 0 2 0 0 0 
2800 3532 2680 3 172 0 1 0 0 0 
2900 3738 2858 1 118 0 2 0 0 0 
3000 3846 2924 1 128 1 2 0 0 0 
3100 3950 3008 1 116 0 1 0 0 0 
3200 4056 3080 3 110 0 1 0 0 0 
3300 4138 3129 3 98 0 1 0 0 0 
3400 4168 3152 6 115 1 1 0 0 0 
3500 4168 3151 5 115 2 1 0 0 0 
3600 4164 3143 6 119 2 1 0 0 0 
3700 4212 3230 4 120 3 1 0 0 0 
3800 4245 3299 4 136 5 1 0 0 0 
3900 4303 3358 4 168 6 1 0 0 0 
4000 4355 3417 4 147 3 1 0 0 0 
4100 4428 3491 4 130 3 2 5 0 0 
4200 4464 3530 8 144 3 2 2 0 0 
4300 4545 3612 6 122 3 2 1 0 0 
4400 4648 3722 5 121 2 2 3 0 0 
4500 4753 3839 5 132 1 5 2 0 0 
4600 4864 3978 7 123 1 2 4 0 0 
4700 4852 3984 5 129 1 2 3 0 0 
4800 4852 3984 5 129 1 2 3 0 0 
4900 4851 3983 5 129 1 2 3 0 0 
5000 4851 3983 5 129 1 2 3 0 0 
5100 4851 3983 5 129 1 2 3 0 0 
5200 4851 3983 5 129 1 2 3 0 0 
5300 4850 3982 5 129 1 2 3 0 0 
5400 4851 3983 5 129 1 2 3 0 0 
5500 4851 3983 5 129 1 2 3 0 0 
5600 4851 3983 5 129 1 2 3 0 0 
5700 4851 3983 5 129 1 2 3 0 0 
5800 4852 3984 5 129 1 2 3 0 0 
5900 4852 3984 5 129 1 2 3 0 0 
6000 4852 3984 5 129 1 2 3 0 0 
6100 4853 3985 5 131 1 2 3 0 0 
6200 4852 3984 5 131 1 2 3 0 0 
6300 4853 3985 5 132 1 2 3 0 0 
6400 4853 3985 5 132 1 2 3 0 0 
6500 4853 3985 5 132 1 2 3 0 0 
6600 4853 3985 5 132 1 2 3 0 0 
6700 4853 3985 5 132 1 2 3 0 0 
6800 4853 3985 5 132 1 2 3 0 0 
6900 4853 3985 5 132 1 2 3 0 0 
7000 4853 3985 5 132 1 2 3 0 0 
7100 4853 3985 5 132 1 2 3 0 0 
7200 4853 3985 5 132 1 2 3 0 0 
7300 4853 3985 5 132 1 2 3 0 0 
7400 4853 3985 5 132 1 2 3 0 0 
7500 4853 3985 5 132 1 2 3 0 0 
7600 4853 3985 5 132 1 2 3 0 0 
7700 4853 3985 5 132 1 2 3 0 0 
7800 4853 3985 5 132 1 2 3 0 0 
7900 4853 3985 5 132 1 2 3 0 0 
8000 4853 3985 5 132 1 2 3 0 0 
8100 4853 3985 5 132 1 2 3 0 0 
8200 4853 3985 5 132 1 2 3 0 0 
8300 4853 3985 5 132 1 2 3 0 0 
8400 4853 3985 5 132 1 2 3 0 0 
8500 4853 3985 5 132 1 2 3 0 0 
8600 4853 3985 5 132 1 2 3 0 0 
8700 4853 3985 5 132 1 2 3 0 0 
8800 4853 3985 5 132 1 2 3 0 0 
8900 4853 3985 5 132 1 2 3 0 0 
9000 4853 3985 5 132 1 2 3 0 0 
9100 4852 3984 5 132 1 2 3 0 0 
9200 4853 3985 5 132 1 2 3 0 0 
9300 4853 3985 5 132 1 2 3 0 0 
9400 4853 3985 5 132 1 2 3 0 0 
9500 4853 3985 5 132 1 2 3 0 0 
9600 4853 3985 5 132 1 2 3 0 0 
9700 4853 3985 5 132 1 2 3 0 0 
9800 4853 3985 5 132 1 2 3 0 0 
9900 4853 3985 5 132 1 2 3 0 0 
10000 4853 3985 5 132 1 2 3 0 0 
