# Avida tasks data
# Sun Apr 16 15:00:11 2023
# First column gives the current update, next columns give the number
# of organisms that have the particular task as a component of their merit
#  1: Update
#  2: Not
#  3: Nand
#  4: And
#  5: OrNot
#  6: Or
#  7: AndNot
#  8: Nor
#  9: Xor
# 10: Equals

0 0 0 0 0 0 0 0 0 0 
100 0 0 0 0 0 0 0 0 0 
200 0 0 0 0 0 0 0 0 0 
300 0 0 0 0 0 0 0 0 0 
400 0 0 0 0 0 0 0 0 0 
500 0 0 0 0 0 0 0 0 0 
600 172 0 0 0 0 0 0 0 0 
700 2607 670 0 8 2 16 0 0 0 
800 5849 4126 3344 46 12 3159 1 53 0 
900 7909 6506 4247 80 49 5317 0 1374 0 
1000 8578 7401 3910 1229 55 6016 1 2639 0 
1100 8938 7847 3224 2644 121 6470 0 3652 0 
1200 9342 8340 2702 3848 351 6994 0 4602 0 
1300 9761 8988 2391 4915 540 7647 0 5488 54 
1400 10341 9633 1825 5533 702 8411 15 6558 1388 
1500 10594 10018 1589 6853 695 8832 39 7129 2778 
1600 10732 10091 1169 7530 570 9006 65 7575 4063 
1700 10865 10292 926 8049 399 9217 91 8027 5100 
1800 11013 10490 799 8337 324 9407 111 8301 5703 
1900 11171 10773 708 8755 279 9648 123 8702 6481 
2000 11173 10750 670 8802 262 9662 130 8750 6683 
