# Avida tasks data
# Sun Apr 16 11:08:22 2023
# First column gives the current update, next columns give the number
# of organisms that have the particular task as a component of their merit
#  1: Update
#  2: Not
#  3: Nand
#  4: And
#  5: OrNot
#  6: Or
#  7: AndNot
#  8: Nor
#  9: Xor
# 10: Equals

0 0 0 0 0 0 0 0 0 0 
100 0 0 0 0 0 0 0 0 0 
200 0 0 0 0 0 0 0 0 0 
300 0 0 0 0 0 0 0 0 0 
400 0 0 0 0 0 0 0 0 0 
500 0 0 0 0 0 0 0 0 0 
600 0 0 0 0 0 0 0 0 0 
700 3 0 0 0 0 0 0 0 0 
800 27 0 0 0 0 0 0 0 0 
900 122 0 0 0 0 0 0 0 0 
1000 248 13 0 0 0 0 0 0 0 
1100 446 24 0 0 0 0 0 0 0 
1200 728 80 0 0 0 0 0 0 0 
1300 1161 195 0 0 0 0 0 0 0 
1400 1855 336 0 0 0 0 0 0 0 
1500 2913 535 0 1139 7 0 0 0 0 
1600 3739 1126 1 1786 7 0 0 0 0 
1700 4851 999 0 2982 951 0 1 0 0 
1800 5431 1038 0 3661 1657 1 1 0 0 
1900 6080 1329 0 4440 2567 0 5 0 0 
2000 6609 1056 0 5119 3250 2 2 0 0 
2100 7123 1014 0 5716 3780 0 2 0 0 
2200 7789 1008 0 6478 4490 0 2 0 0 
2300 8262 975 0 7030 5053 0 1 0 0 
2400 8579 935 0 7473 5528 0 1 0 0 
2500 8938 918 0 7958 6076 0 0 0 0 
2600 9166 904 2 8416 6517 1 1 0 0 
2700 9455 891 33 8919 7037 1 0 0 0 
2800 9636 852 0 9397 7450 2 0 0 0 
2900 9522 891 1 9490 7544 9 0 0 0 
3000 9549 1004 1 9713 7734 2 0 0 0 
