# Avida tasks data
# Sun Apr 16 10:40:33 2023
# First column gives the current update, next columns give the number
# of organisms that have the particular task as a component of their merit
#  1: Update
#  2: Not
#  3: Nand
#  4: And
#  5: OrNot
#  6: Or
#  7: AndNot
#  8: Nor
#  9: Xor
# 10: Equals

0 0 0 0 0 0 0 0 0 0 
100 0 0 0 0 0 0 0 0 0 
200 0 0 0 0 0 0 0 0 0 
300 0 0 0 0 0 0 0 0 0 
400 0 0 0 0 0 0 0 0 0 
500 0 2 0 0 0 0 0 0 0 
600 0 0 0 0 0 0 0 0 0 
700 20 0 0 0 0 0 0 0 0 
800 138 37 0 0 0 0 0 0 0 
900 363 176 0 311 0 51 0 0 0 
1000 198 1416 9 3152 7 2624 0 0 0 
1100 104 3043 673 5665 7 4687 0 0 0 
1200 149 5030 3101 7627 4 6472 0 0 0 
1300 226 6618 4906 8984 4 7662 0 0 0 
1400 306 7772 6371 9771 5 8419 0 0 0 
1500 811 8735 7762 10535 0 9182 0 0 0 
1600 1409 9614 8811 11122 10 9639 0 0 0 
1700 2108 10562 9871 11706 10 10218 0 0 0 
1800 2815 11209 10402 12021 12 10541 0 0 0 
1900 3500 11609 10835 12275 23 10892 0 0 0 
2000 3060 12021 11019 12515 1173 10958 6 0 0 
2100 2334 12164 11115 12566 3159 11133 4 0 2 
2200 2001 12352 11111 12673 4645 11107 7 0 0 
2300 2184 12402 11208 12844 5960 11320 6 0 0 
2400 2442 12696 11349 13026 7341 11553 6 0 0 
2500 2921 12791 11468 13089 8585 11630 15 0 0 
2600 3524 12840 11268 13167 9437 11503 15 0 0 
2700 4217 12849 11381 13113 10120 11607 21 0 4 
2800 5076 12832 11278 13144 10481 11527 27 0 2 
2900 5684 12903 11263 13238 10952 11595 33 0 13 
3000 6516 12910 11254 13256 11162 11572 22 0 2 
3100 7341 12917 11288 13183 11461 11674 18 0 0 
3200 8153 12931 11146 13216 11591 11534 69 0 0 
3300 8872 12899 11162 13120 11764 11561 363 0 1 
3400 9450 12894 11218 13204 11847 11634 934 2 0 
3500 9885 12892 11296 13143 11898 11732 1747 0 0 
3600 10311 13023 11231 13214 11877 11719 2641 0 0 
3700 10499 12954 11415 13099 12014 11721 3516 0 0 
3800 10659 13021 11299 13087 11945 11713 4291 0 0 
3900 10736 13027 11361 13134 12052 11803 5146 0 0 
4000 10957 13055 11320 13135 11959 11783 5925 0 0 
4100 11055 13022 11215 13029 11836 11674 6551 0 0 
4200 11158 13132 11260 13036 11884 11708 7449 0 2 
4300 11279 13138 11261 13037 11863 11755 8153 0 0 
4400 11361 13142 11314 12990 11792 11757 8807 0 0 
4500 11503 13182 11277 12933 11736 11701 9391 0 0 
4600 11596 13175 11316 13012 11797 11742 9875 0 0 
4700 11771 13179 11207 12942 11797 11742 10275 0 0 
4800 11690 13213 11305 12935 11852 11791 10753 0 0 
4900 11617 13176 11407 12903 11848 11809 11002 0 0 
5000 11794 13154 11240 12806 11733 11691 11227 0 0 
5100 11743 13174 11404 12946 11895 11854 11593 0 0 
5200 11763 13238 11310 12920 11832 11879 11719 0 0 
5300 11780 13158 11244 12766 11699 11636 11740 0 0 
5400 11926 13176 11300 12812 11814 11828 11983 0 0 
5500 11847 13186 11436 12990 11896 11924 12264 0 0 
5600 11797 13112 11350 12868 11890 11733 12279 0 0 
5700 11744 13127 11288 12801 11820 11738 12287 0 0 
5800 11775 13208 11371 12862 11835 11784 12363 0 0 
5900 11889 13212 11306 12853 11800 11784 12461 0 0 
6000 11990 13256 11405 12896 11879 11909 12446 0 0 
6100 12056 13242 11357 12791 11807 11822 12422 0 0 
6200 12014 13275 11320 12868 11822 11812 12415 0 0 
6300 11956 13249 11392 12939 11944 11861 12478 0 0 
6400 11846 13119 11321 12787 11739 11691 12331 0 0 
6500 11792 13184 11441 12865 11901 11857 12413 0 0 
6600 11927 13164 11425 12923 11896 11865 12516 0 0 
6700 11959 13258 11370 12814 11850 11789 12381 0 0 
6800 11985 13259 11390 12867 11850 11842 12370 0 0 
6900 12000 13417 11514 12955 11971 11976 12542 0 0 
7000 11820 13281 11497 12931 11989 11939 12479 0 1 
7100 12129 13285 11473 12917 11917 11886 12511 0 3 
7200 12096 13330 11622 12962 12001 12044 12451 0 0 
7300 12100 13400 11415 12977 11982 11980 12518 0 0 
7400 12020 13368 11510 12965 12004 11928 12486 0 0 
7500 11938 13262 11490 12927 11949 11984 12506 0 0 
7600 12000 13232 11374 12876 11817 11837 12447 0 0 
7700 11996 13243 11467 12892 11902 11883 12444 0 0 
7800 12147 13331 11556 12992 12026 11955 12538 0 5 
7900 12220 13320 11554 12942 12065 11949 12544 0 0 
8000 12174 13352 11454 12913 11932 11869 12451 0 1 
8100 12053 13326 11548 12997 11980 11911 12515 0 0 
8200 12225 13364 11478 12872 11895 11910 12362 0 4 
8300 12131 13357 11594 12900 11999 11950 12441 0 0 
8400 12127 13343 11602 13022 12083 12028 12648 0 1 
8500 12130 13274 11549 12966 12027 12022 12522 0 0 
8600 12185 13431 11623 12960 12069 12041 12627 0 2 
8700 12095 13381 11521 12942 12018 11989 12544 0 26 
8800 10042 12569 9313 12932 12234 12016 10117 0 2256 
8900 7918 12106 7266 13006 12368 12122 7887 3 4363 
