# Avida tasks data
# Sun Apr 16 17:52:11 2023
# First column gives the current update, next columns give the number
# of organisms that have the particular task as a component of their merit
#  1: Update
#  2: Not
#  3: Nand
#  4: And
#  5: OrNot
#  6: Or
#  7: AndNot
#  8: Nor
#  9: Xor
# 10: Equals

0 0 0 0 0 0 0 0 0 0 
100 0 0 0 0 0 0 0 0 0 
200 0 0 0 0 0 0 0 0 0 
300 0 0 0 0 0 0 0 0 0 
400 0 0 0 0 0 0 0 0 0 
500 0 0 0 0 0 0 0 0 0 
600 803 1410 2 15 0 0 0 0 0 
700 3272 3940 2016 50 0 8 0 0 0 
800 3567 4246 2300 64 0 15 0 0 0 
900 3567 4246 2299 64 0 15 0 0 0 
1000 3567 4246 2299 64 0 15 0 0 0 
1100 3567 4246 2299 64 0 15 0 0 0 
1200 3567 4246 2299 64 0 15 0 0 0 
1300 3570 4249 2302 64 0 15 0 0 0 
1400 3567 4248 2301 64 0 15 0 0 0 
1500 3567 4248 2301 64 0 15 0 0 0 
1600 4507 5467 3353 127 0 19 0 0 0 
1700 5164 6290 4109 141 0 17 0 0 0 
1800 5510 6690 4466 159 0 20 0 0 0 
1900 5511 6690 4466 160 0 20 0 0 0 
2000 5510 6690 4464 162 0 22 0 0 0 
2100 6052 7309 4993 171 0 23 0 0 0 
2200 6521 7938 5578 216 0 34 0 0 0 
2300 6932 8507 6182 243 0 36 0 0 0 
2400 6384 8615 6288 236 0 37 0 0 0 
2500 6337 8623 6310 244 0 33 0 0 0 
2600 6344 8627 6312 244 0 33 0 0 0 
2700 6346 8629 6314 244 0 33 0 0 0 
2800 6343 8625 6312 244 0 33 0 0 0 
2900 6343 8623 6310 243 0 33 0 0 0 
3000 6343 8623 6310 243 0 33 0 0 0 
3100 6347 8627 6314 243 0 33 0 0 0 
3200 6345 8623 6310 242 0 33 0 0 0 
3300 6350 8627 6314 242 0 33 0 0 0 
3400 6351 8628 6315 243 0 33 0 0 0 
3500 6342 8618 6303 243 0 33 0 0 0 
3600 6344 8621 6307 243 0 33 0 0 0 
3700 6342 8620 6306 243 0 33 0 0 0 
3800 6344 8622 6306 243 0 33 0 0 0 
3900 6344 8622 6306 243 0 33 0 0 0 
4000 6062 8679 6368 244 0 33 0 0 0 
