# Avida tasks data
# Sun Apr 16 10:33:34 2023
# First column gives the current update, next columns give the number
# of organisms that have the particular task as a component of their merit
#  1: Update
#  2: Not
#  3: Nand
#  4: And
#  5: OrNot
#  6: Or
#  7: AndNot
#  8: Nor
#  9: Xor
# 10: Equals

0 0 0 0 0 0 0 0 0 0 
100 0 0 0 0 0 0 0 0 0 
200 0 0 0 0 0 0 0 0 0 
300 0 0 0 0 0 0 0 0 0 
400 0 0 0 0 0 0 0 0 0 
500 0 0 0 0 0 0 0 0 0 
600 0 0 0 0 0 0 0 0 0 
700 4 0 0 0 0 0 0 0 0 
800 3 0 0 0 0 0 0 0 0 
900 13 0 0 0 0 0 0 0 0 
1000 44 4 0 259 0 0 0 0 0 
1100 547 647 0 1819 4 4 0 0 0 
1200 1807 2635 8 3575 606 113 0 0 0 
1300 2930 4618 3 5133 2046 196 0 0 0 
1400 4155 6183 120 6617 3239 180 0 0 0 
1500 5064 7366 271 7884 3887 190 863 0 0 
1600 6159 8252 17 8824 5186 118 2929 0 0 
1700 7258 9082 12 9611 6287 75 4609 0 0 
1800 8082 9840 6 10265 7255 74 5980 0 0 
1900 9076 10472 5 10870 8212 78 7247 102 0 
2000 10025 10993 5 11390 8933 64 8232 423 0 
2100 10458 11260 25 11604 9520 104 8852 827 0 
2200 10822 11296 99 11691 9658 181 9105 1101 124 
2300 10835 10973 31 11673 9033 114 8501 1243 755 
2400 10852 11019 35 11664 8522 350 8005 1477 1203 
2500 11059 11021 41 11915 8274 1004 7763 1830 1622 
2600 10513 10671 36 11458 8265 1306 7758 2072 1864 
2700 10049 10331 34 10990 8251 1522 7749 2102 1912 
