# Avida tasks data
# Sun Apr 16 15:50:50 2023
# First column gives the current update, next columns give the number
# of organisms that have the particular task as a component of their merit
#  1: Update
#  2: Not
#  3: Nand
#  4: And
#  5: OrNot
#  6: Or
#  7: AndNot
#  8: Nor
#  9: Xor
# 10: Equals

0 0 0 0 0 0 0 0 0 0 
100 0 0 0 0 0 0 0 0 0 
200 0 0 0 0 0 0 0 0 0 
300 0 0 0 0 0 0 0 0 0 
400 0 0 0 0 0 0 0 0 0 
500 2 0 0 0 0 0 0 0 0 
600 21 0 0 0 0 0 0 0 0 
700 440 224 0 2 0 0 0 0 0 
800 982 1617 2 1404 0 56 0 0 0 
900 2807 3132 445 2864 1 2034 1 0 0 
1000 4018 4110 2298 3947 2 3233 2 0 0 
1100 5078 4997 3719 4893 4 4426 0 0 0 
1200 6575 6443 5313 6314 0 5882 2 0 0 
1300 8466 8324 7066 8192 0 7601 4 0 0 
1400 10148 10052 8799 9961 1 9204 5 0 0 
1500 11542 11424 10196 11326 0 10559 1 0 0 
1600 12543 12372 11184 12215 1 11457 6 0 0 
1700 13069 12942 11765 12892 16 11914 1 0 0 
1800 13334 13175 12064 13102 7 12216 7 0 0 
1900 13473 13269 12220 13155 11 12306 1 0 0 
2000 13383 13297 12181 13191 8 12254 4 0 0 
2100 13506 13231 12237 13228 7 12292 8 0 0 
2200 13489 13326 12345 13215 13 12375 9 0 0 
2300 13469 13246 12209 13172 49 12215 7 0 0 
2400 13465 13297 12268 13211 268 12315 2 0 0 
2500 13458 13257 12290 13166 899 12343 10 0 0 
2600 13448 13278 12217 13157 1553 12266 4 0 0 
2700 13469 13345 12257 13292 2390 12362 9 0 0 
2800 13499 13348 12370 13300 3285 12435 1 0 0 
2900 13504 13418 12319 13334 4167 12467 8 0 0 
3000 13565 13435 12265 13336 5071 12384 6 0 0 
3100 13530 13457 12207 13439 5958 12406 5 0 2 
3200 13570 13449 12321 13367 6902 12481 3 0 2 
3300 13572 13540 12333 13492 7706 12437 4 0 0 
3400 13503 13537 12243 13468 8498 12419 10 0 0 
3500 13507 13569 12332 13507 9380 12523 8 0 0 
3600 13578 13586 12284 13484 9953 12452 4 0 0 
3700 13581 13639 12346 13524 10495 12610 14 0 0 
3800 13530 13652 12340 13559 10854 12524 10 0 0 
3900 13561 13593 12326 13528 11054 12502 14 0 0 
4000 13545 13593 12197 13508 11215 12454 8 0 0 
4100 13567 13618 12280 13542 11589 12559 19 0 0 
4200 13510 13660 12290 13622 11657 12532 7 0 0 
4300 13539 13611 12393 13528 11885 12577 6 0 0 
4400 13481 13573 12251 13525 11644 12378 7 0 0 
4500 13446 13572 12190 13546 11647 12381 10 0 0 
4600 13568 13616 12306 13537 11791 12539 6 0 0 
4700 13538 13604 12380 13559 11865 12604 4 0 0 
4800 13498 13589 12254 13535 11705 12487 9 0 0 
4900 13576 13628 12376 13581 11871 12636 3 0 0 
5000 13501 13589 12219 13515 11678 12424 9 0 0 
5100 13512 13689 12367 13572 11831 12554 5 0 0 
5200 13537 13605 12279 13540 11766 12568 9 0 2 
5300 13559 13547 12358 13551 11791 12541 2 0 0 
5400 13469 13629 12263 13504 11759 12467 6 0 0 
5500 13478 13597 12317 13481 11786 12489 11 0 0 
5600 13510 13592 12393 13550 11849 12564 9 0 0 
5700 13579 13633 12318 13617 11864 12560 3 0 0 
5800 13545 13599 12343 13539 11773 12496 4 0 0 
5900 13465 13618 12384 13517 11896 12558 4 0 0 
6000 13532 13596 12342 13491 11788 12550 6 0 0 
6100 13489 13606 12287 13507 11809 12428 11 0 0 
6200 13548 13644 12368 13536 11920 12614 13 0 2 
6300 13449 13649 12425 13595 11899 12603 4 1 0 
6400 13546 13632 12315 13641 11827 12578 18 0 0 
6500 13557 13601 12390 13521 11915 12572 5 0 0 
6600 13603 13716 12400 13595 11920 12649 5 0 0 
6700 13568 13674 12350 13568 11963 12621 6 0 0 
6800 13596 13651 12376 13565 12036 12672 9 0 0 
6900 13584 13610 12326 13533 11854 12548 9 0 0 
7000 13588 13630 12401 13520 11889 12611 10 0 0 
7100 13593 13629 12325 13585 11897 12610 7 0 0 
7200 13596 13666 12392 13565 12002 12619 3 0 0 
7300 13568 13691 12394 13606 11965 12655 10 0 0 
7400 13546 13667 12459 13608 11998 12715 6 0 0 
7500 13580 13674 12427 13626 11972 12636 6 0 0 
7600 13667 13652 12492 13526 11992 12661 3 1 0 
7700 13590 13705 12498 13669 11959 12697 11 0 0 
7800 13622 13685 12449 13624 12011 12705 6 1 0 
7900 13618 13651 12413 13595 11936 12632 5 0 0 
8000 13544 13664 12380 13584 11967 12683 7 1 0 
8100 13622 13651 12478 13588 11976 12673 8 0 0 
8200 13620 13642 12402 13553 11924 12595 2 0 0 
8300 13569 13574 12358 13578 11843 12581 6 0 0 
8400 13604 13667 12550 13574 12069 12705 4 0 0 
8500 13571 13640 12365 13583 11895 12593 3 0 0 
8600 13649 13668 12425 13592 11904 12618 9 0 0 
8700 13636 13668 12466 13595 11971 12697 3 0 0 
8800 13622 13653 12458 13631 11947 12653 2 0 0 
8900 13589 13716 12452 13634 11888 12655 5 0 0 
9000 13659 13623 12404 13558 11955 12637 1 0 0 
9100 13554 13638 12383 13556 11898 12594 4 0 0 
9200 13574 13666 12473 13607 11958 12664 10 0 0 
9300 13582 13662 12468 13604 11951 12587 3 0 0 
9400 13545 13633 12329 13592 11830 12561 3 0 0 
9500 13639 13667 12434 13588 11986 12644 5 2 0 
9600 13619 13659 12484 13620 11994 12670 0 0 0 
9700 13596 13687 12435 13628 11971 12648 6 2 0 
9800 13630 13673 12457 13596 11979 12666 2 0 0 
9900 13581 13658 12495 13558 12136 12713 3 2 0 
10000 13636 13650 12469 13609 11965 12683 5 0 0 
