# Avida tasks data
# Sun Apr 16 08:37:09 2023
# First column gives the current update, next columns give the number
# of organisms that have the particular task as a component of their merit
#  1: Update
#  2: Not
#  3: Nand
#  4: And
#  5: OrNot
#  6: Or
#  7: AndNot
#  8: Nor
#  9: Xor
# 10: Equals

0 0 0 0 0 0 0 0 0 0 
100 0 0 0 0 0 0 0 0 0 
200 0 0 0 0 0 0 0 0 0 
300 0 0 0 0 0 0 0 0 0 
400 0 0 0 0 0 0 0 0 0 
500 2 0 0 0 0 0 0 0 0 
600 11 2 0 0 0 0 0 0 0 
700 50 42 0 0 0 0 0 0 0 
800 159 181 0 8 0 0 0 0 0 
900 412 352 0 129 0 0 0 0 0 
1000 1055 298 0 926 125 0 0 0 0 
1100 2780 160 0 2489 2185 0 0 0 0 
1200 4677 238 0 4227 3960 8 8 0 0 
1300 6098 419 983 5483 5430 1073 873 0 0 
1400 7096 442 2347 6372 6252 2390 2309 0 0 
1500 7856 483 3409 7072 6900 3471 3393 0 0 
1600 8357 652 4251 7459 7337 4303 4202 0 0 
1700 8890 829 4981 7938 7757 5070 4996 0 0 
1800 9378 1279 5660 8306 8188 5763 5660 0 0 
1900 9881 1664 6483 8867 8701 6585 6479 0 0 
2000 10486 2132 7239 9452 9212 7386 7219 0 0 
2100 11021 2715 7926 9864 9656 8078 7896 0 0 
2200 11469 3241 8627 10321 10103 8770 8601 0 0 
2300 11908 3689 9198 10681 10390 9357 9131 0 0 
2400 12295 4312 9790 11047 10734 9974 9749 0 0 
2500 12599 4855 10262 11248 11022 10418 10182 0 0 
2600 12887 5536 10686 11504 11255 10880 10620 0 0 
2700 13085 6105 11066 11802 11598 11246 10978 0 0 
2800 13280 6793 11370 11939 11713 11571 11305 0 0 
2900 13424 7252 11666 12003 11810 11862 11572 0 0 
3000 13433 7722 11880 12064 11836 12070 11725 0 0 
3100 13537 8206 11922 12255 12011 12138 11819 0 0 
3200 13666 8658 12173 12372 12213 12366 12068 0 0 
3300 13759 9113 12383 12372 12155 12601 12340 0 0 
3400 13766 9582 12528 12460 12229 12737 12431 0 0 
3500 13784 10049 12707 12423 12209 12906 12552 0 0 
3600 13846 10452 12795 12503 12329 13016 12706 0 0 
3700 13864 10718 12780 12503 12280 12983 12690 0 0 
3800 13908 11101 12958 12638 12419 13149 12837 0 0 
3900 13907 11516 12943 12504 12239 13150 12797 0 0 
4000 13934 11702 13002 12630 12422 13202 12882 0 0 
4100 13934 11954 12988 12623 12393 13158 12820 0 0 
4200 13973 12191 13065 12592 12368 13257 12931 0 0 
4300 13949 12407 13054 12680 12486 13252 12963 0 0 
4400 13939 12567 13050 12626 12395 13225 12956 0 0 
4500 13916 12729 12995 12665 12458 13162 12856 0 0 
4600 13924 12764 12993 12630 12349 13188 12860 0 0 
4700 13960 12812 12957 12634 12357 13175 12818 0 2 
4800 13968 12952 12955 12730 12460 13175 12831 0 1 
4900 13923 13013 12930 12614 12395 13146 12815 0 0 
5000 13909 13047 13011 12551 12360 13180 12841 0 0 
5100 13945 13158 13068 12708 12483 13277 12953 0 0 
5200 13938 13226 12998 12727 12469 13170 12837 0 0 
5300 13951 13183 13116 12709 12514 13273 12930 0 0 
5400 13923 13160 13024 12674 12500 13171 12853 0 0 
5500 13906 13199 13069 12743 12482 13214 12864 0 0 
5600 13935 13334 13084 12716 12432 13237 12926 0 0 
5700 13903 13276 13046 12691 12446 13207 12898 0 0 
5800 13879 13277 13045 12721 12487 13179 12848 0 0 
5900 13886 13288 13126 12684 12484 13277 12953 0 0 
6000 13861 13314 13111 12658 12427 13268 12908 0 0 
6100 13891 13218 13071 12676 12468 13226 12901 0 0 
6200 13890 13247 13109 12776 12542 13258 12878 0 0 
6300 13906 13322 13019 12708 12476 13196 12765 0 0 
6400 13904 13279 13067 12750 12492 13221 12853 0 0 
6500 13926 13204 13088 12700 12462 13235 12823 0 0 
6600 13871 13242 13094 12724 12484 13290 12849 0 0 
6700 13901 13348 13134 12745 12508 13285 12898 0 0 
6800 13878 13267 13149 12696 12454 13323 12921 0 0 
6900 13857 13224 13231 12810 12520 13396 12940 0 0 
7000 13849 13223 13138 12718 12498 13288 12821 0 0 
7100 13794 13269 13145 12718 12508 13282 12835 0 0 
7200 13842 13339 13179 12770 12573 13340 12921 0 0 
7300 13823 13326 13144 12770 12508 13282 12817 0 0 
7400 13836 13287 13171 12708 12475 13333 12871 0 1 
7500 13868 13288 13227 12779 12529 13350 12915 0 0 
7600 13801 13189 13233 12686 12413 13302 12867 0 0 
7700 13883 13294 13214 12709 12500 13313 12882 0 0 
7800 13877 13271 13245 12750 12502 13388 12873 0 0 
7900 13831 13271 13281 12758 12468 13356 12918 0 0 
8000 13842 13350 13223 12782 12491 13324 12862 0 0 
8100 13873 13380 13328 12713 12496 13397 12967 0 0 
8200 13845 13360 13271 12772 12516 13337 12914 0 0 
8300 13863 13333 13308 12796 12524 13396 12919 0 0 
8400 13863 13332 13287 12857 12588 13353 12896 0 0 
8500 13858 13309 13306 12726 12450 13365 12902 0 0 
8600 13913 13282 13343 12842 12572 13405 12911 0 0 
8700 13810 13296 13338 12697 12475 13380 12903 0 0 
8800 13814 13383 13247 12719 12425 13335 12844 0 0 
8900 13859 13337 13293 12781 12523 13333 12855 0 0 
9000 13831 13298 13288 12710 12441 13335 12848 0 0 
9100 13816 13335 13324 12767 12473 13349 12942 0 0 
9200 13896 13353 13350 12878 12666 13380 12996 0 0 
9300 13812 13379 13276 12833 12556 13322 12917 0 0 
9400 13896 13285 13350 12833 12560 13370 12984 0 0 
9500 13854 13285 13386 12751 12521 13433 13094 0 0 
9600 13788 13257 13307 12779 12469 13318 12908 0 0 
9700 13874 13375 13309 12878 12615 13375 13026 0 0 
9800 13880 13291 13384 12901 12601 13386 12983 0 0 
9900 13843 13334 13293 12819 12509 13300 12924 0 0 
10000 13865 13345 13360 12838 12553 13404 13051 0 0 
