# Avida tasks data
# Sun Apr 16 15:09:42 2023
# First column gives the current update, next columns give the number
# of organisms that have the particular task as a component of their merit
#  1: Update
#  2: Not
#  3: Nand
#  4: And
#  5: OrNot
#  6: Or
#  7: AndNot
#  8: Nor
#  9: Xor
# 10: Equals

0 0 0 0 0 0 0 0 0 0 
100 0 0 0 0 0 0 0 0 0 
200 0 0 0 0 0 0 0 0 0 
300 0 0 0 0 0 0 0 0 0 
400 0 0 0 0 0 0 0 0 0 
500 0 0 0 0 0 0 0 0 0 
600 0 0 0 0 0 0 0 0 0 
700 0 0 0 0 0 0 0 0 0 
800 1356 1328 1 1 0 0 0 0 0 
900 2867 2796 0 174 0 0 0 0 0 
1000 4240 4175 6 1255 0 0 2 0 0 
1100 5298 5190 2 2182 0 0 40 0 0 
1200 6509 6368 2 3456 121 0 35 0 0 
1300 7822 7700 3 4305 735 427 2 0 0 
1400 8951 8818 14 4074 2043 1815 4 0 0 
1500 9278 9101 22 3720 2613 2469 2 0 0 
1600 9544 9371 31 3418 3302 3208 5 0 0 
1700 9837 9679 44 3147 3999 3935 3 0 0 
1800 10063 9900 22 3292 4557 4544 3 0 0 
1900 10266 10118 44 3730 5067 5056 4 0 0 
2000 10384 10255 40 4304 5561 5563 8 0 0 
2100 10547 10402 44 4830 6022 6109 8 0 0 
2200 10564 10419 47 5274 6420 6512 6 0 0 
2300 10763 10574 57 5803 6759 7041 8 0 0 
2400 10913 10690 53 6407 7079 7426 5 0 0 
2500 10936 10775 57 6887 7366 7771 3 0 0 
2600 11163 10958 77 7435 7836 8298 2 0 0 
2700 11253 11102 64 7918 8099 8654 0 0 0 
2800 11408 11216 79 8445 8532 9085 4 0 0 
2900 11596 11373 87 8992 8854 9491 1 0 0 
3000 11753 11519 93 9336 9141 9864 0 0 0 
3100 11919 11721 95 9755 9529 10233 0 0 0 
3200 12148 11975 200 10077 9968 10704 3 0 0 
3300 12327 12158 717 10358 10277 10995 0 0 0 
3400 12626 12383 1396 10676 10494 11325 2 0 0 
3500 12710 12498 2071 10859 10683 11412 2 0 0 
3600 12953 12741 2881 11195 10857 11655 3 0 0 
3700 13265 12972 3751 11364 11083 11833 2 0 0 
3800 13282 12986 4599 11388 11069 11856 3 0 0 
3900 13453 13208 5448 11576 11236 12118 1 0 0 
4000 13435 13238 6141 11665 11189 12038 2 0 0 
4100 13499 13223 6885 11768 11252 12118 0 0 0 
4200 13545 13270 7758 11884 11312 12155 2 0 0 
4300 13548 13294 8420 11898 11293 12155 3 0 0 
4400 13563 13277 8963 11943 11262 12175 4 0 0 
4500 13494 13255 9464 12085 11263 12208 2 0 0 
4600 13517 13253 10035 12031 11280 12201 0 1 0 
4700 13574 13312 10530 12173 11318 12155 12 0 0 
4800 13549 13259 10996 12032 11368 12246 0 0 0 
4900 13618 13277 11206 12147 11326 12168 2 0 0 
5000 13621 13368 11573 12291 11412 12328 1 0 0 
5100 13621 13267 11764 12125 11350 12232 0 2 0 
5200 13625 13325 12008 12149 11339 12257 1 0 0 
5300 13604 13249 12090 12044 11291 12179 6 0 0 
5400 13686 13388 12314 12240 11529 12370 2 0 0 
5500 13645 13308 12420 12130 11429 12234 2 0 0 
5600 13636 13323 12633 12184 11476 12284 1 0 0 
5700 13613 13364 12592 12186 11295 12239 4 0 0 
5800 13598 13294 12643 12260 11462 12346 1 4 0 
5900 13672 13411 12541 12107 11450 12307 6 0 0 
6000 13653 13392 12620 12194 11496 12358 8 0 0 
6100 13637 13349 12654 12118 11450 12313 4 1 0 
6200 13692 13368 12569 12239 11479 12377 3 0 0 
6300 13670 13416 12648 12187 11463 12391 1 0 0 
6400 13646 13316 12588 12163 11418 12292 5 0 0 
6500 13628 13358 12616 12240 11455 12319 3 0 0 
6600 13657 13373 12667 12240 11501 12356 4 0 0 
6700 13592 13378 12627 12264 11544 12416 1 2 0 
6800 13622 13338 12631 12227 11458 12356 1 1 0 
6900 13688 13404 12562 12266 11473 12348 1 0 0 
7000 13616 13394 12688 12259 11535 12397 1 2 0 
7100 13664 13420 12686 12321 11575 12421 1 0 0 
7200 13651 13350 12575 12211 11492 12405 2 0 0 
7300 13625 13384 12587 12135 11433 12264 4 0 0 
7400 13689 13325 12745 12236 11486 12334 2 0 0 
7500 13607 13320 12588 12254 11395 12278 4 0 0 
7600 13683 13413 12661 12186 11483 12350 5 2 0 
7700 13668 13388 12733 12218 11497 12378 3 0 0 
7800 13623 13343 12669 12282 11465 12333 0 0 0 
7900 13614 13374 12716 12196 11467 12365 4 0 0 
8000 13696 13412 12766 12205 11683 12475 3 3 0 
8100 13640 13350 12755 12279 11542 12330 2 3 0 
8200 13708 13361 12761 12273 11532 12372 2 0 0 
8300 13601 13298 12653 12082 11398 12202 6 0 0 
8400 13596 13284 12666 12126 11389 12247 0 0 0 
8500 13645 13381 12795 12181 11535 12323 2 0 0 
8600 13648 13418 12646 12117 11469 12370 3 0 0 
8700 13582 13329 12771 12130 11486 12329 5 0 0 
8800 13683 13383 12668 12123 11423 12313 2 1 0 
8900 13668 13376 12761 12205 11493 12350 3 0 0 
9000 13679 13470 12776 12244 11663 12422 0 0 0 
9100 13722 13418 12764 12175 11575 12432 4 0 0 
9200 13640 13371 12819 12281 11581 12345 0 0 0 
9300 13723 13418 12796 12231 11503 12328 2 0 0 
9400 13717 13411 12854 12285 11617 12431 1 0 0 
9500 13721 13381 12766 12227 11595 12351 5 1 0 
9600 13697 13383 12752 12200 11596 12393 7 0 0 
9700 13633 13374 12747 12157 11464 12293 3 0 0 
9800 13690 13391 12759 12219 11536 12382 2 1 0 
9900 13656 13361 12697 12124 11495 12275 5 2 0 
10000 13643 13336 12696 12201 11453 12256 0 0 0 
