# Avida tasks data
# Sun Apr 16 10:59:17 2023
# First column gives the current update, next columns give the number
# of organisms that have the particular task as a component of their merit
#  1: Update
#  2: Not
#  3: Nand
#  4: And
#  5: OrNot
#  6: Or
#  7: AndNot
#  8: Nor
#  9: Xor
# 10: Equals

0 0 0 0 0 0 0 0 0 0 
100 0 0 0 0 0 0 0 0 0 
200 0 0 0 0 0 0 0 0 0 
300 0 0 0 0 0 0 0 0 0 
400 0 0 0 0 0 0 0 0 0 
500 0 0 0 0 0 0 0 0 0 
600 0 0 0 0 0 0 0 0 0 
700 0 0 0 0 0 0 0 0 0 
800 2 0 0 0 0 0 0 0 0 
900 6 0 0 0 0 0 0 0 0 
1000 35 0 0 0 0 0 0 0 0 
1100 80 0 0 0 0 0 0 0 0 
1200 146 5 0 0 0 0 0 0 0 
1300 311 15 0 1020 0 0 0 0 0 
1400 1095 589 2 1956 21 2 0 0 0 
1500 1312 1162 4 2279 1 2 0 0 0 
1600 2531 2358 2 3405 17 7 0 0 0 
1700 3119 2936 2 4001 17 17 2 0 0 
1800 3627 3381 3 4474 20 17 0 0 0 
1900 4078 3839 1 4912 8 24 1 0 0 
2000 4451 3859 1 5294 4 20 1 0 0 
2100 4472 3280 1 5318 4 19 2 0 0 
2200 4550 2713 2 5395 4 10 1 0 0 
