# Avida tasks data
# Sun Mar  5 18:13:35 2023
# First column gives the current update, next columns give the number
# of organisms that have the particular task as a component of their merit
#  1: Update
#  2: Not
#  3: Nand
#  4: And
#  5: OrNot
#  6: Or
#  7: AndNot
#  8: Nor
#  9: Xor
# 10: Equals

0 0 0 0 0 0 0 0 0 0 
100 0 0 0 0 0 0 0 0 0 
200 0 0 0 0 0 0 0 0 0 
300 0 0 0 0 0 0 0 0 0 
400 0 0 0 0 0 0 0 0 0 
500 0 0 0 0 0 0 0 0 0 
600 0 0 0 0 0 0 0 0 0 
700 0 0 0 0 0 0 0 0 0 
800 0 0 0 0 0 0 0 0 0 
900 0 0 0 0 0 0 0 0 0 
1000 0 0 0 0 0 0 0 0 0 
1100 0 0 0 0 0 0 0 0 0 
1200 0 0 0 0 0 0 0 0 0 
1300 0 0 0 0 0 0 0 0 0 
1400 0 0 0 0 0 0 0 0 0 
1500 0 0 0 0 0 0 0 0 0 
1600 0 0 0 0 0 0 0 0 0 
1700 0 0 0 0 0 0 0 0 0 
1800 0 0 0 0 0 0 0 0 0 
1900 0 0 0 0 0 0 0 0 0 
2000 0 0 0 0 0 0 0 0 0 
2100 0 0 0 0 0 0 0 0 0 
2200 0 0 0 0 0 0 0 0 0 
2300 0 0 0 0 0 0 0 0 0 
2400 0 0 0 0 0 0 0 0 0 
2500 0 0 0 0 0 0 0 0 0 
2600 0 0 0 0 0 0 0 0 0 
2700 0 0 0 0 0 0 0 0 0 
2800 0 0 0 0 0 0 0 0 0 
2900 0 0 0 0 0 0 0 0 0 
3000 0 0 0 0 0 0 0 0 0 
3100 0 0 0 0 0 0 0 0 0 
3200 0 0 0 0 0 0 0 0 0 
3300 0 0 0 0 0 0 0 0 0 
3400 0 0 0 0 0 0 0 0 0 
3500 0 0 0 0 0 0 0 0 0 
3600 0 0 0 0 0 0 0 0 0 
3700 0 0 0 0 0 0 0 0 0 
3800 0 0 0 0 0 0 0 0 0 
3900 0 0 0 0 0 0 0 0 0 
4000 0 0 0 0 0 0 0 0 0 
4100 0 0 0 0 0 0 0 0 0 
4200 0 0 0 0 0 0 0 0 0 
4300 0 0 0 0 0 0 0 0 0 
4400 0 0 0 0 0 0 0 0 0 
4500 0 0 0 0 0 0 0 0 0 
4600 0 0 0 0 0 0 0 0 0 
4700 0 0 0 0 0 0 0 0 0 
4800 0 0 0 0 0 0 0 0 0 
4900 0 0 0 0 0 0 0 0 0 
5000 0 0 0 0 0 0 0 0 0 
5100 0 0 0 0 0 0 0 0 0 
5200 0 0 0 0 0 0 0 0 0 
5300 0 0 0 0 0 0 0 0 0 
5400 0 0 0 0 0 0 0 0 0 
5500 0 0 0 0 0 0 0 0 0 
5600 0 0 0 0 0 0 0 0 0 
5700 0 0 0 0 0 0 0 0 0 
5800 0 0 0 0 0 0 0 0 0 
5900 0 0 0 0 0 0 0 0 0 
6000 0 0 0 0 0 0 0 0 0 
6100 0 0 0 0 0 0 0 0 0 
6200 0 0 0 0 0 0 0 0 0 
6300 0 0 0 0 0 0 0 0 0 
6400 0 0 0 0 0 0 0 0 0 
6500 11 0 0 0 0 0 0 0 0 
6600 35 0 0 0 0 0 0 0 0 
6700 68 0 0 0 0 0 0 0 0 
6800 84 0 0 0 0 0 0 0 0 
6900 83 0 0 0 0 0 0 0 0 
7000 82 0 0 0 0 0 0 0 0 
7100 78 0 0 0 0 0 0 0 0 
7200 82 0 0 0 0 0 0 0 0 
7300 90 0 0 0 0 0 0 0 0 
7400 86 2 0 0 0 0 0 0 0 
7500 85 8 0 0 0 0 0 0 0 
7600 85 0 0 0 0 0 0 0 0 
7700 87 0 0 0 0 0 0 0 0 
7800 96 0 0 0 0 0 0 0 0 
7900 86 2 0 0 0 0 0 0 0 
8000 83 7 0 0 0 0 0 0 0 
8100 79 14 0 0 0 0 0 0 0 
8200 80 8 0 0 0 0 0 0 0 
8300 81 8 0 0 0 0 0 0 0 
8400 81 6 0 0 0 0 0 0 0 
8500 79 2 0 0 0 0 0 0 0 
8600 78 0 0 0 0 0 0 0 0 
8700 88 0 0 0 0 0 0 0 0 
8800 88 0 0 0 0 0 0 0 0 
8900 79 0 0 0 0 0 0 0 0 
9000 84 0 0 0 0 0 0 0 0 
9100 80 0 0 1 0 0 0 0 0 
9200 82 0 0 0 0 0 0 0 0 
9300 91 0 0 0 0 0 0 0 0 
9400 89 0 0 0 0 0 0 0 0 
9500 83 0 0 2 0 0 0 0 0 
9600 82 0 0 1 0 0 0 0 0 
9700 80 0 0 8 0 0 0 0 0 
9800 58 0 0 20 0 0 0 0 0 
9900 62 0 0 16 0 0 0 0 0 
10000 54 0 0 23 0 0 0 0 0 
10100 51 0 0 38 0 0 0 0 0 
10200 44 1 0 40 0 0 0 0 0 
10300 36 0 0 75 0 0 0 0 0 
10400 47 2 0 72 9 0 0 0 0 
10500 67 0 0 35 41 1 3 0 0 
10600 71 1 0 16 62 1 8 0 0 
10700 83 0 0 16 74 0 4 0 0 
10800 88 0 0 7 83 0 0 0 0 
10900 81 0 0 1 93 0 0 0 0 
11000 84 0 0 1 85 0 0 0 0 
11100 85 0 0 3 84 0 0 0 0 
11200 86 0 0 8 81 0 0 0 0 
11300 85 0 0 6 82 0 0 0 0 
11400 86 0 0 6 81 0 0 0 0 
11500 81 0 0 12 93 0 0 0 0 
11600 51 0 0 42 91 0 0 0 0 
11700 32 0 0 59 90 0 0 0 0 
11800 27 0 0 57 84 0 0 0 0 
11900 16 1 0 77 84 0 0 0 0 
12000 6 2 0 86 82 0 0 0 0 
12100 4 2 0 94 91 0 0 0 0 
12200 7 1 0 84 84 0 0 0 0 
12300 4 6 0 94 87 0 0 0 0 
12400 10 1 0 87 86 0 0 0 0 
12500 7 0 0 86 91 0 0 0 0 
12600 5 2 0 95 91 0 0 0 0 
12700 5 0 0 83 84 0 0 0 0 
12800 7 0 0 85 83 0 0 0 0 
12900 9 0 0 81 84 0 0 0 0 
13000 3 1 0 89 87 0 0 0 0 
13100 6 1 0 88 85 0 0 0 0 
13200 2 0 0 97 89 0 0 0 0 
13300 7 2 0 89 86 0 0 0 0 
13400 3 0 0 86 85 0 0 0 0 
13500 6 3 0 88 87 0 0 0 0 
13600 2 2 0 96 91 0 0 0 0 
13700 8 2 0 93 91 0 0 0 0 
13800 8 3 0 83 85 0 0 0 0 
13900 7 1 0 85 84 0 0 0 0 
14000 3 1 0 91 92 0 0 0 0 
14100 5 1 0 89 86 0 0 0 0 
14200 3 0 0 94 95 0 0 0 0 
14300 8 2 0 90 85 0 0 0 0 
14400 5 0 0 82 85 0 0 0 0 
14500 7 1 0 89 86 0 0 0 0 
14600 10 1 0 85 86 0 0 0 0 
14700 4 0 0 86 89 0 0 0 0 
14800 8 2 0 88 82 0 0 0 0 
14900 7 4 0 91 88 0 0 0 0 
15000 8 0 0 85 88 0 0 0 0 
15100 6 0 0 85 92 0 0 0 0 
15200 7 0 0 82 89 0 0 0 0 
15300 6 0 0 89 89 0 0 0 0 
15400 7 1 0 90 86 0 0 0 0 
15500 8 0 0 85 90 0 0 0 0 
15600 7 0 0 89 88 0 0 0 0 
15700 6 0 0 89 90 0 0 0 0 
15800 2 1 0 90 91 0 0 0 0 
15900 5 0 0 86 89 0 0 0 0 
16000 8 2 0 87 84 0 0 0 0 
16100 6 0 0 83 86 0 0 0 0 
16200 4 0 0 92 90 0 0 0 0 
16300 6 0 0 88 89 0 0 0 0 
16400 9 5 0 84 81 0 0 0 0 
16500 4 38 0 93 92 0 0 0 0 
16600 4 58 0 90 82 0 0 0 0 
16700 7 69 0 85 92 0 0 0 0 
16800 2 74 0 86 88 3 0 0 0 
16900 8 86 0 90 91 2 0 0 0 
17000 6 83 0 96 92 0 0 0 0 
17100 6 71 0 86 91 0 0 0 0 
17200 7 86 0 89 90 0 0 0 0 
17300 3 86 0 89 93 0 0 0 0 
17400 4 76 0 92 94 0 0 0 0 
17500 6 77 0 88 93 0 0 0 0 
17600 8 92 0 93 92 0 0 0 0 
17700 6 90 0 88 83 0 0 0 0 
17800 7 86 0 88 88 0 0 0 0 
17900 13 89 0 80 88 0 0 0 0 
18000 8 84 0 86 92 0 0 0 0 
18100 8 88 0 88 87 0 0 0 0 
18200 6 87 0 92 88 0 0 0 0 
18300 3 93 0 93 93 0 0 0 0 
18400 2 89 0 93 95 0 0 0 0 
18500 1 95 0 98 97 0 0 0 0 
18600 3 92 0 95 92 0 0 0 0 
18700 4 85 0 92 91 0 0 0 0 
18800 5 81 0 87 90 0 0 0 0 
18900 9 93 0 90 88 0 0 0 0 
19000 5 87 0 97 89 0 0 0 0 
19100 3 88 0 94 94 0 0 0 0 
19200 4 92 0 90 93 0 0 0 0 
19300 3 84 0 94 91 0 0 0 0 
19400 7 85 0 93 89 0 0 0 0 
19500 6 88 0 96 94 0 0 0 0 
19600 9 85 0 87 89 0 0 0 0 
19700 4 91 0 92 92 0 0 0 0 
19800 4 93 0 90 89 0 0 0 0 
19900 9 91 0 87 87 0 0 0 0 
20000 3 84 0 88 91 4 0 0 0 
20100 8 85 0 88 88 0 0 0 0 
20200 7 80 0 86 86 0 0 0 0 
20300 5 83 0 90 89 0 0 0 0 
20400 3 92 0 94 89 0 0 0 0 
20500 7 88 0 91 90 0 0 0 0 
20600 6 84 0 87 97 0 0 0 0 
20700 8 90 0 85 91 0 0 0 0 
20800 13 90 0 83 80 0 0 0 0 
20900 9 89 0 89 87 0 0 0 0 
21000 7 90 0 89 92 0 0 0 0 
21100 5 91 0 95 91 0 0 0 0 
21200 8 84 0 93 93 0 0 0 0 
21300 4 91 0 93 89 0 0 0 0 
21400 9 79 0 90 89 0 0 0 0 
21500 2 90 0 92 89 0 0 0 0 
21600 4 92 0 96 90 0 0 0 0 
21700 10 92 0 94 96 0 0 0 0 
21800 22 93 0 88 90 0 0 0 0 
21900 22 97 0 95 97 0 0 0 0 
22000 51 97 0 92 90 0 0 0 0 
22100 73 96 0 92 90 0 0 0 0 
22200 68 94 0 93 94 3 0 0 0 
22300 78 89 0 86 87 4 0 0 0 
22400 65 87 0 83 89 6 0 0 0 
22500 80 94 0 92 89 0 0 0 0 
22600 76 95 0 90 90 0 0 0 0 
22700 65 92 0 90 87 0 0 0 0 
22800 70 94 0 84 83 3 0 0 0 
22900 84 91 0 93 95 0 0 0 0 
23000 82 96 0 90 89 0 0 0 0 
23100 87 98 0 95 95 0 0 0 0 
23200 89 90 0 96 87 1 0 0 0 
23300 78 85 0 84 82 0 0 0 0 
23400 86 92 0 94 87 0 3 0 0 
23500 78 87 0 90 89 0 1 0 0 
23600 83 89 0 95 91 0 0 0 0 
23700 82 88 0 93 88 0 0 0 0 
23800 93 80 0 92 94 0 0 0 0 
23900 90 84 0 94 87 0 0 0 0 
24000 88 69 0 97 99 0 0 0 0 
24100 87 77 0 90 87 0 0 0 0 
24200 82 95 0 95 95 0 0 0 0 
24300 87 89 0 93 86 0 0 0 0 
24400 81 97 7 90 89 0 0 0 0 
24500 57 94 31 88 86 0 0 0 0 
24600 43 91 36 83 84 0 0 0 0 
24700 45 86 36 90 89 0 0 0 0 
24800 33 88 49 90 82 0 0 0 0 
24900 27 94 60 88 86 0 0 0 0 
25000 12 97 77 94 90 0 0 0 0 
25100 18 94 70 86 86 2 0 0 0 
25200 13 93 72 93 95 0 0 0 0 
25300 20 98 76 86 90 2 0 0 0 
25400 22 88 61 92 87 0 0 0 0 
25500 28 95 58 90 90 0 0 0 0 
25600 24 81 53 86 88 2 0 0 0 
25700 20 98 74 91 93 0 0 0 0 
25800 19 93 75 95 95 2 0 0 0 
25900 17 90 80 94 91 0 0 0 0 
26000 26 79 57 99 87 16 0 0 0 
26100 22 82 61 85 81 8 3 0 0 
26200 11 88 16 94 93 4 58 0 0 
26300 16 94 2 91 94 1 71 0 0 
26400 15 92 3 92 92 7 66 0 0 
26500 14 88 0 90 88 0 72 0 0 
26600 9 94 0 86 83 3 75 0 0 
26700 8 93 3 87 87 0 67 0 0 
26800 12 91 1 90 87 1 72 0 0 
26900 12 93 2 87 90 0 70 0 0 
27000 10 95 0 92 89 0 81 0 0 
27100 8 93 2 89 86 3 68 0 0 
27200 3 98 0 98 98 0 82 0 0 
27300 8 95 0 95 92 0 76 0 0 
27400 13 96 0 93 88 0 77 0 0 
27500 15 94 0 93 92 5 76 0 0 
27600 34 92 1 90 86 1 71 0 0 
27700 50 95 0 95 95 2 76 0 0 
27800 65 94 0 93 92 0 76 0 0 
27900 80 95 0 98 100 0 87 0 0 
28000 74 100 1 91 80 6 63 0 0 
28100 87 96 3 88 84 6 70 0 0 
28200 79 97 2 91 91 4 63 0 0 
28300 89 95 0 88 85 0 71 0 0 
28400 84 96 2 96 97 0 77 0 0 
28500 84 95 0 96 96 3 81 0 0 
28600 87 98 0 94 92 1 79 0 0 
28700 88 94 0 88 85 6 72 0 0 
28800 74 89 0 94 94 6 68 0 0 
28900 85 99 2 91 87 6 70 0 0 
29000 79 98 0 91 88 3 67 0 0 
29100 93 93 1 93 88 4 81 0 0 
29200 90 90 0 95 93 1 77 0 0 
29300 88 95 0 96 95 1 79 0 0 
29400 90 99 0 89 89 4 76 0 0 
29500 86 90 0 94 93 6 69 0 0 
29600 82 87 0 94 94 6 71 0 0 
29700 80 89 1 92 90 0 71 0 0 
29800 74 94 0 88 88 1 68 0 0 
29900 75 89 2 93 89 5 65 0 0 
30000 79 96 0 85 84 3 65 0 0 
30100 87 96 0 94 92 0 79 0 0 
30200 75 96 0 90 83 3 65 0 0 
30300 79 97 2 82 86 1 66 0 0 
30400 88 95 4 92 86 1 77 0 0 
30500 87 99 1 95 93 1 82 0 0 
30600 82 88 0 89 87 2 77 0 0 
30700 79 93 1 92 93 2 72 0 0 
30800 84 96 0 95 93 2 76 0 0 
30900 90 99 0 94 91 1 84 0 0 
31000 86 94 1 85 91 0 71 0 0 
31100 78 98 0 94 91 1 75 0 0 
31200 89 93 0 95 93 1 83 0 0 
31300 74 88 2 91 86 3 72 0 0 
31400 89 88 1 87 88 0 77 0 0 
31500 82 98 0 86 87 1 74 0 0 
31600 78 95 0 90 90 0 74 0 0 
31700 83 95 0 92 88 1 78 0 0 
31800 87 94 0 92 90 1 78 0 0 
31900 68 95 0 91 93 0 76 0 0 
32000 65 92 0 94 91 0 70 0 0 
32100 82 93 0 93 89 0 78 0 0 
32200 83 90 0 95 87 0 78 0 0 
32300 92 86 0 88 87 0 77 0 0 
32400 82 84 0 92 90 0 74 0 0 
32500 86 85 0 94 89 0 78 0 0 
32600 66 92 0 93 87 0 71 0 0 
32700 88 93 0 89 93 0 83 0 0 
32800 74 98 0 89 95 0 72 0 0 
32900 83 96 1 92 92 0 81 0 0 
33000 87 98 0 86 87 0 77 0 0 
33100 83 94 0 89 89 0 75 0 0 
33200 80 99 0 91 92 0 79 0 0 
33300 76 96 0 85 87 0 71 0 0 
33400 82 91 0 94 89 0 79 0 0 
33500 79 91 1 91 90 0 68 0 0 
33600 85 92 1 95 91 0 80 0 0 
33700 74 96 2 95 91 0 73 0 0 
33800 64 96 2 89 87 0 71 0 0 
33900 57 95 0 90 88 1 62 0 0 
34000 73 96 1 99 95 4 81 0 0 
34100 79 93 0 92 94 0 83 0 0 
34200 79 97 0 83 84 0 67 0 0 
34300 81 93 0 92 88 0 78 0 0 
34400 73 96 0 88 87 1 72 0 0 
34500 82 90 1 86 84 1 75 0 0 
34600 75 95 2 90 89 0 72 0 0 
34700 84 98 0 93 91 1 77 0 0 
34800 73 93 0 92 91 0 76 0 0 
34900 86 93 0 97 94 0 85 0 0 
35000 85 90 2 85 86 0 75 0 0 
35100 77 94 4 94 90 0 74 0 0 
35200 73 98 2 91 89 5 66 0 0 
35300 77 96 0 97 94 4 80 0 0 
35400 80 90 1 94 92 4 66 0 0 
35500 90 99 0 91 93 1 80 0 0 
35600 87 91 2 93 92 2 73 0 0 
35700 76 94 0 91 89 2 77 0 0 
35800 84 93 0 93 95 10 72 0 0 
35900 76 87 0 93 93 5 79 0 0 
36000 87 98 0 94 95 2 79 0 0 
36100 80 90 0 85 85 3 70 0 0 
36200 76 87 0 82 91 5 71 0 0 
36300 86 91 2 92 92 6 78 0 0 
36400 75 89 0 86 92 4 67 0 0 
36500 83 94 0 91 91 3 73 0 0 
36600 80 96 0 93 94 3 75 0 0 
36700 81 89 0 91 89 0 84 0 0 
36800 87 97 0 93 93 0 80 0 0 
36900 82 98 0 88 86 0 75 0 0 
37000 88 97 0 87 90 0 81 0 0 
37100 74 95 0 87 90 0 72 0 0 
37200 79 96 1 94 96 1 77 0 0 
37300 69 98 0 79 79 0 64 0 0 
37400 73 98 0 96 94 0 77 0 0 
37500 69 96 1 90 92 1 73 0 0 
37600 66 96 1 86 85 0 68 0 0 
37700 70 84 2 89 90 0 74 0 0 
37800 75 77 0 92 91 0 78 0 0 
37900 79 88 0 89 89 0 71 0 0 
38000 83 80 0 90 94 0 77 0 0 
38100 77 95 0 90 90 0 75 0 0 
38200 68 98 0 81 82 0 65 0 0 
38300 65 91 2 92 92 2 70 0 0 
38400 71 92 0 85 87 0 70 0 0 
38500 60 92 0 85 87 0 77 0 0 
38600 68 95 1 86 87 0 67 0 0 
38700 72 97 0 86 83 0 68 0 0 
38800 76 96 0 90 91 0 73 0 0 
38900 81 94 0 90 89 0 77 0 0 
39000 73 97 0 92 90 0 75 0 0 
39100 69 97 1 89 87 1 75 0 0 
39200 80 96 0 91 90 0 75 0 0 
39300 80 92 1 92 93 0 79 0 0 
39400 68 93 3 92 85 2 74 0 0 
39500 68 97 0 83 82 3 59 0 0 
39600 76 98 0 89 89 0 78 0 0 
39700 74 92 2 89 89 0 70 0 0 
39800 74 97 2 89 91 0 73 0 0 
39900 80 94 0 94 91 0 78 0 0 
40000 79 92 0 96 93 0 83 0 0 
40100 75 90 0 86 89 1 72 0 0 
40200 78 94 2 88 93 0 85 0 0 
40300 75 88 0 87 88 0 77 0 0 
40400 79 95 0 84 86 0 77 0 0 
40500 74 98 0 91 88 0 79 0 0 
40600 76 92 0 83 86 0 67 0 0 
40700 80 96 4 87 84 0 75 0 0 
40800 85 96 3 90 87 2 75 0 0 
40900 86 97 0 94 92 1 83 0 0 
41000 79 99 1 87 86 2 75 0 0 
41100 84 97 2 92 92 0 75 0 0 
41200 76 97 1 89 87 1 67 0 0 
41300 81 97 0 92 92 1 78 0 0 
41400 83 97 2 92 88 1 77 0 0 
41500 71 93 4 88 89 1 77 0 0 
41600 83 99 3 94 90 1 77 0 0 
41700 72 96 1 92 94 0 75 0 0 
41800 82 98 0 93 95 0 89 0 0 
41900 82 99 0 91 93 0 77 0 0 
42000 86 98 1 93 91 4 83 0 0 
42100 79 98 0 98 89 2 78 0 0 
42200 76 98 3 89 80 4 69 0 0 
42300 74 96 1 90 89 2 67 0 0 
42400 84 92 0 94 100 0 84 0 0 
42500 79 93 0 93 91 1 76 0 0 
42600 69 88 3 88 84 2 70 0 0 
42700 83 98 3 88 89 0 79 0 0 
42800 86 96 0 82 80 0 66 0 0 
42900 77 88 0 84 84 2 68 0 0 
43000 76 94 0 85 82 4 71 0 0 
43100 76 97 2 94 91 1 75 0 0 
43200 78 95 0 78 82 4 65 0 0 
43300 81 98 2 93 88 4 72 0 0 
43400 82 96 1 91 89 0 78 0 0 
43500 91 95 0 97 91 4 89 0 0 
43600 84 95 1 90 88 5 82 0 0 
43700 77 97 1 93 90 9 71 0 0 
43800 75 95 0 87 86 4 70 0 0 
43900 74 95 1 90 88 5 71 0 0 
44000 77 96 3 92 90 1 67 0 0 
44100 78 92 0 82 79 4 65 0 0 
44200 69 91 0 86 91 2 65 0 0 
44300 75 90 0 87 86 2 68 0 0 
44400 80 97 0 92 88 3 81 0 0 
44500 81 94 0 95 95 0 79 0 0 
44600 78 99 0 88 85 1 71 0 0 
44700 76 91 0 94 91 2 80 0 0 
44800 88 97 0 87 88 1 82 0 0 
44900 83 84 0 94 95 3 73 0 0 
45000 77 97 0 94 91 3 77 0 0 
45100 69 94 0 92 96 5 67 0 0 
45200 73 96 0 86 82 8 61 0 0 
45300 86 93 2 94 94 4 80 0 0 
45400 85 91 1 92 96 0 88 0 0 
45500 81 94 1 92 89 3 73 0 0 
45600 79 93 0 93 88 4 72 0 0 
45700 77 95 1 85 89 2 71 0 0 
45800 76 98 10 93 92 0 78 0 0 
45900 36 90 41 96 93 4 72 0 0 
46000 7 98 80 98 92 4 76 0 0 
46100 11 93 81 95 98 5 75 0 0 
46200 11 95 90 86 89 3 74 0 0 
46300 3 97 79 92 89 11 71 0 0 
46400 4 98 84 96 97 1 80 0 0 
46500 7 93 87 92 91 4 78 0 0 
46600 12 95 69 81 79 19 68 0 0 
46700 7 99 48 93 93 48 75 0 0 
46800 9 94 24 86 85 65 72 0 0 
46900 9 97 13 91 91 83 81 0 0 
47000 8 93 5 88 90 85 78 0 0 
47100 11 100 1 89 88 97 76 0 0 
47200 7 92 3 92 83 83 66 0 0 
47300 14 94 4 90 86 84 70 0 0 
47400 8 95 4 86 79 80 62 0 0 
47500 6 92 1 90 88 87 72 0 0 
47600 6 93 0 93 91 94 79 0 0 
47700 4 94 4 95 91 87 85 0 0 
47800 11 90 5 88 87 83 73 0 0 
47900 11 96 11 91 88 81 75 0 0 
48000 5 96 11 94 92 76 79 0 0 
48100 7 96 4 90 87 92 67 0 0 
48200 4 88 4 93 95 77 81 0 0 
48300 6 94 0 89 89 86 75 0 0 
48400 5 94 3 86 88 88 69 0 0 
48500 7 99 3 88 80 84 60 0 0 
48600 9 95 6 90 88 85 70 0 0 
48700 8 94 4 86 83 84 57 0 0 
48800 11 89 3 89 94 88 81 0 0 
48900 11 94 0 82 79 85 74 0 0 
49000 7 100 5 89 88 86 65 0 0 
49100 6 91 3 93 87 81 74 0 0 
49200 7 90 3 91 91 89 70 0 0 
49300 8 94 2 91 91 91 79 0 0 
49400 10 88 0 84 88 77 62 0 0 
49500 7 92 6 94 86 78 64 0 0 
49600 9 94 7 86 92 76 76 0 0 
49700 13 93 6 87 85 77 72 0 0 
49800 11 94 1 89 85 85 67 0 0 
49900 1 93 1 95 90 85 83 0 0 
50000 8 97 2 92 93 85 66 0 0 
50100 13 92 2 91 87 83 73 0 0 
50200 10 95 3 91 89 80 69 0 0 
50300 6 95 4 88 86 82 64 0 0 
50400 8 99 0 92 86 93 74 0 0 
50500 5 95 2 95 92 91 76 0 0 
50600 5 92 2 92 93 88 75 0 0 
50700 8 96 1 83 84 90 75 0 0 
50800 10 92 0 89 90 82 84 0 0 
50900 8 93 1 89 90 81 69 0 0 
51000 9 88 4 91 87 85 74 0 0 
51100 12 93 3 86 83 80 66 0 0 
51200 7 94 1 92 87 86 62 0 0 
51300 12 89 2 83 90 87 72 0 0 
51400 10 96 4 86 83 83 61 0 0 
51500 6 95 4 85 84 82 66 0 0 
51600 9 97 0 92 87 73 74 0 0 
51700 10 90 7 87 90 75 70 0 0 
51800 9 90 2 91 91 91 75 0 0 
51900 21 91 3 80 79 86 55 0 0 
52000 13 96 4 83 82 90 74 0 0 
52100 15 94 5 79 78 81 64 0 0 
52200 4 97 4 95 94 93 76 0 0 
52300 7 96 2 92 92 92 83 0 0 
52400 7 96 3 87 88 83 68 0 0 
52500 13 84 2 93 92 88 79 0 0 
52600 5 94 11 94 92 80 71 0 0 
52700 9 91 3 94 93 86 77 0 0 
52800 11 96 4 91 88 89 76 0 0 
52900 10 99 2 94 90 94 80 0 0 
53000 6 94 3 88 90 89 72 0 0 
53100 9 97 8 87 86 87 65 0 0 
53200 17 91 4 82 81 84 69 0 0 
53300 15 93 0 89 85 85 69 0 0 
53400 5 95 1 90 90 90 68 0 0 
53500 6 92 3 89 86 84 71 0 0 
53600 6 89 6 89 91 80 76 0 0 
53700 9 98 4 87 84 90 72 0 0 
53800 10 88 0 88 86 84 69 0 0 
53900 8 95 4 89 86 88 75 0 0 
54000 12 93 2 86 85 85 75 0 0 
54100 9 96 1 89 85 88 71 0 0 
54200 5 96 0 95 92 92 84 0 0 
54300 15 91 10 91 84 86 60 0 0 
54400 4 91 7 92 89 86 75 0 0 
54500 6 93 0 91 91 87 79 0 0 
54600 9 96 1 86 87 91 67 0 0 
54700 3 95 8 91 92 86 78 0 0 
54800 11 83 9 86 90 81 77 0 0 
54900 11 91 2 94 92 87 69 0 0 
55000 7 93 2 93 94 81 73 0 0 
55100 5 97 1 91 91 95 75 0 0 
55200 11 92 5 83 84 83 66 0 0 
55300 6 93 8 90 89 75 64 0 0 
55400 7 90 12 86 85 75 57 0 0 
55500 13 98 1 90 90 94 63 0 0 
55600 7 100 4 94 91 89 69 0 0 
55700 7 97 2 89 89 90 76 0 0 
55800 7 92 9 88 83 79 66 0 0 
55900 9 96 8 92 89 83 78 0 0 
56000 14 94 4 83 81 79 55 0 0 
56100 6 97 2 90 89 91 74 0 0 
56200 13 98 4 84 88 89 65 0 0 
56300 2 95 0 91 88 90 82 0 0 
56400 4 95 0 90 85 84 73 0 0 
56500 3 98 2 95 95 86 74 0 0 
56600 10 90 3 92 87 80 62 0 0 
56700 7 88 3 94 84 86 74 0 0 
56800 7 96 2 95 86 93 76 0 0 
56900 10 93 1 91 85 89 79 0 0 
57000 12 94 3 91 90 84 68 0 0 
57100 10 94 2 94 95 86 77 0 0 
57200 5 96 5 91 85 86 70 0 0 
57300 9 96 7 88 89 86 64 0 0 
57400 12 91 3 89 88 85 71 0 0 
57500 5 97 5 96 95 92 79 0 0 
57600 11 93 2 88 87 86 77 0 0 
57700 4 94 4 92 90 85 64 0 0 
57800 18 98 0 92 84 93 75 0 0 
57900 53 90 7 87 88 83 77 0 0 
58000 87 98 3 85 84 87 68 0 0 
58100 80 95 4 90 86 90 76 0 0 
58200 71 98 0 92 87 89 74 0 0 
58300 81 95 9 93 91 83 71 0 0 
58400 83 100 7 91 89 84 76 0 0 
58500 85 93 11 92 88 73 74 0 0 
58600 84 96 2 92 94 84 78 0 0 
58700 72 96 3 90 86 84 80 0 0 
58800 73 100 2 89 90 85 75 0 0 
58900 78 99 4 91 93 85 71 0 0 
59000 63 92 0 90 90 96 66 0 0 
59100 76 95 2 89 89 86 80 0 0 
59200 82 98 0 90 87 90 80 0 0 
59300 82 97 0 88 88 91 73 0 0 
59400 79 99 3 88 86 89 72 0 0 
59500 86 93 9 79 75 72 61 0 0 
59600 87 100 0 88 88 90 72 0 0 
59700 83 93 1 92 91 87 73 0 0 
59800 92 96 1 83 86 84 74 0 0 
59900 84 96 4 97 94 87 81 0 0 
60000 83 94 4 91 89 79 77 0 0 
60100 87 92 1 96 95 86 83 0 0 
60200 85 97 2 88 87 92 79 0 0 
60300 77 95 1 93 86 85 65 0 0 
60400 78 96 3 89 81 84 69 0 0 
60500 87 99 2 89 89 89 75 0 0 
60600 71 97 3 91 88 82 72 0 0 
60700 57 91 12 87 82 80 60 0 0 
60800 78 98 1 92 89 90 78 0 0 
60900 73 92 1 89 85 85 74 0 0 
61000 75 93 5 87 89 82 68 0 0 
61100 69 97 5 92 88 87 65 0 0 
61200 75 92 8 93 88 75 75 0 0 
61300 84 98 2 91 88 93 77 0 0 
61400 83 98 2 92 88 92 72 0 0 
61500 79 93 1 94 92 87 80 0 0 
61600 73 93 5 81 72 81 57 0 0 
61700 71 86 16 89 83 72 74 0 0 
61800 83 95 4 87 88 88 73 0 0 
61900 78 98 4 89 88 92 77 0 0 
62000 78 98 4 88 90 90 72 0 0 
62100 80 95 1 92 95 88 82 0 0 
62200 80 96 2 93 92 85 85 0 0 
62300 85 93 6 87 89 88 71 0 0 
62400 69 92 8 93 93 82 72 0 0 
62500 66 93 2 93 87 88 66 0 0 
62600 62 96 6 92 89 84 67 0 0 
62700 79 99 0 84 83 90 74 0 0 
62800 78 94 2 91 88 90 76 0 0 
62900 77 99 2 90 90 94 69 0 0 
63000 79 91 7 89 85 81 76 0 0 
63100 78 94 4 90 90 87 77 0 0 
63200 78 92 5 86 84 86 75 0 0 
63300 79 94 2 95 90 90 81 0 0 
63400 82 99 3 88 82 86 73 0 0 
63500 80 97 2 84 89 83 73 0 0 
63600 87 94 1 96 89 90 82 0 0 
63700 80 99 3 92 90 87 78 0 0 
63800 90 97 0 94 91 90 83 0 0 
63900 82 96 2 85 83 85 72 0 0 
64000 80 94 1 94 93 90 78 0 0 
64100 77 90 1 87 84 78 59 0 0 
64200 76 97 7 88 88 86 73 0 0 
64300 76 91 4 87 92 84 77 0 0 
64400 79 94 0 91 94 90 78 0 0 
64500 66 98 1 99 99 90 80 0 0 
64600 77 99 1 88 89 91 82 0 0 
64700 74 96 1 93 96 87 84 0 0 
64800 78 97 0 92 87 83 77 0 0 
64900 81 94 6 90 93 89 83 0 0 
65000 85 98 0 89 88 90 77 0 0 
65100 82 99 1 87 85 80 68 0 0 
65200 80 89 1 78 85 79 56 0 0 
65300 90 93 0 91 91 87 77 0 0 
65400 68 97 1 93 92 87 76 0 0 
65500 72 95 4 94 94 86 79 0 0 
65600 79 97 3 91 86 92 70 0 0 
65700 83 91 0 91 97 83 71 0 0 
65800 95 100 0 93 99 92 89 0 0 
65900 88 98 2 94 91 95 81 0 0 
66000 78 98 2 87 85 87 74 0 0 
66100 69 92 5 88 88 89 76 0 0 
66200 73 93 1 90 86 87 73 0 0 
66300 70 94 2 91 95 84 76 0 0 
66400 69 98 0 91 91 92 78 0 0 
66500 73 96 0 97 87 92 74 0 0 
66600 77 96 3 98 97 85 90 0 0 
66700 78 97 3 91 90 81 76 0 0 
66800 78 96 0 90 92 90 76 0 0 
66900 74 92 4 85 78 82 71 0 0 
67000 84 100 3 88 87 93 69 0 0 
67100 88 99 2 95 92 90 74 0 0 
67200 73 97 0 94 87 93 74 0 0 
67300 79 96 2 84 84 92 76 0 0 
67400 73 97 4 88 78 92 63 0 0 
67500 76 93 5 86 88 82 74 0 0 
67600 75 92 2 91 91 83 75 0 0 
67700 76 91 4 87 83 84 64 0 0 
67800 68 94 4 84 87 82 61 0 0 
67900 67 94 4 89 91 80 73 0 0 
68000 75 98 2 84 84 91 73 0 0 
68100 80 97 1 89 85 91 75 0 0 
68200 79 94 2 91 89 93 83 0 0 
68300 73 92 0 86 82 88 68 0 0 
68400 78 95 2 93 93 86 78 0 0 
68500 81 90 0 87 84 89 72 0 0 
68600 70 94 5 92 91 86 73 0 0 
68700 74 95 7 88 86 81 77 0 0 
68800 75 97 0 92 89 92 72 0 0 
68900 68 93 5 88 77 84 58 0 0 
69000 77 93 1 86 84 87 70 0 0 
69100 78 95 3 82 80 91 64 0 0 
69200 65 94 3 96 98 84 72 0 0 
69300 85 95 2 91 94 85 78 0 0 
69400 82 96 1 85 86 90 74 0 0 
69500 73 95 2 87 85 87 72 0 0 
69600 78 100 3 93 94 88 82 0 0 
69700 70 98 4 93 91 84 81 0 0 
69800 77 94 1 87 86 93 72 0 0 
69900 77 91 2 88 86 85 68 0 0 
70000 75 95 3 95 92 91 81 0 0 
70100 77 98 1 93 91 88 73 0 0 
70200 70 96 3 89 88 87 69 0 0 
70300 83 98 3 95 94 89 78 0 0 
70400 73 95 5 90 89 91 73 0 0 
70500 77 99 3 94 91 94 75 0 0 
70600 82 97 0 85 82 85 79 0 0 
70700 58 90 3 84 85 82 72 0 0 
70800 73 98 13 86 91 81 81 0 0 
70900 69 90 8 89 89 85 79 0 0 
71000 85 97 7 86 85 86 80 0 0 
71100 74 88 13 85 83 74 59 0 0 
71200 72 89 9 90 83 79 67 0 0 
71300 81 93 7 89 90 82 80 0 0 
71400 83 93 4 88 88 82 70 0 0 
71500 74 95 1 85 83 88 65 0 0 
71600 81 95 2 89 91 88 75 0 0 
71700 84 98 5 96 93 87 73 0 0 
71800 76 91 8 86 83 82 64 0 0 
71900 74 88 1 97 89 89 64 0 0 
72000 82 89 7 96 90 86 76 0 0 
72100 66 94 1 94 88 89 75 0 0 
72200 73 98 0 86 84 95 71 0 0 
72300 82 95 5 92 89 85 75 0 0 
72400 70 92 10 90 83 85 60 0 0 
72500 83 92 8 96 99 82 81 0 0 
72600 78 93 2 91 90 86 78 0 0 
72700 71 95 2 90 88 91 71 0 0 
72800 65 92 1 92 90 88 76 0 0 
72900 77 96 4 96 97 87 78 0 0 
73000 76 91 0 91 87 89 74 0 0 
73100 78 91 4 94 92 89 78 0 0 
73200 75 90 1 89 88 84 75 0 0 
73300 72 95 1 88 88 97 72 0 0 
73400 65 93 2 90 93 86 69 0 0 
73500 82 95 1 90 94 91 79 0 0 
73600 77 94 4 89 85 84 72 0 0 
73700 67 91 10 92 82 75 66 0 0 
73800 64 94 1 90 81 76 60 0 0 
73900 74 93 1 92 87 90 76 0 0 
74000 69 94 4 96 93 83 75 0 0 
74100 72 92 3 90 88 85 62 0 0 
74200 80 95 2 95 89 93 84 0 0 
74300 78 95 5 90 89 90 70 0 0 
74400 79 98 2 85 91 86 72 0 0 
74500 67 92 3 84 83 84 62 0 0 
74600 76 97 5 98 91 91 75 0 0 
74700 71 93 0 90 87 88 79 0 0 
74800 74 100 12 88 86 83 75 0 0 
74900 71 96 2 96 90 86 62 0 0 
75000 76 96 3 94 97 86 63 0 0 
75100 79 92 3 96 92 80 63 0 0 
75200 88 92 5 90 91 85 73 0 0 
75300 79 89 4 92 90 80 61 0 0 
75400 88 98 2 92 91 90 74 0 0 
75500 88 94 4 90 86 91 70 0 0 
75600 80 89 5 80 81 79 57 0 0 
75700 80 97 3 100 97 82 80 0 0 
75800 84 99 1 95 93 92 73 0 0 
75900 75 97 1 91 91 88 71 0 0 
76000 86 96 2 97 97 93 82 0 0 
76100 84 97 3 85 79 90 72 0 0 
76200 75 92 4 94 90 92 65 0 0 
76300 81 96 5 97 95 86 73 0 0 
76400 82 98 5 96 93 92 78 0 0 
76500 91 96 3 92 94 90 79 0 0 
76600 79 93 5 93 91 84 76 0 0 
76700 89 97 2 89 91 89 72 0 0 
76800 81 98 3 92 89 88 70 0 0 
76900 79 95 1 93 90 86 71 0 0 
77000 79 97 2 90 87 87 64 0 0 
77100 81 96 0 94 93 94 76 0 0 
77200 76 97 4 92 95 90 76 0 0 
77300 71 93 3 80 77 87 55 0 0 
77400 89 97 1 94 92 91 78 0 0 
77500 93 97 2 91 88 93 72 0 0 
77600 77 97 3 86 82 85 66 0 0 
77700 82 95 2 93 87 91 73 0 0 
77800 87 95 0 92 92 92 79 0 0 
77900 84 96 2 92 91 94 76 0 0 
78000 81 99 2 93 91 91 82 0 0 
78100 67 96 7 91 84 89 59 0 0 
78200 76 95 5 90 90 81 65 0 0 
78300 80 96 6 90 87 81 69 0 0 
78400 82 96 0 91 90 90 68 0 0 
78500 87 96 0 84 90 92 72 0 0 
78600 85 95 2 90 88 88 73 0 0 
78700 93 98 2 93 94 91 79 0 0 
78800 82 97 1 88 84 88 73 0 0 
78900 85 96 2 94 96 89 74 0 0 
79000 86 95 7 87 89 80 77 0 0 
79100 83 97 6 91 92 86 80 0 0 
79200 83 91 7 84 87 83 73 0 0 
79300 83 95 6 95 90 78 76 0 0 
79400 77 96 3 91 91 87 78 0 0 
79500 84 99 2 89 89 86 82 0 0 
79600 77 98 6 87 82 86 66 0 0 
79700 80 94 4 92 89 83 79 0 0 
79800 80 95 6 96 92 90 76 0 0 
79900 68 91 8 89 87 84 68 0 0 
80000 83 90 7 87 91 74 70 0 0 
80100 80 95 6 78 79 82 65 0 0 
80200 74 97 4 88 87 85 68 0 0 
80300 77 98 4 90 80 93 68 0 0 
80400 85 93 4 88 85 85 77 0 0 
80500 87 98 6 89 83 89 64 0 0 
80600 81 93 0 86 85 89 73 0 0 
80700 81 97 0 89 86 86 77 0 0 
80800 78 93 2 88 85 84 70 0 0 
80900 80 94 0 88 89 85 71 0 0 
81000 54 94 2 90 81 86 49 0 0 
81100 76 96 1 91 87 93 73 0 0 
81200 75 98 1 95 93 86 71 0 0 
81300 74 93 2 85 83 81 70 0 0 
81400 83 96 1 95 92 95 84 0 0 
81500 70 90 4 88 88 81 71 0 0 
81600 69 90 1 80 80 81 63 0 0 
81700 80 97 5 84 78 85 69 0 0 
81800 82 96 2 82 78 92 68 0 0 
81900 80 98 2 88 85 88 74 0 0 
82000 82 91 0 81 81 78 70 0 0 
82100 86 97 1 93 87 91 76 0 0 
82200 79 96 1 89 85 87 72 0 0 
82300 84 95 2 88 85 82 75 0 0 
82400 77 94 3 92 89 85 73 0 0 
82500 81 97 10 92 86 85 73 0 0 
82600 77 97 5 92 89 82 69 0 0 
82700 62 89 4 91 79 82 65 0 0 
82800 59 89 2 91 90 87 76 0 0 
82900 76 93 1 86 91 85 80 0 0 
83000 74 94 2 84 83 89 69 0 0 
83100 76 99 1 92 91 93 74 0 0 
83200 83 90 1 88 93 82 74 0 0 
83300 77 91 2 88 84 89 66 0 0 
83400 66 91 4 92 85 89 73 0 0 
83500 65 92 8 86 88 78 65 0 0 
83600 85 99 0 96 97 87 83 0 0 
83700 77 96 0 93 88 90 73 0 0 
83800 77 96 0 89 88 91 75 0 0 
83900 77 90 5 95 97 87 77 0 0 
84000 89 97 0 91 90 92 77 0 0 
84100 88 99 3 94 90 89 86 0 0 
84200 83 96 0 88 88 92 77 0 0 
84300 86 94 2 89 86 94 78 0 0 
84400 87 92 0 92 93 93 83 0 0 
84500 84 96 2 95 90 83 79 0 0 
84600 78 92 0 94 90 82 76 0 0 
84700 74 90 2 93 86 83 74 0 0 
84800 79 93 2 89 81 94 71 0 0 
84900 79 95 2 88 84 91 70 0 0 
85000 79 98 1 93 95 85 79 0 0 
85100 76 97 6 87 87 85 64 0 0 
85200 84 93 1 87 86 83 66 0 0 
85300 87 95 0 87 89 91 85 0 0 
85400 84 99 4 90 89 93 79 0 0 
85500 79 97 1 88 86 92 75 0 0 
85600 84 92 2 94 90 85 75 0 0 
85700 74 89 0 86 87 88 68 0 0 
85800 85 96 0 91 92 92 79 0 0 
85900 87 96 5 96 94 90 83 0 0 
86000 78 97 5 90 92 92 75 0 0 
86100 69 96 3 93 91 86 84 0 0 
86200 79 93 1 88 88 84 76 0 0 
86300 90 96 1 92 90 90 85 0 0 
86400 87 99 0 88 88 95 81 0 0 
86500 86 94 1 90 94 87 81 0 0 
86600 89 99 0 95 90 91 76 0 0 
86700 80 97 4 92 85 88 76 0 0 
86800 86 94 3 93 89 91 85 0 0 
86900 76 98 1 95 89 95 74 0 0 
87000 72 96 2 92 87 81 68 0 0 
87100 87 95 0 91 92 87 78 0 0 
87200 85 95 2 88 89 87 78 0 0 
87300 78 90 2 93 97 83 79 0 0 
87400 83 91 5 89 91 82 76 0 0 
87500 79 96 3 88 86 91 73 0 0 
87600 80 95 0 87 88 82 79 0 0 
87700 59 91 7 95 96 85 72 0 0 
87800 65 95 2 93 90 93 80 0 0 
87900 75 98 4 96 90 93 80 0 0 
88000 85 96 2 94 95 85 84 0 0 
88100 80 92 2 91 87 86 76 0 0 
88200 75 98 5 94 91 87 71 0 0 
88300 80 96 0 92 93 94 82 0 0 
88400 79 96 3 93 87 90 76 0 0 
88500 79 95 2 95 90 85 79 0 0 
88600 87 98 3 93 93 91 84 0 0 
88700 76 93 3 94 93 83 70 0 0 
88800 75 100 1 91 81 92 68 0 0 
88900 74 93 8 91 85 86 76 0 0 
89000 85 97 3 93 91 88 79 0 0 
89100 87 93 4 86 81 92 73 0 0 
89200 85 97 3 91 92 91 73 0 0 
89300 78 98 3 90 89 90 80 0 0 
89400 89 99 2 89 84 91 77 0 0 
89500 87 96 2 90 84 87 77 0 0 
89600 81 96 6 94 92 91 74 0 0 
89700 67 96 6 77 77 80 58 0 0 
89800 71 91 6 91 93 80 68 0 0 
89900 74 94 2 87 81 86 69 0 0 
90000 77 97 3 84 78 87 57 0 0 
90100 90 95 4 91 88 87 71 0 0 
90200 80 97 2 94 91 92 77 0 0 
90300 83 96 0 91 83 89 73 0 0 
90400 76 94 3 84 86 88 65 0 0 
90500 87 96 4 91 82 83 74 0 0 
90600 87 99 8 93 88 88 81 0 0 
90700 78 95 6 88 87 87 69 0 0 
90800 69 90 9 93 84 82 65 0 0 
90900 85 93 7 98 95 81 82 0 0 
91000 79 97 5 90 88 91 81 0 0 
91100 84 95 8 92 89 83 75 0 0 
91200 80 96 11 87 86 74 71 0 0 
91300 86 88 0 92 81 90 70 0 0 
91400 88 90 3 84 79 80 68 0 0 
91500 89 99 3 97 95 93 80 0 0 
91600 90 94 9 97 89 84 75 0 0 
91700 76 91 6 91 82 86 67 0 0 
91800 90 85 7 93 88 90 84 0 0 
91900 87 90 4 93 90 88 74 0 0 
92000 92 92 5 91 96 81 84 0 0 
92100 87 95 8 89 78 81 72 0 0 
92200 81 95 10 86 82 79 76 0 0 
92300 85 93 9 93 91 80 78 0 0 
92400 84 92 2 84 77 83 63 0 0 
92500 87 94 2 92 94 92 75 0 0 
92600 91 89 1 86 89 88 82 0 0 
92700 82 93 3 88 87 85 74 0 0 
92800 67 91 1 85 86 78 68 0 0 
92900 91 100 2 95 87 96 74 0 0 
93000 85 91 7 89 89 84 68 0 0 
93100 79 87 5 83 87 80 72 0 0 
93200 79 88 0 88 83 87 69 0 0 
93300 85 94 5 89 85 84 72 0 0 
93400 91 91 8 85 89 81 71 0 0 
93500 98 98 13 94 95 84 84 0 0 
93600 95 96 1 93 85 94 79 0 0 
93700 84 89 8 89 88 81 78 0 0 
93800 92 100 4 89 85 93 78 0 0 
93900 90 92 4 82 78 86 69 0 0 
94000 88 100 4 88 82 86 68 0 0 
94100 87 97 6 90 90 87 76 0 0 
94200 93 99 0 82 81 94 70 0 0 
94300 83 93 6 93 93 82 81 0 0 
94400 84 92 6 92 90 80 84 0 0 
94500 81 91 5 94 92 85 84 0 0 
94600 81 94 0 93 92 94 83 0 0 
94700 94 95 1 90 92 93 79 0 0 
94800 94 96 1 87 86 88 78 0 0 
94900 87 98 6 91 91 83 80 0 0 
95000 89 94 4 95 91 86 82 0 0 
95100 84 91 4 93 86 87 79 0 0 
95200 90 93 10 91 83 81 73 0 0 
95300 93 95 0 89 90 85 78 0 0 
95400 91 90 11 82 86 76 72 0 0 
95500 88 94 5 90 92 85 78 0 0 
95600 89 96 5 98 92 93 84 0 0 
95700 80 91 6 94 92 81 79 0 0 
95800 81 93 2 84 80 89 73 0 0 
95900 89 99 2 96 97 90 86 0 0 
96000 90 99 2 96 94 89 82 0 0 
96100 84 99 6 93 89 88 77 0 0 
96200 87 98 4 94 91 89 82 0 0 
96300 89 91 4 83 88 83 79 0 0 
96400 90 97 2 93 90 84 71 0 0 
96500 95 95 5 88 90 86 78 0 0 
96600 90 96 2 85 80 89 75 0 0 
96700 83 94 1 92 87 82 70 0 0 
96800 86 96 2 88 92 86 74 0 0 
96900 87 90 1 87 87 83 71 0 0 
97000 87 92 3 87 91 80 66 0 0 
97100 83 96 6 89 87 89 67 0 0 
97200 88 94 0 89 86 87 75 0 0 
97300 87 94 2 86 82 86 71 0 0 
97400 90 95 0 91 89 91 70 0 0 
97500 89 89 0 86 80 85 71 0 0 
97600 85 96 4 94 88 85 70 0 0 
97700 78 95 3 91 94 85 84 0 0 
97800 78 94 6 90 87 81 72 0 0 
97900 89 98 1 93 91 92 73 0 0 
98000 87 96 2 94 91 87 70 0 0 
98100 91 97 1 94 94 90 84 0 0 
98200 91 97 2 92 91 89 86 0 0 
98300 82 97 0 97 93 92 85 0 0 
98400 82 94 2 90 93 88 86 0 0 
98500 84 92 5 90 92 84 83 0 0 
98600 81 88 8 82 84 81 73 0 0 
98700 86 98 4 91 88 87 79 0 0 
98800 81 91 1 90 86 86 81 0 0 
98900 86 92 6 84 88 79 76 0 0 
99000 88 95 7 88 89 81 82 0 0 
99100 98 97 3 97 93 88 84 0 0 
99200 88 90 2 94 93 89 78 0 0 
99300 94 96 4 86 86 89 79 0 0 
99400 93 94 3 89 89 90 73 0 0 
99500 85 93 0 92 89 92 80 0 0 
99600 87 84 1 83 81 89 73 0 0 
99700 92 95 2 87 84 90 73 0 0 
99800 92 96 2 93 85 92 70 0 0 
99900 82 92 1 91 88 86 71 0 0 
100000 93 94 5 94 93 85 76 0 0 
