# Avida time data
# Tue Apr 11 18:23:40 2023
#  1: update
#  2: avida time
#  3: average generation
#  4: num_executed?

0 0 0 30 
100 1.03183 6.93617 1380 
200 2.11602 14.6162 3000 
300 3.22819 22.73 3000 
400 4.3227 31.48 3000 
500 5.41698 39.7273 2970 
600 6.50852 48.0606 2970 
700 7.58201 56.11 2970 
800 8.65571 64.62 3000 
900 9.71128 72.79 3000 
1000 10.7381 80.59 3000 
1100 11.7726 88.8 3000 
1200 12.8392 97.5 3000 
1300 13.887 105.646 2970 
1400 14.8875 113.74 3000 
1500 15.892 121.99 2970 
1600 16.8577 129.5 3000 
1700 17.7688 136.98 3000 
1800 18.6542 143.444 2970 
1900 19.5417 150.677 2970 
2000 20.3822 157.212 2970 
2100 21.2158 163.58 3000 
2200 22.0901 170.18 3000 
2300 22.9805 176.74 3000 
2400 23.9 183.91 3000 
2500 24.7997 190.83 3000 
2600 25.6849 197.485 3000 
2700 26.5792 204.42 3000 
2800 27.4725 211.49 3000 
2900 28.3683 217.59 3000 
3000 29.2674 224.8 3000 
3100 30.1459 231.747 2970 
3200 31.0066 238.33 3000 
3300 31.85 244.717 3000 
3400 32.6972 251.592 2940 
3500 33.5503 258.525 3000 
3600 34.4212 264.887 2910 
3700 35.2902 271.51 3000 
3800 36.1846 278.36 3000 
3900 37.0977 284.97 3000 
4000 38.0198 292.173 2940 
4100 38.9297 299.03 3000 
4200 39.852 306.121 2970 
4300 40.8165 313.07 3000 
4400 41.7981 319.71 3000 
4500 42.7819 328.46 3000 
4600 43.7269 336.9 3000 
4700 44.6889 343.859 2970 
4800 45.6598 351.596 2970 
4900 46.6392 359.182 3000 
5000 47.5981 366.38 3000 
5100 48.5837 373.388 2940 
5200 49.6091 381.26 2970 
5300 50.6327 389.83 3000 
5400 51.6689 396.636 2970 
5500 52.6917 404.76 3000 
5600 53.6816 412.121 2970 
5700 54.6725 419.53 3000 
5800 55.6578 427.35 3000 
5900 56.5981 435.28 3000 
6000 57.4248 446.899 3000 
6100 58.13 460.173 2970 
6200 58.8374 473 3000 
6300 59.4744 486.6 3000 
6400 60.1216 495.354 2970 
6500 60.8889 502.808 2970 
6600 61.7011 511.38 3000 
6700 62.4486 521.827 2970 
6800 63.1245 532.94 3000 
6900 63.8327 543.434 2970 
7000 64.544 555.12 3000 
7100 65.2261 562.11 3000 
7200 65.8641 577.28 3000 
7300 66.4687 588.64 3000 
7400 67.056 597.7 3000 
7500 67.5681 607.707 2970 
7600 68.1049 615.306 2940 
7700 68.6178 623.536 2910 
7800 69.1217 631.51 2970 
7900 69.6441 639.01 3000 
8000 70.1432 648.13 3000 
8100 70.4478 661.929 3000 
8200 70.6591 674.929 2970 
8300 70.8641 690.878 2970 
8400 71.0501 704.46 3000 
8500 71.2067 715.253 2970 
8600 71.3502 724.41 3000 
8700 71.4578 735.041 2880 
8800 71.567 746.7 3000 
8900 71.6731 757.081 2970 
9000 71.8053 766.65 2970 
9100 71.9382 776.808 3000 
9200 72.0941 785.18 2970 
9300 72.227 801.37 3000 
9400 72.3355 814.37 3000 
9500 72.4318 823.85 3000 
9600 72.5237 834.929 2940 
9700 72.6089 844.825 2880 
9800 72.694 853.684 2970 
9900 72.7538 864.09 3000 
10000 72.7756 883.708 2940 
10100 72.7813 911.21 3000 
10200 72.7843 932.156 2880 
10300 72.787 950.533 2790 
10400 72.7884 980.571 2940 
10500 72.789 1003.89 2880 
10600 72.7894 1024.41 2970 
10700 72.7896 1057.45 2940 
10800 72.7897 1081.51 2970 
10900 72.7897 1099.41 2970 
11000 72.7898 1115.54 2910 
11100 72.7899 1133.74 2880 
11200 72.7899 1146.03 2940 
11300 72.79 1160.19 2940 
11400 72.79 1175.24 2910 
11500 72.79 1187.44 2880 
11600 72.7901 1193.26 2850 
11700 72.7901 1194.8 2940 
11800 72.7901 1199.96 2820 
11900 72.7902 1216.25 3000 
12000 72.7903 1224.07 2880 
12100 72.7903 1237.25 2880 
12200 72.7904 1253.65 3000 
12300 72.7905 1273.39 2940 
12400 72.7905 1292.63 2880 
12500 72.7906 1307.78 2970 
12600 72.7907 1309.83 2970 
12700 72.7908 1324.78 2850 
12800 72.7909 1336.15 2910 
12900 72.7909 1360.46 2940 
13000 72.7909 1384.17 3000 
13100 72.7909 1396.44 2910 
13200 72.7909 1407.15 2940 
13300 72.7909 1420.23 2790 
13400 72.7909 1437.01 2910 
13500 72.7909 1447.61 2820 
13600 72.7909 1460.45 2910 
13700 72.7909 1475.75 2820 
13800 72.7909 1485.76 2790 
13900 72.7909 1507.54 2790 
14000 72.7909 1515.36 2910 
14100 72.7909 1521.91 2940 
14200 72.7909 1523.28 2880 
14300 72.7909 1528.6 2940 
14400 72.7909 1537.99 2910 
14500 72.7909 1555.54 2880 
14600 72.7909 1568 2850 
14700 72.7909 1572.68 2880 
14800 72.7909 1581.08 2820 
14900 72.7909 1620.46 2970 
15000 72.7909 1640.67 2970 
15100 72.7909 1649.34 2970 
15200 72.7909 1668.4 2880 
15300 72.7909 1647.97 2790 
15400 72.7909 1625.98 2880 
15500 72.7909 1613.09 2910 
15600 72.7909 1602.39 2940 
15700 72.7909 1602.06 2940 
15800 72.7909 1602.13 2940 
15900 72.7909 1602.49 2880 
16000 72.7909 1608.65 2850 
16100 72.7909 1613.86 2880 
16200 72.7909 1623.03 2790 
16300 72.7909 1632.58 2760 
16400 72.7909 1642.15 2970 
16500 72.7909 1646.59 2970 
16600 72.7909 1656.33 3000 
16700 72.7909 1668.6 2940 
16800 72.7909 1680.42 2910 
16900 72.7909 1696.84 3000 
17000 72.7909 1709.88 2910 
17100 72.7909 1719.61 2970 
17200 72.7909 1728.55 3000 
17300 72.7909 1737.34 2970 
17400 72.7909 1746.05 2940 
17500 72.7909 1756.1 2970 
17600 72.7909 1766.59 3000 
17700 72.7909 1776.17 2850 
17800 72.7909 1783.05 2910 
17900 72.7909 1797.15 3000 
18000 72.7909 1818.89 2940 
18100 72.7909 1838.52 3000 
18200 72.7909 1860.57 2940 
18300 72.7909 1870.37 2880 
18400 72.7909 1887.07 2940 
18500 72.7909 1907.36 2940 
18600 72.7909 1932.01 2820 
18700 72.7909 1954.81 2850 
18800 72.7909 1961.51 2940 
18900 72.7909 1972.32 2970 
19000 72.7909 1982.24 3000 
19100 72.7909 1990.28 3000 
19200 72.7909 1999.73 2970 
19300 72.7909 2009.86 2940 
19400 72.7909 2019.79 2760 
19500 72.7909 2034.66 2940 
19600 72.7909 2044.85 2910 
19700 72.7909 2054.86 2970 
19800 72.7909 2061.65 3000 
19900 72.7909 2070 2940 
20000 72.7909 2079.85 2910 
20100 72.7909 2091.9 2940 
20200 72.7909 2102.79 2880 
20300 72.7909 2111.64 2730 
20400 72.7909 2120.77 3000 
20500 72.7909 2132.67 2970 
20600 72.7909 2140.97 2730 
20700 72.7909 2151.75 2910 
20800 72.7909 2165.67 2940 
20900 72.7909 2177.64 2910 
21000 72.7909 2189.29 2940 
21100 72.7909 2203 2970 
21200 72.7909 2215.6 2940 
21300 72.7909 2225.08 2850 
21400 72.7909 2237.23 2850 
21500 72.7909 2249.17 2850 
21600 72.7909 2260.43 2850 
21700 72.7909 2273.59 2850 
21800 72.7909 2287.34 2880 
21900 72.7909 2303.95 3000 
22000 72.7909 2317 2910 
22100 72.7909 2329.35 2970 
22200 72.7909 2341.96 2940 
22300 72.7909 2358.2 2820 
22400 72.7909 2374.26 2940 
22500 72.7909 2391.36 2940 
22600 72.7909 2405.91 2940 
22700 72.7909 2414.71 2940 
22800 72.7909 2425.23 2910 
22900 72.7909 2437.59 2850 
23000 72.7909 2452.74 2970 
23100 72.7909 2462.12 3000 
23200 72.7909 2471.47 3000 
23300 72.7909 2479.9 2940 
23400 72.7909 2487.72 2910 
23500 72.7909 2502.66 2970 
23600 72.7909 2515.87 2940 
23700 72.7909 2527.32 2880 
23800 72.7909 2536.81 3000 
23900 72.7909 2545.61 2940 
24000 72.7909 2555.58 2970 
24100 72.7909 2567.46 2820 
24200 72.7909 2576.6 2910 
24300 72.7909 2585.72 2850 
24400 72.7909 2597.4 3000 
24500 72.7909 2608.18 3000 
24600 72.7909 2619.66 2940 
24700 72.7909 2631.26 2910 
24800 72.7909 2642.26 2910 
24900 72.7909 2653.22 2970 
25000 72.7909 2664.26 2940 
25100 72.7909 2675.12 2940 
25200 72.7909 2690.53 2910 
25300 72.7909 2701.41 2910 
25400 72.7909 2713.5 3000 
25500 72.7909 2722.81 2940 
25600 72.7909 2732.91 2910 
25700 72.7909 2743.07 2970 
25800 72.7909 2754.14 2970 
25900 72.7909 2763.78 2910 
26000 72.7909 2772.82 2910 
26100 72.7909 2784.25 2850 
26200 72.7909 2795.58 2910 
26300 72.7909 2807.59 2910 
26400 72.7909 2819.91 2970 
26500 72.7909 2829.59 2970 
26600 72.7909 2838.41 2970 
26700 72.7909 2847.12 2940 
26800 72.7909 2855.62 2880 
26900 72.7909 2866.58 2910 
27000 72.7909 2874.41 2910 
27100 72.7909 2884.82 3000 
27200 72.7909 2893.38 2940 
27300 72.7909 2904.07 2910 
27400 72.7909 2915.28 2940 
27500 72.7909 2925.19 3000 
27600 72.7909 2936.18 2910 
27700 72.7909 2950.92 2850 
27800 72.7909 2962.3 2970 
27900 72.7909 2969.55 2970 
28000 72.7909 2980.08 2940 
28100 72.7909 2997.88 2940 
28200 72.7909 3012.15 2970 
28300 72.7909 3018 2970 
28400 72.7909 3029.99 3000 
28500 72.7909 3045.47 2970 
28600 72.7909 3077.78 3000 
28700 72.7909 3102.25 2880 
28800 72.7909 3116.38 2910 
28900 72.7909 3131.11 2820 
29000 72.7909 3142.84 2940 
29100 72.7909 3153.35 2910 
29200 72.7909 3162.69 2940 
29300 72.7909 3167.33 2970 
29400 72.7909 3174.36 2910 
29500 72.7909 3183.96 2970 
29600 72.7909 3191.79 2850 
29700 72.7909 3199.19 2880 
29800 72.7909 3208.96 3000 
29900 72.7909 3217.42 3000 
30000 72.7909 3226.23 2940 
30100 72.7909 3235.48 3000 
30200 72.7909 3242.58 3000 
30300 72.7909 3251.16 2940 
30400 72.7909 3259.58 2970 
30500 72.7909 3268.53 2970 
30600 72.7909 3275.71 2910 
30700 72.7909 3285.47 2940 
30800 72.7909 3296.22 2940 
30900 72.7909 3309.4 3000 
31000 72.7909 3324.36 2730 
31100 72.7909 3342.03 2880 
31200 72.7909 3360.94 2760 
31300 72.7909 3385.17 2970 
31400 72.7909 3403.86 3000 
31500 72.7909 3419.13 2970 
31600 72.7909 3428.71 2910 
31700 72.7909 3449.73 2970 
31800 72.7909 3459.13 2940 
31900 72.7909 3460.98 2910 
32000 72.7909 3464.99 2970 
32100 72.7909 3476.41 2790 
32200 72.7909 3495.36 3000 
32300 72.7909 3511.07 3000 
32400 72.7909 3525.82 3000 
32500 72.7909 3537.06 2940 
32600 72.7909 3552.42 2880 
32700 72.7909 3573.64 2910 
32800 72.7909 3594.31 3000 
32900 72.7909 3616.79 3000 
33000 72.7909 3627.5 3000 
33100 72.7909 3642.39 2850 
33200 72.7909 3651.91 2940 
33300 72.7909 3659 2970 
33400 72.7909 3661.27 2970 
33500 72.7909 3671.51 2760 
33600 72.7909 3684.66 2970 
33700 72.7909 3696.27 2970 
33800 72.7909 3708.33 2970 
33900 72.7909 3726.61 2940 
34000 72.7909 3735.48 2880 
34100 72.7909 3757.1 2880 
34200 72.7909 3771.23 2940 
34300 72.7909 3781.28 2970 
34400 72.7909 3790.75 2820 
34500 72.7909 3806.45 2940 
34600 72.7909 3814.38 2910 
34700 72.7909 3824.69 2940 
34800 72.7909 3833.52 2940 
34900 72.7909 3843.32 2820 
35000 72.7909 3866.29 2940 
35100 72.7909 3878.19 2940 
35200 72.7909 3899.04 2970 
35300 72.7909 3913.72 2910 
35400 72.7909 3924.12 2970 
35500 72.7909 3933.67 2970 
35600 72.7909 3943.64 2940 
35700 72.7909 3957.13 2940 
35800 72.7909 3966.37 2940 
35900 72.7909 3982.65 2910 
36000 72.7909 3996.97 2970 
36100 72.7909 4008.59 2940 
36200 72.7909 4025.78 2910 
36300 72.7909 4048.38 2970 
36400 72.7909 4059.73 2790 
36500 72.7909 4074.93 2910 
36600 72.7909 4101.38 2970 
36700 72.7909 4117.41 3000 
36800 72.7909 4129.89 2940 
36900 72.7909 4137.85 2850 
37000 72.7909 4147.17 2940 
37100 72.7909 4161.79 3000 
37200 72.7909 4174.8 3000 
37300 72.7909 4192.79 2940 
37400 72.7909 4206.9 2970 
37500 72.7909 4216.72 2880 
37600 72.7909 4227.99 2970 
37700 72.7909 4238.88 2820 
37800 72.7909 4256.26 2940 
37900 72.7909 4267.21 2940 
38000 72.7909 4276.61 2940 
38100 72.7909 4284.92 3000 
38200 72.7909 4292.25 2970 
38300 72.7909 4303.58 2970 
38400 72.7909 4312.73 2910 
38500 72.7909 4321.81 2970 
38600 72.7909 4329.9 2910 
38700 72.7909 4340.35 2970 
38800 72.7909 4349.95 2910 
38900 72.7909 4359.22 3000 
39000 72.7909 4376.58 2970 
39100 72.7909 4397.69 2910 
39200 72.7909 4409.67 2940 
39300 72.7909 4418.07 3000 
39400 72.7909 4428.12 2940 
39500 72.7909 4432.3 2820 
39600 72.7909 4432.92 2850 
39700 72.7909 4433.73 2880 
39800 72.7909 4434.58 2880 
39900 72.7909 4434.36 2820 
40000 72.7909 4434.92 2850 
40100 72.7909 4436.13 2850 
40200 72.7909 4435.88 2850 
40300 72.7909 4436.31 2880 
40400 72.7909 4441.2 2940 
40500 72.7909 4442.96 2910 
40600 72.7909 4441.41 2850 
40700 72.7909 4440.62 2820 
40800 72.7909 4442.61 2940 
40900 72.7909 4444.49 2970 
41000 72.7909 4443.4 2970 
41100 72.7909 4442.16 2970 
41200 72.7909 4447.58 2970 
41300 72.7909 4455.51 2970 
41400 72.7909 4464.53 2970 
41500 72.7909 4472.13 2850 
41600 72.7909 4479.72 2910 
41700 72.7909 4488.41 3000 
41800 72.7909 4496.01 2940 
41900 72.7909 4517.97 2940 
42000 72.7909 4546.74 2940 
42100 72.7909 4570.36 2910 
42200 72.7909 4591.36 2850 
42300 72.7909 4614.66 2970 
42400 72.7909 4626 2970 
42500 72.7909 4636.19 2940 
42600 72.7909 4646.87 2940 
42700 72.7909 4655.41 2970 
42800 72.7909 4665.68 2940 
42900 72.7909 4677.84 2970 
43000 72.7909 4689.89 2970 
43100 72.7909 4704.24 2940 
43200 72.7909 4715.55 2850 
43300 72.7909 4731.41 3000 
43400 72.7909 4742.8 2820 
43500 72.7909 4757.14 2790 
43600 72.7909 4769.18 2910 
43700 72.7909 4784.39 2940 
43800 72.7909 4797.46 2940 
43900 72.7909 4808.99 2880 
44000 72.7909 4817.81 2850 
44100 72.7909 4831.86 2910 
44200 72.7909 4844.42 2910 
44300 72.7909 4856.7 2970 
44400 72.7909 4867.54 2940 
44500 72.7909 4877.23 2970 
44600 72.7909 4885.82 2940 
44700 72.7909 4893.16 2910 
44800 72.7909 4903.34 2940 
44900 72.7909 4910.15 2910 
45000 72.7909 4917.18 2970 
45100 72.7909 4926.57 2940 
45200 72.7909 4942.47 2940 
45300 72.7909 4951.31 2940 
45400 72.7909 4963.79 2880 
45500 72.7909 4978.37 2970 
45600 72.7909 4996.05 2910 
45700 72.7909 5007.85 3000 
45800 72.7909 5018.08 2940 
45900 72.7909 5026.24 2940 
46000 72.7909 5035.92 3000 
46100 72.7909 5044.29 2970 
46200 72.7909 5052.48 2910 
46300 72.7909 5062.83 2940 
46400 72.7909 5070.16 3000 
46500 72.7909 5079.25 2880 
46600 72.7909 5091.22 2910 
46700 72.7909 5100.35 2850 
46800 72.7909 5114.64 2910 
46900 72.7909 5126.13 2970 
47000 72.7909 5135.41 2940 
47100 72.7909 5141.91 3000 
47200 72.7909 5152.33 2970 
47300 72.7909 5158.07 2820 
47400 72.7909 5165.63 2790 
47500 72.7909 5175.18 2940 
47600 72.7909 5182.45 2730 
47700 72.7909 5192.97 2790 
47800 72.7909 5207.18 2970 
47900 72.7909 5225.32 2910 
48000 72.7909 5236.66 3000 
48100 72.7909 5244.16 2970 
48200 72.7909 5253.45 2940 
48300 72.7909 5263.61 2940 
48400 72.7909 5278.05 2940 
48500 72.7909 5294.32 2940 
48600 72.7909 5305.1 2880 
48700 72.7909 5312.33 2880 
48800 72.7909 5318.5 2880 
48900 72.7909 5325.69 2910 
49000 72.7909 5332.99 2790 
49100 72.7909 5339.76 2940 
49200 72.7909 5345.03 3000 
49300 72.7909 5350.51 2910 
49400 72.7909 5356.9 2970 
49500 72.7909 5362.95 2970 
49600 72.7909 5368.86 2970 
49700 72.7909 5374.1 3000 
49800 72.7909 5380.36 3000 
49900 72.7909 5384.73 2970 
50000 72.7909 5388.93 2940 
50100 72.7909 5393.74 3000 
50200 72.7909 5398.38 3000 
50300 72.7909 5403.8 2940 
50400 72.7909 5408.04 2970 
50500 72.7909 5413.24 2970 
50600 72.7909 5417.85 2850 
50700 72.7909 5424.8 2820 
50800 72.7909 5431.94 2850 
50900 72.7909 5441.67 2910 
51000 72.7909 5454.37 3000 
51100 72.7909 5464.48 2790 
51200 72.7909 5473.77 2970 
51300 72.7909 5484.76 2850 
51400 72.7909 5493.78 2940 
51500 72.7909 5502.34 2850 
51600 72.7909 5513.79 2940 
51700 72.7909 5522.15 2850 
51800 72.7909 5530.65 2880 
51900 72.7909 5537.28 2790 
52000 72.7909 5544.67 2910 
52100 72.7909 5555.1 3000 
52200 72.7909 5563.3 2970 
52300 72.7909 5570.69 2880 
52400 72.7909 5578 2910 
52500 72.7909 5586.91 2970 
52600 72.7909 5597.63 2850 
52700 72.7909 5609.97 2910 
52800 72.7909 5623.75 2940 
52900 72.7909 5634.56 2880 
53000 72.7909 5646.3 2910 
53100 72.7909 5656.23 2910 
53200 72.7909 5664.44 2880 
53300 72.7909 5671.46 2970 
53400 72.7909 5677.55 2910 
53500 72.7909 5686.19 2880 
53600 72.7909 5696.7 3000 
53700 72.7909 5706.09 2910 
53800 72.7909 5716.64 2880 
53900 72.7909 5728.01 2940 
54000 72.7909 5739.92 2970 
54100 72.7909 5750.56 2880 
54200 72.7909 5759.46 2970 
54300 72.7909 5767.32 2940 
54400 72.7909 5774.26 2820 
54500 72.7909 5781.71 3000 
54600 72.7909 5788.2 2850 
54700 72.7909 5798.23 2970 
54800 72.7909 5805.88 3000 
54900 72.7909 5814.23 2880 
55000 72.7909 5821.52 2940 
55100 72.7909 5829.56 2880 
55200 72.7909 5835.74 2910 
55300 72.7909 5846.46 2910 
55400 72.7909 5853.82 2940 
55500 72.7909 5865.34 2970 
55600 72.7909 5875.65 2970 
55700 72.7909 5886.69 2970 
55800 72.7909 5895.52 2970 
55900 72.7909 5902.2 3000 
56000 72.7909 5911.49 2940 
56100 72.7909 5920.43 2910 
56200 72.7909 5931.93 2940 
56300 72.7909 5945.59 2940 
56400 72.7909 5958.97 2970 
56500 72.7909 5966.41 2970 
56600 72.7909 5973.09 2880 
56700 72.7909 5981.31 2970 
56800 72.7909 5985.53 2970 
56900 72.7909 5993.66 2820 
57000 72.7909 6003.97 3000 
57100 72.7909 6011.15 2910 
57200 72.7909 6018.92 2940 
57300 72.7909 6024.8 3000 
57400 72.7909 6032.65 2940 
57500 72.7909 6038.65 2970 
57600 72.7909 6041.47 2910 
57700 72.7909 6049.04 3000 
57800 72.7909 6057.42 2910 
57900 72.7909 6065.92 2940 
58000 72.7909 6071.56 2880 
58100 72.7909 6086.08 2940 
58200 72.7909 6094.79 2940 
58300 72.7909 6102.94 2880 
58400 72.7909 6110.27 2910 
58500 72.7909 6115.79 2940 
58600 72.7909 6123.29 2940 
58700 72.7909 6130.56 2850 
58800 72.7909 6136.78 2910 
58900 72.7909 6143.19 2970 
59000 72.7909 6150.92 2910 
59100 72.7909 6158.53 3000 
59200 72.7909 6164.95 3000 
59300 72.7909 6170.46 2970 
59400 72.7909 6174.91 2940 
59500 72.7909 6180.15 2970 
59600 72.7909 6187.34 2970 
59700 72.7909 6198.35 2940 
59800 72.7909 6209.7 2940 
59900 72.7909 6217.73 2880 
60000 72.7909 6224.16 2910 
60100 72.7909 6231.85 2820 
60200 72.7909 6240.82 2970 
60300 72.7909 6252.56 2940 
60400 72.7909 6262.62 2910 
60500 72.7909 6271.16 2940 
60600 72.7909 6280.87 2910 
60700 72.7909 6290.66 3000 
60800 72.7909 6295.91 2970 
60900 72.7909 6301 2910 
61000 72.7909 6307.76 2970 
61100 72.7909 6315.12 2970 
61200 72.7909 6324.72 2940 
61300 72.7909 6338.05 2970 
61400 72.7909 6347.42 2970 
61500 72.7909 6357.76 2940 
61600 72.7909 6365.07 2880 
61700 72.7909 6372.58 2970 
61800 72.7909 6376.65 2880 
61900 72.7909 6381.31 2910 
62000 72.7909 6391.18 2880 
62100 72.7909 6399.13 2880 
62200 72.7909 6409.99 2880 
62300 72.7909 6416.54 3000 
62400 72.7909 6425.02 2910 
62500 72.7909 6430.63 2850 
62600 72.7909 6436.99 2880 
62700 72.7909 6442.39 2970 
62800 72.7909 6450.37 2970 
62900 72.7909 6456.59 2910 
63000 72.7909 6466.83 2910 
63100 72.7909 6474.33 2970 
63200 72.7909 6479.1 2940 
63300 72.7909 6485.57 2910 
63400 72.7909 6490.49 3000 
63500 72.7909 6495 2850 
63600 72.7909 6501.05 2880 
63700 72.7909 6507.31 2880 
63800 72.7909 6514.13 2970 
63900 72.7909 6520.26 2850 
64000 72.7909 6526.94 2790 
64100 72.7909 6535.88 2850 
64200 72.7909 6544.12 2940 
64300 72.7909 6555.74 2760 
64400 72.7909 6564.01 2970 
64500 72.7909 6573.24 3000 
64600 72.7909 6580.43 2940 
64700 72.7909 6588.11 2850 
64800 72.7909 6595.13 2820 
64900 72.7909 6603.22 3000 
65000 72.7909 6612.36 2910 
65100 72.7909 6621.71 2970 
65200 72.7909 6631.4 2880 
65300 72.7909 6641.07 2910 
65400 72.7909 6649.53 2970 
65500 72.7909 6662.06 2910 
65600 72.7909 6677.88 2940 
65700 72.7909 6682.46 2910 
65800 72.7909 6687.03 2940 
65900 72.7909 6692.78 2820 
66000 72.7909 6703.13 2850 
66100 72.7909 6708.45 2910 
66200 72.7909 6715.39 2940 
66300 72.7909 6721.39 3000 
66400 72.7909 6729.91 3000 
66500 72.7909 6737.88 2880 
66600 72.7909 6742.88 2880 
66700 72.7909 6750.12 2820 
66800 72.7909 6754.62 2940 
66900 72.7909 6761.54 2790 
67000 72.7909 6771.19 2820 
67100 72.7909 6780.85 2760 
67200 72.7909 6790.99 2940 
67300 72.7909 6800.39 2970 
67400 72.7909 6810.82 2940 
67500 72.7909 6820.39 2970 
67600 72.7909 6830.45 2790 
67700 72.7909 6840.87 2910 
67800 72.7909 6850.23 2910 
67900 72.7909 6858.08 2940 
68000 72.7909 6866.36 2940 
68100 72.7909 6874.57 2940 
68200 72.7909 6881.42 2970 
68300 72.7909 6889.26 2880 
68400 72.7909 6895.65 2910 
68500 72.7909 6902.58 2970 
68600 72.7909 6909.74 2940 
68700 72.7909 6916.37 2970 
68800 72.7909 6922.59 3000 
68900 72.7909 6929.18 2910 
69000 72.7909 6935.89 2880 
69100 72.7909 6943.54 2820 
69200 72.7909 6950.93 2910 
69300 72.7909 6958.33 2940 
69400 72.7909 6964.71 2940 
69500 72.7909 6972.22 2880 
69600 72.7909 6978.86 2910 
69700 72.7909 6984.81 2880 
69800 72.7909 6991.94 2910 
69900 72.7909 7000.02 2880 
70000 72.7909 7007.63 3000 
70100 72.7909 7017.92 3000 
70200 72.7909 7028.53 2880 
70300 72.7909 7037.19 2820 
70400 72.7909 7047.53 3000 
70500 72.7909 7053.49 2790 
70600 72.7909 7065.64 2910 
70700 72.7909 7074.51 2910 
70800 72.7909 7082.68 2910 
70900 72.7909 7090.9 2940 
71000 72.7909 7098.75 2850 
71100 72.7909 7107.44 2940 
71200 72.7909 7115.4 2970 
71300 72.7909 7123.29 2940 
71400 72.7909 7130.67 2940 
71500 72.7909 7136.3 2850 
71600 72.7909 7145.6 2880 
71700 72.7909 7157.67 2880 
71800 72.7909 7169.4 2820 
71900 72.7909 7177.59 2790 
72000 72.7909 7184.27 2850 
72100 72.7909 7191.23 2910 
72200 72.7909 7200.78 2910 
72300 72.7909 7207.62 2760 
72400 72.7909 7217.48 2880 
72500 72.7909 7229.91 2820 
72600 72.7909 7238.78 2760 
72700 72.7909 7249.62 2970 
72800 72.7909 7263.7 2880 
72900 72.7909 7273.51 2820 
73000 72.7909 7279.85 2820 
73100 72.7909 7287.87 2850 
73200 72.7909 7301.94 2970 
73300 72.7909 7311.02 2970 
73400 72.7909 7320.36 2850 
73500 72.7909 7323.53 2910 
73600 72.7909 7330.31 3000 
73700 72.7909 7336.29 2880 
73800 72.7909 7346.78 2940 
73900 72.7909 7355.58 3000 
74000 72.7909 7363.84 2970 
74100 72.7909 7370.29 2880 
74200 72.7909 7377.96 3000 
74300 72.7909 7386.5 2880 
74400 72.7909 7396.49 2820 
74500 72.7909 7409.8 2940 
74600 72.7909 7419.74 2970 
74700 72.7909 7427.29 2940 
74800 72.7909 7432.49 2850 
74900 72.7909 7444.16 2670 
75000 72.7909 7452.22 2820 
75100 72.7909 7460.2 2910 
75200 72.7909 7462.12 2910 
75300 72.7909 7464.2 2970 
75400 72.7909 7472.35 3000 
75500 72.7909 7473.25 2910 
75600 72.7909 7475.71 2910 
75700 72.7909 7482.72 2940 
75800 72.7909 7485.82 2850 
75900 72.7909 7486.11 2880 
76000 72.7909 7483.3 2970 
76100 72.7909 7482.05 2940 
76200 72.7909 7489.03 2940 
76300 72.7909 7489.78 2940 
76400 72.7909 7493.67 2970 
76500 72.7909 7500.26 3000 
76600 72.7909 7504.18 3000 
76700 72.7909 7509.77 2940 
76800 72.7909 7515.32 3000 
76900 72.7909 7522.06 2910 
77000 72.7909 7530.05 2970 
77100 72.7909 7535.84 2910 
77200 72.7909 7542.87 2820 
77300 72.7909 7550.14 2880 
77400 72.7909 7558.61 2910 
77500 72.7909 7565.48 2880 
77600 72.7909 7573.04 2970 
77700 72.7909 7581.02 2940 
77800 72.7909 7587.35 3000 
77900 72.7909 7593.48 2940 
78000 72.7909 7600.35 3000 
78100 72.7909 7607.32 2880 
78200 72.7909 7613.42 2850 
78300 72.7909 7620.27 2820 
78400 72.7909 7624.23 2910 
78500 72.7909 7629.91 2910 
78600 72.7909 7636.58 2970 
78700 72.7909 7642.17 3000 
78800 72.7909 7648.64 2910 
78900 72.7909 7654.35 2940 
79000 72.7909 7660.83 3000 
79100 72.7909 7666.14 2940 
79200 72.7909 7671.01 2880 
79300 72.7909 7676.04 2880 
79400 72.7909 7680.53 2880 
79500 72.7909 7686.23 2910 
79600 72.7909 7690.41 2820 
79700 72.7909 7697.9 2970 
79800 72.7909 7705.26 3000 
79900 72.7909 7713.92 2970 
80000 72.7909 7722.84 2940 
80100 72.7909 7729.84 2970 
80200 72.7909 7738.92 2970 
80300 72.7909 7748.04 2940 
80400 72.7909 7755.38 2970 
80500 72.7909 7762.9 2970 
80600 72.7909 7771.4 2940 
80700 72.7909 7778.97 2910 
80800 72.7909 7784.22 2970 
80900 72.7909 7789.54 2940 
81000 72.7909 7795.37 2940 
81100 72.7909 7800.01 2940 
81200 72.7909 7806.69 2880 
81300 72.7909 7812.33 2910 
81400 72.7909 7819.28 2910 
81500 72.7909 7826.65 3000 
81600 72.7909 7830.91 2910 
81700 72.7909 7834.85 2880 
81800 72.7909 7841.15 2880 
81900 72.7909 7849.28 2940 
82000 72.7909 7855.97 2850 
82100 72.7909 7862.95 2850 
82200 72.7909 7874.83 2910 
82300 72.7909 7885.98 3000 
82400 72.7909 7893.99 2970 
82500 72.7909 7901.93 2850 
82600 72.7909 7909.76 2970 
82700 72.7909 7916.71 2820 
82800 72.7909 7927.63 2910 
82900 72.7909 7937.11 2940 
83000 72.7909 7944.18 2910 
83100 72.7909 7951.5 2940 
83200 72.7909 7957.98 2880 
83300 72.7909 7966.04 2970 
83400 72.7909 7973.02 2940 
83500 72.7909 7982.35 2940 
83600 72.7909 7990.05 2970 
83700 72.7909 7996.47 2880 
83800 72.7909 8001.49 2850 
83900 72.7909 8011.21 2910 
84000 72.7909 8032.6 2910 
84100 72.7909 8052.04 2940 
84200 72.7909 8071.74 2970 
84300 72.7909 8078.26 3000 
84400 72.7909 8086.81 2940 
84500 72.7909 8095 2940 
84600 72.7909 8104.72 2820 
84700 72.7909 8112.96 2880 
84800 72.7909 8122.8 2910 
84900 72.7909 8131.04 2970 
85000 72.7909 8139.12 2910 
85100 72.7909 8143.89 2820 
85200 72.7909 8148.92 2670 
85300 72.7909 8156.59 2730 
85400 72.7909 8165.37 2760 
85500 72.7909 8177.64 2880 
85600 72.7909 8184.64 2910 
85700 72.7909 8194.45 3000 
85800 72.7909 8203.98 3000 
85900 72.7909 8212.95 2940 
86000 72.7909 8218.49 2940 
86100 72.7909 8223.27 2850 
86200 72.7909 8228.9 2970 
86300 72.7909 8234.33 2910 
86400 72.7909 8239.37 3000 
86500 72.7909 8242.62 2880 
86600 72.7909 8247.61 2970 
86700 72.7909 8251.85 2820 
86800 72.7909 8258.7 2970 
86900 72.7909 8263.86 2910 
87000 72.7909 8268.13 2940 
87100 72.7909 8273 2820 
87200 72.7909 8276.52 2940 
87300 72.7909 8281.17 2970 
87400 72.7909 8286.75 2850 
87500 72.7909 8291.53 2970 
87600 72.7909 8295.91 2970 
87700 72.7909 8301.18 2910 
87800 72.7909 8307.36 2910 
87900 72.7909 8314.07 2940 
88000 72.7909 8323.7 3000 
88100 72.7909 8331.9 3000 
88200 72.7909 8342.19 3000 
88300 72.7909 8348.45 2910 
88400 72.7909 8354.85 2850 
88500 72.7909 8361.96 2970 
88600 72.7909 8367.71 3000 
88700 72.7909 8372 3000 
88800 72.7909 8377.24 2910 
88900 72.7909 8381.91 2940 
89000 72.7909 8387 2850 
89100 72.7909 8390.7 2910 
89200 72.7909 8399.66 2910 
89300 72.7909 8406.89 3000 
89400 72.7909 8414.43 2880 
89500 72.7909 8419.95 2910 
89600 72.7909 8426.62 2850 
89700 72.7909 8433.98 3000 
89800 72.7909 8438.79 2940 
89900 72.7909 8444.77 2910 
90000 72.7909 8451.04 2940 
90100 72.7909 8457.03 2940 
90200 72.7909 8460.52 2910 
90300 72.7909 8465.33 2940 
90400 72.7909 8470.52 2970 
90500 72.7909 8476.65 2850 
90600 72.7909 8482.22 2940 
90700 72.7909 8487.33 2910 
90800 72.7909 8493.48 2910 
90900 72.7909 8499.3 3000 
91000 72.7909 8505.96 2940 
91100 72.7909 8512.49 2940 
91200 72.7909 8519.11 3000 
91300 72.7909 8524.26 2970 
91400 72.7909 8531.83 2940 
91500 72.7909 8541 2970 
91600 72.7909 8546.34 2880 
91700 72.7909 8552.88 2910 
91800 72.7909 8562.53 2970 
91900 72.7909 8573.29 2970 
92000 72.7909 8582.88 3000 
92100 72.7909 8589.45 2970 
92200 72.7909 8595.78 2940 
92300 72.7909 8601.79 2940 
92400 72.7909 8605.32 2790 
92500 72.7909 8610.01 2910 
92600 72.7909 8614.16 2910 
92700 72.7909 8621.03 2880 
92800 72.7909 8624.58 2940 
92900 72.7909 8628.47 3000 
93000 72.7909 8632.69 2940 
93100 72.7909 8636.79 2970 
93200 72.7909 8641.89 2940 
93300 72.7909 8647.92 2940 
93400 72.7909 8653.16 2910 
93500 72.7909 8659.01 2880 
93600 72.7909 8664.36 2790 
93700 72.7909 8669.15 2850 
93800 72.7909 8674.36 2880 
93900 72.7909 8681.44 2820 
94000 72.7909 8688.61 2970 
94100 72.7909 8693.17 2970 
94200 72.7909 8700.86 3000 
94300 72.7909 8706.53 2880 
94400 72.7909 8710.88 2880 
94500 72.7909 8716.07 3000 
94600 72.7909 8723.35 2880 
94700 72.7909 8727.66 2910 
94800 72.7909 8733.22 2970 
94900 72.7909 8739.88 2970 
95000 72.7909 8745 2970 
95100 72.7909 8752.07 2910 
95200 72.7909 8757.9 2970 
95300 72.7909 8763.59 2850 
95400 72.7909 8770.57 3000 
95500 72.7909 8777.33 2880 
95600 72.7909 8785.22 2790 
95700 72.7909 8790.89 2790 
95800 72.7909 8796.56 2880 
95900 72.7909 8801.63 2910 
96000 72.7909 8807.25 2970 
96100 72.7909 8812.19 2850 
96200 72.7909 8815.85 2970 
96300 72.7909 8820.56 2970 
96400 72.7909 8824.81 2940 
96500 72.7909 8829.83 2790 
96600 72.7909 8834.65 2970 
96700 72.7909 8838.44 2910 
96800 72.7909 8842.58 2940 
96900 72.7909 8847.05 2910 
97000 72.7909 8852.99 2940 
97100 72.7909 8855.86 2850 
97200 72.7909 8859.69 2970 
97300 72.7909 8866.28 2970 
97400 72.7909 8872.34 2970 
97500 72.7909 8878.98 2940 
97600 72.7909 8886.88 2910 
97700 72.7909 8895.78 2850 
97800 72.7909 8904.66 2880 
97900 72.7909 8912.92 2880 
98000 72.7909 8925.1 2940 
98100 72.7909 8936.38 2910 
98200 72.7909 8945.67 2970 
98300 72.7909 8954.36 2970 
98400 72.7909 8966.91 2940 
98500 72.7909 8977.05 2970 
98600 72.7909 8986.62 2700 
98700 72.7909 8984.42 2910 
98800 72.7909 8985.82 2880 
98900 72.7909 8990.39 2940 
99000 72.7909 8994.01 2940 
99100 72.7909 8997.44 2880 
99200 72.7909 9002.58 2940 
99300 72.7909 9007.39 2970 
99400 72.7909 9013.63 2970 
99500 72.7909 9019.85 3000 
99600 72.7909 9024.41 2910 
99700 72.7909 9030.33 2940 
99800 72.7909 9034.92 2880 
99900 72.7909 9040.33 3000 
100000 72.7909 9045.04 2940 
100100 72.7909 9048.9 3000 
100200 72.7909 9053.27 2970 
100300 72.7909 9057.97 2880 
100400 72.7909 9063.25 2910 
100500 72.7909 9069.57 2910 
100600 72.7909 9077.04 3000 
100700 72.7909 9082.88 2910 
100800 72.7909 9090.05 2910 
100900 72.7909 9096.03 2850 
101000 72.7909 9100.42 2880 
101100 72.7909 9103.69 2910 
101200 72.7909 9107.79 2940 
101300 72.7909 9114.68 2850 
101400 72.7909 9124.31 2910 
101500 72.7909 9131.53 2970 
101600 72.7909 9137.31 2910 
101700 72.7909 9142.27 3000 
101800 72.7909 9147.07 2970 
101900 72.7909 9154.3 3000 
102000 72.7909 9161.23 2880 
102100 72.7909 9167.24 2940 
102200 72.7909 9174.29 2940 
102300 72.7909 9180.33 2910 
102400 72.7909 9184.39 2790 
102500 72.7909 9190.26 2910 
102600 72.7909 9197.45 2940 
102700 72.7909 9203.26 2910 
102800 72.7909 9209.89 2970 
102900 72.7909 9216.16 3000 
103000 72.7909 9222.15 2880 
103100 72.7909 9228.58 2970 
103200 72.7909 9234.17 2820 
103300 72.7909 9239.96 2910 
103400 72.7909 9245.06 2940 
103500 72.7909 9250.49 2970 
103600 72.7909 9255.11 2820 
103700 72.7909 9259.41 2910 
103800 72.7909 9264.72 3000 
103900 72.7909 9270.77 2880 
104000 72.7909 9276.23 2850 
104100 72.7909 9283.85 2970 
104200 72.7909 9291.28 2940 
104300 72.7909 9298.06 3000 
104400 72.7909 9303.7 2970 
104500 72.7909 9309.38 2970 
104600 72.7909 9315.25 2880 
104700 72.7909 9321.84 2790 
104800 72.7909 9328.03 2850 
104900 72.7909 9335.82 3000 
105000 72.7909 9341.53 2940 
105100 72.7909 9348.87 3000 
105200 72.7909 9354.08 2940 
105300 72.7909 9362.48 2940 
105400 72.7909 9369.26 2940 
105500 72.7909 9378.33 3000 
105600 72.7909 9384.77 2850 
105700 72.7909 9390.42 2970 
105800 72.7909 9395.64 2940 
105900 72.7909 9402.59 2970 
106000 72.7909 9409.2 2820 
106100 72.7909 9416.13 2820 
106200 72.7909 9423.68 2940 
106300 72.7909 9428.58 2850 
106400 72.7909 9434.72 2910 
106500 72.7909 9443.2 2880 
106600 72.7909 9450.66 2880 
106700 72.7909 9458.53 2970 
106800 72.7909 9465.23 2790 
106900 72.7909 9475.54 2880 
107000 72.7909 9481.67 2880 
107100 72.7909 9490.33 2850 
107200 72.7909 9499.9 2910 
107300 72.7909 9511.44 2940 
107400 72.7909 9519.84 2970 
107500 72.7909 9528.28 2970 
107600 72.7909 9534.47 2940 
107700 72.7909 9541.79 2940 
107800 72.7909 9548.66 2940 
107900 72.7909 9552.83 2910 
108000 72.7909 9557.74 2970 
108100 72.7909 9561.66 2880 
108200 72.7909 9565.66 2970 
108300 72.7909 9569.05 2940 
108400 72.7909 9572.53 2970 
108500 72.7909 9576.97 2910 
108600 72.7909 9583.09 2940 
108700 72.7909 9586.41 2730 
108800 72.7909 9591.7 2970 
108900 72.7909 9599.65 2940 
109000 72.7909 9605.41 2940 
109100 72.7909 9611.41 2850 
109200 72.7909 9617.16 2910 
109300 72.7909 9624.19 2970 
109400 72.7909 9631.73 2940 
109500 72.7909 9637.59 2970 
109600 72.7909 9643.28 2910 
109700 72.7909 9649.54 3000 
109800 72.7909 9657.29 3000 
109900 72.7909 9664.55 3000 
110000 72.7909 9669.9 2970 
110100 72.7909 9674.99 2820 
110200 72.7909 9680.79 2940 
110300 72.7909 9687.3 2850 
110400 72.7909 9694.01 2850 
110500 72.7909 9700.98 2790 
110600 72.7909 9706.69 2940 
110700 72.7909 9712.86 2940 
110800 72.7909 9720.84 2910 
110900 72.7909 9728.18 2850 
111000 72.7909 9733.03 2910 
111100 72.7909 9739.14 2850 
111200 72.7909 9745.51 3000 
111300 72.7909 9752.31 2940 
111400 72.7909 9759.55 2910 
111500 72.7909 9765.58 2940 
111600 72.7909 9773.24 2910 
111700 72.7909 9779.3 2970 
111800 72.7909 9785.97 2970 
111900 72.7909 9790.33 2910 
112000 72.7909 9795.76 2850 
112100 72.7909 9803.49 2940 
112200 72.7909 9813.29 2910 
112300 72.7909 9823.78 2970 
112400 72.7909 9829.76 2940 
112500 72.7909 9839.32 2970 
112600 72.7909 9847.43 2880 
112700 72.7909 9854.19 2880 
112800 72.7909 9861.11 2850 
112900 72.7909 9870.06 2850 
113000 72.7909 9876.95 2970 
113100 72.7909 9883.83 3000 
113200 72.7909 9889.34 2940 
113300 72.7909 9895.99 2940 
113400 72.7909 9901.64 3000 
113500 72.7909 9907.54 2940 
113600 72.7909 9914.25 2910 
113700 72.7909 9921.55 2910 
113800 72.7909 9928.05 2910 
113900 72.7909 9935.77 2970 
114000 72.7909 9941.02 2940 
114100 72.7909 9948.46 2970 
114200 72.7909 9954.13 2760 
114300 72.7909 9960.1 2910 
114400 72.7909 9967.2 2970 
114500 72.7909 9975.6 3000 
114600 72.7909 9982.58 3000 
114700 72.7909 9989.81 2970 
114800 72.7909 9996.11 2970 
114900 72.7909 10001.1 2940 
115000 72.7909 10006.4 2880 
115100 72.7909 10012.1 2910 
115200 72.7909 10018.1 2940 
115300 72.7909 10023.7 3000 
115400 72.7909 10028.6 2940 
115500 72.7909 10035.1 2970 
115600 72.7909 10040.7 2970 
115700 72.7909 10047 2880 
115800 72.7909 10052.9 2970 
115900 72.7909 10058.3 2940 
116000 72.7909 10063.7 2940 
116100 72.7909 10069.8 2940 
116200 72.7909 10075.8 2910 
116300 72.7909 10083.5 2970 
116400 72.7909 10090.5 2940 
116500 72.7909 10096.2 2880 
116600 72.7909 10102 3000 
116700 72.7909 10106.3 2850 
116800 72.7909 10112.6 2940 
116900 72.7909 10118.5 2970 
117000 72.7909 10124.5 2970 
117100 72.7909 10130.7 2880 
117200 72.7909 10139.4 3000 
117300 72.7909 10145.5 2970 
117400 72.7909 10151.2 2850 
117500 72.7909 10155.9 2940 
117600 72.7909 10162.2 2970 
117700 72.7909 10167.1 2940 
117800 72.7909 10172.6 2850 
117900 72.7909 10178.5 2940 
118000 72.7909 10184.6 3000 
118100 72.7909 10190.2 2940 
118200 72.7909 10196.5 2880 
118300 72.7909 10203.4 2970 
118400 72.7909 10210.7 2970 
118500 72.7909 10216.6 2940 
118600 72.7909 10221.9 2970 
118700 72.7909 10227.1 2970 
118800 72.7909 10233.6 3000 
118900 72.7909 10241 2940 
119000 72.7909 10246.2 3000 
119100 72.7909 10252.7 3000 
119200 72.7909 10259.7 2970 
119300 72.7909 10266.3 2850 
119400 72.7909 10273.1 2910 
119500 72.7909 10279.3 2970 
119600 72.7909 10287.8 3000 
119700 72.7909 10293.5 2940 
119800 72.7909 10298.2 2940 
119900 72.7909 10303.4 2850 
120000 72.7909 10308.8 2820 
120100 72.7909 10314.8 2880 
120200 72.7909 10322.4 2910 
120300 72.7909 10329.4 3000 
120400 72.7909 10334.2 2820 
120500 72.7909 10339.4 2940 
120600 72.7909 10344.7 2850 
120700 72.7909 10348.9 2940 
120800 72.7909 10354.8 2850 
120900 72.7909 10359.8 2820 
121000 72.7909 10366.4 2970 
121100 72.7909 10371.6 2910 
121200 72.7909 10379.8 2940 
121300 72.7909 10387 2850 
121400 72.7909 10393 2880 
121500 72.7909 10399.2 2820 
121600 72.7909 10405.3 2760 
121700 72.7909 10410.9 2880 
121800 72.7909 10416.4 2940 
121900 72.7909 10421.4 2820 
122000 72.7909 10429.9 2940 
122100 72.7909 10437.8 2970 
122200 72.7909 10446.4 2970 
122300 72.7909 10453.3 2970 
122400 72.7909 10461.3 2970 
122500 72.7909 10467.6 2910 
122600 72.7909 10471.9 2850 
122700 72.7909 10477.8 2910 
122800 72.7909 10482.6 2850 
122900 72.7909 10487.2 2940 
123000 72.7909 10493.1 2910 
123100 72.7909 10499.4 2940 
123200 72.7909 10504.8 2940 
123300 72.7909 10511.4 2970 
123400 72.7909 10517.8 2880 
123500 72.7909 10523.8 3000 
123600 72.7909 10530.4 2910 
123700 72.7909 10535.1 2790 
123800 72.7909 10541.3 2910 
123900 72.7909 10547.6 2910 
124000 72.7909 10554.2 2970 
124100 72.7909 10560.4 2910 
124200 72.7909 10568 2970 
124300 72.7909 10574.6 2880 
124400 72.7909 10579.9 2730 
124500 72.7909 10586.9 2820 
124600 72.7909 10594.5 2910 
124700 72.7909 10601.1 2940 
124800 72.7909 10609.2 2970 
124900 72.7909 10614.7 2910 
125000 72.7909 10620.9 2910 
125100 72.7909 10625.7 2880 
125200 72.7909 10632.5 2910 
125300 72.7909 10637.8 2880 
125400 72.7909 10648.4 3000 
125500 72.7909 10654.9 2970 
125600 72.7909 10659.9 2880 
125700 72.7909 10666.9 3000 
125800 72.7909 10675.4 2880 
125900 72.7909 10680.9 2880 
126000 72.7909 10691.6 3000 
126100 72.7909 10700.4 3000 
126200 72.7909 10707.9 2970 
126300 72.7909 10714.4 2910 
126400 72.7909 10719.8 3000 
126500 72.7909 10725.1 3000 
126600 72.7909 10731.3 2910 
126700 72.7909 10736.7 2940 
126800 72.7909 10743.8 2880 
126900 72.7909 10749.2 2730 
127000 72.7909 10758 2970 
127100 72.7909 10764 2910 
127200 72.7909 10770.5 2880 
127300 72.7909 10778.3 2940 
127400 72.7909 10785.2 2970 
127500 72.7909 10791.7 2850 
127600 72.7909 10798.3 2970 
127700 72.7909 10805.4 2940 
127800 72.7909 10811.7 2880 
127900 72.7909 10818.4 3000 
128000 72.7909 10826.9 2910 
128100 72.7909 10835.7 2760 
128200 72.7909 10843.6 2940 
128300 72.7909 10849.8 2970 
128400 72.7909 10855.8 2910 
128500 72.7909 10862.9 2610 
128600 72.7909 10871.7 2820 
128700 72.7909 10880.8 2820 
128800 72.7909 10891.1 2880 
128900 72.7909 10900.1 2850 
129000 72.7909 10909.5 3000 
129100 72.7909 10917.5 2910 
129200 72.7909 10924 2970 
129300 72.7909 10926.9 2910 
129400 72.7909 10931.4 2970 
129500 72.7909 10939.8 2970 
129600 72.7909 10951.9 2940 
129700 72.7909 10963.3 2850 
129800 72.7909 10975.9 2880 
129900 72.7909 10986.8 2790 
130000 72.7909 11013.8 2910 
130100 72.7909 11025.9 2850 
130200 72.7909 11049.5 2970 
130300 72.7909 11062.9 2850 
130400 72.7909 11073.9 2910 
130500 72.7909 11082.9 2850 
130600 72.7909 11090.3 3000 
130700 72.7909 11097.5 2880 
130800 72.7909 11103.6 2970 
130900 72.7909 11109.3 2940 
131000 72.7909 11115.7 2970 
131100 72.7909 11121.7 2910 
131200 72.7909 11128 2970 
131300 72.7909 11134.1 2910 
131400 72.7909 11143.9 3000 
131500 72.7909 11154.9 2940 
131600 72.7909 11166.3 2970 
131700 72.7909 11180 2910 
131800 72.7909 11193.2 2940 
131900 72.7909 11207.6 2880 
132000 72.7909 11216.1 2970 
132100 72.7909 11225.6 2820 
132200 72.7909 11232.8 2880 
132300 72.7909 11240.4 2970 
132400 72.7909 11247.6 2940 
132500 72.7909 11253.5 2970 
132600 72.7909 11259.2 2970 
132700 72.7909 11265.3 3000 
132800 72.7909 11270.7 3000 
132900 72.7909 11281.4 2970 
133000 72.7909 11298.5 2970 
133100 72.7909 11310.7 2910 
133200 72.7909 11325.2 2880 
133300 72.7909 11335.8 2940 
133400 72.7909 11344.4 2940 
133500 72.7909 11352.2 2940 
133600 72.7909 11360.9 2940 
133700 72.7909 11367.3 2970 
133800 72.7909 11373.7 2970 
133900 72.7909 11380.7 2850 
134000 72.7909 11389.8 3000 
134100 72.7909 11395.7 2970 
134200 72.7909 11401.4 2910 
134300 72.7909 11408.5 2910 
134400 72.7909 11415 2970 
134500 72.7909 11420.7 2880 
134600 72.7909 11427.3 2910 
134700 72.7909 11435.6 2910 
134800 72.7909 11447.7 2940 
134900 72.7909 11456.7 2940 
135000 72.7909 11468.9 2850 
135100 72.7909 11475.2 2790 
135200 72.7909 11484 2880 
135300 72.7909 11492.1 2880 
135400 72.7909 11500.5 2910 
135500 72.7909 11510.1 2940 
135600 72.7909 11516.4 2850 
135700 72.7909 11523.6 2880 
135800 72.7909 11529.4 2970 
135900 72.7909 11535.4 2970 
136000 72.7909 11541.4 2850 
136100 72.7909 11546.5 2760 
136200 72.7909 11553 2940 
136300 72.7909 11558.5 2940 
136400 72.7909 11563.8 2940 
136500 72.7909 11570.6 2850 
136600 72.7909 11581 2910 
136700 72.7909 11599.2 2880 
136800 72.7909 11612.3 2790 
136900 72.7909 11630.5 2940 
137000 72.7909 11644.3 2880 
137100 72.7909 11657.6 3000 
137200 72.7909 11664.8 2940 
137300 72.7909 11675.2 2970 
137400 72.7909 11683.2 2820 
137500 72.7909 11692.1 2910 
137600 72.7909 11698.8 2940 
137700 72.7909 11707 3000 
137800 72.7909 11716.2 2910 
137900 72.7909 11728 2910 
138000 72.7909 11742.3 2910 
138100 72.7909 11755.9 2940 
138200 72.7909 11765.5 2940 
138300 72.7909 11774.5 2850 
138400 72.7909 11784 2910 
138500 72.7909 11791.4 2880 
138600 72.7909 11799.9 2970 
138700 72.7909 11808.2 2970 
138800 72.7909 11816.4 2970 
138900 72.7909 11826 2940 
139000 72.7909 11836.1 2940 
139100 72.7909 11845.8 2850 
139200 72.7909 11861.3 2970 
139300 72.7909 11873.4 2940 
139400 72.7909 11885.1 2970 
139500 72.7909 11894.4 2940 
139600 72.7909 11904.6 2910 
139700 72.7909 11915.2 2880 
139800 72.7909 11927.1 2910 
139900 72.7909 11938 2940 
140000 72.7909 11949.9 2970 
140100 72.7909 11957.2 2940 
140200 72.7909 11964.8 2910 
140300 72.7909 11973.6 2910 
140400 72.7909 11984.3 2820 
140500 72.7909 11995.4 2970 
140600 72.7909 12007.1 2730 
140700 72.7909 12016.2 2910 
140800 72.7909 12022.5 2820 
140900 72.7909 12030.6 3000 
141000 72.7909 12040.1 2940 
141100 72.7909 12048 2790 
141200 72.7909 12058.7 2880 
141300 72.7909 12076.1 2910 
141400 72.7909 12088.4 2970 
141500 72.7909 12101.2 3000 
141600 72.7909 12109.8 2790 
141700 72.7909 12121.7 2820 
141800 72.7909 12135.5 3000 
141900 72.7909 12147.7 2910 
142000 72.7909 12160.5 3000 
142100 72.7909 12178.8 2940 
142200 72.7909 12192.7 2940 
142300 72.7909 12203.8 2910 
142400 72.7909 12215.9 2970 
142500 72.7909 12228.4 2970 
142600 72.7909 12243.6 2940 
142700 72.7909 12255.9 2940 
142800 72.7909 12265.3 2880 
142900 72.7909 12276.4 2910 
143000 72.7909 12285.9 2940 
143100 72.7909 12293.8 2970 
143200 72.7909 12301.9 2910 
143300 72.7909 12310.2 2910 
143400 72.7909 12320.2 2910 
143500 72.7909 12332.6 2910 
143600 72.7909 12346.2 2880 
143700 72.7909 12356.8 2970 
143800 72.7909 12370.4 2910 
143900 72.7909 12383.7 2880 
144000 72.7909 12396.3 2730 
144100 72.7909 12413.9 2970 
144200 72.7909 12428.4 2850 
144300 72.7909 12444 2940 
144400 72.7909 12454.1 3000 
144500 72.7909 12463.7 2970 
144600 72.7909 12476.4 2880 
144700 72.7909 12485.9 2910 
144800 72.7909 12495.7 2940 
144900 72.7909 12505.1 2910 
145000 72.7909 12516.4 2940 
145100 72.7909 12526.8 2940 
145200 72.7909 12535.6 3000 
145300 72.7909 12542.4 3000 
145400 72.7909 12549.5 2910 
145500 72.7909 12558.1 2940 
145600 72.7909 12568.6 3000 
145700 72.7909 12578.3 2970 
145800 72.7909 12588.8 3000 
145900 72.7909 12600.8 2940 
146000 72.7909 12609.7 3000 
146100 72.7909 12618.5 3000 
146200 72.7909 12626.5 2970 
146300 72.7909 12635.7 2940 
146400 72.7909 12648.4 2940 
146500 72.7909 12657.2 2880 
146600 72.7909 12667.6 2970 
146700 72.7909 12676.9 2910 
146800 72.7909 12686.1 2910 
146900 72.7909 12696.8 2880 
147000 72.7909 12714.3 2970 
147100 72.7909 12732.3 3000 
147200 72.7909 12754.1 2850 
147300 72.7909 12768.1 2940 
147400 72.7909 12777.3 2940 
147500 72.7909 12787 2970 
147600 72.7909 12796.1 2970 
147700 72.7909 12804.2 2970 
147800 72.7909 12815.6 2940 
147900 72.7909 12824.7 3000 
148000 72.7909 12833.4 3000 
148100 72.7909 12843.1 2970 
148200 72.7909 12853.4 2880 
148300 72.7909 12865.5 2970 
148400 72.7909 12875.2 2940 
148500 72.7909 12887.2 2910 
148600 72.7909 12896.1 3000 
148700 72.7909 12904.3 3000 
148800 72.7909 12912.9 2970 
148900 72.7909 12925.5 3000 
149000 72.7909 12935.6 2970 
149100 72.7909 12944.8 3000 
149200 72.7909 12954.3 2910 
149300 72.7909 12962.4 2760 
149400 72.7909 12972 2640 
149500 72.7909 12983.8 2970 
149600 72.7909 12994.9 2910 
149700 72.7909 13004.5 2790 
149800 72.7909 13015.8 2790 
149900 72.7909 13025.2 2970 
150000 72.7909 13033.4 3000 
150100 72.7909 13042.6 2970 
150200 72.7909 13051.3 3000 
150300 72.7909 13060.6 2910 
150400 72.7909 13068.6 2970 
150500 72.7909 13076.5 2820 
150600 72.7909 13085.8 3000 
150700 72.7909 13095.1 3000 
150800 72.7909 13102.7 2820 
150900 72.7909 13113.4 2820 
151000 72.7909 13135.7 2940 
151100 72.7909 13157.6 2790 
151200 72.7909 13178.5 2940 
151300 72.7909 13188.5 2910 
151400 72.7909 13199.4 2970 
151500 72.7909 13203.5 2760 
151600 72.7909 13208.4 2730 
151700 72.7909 13219.2 2820 
151800 72.7909 13233.2 2850 
151900 72.7909 13246.3 2880 
152000 72.7909 13258.8 2910 
152100 72.7909 13278.2 2880 
152200 72.7909 13290.6 2880 
152300 72.7909 13298.3 2850 
152400 72.7909 13308.6 2880 
152500 72.7909 13318.4 2970 
152600 72.7909 13328 2970 
152700 72.7909 13337.2 2910 
152800 72.7909 13346.5 2910 
152900 72.7909 13354.7 2910 
153000 72.7909 13365.5 2970 
153100 72.7909 13376.5 2970 
153200 72.7909 13393.2 2910 
153300 72.7909 13411.1 2970 
153400 72.7909 13420.2 2970 
153500 72.7909 13428 2940 
153600 72.7909 13437.2 2940 
153700 72.7909 13445.5 2910 
153800 72.7909 13454 3000 
153900 72.7909 13461.2 2880 
154000 72.7909 13468.1 3000 
154100 72.7909 13476.2 2940 
154200 72.7909 13485 2970 
154300 72.7909 13496.8 2910 
154400 72.7909 13505.7 2850 
154500 72.7909 13519.5 2910 
154600 72.7909 13533.2 2850 
154700 72.7909 13545.9 2850 
154800 72.7909 13554.7 2940 
154900 72.7909 13565.8 2970 
155000 72.7909 13575.7 2940 
155100 72.7909 13584.7 2940 
155200 72.7909 13590.9 2910 
155300 72.7909 13596.4 2940 
155400 72.7909 13605 2970 
155500 72.7909 13614.9 2820 
155600 72.7909 13622 2730 
155700 72.7909 13629.8 2790 
155800 72.7909 13644.9 2820 
155900 72.7909 13664.8 3000 
156000 72.7909 13673.6 2880 
156100 72.7909 13686.6 2970 
156200 72.7909 13702.9 2970 
156300 72.7909 13721.9 2820 
156400 72.7909 13746.4 2850 
156500 72.7909 13760.2 2880 
156600 72.7909 13774.8 2970 
156700 72.7909 13797.3 2940 
156800 72.7909 13808.6 2880 
156900 72.7909 13818.1 2850 
157000 72.7909 13830.3 2970 
157100 72.7909 13844.2 2940 
157200 72.7909 13850.8 3000 
157300 72.7909 13857.1 2820 
157400 72.7909 13866.3 2910 
157500 72.7909 13874.2 2970 
157600 72.7909 13882.9 2970 
157700 72.7909 13892.2 2910 
157800 72.7909 13900.5 2970 
157900 72.7909 13909.3 2820 
158000 72.7909 13919.5 2970 
158100 72.7909 13928.9 2940 
158200 72.7909 13942.7 2940 
158300 72.7909 13955.5 2940 
158400 72.7909 13972.1 3000 
158500 72.7909 13986.8 2940 
158600 72.7909 14000.6 2910 
158700 72.7909 14009.4 2970 
158800 72.7909 14018.4 2970 
158900 72.7909 14027.3 2970 
159000 72.7909 14035.4 2880 
159100 72.7909 14046.4 2910 
159200 72.7909 14055.8 2790 
159300 72.7909 14067 2940 
159400 72.7909 14073.9 2910 
159500 72.7909 14086.6 2970 
159600 72.7909 14101.1 2850 
159700 72.7909 14107.4 2910 
159800 72.7909 14115 2940 
159900 72.7909 14119.9 2940 
160000 72.7909 14125.8 2970 
160100 72.7909 14138.1 2880 
160200 72.7909 14148.2 2940 
160300 72.7909 14158.5 2970 
160400 72.7909 14165.1 3000 
160500 72.7909 14171.4 2910 
160600 72.7909 14180.4 2940 
160700 72.7909 14187.4 3000 
160800 72.7909 14197.3 2940 
160900 72.7909 14205.6 3000 
161000 72.7909 14212.5 2970 
161100 72.7909 14218.5 2910 
161200 72.7909 14226.5 2940 
161300 72.7909 14233.5 2880 
161400 72.7909 14239.7 2970 
161500 72.7909 14248.4 2940 
161600 72.7909 14257.3 2880 
161700 72.7909 14267.4 2910 
161800 72.7909 14274.7 2970 
161900 72.7909 14286.5 2880 
162000 72.7909 14297.2 2940 
162100 72.7909 14308.1 2970 
162200 72.7909 14321.7 2940 
162300 72.7909 14332.7 3000 
162400 72.7909 14343.3 3000 
162500 72.7909 14350.7 2970 
162600 72.7909 14357.3 2940 
162700 72.7909 14364.6 3000 
162800 72.7909 14375.5 3000 
162900 72.7909 14383.2 2970 
163000 72.7909 14386.2 2820 
163100 72.7909 14396.7 2910 
163200 72.7909 14409.9 2880 
163300 72.7909 14421.2 3000 
163400 72.7909 14426.1 2910 
163500 72.7909 14440.5 2940 
163600 72.7909 14457.2 2970 
163700 72.7909 14473.6 2910 
163800 72.7909 14488.4 2880 
163900 72.7909 14505.8 2910 
164000 72.7909 14524.8 2820 
164100 72.7909 14533 2820 
164200 72.7909 14546.7 2820 
164300 72.7909 14560.3 2970 
164400 72.7909 14577.7 2940 
164500 72.7909 14592.9 2940 
164600 72.7909 14608.7 2940 
164700 72.7909 14618.3 2820 
164800 72.7909 14626.5 2970 
164900 72.7909 14636.1 2820 
165000 72.7909 14644.6 2820 
165100 72.7909 14653.8 2940 
165200 72.7909 14662.8 2850 
165300 72.7909 14673 2940 
165400 72.7909 14679.8 2940 
165500 72.7909 14686.1 2910 
165600 72.7909 14695.2 2910 
165700 72.7909 14705.3 2940 
165800 72.7909 14715.7 2940 
165900 72.7909 14726 2790 
166000 72.7909 14747.5 2880 
166100 72.7909 14768.1 2760 
166200 72.7909 14792.6 2970 
166300 72.7909 14811.3 2970 
166400 72.7909 14822.3 2850 
166500 72.7909 14836.2 2910 
166600 72.7909 14849.4 2910 
166700 72.7909 14860.2 2880 
166800 72.7909 14871.4 2850 
166900 72.7909 14881.4 2910 
167000 72.7909 14895.3 2910 
167100 72.7909 14905.4 2940 
167200 72.7909 14913.7 2790 
167300 72.7909 14930 2880 
167400 72.7909 14943.5 3000 
167500 72.7909 14961.2 2970 
167600 72.7909 14975.8 2910 
167700 72.7909 14980.2 3000 
167800 72.7909 14985.7 2790 
167900 72.7909 14987 2760 
168000 72.7909 15009.8 2940 
168100 72.7909 15038.3 2940 
168200 72.7909 15062.3 2940 
168300 72.7909 15077 2970 
168400 72.7909 15086.6 3000 
168500 72.7909 15096.3 2820 
168600 72.7909 15119.5 2910 
168700 72.7909 15135.6 2970 
168800 72.7909 15147.8 2910 
168900 72.7909 15162.1 2970 
169000 72.7909 15177.1 2880 
169100 72.7909 15193 2910 
169200 72.7909 15203.5 2970 
169300 72.7909 15214.2 2940 
169400 72.7909 15225.3 2910 
169500 72.7909 15234.7 2970 
169600 72.7909 15243.2 2970 
169700 72.7909 15254.6 2910 
169800 72.7909 15265.9 2880 
169900 72.7909 15277.6 2880 
170000 72.7909 15290 2970 
170100 72.7909 15298.3 2970 
170200 72.7909 15304.6 2880 
170300 72.7909 15314.2 2940 
170400 72.7909 15322.3 2880 
170500 72.7909 15332.1 2850 
170600 72.7909 15342.1 2940 
170700 72.7909 15355.6 2970 
170800 72.7909 15367.9 2940 
170900 72.7909 15377.2 2940 
171000 72.7909 15385.4 2820 
171100 72.7909 15397.5 2850 
171200 72.7909 15408.9 2880 
171300 72.7909 15415.4 2970 
171400 72.7909 15431.9 2940 
171500 72.7909 15445.5 3000 
171600 72.7909 15453.1 2970 
171700 72.7909 15463.8 2880 
171800 72.7909 15476 2940 
171900 72.7909 15489.4 3000 
172000 72.7909 15510 2970 
172100 72.7909 15518.6 2940 
172200 72.7909 15528.2 2850 
172300 72.7909 15536 2910 
172400 72.7909 15539.4 2910 
172500 72.7909 15544.8 2880 
172600 72.7909 15551 3000 
172700 72.7909 15557.2 3000 
172800 72.7909 15565.7 2970 
172900 72.7909 15574.4 3000 
173000 72.7909 15579.9 3000 
173100 72.7909 15587.3 2970 
173200 72.7909 15594.3 2910 
173300 72.7909 15598.5 2850 
173400 72.7909 15602.6 2940 
173500 72.7909 15611.4 3000 
173600 72.7909 15618.8 3000 
173700 72.7909 15623.7 2880 
173800 72.7909 15634.5 2970 
173900 72.7909 15649 2850 
174000 72.7909 15665.5 2910 
174100 72.7909 15680.4 2760 
174200 72.7909 15696.9 2940 
174300 72.7909 15711 2940 
174400 72.7909 15721.2 2970 
174500 72.7909 15728.9 2970 
174600 72.7909 15738.1 2910 
174700 72.7909 15744.1 2910 
174800 72.7909 15752.1 2880 
174900 72.7909 15757.7 2850 
175000 72.7909 15766.3 2730 
175100 72.7909 15782.5 2880 
175200 72.7909 15791.8 2850 
175300 72.7909 15802.6 2970 
175400 72.7909 15812.9 2790 
175500 72.7909 15819.5 2940 
175600 72.7909 15825.6 2880 
175700 72.7909 15831.1 2880 
175800 72.7909 15839.6 2880 
175900 72.7909 15847.6 2880 
176000 72.7909 15853.1 2970 
176100 72.7909 15860.6 2940 
176200 72.7909 15866.7 2970 
176300 72.7909 15873.7 2910 
176400 72.7909 15879.7 2910 
176500 72.7909 15886.7 2970 
176600 72.7909 15894.4 2910 
176700 72.7909 15902.9 3000 
176800 72.7909 15916.2 2880 
176900 72.7909 15928.6 2970 
177000 72.7909 15938.4 2730 
177100 72.7909 15947.6 2730 
177200 72.7909 15961.7 2820 
177300 72.7909 15971.8 2970 
177400 72.7909 15981 3000 
177500 72.7909 15988.7 2970 
177600 72.7909 15994.7 2820 
177700 72.7909 16001.2 2880 
177800 72.7909 16008.6 2970 
177900 72.7909 16014.7 2880 
178000 72.7909 16021.7 2970 
178100 72.7909 16027.6 2940 
178200 72.7909 16033.5 2910 
178300 72.7909 16038.6 2910 
178400 72.7909 16043.3 2970 
178500 72.7909 16048.5 2880 
178600 72.7909 16055.3 2940 
178700 72.7909 16061.6 2880 
178800 72.7909 16067.5 2970 
178900 72.7909 16074.8 2970 
179000 72.7909 16081.1 2970 
179100 72.7909 16088.8 2940 
179200 72.7909 16093 2880 
179300 72.7909 16103.5 2970 
179400 72.7909 16111.7 2970 
179500 72.7909 16118.2 2940 
179600 72.7909 16127.7 2940 
179700 72.7909 16139.4 2970 
179800 72.7909 16153.4 2970 
179900 72.7909 16158.8 2940 
180000 72.7909 16170.3 2880 
180100 72.7909 16175.1 2880 
180200 72.7909 16187 2970 
180300 72.7909 16196.7 2970 
180400 72.7909 16207.1 2970 
180500 72.7909 16216.9 2970 
180600 72.7909 16227.5 2940 
180700 72.7909 16237.1 2970 
180800 72.7909 16244 2940 
180900 72.7909 16250.6 2940 
181000 72.7909 16259 2940 
181100 72.7909 16267.3 2940 
181200 72.7909 16274.4 2940 
181300 72.7909 16281.8 2850 
181400 72.7909 16292.4 2910 
181500 72.7909 16304.1 3000 
181600 72.7909 16312.1 2970 
181700 72.7909 16320.1 2940 
181800 72.7909 16328.6 2940 
181900 72.7909 16335.2 3000 
182000 72.7909 16342 2970 
182100 72.7909 16349.5 2970 
182200 72.7909 16355.9 2940 
182300 72.7909 16362.9 2970 
182400 72.7909 16367.8 2880 
182500 72.7909 16375.5 2970 
182600 72.7909 16382.2 2940 
182700 72.7909 16389 2880 
182800 72.7909 16395.7 2970 
182900 72.7909 16405.9 2760 
183000 72.7909 16414.7 2880 
183100 72.7909 16426.7 2970 
183200 72.7909 16437.2 2910 
183300 72.7909 16445.9 2940 
183400 72.7909 16454.5 3000 
183500 72.7909 16463.3 2880 
183600 72.7909 16472.4 2970 
183700 72.7909 16480 2970 
183800 72.7909 16488.5 2970 
183900 72.7909 16495.6 3000 
184000 72.7909 16501.7 2880 
184100 72.7909 16508.9 3000 
184200 72.7909 16516.2 2820 
184300 72.7909 16524.1 2970 
184400 72.7909 16532.7 2940 
184500 72.7909 16541.4 2940 
184600 72.7909 16549.7 2910 
184700 72.7909 16557.2 2910 
184800 72.7909 16569.1 2910 
184900 72.7909 16580 2970 
185000 72.7909 16590.1 2940 
185100 72.7909 16599 2910 
185200 72.7909 16606.2 2940 
185300 72.7909 16614.7 2970 
185400 72.7909 16622.6 2970 
185500 72.7909 16631.3 2970 
185600 72.7909 16639.1 2910 
185700 72.7909 16647.9 2970 
185800 72.7909 16657.5 2970 
185900 72.7909 16665.4 2880 
186000 72.7909 16671.9 3000 
186100 72.7909 16681.8 2940 
186200 72.7909 16694.7 2970 
186300 72.7909 16706.7 2910 
186400 72.7909 16718.2 2910 
186500 72.7909 16728.5 2910 
186600 72.7909 16737.7 2940 
186700 72.7909 16746.5 3000 
186800 72.7909 16757.5 2910 
186900 72.7909 16765 2940 
187000 72.7909 16774.1 2880 
187100 72.7909 16781.9 2940 
187200 72.7909 16788.8 2910 
187300 72.7909 16797.3 2880 
187400 72.7909 16807.3 2970 
187500 72.7909 16815.7 2970 
187600 72.7909 16821.2 2880 
187700 72.7909 16829.8 2940 
187800 72.7909 16839.2 3000 
187900 72.7909 16846.7 3000 
188000 72.7909 16853.4 2940 
188100 72.7909 16862.9 2910 
188200 72.7909 16875.2 2970 
188300 72.7909 16886.8 2970 
188400 72.7909 16895.1 2940 
188500 72.7909 16905.6 2850 
188600 72.7909 16915.5 2910 
188700 72.7909 16924.5 2910 
188800 72.7909 16933.1 2970 
188900 72.7909 16941 2970 
189000 72.7909 16950 2940 
189100 72.7909 16959 2940 
189200 72.7909 16969.8 2910 
189300 72.7909 16978.4 2790 
189400 72.7909 16992 2910 
189500 72.7909 17003.8 2970 
189600 72.7909 17016.1 3000 
189700 72.7909 17024 3000 
189800 72.7909 17030.8 2940 
189900 72.7909 17039.6 2970 
190000 72.7909 17047.4 2970 
190100 72.7909 17053.2 2760 
190200 72.7909 17064.1 2910 
190300 72.7909 17074.6 2850 
190400 72.7909 17087.6 2820 
190500 72.7909 17097.1 2880 
190600 72.7909 17108.8 2940 
190700 72.7909 17124 3000 
190800 72.7909 17135.1 3000 
190900 72.7909 17144.7 2730 
191000 72.7909 17154.4 2880 
191100 72.7909 17165.1 3000 
191200 72.7909 17174.9 3000 
191300 72.7909 17185.1 2880 
191400 72.7909 17194.5 2940 
191500 72.7909 17202 2820 
191600 72.7909 17210.1 2910 
191700 72.7909 17220.4 3000 
191800 72.7909 17232.8 2940 
191900 72.7909 17244.2 2970 
192000 72.7909 17253.3 2910 
192100 72.7909 17263.4 2880 
192200 72.7909 17273.5 2910 
192300 72.7909 17284.4 2940 
192400 72.7909 17292.9 2940 
192500 72.7909 17301.5 2910 
192600 72.7909 17313 3000 
192700 72.7909 17324.9 3000 
192800 72.7909 17337.8 2970 
192900 72.7909 17347.5 2790 
193000 72.7909 17360.4 2880 
193100 72.7909 17376.1 2790 
193200 72.7909 17390.6 2790 
193300 72.7909 17407.2 2880 
193400 72.7909 17419.8 2970 
193500 72.7909 17435.6 2970 
193600 72.7909 17446.5 2910 
193700 72.7909 17458.7 2970 
193800 72.7909 17480.4 2970 
193900 72.7909 17510.8 3000 
194000 72.7909 17532.6 2970 
194100 72.7909 17542.9 2910 
194200 72.7909 17554 2820 
194300 72.7909 17570.2 2970 
194400 72.7909 17583.3 2850 
194500 72.7909 17595.9 2940 
194600 72.7909 17606.1 2910 
194700 72.7909 17624.4 2850 
194800 72.7909 17645.1 2940 
194900 72.7909 17656.4 2910 
195000 72.7909 17669.4 2850 
195100 72.7909 17684.5 3000 
195200 72.7909 17702.8 2970 
195300 72.7909 17718.5 2850 
195400 72.7909 17731.5 2850 
195500 72.7909 17739.6 2970 
195600 72.7909 17750.6 2940 
195700 72.7909 17758 2850 
195800 72.7909 17770 2760 
195900 72.7909 17787.2 2880 
196000 72.7909 17803.1 2940 
196100 72.7909 17816 2940 
196200 72.7909 17826 2880 
196300 72.7909 17839.6 2970 
196400 72.7909 17850.2 3000 
196500 72.7909 17861.3 2940 
196600 72.7909 17869.5 2940 
196700 72.7909 17880.7 2970 
196800 72.7909 17891.2 2940 
196900 72.7909 17898 2940 
197000 72.7909 17907.9 2880 
197100 72.7909 17917.9 2820 
197200 72.7909 17926.7 2730 
197300 72.7909 17935.2 2820 
197400 72.7909 17947.4 3000 
197500 72.7909 17957.6 2940 
197600 72.7909 17969.9 3000 
197700 72.7909 17976.9 2940 
197800 72.7909 17988.8 2940 
197900 72.7909 17999.4 3000 
198000 72.7909 18006.5 2880 
198100 72.7909 18015.3 2880 
198200 72.7909 18022.4 3000 
198300 72.7909 18032.1 2910 
198400 72.7909 18040.9 2880 
198500 72.7909 18048.5 2880 
198600 72.7909 18058.6 2910 
198700 72.7909 18066 2910 
198800 72.7909 18074.3 2940 
198900 72.7909 18081.4 2850 
199000 72.7909 18091.7 2910 
199100 72.7909 18102.1 3000 
199200 72.7909 18109.5 2940 
199300 72.7909 18118.5 2850 
199400 72.7909 18128.3 2940 
199500 72.7909 18134.9 2880 
199600 72.7909 18142.9 2910 
199700 72.7909 18151.3 2970 
199800 72.7909 18156.8 3000 
199900 72.7909 18163.6 2970 
200000 72.7909 18172 2910 
