# Avida tasks data
# Thu Apr 13 14:45:20 2023
# First column gives the current update, next columns give the number
# of organisms that have the particular task as a component of their merit
#  1: Update
#  2: Not
#  3: Nand
#  4: And
#  5: OrNot
#  6: Or
#  7: AndNot
#  8: Nor
#  9: Xor
# 10: Equals

0 0 0 0 0 0 0 0 0 0 
100 0 0 0 0 0 0 0 0 0 
200 0 0 0 0 0 0 0 0 0 
300 0 0 0 0 0 0 0 0 0 
400 0 0 0 0 0 0 0 0 0 
500 0 0 0 0 0 0 0 0 0 
600 0 0 0 0 0 0 0 0 0 
700 0 0 0 0 0 0 0 0 0 
800 0 0 0 0 0 0 0 0 0 
900 0 0 0 0 0 0 0 0 0 
1000 0 0 0 0 0 0 0 0 0 
1100 0 0 0 0 0 0 0 0 0 
1200 0 0 0 0 0 0 0 0 0 
1300 0 0 0 0 0 0 0 0 0 
1400 0 0 0 0 0 0 0 0 0 
1500 0 0 0 0 0 0 0 0 0 
1600 0 0 0 0 0 0 0 0 0 
1700 0 0 0 0 0 0 0 0 0 
1800 0 0 0 0 0 0 0 0 0 
1900 0 0 0 0 0 0 0 0 0 
2000 0 0 0 0 0 0 0 0 0 
2100 7 0 0 0 0 0 0 0 0 
2200 3 0 0 0 0 0 0 0 0 
2300 0 0 0 0 0 0 0 0 0 
2400 17 0 0 0 0 0 0 0 0 
2500 18 0 0 0 0 0 0 0 0 
2600 28 0 0 0 0 0 0 0 0 
2700 15 0 0 0 0 0 0 0 0 
2800 27 0 0 0 0 0 0 0 0 
2900 74 0 0 0 0 0 0 0 0 
3000 92 0 0 0 0 0 0 0 0 
3100 91 0 0 0 0 0 0 0 0 
3200 86 0 0 0 0 0 0 0 0 
3300 87 0 0 0 0 0 0 0 0 
3400 96 0 0 0 0 0 0 0 0 
3500 90 0 0 0 0 0 0 0 0 
3600 85 0 0 0 0 0 0 0 0 
3700 94 1 0 0 0 0 0 0 0 
3800 94 0 0 0 0 0 0 0 0 
3900 96 0 0 0 0 0 0 0 0 
4000 95 0 0 0 0 0 0 0 0 
4100 96 0 0 0 0 0 0 0 0 
4200 97 2 0 0 0 0 0 0 0 
4300 95 0 0 0 0 0 0 0 0 
4400 98 38 0 0 0 0 0 0 0 
4500 100 85 0 0 0 0 0 0 0 
4600 81 92 0 0 0 0 0 0 0 
4700 83 93 0 0 0 0 0 0 0 
4800 77 98 0 0 0 0 0 0 0 
4900 57 95 0 0 0 0 0 0 0 
