# Avida tasks data
# Thu Apr 13 14:33:44 2023
# First column gives the current update, next columns give the number
# of organisms that have the particular task as a component of their merit
#  1: Update
#  2: Not
#  3: Nand
#  4: And
#  5: OrNot
#  6: Or
#  7: AndNot
#  8: Nor
#  9: Xor
# 10: Equals

0 0 0 0 0 0 0 0 0 0 
100 0 0 0 0 0 0 0 0 0 
200 0 0 0 0 0 0 0 0 0 
300 0 0 0 0 0 0 0 0 0 
400 0 0 0 0 0 0 0 0 0 
500 0 0 0 0 0 0 0 0 0 
600 0 0 0 0 0 0 0 0 0 
700 0 0 0 0 0 0 0 0 0 
800 0 0 0 0 0 0 0 0 0 
900 0 0 0 0 0 0 0 0 0 
1000 0 0 0 0 0 0 0 0 0 
1100 0 0 0 0 0 0 0 0 0 
1200 0 0 0 0 0 0 0 0 0 
1300 0 0 0 0 0 0 0 0 0 
1400 0 0 0 0 0 0 0 0 0 
1500 0 0 0 0 0 0 0 0 0 
1600 0 0 0 0 0 0 0 0 0 
1700 26 0 0 0 0 0 0 0 0 
1800 86 0 0 0 0 0 0 0 0 
1900 86 0 0 0 0 0 0 0 0 
2000 87 0 0 1 0 0 0 0 0 
2100 89 1 0 0 0 0 0 0 0 
2200 90 0 0 0 0 0 0 0 0 
2300 83 0 0 0 0 0 0 0 0 
2400 92 0 0 0 0 0 0 0 0 
2500 95 0 0 0 0 0 0 0 0 
2600 93 0 0 0 0 0 0 0 0 
2700 95 0 0 0 0 0 0 0 0 
2800 82 0 0 0 0 0 0 0 0 
2900 85 0 0 0 0 0 0 0 0 
3000 91 0 0 0 0 0 0 0 0 
3100 85 0 0 0 0 0 0 0 0 
3200 95 1 0 47 0 0 0 0 0 
3300 86 1 0 77 0 0 0 0 0 
3400 91 5 0 84 0 0 0 0 0 
3500 88 9 0 84 0 0 0 0 0 
3600 94 3 0 83 0 0 0 0 0 
3700 89 3 0 79 0 0 0 0 0 
3800 89 27 0 86 0 0 0 0 0 
3900 89 66 0 85 0 0 0 0 0 
4000 93 87 0 91 0 0 0 0 0 
4100 94 94 0 93 0 0 0 0 0 
4200 92 92 0 80 0 0 0 0 0 
4300 93 96 0 89 0 0 0 0 0 
4400 92 96 0 76 0 0 0 0 0 
4500 92 94 0 86 0 0 0 0 0 
4600 92 92 0 90 0 0 0 0 0 
4700 95 90 0 90 0 4 0 0 0 
4800 93 25 0 85 0 70 1 0 0 
4900 88 3 0 80 0 86 1 0 0 
5000 95 1 0 86 0 92 0 0 0 
5100 94 0 0 83 0 95 2 0 0 
5200 89 4 1 84 0 90 0 0 0 
5300 95 2 0 94 0 86 0 0 0 
5400 98 2 0 83 0 88 0 0 0 
5500 88 9 1 77 0 86 2 0 0 
5600 93 2 0 85 0 93 0 0 0 
5700 97 0 0 84 1 91 0 0 0 
5800 93 1 0 88 5 90 0 0 0 
5900 90 17 1 83 12 75 0 0 0 
6000 96 45 1 95 3 89 0 0 0 
6100 87 68 0 87 1 86 0 0 0 
6200 92 82 0 91 0 83 0 0 0 
6300 94 95 0 89 0 90 1 0 0 
6400 91 94 0 94 0 90 0 0 0 
6500 89 90 0 89 0 88 1 0 0 
6600 89 90 0 94 0 86 0 0 0 
6700 90 93 0 89 0 82 0 0 0 
6800 88 87 0 86 0 79 0 0 0 
6900 89 89 0 91 0 87 0 0 0 
7000 94 91 0 85 0 86 0 0 0 
7100 92 84 0 89 0 88 0 0 0 
7200 83 82 0 85 3 84 0 0 0 
7300 93 92 0 88 0 84 0 0 0 
7400 92 96 0 96 1 92 0 0 0 
7500 92 91 0 90 0 87 0 0 0 
7600 92 91 0 87 0 82 0 0 0 
7700 89 91 0 90 0 90 0 0 0 
7800 93 94 1 89 1 86 0 0 0 
7900 86 89 0 86 0 95 0 0 0 
8000 92 90 0 93 1 92 0 0 0 
8100 86 89 0 88 1 94 0 0 0 
8200 85 85 1 87 1 88 0 0 0 
8300 91 86 0 85 0 88 0 0 0 
8400 91 85 0 87 0 88 0 0 0 
8500 91 96 0 96 0 91 0 0 0 
8600 93 83 0 88 0 90 0 0 0 
8700 93 94 0 93 0 87 0 0 0 
8800 92 95 2 94 0 96 0 0 0 
8900 93 88 0 88 0 92 0 0 0 
9000 91 91 1 95 0 96 0 0 0 
9100 92 94 0 92 0 91 0 0 0 
9200 85 89 0 88 0 90 0 0 0 
9300 86 86 1 89 0 89 0 0 0 
9400 88 93 0 88 0 82 0 0 0 
9500 93 88 0 77 0 81 0 0 0 
9600 83 92 0 91 1 91 0 0 0 
9700 80 84 0 81 0 85 0 0 0 
9800 80 81 0 78 0 87 0 0 0 
9900 91 88 0 88 0 84 0 0 0 
10000 92 89 0 85 0 84 0 0 0 
