# Avida tasks data
# Thu Apr 13 14:31:03 2023
# First column gives the current update, next columns give the number
# of organisms that have the particular task as a component of their merit
#  1: Update
#  2: Not
#  3: Nand
#  4: And
#  5: OrNot
#  6: Or
#  7: AndNot
#  8: Nor
#  9: Xor
# 10: Equals

0 0 0 0 0 0 0 0 0 0 
100 0 0 0 0 0 0 0 0 0 
200 0 0 0 0 0 0 0 0 0 
300 0 0 0 0 0 0 0 0 0 
400 0 0 0 0 0 0 0 0 0 
500 0 0 0 0 0 0 0 0 0 
600 0 0 0 0 0 0 0 0 0 
700 0 0 0 0 0 0 0 0 0 
800 0 0 0 0 0 0 0 0 0 
900 0 0 0 0 0 0 0 0 0 
1000 0 0 0 0 0 0 0 0 0 
1100 0 0 0 0 0 0 0 0 0 
1200 0 0 0 0 0 0 0 0 0 
1300 0 2 0 0 0 0 0 0 0 
1400 0 0 0 0 0 0 0 0 0 
1500 0 0 0 0 0 0 0 0 0 
1600 0 0 0 0 0 0 0 0 0 
1700 0 0 0 0 0 0 0 0 0 
1800 0 0 0 0 0 0 0 0 0 
1900 0 0 0 0 0 0 0 0 0 
2000 0 0 0 0 0 0 0 0 0 
2100 0 0 0 0 0 0 0 0 0 
2200 0 0 0 0 0 0 0 0 0 
2300 0 0 0 0 0 0 0 0 0 
2400 0 0 0 0 0 0 0 0 0 
2500 0 0 0 0 0 0 0 0 0 
2600 0 0 0 0 0 0 0 0 0 
2700 0 0 0 0 0 0 0 0 0 
2800 0 0 0 0 0 0 0 0 0 
2900 0 0 0 0 0 0 0 0 0 
3000 0 0 0 0 0 0 0 0 0 
3100 0 0 0 0 0 0 0 0 0 
3200 0 0 0 0 0 0 0 0 0 
3300 0 0 0 0 0 0 0 0 0 
3400 0 0 0 0 0 0 0 0 0 
3500 0 4 0 0 0 0 0 0 0 
3600 0 11 0 0 0 0 0 0 0 
3700 0 38 0 0 0 0 0 0 0 
3800 0 74 0 0 0 0 0 0 0 
3900 0 79 0 0 0 0 0 0 0 
4000 0 73 0 13 0 0 0 0 0 
4100 1 27 0 62 0 0 0 0 0 
4200 2 17 0 70 0 0 0 0 0 
4300 3 7 0 84 0 0 0 0 0 
4400 0 1 0 92 0 0 0 0 0 
4500 3 4 0 79 0 0 0 0 0 
4600 6 2 0 86 0 0 0 0 0 
4700 4 5 0 86 0 0 0 0 0 
4800 6 4 0 88 0 0 0 0 0 
4900 0 0 0 95 0 0 0 0 0 
5000 2 0 0 89 0 0 0 0 0 
5100 0 0 0 91 0 0 0 0 0 
5200 0 1 0 90 0 0 0 0 0 
5300 1 6 0 86 0 0 0 0 0 
5400 17 2 0 88 0 4 0 0 0 
5500 46 2 0 93 0 4 0 0 0 
5600 66 0 0 85 0 5 0 0 0 
5700 87 2 0 87 0 0 0 0 0 
5800 86 2 0 91 0 0 0 0 0 
5900 85 1 0 93 0 5 0 0 0 
6000 79 6 0 89 0 4 0 0 0 
6100 81 1 0 91 0 6 0 0 0 
6200 92 0 0 91 0 5 0 0 0 
6300 88 5 0 91 0 5 0 0 0 
6400 89 31 0 89 0 2 0 0 0 
6500 82 52 0 91 0 0 0 0 0 
6600 82 83 0 88 0 0 0 0 0 
6700 85 87 0 91 0 0 0 0 0 
6800 83 92 0 93 0 0 0 0 0 
6900 84 91 0 93 0 0 0 0 0 
7000 81 91 0 95 0 0 0 0 0 
7100 77 91 0 94 0 0 0 0 0 
7200 84 94 0 95 0 0 0 0 0 
7300 83 91 1 95 0 0 0 0 0 
7400 82 94 0 98 0 0 0 0 0 
7500 78 89 0 94 0 0 0 0 0 
7600 79 93 1 93 0 1 0 0 0 
7700 86 93 0 94 0 0 0 0 0 
7800 86 91 0 95 0 0 0 0 0 
7900 87 99 0 95 0 0 0 0 0 
8000 82 87 0 91 0 2 0 0 0 
8100 87 84 0 94 0 0 0 0 0 
8200 91 87 0 95 0 0 0 0 0 
8300 87 94 0 91 0 0 0 0 0 
8400 94 96 0 91 0 0 0 0 0 
8500 84 88 0 90 0 0 0 0 0 
8600 89 74 0 94 0 0 0 0 0 
8700 82 86 0 94 0 0 0 0 0 
8800 81 88 0 86 0 0 0 0 0 
8900 85 95 0 94 0 0 0 0 0 
9000 88 90 0 97 0 0 0 0 0 
9100 93 83 0 96 0 0 0 0 0 
9200 93 94 0 96 0 0 0 0 0 
9300 87 87 0 91 0 0 0 0 0 
9400 78 93 0 98 0 0 0 0 0 
9500 74 91 0 94 0 0 0 0 0 
9600 80 92 0 93 0 0 0 0 0 
9700 88 89 0 94 0 0 0 0 0 
9800 92 83 0 93 0 0 0 0 0 
9900 90 79 0 90 0 0 0 0 0 
10000 81 83 0 89 0 0 0 0 0 
