# Avida tasks data
# Thu Apr 13 14:40:08 2023
# First column gives the current update, next columns give the number
# of organisms that have the particular task as a component of their merit
#  1: Update
#  2: Not
#  3: Nand
#  4: And
#  5: OrNot
#  6: Or
#  7: AndNot
#  8: Nor
#  9: Xor
# 10: Equals

0 0 0 0 0 0 0 0 0 0 
100 0 0 0 0 0 0 0 0 0 
200 0 0 0 0 0 0 0 0 0 
300 0 0 0 0 0 0 0 0 0 
400 0 0 0 0 0 0 0 0 0 
500 0 0 0 0 0 0 0 0 0 
600 0 0 0 0 0 0 0 0 0 
700 0 0 0 0 0 0 0 0 0 
800 0 0 0 0 0 0 0 0 0 
900 0 0 0 0 0 0 0 0 0 
1000 0 0 0 0 0 0 0 0 0 
1100 0 0 0 0 0 0 0 0 0 
1200 0 0 0 0 0 0 0 0 0 
1300 0 0 0 0 0 0 0 0 0 
1400 0 0 0 0 0 0 0 0 0 
1500 0 0 0 0 0 0 0 0 0 
1600 0 0 0 0 0 0 0 0 0 
1700 66 0 0 0 0 0 0 0 0 
1800 79 0 0 0 0 0 0 0 0 
1900 79 0 0 0 0 0 0 0 0 
2000 81 0 0 0 0 0 0 0 0 
2100 83 0 0 0 0 0 0 0 0 
2200 84 0 0 0 0 0 0 0 0 
2300 90 0 0 0 0 0 0 0 0 
2400 88 0 0 0 0 0 0 0 0 
2500 81 0 0 0 0 0 0 0 0 
2600 82 0 0 0 0 0 0 0 0 
2700 82 0 0 0 0 0 0 0 0 
2800 90 0 0 0 0 0 0 0 0 
2900 84 0 0 0 0 0 0 0 0 
3000 76 0 0 0 0 0 0 0 0 
3100 92 0 0 0 0 0 0 0 0 
3200 88 0 0 0 0 0 0 0 0 
3300 84 0 0 0 0 0 0 0 0 
3400 85 0 0 0 0 0 0 0 0 
3500 84 0 0 0 0 0 0 0 0 
3600 84 0 0 0 0 0 0 0 0 
3700 84 0 0 0 0 0 0 0 0 
3800 84 0 0 0 0 0 0 0 0 
3900 85 0 0 0 0 0 0 0 0 
4000 84 0 0 0 0 0 0 0 0 
4100 84 0 0 0 0 0 0 0 0 
4200 85 0 0 0 0 0 0 0 0 
4300 84 0 0 0 0 0 0 0 0 
4400 84 0 0 0 0 0 0 0 0 
4500 84 0 0 0 0 0 0 0 0 
4600 84 0 0 0 0 0 0 0 0 
4700 85 0 0 0 0 0 0 0 0 
4800 84 0 0 0 0 0 0 0 0 
4900 84 0 0 0 0 0 0 0 0 
5000 85 0 0 0 0 0 0 0 0 
5100 84 0 0 0 0 0 0 0 0 
5200 84 0 0 0 0 0 0 0 0 
5300 84 0 0 0 0 0 0 0 0 
5400 84 0 0 0 0 0 0 0 0 
5500 84 0 0 0 0 0 0 0 0 
5600 84 0 0 0 0 0 0 0 0 
5700 84 0 0 0 0 0 0 0 0 
5800 85 0 0 0 0 0 0 0 0 
5900 84 0 0 0 0 0 0 0 0 
6000 84 0 0 0 0 0 0 0 0 
6100 84 0 0 0 0 0 0 0 0 
6200 84 0 0 0 0 0 0 0 0 
6300 85 0 0 0 0 0 0 0 0 
6400 84 0 0 0 0 0 0 0 0 
6500 84 0 0 0 0 0 0 0 0 
6600 85 0 0 0 0 0 0 0 0 
6700 84 0 0 0 0 0 0 0 0 
6800 84 0 0 0 0 0 0 0 0 
6900 84 0 0 0 0 0 0 0 0 
7000 84 0 0 0 0 0 0 0 0 
7100 84 0 0 0 0 0 0 0 0 
7200 84 0 0 0 0 0 0 0 0 
7300 84 0 0 0 0 0 0 0 0 
7400 85 0 0 0 0 0 0 0 0 
7500 84 0 0 0 0 0 0 0 0 
7600 84 0 0 0 0 0 0 0 0 
7700 85 0 0 0 0 0 0 0 0 
7800 84 0 0 0 0 0 0 0 0 
7900 84 0 0 0 0 0 0 0 0 
8000 84 0 0 0 0 0 0 0 0 
8100 84 0 0 0 0 0 0 0 0 
8200 85 0 0 0 0 0 0 0 0 
8300 84 0 0 0 0 0 0 0 0 
8400 85 0 0 0 0 0 0 0 0 
8500 84 0 0 0 0 0 0 0 0 
8600 84 0 0 0 0 0 0 0 0 
8700 85 0 0 0 0 0 0 0 0 
8800 84 0 0 0 0 0 0 0 0 
8900 84 0 0 0 0 0 0 0 0 
9000 84 0 0 0 0 0 0 0 0 
9100 84 0 0 0 0 0 0 0 0 
9200 84 0 0 0 0 0 0 0 0 
9300 84 0 0 0 0 0 0 0 0 
9400 84 0 0 0 0 0 0 0 0 
9500 85 0 0 0 0 0 0 0 0 
9600 84 0 0 0 0 0 0 0 0 
9700 84 0 0 0 0 0 0 0 0 
9800 84 0 0 0 0 0 0 0 0 
9900 84 0 0 0 0 0 0 0 0 
10000 84 0 0 0 0 0 0 0 0 
