# Avida tasks data
# Wed Apr 12 11:53:22 2023
# First column gives the current update, next columns give the number
# of organisms that have the particular task as a component of their merit
#  1: Update
#  2: Not
#  3: Nand
#  4: And
#  5: OrNot
#  6: Or
#  7: AndNot
#  8: Nor
#  9: Xor
# 10: Equals

0 0 0 0 0 0 0 0 0 0 
100 0 0 0 0 0 0 0 0 0 
200 0 0 0 0 0 0 0 0 0 
300 0 0 0 0 0 0 0 0 0 
400 0 14 0 0 0 0 0 0 0 
500 12 47 0 0 0 0 0 0 0 
600 32 81 0 108 0 0 0 0 0 
700 358 99 0 635 4 0 0 0 0 
800 829 434 0 1334 404 132 121 0 0 
900 1830 391 6 2138 1780 385 1269 0 0 
1000 2136 437 23 4511 3993 393 3371 0 0 
1100 2391 449 14 6961 6244 384 5708 0 0 
1200 2687 537 39 9046 8129 410 7746 0 0 
1300 2665 659 59 10310 9278 372 9021 0 0 
1400 2558 697 39 10917 9899 353 9718 0 0 
1500 2426 755 46 11301 10257 353 10166 0 0 
1600 2289 770 68 11562 10540 354 10495 0 0 
1700 2283 940 42 11756 10836 350 10827 0 0 
1800 2582 1266 63 11925 10932 373 10906 0 0 
1900 3025 1609 65 11956 11016 345 11016 0 0 
2000 3625 1947 118 12250 11229 536 11223 0 0 
2100 4021 2078 1644 12294 11277 2165 11283 0 0 
2200 4164 1923 3007 12289 11329 3842 11382 0 0 
2300 4562 1700 4192 12261 11390 5196 11549 0 0 
2400 4779 1419 5171 12348 11473 6354 11618 0 0 
2500 5268 1177 6105 12348 11527 7364 11712 0 0 
2600 5781 945 6915 12436 11498 8098 11711 0 0 
2700 6640 766 7465 12409 11465 8770 11700 0 0 
2800 7032 562 8238 12497 11558 9505 11791 0 0 
2900 7556 439 8767 12584 11618 10062 11831 0 0 
3000 7904 289 9190 12483 11620 10419 11843 0 0 
3100 8403 328 9396 12561 11636 10712 11852 0 0 
3200 8921 308 9469 12557 11623 10870 11792 0 2 
3300 9377 307 9542 12613 11565 11008 11826 0 2 
3400 9731 250 9464 12579 11638 11090 11826 0 0 
3500 9996 235 9678 12611 11627 11097 11779 0 0 
3600 10356 311 9824 12598 11600 11160 11730 0 0 
3700 10635 702 9955 12592 11586 11188 11757 0 0 
3800 10862 1135 9924 12549 11463 11086 11586 0 1 
3900 11153 1603 9968 12658 11485 11193 11644 0 0 
4000 11344 1991 10077 12559 11491 11267 11628 0 0 
4100 11560 2518 10095 12604 11504 11401 11728 0 0 
4200 11731 2996 10154 12683 11580 11474 11725 0 0 
4300 11890 3342 10018 12621 11505 11448 11662 1 0 
4400 12126 3892 10122 12602 11519 11541 11707 0 2 
4500 12315 4330 10111 12579 11490 11524 11740 0 2 
4600 12410 4803 10214 12710 11545 11647 11864 0 1 
4700 12553 5212 10179 12699 11511 11696 11821 0 0 
4800 12706 5748 10254 12807 11555 11732 11855 0 0 
4900 12878 6139 10135 12688 11454 11704 11788 0 66 
5000 12866 5154 9883 11709 11432 11682 11767 27 1229 
