# Avida tasks data
# Thu Apr 13 14:41:47 2023
# First column gives the current update, next columns give the number
# of organisms that have the particular task as a component of their merit
#  1: Update
#  2: Not
#  3: Nand
#  4: And
#  5: OrNot
#  6: Or
#  7: AndNot
#  8: Nor
#  9: Xor
# 10: Equals

0 0 0 0 0 0 0 0 0 0 
100 0 0 0 0 0 0 0 0 0 
200 0 0 0 0 0 0 0 0 0 
300 0 0 0 0 0 0 0 0 0 
400 0 0 0 0 0 0 0 0 0 
500 0 0 0 0 0 0 0 0 0 
600 0 0 0 0 0 0 0 0 0 
700 0 0 0 0 0 0 0 0 0 
800 0 0 0 0 0 0 0 0 0 
900 0 0 0 0 0 0 0 0 0 
1000 0 0 0 0 0 0 0 0 0 
1100 0 0 0 0 0 0 0 0 0 
1200 0 0 0 0 0 0 0 0 0 
1300 0 0 0 0 0 0 0 0 0 
1400 0 0 0 0 0 0 0 0 0 
1500 0 0 0 0 0 0 0 0 0 
1600 0 0 0 0 0 0 0 0 0 
1700 0 0 0 0 0 0 0 0 0 
1800 0 0 0 0 0 0 0 0 0 
1900 0 0 0 0 0 0 0 0 0 
2000 0 0 0 0 0 0 0 0 0 
2100 0 0 0 0 0 0 0 0 0 
2200 0 0 0 0 0 0 0 0 0 
2300 0 0 0 0 0 0 0 0 0 
2400 0 0 0 0 0 0 0 0 0 
2500 0 0 0 0 0 0 0 0 0 
2600 0 0 0 0 0 0 0 0 0 
2700 0 0 0 0 0 0 0 0 0 
2800 0 0 0 0 0 0 0 0 0 
2900 0 0 0 0 0 0 0 0 0 
3000 0 0 0 0 0 0 0 0 0 
3100 0 0 0 0 0 0 0 0 0 
3200 0 0 0 0 0 0 0 0 0 
3300 89 0 0 0 0 0 0 0 0 
3400 91 0 0 0 0 0 0 0 0 
3500 85 0 0 0 0 0 0 0 0 
3600 92 0 0 0 0 0 0 0 0 
3700 86 0 0 0 0 0 0 0 0 
3800 88 0 0 0 0 0 0 0 0 
3900 86 0 0 0 0 0 0 0 0 
4000 93 0 0 0 0 0 0 0 0 
4100 94 0 0 0 0 0 0 0 0 
4200 90 0 0 0 0 0 0 0 0 
4300 82 0 0 0 0 0 0 0 0 
4400 95 0 0 0 0 0 0 0 0 
4500 89 0 0 0 0 0 0 0 0 
4600 88 0 0 0 0 0 0 0 0 
4700 92 0 0 0 0 0 0 0 0 
4800 83 0 0 0 0 0 0 0 0 
4900 89 0 0 0 0 0 0 0 0 
5000 94 15 0 0 0 0 0 0 0 
5100 95 51 0 0 0 0 0 0 0 
5200 96 79 0 0 0 0 0 0 0 
5300 94 81 0 0 0 0 0 0 0 
5400 95 78 0 10 0 0 0 0 0 
5500 90 45 0 42 0 0 0 0 0 
5600 91 13 0 70 0 0 0 0 0 
5700 90 8 0 76 0 0 0 0 0 
5800 94 0 0 83 0 0 0 0 0 
5900 94 0 0 78 13 0 0 0 0 
6000 83 1 0 40 32 0 0 0 0 
6100 92 0 0 16 74 0 0 0 0 
6200 95 0 0 7 86 0 0 0 0 
6300 90 0 0 0 89 0 0 0 0 
6400 93 0 0 0 87 0 0 0 0 
6500 87 0 0 2 77 0 0 0 0 
6600 88 0 0 0 85 0 0 0 0 
6700 90 0 0 2 85 0 0 0 0 
6800 96 0 0 2 93 0 0 0 0 
6900 89 0 0 3 84 0 0 0 0 
7000 95 0 0 1 95 0 0 0 0 
7100 87 0 0 2 86 0 0 0 0 
7200 94 0 0 2 89 0 0 0 0 
7300 83 0 0 4 77 0 0 0 0 
7400 88 0 0 2 81 0 0 0 0 
7500 85 0 0 1 84 0 0 0 0 
7600 91 0 0 1 88 0 0 0 0 
7700 94 1 0 1 93 0 0 0 0 
7800 88 0 0 0 85 0 0 0 0 
7900 92 0 0 0 90 0 0 0 0 
8000 93 0 0 2 84 0 0 0 0 
8100 92 0 0 1 88 0 0 0 0 
8200 94 0 0 1 88 0 0 0 0 
8300 87 0 0 3 83 0 0 0 0 
8400 85 0 0 0 85 0 0 0 0 
8500 92 0 0 0 89 0 0 0 0 
8600 91 0 0 1 85 0 0 0 0 
8700 94 0 0 0 91 0 0 0 0 
8800 95 0 0 2 91 0 0 0 0 
8900 87 0 0 3 81 0 0 0 0 
9000 97 0 0 5 93 0 0 0 0 
9100 97 0 0 2 92 0 0 0 0 
9200 89 0 0 2 85 0 0 0 0 
9300 94 0 0 9 84 0 0 0 0 
9400 92 0 0 1 90 0 0 0 0 
9500 88 0 0 1 89 0 0 0 0 
9600 91 0 0 0 88 0 0 0 0 
9700 92 0 0 0 90 0 0 0 0 
9800 93 0 0 1 89 0 0 0 0 
9900 91 0 0 0 85 0 0 0 0 
10000 84 0 0 0 85 0 0 0 0 
