# Avida tasks data
# Thu Apr 13 14:40:34 2023
# First column gives the current update, next columns give the number
# of organisms that have the particular task as a component of their merit
#  1: Update
#  2: Not
#  3: Nand
#  4: And
#  5: OrNot
#  6: Or
#  7: AndNot
#  8: Nor
#  9: Xor
# 10: Equals

0 0 0 0 0 0 0 0 0 0 
100 0 0 0 0 0 0 0 0 0 
200 0 0 0 0 0 0 0 0 0 
300 0 0 0 0 0 0 0 0 0 
400 0 0 0 0 0 0 0 0 0 
500 0 0 0 0 0 0 0 0 0 
600 0 0 0 0 0 0 0 0 0 
700 0 0 0 0 0 0 0 0 0 
800 0 0 0 0 0 0 0 0 0 
900 0 0 0 0 0 0 0 0 0 
1000 0 0 0 0 0 0 0 0 0 
1100 0 0 0 0 0 0 0 0 0 
1200 0 0 0 0 0 0 0 0 0 
1300 22 0 0 0 0 0 0 0 0 
1400 77 0 0 0 0 0 0 0 0 
1500 88 0 0 0 0 0 0 0 0 
1600 85 0 0 1 0 0 0 0 0 
1700 94 0 0 1 0 0 0 0 0 
1800 84 1 0 2 0 0 0 0 0 
1900 79 0 0 0 0 0 0 0 0 
2000 88 0 0 0 0 0 0 0 0 
2100 80 0 0 0 0 0 0 0 0 
2200 84 0 0 1 0 0 0 0 0 
2300 95 0 0 0 0 0 0 0 0 
2400 88 0 0 0 0 0 0 0 0 
2500 84 2 0 0 0 0 0 0 0 
2600 93 0 0 0 0 0 0 0 0 
2700 95 2 0 0 0 0 0 0 0 
2800 92 2 0 0 0 0 0 0 0 
2900 92 4 0 1 0 0 0 0 0 
3000 90 4 0 1 0 0 0 0 0 
3100 89 4 0 1 0 0 0 0 0 
3200 89 4 0 1 0 0 0 0 0 
3300 88 4 0 1 0 0 0 0 0 
3400 88 4 0 1 0 0 0 0 0 
3500 89 4 0 1 0 0 0 0 0 
3600 88 4 0 1 0 0 0 0 0 
3700 89 3 0 1 0 0 0 0 0 
3800 88 3 0 1 0 0 0 0 0 
3900 90 3 0 1 0 0 0 0 0 
4000 91 2 0 1 0 0 0 0 0 
4100 92 1 0 1 0 0 0 0 0 
4200 86 1 0 1 0 0 0 0 0 
4300 87 1 0 1 0 0 0 0 0 
4400 89 1 0 1 0 0 0 0 0 
4500 88 1 0 1 0 0 0 0 0 
4600 90 1 0 1 0 0 0 0 0 
4700 89 1 0 1 0 0 0 0 0 
4800 92 5 0 0 0 0 0 0 0 
4900 92 5 0 0 0 0 0 0 0 
5000 92 5 0 0 0 0 0 0 0 
5100 92 5 0 0 0 0 0 0 0 
5200 92 5 0 0 0 0 0 0 0 
5300 92 5 0 0 0 0 0 0 0 
5400 92 5 0 0 0 0 0 0 0 
5500 92 5 0 0 0 0 0 0 0 
5600 92 5 0 0 0 0 0 0 0 
5700 92 5 0 0 0 0 0 0 0 
5800 92 5 0 0 0 0 0 0 0 
5900 92 5 0 0 0 0 0 0 0 
6000 92 5 0 0 0 0 0 0 0 
6100 92 5 0 0 0 0 0 0 0 
6200 92 5 0 0 0 0 0 0 0 
6300 91 4 0 0 0 0 0 0 0 
6400 92 5 0 0 0 0 0 0 0 
6500 92 5 0 0 0 0 0 0 0 
6600 92 5 0 0 0 0 0 0 0 
6700 92 5 0 0 0 0 0 0 0 
6800 92 5 0 0 0 0 0 0 0 
6900 92 5 0 0 0 0 0 0 0 
7000 92 5 0 0 0 0 0 0 0 
7100 92 5 0 0 0 0 0 0 0 
7200 91 5 0 0 0 0 0 0 0 
7300 91 5 0 0 0 0 0 0 0 
7400 91 5 0 0 0 0 0 0 0 
7500 91 5 0 0 0 0 0 0 0 
7600 91 5 0 0 0 0 0 0 0 
7700 91 5 0 0 0 0 0 0 0 
7800 91 5 0 0 0 0 0 0 0 
7900 91 5 0 0 0 0 0 0 0 
8000 91 5 0 0 0 0 0 0 0 
8100 91 5 0 0 0 0 0 0 0 
8200 91 5 0 0 0 0 0 0 0 
8300 91 5 0 0 0 0 0 0 0 
8400 91 5 0 0 0 0 0 0 0 
8500 92 5 0 0 0 0 0 0 0 
8600 92 5 0 0 0 0 0 0 0 
8700 91 4 0 0 0 0 0 0 0 
8800 92 5 0 0 0 0 0 0 0 
8900 92 5 0 0 0 0 0 0 0 
9000 92 4 0 0 0 0 0 0 0 
9100 92 4 0 0 0 0 0 0 0 
9200 92 4 0 0 0 0 0 0 0 
9300 92 4 0 0 0 0 0 0 0 
9400 92 4 0 0 0 0 0 0 0 
9500 92 3 0 0 0 0 0 0 0 
9600 93 4 0 0 0 0 0 0 0 
9700 93 4 0 0 0 0 0 0 0 
9800 93 4 0 0 0 0 0 0 0 
9900 93 4 0 0 0 0 0 0 0 
10000 93 4 0 0 0 0 0 0 0 
