# Avida tasks data
# Thu Apr 13 14:41:30 2023
# First column gives the current update, next columns give the number
# of organisms that have the particular task as a component of their merit
#  1: Update
#  2: Not
#  3: Nand
#  4: And
#  5: OrNot
#  6: Or
#  7: AndNot
#  8: Nor
#  9: Xor
# 10: Equals

0 0 0 0 0 0 0 0 0 0 
100 0 0 0 0 0 0 0 0 0 
200 0 0 0 0 0 0 0 0 0 
300 0 0 0 0 0 0 0 0 0 
400 0 0 0 0 0 0 0 0 0 
500 0 0 0 0 0 0 0 0 0 
600 0 0 0 0 0 0 0 0 0 
700 0 0 0 0 0 0 0 0 0 
800 0 0 0 0 0 0 0 0 0 
900 0 0 0 0 0 0 0 0 0 
1000 0 0 0 0 0 0 0 0 0 
1100 0 0 0 0 0 0 0 0 0 
1200 0 0 0 0 0 0 0 0 0 
1300 0 0 0 0 0 0 0 0 0 
1400 0 0 0 0 0 0 0 0 0 
1500 0 0 0 0 0 0 0 0 0 
1600 0 0 0 0 0 0 0 0 0 
1700 0 0 0 0 0 0 0 0 0 
1800 0 0 0 0 0 0 0 0 0 
1900 0 0 0 0 0 0 0 0 0 
2000 0 0 0 0 0 0 0 0 0 
2100 0 0 0 0 0 0 0 0 0 
2200 0 0 0 0 0 0 0 0 0 
2300 0 0 0 0 0 0 0 0 0 
2400 0 0 0 0 0 0 0 0 0 
2500 0 0 0 0 0 0 0 0 0 
2600 0 0 0 0 0 0 0 0 0 
2700 75 0 0 0 0 0 0 0 0 
2800 91 0 0 0 0 0 0 0 0 
2900 90 0 0 0 0 0 0 0 0 
3000 90 0 0 0 0 0 0 0 0 
3100 93 0 0 0 0 0 0 0 0 
3200 95 0 0 0 0 0 0 0 0 
3300 91 0 0 0 0 0 0 0 0 
3400 88 0 0 0 0 0 0 0 0 
3500 97 0 0 0 0 0 0 0 0 
3600 97 0 0 0 0 0 0 0 0 
3700 91 0 0 0 0 0 0 0 0 
3800 89 0 0 0 0 0 0 0 0 
3900 93 0 0 0 0 0 0 0 0 
4000 94 0 0 0 0 0 0 0 0 
4100 92 0 0 0 0 0 0 0 0 
4200 96 0 0 0 0 0 0 0 0 
4300 95 0 0 0 0 0 0 0 0 
4400 94 0 0 0 0 0 0 0 0 
4500 93 0 0 0 0 0 0 0 0 
4600 94 0 0 0 0 0 0 0 0 
4700 93 0 0 0 0 0 0 0 0 
4800 95 0 0 0 0 0 0 0 0 
4900 89 0 0 0 0 0 0 0 0 
5000 94 1 0 0 0 0 0 0 0 
5100 95 0 0 0 0 0 0 0 0 
5200 95 0 0 0 0 0 0 0 0 
5300 95 0 0 0 0 0 0 0 0 
5400 87 0 0 0 0 0 0 0 0 
5500 94 0 0 0 0 0 0 0 0 
5600 89 0 0 0 0 0 0 0 0 
5700 92 0 0 0 0 0 0 0 0 
5800 90 0 0 0 0 0 0 0 0 
5900 96 0 0 0 0 0 0 0 0 
6000 90 0 0 0 0 0 0 0 0 
6100 87 0 0 0 0 0 0 0 0 
6200 91 0 0 0 0 0 0 0 0 
6300 91 0 0 0 0 0 0 0 0 
6400 89 0 0 0 0 0 0 0 0 
6500 93 0 0 0 0 0 0 0 0 
6600 92 0 0 0 0 0 0 0 0 
6700 83 0 0 0 0 0 0 0 0 
6800 90 0 0 0 0 0 0 0 0 
6900 84 0 0 0 0 0 0 0 0 
7000 90 0 0 0 0 0 0 0 0 
7100 94 0 0 0 0 0 0 0 0 
7200 89 0 0 0 0 0 0 0 0 
7300 93 0 0 0 0 0 0 0 0 
7400 92 0 0 0 0 0 0 0 0 
7500 92 0 0 0 0 0 0 0 0 
7600 92 0 0 0 0 0 0 0 0 
7700 91 0 0 0 0 0 0 0 0 
7800 88 0 0 0 0 0 0 0 0 
7900 92 0 0 0 0 0 0 0 0 
8000 86 0 0 0 0 0 0 0 0 
8100 90 1 0 0 0 0 0 0 0 
8200 88 0 0 0 0 0 0 0 0 
8300 84 0 0 0 0 0 0 0 0 
8400 90 0 0 0 0 0 0 0 0 
8500 88 0 0 0 0 0 0 0 0 
8600 90 0 0 0 0 0 0 0 0 
8700 85 0 0 0 0 0 0 0 0 
8800 91 0 0 0 0 0 0 0 0 
8900 91 0 0 0 0 0 0 0 0 
9000 89 0 0 0 0 0 0 0 0 
9100 95 0 0 0 0 0 0 0 0 
9200 93 0 0 0 0 0 0 0 0 
9300 91 3 0 0 0 0 0 0 0 
9400 90 26 0 0 0 0 0 0 0 
9500 91 58 0 0 0 0 0 0 0 
9600 84 79 0 0 0 0 0 0 0 
9700 94 76 0 0 0 0 0 0 0 
9800 91 85 0 0 0 0 0 0 0 
9900 94 87 0 0 0 0 0 0 0 
10000 93 86 0 0 0 0 0 0 0 
