# Avida tasks data
# Wed Apr 12 11:42:00 2023
# First column gives the current update, next columns give the number
# of organisms that have the particular task as a component of their merit
#  1: Update
#  2: Not
#  3: Nand
#  4: And
#  5: OrNot
#  6: Or
#  7: AndNot
#  8: Nor
#  9: Xor
# 10: Equals

0 0 0 0 0 0 0 0 0 0 
100 0 0 0 0 0 0 0 0 0 
200 0 0 0 0 0 0 0 0 0 
300 0 0 0 0 0 0 0 0 0 
400 0 0 0 0 0 0 0 0 0 
500 0 0 0 0 0 0 0 0 0 
600 35 0 0 1 0 0 0 0 0 
700 156 0 0 0 0 0 0 0 0 
800 376 35 0 37 3 0 0 0 0 
900 502 140 0 331 477 0 0 0 0 
1000 361 151 0 1864 1822 0 0 0 0 
1100 346 111 0 3162 3085 0 0 0 0 
1200 561 161 0 4545 4467 0 0 0 0 
1300 1070 205 0 5994 5904 0 0 0 0 
1400 1662 219 0 7352 7263 0 0 0 0 
1500 2176 262 0 8669 8557 0 0 0 0 
1600 2794 335 0 9957 9732 3 0 0 0 
1700 3322 395 0 10907 10698 1 0 0 0 
1800 3819 452 2 11422 11224 1 0 0 0 
1900 4412 557 1 11904 11741 1 0 0 0 
2000 4977 695 1 12195 11978 0 0 0 0 
2100 5640 853 0 12560 12300 1 0 0 0 
2200 6325 1220 0 12799 12607 0 0 0 0 
2300 6849 1615 0 12801 12573 0 0 0 0 
2400 7479 2128 0 12799 12610 0 2 0 0 
2500 8014 2721 0 12810 12588 3 0 0 0 
2600 8389 3383 0 12834 12567 115 0 0 0 
2700 8583 3987 0 12907 12654 515 2 0 0 
2800 8829 4930 3 12850 12587 1465 0 0 0 
2900 9052 5383 15 12895 12573 2163 0 0 0 
3000 9176 5760 15 12830 12526 2771 0 0 0 
3100 9379 6193 8 12909 12540 3459 1 0 0 
3200 9522 6795 17 12887 12528 4014 0 0 0 
3300 9592 7358 29 12902 12548 4770 0 0 0 
3400 9780 7826 24 12929 12577 5320 0 0 0 
3500 9952 8498 16 12965 12605 5961 0 0 0 
3600 10069 8987 20 12948 12593 6476 1 0 0 
3700 10271 9459 11 12973 12617 7016 0 0 0 
3800 10487 9951 18 12959 12573 7536 0 0 0 
3900 10655 10326 14 12905 12537 7967 31 0 0 
4000 10883 10841 11 12962 12368 8456 258 0 0 
4100 11027 11200 18 13009 11911 8722 833 0 0 
4200 11299 11404 26 13110 11360 8947 1631 0 0 
4300 11391 11662 24 13056 10749 8981 2443 0 0 
4400 11518 11795 23 13027 10154 9074 3008 0 0 
4500 11673 11976 31 12944 9526 9022 3733 0 0 
4600 11769 12203 39 12856 8917 9141 4432 0 0 
4700 11869 12368 37 12899 8247 9124 5155 0 0 
4800 11992 12583 48 12845 7637 9233 5885 0 0 
4900 12180 12775 36 12901 7045 9316 6609 0 0 
5000 12232 12995 48 12817 6507 9259 7183 0 0 
