# Avida tasks data
# Thu Apr 13 14:35:59 2023
# First column gives the current update, next columns give the number
# of organisms that have the particular task as a component of their merit
#  1: Update
#  2: Not
#  3: Nand
#  4: And
#  5: OrNot
#  6: Or
#  7: AndNot
#  8: Nor
#  9: Xor
# 10: Equals

0 0 0 0 0 0 0 0 0 0 
100 0 0 0 0 0 0 0 0 0 
200 0 0 0 0 0 0 0 0 0 
300 0 0 0 0 0 0 0 0 0 
400 0 0 0 0 0 0 0 0 0 
500 0 6 0 0 0 0 0 0 0 
600 0 19 0 5 0 0 0 0 0 
700 0 10 0 28 0 0 0 0 0 
800 26 2 0 41 0 0 0 0 0 
900 77 0 0 7 0 0 0 0 0 
1000 80 0 0 0 0 0 0 0 0 
1100 81 1 0 0 0 0 0 0 0 
1200 73 1 0 0 0 0 0 0 0 
1300 77 0 0 0 0 0 0 0 0 
1400 74 0 0 0 0 0 0 0 0 
1500 76 0 0 0 0 0 0 0 0 
1600 75 0 0 0 0 0 0 0 0 
1700 74 0 0 0 0 0 0 0 0 
1800 73 0 0 0 0 0 0 0 0 
1900 74 0 0 0 0 0 0 0 0 
2000 73 0 0 0 0 0 0 0 0 
2100 73 0 0 0 0 0 0 0 0 
2200 75 0 0 0 0 0 0 0 0 
2300 72 0 0 0 0 0 0 0 0 
2400 75 0 0 0 0 0 0 0 0 
2500 77 0 0 0 0 0 0 0 0 
2600 80 0 0 0 0 0 0 0 0 
2700 82 0 0 0 0 0 0 0 0 
2800 81 0 0 0 0 0 0 0 0 
2900 78 0 0 0 0 0 0 0 0 
3000 81 0 0 0 0 0 0 0 0 
3100 80 0 0 0 0 0 0 0 0 
3200 76 0 0 0 0 0 0 0 0 
3300 77 0 0 0 0 0 0 0 0 
3400 73 2 0 0 0 0 0 0 0 
3500 81 0 0 4 0 0 0 0 0 
3600 85 0 0 0 0 0 0 0 0 
3700 85 0 0 0 0 0 0 0 0 
3800 87 2 0 2 0 0 0 0 0 
3900 86 1 0 1 0 0 0 0 0 
4000 81 2 0 0 0 0 0 0 0 
4100 87 0 0 0 0 0 0 0 0 
4200 94 1 0 0 0 0 0 0 0 
4300 89 0 0 0 0 0 0 0 0 
4400 80 0 0 0 0 0 0 0 0 
4500 93 1 0 0 0 0 0 0 0 
4600 97 0 0 0 0 0 0 0 0 
4700 99 0 0 4 0 0 0 0 0 
4800 98 0 0 1 0 0 0 0 0 
4900 100 3 0 1 0 0 0 0 0 
5000 99 0 0 0 0 0 0 0 0 
5100 97 2 0 0 0 0 0 0 0 
5200 99 1 0 0 0 0 0 0 0 
5300 100 1 0 0 0 0 0 0 0 
5400 98 2 0 0 0 0 0 0 0 
5500 99 0 0 3 0 0 0 0 0 
5600 96 4 0 4 0 0 0 0 0 
5700 96 0 0 3 0 0 0 0 0 
5800 100 0 0 0 0 0 0 0 0 
5900 99 0 0 3 0 0 0 0 0 
6000 97 1 0 2 0 0 0 0 0 
6100 100 1 0 1 0 0 0 0 0 
6200 99 2 0 0 0 0 0 0 0 
6300 95 1 0 3 0 0 0 0 0 
6400 99 2 0 0 0 0 0 0 0 
6500 99 0 0 0 0 0 0 0 0 
6600 100 0 0 0 0 0 0 0 0 
6700 99 4 0 1 0 0 0 0 0 
6800 98 0 0 0 0 0 0 0 0 
6900 100 2 0 4 0 0 0 0 0 
7000 100 3 0 1 0 0 0 0 0 
7100 99 3 0 2 0 0 0 0 0 
7200 98 0 0 2 0 0 0 0 0 
7300 100 2 0 1 0 0 0 0 0 
7400 100 1 0 0 0 0 0 0 0 
7500 97 3 0 1 0 0 0 0 0 
7600 98 2 0 0 0 0 0 0 0 
7700 99 0 0 1 0 0 0 0 0 
7800 100 0 0 1 0 0 0 0 0 
7900 100 0 0 0 0 0 0 0 0 
8000 99 0 0 1 0 0 0 0 0 
8100 100 2 0 0 0 0 0 0 0 
8200 100 0 0 1 0 0 0 0 0 
8300 100 3 0 1 0 0 0 0 0 
8400 100 2 0 0 0 0 0 0 0 
8500 100 3 0 0 0 0 0 0 0 
8600 99 1 0 5 0 0 0 0 0 
8700 100 0 0 2 0 0 0 0 0 
8800 97 2 0 1 0 0 0 0 0 
8900 100 1 0 0 0 0 0 0 0 
9000 100 1 0 1 0 0 0 0 0 
9100 100 1 0 1 0 0 0 0 0 
9200 100 1 0 3 0 0 0 0 0 
9300 100 3 0 1 0 0 0 0 0 
9400 99 0 0 0 0 0 0 0 0 
9500 100 0 0 0 0 0 0 0 0 
9600 100 1 0 0 0 0 0 0 0 
9700 100 1 0 2 0 0 0 0 0 
9800 100 0 0 0 0 0 0 0 0 
9900 100 0 0 0 0 0 0 0 0 
10000 100 0 0 0 0 0 0 0 0 
