# Avida tasks data
# Tue Apr 11 17:31:10 2023
# First column gives the current update, next columns give the number
# of organisms that have the particular task as a component of their merit
#  1: Update
#  2: Not
#  3: Nand
#  4: And
#  5: OrNot
#  6: Or
#  7: AndNot
#  8: Nor
#  9: Xor
# 10: Equals

0 0 0 0 0 0 0 0 0 0 
100 0 0 0 0 0 0 0 0 0 
200 0 0 0 0 0 0 0 0 0 
300 0 0 0 0 0 0 0 0 0 
400 0 0 0 0 0 0 0 0 0 
500 0 0 0 0 0 0 0 0 0 
600 0 0 0 0 0 0 0 0 0 
700 0 0 0 0 0 0 0 0 0 
800 0 0 0 0 0 0 0 0 0 
900 0 0 0 0 0 0 0 0 0 
1000 0 0 0 0 0 0 0 0 0 
1100 0 0 0 0 0 0 0 0 0 
1200 0 0 0 0 0 0 0 0 0 
1300 0 0 0 0 0 0 0 0 0 
1400 0 0 0 0 0 0 0 0 0 
1500 0 0 0 0 0 0 0 0 0 
1600 78 0 0 0 0 0 0 0 0 
1700 91 0 0 0 0 0 0 0 0 
1800 82 0 0 0 0 0 0 0 0 
1900 76 5 0 0 0 0 0 0 0 
2000 71 21 0 0 0 0 0 0 0 
2100 84 12 0 0 0 0 0 0 0 
2200 83 10 0 0 0 0 0 0 0 
2300 72 16 0 0 0 0 0 0 0 
2400 78 10 0 0 0 0 0 0 0 
2500 80 6 0 0 0 0 0 0 0 
2600 82 13 0 0 0 0 0 0 0 
2700 84 9 0 0 0 0 0 0 0 
2800 66 24 0 0 0 0 0 0 0 
2900 62 29 0 0 0 0 0 0 0 
3000 51 40 0 1 0 0 0 0 0 
3100 36 57 0 0 0 0 0 0 0 
3200 26 68 0 0 0 0 0 0 0 
3300 21 68 0 0 0 0 0 0 0 
3400 13 79 0 1 0 0 0 0 0 
3500 3 92 0 0 0 0 0 0 0 
3600 0 94 0 0 0 0 0 0 0 
3700 0 90 0 0 0 0 0 0 0 
3800 1 97 0 0 0 0 0 0 0 
3900 3 90 0 2 0 0 0 0 0 
4000 1 88 0 0 0 0 0 0 0 
4100 4 86 0 0 0 0 0 0 0 
4200 13 96 0 0 0 0 0 0 0 
4300 47 94 0 0 0 0 0 0 0 
4400 74 86 0 0 0 0 0 0 0 
4500 75 86 0 0 0 0 0 0 0 
4600 82 92 1 1 0 0 0 0 0 
4700 87 91 0 3 0 0 0 0 0 
4800 88 88 1 2 0 0 0 0 0 
4900 86 89 0 5 0 0 0 0 0 
5000 85 96 0 7 0 0 0 0 0 
5100 89 96 0 6 0 0 0 0 0 
5200 80 99 0 11 0 0 0 0 0 
5300 77 90 0 10 0 0 0 0 0 
5400 83 94 0 59 0 0 0 0 0 
5500 81 94 0 71 4 0 0 0 0 
5600 84 93 0 82 1 0 0 0 0 
5700 89 98 0 92 1 0 0 0 0 
5800 90 96 0 85 0 0 0 0 0 
5900 83 93 0 85 0 0 0 0 0 
6000 92 89 0 89 0 0 0 0 0 
6100 81 95 0 85 0 0 0 0 0 
6200 95 97 0 91 1 0 0 0 0 
6300 77 100 0 80 0 0 0 0 0 
6400 86 94 1 84 1 0 0 0 0 
6500 86 97 0 82 1 0 0 0 0 
6600 89 92 0 87 0 0 0 0 0 
6700 88 96 0 85 1 0 0 0 0 
6800 85 99 0 84 0 0 0 0 0 
6900 79 98 0 85 0 0 0 0 0 
7000 82 94 1 79 0 0 0 0 0 
7100 94 95 0 96 0 0 0 0 0 
7200 84 96 0 83 0 0 0 0 0 
7300 85 97 0 84 0 0 0 0 0 
7400 80 95 2 91 0 0 0 0 0 
7500 80 91 1 84 1 0 0 0 0 
7600 87 93 0 86 0 0 0 0 0 
7700 81 92 0 85 1 0 0 0 0 
7800 80 90 0 89 0 0 0 0 0 
7900 90 98 0 91 0 0 0 0 0 
8000 89 93 0 90 2 0 0 0 0 
8100 83 95 0 93 0 0 0 0 0 
8200 82 93 0 93 0 0 0 0 0 
8300 87 95 0 97 0 0 0 0 0 
8400 91 99 0 88 0 0 0 0 0 
8500 89 92 0 90 0 0 0 0 0 
8600 84 95 0 90 0 0 0 0 0 
8700 93 95 0 94 0 0 0 0 0 
8800 86 98 0 96 0 0 0 0 0 
8900 89 98 0 92 0 0 0 0 0 
9000 86 95 0 96 0 0 0 0 0 
9100 88 98 0 93 1 0 0 0 0 
9200 86 99 0 88 2 0 0 0 0 
9300 87 90 0 90 0 0 0 0 0 
9400 73 95 0 86 0 0 0 0 0 
9500 75 91 0 91 2 0 0 0 0 
9600 82 94 0 90 0 0 0 0 0 
9700 83 93 0 88 0 0 0 0 0 
9800 85 97 0 92 0 0 0 0 0 
9900 87 92 0 92 0 0 0 0 0 
10000 89 92 0 89 4 0 0 0 0 
10100 91 95 0 96 0 0 0 0 0 
10200 88 96 0 90 1 0 0 0 0 
10300 85 98 0 92 2 0 0 0 0 
10400 93 98 0 90 0 0 0 0 0 
10500 85 94 0 92 1 0 0 0 0 
10600 88 94 0 82 0 0 0 0 0 
10700 83 98 0 91 0 0 0 0 0 
10800 88 97 0 94 0 0 0 0 0 
10900 90 99 0 91 1 0 0 0 0 
11000 84 96 0 87 0 0 0 0 0 
11100 90 95 0 95 0 0 0 0 0 
11200 84 97 0 91 1 0 0 0 0 
11300 91 94 0 98 0 0 0 0 0 
11400 77 96 0 90 0 0 0 0 0 
11500 80 95 0 92 3 0 0 0 0 
11600 91 97 0 96 2 0 0 0 0 
11700 85 97 0 97 0 0 0 0 0 
11800 82 95 0 93 0 0 0 0 0 
11900 80 91 0 92 0 0 0 0 0 
12000 87 88 0 94 0 0 0 0 0 
12100 86 98 0 96 0 0 0 0 0 
12200 88 95 0 86 1 0 0 0 0 
12300 74 94 0 88 3 0 0 0 0 
12400 83 95 0 95 0 0 0 0 0 
12500 79 99 0 95 0 0 0 0 0 
12600 84 95 0 92 0 0 0 0 0 
12700 84 92 0 97 0 0 0 0 0 
12800 85 94 0 94 0 0 0 0 0 
12900 90 93 0 92 0 0 0 0 0 
13000 88 88 0 90 3 0 0 0 0 
13100 78 94 0 94 0 0 0 0 0 
13200 85 94 0 97 1 0 0 0 0 
13300 86 96 0 96 0 0 0 0 0 
13400 90 97 0 89 0 0 0 0 0 
13500 94 98 0 95 0 0 0 0 0 
13600 88 94 0 90 0 0 0 0 0 
13700 85 97 0 94 1 0 0 0 0 
13800 86 96 0 97 1 0 0 0 0 
13900 88 95 0 87 1 0 0 0 0 
14000 92 98 0 90 0 0 0 0 0 
14100 89 99 0 95 0 0 0 0 0 
14200 92 97 0 96 0 0 0 0 0 
14300 91 97 0 93 0 0 0 0 0 
14400 88 99 0 87 1 0 0 0 0 
14500 91 96 0 88 0 0 0 0 0 
14600 86 98 0 95 0 0 0 0 0 
14700 85 93 0 98 0 0 0 0 0 
14800 89 97 0 95 0 0 0 0 0 
14900 87 90 0 91 0 0 0 0 0 
15000 89 95 0 96 2 0 0 0 0 
15100 78 96 0 94 2 0 0 0 0 
15200 79 92 0 96 0 0 0 0 0 
15300 84 93 0 96 2 0 0 0 0 
15400 82 99 0 96 2 0 0 0 0 
15500 91 96 0 97 0 0 0 0 0 
15600 93 96 0 94 0 0 0 0 0 
15700 86 92 0 95 0 0 0 0 0 
15800 86 92 0 100 0 0 0 0 0 
15900 85 92 0 97 0 0 0 0 0 
16000 77 95 0 90 0 0 0 0 0 
16100 84 96 0 87 0 0 0 0 0 
16200 87 96 0 94 0 0 0 0 0 
16300 79 94 0 91 0 0 0 0 0 
16400 78 96 0 91 0 0 0 0 0 
16500 88 98 0 90 0 0 0 0 0 
16600 86 98 0 89 1 0 0 0 0 
16700 96 95 0 98 0 0 0 0 0 
16800 86 95 0 91 2 0 0 0 0 
16900 86 96 0 88 0 0 0 0 0 
17000 91 98 0 93 0 0 0 0 0 
17100 90 94 0 92 0 0 0 0 0 
17200 92 96 0 97 0 0 0 0 0 
17300 90 94 0 97 0 0 0 0 0 
17400 87 96 0 94 0 0 0 0 0 
17500 82 94 0 91 0 0 0 0 0 
17600 95 98 0 94 2 0 0 0 0 
17700 92 96 0 99 0 0 0 0 0 
17800 91 95 0 96 0 0 0 0 0 
17900 89 93 0 93 0 0 0 0 0 
18000 90 95 0 97 0 0 0 0 0 
18100 92 87 1 92 0 0 0 0 0 
18200 88 96 0 99 0 0 0 0 0 
18300 89 95 0 96 1 0 0 0 0 
18400 88 97 0 94 0 0 0 0 0 
18500 91 95 0 90 0 0 0 0 0 
18600 94 97 0 96 0 0 0 0 0 
18700 89 96 0 96 0 0 0 0 0 
18800 91 96 0 90 1 0 0 0 0 
18900 95 97 0 98 0 0 0 0 0 
19000 89 96 0 90 2 0 0 0 0 
19100 84 99 0 94 0 0 0 0 0 
19200 90 94 0 92 0 0 0 0 0 
19300 86 95 2 98 0 0 0 0 0 
19400 83 97 0 95 0 0 0 0 0 
19500 84 94 0 91 2 0 0 0 0 
19600 91 95 0 96 0 0 0 0 0 
19700 87 97 0 90 0 0 0 0 0 
19800 84 96 0 92 0 0 0 0 0 
19900 88 97 0 89 0 0 0 0 0 
20000 84 98 0 91 0 0 0 0 0 
20100 85 90 0 96 0 0 0 0 0 
20200 89 100 0 93 0 0 0 0 0 
20300 86 93 0 92 2 0 0 0 0 
20400 92 100 0 65 27 0 0 0 0 
20500 91 95 0 12 78 0 0 0 0 
20600 92 96 0 1 87 0 0 0 0 
20700 95 96 0 5 86 0 0 0 0 
20800 91 97 0 3 83 0 0 0 0 
20900 84 97 0 6 76 0 0 0 0 
21000 89 92 0 2 88 0 0 0 0 
21100 89 99 0 4 86 0 0 0 0 
21200 88 98 0 2 86 0 0 0 0 
21300 86 94 0 5 78 0 0 0 0 
21400 83 96 0 9 69 0 0 0 0 
21500 90 96 0 13 76 0 0 0 0 
21600 89 95 0 0 84 0 0 0 0 
21700 89 94 0 6 78 0 0 0 0 
21800 92 97 0 6 81 0 0 0 0 
21900 80 95 0 13 66 0 0 0 0 
22000 85 92 0 5 73 0 0 0 0 
22100 80 91 0 4 76 0 0 0 0 
22200 81 93 0 7 74 0 0 0 0 
22300 86 95 0 2 77 0 0 0 0 
22400 83 97 0 8 74 0 0 0 0 
22500 89 92 0 4 83 0 0 0 0 
22600 86 95 0 9 76 0 0 0 0 
22700 92 98 0 8 77 0 0 0 0 
22800 93 97 0 1 88 0 0 0 0 
22900 89 95 0 3 82 0 0 0 0 
23000 87 95 0 4 77 0 0 0 0 
23100 87 94 0 3 76 0 0 0 0 
23200 82 93 0 2 80 0 0 0 0 
23300 87 99 0 3 84 0 0 0 0 
23400 93 97 0 5 77 0 0 0 0 
23500 88 98 0 6 76 0 0 0 0 
23600 78 94 0 7 67 0 0 0 0 
23700 89 92 0 6 81 0 0 0 0 
23800 90 97 0 4 84 0 0 0 0 
23900 89 96 0 8 69 0 0 0 0 
24000 88 98 0 12 70 0 0 0 0 
24100 94 99 0 9 82 0 0 0 0 
24200 86 94 0 19 65 0 0 0 0 
24300 92 98 0 3 87 0 0 0 0 
24400 93 96 0 18 73 0 0 0 0 
24500 92 92 0 2 85 0 0 0 0 
24600 98 97 0 2 87 0 0 0 0 
24700 98 95 0 0 91 0 0 0 0 
24800 91 100 0 6 78 0 0 0 0 
24900 96 96 0 10 78 0 0 0 0 
25000 93 99 0 2 88 0 0 0 0 
25100 93 98 0 2 92 0 0 0 0 
25200 95 94 0 1 88 0 0 0 0 
25300 93 94 0 7 79 0 0 0 0 
25400 91 99 0 7 86 0 0 0 0 
25500 86 99 0 5 80 0 0 0 0 
25600 94 99 0 4 87 0 0 0 0 
25700 92 90 0 11 72 0 0 0 0 
25800 94 98 0 3 87 0 0 0 0 
25900 94 97 0 5 83 0 0 0 0 
26000 95 95 0 6 84 0 0 0 0 
26100 92 99 0 4 81 0 0 0 0 
26200 92 96 0 6 75 0 0 0 0 
26300 96 100 0 0 90 0 0 0 0 
26400 89 97 0 1 85 0 0 0 0 
26500 87 98 0 1 82 0 0 0 0 
26600 89 99 0 2 77 0 0 0 0 
26700 94 97 0 5 82 0 0 0 0 
26800 82 89 0 1 78 0 0 0 0 
26900 94 96 0 3 78 3 0 0 0 
27000 87 89 0 0 76 1 0 0 0 
27100 90 100 0 1 90 0 0 0 0 
27200 95 95 0 3 85 0 0 0 0 
27300 90 97 0 8 76 0 0 0 0 
27400 92 95 0 0 90 0 0 0 0 
27500 85 99 0 7 77 0 0 0 0 
27600 92 99 0 3 81 0 0 0 0 
27700 90 96 0 8 80 0 0 0 0 
27800 95 95 0 3 89 0 0 0 0 
27900 86 100 0 11 67 0 0 0 0 
28000 92 96 0 1 84 0 0 0 0 
28100 85 95 0 6 73 0 0 0 0 
28200 90 94 0 6 79 0 0 0 0 
28300 90 96 0 8 74 0 0 0 0 
28400 83 96 1 2 78 0 0 0 0 
28500 89 99 0 0 85 0 0 0 0 
28600 86 99 0 3 73 0 0 0 0 
28700 96 94 0 1 91 0 0 0 0 
28800 90 98 0 73 87 0 0 0 0 
28900 90 100 0 89 86 0 0 0 0 
29000 88 100 0 81 79 0 0 0 0 
29100 85 93 0 85 87 0 0 0 0 
29200 90 98 0 89 84 0 0 0 0 
29300 85 96 2 90 91 0 0 0 0 
29400 90 96 0 88 84 0 0 0 0 
29500 87 94 2 87 81 0 0 0 0 
29600 93 92 2 88 87 0 0 0 0 
29700 89 98 0 91 84 0 0 0 0 
29800 91 99 0 91 82 0 0 0 0 
29900 89 97 0 91 86 0 0 0 0 
30000 84 97 0 84 80 0 0 0 0 
30100 89 99 0 86 81 0 0 0 0 
30200 92 98 0 94 85 0 0 0 0 
30300 90 97 0 90 87 0 0 0 0 
30400 88 99 0 88 83 0 0 0 0 
30500 91 96 0 90 84 0 0 0 0 
30600 91 100 0 97 87 0 0 0 0 
30700 87 97 0 87 83 0 0 0 0 
30800 94 97 0 89 85 0 0 0 0 
30900 95 97 0 96 88 0 0 0 0 
31000 88 98 0 89 87 0 0 0 0 
31100 90 97 0 90 84 0 0 0 0 
31200 95 99 0 94 82 0 0 0 0 
31300 91 99 0 86 85 0 0 0 0 
31400 92 96 0 92 87 0 0 0 0 
31500 89 92 0 89 85 0 0 0 0 
31600 83 95 0 89 73 0 0 0 0 
31700 93 96 1 92 91 0 0 0 0 
31800 93 94 0 96 91 0 0 0 0 
31900 94 95 1 87 83 0 0 0 0 
32000 94 96 2 93 87 0 0 0 0 
32100 90 94 2 86 82 0 0 0 0 
32200 94 98 0 90 88 0 0 0 0 
32300 88 95 0 87 83 0 0 0 0 
32400 91 100 0 87 88 0 0 0 0 
32500 87 96 0 86 81 0 0 0 0 
32600 87 93 0 91 82 0 0 0 0 
32700 94 92 2 94 89 0 0 0 0 
32800 92 93 0 87 91 0 0 0 0 
32900 93 100 0 97 86 0 0 0 0 
33000 91 96 0 90 87 0 0 0 0 
33100 97 100 0 96 94 0 0 0 0 
33200 95 98 0 90 84 2 0 0 0 
33300 93 98 0 93 86 0 0 0 0 
33400 94 98 0 93 88 0 0 0 0 
33500 93 95 0 93 86 0 0 0 0 
33600 92 94 0 89 86 0 0 0 0 
33700 92 95 0 93 89 0 0 0 0 
33800 90 96 0 92 86 0 0 0 0 
33900 89 98 0 89 82 0 0 0 0 
34000 96 98 0 96 93 0 0 0 0 
34100 90 98 1 93 82 0 0 0 0 
34200 91 92 1 91 82 0 0 0 0 
34300 97 96 0 94 90 0 0 0 0 
34400 93 94 0 85 81 0 0 0 0 
34500 97 96 0 94 94 0 0 0 0 
34600 93 100 0 92 85 0 0 0 0 
34700 88 98 0 89 83 0 0 0 0 
34800 87 97 1 89 85 0 0 0 0 
34900 92 98 0 88 88 0 0 0 0 
35000 83 100 0 91 87 0 0 0 0 
35100 95 96 0 94 93 0 0 0 0 
35200 93 95 0 90 89 0 0 0 0 
35300 83 92 1 83 76 0 0 0 0 
35400 92 96 1 94 89 0 0 0 0 
35500 92 95 0 94 92 0 0 0 0 
35600 94 96 1 88 87 0 0 0 0 
35700 94 98 0 88 91 0 0 0 0 
35800 90 95 1 86 82 0 0 0 0 
35900 89 98 0 91 82 0 0 0 0 
36000 94 95 0 91 90 0 0 0 0 
36100 94 96 0 91 91 0 0 0 0 
36200 94 100 0 98 91 0 0 0 0 
36300 91 98 0 92 83 0 0 0 0 
36400 91 98 0 88 88 0 0 0 0 
36500 91 95 0 89 79 0 0 0 0 
36600 91 94 0 87 85 0 0 0 0 
36700 93 96 0 92 89 0 0 0 0 
36800 85 97 0 90 81 0 0 0 0 
36900 89 100 0 91 80 0 0 0 0 
37000 90 91 1 89 81 0 0 0 0 
37100 96 99 1 92 88 0 0 0 0 
37200 95 94 0 93 81 0 0 0 0 
37300 85 97 0 90 79 0 0 0 0 
37400 92 98 0 89 89 0 0 0 0 
37500 87 97 1 90 82 0 0 0 0 
37600 93 95 0 88 87 0 0 0 0 
37700 89 92 1 88 84 0 0 0 0 
37800 93 91 0 88 83 0 0 0 0 
37900 85 98 0 89 75 0 0 0 0 
38000 87 91 0 89 83 0 0 0 0 
38100 93 99 0 90 88 0 0 0 0 
38200 96 99 0 93 86 0 0 0 0 
38300 90 97 0 88 85 0 0 0 0 
38400 89 94 0 84 83 0 0 0 0 
38500 89 97 0 84 82 0 0 0 0 
38600 88 99 0 88 80 0 0 0 0 
38700 93 99 1 90 86 0 0 0 0 
38800 89 99 1 91 80 0 0 0 0 
38900 94 100 0 95 77 0 0 0 0 
39000 90 100 0 89 88 0 0 0 0 
39100 79 94 0 86 72 0 0 0 0 
39200 96 93 1 92 87 0 0 0 0 
39300 86 97 2 86 84 0 0 0 0 
39400 90 95 1 95 88 0 0 0 0 
39500 95 98 0 89 90 0 0 0 0 
39600 94 95 0 85 87 0 0 0 0 
39700 89 100 1 89 84 0 0 0 0 
39800 97 97 0 93 90 0 0 0 0 
39900 98 98 0 94 95 0 0 0 0 
40000 84 97 2 92 83 0 0 0 0 
40100 93 99 2 91 79 0 0 0 0 
40200 98 93 0 95 93 0 0 0 0 
40300 95 99 0 96 91 0 0 0 0 
40400 93 97 0 94 82 0 0 0 0 
40500 88 97 1 93 79 0 0 0 0 
40600 97 94 0 97 94 0 0 0 0 
40700 89 96 0 88 85 0 0 0 0 
40800 84 93 0 91 85 0 0 0 0 
40900 93 92 2 89 81 0 0 0 0 
41000 90 99 0 97 85 0 0 0 0 
41100 96 97 0 90 89 0 0 0 0 
41200 90 97 0 97 84 0 0 0 0 
41300 91 98 0 92 86 0 0 0 0 
41400 93 97 0 92 83 0 0 0 0 
41500 94 99 1 93 86 0 0 0 0 
41600 87 97 2 93 79 0 0 0 0 
41700 95 98 0 91 88 0 0 0 0 
41800 92 98 0 88 87 0 0 0 0 
41900 95 98 0 89 86 0 0 0 0 
42000 87 91 2 87 78 0 0 0 0 
42100 89 97 0 92 86 0 0 0 0 
42200 92 94 0 90 84 1 0 0 0 
42300 90 98 0 96 89 0 0 0 0 
42400 91 98 0 95 84 0 0 0 0 
42500 90 97 3 91 88 0 0 0 0 
42600 89 96 1 84 86 0 0 0 0 
42700 96 95 0 93 89 0 0 0 0 
42800 91 96 2 93 85 0 0 0 0 
42900 93 98 0 92 89 0 0 0 0 
43000 83 92 2 85 77 0 0 0 0 
43100 96 99 0 97 87 0 0 0 0 
43200 93 98 0 99 84 0 0 0 0 
43300 93 94 0 87 92 0 0 0 0 
43400 91 94 0 91 86 0 0 0 0 
43500 93 94 0 87 83 0 0 0 0 
43600 86 95 0 92 75 0 0 0 0 
43700 93 96 0 93 91 0 0 0 0 
43800 95 96 0 96 91 0 0 0 0 
43900 83 94 0 88 73 0 0 0 0 
44000 94 96 0 88 79 0 0 0 0 
44100 90 99 0 96 84 0 0 0 0 
44200 90 96 0 91 80 0 0 0 0 
44300 90 99 0 87 83 0 0 0 0 
44400 93 97 0 95 83 0 0 0 0 
44500 90 93 5 92 80 0 0 0 0 
44600 88 96 2 89 78 0 0 0 0 
44700 90 99 0 92 79 0 0 0 0 
44800 87 99 0 90 85 0 0 0 0 
44900 91 99 0 92 85 0 0 0 0 
45000 90 95 0 93 88 0 0 0 0 
45100 91 96 0 93 90 0 0 0 0 
45200 91 99 1 88 89 0 0 0 0 
45300 92 92 0 90 85 0 0 0 0 
45400 93 91 0 91 81 0 0 0 0 
45500 92 98 0 89 85 0 0 0 0 
45600 89 97 0 91 87 0 0 0 0 
45700 93 98 0 84 82 0 0 0 0 
45800 85 91 0 88 79 0 0 0 0 
45900 85 97 0 89 79 0 0 0 0 
46000 97 99 0 90 91 0 0 0 0 
46100 85 97 0 85 73 0 0 0 0 
46200 95 100 0 94 88 0 0 0 0 
46300 95 97 0 92 90 0 0 0 0 
46400 92 96 0 91 86 0 0 0 0 
46500 96 97 0 91 89 0 0 0 0 
46600 97 100 0 90 92 0 0 0 0 
46700 93 97 0 87 86 0 0 0 0 
46800 87 91 0 84 79 0 0 0 0 
46900 87 94 0 87 83 0 0 0 0 
47000 98 98 0 91 91 0 0 0 0 
47100 91 98 0 97 90 0 0 0 0 
47200 95 96 0 94 88 0 0 0 0 
47300 92 99 0 94 92 0 0 0 0 
47400 88 97 0 91 85 0 0 0 0 
47500 91 97 0 87 85 0 0 0 0 
47600 99 98 0 90 93 0 0 0 0 
47700 83 97 0 84 77 0 0 0 0 
47800 93 100 0 92 84 0 0 0 0 
47900 87 95 0 90 78 0 0 0 0 
48000 89 97 0 89 88 0 0 0 0 
48100 86 93 0 83 76 0 0 0 0 
48200 82 99 0 86 78 0 0 0 0 
48300 92 90 0 89 87 0 0 0 0 
48400 91 96 0 86 81 0 0 0 0 
48500 91 100 0 92 92 0 0 0 0 
48600 97 100 0 85 77 0 0 0 0 
48700 93 98 0 83 87 0 0 0 0 
48800 97 97 0 92 89 0 0 0 0 
48900 90 97 0 89 91 0 0 0 0 
49000 91 97 0 92 85 0 0 0 0 
49100 93 97 0 92 89 0 0 0 0 
49200 92 95 1 90 88 0 0 0 0 
49300 85 94 0 83 75 0 0 0 0 
49400 86 91 0 87 79 0 0 0 0 
49500 95 98 0 89 82 0 0 0 0 
49600 92 96 0 87 84 0 0 0 0 
49700 91 100 0 87 82 0 0 0 0 
49800 92 100 0 98 88 0 0 0 0 
49900 90 94 0 88 84 0 0 0 0 
50000 88 100 0 88 80 0 0 0 0 
50100 90 93 2 85 86 0 0 0 0 
50200 84 99 0 84 85 0 0 0 0 
50300 87 98 0 91 85 0 0 0 0 
50400 89 94 0 86 77 0 0 0 0 
50500 89 92 0 87 83 0 0 0 0 
50600 92 95 0 83 84 0 0 0 0 
50700 97 96 0 94 87 0 0 0 0 
50800 97 98 0 84 91 0 0 0 0 
50900 92 99 0 93 82 0 0 0 0 
51000 91 96 0 91 82 0 0 0 0 
51100 93 96 0 90 85 0 0 0 0 
51200 92 98 0 86 84 0 0 0 0 
51300 95 100 0 94 90 0 0 0 0 
51400 88 100 0 85 86 0 0 0 0 
51500 96 98 0 93 84 0 0 0 0 
51600 91 94 0 87 85 0 0 0 0 
51700 93 92 0 88 82 0 0 0 0 
51800 94 97 0 84 87 0 0 0 0 
51900 96 100 0 92 89 0 0 0 0 
52000 86 95 0 91 80 0 0 0 0 
52100 94 98 0 93 86 0 0 0 0 
52200 88 96 0 90 88 0 0 0 0 
52300 82 98 2 89 78 0 0 0 0 
52400 79 97 0 89 80 0 0 0 0 
52500 93 96 0 93 82 0 0 0 0 
52600 88 98 0 91 77 0 0 0 0 
52700 86 94 0 83 77 0 0 0 0 
52800 87 96 0 92 93 0 0 0 0 
52900 85 91 0 97 77 0 0 0 0 
53000 94 96 0 96 94 0 0 0 0 
53100 88 92 0 90 86 0 0 0 0 
53200 95 96 0 99 85 0 0 0 0 
53300 95 99 0 96 88 0 0 0 0 
53400 89 90 3 89 79 0 0 0 0 
53500 90 94 0 88 87 0 0 0 0 
53600 90 100 0 92 79 0 0 0 0 
53700 89 97 0 92 84 0 0 0 0 
53800 93 97 0 92 89 0 0 0 0 
53900 95 100 0 98 93 0 0 0 0 
54000 95 98 0 93 91 0 0 0 0 
54100 95 96 0 91 90 0 0 0 0 
54200 97 98 0 97 84 0 0 0 0 
54300 97 98 0 91 96 0 0 0 0 
54400 94 95 0 95 78 0 0 0 0 
54500 90 97 0 90 86 0 0 0 0 
54600 94 97 0 96 85 0 0 0 0 
54700 90 96 0 91 87 0 0 0 0 
54800 85 97 0 91 86 0 0 0 0 
54900 90 99 0 92 78 0 0 0 0 
55000 93 90 0 94 79 0 0 0 0 
55100 89 99 0 89 84 0 0 0 0 
55200 96 99 0 94 92 0 0 0 0 
55300 88 92 0 92 84 0 0 0 0 
55400 93 100 0 95 81 0 0 0 0 
55500 92 95 0 91 93 0 0 0 0 
55600 92 97 0 84 83 0 0 0 0 
55700 90 98 0 88 86 0 0 0 0 
55800 96 97 0 95 84 0 0 0 0 
55900 86 95 0 89 79 0 0 0 0 
56000 94 97 0 80 87 0 0 0 0 
56100 96 98 0 93 89 0 0 0 0 
56200 93 100 0 94 88 0 0 0 0 
56300 86 99 0 83 80 0 0 0 0 
56400 94 98 0 90 91 0 0 0 0 
56500 94 99 0 98 91 0 0 0 0 
56600 89 96 0 87 82 0 0 0 0 
56700 86 96 0 94 86 0 0 0 0 
56800 94 96 0 95 83 0 0 0 0 
56900 89 96 0 87 75 0 0 0 0 
57000 94 95 0 88 88 0 0 0 0 
57100 83 96 0 85 85 0 0 0 0 
57200 92 97 0 93 90 0 0 0 0 
57300 95 96 0 84 84 0 0 0 0 
57400 96 97 0 90 83 0 0 0 0 
57500 86 97 1 87 82 0 0 0 0 
57600 93 98 0 90 76 0 0 0 0 
57700 92 95 0 92 88 0 0 0 0 
57800 88 93 0 87 81 0 0 0 0 
57900 93 94 0 91 88 0 0 0 0 
58000 91 99 0 89 82 0 0 0 0 
58100 86 97 1 82 82 0 0 0 0 
58200 94 100 0 96 92 0 0 0 0 
58300 92 97 0 94 81 0 0 0 0 
58400 96 100 0 95 92 0 0 0 0 
58500 93 100 0 94 81 0 0 0 0 
58600 92 97 0 94 83 0 0 0 0 
58700 91 98 0 93 83 0 0 0 0 
58800 89 98 0 89 90 0 0 0 0 
58900 88 97 0 94 85 0 0 0 0 
59000 93 96 0 89 89 0 0 0 0 
59100 91 98 0 93 87 0 0 0 0 
59200 95 99 0 98 97 0 0 0 0 
59300 93 98 0 95 85 0 0 0 0 
59400 90 95 0 96 85 0 0 0 0 
59500 92 97 0 96 91 0 0 0 0 
59600 93 98 0 95 91 0 0 0 0 
59700 86 95 0 90 83 0 0 0 0 
59800 88 96 0 84 81 0 0 0 0 
59900 94 97 0 93 87 0 0 0 0 
60000 91 92 0 91 84 0 0 0 0 
60100 85 98 0 93 81 0 0 0 0 
60200 93 97 0 90 81 0 0 0 0 
60300 89 99 0 97 87 0 0 0 0 
60400 93 100 0 94 91 0 0 0 0 
60500 94 95 0 92 83 0 0 0 0 
60600 84 96 0 90 82 0 0 0 0 
60700 91 95 0 95 85 0 0 0 0 
60800 94 96 0 98 89 0 0 0 0 
60900 88 96 0 90 86 0 0 0 0 
61000 91 97 2 91 89 0 0 0 0 
61100 91 94 0 89 90 0 0 0 0 
61200 90 95 0 93 87 0 0 0 0 
61300 92 94 0 92 83 0 0 0 0 
61400 83 95 0 92 82 0 0 0 0 
61500 94 92 0 94 82 0 0 0 0 
61600 95 99 0 95 83 0 0 0 0 
61700 86 97 0 89 80 0 0 0 0 
61800 92 96 0 90 85 0 0 0 0 
61900 94 99 0 96 88 0 0 0 0 
62000 90 95 0 90 86 0 0 0 0 
62100 86 90 0 81 73 0 0 0 0 
62200 88 96 0 84 87 0 0 0 0 
62300 94 100 0 94 85 0 0 0 0 
62400 93 99 0 95 89 0 0 0 0 
62500 94 99 0 92 93 0 0 0 0 
62600 95 100 0 90 81 0 0 0 0 
62700 89 98 0 88 90 0 0 0 0 
62800 91 97 0 83 82 0 0 0 0 
62900 93 99 0 92 95 0 0 0 0 
63000 94 100 2 93 93 0 0 0 0 
63100 94 95 0 92 88 0 0 0 0 
63200 93 94 0 89 85 0 0 0 0 
63300 96 99 0 91 85 0 0 0 0 
63400 91 97 0 88 84 0 0 0 0 
63500 92 99 0 91 87 0 0 0 0 
63600 90 98 0 89 78 0 0 0 0 
63700 86 93 0 89 81 0 0 0 0 
63800 92 99 0 93 81 0 0 0 0 
63900 89 92 0 86 82 0 0 0 0 
64000 88 99 0 94 84 0 0 0 0 
64100 94 100 0 82 84 0 0 0 0 
64200 91 97 0 87 77 0 0 0 0 
64300 87 94 0 85 84 0 0 0 0 
64400 92 97 0 86 80 0 0 0 0 
64500 93 95 1 88 89 0 0 0 0 
64600 92 98 0 91 82 0 0 0 0 
64700 98 97 0 93 91 0 0 0 0 
64800 95 95 0 91 90 0 0 0 0 
64900 95 94 1 95 87 0 0 0 0 
65000 88 94 0 87 79 0 0 0 0 
65100 94 98 0 94 88 0 0 0 0 
65200 93 99 1 95 89 0 0 0 0 
65300 85 95 0 87 86 0 0 0 0 
65400 88 99 0 97 88 0 0 0 0 
65500 94 97 0 84 88 0 0 0 0 
65600 96 95 0 89 88 0 0 0 0 
65700 95 100 0 89 84 0 0 0 0 
65800 91 98 0 94 80 0 0 0 0 
65900 95 98 0 90 92 0 0 0 0 
66000 90 94 0 90 83 0 0 0 0 
66100 88 98 0 91 83 0 0 0 0 
66200 88 97 0 88 81 0 0 0 0 
66300 91 95 0 93 87 0 0 0 0 
66400 84 93 0 87 70 0 0 0 0 
66500 87 100 0 95 83 0 0 0 0 
66600 93 99 0 90 85 0 0 0 0 
66700 90 95 0 89 84 0 0 0 0 
66800 81 99 0 84 78 0 0 0 0 
66900 90 99 0 90 85 0 0 0 0 
67000 87 96 0 87 77 0 0 0 0 
67100 81 86 0 83 65 0 0 0 0 
67200 79 91 0 81 68 0 0 0 0 
67300 88 97 0 91 80 0 0 0 0 
67400 92 97 0 90 87 0 0 0 0 
67500 82 95 0 93 76 0 0 0 0 
67600 89 99 0 96 90 0 0 0 0 
67700 89 94 0 87 84 0 0 0 0 
67800 87 95 0 93 80 0 0 0 0 
67900 93 97 0 95 87 0 0 0 0 
68000 87 99 0 94 76 0 0 0 0 
68100 89 100 0 96 86 0 0 0 0 
68200 84 96 0 96 78 0 0 0 0 
68300 96 100 0 94 82 0 0 0 0 
68400 90 98 0 95 88 0 0 0 0 
68500 91 100 0 94 88 0 0 0 0 
68600 95 99 0 94 89 0 0 0 0 
68700 88 98 0 94 80 0 0 0 0 
68800 92 98 0 92 88 0 0 0 0 
68900 84 93 0 94 79 0 0 0 0 
69000 89 97 0 93 87 0 0 0 0 
69100 92 97 0 99 91 0 0 0 0 
69200 90 98 0 94 86 0 0 0 0 
69300 94 97 0 93 87 0 0 0 0 
69400 92 99 0 93 89 0 0 0 0 
69500 89 99 0 95 86 0 0 0 0 
69600 96 99 0 98 93 0 0 0 0 
69700 93 100 0 97 91 0 0 0 0 
69800 91 99 0 94 83 0 0 0 0 
69900 85 98 0 98 87 0 0 0 0 
70000 87 99 0 94 80 0 0 0 0 
70100 91 100 0 93 90 0 0 0 0 
70200 86 97 0 91 71 0 0 0 0 
70300 90 93 0 95 77 0 0 0 0 
70400 89 97 0 95 79 0 0 0 0 
70500 88 99 0 91 84 0 0 0 0 
70600 92 100 0 90 79 0 0 0 0 
70700 90 100 0 93 86 0 0 0 0 
70800 80 95 0 90 64 0 0 0 0 
70900 93 100 0 94 84 0 0 0 0 
71000 92 98 0 95 84 0 0 0 0 
71100 82 100 0 84 81 0 0 0 0 
71200 83 98 0 99 80 0 0 0 0 
71300 82 94 0 90 81 0 0 0 0 
71400 93 99 0 94 85 0 0 0 0 
71500 89 100 0 94 81 0 0 0 0 
71600 86 98 0 98 88 0 0 0 0 
71700 90 97 0 94 83 0 0 0 0 
71800 91 97 0 87 84 0 0 0 0 
71900 88 96 0 98 82 0 0 0 0 
72000 88 92 0 92 87 0 0 0 0 
72100 95 97 0 95 82 0 0 0 0 
72200 92 93 0 91 76 0 0 0 0 
72300 84 96 0 92 82 0 0 0 0 
72400 93 95 0 93 82 0 0 0 0 
72500 88 97 0 96 88 0 0 0 0 
72600 88 93 0 96 85 0 0 0 0 
72700 89 94 0 92 83 0 0 0 0 
72800 91 98 0 91 83 0 0 0 0 
72900 93 97 0 94 88 0 0 0 0 
73000 89 96 0 94 77 0 0 0 0 
73100 95 98 0 97 90 0 0 0 0 
73200 89 96 0 92 82 0 0 0 0 
73300 95 98 0 92 92 0 0 0 0 
73400 89 98 0 95 82 0 0 0 0 
73500 86 100 0 97 82 0 0 0 0 
73600 88 97 0 95 84 0 0 0 0 
73700 84 94 0 86 77 0 0 0 0 
73800 79 94 0 91 70 0 0 0 0 
73900 85 96 0 89 76 0 0 0 0 
74000 89 99 0 94 82 0 0 0 0 
74100 90 95 0 94 82 0 0 0 0 
74200 88 97 0 98 81 0 0 0 0 
74300 85 92 0 96 77 0 0 0 0 
74400 86 89 0 92 85 0 0 0 0 
74500 93 93 0 91 84 0 0 0 0 
74600 81 98 0 91 81 0 0 0 0 
74700 86 95 0 92 83 0 0 0 0 
74800 90 97 0 92 83 0 0 0 0 
74900 85 93 0 90 79 0 0 0 0 
75000 84 98 0 90 85 0 0 0 0 
75100 90 99 0 95 86 0 0 0 0 
75200 89 100 0 98 81 0 0 0 0 
75300 91 98 0 92 85 0 0 0 0 
75400 90 96 0 94 82 0 0 0 0 
75500 83 95 0 86 76 0 0 0 0 
75600 97 99 0 96 91 0 0 0 0 
75700 91 95 0 95 85 0 0 0 0 
75800 89 98 0 98 87 0 0 0 0 
75900 89 99 0 96 87 0 0 0 0 
76000 90 92 0 93 87 0 0 0 0 
76100 89 94 0 89 89 0 0 0 0 
76200 86 96 0 86 78 0 0 0 0 
76300 89 96 0 93 88 0 0 0 0 
76400 95 100 0 96 93 0 0 0 0 
76500 94 97 0 91 89 0 0 0 0 
76600 84 92 0 89 81 0 0 0 0 
76700 95 99 0 94 85 0 0 0 0 
76800 90 97 0 91 82 0 0 0 0 
76900 82 96 0 87 76 0 0 0 0 
77000 91 96 0 91 85 0 0 0 0 
77100 84 94 0 87 80 0 0 0 0 
77200 91 94 0 91 85 0 0 0 0 
77300 84 98 0 91 85 0 0 0 0 
77400 86 94 1 88 75 0 0 0 0 
77500 93 97 0 87 83 0 0 0 0 
77600 89 93 0 92 90 0 0 0 0 
77700 92 95 0 91 82 0 0 0 0 
77800 84 92 2 88 75 0 0 0 0 
77900 88 95 0 82 84 0 0 0 0 
78000 92 95 0 85 89 0 0 0 0 
78100 96 97 0 90 89 0 0 0 0 
78200 93 97 0 91 88 0 0 0 0 
78300 84 97 0 95 81 0 0 0 0 
78400 92 97 0 93 75 0 0 0 0 
78500 91 94 0 93 89 0 0 0 0 
78600 96 98 0 88 88 0 0 0 0 
78700 92 99 1 89 85 0 0 0 0 
78800 90 94 0 89 85 0 0 0 0 
78900 95 97 0 90 89 0 0 0 0 
79000 86 92 0 88 85 0 0 0 0 
79100 87 96 1 87 85 0 0 0 0 
79200 91 95 0 93 82 0 0 0 0 
79300 90 96 0 94 84 0 0 0 0 
79400 93 98 0 95 84 0 0 0 0 
79500 96 95 0 96 93 0 0 0 0 
79600 96 97 0 94 90 0 0 0 0 
79700 88 97 2 95 82 0 0 0 0 
79800 86 96 2 88 77 0 0 0 0 
79900 89 92 0 89 86 0 0 0 0 
80000 97 95 0 98 89 0 0 0 0 
80100 90 94 0 95 86 0 0 0 0 
80200 98 96 0 91 90 0 0 0 0 
80300 98 93 0 98 90 0 0 0 0 
80400 93 98 0 93 90 0 0 0 0 
80500 84 91 0 87 83 0 0 0 0 
80600 91 98 0 84 86 0 0 0 0 
80700 87 97 0 93 86 0 0 0 0 
80800 87 97 0 85 82 0 0 0 0 
80900 88 90 0 84 84 0 0 0 0 
81000 92 98 0 88 85 0 0 0 0 
81100 83 91 0 87 80 0 0 0 0 
81200 90 93 0 87 82 0 0 0 0 
81300 87 91 0 86 81 0 0 0 0 
81400 92 95 0 87 89 0 0 0 0 
81500 86 89 0 82 80 0 0 0 0 
81600 88 97 0 94 81 0 0 0 0 
81700 92 96 0 90 83 0 0 0 0 
81800 89 98 0 94 91 0 0 0 0 
81900 89 93 0 92 83 0 0 0 0 
82000 93 91 0 86 85 0 0 0 0 
82100 88 93 0 78 82 0 0 0 0 
82200 93 97 0 94 84 0 0 0 0 
82300 93 96 0 93 86 0 0 0 0 
82400 86 93 0 89 80 0 0 0 0 
82500 87 88 0 91 85 0 0 0 0 
82600 87 92 0 86 83 0 0 0 0 
82700 92 96 0 88 85 0 0 0 0 
82800 95 94 0 93 88 0 0 0 0 
82900 94 99 0 93 90 0 0 0 0 
83000 88 91 0 87 84 0 0 0 0 
83100 94 96 0 90 90 0 0 0 0 
83200 87 94 0 87 83 0 0 0 0 
83300 93 92 0 87 88 0 0 0 0 
83400 95 96 0 91 91 0 0 0 0 
83500 87 94 0 93 83 0 0 0 0 
83600 89 97 0 93 80 0 0 0 0 
83700 89 93 0 92 89 0 0 0 0 
83800 95 98 0 90 90 0 0 0 0 
83900 95 97 0 93 94 0 0 0 0 
84000 96 99 0 96 90 0 0 0 0 
84100 96 94 0 94 91 0 0 0 0 
84200 91 95 0 85 89 0 0 0 0 
84300 89 97 0 81 85 0 0 0 0 
84400 94 94 0 84 89 0 0 0 0 
84500 87 93 0 92 78 0 0 0 0 
84600 91 93 0 86 86 0 0 0 0 
84700 94 93 0 92 91 0 0 0 0 
84800 96 99 0 97 84 0 0 0 0 
84900 91 97 0 89 81 0 0 0 0 
85000 94 96 0 89 86 0 0 0 0 
85100 94 95 0 90 86 0 0 0 0 
85200 87 94 0 93 79 0 0 0 0 
85300 90 93 0 93 88 0 0 0 0 
85400 95 95 0 93 94 0 0 0 0 
85500 85 96 0 89 82 0 0 0 0 
85600 93 100 0 99 91 0 0 0 0 
85700 90 94 0 86 84 0 0 0 0 
85800 87 97 0 89 86 0 0 0 0 
85900 95 98 0 96 91 0 0 0 0 
86000 90 96 0 91 84 0 0 0 0 
86100 90 97 0 90 84 0 0 0 0 
86200 99 95 0 90 91 0 0 0 0 
86300 93 90 0 92 87 0 0 0 0 
86400 94 99 0 92 94 0 0 0 0 
86500 94 99 0 96 87 0 0 0 0 
86600 85 95 0 85 86 0 0 0 0 
86700 94 98 0 87 88 0 0 0 0 
86800 91 97 0 85 88 0 0 0 0 
86900 89 100 0 83 82 0 0 0 0 
87000 93 96 0 95 89 0 0 0 0 
87100 92 96 0 88 82 0 0 0 0 
87200 86 95 0 90 82 0 0 0 0 
87300 94 94 0 87 83 0 0 0 0 
87400 94 98 0 97 92 0 0 0 0 
87500 97 94 0 90 91 0 0 0 0 
87600 94 97 0 93 85 0 0 0 0 
87700 93 96 0 87 80 0 0 0 0 
87800 97 94 0 87 93 0 0 0 0 
87900 95 96 0 96 91 0 0 0 0 
88000 97 98 0 94 88 0 0 0 0 
88100 85 94 0 89 77 0 0 0 0 
88200 85 96 1 89 86 0 0 0 0 
88300 89 97 0 90 85 0 0 0 0 
88400 89 94 0 86 87 0 0 0 0 
88500 89 95 0 92 86 0 0 0 0 
88600 97 98 0 92 94 0 0 0 0 
88700 90 92 0 86 83 0 0 0 0 
88800 92 98 0 94 87 0 0 0 0 
88900 93 94 0 93 82 0 0 0 0 
89000 92 95 0 90 88 0 0 0 0 
89100 88 93 0 84 84 0 0 0 0 
89200 95 95 0 93 86 0 0 0 0 
89300 95 94 0 90 90 0 0 0 0 
89400 95 100 0 93 90 0 0 0 0 
89500 92 99 0 90 88 0 0 0 0 
89600 96 96 0 95 93 0 0 0 0 
89700 94 99 0 97 89 0 0 0 0 
89800 93 95 0 93 90 0 0 0 0 
89900 93 98 0 88 85 0 0 0 0 
90000 89 96 0 92 80 0 0 0 0 
90100 87 98 1 91 82 0 0 0 0 
90200 87 87 0 88 88 0 0 0 0 
90300 94 94 0 97 91 0 0 0 0 
90400 95 99 0 92 88 0 0 0 0 
90500 96 100 0 91 88 0 0 0 0 
90600 88 95 0 78 79 0 0 0 0 
90700 93 97 0 91 93 0 0 0 0 
90800 90 92 0 86 84 0 0 0 0 
90900 96 97 0 89 87 0 0 0 0 
91000 90 96 0 94 83 0 0 0 0 
91100 94 97 0 89 89 0 0 0 0 
91200 85 94 0 84 82 0 0 0 0 
91300 88 90 0 94 85 0 0 0 0 
91400 84 97 0 79 80 0 0 0 0 
91500 87 98 0 85 85 0 0 0 0 
91600 90 93 0 91 86 0 0 0 0 
91700 93 95 0 88 87 0 0 0 0 
91800 85 96 0 84 79 0 0 0 0 
91900 93 99 0 95 85 0 0 0 0 
92000 90 94 0 89 83 0 0 0 0 
92100 87 91 0 91 86 0 0 0 0 
92200 88 95 0 87 88 0 0 0 0 
92300 84 92 0 81 81 0 0 0 0 
92400 85 98 0 87 81 0 0 0 0 
92500 81 87 0 82 75 0 0 0 0 
92600 92 98 0 99 90 0 0 0 0 
92700 92 94 0 97 90 0 0 0 0 
92800 99 100 0 100 93 0 0 0 0 
92900 95 97 0 93 85 0 0 0 0 
93000 89 95 0 91 88 0 0 0 0 
93100 91 93 0 87 83 0 0 0 0 
93200 89 95 0 85 82 0 0 0 0 
93300 91 94 0 88 89 0 0 0 0 
93400 93 98 0 97 85 0 0 0 0 
93500 88 94 0 92 83 0 0 0 0 
93600 88 92 0 88 86 0 0 0 0 
93700 91 94 0 92 86 0 0 0 0 
93800 91 98 0 97 86 0 0 0 0 
93900 86 93 0 86 79 0 0 0 0 
94000 94 99 0 95 91 0 0 0 0 
94100 89 94 0 89 82 0 0 0 0 
94200 89 95 0 89 87 0 0 0 0 
94300 88 99 0 84 82 0 0 0 0 
94400 91 97 0 92 84 0 0 0 0 
94500 86 94 0 84 74 0 0 0 0 
94600 86 93 0 85 80 0 0 0 0 
94700 93 96 0 89 87 0 0 0 0 
94800 92 91 0 93 82 0 0 0 0 
94900 85 95 0 92 83 0 0 0 0 
95000 90 96 0 91 85 0 0 0 0 
95100 94 93 0 92 92 0 0 0 0 
95200 86 94 0 91 84 0 0 0 0 
95300 88 91 0 84 77 0 0 0 0 
95400 94 98 0 89 84 0 0 0 0 
95500 82 91 0 85 76 0 0 0 0 
95600 84 91 0 84 78 0 0 0 0 
95700 94 96 0 94 89 0 0 0 0 
95800 89 99 0 94 83 0 0 0 0 
95900 99 96 0 93 92 0 0 0 0 
96000 87 96 0 88 82 0 0 0 0 
96100 95 97 0 94 90 0 0 0 0 
96200 89 96 0 89 84 0 0 0 0 
96300 94 95 0 87 84 0 0 0 0 
96400 88 95 0 92 82 0 0 0 0 
96500 88 98 0 94 83 0 0 0 0 
96600 91 90 0 89 86 0 0 0 0 
96700 90 97 0 88 88 0 0 0 0 
96800 88 93 0 88 85 0 0 0 0 
96900 89 96 0 93 85 0 0 0 0 
97000 86 97 0 90 78 0 0 0 0 
97100 84 97 0 82 65 0 0 0 0 
97200 84 91 0 86 83 0 0 0 0 
97300 81 95 0 84 80 0 0 0 0 
97400 89 100 0 94 89 0 0 0 0 
97500 90 94 0 92 84 0 0 0 0 
97600 91 97 0 92 90 0 0 0 0 
97700 91 95 0 92 87 0 0 0 0 
97800 82 90 0 85 78 0 0 0 0 
97900 94 95 0 90 87 0 0 0 0 
98000 87 96 0 88 82 0 0 0 0 
98100 88 96 0 90 81 0 0 0 0 
98200 97 100 0 93 96 0 0 0 0 
98300 87 97 0 91 88 0 0 0 0 
98400 93 92 0 91 89 0 0 0 0 
98500 85 96 0 81 78 0 0 0 0 
98600 94 100 0 97 91 0 0 0 0 
98700 92 97 0 87 85 0 0 0 0 
98800 85 95 0 90 87 0 0 0 0 
98900 90 96 0 91 81 0 0 0 0 
99000 93 97 0 87 93 0 0 0 0 
99100 83 91 0 81 79 0 0 0 0 
99200 92 97 0 95 90 0 0 0 0 
99300 85 96 0 93 85 0 0 0 0 
99400 96 98 0 87 91 0 0 0 0 
99500 91 97 0 93 85 0 0 0 0 
99600 91 98 0 91 86 0 0 0 0 
99700 93 96 0 89 88 0 0 0 0 
99800 73 93 0 86 74 0 0 0 0 
99900 92 91 0 89 82 0 0 0 0 
100000 93 98 0 97 91 0 0 0 0 
