# Avida tasks data
# Thu Apr 13 19:29:28 2023
# First column gives the current update, next columns give the number
# of organisms that have the particular task as a component of their merit
#  1: Update
#  2: Not
#  3: Nand
#  4: And
#  5: OrNot
#  6: Or
#  7: AndNot
#  8: Nor
#  9: Xor
# 10: Equals

0 0 0 0 0 0 0 0 0 0 
100 0 0 0 0 0 0 0 0 0 
200 0 0 0 0 0 0 0 0 0 
300 0 0 0 0 0 0 0 0 0 
400 0 0 0 0 0 0 0 0 0 
500 0 0 0 0 0 0 0 0 0 
600 201 10 0 0 0 0 0 0 0 
700 871 254 0 6 0 0 0 0 0 
800 1642 1075 0 3 0 0 0 0 0 
900 2536 2352 0 141 9 0 0 0 0 
1000 3672 4077 52 745 4 6 0 0 0 
1100 4507 5444 81 1572 3 87 0 0 0 
1200 5565 6463 85 2499 8 324 0 0 0 
1300 6200 7053 35 3450 12 752 0 0 0 
1400 7119 7246 21 4383 12 1331 0 0 0 
1500 7650 7152 42 5304 23 1910 0 0 0 
1600 8237 6885 64 6247 23 2560 0 0 0 
1700 8746 6840 52 6892 18 3076 0 0 0 
1800 9248 7519 56 7604 16 3569 0 0 0 
1900 9509 8217 72 8252 21 4104 0 0 0 
2000 9754 8717 84 8834 19 4725 0 0 0 
2100 10033 9241 88 9373 25 5402 0 0 0 
2200 10346 9780 98 10018 22 6044 0 0 0 
2300 10632 10257 110 10382 31 6621 0 0 0 
2400 10797 10732 109 10804 22 7293 0 0 0 
2500 11122 11238 108 11264 20 8056 0 0 0 
2600 11494 11677 127 11589 28 8727 0 0 0 
2700 11801 12088 98 11986 31 9353 0 0 0 
2800 11996 12574 151 12327 32 10012 0 0 0 
2900 12136 12927 127 12514 38 10455 0 0 0 
3000 12362 13068 119 12634 20 10958 0 0 0 
3100 12419 13290 120 12649 24 11115 0 0 0 
3200 12509 13400 125 12729 21 11310 0 0 0 
3300 12508 13418 134 12756 21 11538 0 0 0 
3400 12609 13582 150 12835 18 11841 0 0 0 
3500 12703 13546 151 12912 27 11963 0 0 0 
3600 12706 13582 176 12884 19 12116 0 0 0 
3700 12745 13659 174 12917 20 12280 0 0 0 
3800 12702 13698 160 12940 21 12420 0 0 0 
3900 12682 13638 132 12955 17 12329 0 0 0 
4000 12672 13617 143 12918 15 12366 0 0 0 
4100 12695 13632 164 12899 20 12362 0 0 0 
4200 12651 13591 201 12824 13 12315 0 0 0 
4300 12707 13643 161 12854 19 12361 0 0 0 
4400 12760 13602 157 12802 23 12298 0 0 0 
4500 12703 13600 180 12850 31 12307 0 0 0 
4600 12724 13584 164 12890 20 12331 0 0 0 
4700 12770 13620 157 12839 26 12325 0 0 0 
4800 12715 13579 130 12967 23 12367 0 0 0 
4900 12673 13658 155 12978 14 12460 0 0 0 
5000 12726 13595 143 12896 25 12366 0 0 0 
5100 12729 13576 143 12841 23 12317 0 0 0 
5200 12713 13626 159 12903 20 12399 0 0 0 
5300 12765 13607 135 12858 26 12380 0 0 0 
5400 12853 13652 159 12975 31 12389 0 0 0 
5500 12730 13673 157 12926 21 12421 0 0 0 
5600 12727 13593 137 12891 26 12349 0 0 0 
5700 12766 13616 145 12885 17 12423 0 0 0 
5800 12867 13681 155 12918 13 12500 0 0 0 
5900 12746 13596 175 12836 14 12329 0 0 0 
6000 12790 13574 136 12872 22 12352 0 0 0 
6100 12823 13592 141 12933 21 12412 0 0 0 
6200 12782 13652 169 12847 11 12303 0 0 0 
6300 12698 13582 151 12849 35 12307 0 0 0 
6400 12746 13551 145 12889 14 12379 0 0 0 
6500 12877 13646 179 12908 30 12426 0 0 0 
6600 12884 13616 169 12921 32 12416 0 0 0 
6700 12872 13576 164 12839 21 12374 0 0 0 
6800 12800 13625 160 12886 29 12416 0 0 0 
6900 12924 13673 173 12910 18 12429 0 0 0 
7000 12944 13659 134 12948 29 12407 0 0 0 
7100 12826 13586 132 12910 25 12374 0 0 0 
7200 12935 13636 120 12972 26 12417 0 0 0 
7300 12928 13575 124 12905 15 12377 0 0 0 
7400 12901 13639 139 12939 21 12390 0 0 0 
7500 12807 13614 130 12945 23 12462 0 0 0 
7600 12883 13658 123 12899 33 12412 0 0 0 
7700 12863 13629 130 12830 17 12336 0 0 0 
7800 12926 13658 117 12954 26 12419 0 0 0 
7900 12896 13593 124 12951 22 12476 0 0 0 
8000 12908 13614 107 12964 22 12403 0 0 0 
8100 12960 13592 138 12862 19 12332 0 0 0 
8200 12907 13595 128 12914 24 12400 0 0 0 
8300 12992 13611 170 12899 18 12414 0 0 0 
8400 12984 13645 129 12990 24 12473 0 0 0 
8500 12977 13667 112 12968 17 12506 0 0 0 
8600 12988 13626 132 12945 28 12463 0 0 0 
8700 12953 13661 137 12921 21 12421 0 0 0 
8800 13006 13659 140 12944 12 12484 0 0 0 
8900 12959 13598 132 12963 25 12438 0 0 0 
9000 12991 13616 133 13011 18 12489 0 0 0 
9100 12936 13595 152 12911 28 12402 0 0 0 
9200 12965 13672 137 12953 14 12531 0 0 0 
9300 13049 13662 123 12983 16 12464 0 0 0 
9400 13022 13626 133 12912 27 12398 0 0 0 
9500 13014 13642 126 13015 9 12498 0 0 0 
9600 13046 13640 128 13003 12 12464 0 0 0 
9700 12921 13663 118 12987 18 12458 2 0 0 
9800 13101 13655 114 13053 21 12550 1 0 0 
9900 13006 13678 153 12916 14 12473 3 0 0 
10000 13096 13642 106 12926 29 12532 8 0 0 
