# Avida tasks data
# Thu Apr 13 20:50:19 2023
# First column gives the current update, next columns give the number
# of organisms that have the particular task as a component of their merit
#  1: Update
#  2: Not
#  3: Nand
#  4: And
#  5: OrNot
#  6: Or
#  7: AndNot
#  8: Nor
#  9: Xor
# 10: Equals

0 0 0 0 0 0 0 0 0 0 
100 0 0 0 0 0 0 0 0 0 
200 0 0 0 0 0 0 0 0 0 
300 0 0 0 0 0 0 0 0 0 
400 0 0 0 0 0 0 0 0 0 
500 0 0 0 0 0 0 0 0 0 
600 3 0 0 0 0 0 0 0 0 
700 182 0 0 0 0 0 0 0 0 
800 1443 1 0 0 0 0 0 0 0 
900 3245 235 0 8 0 0 0 0 0 
1000 4682 643 0 791 4 0 0 0 0 
1100 5574 1740 0 1882 2 0 0 0 0 
1200 5574 1762 0 1900 1 0 0 0 0 
1300 5519 1731 0 1860 1 0 0 0 0 
1400 5518 1747 0 1872 0 0 0 0 0 
1500 5688 1945 0 2070 0 0 0 0 0 
1600 5689 1999 0 2108 0 0 0 0 0 
1700 5746 2059 0 2159 0 0 0 0 0 
1800 5760 2067 0 2165 0 0 0 0 0 
1900 5771 2074 0 2163 0 0 0 0 0 
2000 5777 2080 0 2171 0 0 0 0 0 
2100 5777 2080 0 2172 0 0 0 0 0 
2200 5776 2079 0 2171 0 0 0 0 0 
2300 5777 2080 0 2172 0 0 0 0 0 
2400 5777 2080 0 2170 0 0 0 0 0 
2500 5777 2080 0 2170 0 0 0 0 0 
2600 5776 2079 0 2169 0 0 0 0 0 
2700 5777 2080 0 2169 0 0 0 0 0 
2800 5776 2079 0 2168 0 0 0 0 0 
2900 5774 2077 0 2166 0 0 0 0 0 
3000 5776 2079 0 2168 0 0 0 0 0 
3100 6180 2482 0 2545 4 3 0 0 0 
3200 6432 2739 0 2758 12 6 0 0 0 
3300 6660 2930 0 2957 17 8 0 0 0 
3400 6878 3170 0 3199 16 7 0 0 0 
3500 7119 3490 0 3518 47 12 1 0 0 
3600 7300 3698 0 3728 50 23 3 0 0 
3700 7626 3990 0 4061 67 19 3 0 0 
3800 7973 4370 1 4455 85 19 1 0 0 
3900 8019 4448 0 4545 91 26 1 0 0 
4000 8013 4448 0 4561 92 24 1 0 0 
4100 8003 4434 0 4554 98 24 1 0 0 
4200 8011 4444 0 4569 92 24 1 0 0 
4300 8022 4459 0 4595 87 23 1 0 0 
4400 7995 4464 0 4626 86 18 1 0 0 
4500 8006 4509 0 4672 90 18 1 0 0 
4600 8016 4512 0 4681 90 18 1 0 0 
4700 8012 4520 0 4687 83 19 1 0 0 
4800 8035 4584 0 4716 87 18 1 0 0 
4900 8051 4608 0 4742 100 21 1 0 0 
5000 8054 4622 0 4744 99 28 1 0 0 
5100 8047 4621 0 4744 84 26 1 0 0 
5200 8044 4595 0 4743 92 20 1 0 0 
5300 8049 4634 0 4758 77 18 1 0 0 
5400 8071 4643 0 4784 84 13 1 0 0 
5500 8061 4664 0 4797 86 17 1 0 0 
5600 8069 4638 1 4830 94 14 2 0 0 
5700 8089 4690 0 4858 81 27 1 0 0 
5800 8093 4676 0 4890 90 21 3 0 0 
5900 8083 4688 0 4924 98 19 1 0 0 
6000 8107 4737 0 4987 86 19 1 0 0 
6100 8115 4773 0 5025 98 18 3 0 0 
6200 8116 4793 0 5056 102 29 1 0 0 
6300 8140 4841 0 5087 106 36 1 0 0 
6400 8134 4830 0 5086 114 28 1 0 0 
6500 8196 4868 0 5147 130 30 2 0 0 
6600 8200 4841 0 5150 132 30 2 0 0 
6700 8202 4852 0 5154 125 35 2 0 0 
6800 8209 4861 0 5161 119 36 2 0 0 
6900 8212 4864 0 5165 122 34 2 0 0 
7000 8274 4913 0 5230 120 28 2 0 0 
7100 8330 4972 0 5277 120 34 2 0 0 
7200 8335 4971 0 5289 145 35 2 0 0 
7300 8334 4981 0 5291 131 35 2 0 0 
7400 8331 4980 0 5295 141 29 2 0 0 
7500 8348 4997 0 5305 141 30 2 0 0 
7600 8322 4998 0 5297 141 28 1 0 0 
7700 8337 5008 0 5316 132 36 1 0 0 
7800 8356 5005 1 5326 132 36 1 0 0 
7900 8372 5039 0 5350 158 25 1 0 0 
8000 8408 5067 3 5379 148 21 1 0 0 
8100 8432 5101 0 5404 146 36 1 0 0 
8200 8466 5105 0 5443 142 27 1 0 0 
8300 8490 5123 0 5468 134 35 1 0 0 
8400 8540 5158 0 5513 150 32 1 0 0 
8500 8596 5243 0 5575 164 35 2 0 0 
8600 8627 5273 0 5609 169 37 1 0 0 
