# Avida tasks data
# Thu Apr 13 15:10:40 2023
# First column gives the current update, next columns give the number
# of organisms that have the particular task as a component of their merit
#  1: Update
#  2: Not
#  3: Nand
#  4: And
#  5: OrNot
#  6: Or
#  7: AndNot
#  8: Nor
#  9: Xor
# 10: Equals

0 0 0 0 0 0 0 0 0 0 
100 0 0 0 0 0 0 0 0 0 
200 0 0 0 0 0 0 0 0 0 
300 0 0 0 0 0 0 0 0 0 
400 0 0 0 0 0 0 0 0 0 
500 0 0 0 0 0 0 0 0 0 
600 2 0 0 0 0 0 0 0 0 
700 0 0 0 0 0 0 0 0 0 
800 10 0 0 0 0 0 0 0 0 
900 49 0 0 0 0 0 0 0 0 
1000 134 9 0 0 0 0 0 0 0 
1100 337 12 0 0 0 0 0 0 0 
1200 710 42 0 6 0 0 0 0 0 
1300 1394 149 0 8 0 0 0 0 0 
1400 2357 254 0 95 0 0 0 0 0 
1500 3622 417 0 1540 1352 0 0 0 0 
1600 4514 434 0 2290 2509 9 0 0 0 
1700 4801 449 0 2631 2845 0 0 0 0 
1800 5330 442 0 3195 3400 1 0 0 0 
1900 5681 405 0 3580 3858 4 0 0 0 
2000 6281 383 0 4212 4515 7 0 0 0 
2100 6597 350 0 4434 4861 9 0 0 0 
2200 6931 365 0 4817 5210 6 0 0 0 
2300 7299 333 0 5109 5576 8 0 0 0 
2400 7346 347 0 5158 5630 7 0 0 0 
2500 7768 325 0 5590 6079 8 0 0 0 
2600 7936 299 0 5764 6258 9 0 0 0 
2700 8411 275 2 6262 6792 17 0 0 0 
2800 8863 284 0 6770 7317 21 0 0 0 
2900 9316 283 0 7257 7941 12 0 0 0 
3000 9606 284 0 7627 8303 5 0 0 0 
3100 9889 282 4 7993 8721 4 0 0 0 
3200 10134 279 1 8389 9116 14 0 0 0 
3300 10408 324 4 8620 9471 16 0 0 0 
3400 10708 290 0 8995 9924 15 0 0 0 
3500 10905 268 0 9266 10173 17 0 0 0 
3600 10994 257 0 9460 10348 21 0 0 0 
3700 11001 250 0 9504 10387 22 0 0 0 
3800 11002 250 0 9502 10386 22 0 0 0 
3900 11000 254 0 9529 10398 23 0 0 0 
4000 11000 254 0 9529 10398 23 0 0 0 
4100 11016 272 0 9568 10409 17 0 0 0 
4200 11015 272 0 9567 10408 17 0 0 0 
4300 11029 238 0 9608 10472 22 0 0 0 
4400 11091 242 0 9718 10524 26 0 0 0 
4500 11091 242 0 9718 10524 26 0 0 0 
4600 11091 242 0 9718 10524 26 0 0 0 
4700 11091 242 0 9718 10524 26 0 0 0 
4800 11091 242 0 9718 10524 26 0 0 0 
4900 11092 242 0 9719 10525 26 0 0 0 
5000 11091 242 0 9718 10524 26 0 0 0 
5100 11091 242 0 9718 10524 26 0 0 0 
5200 11092 242 0 9719 10525 26 0 0 0 
5300 11091 242 0 9718 10524 26 0 0 0 
5400 11091 242 0 9718 10524 26 0 0 0 
5500 11091 242 0 9718 10524 26 0 0 0 
5600 11091 242 0 9718 10524 26 0 0 0 
5700 11091 242 0 9718 10524 26 0 0 0 
5800 11091 242 0 9718 10524 26 0 0 0 
5900 11091 242 0 9718 10524 26 0 0 0 
6000 11091 242 0 9718 10524 26 0 0 0 
6100 11091 242 0 9718 10524 26 0 0 0 
6200 11091 242 0 9718 10524 26 0 0 0 
6300 11091 242 0 9718 10524 26 0 0 0 
6400 11091 242 0 9718 10524 26 0 0 0 
6500 11091 242 0 9718 10524 26 0 0 0 
6600 11091 242 0 9718 10524 26 0 0 0 
6700 11091 242 0 9718 10524 26 0 0 0 
6800 11091 242 0 9718 10524 26 0 0 0 
6900 11091 242 0 9718 10524 26 0 0 0 
7000 11071 249 0 9721 10531 28 0 0 0 
7100 11082 249 0 9731 10538 28 0 0 0 
7200 11082 249 0 9732 10539 28 0 0 0 
7300 11082 249 0 9733 10539 28 0 0 0 
7400 11079 249 0 9731 10537 28 0 0 0 
7500 11085 262 0 9694 10494 33 0 0 0 
7600 11084 266 0 9693 10493 33 0 0 0 
7700 11082 264 0 9693 10493 33 0 0 0 
7800 11081 264 0 9693 10493 33 0 0 0 
7900 11096 263 0 9704 10500 34 0 0 0 
8000 11081 256 0 9736 10531 33 0 0 0 
8100 11087 256 0 9749 10536 33 0 0 0 
8200 11121 245 0 9741 10535 34 0 0 0 
8300 11122 245 0 9743 10537 34 0 0 0 
8400 11122 245 0 9743 10538 34 0 0 0 
8500 11158 241 0 9734 10516 36 1 0 0 
8600 11198 273 0 9785 10527 31 0 0 0 
8700 11199 273 0 9786 10528 31 0 0 0 
8800 11198 273 0 9785 10527 31 0 0 0 
8900 11198 273 0 9785 10527 31 0 0 0 
9000 11206 275 0 9786 10530 33 0 0 0 
9100 11200 288 0 9771 10519 32 0 0 0 
9200 11178 289 0 9730 10518 34 1 0 0 
9300 11176 287 0 9735 10519 31 0 0 0 
9400 11187 311 0 9738 10479 32 0 0 0 
9500 11118 297 0 9729 10483 78 277 0 0 
9600 10956 335 3 9757 10480 94 801 0 0 
9700 11110 375 12 10041 10754 103 1316 0 0 
9800 11190 350 8 10123 10878 95 1550 0 0 
9900 11236 376 11 10271 11036 109 1855 0 0 
10000 11353 404 12 10494 11233 121 2247 0 0 
