# Avida tasks data
# Thu Apr 13 22:48:30 2023
# First column gives the current update, next columns give the number
# of organisms that have the particular task as a component of their merit
#  1: Update
#  2: Not
#  3: Nand
#  4: And
#  5: OrNot
#  6: Or
#  7: AndNot
#  8: Nor
#  9: Xor
# 10: Equals

0 0 0 0 0 0 0 0 0 0 
100 0 0 0 0 0 0 0 0 0 
200 0 0 0 0 0 0 0 0 0 
300 0 0 0 0 0 0 0 0 0 
400 0 0 0 0 0 0 0 0 0 
500 0 0 0 0 0 0 0 0 0 
600 0 0 0 0 0 0 0 0 0 
700 0 797 0 1324 0 0 0 0 0 
800 620 4109 0 4217 6 0 0 0 0 
900 3219 5735 0 5786 15 0 0 0 0 
1000 5347 7253 3 7214 23 2 0 0 0 
1100 6957 8403 84 8430 34 7 0 0 0 
1200 8066 9358 371 9429 32 282 3 0 0 
1300 8651 9759 2108 9944 44 68 0 0 0 
1400 9654 10465 3877 10640 53 111 3 0 0 
1500 10073 10904 5411 10977 56 157 4 0 0 
1600 10475 11209 6629 11351 88 192 5 0 0 
1700 10823 11581 7876 11769 71 209 5 0 0 
1800 11189 11971 8897 12098 317 227 6 0 0 
1900 11509 12236 9881 12439 1032 233 2 0 0 
2000 11734 12355 10360 12551 2013 808 5 0 0 
2100 11858 12468 10799 12661 3027 2895 3 0 0 
2200 11979 12515 11170 12691 4396 4653 3 0 0 
2300 12252 12781 11509 12937 5879 6376 4 0 0 
2400 12497 13108 11809 13264 7293 7818 9 0 0 
2500 12735 13168 12136 13328 8488 9105 11 0 0 
2600 12828 13237 12348 13343 9803 10239 12 0 0 
2700 12840 13311 12576 13402 10759 11278 11 0 0 
2800 12900 13446 12735 13465 11398 12082 12 0 0 
2900 12942 13420 13068 13497 11920 12467 7 0 0 
3000 12845 13439 13187 13521 12009 12758 15 0 0 
3100 12928 13465 13229 13448 12118 12971 20 0 0 
3200 12896 13515 13334 13488 12176 12981 16 0 0 
3300 12982 13496 13410 13506 12261 13023 8 0 0 
3400 12862 13512 13368 13533 12215 12901 9 0 0 
3500 12973 13535 13464 13554 12276 13069 16 0 0 
3600 12999 13524 13398 13522 12340 12988 23 0 0 
3700 12954 13520 13428 13590 12339 12956 12 0 0 
3800 12899 13452 13385 13440 12245 12991 23 0 0 
3900 12965 13433 13308 13458 12292 13002 20 0 0 
4000 13021 13530 13389 13557 12359 13115 16 0 0 
4100 12970 13486 13417 13545 12313 12991 10 0 0 
4200 12991 13495 13416 13571 12405 13001 10 0 0 
4300 13025 13583 13481 13540 12338 12949 15 0 0 
4400 13052 13444 13484 13527 12372 13012 18 0 0 
4500 13075 13498 13418 13523 12424 13025 21 0 0 
4600 13036 13503 13480 13559 12412 13030 13 0 0 
4700 12921 13443 13359 13431 12238 13019 31 0 0 
4800 12968 13512 13404 13555 12296 13001 23 0 0 
4900 13015 13515 13441 13538 12308 13107 19 0 0 
5000 12959 13484 13441 13522 12328 13019 19 0 0 
5100 12931 13500 13451 13492 12271 13017 21 0 0 
5200 13055 13483 13453 13468 12399 13052 21 0 0 
5300 12985 13545 13419 13535 12394 13078 28 0 0 
5400 12996 13517 13420 13515 12278 13059 18 0 0 
5500 13095 13565 13486 13507 12439 13085 23 0 0 
5600 12988 13612 13498 13593 12390 13120 8 0 0 
5700 12934 13525 13473 13558 12296 13011 22 0 0 
5800 12950 13568 13465 13550 12332 12993 23 0 39 
5900 13033 13457 13433 13458 12252 13079 28 0 2271 
6000 13021 13430 13370 13445 12203 11150 33 0 3251 
6100 12987 13473 13332 13429 12104 9429 31 0 3879 
6200 12944 13437 13338 13420 11986 8795 43 2 4299 
6300 12954 13446 13326 13434 12025 8763 39 2 4336 
6400 12936 13466 13315 13396 11977 7869 42 1 4976 
6500 12934 13468 13314 13396 11977 7867 42 1 4975 
6600 12962 13523 13277 13371 11972 6829 50 2 5811 
6700 13002 13466 13296 13347 12009 6099 45 0 6586 
6800 12955 12583 13254 13263 11866 5100 62 0 7198 
6900 12957 12584 13254 13265 11870 5100 62 0 7198 
7000 12958 12584 13254 13265 11865 5100 62 0 7194 
7100 12988 12337 13277 13323 11877 4949 48 0 7418 
7200 12989 12338 13278 13324 11878 4949 48 0 7419 
7300 12989 12338 13276 13324 11877 4951 48 0 7416 
7400 12990 12338 13277 13325 11878 4953 48 0 7418 
7500 12990 12338 13278 13325 11876 4952 48 0 7417 
7600 12990 12339 13279 13325 11875 4952 48 0 7418 
7700 12990 12339 13279 13325 11876 4951 48 0 7419 
7800 12990 12339 13279 13325 11878 4951 48 0 7421 
7900 12991 12338 13279 13325 11878 4951 48 0 7421 
8000 12972 12087 13216 13274 11861 4827 47 0 7491 
8100 13033 11473 13244 13308 11882 4206 48 0 8145 
8200 13030 11586 13183 13279 11858 3488 64 1 8720 
8300 13097 12060 13200 13306 11875 2850 76 1 9179 
8400 13096 12244 13211 13238 11812 2486 52 0 9535 
8500 13043 12221 13153 13183 11753 2439 59 0 9463 
8600 13065 12363 13099 13177 11735 1800 84 3 9949 
8700 13157 12408 13151 13176 11736 1593 66 2 10084 
8800 13157 12408 13151 13176 11736 1593 66 2 10084 
8900 13114 12476 13124 13200 11698 1337 94 2 10370 
9000 13108 12550 13151 13157 11711 1148 84 2 10528 
9100 13108 12588 13066 13129 11711 785 100 5 10801 
9200 13061 12730 13081 13096 11673 627 68 6 10989 
9300 13168 12832 13078 13103 11726 546 75 2 11039 
9400 13041 12864 13084 12993 11574 463 77 2 11032 
9500 13097 12939 13078 13028 11617 385 73 5 11068 
9600 13145 12878 13041 13157 11668 358 105 1 11200 
9700 13110 12500 12583 13091 11245 410 108 1 11068 
