# Avida tasks data
# Thu Apr 13 23:57:26 2023
# First column gives the current update, next columns give the number
# of organisms that have the particular task as a component of their merit
#  1: Update
#  2: Not
#  3: Nand
#  4: And
#  5: OrNot
#  6: Or
#  7: AndNot
#  8: Nor
#  9: Xor
# 10: Equals

0 0 0 0 0 0 0 0 0 0 
100 0 0 0 0 0 0 0 0 0 
200 0 0 0 0 0 0 0 0 0 
300 0 0 0 0 0 0 0 0 0 
400 0 0 0 0 0 0 0 0 0 
500 0 0 0 0 0 0 0 0 0 
600 4 570 0 0 0 0 0 0 0 
700 11 1169 0 6 0 0 0 0 0 
800 14 1204 0 10 0 0 0 0 0 
900 32 1227 0 40 2 0 0 0 0 
1000 32 1236 0 36 0 0 0 0 0 
1100 32 1234 0 35 0 0 0 0 0 
1200 32 1235 0 35 0 0 0 0 0 
1300 39 1236 0 41 0 0 0 0 0 
1400 16 1321 0 13 0 0 0 0 0 
1500 25 1404 0 7 0 0 0 0 0 
1600 30 1538 2 6 0 0 0 0 0 
1700 32 1682 0 10 0 0 0 0 0 
1800 70 1763 1 14 0 0 0 0 0 
1900 76 1915 0 9 0 0 0 0 0 
2000 85 2012 2 13 0 0 0 0 0 
2100 100 2092 4 18 0 0 0 0 0 
2200 82 2208 6 20 0 0 0 0 0 
2300 51 2258 5 26 0 0 0 0 0 
2400 53 2310 3 405 0 0 0 0 0 
2500 55 2373 4 681 0 1 0 0 0 
2600 77 2436 5 1003 0 0 0 0 0 
2700 114 2447 7 1266 0 0 0 0 0 
2800 133 2484 4 1432 0 0 0 0 0 
2900 151 2537 3 1614 0 0 0 0 0 
3000 201 2666 3 1829 0 2 0 0 0 
3100 266 2801 2 2045 0 0 0 0 0 
3200 339 2969 5 2270 0 0 0 0 0 
3300 412 3153 4 2510 0 0 0 0 0 
3400 708 3243 7 2515 0 2 0 0 0 
3500 1115 3242 6 2612 0 2 0 0 0 
3600 1473 3292 6 2679 0 2 0 0 0 
3700 1771 3365 6 2763 0 2 0 0 0 
3800 2066 3504 8 2926 0 1 0 0 0 
3900 2443 3714 7 3152 0 0 0 0 0 
4000 2747 3909 10 3374 0 0 0 0 0 
4100 3039 4070 7 3543 0 1 0 0 0 
4200 3359 4327 10 3781 0 0 0 0 0 
4300 3636 4563 12 4003 0 0 0 0 0 
4400 3989 4835 19 4261 1 0 0 0 0 
4500 4313 5125 10 4526 0 0 0 0 0 
4600 4671 5433 12 4843 1 0 0 0 0 
4700 5094 5805 18 5162 1 1 0 0 0 
4800 5376 6044 15 5428 0 2 0 0 0 
4900 5695 6326 9 5656 0 2 0 0 0 
5000 6027 6650 9 6004 0 3 0 0 0 
5100 6349 6935 14 6287 2 0 0 0 0 
5200 6681 7199 11 6532 1 0 0 0 0 
5300 6846 7386 10 6668 1 0 0 0 0 
5400 7114 7636 11 6913 0 2 0 0 0 
5500 7511 7972 10 7261 0 1 0 0 0 
5600 7790 8242 10 7233 0 1 0 0 0 
5700 7557 8498 10 7638 0 1 0 0 0 
5800 7248 8590 10 7885 0 1 0 0 0 
5900 6971 8741 10 8075 0 2 0 0 0 
6000 6725 8915 10 8273 0 1 0 0 0 
6100 6490 9062 10 8456 0 1 0 0 0 
6200 6246 9230 9 8641 0 1 0 0 0 
6300 6025 9382 9 8789 0 0 0 0 0 
6400 5885 9568 8 9005 0 0 0 0 0 
6500 5689 9781 8 9224 1 2 0 0 0 
