# Avida tasks data
# Thu Apr 13 18:44:40 2023
# First column gives the current update, next columns give the number
# of organisms that have the particular task as a component of their merit
#  1: Update
#  2: Not
#  3: Nand
#  4: And
#  5: OrNot
#  6: Or
#  7: AndNot
#  8: Nor
#  9: Xor
# 10: Equals

0 0 0 0 0 0 0 0 0 0 
100 0 0 0 0 0 0 0 0 0 
200 0 0 0 0 0 0 0 0 0 
300 0 0 0 0 0 0 0 0 0 
400 0 0 0 0 0 0 0 0 0 
500 0 0 0 0 0 0 0 0 0 
600 0 4 0 0 0 0 0 0 0 
700 86 29 0 0 0 0 0 0 0 
800 353 115 0 1005 0 0 0 0 0 
900 491 875 1269 2954 0 7 0 0 0 
1000 849 2792 3058 4574 0 623 0 0 0 
1100 2573 4704 4380 6084 223 2520 0 1 0 
1200 4357 5511 5763 7749 1050 4133 3 0 0 
1300 6039 5546 6797 8893 2310 5622 6 4 0 
1400 7467 5432 7636 9841 3524 6910 10 6 0 
1500 8537 4914 8098 10325 4689 7864 17 2 0 
1600 9367 4280 8503 10697 5828 8599 33 2 0 
1700 9925 3638 8695 10870 6698 8973 19 2 1 
1800 10505 3017 8919 11024 7649 9353 33 2 0 
1900 11014 2618 9191 11221 8466 9759 53 2 2 
2000 11507 2168 9470 11502 9293 10105 40 0 0 
2100 11929 1729 9713 11626 9922 10383 45 2 2 
2200 12239 1318 9660 11703 10544 10470 60 1 0 
2300 12515 963 9733 11843 11022 10636 38 1 0 
2400 12753 698 9825 11883 11447 10725 67 0 0 
2500 12790 503 9736 11839 11642 10645 52 2 0 
2600 12912 318 9807 11942 11791 10760 62 1 0 
2700 12969 199 9951 12026 12056 10860 66 0 0 
2800 12872 160 9782 11872 11960 10735 58 0 0 
2900 12925 135 9965 11984 12204 10922 53 0 1 
3000 12990 130 9698 11923 12092 10741 72 0 0 
3100 12857 131 9979 12035 12091 10914 60 0 0 
3200 12931 134 9730 11848 12174 10671 58 0 0 
3300 12986 142 9863 11848 12129 10810 34 0 2 
3400 13001 140 9821 11911 12130 10761 58 0 0 
3500 13014 180 9854 11960 12109 10765 51 0 0 
3600 13029 149 9822 11915 12206 10818 41 0 0 
3700 13033 181 9876 11931 12124 10835 44 0 4 
3800 13070 223 9816 11862 12148 10778 53 0 2 
3900 13103 244 9970 11951 12175 10868 66 0 0 
4000 13090 227 9901 11985 12236 10810 47 0 1 
4100 13089 284 9950 11959 12223 10833 73 0 0 
4200 13166 333 9876 11956 12269 10874 43 0 0 
4300 13081 493 9826 11950 12148 10784 52 0 0 
4400 13149 748 9965 11975 12249 10845 37 0 2 
4500 13122 912 9961 12051 12212 10888 38 0 0 
4600 13137 1247 10026 12050 12195 10935 54 0 2 
4700 13216 1433 9890 12010 12225 10856 50 0 1 
4800 13178 1742 9867 11883 12136 10794 64 0 2 
4900 13215 2146 9814 11968 12077 10734 63 1 1 
5000 13062 2510 9759 11923 11946 10720 306 0 1 
5100 13075 3038 9866 11895 12013 10814 692 0 0 
5200 13201 3433 9828 12016 11987 10721 1298 2 0 
5300 13152 3860 9538 11948 11977 10645 1785 0 0 
5400 13122 4194 9474 12008 11964 10609 2339 1 2 
5500 13060 4610 9200 11847 11912 10426 2911 0 1 
5600 12946 5269 9391 11997 11950 10687 3595 2 4 
5700 12970 5810 9305 12009 11956 10594 4210 1 3 
5800 13013 6102 9219 12076 11949 10666 4627 0 2 
5900 12946 6279 8846 11938 11813 10422 5067 0 9 
6000 12941 6798 8943 11978 11945 10481 5570 2 8 
6100 12936 7000 8792 12001 12093 10478 6153 1 1 
6200 12907 7305 8670 12041 12053 10370 6654 3 5 
6300 12838 7312 8462 11969 11957 10365 6759 3 4 
6400 12794 7683 8680 12041 12113 10393 7245 0 8 
6500 12782 7488 8326 11890 12054 10158 7264 2 3 
6600 12818 7846 8578 12025 12074 10435 7599 3 6 
6700 12751 7993 8575 11963 12058 10425 7845 2 6 
6800 12770 7941 8442 12005 12144 10370 7833 0 2 
6900 12684 7935 8379 11972 12022 10337 7823 0 10 
7000 12703 8127 8475 11968 12081 10421 8037 0 3 
7100 12768 8073 8368 11951 12089 10286 8064 0 6 
7200 12804 8294 8550 11964 12133 10401 8254 0 12 
7300 12790 8064 8324 11897 12066 10276 8119 0 6 
7400 12668 8135 8403 11835 11937 10234 8068 0 3 
7500 12818 8195 8487 11987 12169 10291 8263 0 4 
7600 12920 8185 8450 12029 12156 10482 8235 1 9 
7700 12857 8167 8459 12045 12170 10426 8271 0 7 
7800 12759 8155 8452 11960 12108 10402 8118 0 12 
7900 12926 8187 8445 11916 12119 10317 8236 0 3 
8000 12775 8234 8528 12003 12074 10402 8227 0 7 
8100 12819 8128 8397 11933 12028 10290 8197 1 8 
8200 12755 8086 8355 11969 12063 10294 8102 4 5 
8300 12784 8111 8333 11924 12072 10299 8171 1 0 
8400 12761 6629 7520 11856 11985 10211 6614 186 1496 
8500 12651 6271 6592 11925 11997 8222 6232 8 2054 
8600 12528 6465 5449 11987 11983 6738 5143 2 3248 
8700 12472 6752 4890 12024 12021 6034 4594 2 3885 
8800 12555 6631 4282 12160 12087 6227 4002 1 4628 
8900 12573 5871 3839 12210 12045 7125 3608 1 5013 
9000 12571 5781 3821 12172 12051 7311 3593 1 4985 
9100 12435 5771 3814 12181 12081 7221 3628 3 5096 
