# Avida tasks data
# Thu Apr 13 20:57:59 2023
# First column gives the current update, next columns give the number
# of organisms that have the particular task as a component of their merit
#  1: Update
#  2: Not
#  3: Nand
#  4: And
#  5: OrNot
#  6: Or
#  7: AndNot
#  8: Nor
#  9: Xor
# 10: Equals

0 0 0 0 0 0 0 0 0 0 
100 0 0 0 0 0 0 0 0 0 
200 0 0 0 0 0 0 0 0 0 
300 0 0 0 0 0 0 0 0 0 
400 0 0 0 0 0 0 0 0 0 
500 0 0 0 0 0 0 0 0 0 
600 75 0 0 0 0 0 0 0 0 
700 432 0 0 0 0 0 0 0 0 
800 1551 40 0 0 0 0 0 0 0 
900 3267 1050 5 1045 13 0 0 0 0 
1000 5139 3769 272 3599 146 3 0 0 0 
1100 5504 4973 1259 4568 779 551 3 0 0 
1200 5033 5571 492 5357 2742 2329 8 0 0 
1300 5856 6711 226 6529 4460 3773 23 0 0 
1400 7115 8063 197 7904 6255 5303 22 0 0 
1500 8573 9572 229 9390 7794 6602 34 0 0 
1600 9573 10772 220 10629 9073 7609 51 0 0 
1700 10434 11509 205 11366 10011 8506 54 0 0 
1800 10978 12020 232 11848 10551 8955 68 0 0 
1900 11612 12471 216 12471 11407 9696 56 0 0 
2000 12089 12961 201 12851 11819 10061 77 0 0 
2100 12280 13095 196 13095 12121 10439 91 0 0 
2200 12422 13223 188 13141 12211 10562 73 0 0 
2300 12522 13265 237 13109 12281 10484 61 0 0 
2400 12492 13252 224 13168 12278 10514 79 0 0 
2500 12584 13298 204 13229 12335 10634 99 0 0 
2600 12551 13316 219 13245 12326 10603 79 0 0 
2700 12494 13296 158 13279 12410 10744 91 0 0 
2800 12508 13281 227 13225 12259 10689 69 0 0 
2900 12611 13319 229 13228 12409 10671 73 0 0 
3000 12512 13312 210 13278 12423 10697 66 0 0 
3100 12608 13341 209 13254 12376 10740 67 0 0 
3200 12572 13294 210 13229 12397 10668 109 0 0 
3300 12610 13286 228 13213 12320 10588 105 0 0 
3400 12601 13312 201 13222 12360 10705 88 0 0 
3500 12736 13334 204 13268 12367 10776 101 0 0 
3600 12702 13344 179 13256 12387 10737 121 0 0 
3700 12690 13329 194 13284 12437 10806 110 0 0 
3800 12704 13380 196 13291 12380 10767 117 0 0 
3900 12506 13241 207 13190 12347 10640 125 0 0 
4000 12650 13286 221 13215 12289 10623 102 0 0 
4100 12714 13240 315 13269 12437 10880 81 0 0 
4200 12758 13149 404 13266 12457 10882 92 0 0 
4300 12874 13013 519 13234 12371 10879 87 0 0 
4400 12795 12945 643 13246 12375 10809 110 0 0 
4500 12721 12749 840 13260 12488 10877 107 0 0 
4600 12805 12512 1099 13286 12432 10931 99 0 0 
4700 12791 12207 1331 13278 12418 10981 80 0 0 
4800 12830 11945 1559 13264 12436 10869 111 0 0 
4900 12885 11564 1937 13320 12474 10987 108 0 0 
5000 12866 11275 2259 13297 12463 10892 99 0 0 
5100 12823 10850 2594 13299 12461 10939 118 0 0 
5200 12877 10322 3096 13242 12442 10925 109 0 0 
5300 12802 9778 3657 13274 12340 10846 115 0 0 
5400 12920 9405 4018 13315 12505 10970 131 0 0 
5500 12849 8892 4527 13234 12376 10869 121 0 0 
5600 12736 8460 5163 13261 12451 10878 128 0 0 
5700 12720 8004 5999 13338 12458 10923 124 0 0 
5800 12558 8349 6451 13288 12429 10964 142 0 0 
5900 12506 8682 6748 13346 12444 11042 136 0 1 
6000 12398 9166 7151 13355 12476 11181 139 0 0 
6100 12130 9690 7338 13402 12299 11023 183 0 0 
6200 12091 9942 7782 13409 12305 11082 165 0 0 
6300 11953 10351 8129 13489 12379 11291 173 0 2 
6400 11805 10724 8522 13446 12407 11373 177 0 0 
6500 11778 11192 8843 13460 12369 11460 184 0 0 
6600 11693 11453 9067 13490 12339 11448 230 0 0 
6700 11566 11814 9274 13495 12199 11379 227 0 0 
6800 11562 12108 9516 13616 12391 11562 209 0 0 
6900 11375 12363 9493 13566 12247 11443 215 0 0 
7000 11391 12539 9592 13516 12326 11432 201 0 1 
7100 11212 12626 9639 13549 12218 11402 197 0 0 
7200 11300 12708 9762 13495 12233 11358 220 0 0 
7300 11284 12865 9948 13581 12325 11459 233 0 0 
7400 11337 13000 9982 13616 12269 11495 215 0 4 
7500 11257 12982 9940 13562 12251 11517 208 0 4 
7600 11301 13135 10068 13542 12265 11529 187 0 1 
7700 11248 13117 10049 13569 12278 11471 184 0 0 
7800 11248 13191 10010 13620 12300 11534 179 0 1 
7900 11268 13185 10050 13603 12263 11548 201 0 1 
8000 11302 13217 9961 13583 12263 11451 218 0 2 
8100 11363 13200 10072 13540 12345 11504 168 0 0 
8200 11274 13126 10029 13536 12351 11548 186 0 0 
8300 11353 13200 10037 13539 12306 11510 214 0 0 
8400 11349 13171 10053 13565 12340 11501 171 0 0 
8500 11307 13230 10057 13557 12306 11585 207 0 2 
8600 11138 13235 10023 13541 12330 11444 159 0 0 
8700 11229 13207 10084 13562 12307 11533 159 0 0 
8800 11352 13206 10159 13530 12324 11553 156 0 0 
8900 11404 13146 10079 13625 12353 11551 187 0 0 
9000 11430 13277 10198 13582 12411 11574 177 0 0 
9100 11415 13240 10117 13596 12383 11559 186 0 0 
9200 11338 13246 10095 13575 12339 11565 179 0 0 
9300 11494 13271 10186 13601 12303 11563 148 0 0 
9400 11560 13238 10261 13649 12423 11589 168 0 1 
9500 11477 13305 10254 13568 12352 11541 164 0 0 
9600 11538 13233 10297 13668 12401 11572 166 0 0 
9700 11426 13201 10230 13615 12405 11594 141 0 0 
9800 11485 13246 10283 13604 12394 11535 160 0 0 
9900 11627 13191 10268 13613 12524 11644 190 0 0 
10000 11539 13292 10349 13578 12475 11693 170 2 0 
