# Avida tasks data
# Thu Apr 13 23:42:20 2023
# First column gives the current update, next columns give the number
# of organisms that have the particular task as a component of their merit
#  1: Update
#  2: Not
#  3: Nand
#  4: And
#  5: OrNot
#  6: Or
#  7: AndNot
#  8: Nor
#  9: Xor
# 10: Equals

0 0 0 0 0 0 0 0 0 0 
100 0 0 0 0 0 0 0 0 0 
200 0 0 0 0 0 0 0 0 0 
300 0 0 0 0 0 0 0 0 0 
400 0 0 0 0 0 0 0 0 0 
500 0 0 0 0 0 0 0 0 0 
600 111 404 0 0 0 0 0 0 0 
700 369 2115 0 10 0 0 0 0 0 
800 2155 3116 672 1970 1 0 0 0 0 
900 3553 4151 1761 3360 2 13 0 0 0 
1000 5278 5685 3261 5131 8 38 0 0 0 
1100 7153 7423 4765 7013 4 107 0 0 0 
1200 9095 9280 6262 8907 8 216 1 0 0 
1300 10881 11029 7335 10788 21 693 0 0 0 
1400 12059 12115 7906 11986 27 1248 3 0 0 
1500 12971 12904 8086 12857 52 1906 1 0 0 
1600 13105 13109 7703 13005 69 2659 2 0 0 
1700 13139 13054 7038 12966 123 3497 5 0 0 
1800 13199 13150 6396 13111 119 4414 13 0 0 
1900 13174 13137 5531 13021 120 5420 12 0 0 
2000 13191 13166 4675 12997 142 6306 11 0 0 
2100 13167 13193 3932 13010 142 7207 8 0 0 
2200 13146 13168 3194 12953 186 7873 14 0 0 
2300 13219 13148 2496 12904 226 8550 8 0 0 
2400 13225 13187 1859 12926 284 9021 22 0 0 
2500 13275 13175 1417 12881 331 9418 9 0 0 
2600 13279 13225 1063 12959 372 9713 10 0 0 
2700 13240 13116 838 12780 423 9862 20 0 0 
2800 13222 13151 584 12838 438 10089 13 0 0 
2900 13271 13228 541 12839 404 10275 11 0 0 
3000 13310 13202 420 12923 481 10380 9 0 0 
3100 13286 13106 328 12838 485 10412 22 0 0 
3200 13217 13165 281 12837 515 10375 11 0 0 
3300 13228 13101 173 12840 461 10425 14 0 0 
3400 13255 13228 171 12925 466 10556 20 0 0 
3500 13193 13214 209 12849 608 10422 18 0 0 
3600 13230 13101 241 12773 1585 10571 15 0 0 
3700 13213 13217 248 12769 2893 10810 13 0 0 
3800 13214 13200 239 12762 4115 11122 11 0 0 
3900 13253 13242 217 12722 5068 11349 10 0 0 
4000 13245 13257 215 12760 6180 11500 9 0 0 
4100 13286 13207 207 12617 6995 11528 11 0 0 
4200 13303 13209 258 12651 8069 11631 3 0 0 
4300 13295 13251 211 12682 8998 11779 5 0 0 
4400 13245 13260 216 12654 9667 11876 1 0 0 
4500 13232 13337 202 12767 10175 12091 4 0 0 
4600 13295 13286 261 12685 10569 12038 2 0 0 
4700 13306 13282 233 12683 10839 12100 0 2 0 
4800 13262 13303 217 12740 11083 12132 0 0 0 
4900 13219 13209 250 12570 11038 11992 2 0 0 
5000 13274 13246 214 12585 11083 12086 0 0 0 
5100 13352 13262 239 12655 11088 12163 1 0 0 
5200 13319 13249 229 12618 11092 12093 0 0 0 
5300 13375 13276 234 12683 11238 12245 5 0 0 
5400 13352 13240 232 12697 11228 12155 0 0 0 
5500 13347 13242 230 12716 11199 12194 0 0 0 
5600 13241 13332 244 12697 11240 12226 1 0 0 
5700 13286 13299 209 12636 11249 12190 1 0 0 
5800 13281 13245 218 12560 11144 12093 2 0 0 
5900 13348 13305 244 12677 11127 12162 0 0 0 
6000 13257 13299 239 12644 11155 12157 2 1 0 
6100 13278 13320 213 12722 11278 12224 0 0 0 
6200 13318 13257 211 12588 11189 12140 1 0 0 
6300 13350 13323 176 12717 11347 12324 0 0 0 
6400 13284 13374 208 12757 11362 12278 0 0 0 
6500 13239 13278 196 12701 11155 12207 3 0 0 
6600 13325 13285 226 12624 11191 12119 1 0 0 
6700 13315 13385 210 12670 11247 12178 0 0 0 
6800 13281 13334 230 12615 11201 12171 0 0 0 
6900 13323 13333 223 12714 11314 12305 0 0 0 
7000 13331 13357 244 12694 11278 12285 0 0 0 
7100 13312 13328 220 12690 11275 12223 0 0 0 
7200 13317 13364 203 12692 11351 12238 0 0 0 
7300 13282 13363 187 12743 11399 12225 0 0 0 
7400 13304 13389 210 12820 11362 12348 0 0 0 
7500 13263 13378 223 12814 11305 12242 0 0 2 
7600 13313 13375 199 12782 11431 12295 0 0 0 
7700 13307 13396 179 12779 11533 12388 0 0 0 
7800 13350 13466 208 12819 11442 12318 0 0 0 
7900 13334 13380 224 12763 11456 12280 0 0 0 
8000 13211 13377 228 12783 11492 12309 0 0 0 
8100 13305 13409 211 12814 11399 12366 2 0 0 
8200 13314 13454 198 12781 11463 12396 0 0 0 
8300 13243 13331 205 12734 11406 12255 1 0 0 
8400 13274 13411 229 12746 11410 12271 0 0 0 
8500 13296 13403 195 12782 11486 12259 0 0 0 
8600 13245 13404 220 12740 11396 12239 2 0 0 
8700 13307 13440 201 12800 11471 12344 0 0 0 
8800 13329 13384 203 12836 11555 12331 0 0 0 
8900 13288 13431 197 12800 11443 12311 1 2 0 
9000 13270 13477 222 12814 11472 12342 0 0 0 
9100 13306 13497 199 12851 11573 12483 0 0 0 
9200 13292 13427 208 12832 11469 12324 0 0 0 
9300 13263 13414 230 12755 11411 12265 0 1 0 
9400 13232 13442 183 12792 11513 12314 0 3 0 
9500 13338 13414 186 12799 11538 12334 0 1 0 
9600 13331 13470 226 12782 11496 12425 2 2 0 
9700 13367 13498 198 12919 11595 12444 0 0 0 
9800 13340 13370 201 12679 11358 12335 0 0 0 
9900 13331 13388 222 12784 11526 12322 1 3 0 
10000 13365 13429 222 12827 11546 12384 0 0 0 
