# Avida tasks data
# Fri Apr 14 07:16:39 2023
# First column gives the current update, next columns give the number
# of organisms that have the particular task as a component of their merit
#  1: Update
#  2: Not
#  3: Nand
#  4: And
#  5: OrNot
#  6: Or
#  7: AndNot
#  8: Nor
#  9: Xor
# 10: Equals

0 0 0 0 0 0 0 0 0 0 
100 0 0 0 0 0 0 0 0 0 
200 0 0 0 0 0 0 0 0 0 
300 0 0 0 0 0 0 0 0 0 
400 0 0 0 0 0 0 0 0 0 
500 0 0 0 0 0 0 0 0 0 
600 0 0 0 0 0 0 0 0 0 
700 3022 3320 0 88 6 4 0 0 0 
800 5237 5368 2 200 8 12 0 0 0 
900 5349 5458 2 160 14 11 0 0 0 
1000 5379 5480 4 92 20 3 0 0 0 
1100 5369 5485 2 98 8 5 0 0 0 
1200 5379 5493 3 100 13 5 0 0 0 
1300 5393 5497 5 113 7 4 0 0 0 
1400 5404 5518 5 100 8 1 0 0 0 
1500 5414 5542 6 112 7 2 0 0 0 
1600 5417 5543 5 117 15 2 0 0 0 
1700 5464 5602 5 122 11 3 0 0 0 
1800 5555 5709 4 135 12 4 0 0 0 
1900 5569 5691 5 135 12 4 0 0 0 
2000 5620 5718 7 125 12 13 0 0 0 
2100 5618 5716 7 125 12 13 0 0 0 
2200 5617 5713 7 125 12 13 0 0 0 
2300 5619 5715 9 127 12 13 0 0 0 
2400 5618 5714 9 126 12 12 0 0 0 
2500 5639 5728 9 128 11 8 0 0 0 
