# Avida tasks data
# Fri Apr 14 01:08:45 2023
# First column gives the current update, next columns give the number
# of organisms that have the particular task as a component of their merit
#  1: Update
#  2: Not
#  3: Nand
#  4: And
#  5: OrNot
#  6: Or
#  7: AndNot
#  8: Nor
#  9: Xor
# 10: Equals

0 0 0 0 0 0 0 0 0 0 
100 0 0 0 0 0 0 0 0 0 
200 0 0 0 0 0 0 0 0 0 
300 0 0 0 0 0 0 0 0 0 
400 0 0 0 0 0 0 0 0 0 
500 8 0 0 0 0 0 0 0 0 
600 9 0 0 0 0 0 0 0 0 
700 41 0 0 0 0 0 0 0 0 
800 113 0 0 0 0 0 0 0 0 
900 294 0 0 0 0 0 0 0 0 
1000 640 3 0 0 0 0 0 0 0 
1100 1184 13 0 7 0 30 0 0 0 
1200 1781 515 17 27 0 884 0 0 0 
1300 3644 658 14 236 0 2627 4 0 0 
1400 4749 591 13 216 0 3740 3 0 0 
1500 5227 511 16 1598 0 4194 3 0 0 
1600 5413 524 20 2016 1 4628 3 0 0 
1700 5565 679 23 2327 0 4920 3 0 0 
1800 5361 835 24 2358 208 4947 3 0 0 
1900 4877 612 21 2459 766 4976 4 0 0 
2000 4687 614 21 2795 1189 5276 4 0 0 
2100 4451 603 19 3056 1533 5521 6 0 0 
2200 4304 567 19 3290 1809 5718 7 0 0 
2300 4162 560 20 3558 2083 5935 8 0 0 
2400 4067 518 21 3757 2328 6100 7 0 0 
2500 3993 481 21 3973 2604 6288 6 0 0 
2600 3893 462 15 4182 2851 6425 8 0 0 
2700 3758 437 14 4423 3128 6598 6 0 0 
2800 3660 436 13 4667 3350 6764 9 0 0 
2900 3575 404 14 4855 3571 6893 15 0 0 
3000 3447 384 12 5095 3883 7027 13 0 0 
3100 3380 403 12 5292 4047 7221 10 0 0 
3200 3271 362 14 5516 4291 7391 7 0 0 
3300 3188 343 15 5716 4478 7483 7 0 0 
3400 3172 343 15 5754 4545 7537 10 0 0 
3500 3179 334 15 5739 4549 7514 8 0 0 
3600 3156 344 21 5758 4591 7524 8 0 0 
3700 3146 356 15 5780 4608 7548 7 0 0 
3800 3133 353 14 5837 4639 7623 10 0 0 
3900 3086 355 15 5915 4757 7673 17 0 0 
4000 3103 350 16 5968 4786 7738 8 0 0 
4100 3089 344 20 6055 4880 7775 9 0 0 
4200 3043 343 18 6145 5024 7933 8 0 0 
4300 3037 311 15 6241 5108 7998 9 0 0 
4400 2986 330 18 6332 5216 8052 11 0 0 
4500 2968 320 17 6472 5352 8152 9 0 0 
4600 2946 316 14 6570 5465 8231 11 0 0 
4700 2905 279 14 6673 5581 8271 10 0 0 
4800 2860 246 16 6739 5685 8328 13 0 0 
4900 2838 251 17 6859 5811 8374 12 0 0 
5000 2807 245 16 6969 5915 8447 9 0 0 
5100 2756 250 17 7060 6034 8488 19 0 0 
5200 2678 256 19 7184 6190 8539 13 0 0 
5300 2632 246 20 7335 6354 8680 15 0 0 
5400 2571 215 17 7417 6480 8713 18 0 0 
5500 2496 226 14 7528 6606 8794 11 0 0 
5600 2453 221 14 7639 6727 8882 13 0 0 
5700 2418 222 15 7815 6896 9000 16 0 0 
5800 2342 225 11 7953 7091 9083 14 0 0 
5900 2264 209 12 8067 7205 9123 12 0 0 
6000 2222 205 16 8177 7276 9188 15 0 0 
6100 2157 194 12 8355 7443 9319 14 0 0 
6200 2035 188 11 8483 7641 9336 21 0 0 
6300 2035 197 14 8626 7781 9471 10 0 0 
6400 1917 195 12 8756 7926 9531 10 0 0 
6500 1864 214 15 8865 8066 9574 10 0 0 
6600 1769 233 14 9010 8254 9628 14 0 0 
6700 1700 227 13 9096 8344 9678 24 0 0 
6800 1646 213 15 9252 8491 9773 13 0 0 
6900 1614 208 17 9389 8641 9845 17 0 0 
7000 1566 220 14 9529 8777 9969 11 0 0 
7100 1500 225 16 9634 8884 10070 15 0 0 
7200 1435 216 11 9826 9052 10181 19 0 0 
7300 1385 231 13 9885 9145 10152 17 0 0 
7400 1316 226 12 9983 9230 10196 15 0 0 
7500 1230 249 12 10152 9429 10320 12 0 0 
7600 1174 231 15 10311 9608 10426 20 0 0 
7700 1136 225 18 10404 9676 10519 17 0 0 
7800 1116 232 19 10541 9331 10627 502 0 0 
7900 1131 222 17 10670 8860 10752 1069 0 0 
8000 1132 243 21 10732 8540 10811 1453 0 0 
8100 1116 225 24 10826 8275 10914 1822 0 0 
8200 1123 238 26 10901 8018 10983 2132 0 0 
8300 1109 221 25 11064 7774 11150 2536 0 0 
8400 1124 218 20 11137 7547 11224 2821 0 0 
8500 1105 217 25 11230 7371 11326 3098 0 0 
8600 1120 252 23 11284 7205 11349 3288 0 0 
8700 1090 253 22 11398 7000 11476 3636 0 0 
8800 1099 260 22 11408 6816 11445 3777 0 0 
8900 1082 252 27 11520 6689 11570 4034 0 0 
9000 1046 242 25 11609 6518 11625 4304 0 0 
9100 1033 241 28 11653 6325 11679 4562 0 0 
9200 1037 226 23 11755 6158 11769 4802 0 0 
9300 1030 232 22 11815 6016 11834 4992 0 0 
9400 1025 238 25 11919 5900 11934 5180 0 0 
9500 985 235 23 11978 5792 11977 5374 0 0 
9600 975 227 18 12027 5669 12026 5550 0 0 
9700 947 236 26 12110 5546 12085 5760 0 0 
9800 922 234 28 12187 5397 12148 5987 0 0 
9900 938 240 33 12265 5271 12179 6148 0 0 
10000 942 248 21 12271 5105 12179 6332 0 0 
