# Avida tasks data
# Fri Apr 14 02:37:03 2023
# First column gives the current update, next columns give the number
# of organisms that have the particular task as a component of their merit
#  1: Update
#  2: Not
#  3: Nand
#  4: And
#  5: OrNot
#  6: Or
#  7: AndNot
#  8: Nor
#  9: Xor
# 10: Equals

0 0 0 0 0 0 0 0 0 0 
100 0 0 0 0 0 0 0 0 0 
200 0 0 0 0 0 0 0 0 0 
300 0 0 0 0 0 0 0 0 0 
400 0 0 0 0 0 0 0 0 0 
500 0 0 0 0 0 0 0 0 0 
600 0 9 0 0 0 0 0 0 0 
700 48 79 0 30 0 0 0 0 0 
800 370 414 0 170 0 0 0 0 0 
900 1013 1097 0 564 0 0 0 0 0 
1000 1896 1838 0 1502 445 0 0 2 0 
1100 2292 2527 0 2018 1291 0 0 0 0 
1200 2680 2941 0 2417 1672 0 0 0 0 
1300 3122 3227 0 2826 2082 0 0 0 0 
1400 2503 2774 0 3277 2736 11 1 0 0 
1500 2248 2300 5 3628 3217 765 8 0 0 
1600 2113 2053 16 4008 3578 1572 5 0 2 
1700 2240 2706 29 4283 4040 2145 14 0 1 
1800 2163 2470 29 4556 4294 2707 29 0 1 
1900 2067 2371 42 4797 4643 3182 35 0 0 
2000 2755 2165 88 5017 4842 3438 43 0 0 
2100 3205 2024 146 5349 5161 3883 44 0 0 
2200 3544 1901 216 5614 5435 4164 42 0 0 
2300 3386 1868 238 5747 5566 4348 49 1 0 
2400 3307 1822 247 5851 5668 4498 53 2 0 
2500 3295 1691 276 5992 5842 4692 54 0 0 
2600 3238 1603 309 6018 5934 4837 56 1 0 
2700 3254 1504 362 6190 6065 5079 60 0 0 
2800 3254 1392 375 6365 6280 5402 64 0 0 
2900 3445 1305 422 6499 6437 5668 55 2 0 
3000 3566 1168 438 6710 6647 5956 77 0 0 
3100 3515 1072 507 6982 6925 6294 78 1 0 
3200 3614 1051 539 7142 7042 6427 80 0 0 
3300 3714 1020 543 7349 7275 6672 79 1 0 
3400 3911 975 536 7550 7501 6967 91 0 0 
3500 3937 942 631 7757 7659 7219 107 0 0 
3600 3941 892 628 8133 8033 7601 94 0 0 
3700 4075 838 576 8293 8220 7848 91 0 0 
3800 4253 810 645 8541 8465 8042 122 2 0 
3900 4381 809 678 8856 8724 8374 116 2 0 
4000 4416 842 747 9125 8974 8623 118 1 0 
4100 4660 822 741 9475 9312 8996 125 0 0 
4200 4788 796 779 9829 9685 9354 115 6 0 
4300 4956 788 888 10106 9959 9540 141 2 0 
4400 5005 808 903 10460 10262 9866 112 0 0 
4500 5180 783 946 10711 10612 10158 124 0 0 
4600 5324 777 982 11162 11025 10571 154 1 0 
4700 5563 762 988 11541 11349 10842 169 1 0 
4800 5804 857 992 11867 11681 11159 153 0 0 
4900 6078 805 957 12213 12075 11530 159 0 0 
5000 6052 834 995 12499 12336 11736 178 0 0 
5100 6126 820 1017 12738 12540 11898 170 1 0 
5200 6114 801 979 12887 12717 12117 148 2 0 
5300 6111 817 1046 12926 12813 12203 153 2 0 
5400 6189 841 1097 13164 13001 12481 145 0 0 
5500 6058 833 1121 13239 13078 12595 153 0 0 
5600 6063 820 1111 13402 13215 12620 150 0 0 
5700 6024 825 1160 13451 13269 12618 156 0 0 
5800 6011 764 1167 13550 13310 12695 184 0 0 
5900 6039 733 1098 13630 13413 12810 154 0 0 
6000 5941 746 1112 13716 13447 12829 155 1 0 
6100 5935 804 1090 13743 13503 12903 147 0 0 
6200 6030 750 1123 13789 13538 12891 145 0 0 
6300 6155 759 1108 13749 13582 12878 130 2 0 
6400 6134 809 1102 13708 13576 12916 142 1 0 
6500 6070 842 1099 13790 13647 13008 154 1 0 
6600 6108 781 1090 13807 13594 12986 185 0 0 
6700 6001 781 1146 13840 13673 12976 159 0 1 
6800 6043 782 1114 13807 13647 12964 153 0 1 
6900 5981 724 1120 13877 13679 12967 145 0 1 
7000 6080 795 1106 13904 13718 13013 158 0 1 
7100 5999 787 1143 13887 13693 13063 143 2 0 
7200 5896 782 1081 13865 13693 13058 180 1 0 
7300 6099 855 1115 13859 13634 13048 185 0 0 
7400 6041 800 1103 13839 13629 12995 176 2 0 
7500 5908 756 1151 13827 13634 12981 163 3 1 
7600 6105 769 1071 13880 13699 13049 144 2 0 
7700 6033 756 1129 13885 13671 13045 149 2 0 
7800 6021 675 1197 13904 13739 13102 130 1 0 
7900 6016 714 1254 13968 13712 13108 160 0 0 
8000 6078 724 1250 13894 13725 13024 158 0 0 
8100 6195 745 1103 13863 13714 13090 139 0 0 
8200 5949 703 1080 13827 13684 13014 149 1 0 
8300 5957 723 1077 13906 13738 13031 124 0 0 
8400 6017 773 1257 13878 13727 13057 121 3 0 
8500 6041 741 1238 13910 13680 13062 144 4 0 
8600 5992 719 1169 13936 13749 13097 140 2 0 
8700 5956 717 1138 13870 13653 13054 141 1 0 
8800 5935 737 1047 13855 13682 12965 165 1 0 
8900 6076 789 1070 13883 13726 13065 125 1 3 
9000 5998 767 1109 13861 13696 13031 138 4 2 
9100 5743 720 1020 13864 13682 13001 907 3 2 
9200 5473 709 974 13862 13683 12983 1551 3 2 
9300 5286 689 933 13860 13692 12949 2086 3 2 
9400 5006 693 914 13867 13724 12889 2525 3 2 
9500 4801 700 875 13851 13704 12929 2942 3 2 
9600 4635 686 830 13846 13715 12951 3356 4 2 
9700 4367 699 781 13855 13730 12903 3770 4 2 
9800 4218 706 776 13860 13730 12905 4059 4 5 
9900 4091 704 765 13865 13725 12899 4331 4 2 
10000 3967 667 714 13846 13722 12852 4573 2 2 
