# Avida tasks data
# Fri Apr 14 03:56:46 2023
# First column gives the current update, next columns give the number
# of organisms that have the particular task as a component of their merit
#  1: Update
#  2: Not
#  3: Nand
#  4: And
#  5: OrNot
#  6: Or
#  7: AndNot
#  8: Nor
#  9: Xor
# 10: Equals

0 0 0 0 0 0 0 0 0 0 
100 0 0 0 0 0 0 0 0 0 
200 0 0 0 0 0 0 0 0 0 
300 0 0 0 0 0 0 0 0 0 
400 6 0 0 0 0 0 0 0 0 
500 21 0 0 0 0 0 0 0 0 
600 117 0 0 20 0 0 0 0 0 
700 569 269 0 64 73 0 0 0 0 
800 877 1403 0 374 583 0 0 0 0 
900 1023 2480 0 580 1096 2 0 0 0 
1000 1555 3471 0 734 1814 0 0 0 0 
1100 2182 3173 0 1466 2542 1203 145 0 0 
1200 3119 2132 3 1089 3167 2529 1648 0 0 
1300 3922 1670 3 920 3803 3645 2715 0 0 
1400 5171 1337 0 1090 4810 5055 4049 0 0 
1500 7179 1143 0 2129 6617 7185 5976 0 0 
1600 8775 1594 0 3306 8001 9212 7621 0 0 
1700 10009 2637 0 4504 9098 10511 8769 0 0 
1800 10633 3953 6 5379 9638 11415 9435 0 0 
1900 11056 5254 1 6165 9993 11944 9891 0 0 
2000 11552 6613 2 7101 10401 12432 10223 0 0 
2100 11949 8054 4 7976 10858 12989 10812 0 0 
2200 12239 9401 1 8795 11164 13285 11022 0 0 
2300 12409 10481 3 9400 11241 13387 11174 0 0 
2400 12324 11319 2 9829 11222 13438 11095 0 0 
2500 12471 11937 5 10281 11347 13382 11296 0 0 
2600 12577 12476 2 10609 11454 13442 11394 0 0 
2700 12572 12835 0 10863 11473 13467 11337 0 0 
2800 12560 13154 2 11140 11420 13463 11290 0 0 
2900 12405 13327 3 11315 11289 13434 11197 0 0 
3000 12549 13460 0 11281 11283 13459 11176 0 0 
3100 12524 13541 4 11555 11399 13478 11299 0 0 
3200 12674 13585 5 11555 11437 13471 11305 0 0 
3300 12631 13550 6 11511 11529 13460 11357 0 0 
3400 12515 13546 3 11609 11475 13477 11399 0 0 
3500 12626 13577 2 11520 11376 13453 11288 0 0 
3600 12567 13538 3 11525 11306 13423 11233 0 0 
3700 12626 13545 2 11507 11419 13467 11291 0 0 
3800 12564 13514 1 11548 11408 13456 11340 0 0 
3900 12586 13572 0 11578 11442 13419 11369 0 0 
4000 12584 13567 5 11670 11445 13466 11329 0 0 
4100 12629 13586 3 11632 11475 13464 11368 0 0 
4200 12608 13606 2 11527 11460 13448 11364 0 0 
4300 12681 13528 5 11435 11481 13403 11368 0 0 
4400 12566 13526 4 11471 11424 13428 11291 0 0 
4500 12642 13566 4 11575 11573 13460 11453 0 0 
4600 12647 13565 5 11504 11453 13438 11313 0 0 
4700 12604 13596 7 11476 11374 13503 11320 0 0 
4800 12619 13562 5 11596 11417 13406 11338 0 0 
4900 12696 13544 7 11639 11554 13418 11437 0 0 
5000 12655 13582 4 11593 11481 13448 11396 0 0 
5100 12642 13527 2 11620 11485 13448 11392 0 0 
5200 12752 13524 2 11701 11619 13451 11502 0 0 
5300 12662 13640 1 11623 11548 13483 11459 0 0 
5400 12763 13598 3 11784 11659 13474 11500 0 0 
5500 12732 13640 4 11770 11573 13494 11537 0 0 
5600 12648 13575 4 11603 11515 13435 11422 0 0 
5700 12786 13572 5 11754 11609 13450 11500 0 0 
5800 12743 13636 3 11641 11586 13487 11481 0 0 
5900 12700 13611 5 11636 11518 13476 11439 0 0 
6000 12753 13574 4 11676 11543 13483 11472 0 0 
6100 12767 13537 5 11566 11658 13445 11510 0 0 
6200 12785 13647 3 11589 11633 13469 11567 0 0 
6300 12893 13620 2 11808 11850 13495 11684 0 0 
6400 12821 13609 3 11708 11692 13527 11584 0 0 
6500 12818 13651 5 11642 11682 13504 11568 0 0 
6600 12812 13651 2 11766 11745 13464 11590 0 0 
6700 12810 13608 2 11812 11645 13536 11514 0 0 
6800 12819 13617 1 11803 11649 13511 11638 0 0 
6900 12886 13655 5 11843 11803 13544 11703 0 0 
7000 12812 13676 2 11727 11610 13594 11565 0 0 
7100 12896 13616 5 11699 11783 13556 11654 0 0 
7200 12763 13513 4 11734 11646 13422 11498 0 0 
7300 12883 13649 2 11810 11791 13539 11715 0 0 
7400 12923 13599 6 11716 11792 13496 11705 0 0 
7500 12902 13601 2 11754 11765 13505 11673 0 0 
7600 12983 13605 3 11825 11903 13542 11789 0 0 
7700 12924 13669 2 11728 11768 13504 11689 0 0 
7800 12993 13599 9 11856 11810 13560 11814 0 0 
7900 12914 13635 5 11730 11725 13508 11671 0 0 
8000 12940 13653 5 11820 11781 13594 11732 0 0 
8100 12889 13647 6 11783 11820 13550 11769 0 0 
8200 12918 13640 5 11819 11813 13548 11743 0 0 
8300 12870 13647 1 11814 11797 13536 11754 0 0 
8400 13006 13691 2 11786 11947 13575 11869 0 0 
8500 12911 13679 4 11737 11958 13590 11811 0 0 
8600 12987 13647 2 11771 11839 13528 11805 0 0 
8700 12965 13663 6 11835 11869 13640 11844 0 0 
8800 12917 13679 8 11904 11905 13532 11777 0 0 
8900 12931 13614 1 11816 11913 13532 11782 0 0 
9000 13037 13672 2 11993 12074 13569 11972 0 0 
9100 13093 13653 3 11871 12044 13580 11931 0 0 
9200 13016 13681 4 11961 12043 13601 11934 0 0 
9300 13109 13682 6 11896 12038 13589 11956 0 0 
9400 13202 13712 3 11978 12108 13588 12038 0 0 
9500 13123 13687 2 11887 12028 13602 11907 0 0 
9600 13138 13676 2 11878 12075 13610 11971 0 0 
9700 13110 13646 7 11930 12028 13648 11950 0 0 
9800 13135 13632 1 11947 12116 13556 11986 0 0 
9900 13126 13643 0 12016 11989 13567 11905 0 0 
10000 13162 13658 6 12150 12124 13590 12012 0 0 
