# Avida tasks data
# Fri Apr 14 14:50:55 2023
# First column gives the current update, next columns give the number
# of organisms that have the particular task as a component of their merit
#  1: Update
#  2: Not
#  3: Nand
#  4: And
#  5: OrNot
#  6: Or
#  7: AndNot
#  8: Nor
#  9: Xor
# 10: Equals

0 0 0 0 0 0 0 0 0 0 
100 0 0 0 0 0 0 0 0 0 
200 0 0 0 0 0 0 0 0 0 
300 0 0 0 0 0 0 0 0 0 
400 0 0 0 0 0 0 0 0 0 
500 0 0 0 0 0 0 0 0 0 
600 0 0 0 0 0 0 0 0 0 
700 37 164 0 202 0 0 0 0 0 
800 53 1591 1 1586 1 0 0 0 0 
900 85 2137 565 2132 3 7 1 0 0 
1000 289 2386 239 2417 9 7 0 0 0 
1100 266 2786 355 2814 7 5 0 0 0 
1200 371 4568 2016 4593 14 4 2 0 0 
1300 1551 6280 3450 6267 11 11 4 12 0 
1400 2000 6732 3251 6720 17 11 4 11 0 
1500 2132 6866 3238 6854 20 11 4 10 0 
1600 2132 6866 3238 6854 20 11 4 10 0 
1700 2132 6866 3238 6854 20 11 4 10 0 
1800 2132 6866 3238 6854 20 11 4 10 0 
1900 2132 6866 3238 6854 20 11 4 10 0 
2000 2132 6866 3238 6854 20 11 4 10 0 
2100 2132 6866 3238 6854 20 11 4 10 0 
2200 2132 6866 3238 6854 20 11 4 10 0 
2300 2132 6866 3238 6854 20 11 4 10 0 
2400 2132 6866 3238 6854 20 11 4 10 0 
2500 2132 6866 3238 6854 20 11 4 10 0 
2600 2132 6866 3238 6854 20 11 4 10 0 
2700 2132 6866 3238 6854 20 11 4 10 0 
2800 2131 6865 3238 6853 20 11 4 10 0 
2900 2132 6866 3238 6854 20 11 4 10 0 
3000 2132 6866 3238 6854 20 11 4 10 0 
3100 2132 6866 3238 6854 20 11 4 10 0 
3200 2132 6866 3238 6854 20 11 4 10 0 
3300 2132 6866 3238 6854 20 11 4 10 0 
3400 2132 6866 3238 6854 20 11 4 10 0 
3500 2132 6866 3238 6854 20 11 4 10 0 
3600 2132 6866 3238 6854 20 11 4 10 0 
3700 2132 6866 3238 6854 20 11 4 10 0 
3800 2132 6866 3238 6854 20 11 4 10 0 
3900 2132 6866 3238 6854 20 11 4 10 0 
4000 2132 6866 3238 6854 20 11 4 10 0 
4100 2132 6866 3238 6854 20 11 4 10 0 
4200 2132 6866 3238 6854 20 11 4 10 0 
4300 2132 6866 3238 6854 20 11 4 10 0 
4400 2132 6866 3238 6854 20 11 4 10 0 
4500 2132 6866 3238 6854 20 11 4 10 0 
4600 2132 6866 3238 6854 20 11 4 10 0 
4700 2132 6866 3238 6854 20 11 4 10 0 
4800 2132 6866 3238 6854 20 11 4 10 0 
4900 2131 6865 3238 6853 20 11 4 10 0 
5000 2132 6866 3238 6854 20 11 4 10 0 
5100 2132 6866 3238 6854 20 11 4 10 0 
5200 2132 6866 3238 6854 20 11 4 10 0 
5300 2132 6866 3238 6854 20 11 4 10 0 
5400 2132 6866 3238 6854 20 11 4 10 0 
5500 2132 6866 3238 6854 20 11 4 10 0 
5600 2132 6866 3238 6854 20 11 4 10 0 
5700 2132 6866 3238 6854 20 11 4 10 0 
5800 2132 6866 3238 6854 20 11 4 10 0 
5900 2132 6866 3238 6854 20 11 4 10 0 
6000 2132 6866 3238 6854 20 11 4 10 0 
6100 2132 6866 3238 6854 20 11 4 10 0 
6200 2132 6866 3238 6854 20 11 4 10 0 
6300 2131 6865 3238 6853 20 11 4 10 0 
6400 2132 6866 3238 6854 20 11 4 10 0 
6500 2132 6866 3238 6854 20 11 4 10 0 
6600 2132 6866 3238 6854 20 11 4 10 0 
6700 2132 6866 3238 6854 20 11 4 10 0 
6800 2132 6866 3238 6854 20 11 4 10 0 
6900 2132 6866 3238 6854 20 11 4 10 0 
7000 2132 6866 3238 6854 20 11 4 10 0 
7100 2132 6866 3238 6854 20 11 4 10 0 
7200 2132 6866 3238 6854 20 11 4 10 0 
7300 2131 6865 3238 6853 20 11 4 10 0 
7400 2132 6866 3238 6854 20 11 4 10 0 
7500 2132 6866 3238 6854 20 11 4 10 0 
7600 2132 6866 3238 6854 20 11 4 10 0 
7700 2132 6866 3238 6854 20 11 4 10 0 
7800 2132 6866 3238 6854 20 11 4 10 0 
7900 2132 6866 3238 6854 20 11 4 10 0 
8000 2132 6866 3238 6854 20 11 4 10 0 
8100 2132 6866 3238 6854 20 11 4 10 0 
8200 2132 6866 3238 6854 20 11 4 10 0 
8300 2132 6866 3238 6854 20 11 4 10 0 
8400 2132 6866 3238 6854 20 11 4 10 0 
8500 2131 6865 3238 6853 20 11 4 10 0 
8600 2132 6866 3238 6854 20 11 4 10 0 
8700 2132 6866 3238 6854 20 11 4 10 0 
8800 2132 6866 3238 6854 20 11 4 10 0 
8900 2132 6866 3238 6854 20 11 4 10 0 
9000 2132 6866 3238 6854 20 11 4 10 0 
9100 2132 6866 3238 6854 20 11 4 10 0 
9200 2132 6866 3238 6854 20 11 4 10 0 
9300 2132 6866 3238 6854 20 11 4 10 0 
9400 2132 6866 3238 6854 20 11 4 10 0 
9500 2132 6866 3238 6854 20 11 4 10 0 
9600 2132 6866 3238 6854 20 11 4 10 0 
9700 2132 6866 3238 6854 20 11 4 10 0 
9800 2132 6866 3238 6854 20 11 4 10 0 
9900 2132 6866 3238 6854 20 11 4 10 0 
10000 2132 6866 3238 6854 20 11 4 10 0 
