# Avida tasks data
# Fri Apr 14 10:31:59 2023
# First column gives the current update, next columns give the number
# of organisms that have the particular task as a component of their merit
#  1: Update
#  2: Not
#  3: Nand
#  4: And
#  5: OrNot
#  6: Or
#  7: AndNot
#  8: Nor
#  9: Xor
# 10: Equals

0 0 0 0 0 0 0 0 0 0 
100 0 0 0 0 0 0 0 0 0 
200 0 0 0 0 0 0 0 0 0 
300 0 0 0 0 0 0 0 0 0 
400 0 0 0 0 0 0 0 0 0 
500 18 0 0 0 0 0 0 0 0 
600 146 0 0 0 0 0 0 0 0 
700 554 0 0 0 0 0 8 0 0 
800 1313 162 0 1210 0 0 870 0 0 
900 3888 1997 0 3779 1 0 3448 0 0 
1000 5762 2763 916 5487 0 1 5228 0 0 
1100 6539 2806 2364 6218 3 11 5983 0 0 
1200 7231 3112 3717 6818 2 19 6572 0 0 
1300 8444 3996 5383 7997 3 12 7789 0 0 
1400 9830 5001 7214 9301 0 17 9065 0 0 
1500 10772 5761 8288 10095 2 39 9882 0 0 
1600 11349 6379 9185 10649 1 396 10475 0 0 
1700 11772 6932 9797 11055 0 1323 10893 0 0 
1800 12027 7467 10094 11322 1 2507 11193 0 0 
1900 12276 8274 10496 11499 95 3949 11352 0 0 
2000 12372 9131 10785 11533 814 5273 11394 2 0 
2100 12642 10126 11006 11813 2049 6012 11699 585 0 
2200 12812 11032 11231 12039 3221 6180 11931 1371 15 
2300 13019 11272 11350 12238 3652 6241 12131 1707 70 
2400 13048 11648 10868 12279 4409 6165 11927 2071 952 
2500 13072 11602 10306 12309 4436 6098 11936 2260 1495 
2600 13067 11636 9998 12309 4501 6054 11927 2342 1780 
2700 13028 11586 9816 12261 4452 6018 11557 2344 1872 
