# Avida tasks data
# Fri Apr 14 16:17:13 2023
# First column gives the current update, next columns give the number
# of organisms that have the particular task as a component of their merit
#  1: Update
#  2: Not
#  3: Nand
#  4: And
#  5: OrNot
#  6: Or
#  7: AndNot
#  8: Nor
#  9: Xor
# 10: Equals

0 0 0 0 0 0 0 0 0 0 
100 0 0 0 0 0 0 0 0 0 
200 0 0 0 0 0 0 0 0 0 
300 0 0 0 0 0 0 0 0 0 
400 0 0 0 0 0 0 0 0 0 
500 0 0 0 0 0 0 0 0 0 
600 61 580 0 0 0 0 0 0 0 
700 281 2271 0 3 0 0 0 0 0 
800 1842 4283 0 18 0 0 0 0 0 
900 4347 6769 1 2025 2 0 0 0 0 
1000 7111 9471 0 4931 5 0 0 0 0 
1100 9316 11517 5 7245 6 0 0 0 0 
1200 10399 12326 1 8522 6 0 0 0 0 
1300 11403 12902 4 9656 15 15 0 0 0 
1400 12054 13115 4 10351 21 103 0 0 0 
1500 12487 13180 8 10932 340 244 0 0 0 
1600 12691 13291 17 11480 1550 174 0 0 0 
1700 12813 13338 9 11949 3024 81 0 0 0 
1800 12849 13245 16 12021 4454 27 0 0 0 
1900 12839 13367 21 12318 5712 0 1 0 0 
2000 12839 13298 14 12456 6847 0 1 0 0 
2100 12863 13345 12 12535 8042 1 0 0 0 
2200 12891 13453 9 12646 8997 1 0 0 0 
2300 13007 13367 18 12766 10078 0 0 0 0 
2400 12912 13332 10 12743 10705 0 0 0 0 
2500 12961 13365 14 12807 11148 0 2 0 0 
2600 12942 13381 8 12844 11400 65 1 0 0 
2700 13065 13388 8 12789 11776 160 0 0 0 
2800 12900 13419 20 12670 11770 373 3 0 0 
2900 12981 13395 25 12297 12050 656 0 0 0 
3000 13042 13418 44 11909 12084 1026 1 0 0 
3100 12991 13358 45 11528 12105 1697 1 0 0 
3200 12973 13410 69 11545 12128 2690 1 0 0 
3300 12851 13424 103 11882 11943 3683 2 0 0 
3400 12944 13447 110 12236 12067 4729 2 0 0 
3500 12919 13458 147 12560 12036 5795 6 0 0 
3600 12970 13410 197 12635 12018 6903 2 0 0 
3700 12932 13466 212 12838 12051 8135 3 0 0 
3800 12904 13433 208 12867 11995 9192 1 0 0 
3900 12853 13473 219 12901 12053 9983 2 0 1 
4000 13002 13494 270 12917 12118 10691 1 0 0 
4100 12885 13509 278 13100 12029 11069 0 0 0 
4200 12921 13521 258 13184 12013 11389 2 3 0 
4300 12869 13438 292 13195 11920 11603 3 0 0 
4400 12833 13490 248 13200 11852 11932 1 0 0 
4500 12819 13532 232 13277 11907 12064 0 0 0 
4600 12920 13521 246 13268 11925 12236 1 0 0 
4700 12791 13489 239 13219 11901 12277 0 0 0 
4800 12921 13535 235 13224 12024 12318 1 0 0 
4900 12954 13489 239 13202 12008 12288 2 0 0 
5000 12948 13577 253 13268 12072 12337 0 0 0 
5100 12934 13507 226 13220 11955 12255 0 0 0 
5200 12976 13536 267 13262 12111 12351 0 0 0 
5300 13006 13524 238 13275 12067 12344 2 0 0 
5400 13038 13568 246 13293 12092 12324 0 0 0 
5500 12965 13532 294 13329 12072 12259 0 0 0 
5600 13022 13548 273 13264 12106 12399 2 0 0 
5700 12996 13550 239 13323 12049 12327 2 0 0 
5800 13002 13524 235 13392 12107 12328 1 2 0 
5900 13057 13557 256 13358 12210 12399 0 0 0 
6000 12997 13550 201 13368 12115 12408 1 0 0 
6100 13059 13498 214 13324 12155 12404 0 2 0 
6200 13069 13610 225 13409 12108 12403 2 0 0 
6300 13013 13569 226 13399 12133 12423 2 0 0 
6400 13103 13553 235 13403 12203 12458 2 1 1 
6500 13080 13564 248 13482 12188 12421 2 0 0 
6600 13089 13559 216 13416 12125 12450 2 0 0 
6700 13032 13582 226 13500 12123 12407 2 0 0 
6800 13091 13662 211 13426 12239 12480 1 0 0 
6900 13023 13545 247 13432 12129 12397 5 0 0 
7000 13040 13648 285 13471 12244 12410 1 0 0 
7100 13090 13572 270 13422 12241 12440 0 0 0 
7200 13097 13572 275 13455 12240 12408 3 0 0 
7300 13084 13611 234 13499 12230 12588 3 0 0 
7400 13186 13519 230 13375 12345 12440 2 0 0 
7500 13151 13600 270 13438 12300 12562 2 0 0 
7600 13153 13637 234 13491 12306 12608 1 0 0 
7700 13158 13612 206 13399 12300 12491 3 0 0 
7800 13113 13616 258 13511 12335 12572 1 0 0 
7900 13237 13628 258 13483 12430 12525 0 0 2 
8000 13212 13558 215 13446 12334 12508 0 0 0 
8100 13280 13612 214 13521 12433 12611 0 0 0 
8200 13152 13583 214 13501 12255 12454 3 0 0 
8300 13223 13640 233 13486 12462 12608 0 0 0 
8400 13206 13562 189 13432 12336 12557 1 0 1 
8500 13163 13572 228 13431 12382 12533 0 0 0 
8600 13219 13691 243 13523 12397 12511 2 0 0 
8700 13246 13601 243 13411 12417 12559 1 0 0 
8800 13233 13592 217 13488 12444 12576 2 0 0 
8900 13243 13599 249 13462 12453 12508 0 0 0 
9000 13246 13636 255 13480 12437 12539 1 0 0 
9100 13201 13619 227 13451 12388 12546 1 0 0 
9200 13287 13592 223 13474 12479 12581 0 0 0 
9300 13154 13622 225 13502 12418 12626 0 0 0 
9400 13249 13597 219 13501 12381 12524 1 0 0 
9500 13201 13597 228 13568 12365 12532 0 0 0 
9600 13319 13632 202 13509 12507 12609 1 0 0 
9700 13228 13729 269 13611 12386 12646 0 0 0 
9800 13312 13620 192 13487 12507 12626 3 0 0 
9900 13285 13658 211 13507 12504 12637 3 0 0 
10000 13254 13653 235 13611 12523 12516 3 0 0 
