# Avida tasks data
# Fri Apr 14 10:10:09 2023
# First column gives the current update, next columns give the number
# of organisms that have the particular task as a component of their merit
#  1: Update
#  2: Not
#  3: Nand
#  4: And
#  5: OrNot
#  6: Or
#  7: AndNot
#  8: Nor
#  9: Xor
# 10: Equals

0 0 0 0 0 0 0 0 0 0 
100 0 0 0 0 0 0 0 0 0 
200 0 0 0 0 0 0 0 0 0 
300 0 0 0 0 0 0 0 0 0 
400 0 0 0 0 0 0 0 0 0 
500 0 0 0 0 0 0 0 0 0 
600 0 1 0 0 0 0 0 0 0 
700 3 2 0 0 0 0 0 0 0 
800 11 0 0 0 0 0 0 0 0 
900 32 0 0 0 0 0 0 0 0 
1000 82 0 0 0 0 0 0 0 0 
1100 193 12 0 0 0 0 0 0 0 
1200 332 40 0 0 0 0 0 0 0 
1300 381 50 146 22 0 0 0 0 0 
1400 412 1009 1184 1250 0 8 2 0 0 
1500 585 3120 3090 3374 6 235 3 0 0 
1600 875 4406 4432 4821 18 945 0 0 0 
1700 874 5111 5205 5584 3 1926 28 0 0 
1800 763 4311 5593 6058 12 2983 1349 0 0 
1900 729 3756 6275 6773 6 4088 2602 0 0 
2000 777 3257 6959 7497 7 5168 3689 0 7 
2100 926 2715 7434 8106 6 6043 4581 0 52 
2200 1190 2240 7960 8494 14 6909 5490 0 162 
2300 1596 1854 8487 9076 18 7659 6235 0 296 
2400 1882 1372 8761 9529 26 8359 6730 0 556 
2500 2307 1106 8892 9560 27 8753 6878 0 722 
2600 2567 944 9277 9928 21 9222 7192 0 967 
