# Avida tasks data
# Fri Apr 14 13:31:51 2023
# First column gives the current update, next columns give the number
# of organisms that have the particular task as a component of their merit
#  1: Update
#  2: Not
#  3: Nand
#  4: And
#  5: OrNot
#  6: Or
#  7: AndNot
#  8: Nor
#  9: Xor
# 10: Equals

0 0 0 0 0 0 0 0 0 0 
100 0 0 0 0 0 0 0 0 0 
200 0 0 0 0 0 0 0 0 0 
300 0 0 0 0 0 0 0 0 0 
400 0 0 0 0 0 0 0 0 0 
500 368 0 0 0 0 0 0 0 0 
600 1415 1 0 0 0 0 0 0 0 
700 2263 5 0 3 0 0 0 0 0 
800 4357 12 0 3 0 0 0 0 0 
900 6890 19 0 3 0 0 0 0 0 
1000 9166 23 0 9 0 0 0 0 0 
1100 10594 23 0 11 0 0 0 0 0 
1200 11273 93 0 12 0 0 0 0 0 
1300 11438 898 0 187 0 0 1 0 0 
1400 11473 1067 0 219 0 0 1 0 0 
1500 11446 1139 0 213 0 0 0 0 0 
1600 11419 1101 0 167 0 0 2 0 0 
1700 11473 1599 0 164 0 0 0 0 0 
1800 11468 1848 0 172 0 0 0 0 0 
1900 11536 2176 0 114 0 0 0 0 0 
2000 13001 3729 0 124 0 0 0 0 0 
2100 13489 4258 4 140 0 0 0 0 0 
2200 13518 4609 13 74 0 0 0 0 0 
