# Avida tasks data
# Fri Apr 14 17:00:35 2023
# First column gives the current update, next columns give the number
# of organisms that have the particular task as a component of their merit
#  1: Update
#  2: Not
#  3: Nand
#  4: And
#  5: OrNot
#  6: Or
#  7: AndNot
#  8: Nor
#  9: Xor
# 10: Equals

0 0 0 0 0 0 0 0 0 0 
100 0 0 0 0 0 0 0 0 0 
200 0 0 0 0 0 0 0 0 0 
300 0 0 0 0 0 0 0 0 0 
400 0 0 0 0 0 0 0 0 0 
500 0 0 0 0 0 0 0 0 0 
600 0 0 0 0 0 0 0 0 0 
700 0 0 0 0 0 0 0 0 0 
800 0 0 0 0 0 0 0 0 0 
900 389 171 0 0 0 0 0 0 0 
1000 3924 3544 0 1143 8 1 0 0 0 
1100 4821 4525 0 2419 7 1 0 0 0 
1200 5691 5338 0 1880 7 1 0 0 0 
1300 6874 6580 0 1909 7 1 0 0 0 
1400 7374 7184 0 1906 7 1 0 0 0 
1500 7883 7714 0 1958 7 5 0 0 0 
1600 8446 8333 0 1958 9 2 0 0 0 
1700 8818 8726 0 1958 7 1 0 0 0 
1800 9308 9273 0 1866 6 0 0 0 0 
1900 9484 9540 0 1886 10 0 0 0 0 
2000 9776 9815 10 1779 10 0 0 0 0 
2100 9945 9950 16 1613 13 0 0 0 0 
2200 10165 10190 18 1388 11 0 0 0 0 
2300 10368 10411 20 1289 9 0 0 0 0 
2400 10673 10771 39 1145 13 3 0 0 0 
2500 10996 11114 44 987 13 0 0 0 0 
2600 11295 11417 44 811 6 0 0 0 0 
2700 11480 11681 62 732 6 2 0 0 0 
2800 11483 11675 63 762 7 0 0 0 0 
2900 11478 11670 65 1292 7 0 0 0 0 
3000 11473 11658 62 1828 20 2 0 0 0 
3100 11455 11655 78 2152 25 3 1 0 0 
3200 11485 11666 66 2403 18 3 0 0 0 
3300 11486 11663 67 2428 24 3 0 0 0 
3400 11486 11657 62 2481 18 1 0 0 0 
3500 11479 11650 63 2465 16 2 0 0 0 
3600 11485 11655 67 2459 14 1 0 0 0 
3700 11479 11648 72 2440 16 1 0 0 0 
3800 11489 11656 78 2485 17 1 0 0 0 
3900 11487 11655 77 2552 18 1 0 0 0 
4000 11488 11656 77 2551 18 1 0 0 0 
4100 11480 11654 75 2566 17 1 0 0 0 
4200 11494 11662 73 2589 15 1 0 0 0 
4300 11469 11643 71 2595 11 1 0 0 0 
4400 11475 11639 72 2596 13 1 0 0 0 
4500 11498 11663 69 2694 12 0 0 0 0 
4600 11469 11643 69 2779 14 0 0 0 0 
4700 11469 11632 66 2826 14 0 0 0 0 
4800 11493 11661 76 3017 12 2 3 0 0 
4900 11504 11674 68 3048 12 1 3 0 0 
5000 11498 11660 78 3009 12 0 2 0 0 
5100 11490 11666 77 3107 14 0 0 0 0 
5200 11502 11670 78 3169 15 1 2 0 0 
5300 11524 11695 78 3235 11 2 0 0 0 
5400 11539 11708 81 3266 17 2 0 0 0 
5500 11537 11707 83 3273 17 2 0 0 0 
5600 11539 11714 83 3292 18 1 0 0 0 
5700 11580 11761 80 3433 24 1 0 0 0 
5800 11615 11803 83 3546 22 3 1 0 0 
5900 11640 11834 84 3614 23 2 0 0 0 
6000 11721 11906 88 3744 24 5 0 0 0 
6100 11788 11972 84 3897 23 3 1 0 0 
6200 11924 12103 86 4112 32 4 0 0 0 
6300 11958 12140 88 4179 25 3 0 0 0 
6400 12034 12220 98 4275 24 5 1 0 0 
6500 12150 12327 86 4421 23 4 0 0 0 
6600 12195 12374 89 4487 22 4 0 0 0 
6700 12226 12410 88 4539 24 3 0 0 0 
6800 12267 12447 90 4619 29 3 0 0 0 
6900 12320 12504 86 4756 27 3 0 0 0 
7000 12349 12531 87 4813 29 2 0 0 0 
7100 12446 12612 89 4977 27 3 0 0 0 
7200 12497 12680 95 5097 25 5 0 0 0 
7300 12543 12714 87 5262 23 2 1 0 0 
7400 12554 12733 94 5296 23 2 1 0 0 
7500 12620 12783 97 5440 29 4 0 0 0 
7600 12641 12806 89 5484 31 4 0 0 0 
7700 12710 12880 95 5655 30 5 1 0 0 
7800 12712 12882 88 5672 31 2 1 0 0 
7900 12735 12905 89 5746 29 2 1 0 0 
8000 12742 12912 92 5773 27 2 0 0 0 
8100 12750 12937 91 5849 30 2 0 0 0 
8200 12824 13027 92 6087 30 3 5 0 0 
8300 12816 13012 90 6112 23 3 2 0 0 
8400 12882 13079 95 6180 25 3 1 0 0 
8500 12892 13088 86 6272 22 2 7 0 0 
8600 12894 13099 89 6286 22 4 3 0 0 
8700 12906 13123 88 6387 24 3 2 0 0 
8800 12978 13193 92 6564 31 3 5 0 0 
8900 13005 13221 86 6654 27 4 5 0 0 
9000 12998 13230 90 6686 27 5 5 0 0 
9100 13021 13255 91 6734 23 5 7 0 0 
9200 13025 13260 92 6746 21 5 7 0 0 
9300 13043 13276 91 6780 29 5 10 0 0 
9400 13092 13320 106 6910 30 6 6 0 0 
9500 13131 13355 94 7044 26 3 4 0 0 
9600 13145 13359 93 7123 21 3 4 0 0 
9700 13138 13361 102 7175 27 3 5 0 0 
9800 13163 13377 97 7288 29 3 1 0 0 
9900 13188 13416 97 7422 21 2 2 0 0 
10000 13184 13411 100 7458 26 1 2 0 0 
