# Avida tasks data
# Fri Apr 14 16:43:16 2023
# First column gives the current update, next columns give the number
# of organisms that have the particular task as a component of their merit
#  1: Update
#  2: Not
#  3: Nand
#  4: And
#  5: OrNot
#  6: Or
#  7: AndNot
#  8: Nor
#  9: Xor
# 10: Equals

0 0 0 0 0 0 0 0 0 0 
100 0 0 0 0 0 0 0 0 0 
200 0 0 0 0 0 0 0 0 0 
300 0 0 0 0 0 0 0 0 0 
400 0 0 0 0 0 0 0 0 0 
500 0 0 0 0 0 0 0 0 0 
600 0 0 0 0 0 0 0 0 0 
700 0 0 0 0 0 0 0 0 0 
800 37 0 0 0 0 0 0 0 0 
900 3303 3317 2 59 0 0 0 0 0 
1000 5484 5598 1 1579 4 0 0 0 0 
1100 7211 7389 4 4494 16 0 0 0 0 
1200 8564 8807 0 6877 41 0 0 0 0 
1300 9725 9966 3 8506 48 1 0 0 0 
1400 10588 10932 0 9760 36 0 0 0 0 
1500 11313 11626 0 10724 39 8 0 0 0 
1600 11872 12196 4 11333 47 27 0 0 0 
1700 12400 12626 9 11916 56 61 0 0 0 
1800 12627 12935 0 12362 75 160 1 0 0 
1900 12805 13125 4 12590 56 356 3 0 0 
2000 12833 13186 5 12833 61 585 4 0 0 
2100 12932 13214 7 12908 59 877 4 0 0 
2200 12927 13335 7 13067 57 1133 6 0 0 
2300 13030 13281 560 12964 51 1450 7 0 0 
2400 12977 13308 1765 13035 50 1778 8 0 0 
2500 12995 13430 3189 13137 39 1938 12 0 0 
2600 13053 13446 4683 13187 26 1822 7 0 0 
2700 13133 13446 6186 13219 48 1537 4 0 0 
2800 13143 13444 7554 13213 26 1289 6 0 0 
2900 13111 13503 9061 13304 20 900 4 0 0 
3000 13158 13514 10093 13278 12 565 1 0 0 
3100 13178 13528 10953 13284 14 287 0 0 0 
3200 13138 13491 11541 13337 20 238 1 0 0 
3300 13168 13442 11881 13285 26 267 0 0 0 
3400 13182 13469 12231 13322 21 400 1 0 0 
3500 13190 13521 12590 13392 46 572 1 0 0 
3600 13257 13493 12793 13363 81 811 0 0 0 
3700 13167 13525 12868 13365 144 1059 0 0 0 
3800 13261 13535 12984 13339 267 1357 1 0 0 
3900 13266 13535 13038 13396 323 1776 1 0 0 
4000 13195 13456 12934 13329 444 2190 0 0 0 
4100 13281 13522 12880 13407 638 2584 0 0 0 
4200 13263 13542 12939 13455 799 3071 1 0 0 
4300 13279 13515 12896 13441 899 3520 0 0 0 
4400 13229 13494 12892 13342 963 3996 2 0 0 
4500 13254 13446 12836 13439 1156 4361 0 0 0 
4600 13233 13499 12845 13467 1183 4802 2 0 0 
4700 13333 13458 12873 13465 1305 5316 1 0 0 
4800 13223 13412 12770 13411 1392 5788 0 0 0 
4900 13255 13425 12797 13388 1525 6305 0 0 0 
5000 13304 13464 12764 13409 1670 6834 0 0 0 
5100 13325 13445 12784 13509 1802 7276 0 0 0 
5200 13291 13477 12708 13420 1912 7815 3 3 0 
5300 13352 13517 12838 13445 2199 8373 2 6 0 
5400 13396 13452 12795 13501 2669 8800 5 12 0 
5500 13357 13405 12717 13477 2986 9017 2 39 0 
5600 13351 13467 12761 13550 3277 9357 2 314 0 
5700 13329 13423 12744 13497 3395 9581 5 752 0 
5800 13377 13495 12793 13513 3291 9841 2 1371 0 
5900 13376 13474 12865 13522 3310 9963 4 2087 0 
6000 13313 13484 12829 13494 3425 10123 2 2815 0 
6100 13331 13493 12742 13569 3737 10266 4 3504 0 
6200 13281 13463 12821 13503 3638 10463 2 4314 0 
6300 13288 13497 12846 13558 3567 10702 3 5084 0 
6400 13326 13514 12839 13542 3375 10831 1 5780 0 
6500 13228 13408 12776 13510 3216 10889 3 6673 0 
6600 13319 13540 12872 13601 3122 11180 1 7393 0 
6700 13241 13397 12783 13554 2787 10981 3 7981 0 
6800 13307 13446 12809 13599 2608 11251 7 8643 0 
6900 13245 13464 12822 13582 2381 11296 4 9158 0 
7000 13226 13479 12795 13612 2039 11422 0 9661 0 
7100 13237 13470 12805 13566 1827 11435 2 10089 0 
7200 13255 13455 12744 13577 1551 11537 3 10446 0 
7300 13242 13516 12822 13655 1353 11632 3 10801 0 
7400 13226 13458 12715 13558 1167 11515 8 10870 0 
7500 13273 13491 12815 13644 928 11588 1 11101 0 
7600 13264 13516 12717 13591 690 11541 2 11341 0 
7700 13334 13500 12759 13617 573 11632 3 11548 0 
7800 13271 13523 12747 13611 474 11643 2 11537 0 
7900 13343 13482 12755 13637 353 11564 5 11714 0 
8000 13323 13444 12725 13557 317 11556 1 11649 0 
8100 13293 13480 12714 13620 293 11599 2 11683 0 
8200 13318 13448 12774 13613 269 11641 1 11803 0 
8300 13335 13493 12761 13633 282 11792 4 11824 0 
8400 13310 13553 12820 13690 298 11803 2 11918 0 
8500 13363 13502 12850 13638 285 11722 2 11943 0 
8600 13380 13549 12823 13600 301 11836 3 11932 0 
8700 13322 13486 12757 13640 289 11694 2 11726 0 
8800 13360 13532 12851 13594 247 11943 1 11902 0 
8900 13363 13509 12802 13608 270 11944 3 11858 0 
9000 13359 13533 12853 13676 285 11890 1 11865 0 
9100 13382 13506 12802 13609 285 11886 1 11836 0 
9200 13351 13464 12703 13551 280 11772 3 11753 0 
9300 13397 13586 12844 13652 253 11847 0 11919 0 
9400 13399 13571 12884 13699 231 11884 0 11948 0 
9500 13435 13497 12796 13600 279 11858 3 11882 0 
9600 13286 13461 12765 13605 247 11925 4 11892 0 
9700 13417 13493 12848 13666 250 11923 3 11928 0 
9800 13418 13441 12752 13599 246 11730 8 11811 0 
9900 13404 13552 12787 13674 242 11889 1 11909 0 
10000 13462 13594 12935 13731 245 12037 3 12037 0 
