# Avida tasks data
# Fri Apr 14 08:02:17 2023
# First column gives the current update, next columns give the number
# of organisms that have the particular task as a component of their merit
#  1: Update
#  2: Not
#  3: Nand
#  4: And
#  5: OrNot
#  6: Or
#  7: AndNot
#  8: Nor
#  9: Xor
# 10: Equals

0 0 0 0 0 0 0 0 0 0 
100 0 0 0 0 0 0 0 0 0 
200 0 0 0 0 0 0 0 0 0 
300 0 0 0 0 0 0 0 0 0 
400 0 0 0 0 0 0 0 0 0 
500 0 0 0 0 0 0 0 0 0 
600 2 0 0 0 0 0 0 0 0 
700 46 0 0 0 0 0 0 0 0 
800 112 0 0 0 0 0 0 0 0 
900 257 5 0 0 0 0 0 0 0 
1000 552 10 0 0 0 0 0 0 0 
1100 800 14 0 63 0 0 0 0 0 
1200 1206 309 0 453 0 526 0 0 0 
1300 2312 635 8 1134 125 2049 230 0 0 
1400 3951 629 17 3651 2592 1230 2643 0 0 
1500 4829 909 28 5103 4289 1539 4242 0 0 
1600 5545 2438 45 5699 4970 2841 5234 0 0 
1700 6415 3597 60 6537 5997 3982 6113 0 0 
1800 7244 4648 88 7323 6890 5215 7004 0 0 
1900 8028 5551 94 8062 7703 6213 7671 283 0 
2000 8414 6080 86 8367 8050 6734 8041 971 0 
2100 8694 6497 73 8585 8240 7060 8273 1569 0 
2200 8886 6793 93 8746 8478 7285 8517 2122 0 
2300 9190 7138 105 9035 8692 7565 8723 2743 0 
2400 9529 7596 88 9471 9111 7995 9140 3451 1 
2500 9867 7929 122 9761 9291 8316 9356 4030 12 
2600 10164 8161 198 10040 9575 8616 9509 4511 119 
2700 10328 8252 686 10203 9708 8763 9221 4305 529 
2800 10328 8253 687 10203 9708 8763 9221 4305 529 
2900 10324 8251 684 10199 9703 8758 9221 4305 524 
3000 10324 8248 685 10197 9702 8756 9220 4304 523 
3100 10325 8248 686 10198 9703 8757 9220 4304 524 
3200 10324 8248 685 10197 9702 8756 9220 4304 523 
3300 10321 8245 682 10194 9701 8754 9220 4304 522 
3400 10322 8245 683 10196 9703 8756 9220 4304 524 
3500 10321 8244 683 10195 9702 8755 9219 4303 524 
3600 10322 8242 687 10198 9704 8757 9216 4302 527 
3700 10322 8242 687 10198 9704 8757 9216 4302 527 
3800 10322 8242 687 10198 9704 8757 9216 4302 527 
3900 10322 8242 687 10198 9704 8757 9216 4302 527 
4000 10360 8273 783 10244 9776 8813 9165 4250 631 
4100 10358 8277 728 10247 9775 8811 9162 4247 635 
4200 10339 8297 639 10229 9758 8795 9156 4241 625 
4300 10358 8293 585 10249 9779 8821 9152 4235 655 
4400 10341 8267 549 10236 9771 8806 9142 4229 650 
4500 10332 8286 517 10222 9757 8789 9132 4220 645 
4600 10308 8265 471 10210 9734 8764 9121 4210 631 
4700 10301 8279 416 10218 9746 8777 9115 4205 651 
4800 10309 8292 374 10219 9748 8789 9110 4204 661 
4900 10330 8291 364 10235 9758 8805 9099 4199 675 
5000 10355 8273 324 10259 9782 8837 9089 4196 710 
5100 10347 8299 293 10249 9764 8821 9083 4192 701 
5200 10344 8323 285 10246 9769 8822 9060 4172 726 
5300 10362 8315 273 10259 9795 8843 9008 4124 797 
5400 10346 8252 265 10246 9783 8832 8967 4090 825 
5500 10351 8218 250 10249 9785 8848 8926 4054 880 
5600 10335 8140 249 10231 9758 8823 8869 4000 906 
5700 10340 8076 250 10238 9767 8836 8804 3938 992 
5800 10334 8004 254 10229 9765 8850 8755 3896 1041 
5900 10317 7942 254 10221 9769 8845 8702 3860 1094 
6000 10332 7886 248 10238 9791 8858 8667 3841 1145 
6100 10326 7864 244 10226 9773 8852 8646 3827 1152 
6200 10355 7844 253 10258 9800 8883 8628 3817 1198 
6300 10330 7810 247 10230 9773 8865 8608 3806 1192 
6400 10332 7787 241 10240 9783 8869 8579 3785 1224 
6500 10336 7757 254 10247 9785 8868 8555 3766 1246 
6600 10356 7722 241 10269 9813 8890 8527 3746 1299 
6700 10392 7702 238 10300 9837 8923 8509 3737 1351 
6800 10377 7684 233 10286 9822 8904 8485 3721 1352 
6900 10389 7671 236 10286 9829 8914 8465 3708 1378 
7000 10376 7659 238 10268 9809 8890 8451 3699 1372 
7100 10397 7662 240 10299 9842 8920 8425 3683 1422 
7200 10409 7631 231 10305 9845 8926 8407 3678 1456 
7300 10417 7641 233 10311 9850 8931 8395 3673 1471 
7400 10448 7634 230 10344 9890 8972 8380 3668 1527 
7500 10438 7592 227 10333 9879 8973 8361 3660 1537 
7600 10463 7581 218 10357 9900 9002 8341 3650 1582 
7700 10455 7591 220 10347 9890 8989 8331 3646 1584 
7800 10506 7605 231 10381 9906 9024 8315 3641 1616 
7900 10477 7585 222 10356 9882 9014 8299 3632 1613 
8000 10472 7589 222 10355 9884 9017 8290 3629 1617 
8100 10441 7575 224 10329 9855 8992 8271 3625 1611 
8200 10455 7598 224 10355 9885 9023 8237 3614 1663 
8300 10457 7629 213 10348 9886 9025 8218 3612 1676 
8400 10454 7623 223 10350 9883 9032 8190 3611 1695 
8500 10458 7643 229 10349 9884 9039 8169 3606 1710 
8600 10487 7656 223 10380 9909 9090 8142 3601 1763 
8700 10481 7665 221 10382 9913 9094 8129 3598 1777 
8800 10469 7631 215 10356 9894 9087 8109 3591 1780 
8900 10500 7684 210 10391 9924 9126 8088 3585 1829 
9000 10473 7690 210 10371 9903 9117 8072 3584 1819 
9100 10490 7720 208 10383 9910 9133 8043 3576 1854 
9200 10482 7705 198 10379 9922 9149 8026 3573 1885 
9300 10456 7689 198 10359 9908 9152 8013 3569 1882 
9400 10468 7729 205 10368 9907 9162 8003 3565 1893 
9500 10457 7722 205 10368 9912 9164 7970 3556 1921 
9600 10462 7721 203 10364 9915 9172 7951 3551 1938 
9700 10455 7729 208 10355 9908 9168 7931 3542 1948 
9800 10466 7768 206 10365 9931 9190 7920 3538 1982 
9900 10476 7737 204 10384 9950 9210 7904 3532 2016 
10000 10501 7744 214 10409 9983 9245 7885 3527 2057 
