# Avida tasks data
# Fri Apr 14 16:34:43 2023
# First column gives the current update, next columns give the number
# of organisms that have the particular task as a component of their merit
#  1: Update
#  2: Not
#  3: Nand
#  4: And
#  5: OrNot
#  6: Or
#  7: AndNot
#  8: Nor
#  9: Xor
# 10: Equals

0 0 0 0 0 0 0 0 0 0 
100 0 0 0 0 0 0 0 0 0 
200 0 0 0 0 0 0 0 0 0 
300 0 0 0 0 0 0 0 0 0 
400 0 0 0 0 0 0 0 0 0 
500 0 0 0 0 0 0 0 0 0 
600 695 596 0 12 0 0 0 0 0 
700 761 796 0 302 0 0 0 0 0 
800 760 936 0 234 0 0 0 0 0 
900 760 934 0 233 0 0 0 0 0 
1000 760 934 0 233 0 0 0 0 0 
1100 761 932 0 242 0 0 0 0 0 
1200 975 1260 1 241 0 81 0 0 0 
1300 1534 1737 2 267 0 63 0 0 0 
1400 1788 1889 10 303 0 158 0 0 0 
1500 1936 2012 4 619 0 140 0 0 0 
1600 1984 2058 4 903 0 140 0 0 0 
1700 2459 2476 7 1395 0 117 0 0 0 
1800 3037 3008 3 1987 0 99 0 0 0 
1900 3437 3403 13 2260 0 94 1 0 0 
2000 3433 3398 14 2263 0 93 1 0 0 
2100 3431 3396 14 2260 0 93 1 0 0 
2200 3454 3418 18 2281 0 90 1 0 0 
2300 3642 3498 19 2506 1 32 1 0 0 
2400 3970 3564 174 2654 1 24 1 0 0 
2500 4052 3595 679 2761 1 23 1 0 0 
2600 4209 3774 932 2978 1 24 1 0 0 
2700 4319 3906 1156 3148 2 26 1 0 0 
2800 4339 3921 579 3182 2 27 1 0 0 
2900 4463 4027 425 3329 3 22 1 0 0 
3000 5001 4561 312 3785 2 25 1 0 0 
3100 5587 5138 246 4336 3 26 1 0 0 
3200 6331 5874 203 5028 2 25 2 0 0 
3300 6984 6523 162 5236 423 24 3 0 0 
3400 7961 7499 175 4861 1722 25 1 0 0 
3500 8784 8346 187 4712 2669 36 1 0 0 
3600 9476 9084 199 4601 3518 40 1 0 0 
3700 9945 9586 209 4503 4103 30 0 0 0 
3800 10612 10293 218 4423 4815 26 2 0 0 
3900 11240 10961 238 4323 5538 29 7 0 0 
4000 12050 11803 210 4201 6442 32 3 0 0 
4100 12474 12279 223 4150 7035 54 2 0 0 
4200 12917 12783 206 3937 7669 43 4 0 0 
4300 13207 13100 202 3785 8198 51 5 0 0 
4400 13439 13386 198 3566 8627 43 5 0 0 
4500 13628 13594 208 3290 9073 32 5 0 0 
4600 13767 13744 203 3143 9407 43 7 0 0 
4700 13918 13931 170 2790 9979 42 4 0 0 
4800 14002 14013 212 2653 10316 50 14 0 0 
4900 14061 14070 203 2621 10405 46 11 0 0 
5000 14061 14070 203 2621 10405 46 11 0 0 
5100 14061 14070 203 2621 10405 46 11 0 0 
5200 14061 14070 203 2621 10405 46 11 0 0 
5300 14061 14070 203 2621 10405 46 11 0 0 
5400 14061 14070 203 2621 10405 46 11 0 0 
5500 14061 14070 203 2621 10405 46 11 0 0 
5600 14061 14070 203 2621 10405 46 11 0 0 
5700 14061 14070 203 2621 10405 46 11 0 0 
5800 14061 14070 203 2621 10405 46 11 0 0 
5900 14061 14070 203 2621 10405 46 11 0 0 
6000 14061 14070 203 2621 10405 46 11 0 0 
6100 14061 14070 203 2621 10405 46 11 0 0 
6200 14061 14070 203 2621 10405 46 11 0 0 
6300 14061 14070 203 2621 10405 46 11 0 0 
6400 14061 14070 203 2621 10405 46 11 0 0 
6500 14061 14070 203 2621 10405 46 11 0 0 
6600 14061 14070 203 2621 10405 46 11 0 0 
6700 14061 14070 203 2621 10405 46 11 0 0 
6800 14061 14070 203 2621 10405 46 11 0 0 
6900 14062 14071 203 2621 10406 46 11 0 0 
7000 14061 14070 203 2621 10405 46 11 0 0 
7100 14062 14071 203 2621 10406 46 11 0 0 
7200 14061 14070 203 2621 10405 46 11 0 0 
7300 14061 14070 203 2621 10405 46 11 0 0 
7400 14061 14070 203 2621 10405 46 11 0 0 
7500 14061 14070 203 2621 10405 46 11 0 0 
7600 14061 14070 203 2621 10405 46 11 0 0 
7700 14061 14070 203 2621 10405 46 11 0 0 
7800 14062 14071 203 2621 10406 46 11 0 0 
7900 14061 14070 203 2621 10405 46 11 0 0 
8000 14061 14070 203 2621 10405 46 11 0 0 
8100 14061 14070 203 2621 10405 46 11 0 0 
8200 14061 14070 203 2621 10405 46 11 0 0 
8300 14061 14070 203 2621 10405 46 11 0 0 
8400 14061 14070 203 2621 10405 46 11 0 0 
8500 14061 14070 203 2621 10405 46 11 0 0 
8600 14061 14070 203 2621 10405 46 11 0 0 
8700 14061 14070 203 2621 10405 46 11 0 0 
8800 14061 14070 203 2621 10405 46 11 0 0 
8900 14062 14071 203 2621 10406 46 11 0 0 
9000 14061 14070 203 2621 10405 46 11 0 0 
9100 14061 14070 203 2621 10405 46 11 0 0 
9200 14061 14070 203 2621 10405 46 11 0 0 
9300 14061 14070 203 2621 10405 46 11 0 0 
9400 14061 14070 203 2621 10405 46 11 0 0 
9500 14061 14070 203 2621 10405 46 11 0 0 
9600 14061 14070 203 2621 10405 46 11 0 0 
9700 14062 14071 203 2621 10406 46 11 0 0 
9800 14061 14070 203 2621 10405 46 11 0 0 
9900 14061 14070 203 2621 10405 46 11 0 0 
10000 14061 14070 203 2621 10405 46 11 0 0 
