# Avida tasks data
# Fri Apr 14 21:42:20 2023
# First column gives the current update, next columns give the number
# of organisms that have the particular task as a component of their merit
#  1: Update
#  2: Not
#  3: Nand
#  4: And
#  5: OrNot
#  6: Or
#  7: AndNot
#  8: Nor
#  9: Xor
# 10: Equals

0 0 0 0 0 0 0 0 0 0 
100 0 0 0 0 0 0 0 0 0 
200 0 0 0 0 0 0 0 0 0 
300 0 0 0 0 0 0 0 0 0 
400 0 0 0 0 0 0 0 0 0 
500 0 0 0 0 0 0 0 0 0 
600 0 0 0 0 0 0 0 0 0 
700 4 0 0 0 0 0 0 0 0 
800 33 0 0 0 0 0 0 0 0 
900 151 7 0 0 0 0 0 0 0 
1000 502 51 0 0 0 0 0 0 0 
1100 1063 152 0 20 0 0 0 0 0 
1200 1764 247 0 242 0 0 0 0 0 
1300 2498 655 0 812 7 0 0 0 0 
1400 2513 636 0 837 8 0 0 0 0 
1500 2733 1034 0 1729 30 0 0 0 0 
1600 2684 1885 0 2264 39 2 0 0 0 
1700 2673 2178 0 2475 40 0 0 0 0 
1800 2614 2795 0 2953 18 0 0 0 0 
1900 2600 3001 0 3107 21 0 0 0 0 
2000 2590 3095 3 3198 22 0 0 0 0 
2100 2908 3240 0 3259 9 466 0 0 0 
2200 2909 3240 0 3257 9 465 0 0 0 
2300 2906 3235 0 3258 9 466 0 0 0 
2400 2912 3245 0 3265 9 489 0 0 0 
2500 2909 3244 0 3264 9 488 0 0 0 
2600 2756 3402 0 3352 4 852 0 0 0 
2700 2754 3401 0 3351 4 851 0 0 0 
2800 2648 3553 0 3479 4 1173 0 0 0 
2900 2645 3559 0 3482 4 1200 0 0 0 
3000 2644 3557 0 3484 4 1219 0 0 0 
3100 2646 3553 0 3479 4 1243 0 0 0 
3200 2652 3552 0 3474 4 1248 0 0 0 
3300 2642 3565 0 3490 4 1290 0 0 0 
3400 2643 3564 0 3489 4 1289 0 0 0 
3500 2643 3565 0 3490 4 1290 0 0 0 
3600 2650 3557 0 3484 4 1295 0 0 0 
3700 2630 3597 0 3520 5 1406 0 0 0 
3800 2627 3599 0 3522 4 1420 0 0 0 
3900 2625 3593 0 3515 4 1413 0 0 0 
4000 2629 3595 0 3517 4 1421 0 0 0 
4100 2640 3595 0 3521 4 1451 0 0 0 
4200 2625 3598 1 3520 6 1460 0 0 0 
4300 2626 3597 1 3519 6 1458 0 0 0 
4400 2607 3655 0 3592 4 1699 0 0 0 
4500 2607 3654 0 3591 4 1698 0 0 0 
4600 2607 3654 0 3591 4 1698 0 0 0 
4700 2607 3654 0 3591 4 1698 0 0 0 
4800 2630 3664 0 3615 4 1768 0 0 0 
4900 2618 3710 0 3642 4 1839 0 0 0 
5000 2618 3710 0 3642 4 1839 0 0 0 
5100 2627 3713 0 3648 4 1870 0 0 0 
5200 2628 3713 0 3649 4 1871 0 0 0 
5300 2630 3712 0 3649 4 1871 0 0 0 
5400 2629 3710 0 3644 4 1877 0 0 0 
5500 2625 3756 0 3686 5 1966 0 0 0 
5600 2628 3753 0 3683 5 1963 0 0 0 
5700 2629 3812 0 3750 4 2069 0 0 0 
5800 2580 3979 3 3906 4 2249 0 0 0 
5900 2577 4138 2 4060 4 2372 0 0 0 
6000 2567 4271 0 4188 5 2539 0 0 0 
6100 2567 4271 0 4187 5 2538 0 0 0 
6200 2567 4269 0 4185 5 2536 0 0 0 
6300 2567 4269 0 4185 5 2536 0 0 0 
6400 2567 4269 0 4185 5 2536 0 0 0 
6500 2562 4273 0 4192 5 2542 0 0 0 
6600 2562 4273 0 4192 5 2541 0 0 0 
6700 2562 4272 0 4191 5 2540 0 0 0 
6800 2562 4271 0 4190 5 2540 0 0 0 
6900 2562 4271 0 4190 5 2540 0 0 0 
7000 2562 4271 0 4190 5 2537 0 0 0 
7100 2562 4271 0 4190 5 2537 0 0 0 
7200 2563 4276 0 4194 5 2541 0 0 0 
7300 2563 4276 0 4194 5 2541 0 0 0 
7400 2563 4276 0 4194 5 2541 0 0 0 
7500 2563 4275 0 4193 5 2540 0 0 0 
7600 2564 4274 0 4191 5 2539 0 0 0 
7700 2564 4274 0 4191 5 2539 0 0 0 
7800 2564 4273 0 4190 5 2538 0 0 0 
7900 2564 4273 0 4190 5 2538 0 0 0 
8000 2564 4273 0 4190 5 2538 0 0 0 
8100 2564 4273 0 4190 5 2538 0 0 0 
8200 2564 4273 0 4190 5 2538 0 0 0 
8300 2564 4274 0 4191 5 2539 0 0 0 
8400 2564 4273 0 4190 5 2538 0 0 0 
8500 2569 4307 0 4223 4 2573 0 0 0 
8600 2560 4309 0 4229 4 2573 0 0 0 
8700 2560 4306 0 4226 4 2570 0 0 0 
8800 2560 4307 0 4227 4 2571 0 0 0 
8900 2564 4310 0 4228 4 2567 0 0 0 
9000 2564 4310 0 4227 4 2566 0 0 0 
9100 2566 4310 2 4225 4 2565 0 0 0 
9200 2568 4308 1 4223 4 2564 0 0 0 
9300 2568 4307 1 4222 4 2561 0 0 0 
9400 2568 4307 1 4222 4 2561 0 0 0 
9500 2568 4305 1 4220 4 2560 0 0 0 
9600 2571 4307 1 4221 4 2563 0 0 0 
9700 2571 4307 1 4221 4 2563 0 0 0 
9800 2571 4307 1 4221 4 2563 0 0 0 
9900 2571 4307 1 4221 4 2563 0 0 0 
10000 2571 4313 1 4228 4 2574 0 0 0 
