# Avida tasks data
# Sat Apr 15 04:06:42 2023
# First column gives the current update, next columns give the number
# of organisms that have the particular task as a component of their merit
#  1: Update
#  2: Not
#  3: Nand
#  4: And
#  5: OrNot
#  6: Or
#  7: AndNot
#  8: Nor
#  9: Xor
# 10: Equals

0 0 0 0 0 0 0 0 0 0 
100 0 0 0 0 0 0 0 0 0 
200 0 0 0 0 0 0 0 0 0 
300 0 0 0 0 0 0 0 0 0 
400 0 0 0 0 0 0 0 0 0 
500 0 0 0 0 0 0 0 0 0 
600 0 0 0 0 0 0 0 0 0 
700 0 0 0 0 0 0 0 0 0 
800 1777 1826 0 36 0 0 0 0 0 
900 4321 4436 0 541 10 0 0 0 0 
1000 6669 6819 0 2998 29 0 0 0 0 
1100 8059 8328 0 5015 51 0 0 0 0 
1200 8989 9253 0 6388 47 0 0 0 0 
1300 9811 10140 0 7592 49 0 0 0 0 
1400 10493 10772 2 8628 68 0 0 0 0 
1500 10930 11423 1 9585 78 0 0 0 0 
1600 11334 11896 0 10306 80 0 0 0 0 
1700 11678 12276 0 11028 80 0 0 0 0 
1800 11940 12559 2 11559 62 0 0 0 0 
1900 12096 12750 4 12028 69 0 0 0 0 
2000 12264 12895 32 12361 60 0 0 0 0 
2100 12265 12987 181 12553 45 65 0 0 0 
2200 12263 13028 76 11767 1051 962 1 0 0 
2300 12211 12901 61 10374 2369 2324 0 0 0 
2400 12056 12809 108 9510 3286 3276 0 0 0 
2500 12134 12958 134 9302 4211 4236 0 0 0 
2600 12109 12899 156 9533 4834 4871 14 0 0 
2700 12200 12968 152 9644 5514 5640 41 2 0 
2800 12220 13066 140 9902 6096 6221 153 0 0 
2900 12088 12983 166 10084 6571 6742 315 0 0 
3000 12058 12991 176 10186 7102 7388 394 0 0 
3100 12114 13138 175 10403 7737 7974 549 0 0 
3200 12285 13133 190 10767 8269 8564 766 4 0 
3300 12271 13176 253 10940 8685 9049 804 0 0 
3400 12234 13219 352 11085 9088 9521 819 4 0 
3500 12220 13263 524 11302 9451 9878 731 2 0 
3600 12281 13287 583 11370 9773 10247 764 3 0 
3700 12344 13276 746 11499 10114 10509 751 2 0 
3800 12234 13313 1016 11661 10211 10646 620 0 0 
3900 12424 13300 1281 11790 10489 10957 503 2 0 
4000 12393 13280 1563 11832 10633 11096 458 3 1 
4100 12402 13348 1853 11937 10883 11322 444 1 0 
4200 12514 13262 2150 11935 11091 11510 371 2 0 
4300 12399 13293 2486 12047 11121 11650 444 0 0 
4400 12542 13256 2766 12137 11221 11749 452 2 0 
4500 12515 13263 3234 12083 11293 11834 479 0 1 
4600 12575 13250 3626 12124 11351 11880 438 0 0 
4700 12649 13244 4062 12195 11419 12000 449 2 0 
4800 12609 13253 4374 12392 11497 12062 444 3 0 
4900 12732 13194 4696 12405 11601 12078 420 0 0 
5000 12816 13180 5091 12401 11561 12069 392 2 0 
5100 12725 13153 5451 12463 11593 12083 382 0 0 
5200 12719 13172 5801 12632 11652 12221 393 0 0 
5300 12791 13198 5886 12627 11603 12189 386 0 0 
5400 12759 13201 6233 12666 11586 12201 449 2 0 
5500 12745 13200 6667 12733 11570 12176 495 2 0 
5600 12900 13237 7023 12845 11697 12314 539 0 0 
5700 12745 13205 7259 12788 11577 12248 599 3 0 
5800 12788 13159 7387 12661 11521 12164 681 0 0 
5900 12800 13138 7449 12764 11562 12155 722 0 0 
6000 12784 13087 7691 12815 11599 12281 837 0 0 
6100 12761 13136 7749 12764 11565 12204 877 0 0 
6200 12708 13147 8009 12838 11560 12187 839 1 0 
6300 12764 13183 8001 12800 11596 12168 950 0 0 
6400 12692 13172 8029 12725 11481 12142 975 0 0 
6500 12659 13152 8241 12753 11581 12174 1057 0 0 
6600 12728 13248 8392 12803 11639 12243 1186 0 0 
6700 12638 13136 8396 12739 11529 12150 1295 0 0 
6800 12622 13149 8490 12718 11542 12182 1446 2 0 
6900 12531 13224 8586 12690 11532 12198 1521 3 0 
7000 12516 13189 8680 12667 11560 12262 1612 0 0 
7100 12398 13208 8649 12617 11483 12161 1644 0 0 
7200 12477 13176 8750 12685 11524 12152 1733 0 0 
7300 12492 13174 8575 12616 11605 12157 1881 0 1 
7400 12423 13225 8840 12567 11488 12208 1966 1 0 
7500 12555 13264 8738 12688 11727 12260 2184 0 0 
7600 12473 13227 8787 12615 11647 12276 2266 0 0 
7700 12322 13098 8714 12538 11475 12109 2394 2 0 
7800 12488 13143 8928 12538 11494 12134 2518 0 0 
7900 12499 13149 8918 12573 11541 12207 2767 0 0 
8000 12487 13145 9023 12691 11596 12223 3037 0 0 
8100 12492 13230 8912 12579 11722 12239 3269 0 0 
8200 12437 13191 8903 12476 11624 12192 3480 0 0 
8300 12388 13101 9011 12549 11620 12223 3804 0 0 
8400 12430 13104 9057 12526 11563 12272 4039 0 0 
8500 12332 13152 9142 12506 11570 12208 4257 0 0 
8600 12424 13139 9188 12477 11601 12207 4435 0 0 
8700 12368 13158 9189 12447 11560 12106 4703 0 0 
8800 12438 13228 9226 12439 11626 12170 4958 0 0 
8900 12316 13173 9143 12423 11628 12205 5278 0 0 
9000 12438 13192 9202 12422 11649 12223 5554 0 0 
9100 12377 13215 9298 12494 11678 12266 5820 0 0 
9200 12358 13175 9238 12395 11527 12197 5972 0 0 
9300 12475 13144 9220 12381 11562 12147 6272 0 0 
9400 12395 13132 9432 12365 11571 12158 6649 0 1 
9500 12416 13191 9382 12404 11589 12204 6975 0 0 
9600 12363 13149 9300 12314 11470 12166 7209 1 0 
9700 12311 13105 9345 12257 11546 12188 7561 0 0 
9800 12312 13150 9274 12289 11534 12149 7726 2 0 
9900 12337 13218 9473 12380 11641 12291 8127 0 0 
10000 12350 13185 9545 12213 11579 12256 8409 0 3 
