# Avida tasks data
# Sat Apr 15 03:51:24 2023
# First column gives the current update, next columns give the number
# of organisms that have the particular task as a component of their merit
#  1: Update
#  2: Not
#  3: Nand
#  4: And
#  5: OrNot
#  6: Or
#  7: AndNot
#  8: Nor
#  9: Xor
# 10: Equals

0 0 0 0 0 0 0 0 0 0 
100 0 0 0 0 0 0 0 0 0 
200 0 0 0 0 0 0 0 0 0 
300 0 0 0 0 0 0 0 0 0 
400 0 0 0 0 0 0 0 0 0 
500 117 0 0 0 0 0 0 0 0 
600 605 38 0 1 0 0 0 0 0 
700 695 6 0 1 0 0 0 0 0 
800 824 1 0 2 0 0 0 0 0 
900 979 10 0 16 0 0 0 0 0 
1000 1213 6 0 17 0 0 0 0 0 
1100 1304 18 0 3 0 0 0 0 0 
1200 1320 10 0 6 0 0 0 0 0 
1300 1275 13 0 3 0 0 0 0 0 
1400 1272 12 0 3 0 0 0 0 0 
1500 1256 13 0 2 0 0 0 0 0 
1600 1258 13 0 2 0 0 0 0 0 
1700 1258 13 0 2 0 0 0 0 0 
1800 1258 13 0 2 0 0 0 0 0 
1900 1247 7 0 2 0 0 0 0 0 
2000 1265 9 0 1 0 0 0 0 0 
2100 1264 9 0 1 0 0 0 0 0 
2200 1285 17 0 0 0 0 0 0 0 
2300 1286 18 0 0 0 0 0 0 0 
2400 1431 25 0 0 0 0 0 0 0 
2500 1428 25 0 0 0 0 0 0 0 
2600 1428 25 0 0 0 0 0 0 0 
2700 1427 25 0 0 0 0 0 0 0 
2800 1427 25 0 0 0 0 0 0 0 
2900 1428 25 0 0 0 0 0 0 0 
3000 1428 25 0 0 0 0 0 0 0 
3100 1468 23 0 0 0 0 0 0 0 
3200 1459 25 0 0 0 0 0 0 0 
3300 1567 25 0 0 0 0 0 0 0 
3400 1648 24 0 0 0 0 0 0 0 
3500 1884 39 0 0 0 0 0 0 0 
3600 2114 223 0 1 0 0 0 0 0 
3700 2203 270 0 2 0 0 0 0 0 
3800 2237 248 0 4 0 0 0 0 0 
3900 2252 261 0 6 1 0 0 0 0 
4000 2335 319 0 2 0 1 0 0 0 
4100 2374 341 27 4 0 0 0 0 0 
4200 2437 382 13 8 1 0 0 0 0 
4300 2489 390 10 13 0 0 0 0 0 
4400 2601 465 13 17 0 0 0 0 0 
4500 2690 521 20 15 0 0 0 0 0 
4600 2781 540 17 15 0 26 0 0 0 
4700 2952 696 19 16 0 27 0 0 0 
4800 3113 801 21 19 0 27 0 0 0 
4900 3212 833 26 21 0 27 0 0 0 
5000 3273 867 25 22 0 26 0 0 0 
5100 3365 910 23 22 0 28 0 0 0 
5200 3531 998 26 25 0 28 0 0 0 
5300 3610 1022 31 25 0 29 0 0 0 
