# Avida tasks data
# Sat Apr 15 02:23:56 2023
# First column gives the current update, next columns give the number
# of organisms that have the particular task as a component of their merit
#  1: Update
#  2: Not
#  3: Nand
#  4: And
#  5: OrNot
#  6: Or
#  7: AndNot
#  8: Nor
#  9: Xor
# 10: Equals

0 0 0 0 0 0 0 0 0 0 
100 0 0 0 0 0 0 0 0 0 
200 0 0 0 0 0 0 0 0 0 
300 0 0 0 0 0 0 0 0 0 
400 0 0 0 0 0 0 0 0 0 
500 0 0 0 0 0 0 0 0 0 
600 0 0 0 0 0 0 0 0 0 
700 4 174 0 0 0 0 0 0 0 
800 16 1142 0 5 0 0 0 0 0 
900 607 2028 0 848 1 0 0 0 0 
1000 1504 2438 0 1468 0 0 0 0 0 
1100 2296 2978 0 2194 4 0 0 0 0 
1200 3019 3559 5 2778 4 3 0 0 0 
1300 3900 4269 1 3665 9 0 0 0 0 
1400 4951 5217 0 4564 14 1 0 0 0 
1500 6084 6292 5 5650 48 5 0 0 0 
1600 7167 7224 4 6672 96 16 0 0 0 
1700 8145 8227 14 7761 143 28 0 0 0 
1800 9280 9374 162 8850 232 24 1 0 0 
1900 10275 10425 485 9888 376 33 0 0 0 
2000 11118 11298 844 10692 540 67 0 0 0 
2100 11760 11908 1246 11270 611 101 2 0 0 
2200 12280 12425 1756 11705 723 121 2 0 0 
2300 12717 12823 2462 12180 762 183 4 0 0 
2400 12856 12967 3234 12383 744 209 5 0 0 
2500 12978 12998 3891 12471 705 226 0 0 0 
2600 13008 13017 4645 12541 626 286 2 0 0 
2700 13167 13025 5377 12672 591 326 1 0 0 
2800 13147 13116 6045 12704 545 284 2 0 0 
2900 13251 13068 6598 12709 543 270 1 0 0 
3000 13298 13087 7167 12786 377 338 4 0 0 
3100 13311 13067 7797 12878 372 241 2 0 0 
3200 13327 13108 8347 12909 329 229 1 0 0 
3300 13250 13046 8767 12883 292 216 0 0 0 
3400 13317 13054 9216 12903 230 238 0 0 0 
3500 13363 12937 9688 12964 205 258 0 0 0 
3600 13320 12946 10188 12941 164 227 0 0 0 
3700 13292 12932 10622 12896 123 252 1 0 0 
3800 13418 12947 10884 12994 124 238 1 0 0 
3900 13385 12867 11028 12975 244 253 0 0 0 
4000 13376 12906 11212 13001 405 225 0 0 0 
4100 13468 12991 11479 13030 566 274 0 0 0 
4200 13478 12939 11513 12986 799 219 3 0 0 
4300 13393 12982 11698 13008 1214 220 4 0 0 
4400 13473 12884 11692 13018 1607 246 0 0 0 
4500 13447 12917 11687 13016 2218 291 0 0 0 
4600 13396 12890 11746 12941 2698 261 1 0 0 
4700 13482 12811 11827 12981 3336 254 0 0 0 
4800 13376 12913 11884 13016 3875 282 1 0 0 
4900 13438 12927 11923 12969 4486 289 21 0 0 
5000 13441 13012 11954 12946 4610 301 1169 0 0 
5100 13521 13038 12098 13023 4452 517 2561 0 0 
5200 13559 13100 12138 13047 4213 1118 3781 0 0 
5300 13477 13151 12209 12991 3739 1628 4824 0 1 
5400 13491 13203 12256 13009 3298 2394 5916 0 1 
5500 13515 13182 12340 12960 2889 3201 6898 0 0 
5600 13596 13287 12350 12940 2543 3930 7666 0 13 
5700 13574 13170 12257 12901 2378 4465 8286 0 40 
5800 13612 13300 12402 13008 2161 5116 8907 1 106 
5900 13633 13266 12417 12924 2015 5769 9326 0 126 
6000 13629 13345 12460 13026 1932 6367 9745 0 160 
6100 13625 13329 12515 13019 1842 6797 10206 0 220 
6200 13684 13298 12502 13013 1981 7303 10383 0 273 
6300 13608 13263 12540 12972 1942 7609 10175 0 669 
