# Avida tasks data
# Sat Apr 15 03:35:57 2023
# First column gives the current update, next columns give the number
# of organisms that have the particular task as a component of their merit
#  1: Update
#  2: Not
#  3: Nand
#  4: And
#  5: OrNot
#  6: Or
#  7: AndNot
#  8: Nor
#  9: Xor
# 10: Equals

0 0 0 0 0 0 0 0 0 0 
100 0 0 0 0 0 0 0 0 0 
200 0 0 0 0 0 0 0 0 0 
300 0 0 0 0 0 0 0 0 0 
400 0 0 0 0 0 0 0 0 0 
500 0 0 0 0 0 0 0 0 0 
600 0 0 0 0 0 0 0 0 0 
700 19 0 0 0 0 0 0 0 0 
800 2303 305 0 1 0 0 0 0 0 
900 4687 3243 0 45 0 0 0 0 0 
1000 6901 5822 0 223 0 0 0 0 0 
1100 8623 7919 0 926 15 179 4 0 0 
1200 9599 8959 1 1560 11 1493 29 0 0 
1300 10181 9698 100 1641 12 3029 47 0 0 
1400 10665 10355 562 1645 8 4622 77 0 0 
1500 11111 10893 1124 1599 8 6130 74 0 0 
1600 11390 11141 1802 1577 17 7258 69 0 0 
1700 11569 11491 2481 1841 13 8299 71 0 0 
1800 11834 11742 3156 2437 419 9009 124 0 0 
1900 11983 11863 3141 3942 2173 9353 104 0 0 
2000 12168 12000 3075 5106 3605 9846 107 0 0 
2100 12212 12088 3046 6097 5037 10163 99 0 0 
2200 12237 12180 2954 6984 6310 10478 104 0 0 
2300 12294 12250 2852 7866 7614 10881 116 0 0 
2400 12326 12323 2691 8498 8602 11148 109 0 0 
2500 12472 12472 2729 8824 9359 11516 104 0 0 
2600 12516 12561 2561 9223 9959 11749 101 0 0 
2700 12567 12656 2366 9499 10337 11894 101 0 0 
2800 12649 12738 2281 9711 10637 11962 117 0 0 
2900 12761 12833 2187 9941 11100 12213 115 0 0 
3000 12742 12894 2136 9981 11324 12205 129 0 0 
3100 12749 12923 1963 10236 11595 12265 136 0 0 
3200 12824 12904 1922 10228 11696 12278 125 0 0 
3300 12772 12831 1844 10241 11732 12213 154 0 0 
3400 12811 12983 1871 10201 11919 12377 121 0 0 
3500 12886 13002 1852 10179 11997 12327 128 0 0 
3600 12731 12918 1863 10144 11917 12289 121 0 0 
3700 12840 13001 1975 10102 11986 12373 101 0 0 
3800 12838 12978 1987 10142 11971 12328 144 0 0 
3900 12792 12964 2029 10048 11973 12312 116 0 0 
4000 12810 12937 1976 10056 11869 12275 132 0 0 
4100 12820 12957 1955 10024 11873 12285 120 0 0 
4200 12910 13079 2076 10047 12059 12432 103 0 0 
4300 12861 13040 2056 10002 12018 12381 110 0 0 
4400 12800 13025 2036 10045 12032 12361 136 0 0 
4500 12782 13015 2119 9940 11990 12370 155 0 0 
4600 12826 13055 2248 9920 12101 12469 127 0 0 
4700 12825 13006 2308 9734 11926 12319 120 0 0 
4800 12871 13018 2315 9715 11952 12350 132 0 0 
4900 12912 13124 2584 9659 12155 12473 109 0 0 
5000 12863 13024 2556 9510 12030 12408 90 0 0 
5100 12905 13132 2666 9539 12097 12468 95 0 0 
5200 12842 13091 2796 9347 12108 12453 110 0 0 
5300 12907 13178 2927 9284 12126 12505 131 0 0 
5400 12891 13079 3079 9089 12115 12430 108 0 0 
5500 12808 13108 3383 8749 12104 12455 108 0 0 
5600 12897 13168 3531 8742 12206 12587 108 0 0 
5700 12803 13118 3594 8597 12164 12490 120 0 0 
5800 12906 13179 3832 8464 12203 12574 111 0 0 
5900 12969 13177 3934 8365 12136 12489 90 0 0 
6000 12912 13245 4236 8477 12330 12671 104 0 0 
6100 12937 13290 4579 8456 12356 12656 90 0 0 
6200 12904 13269 4938 8537 12281 12641 74 0 0 
6300 12896 13248 5204 8794 12362 12692 73 0 0 
6400 13009 13260 5495 8967 12353 12718 82 0 0 
6500 12870 13305 5873 9048 12321 12710 78 0 0 
6600 12943 13321 6169 9205 12318 12698 83 0 0 
6700 12952 13307 6563 9462 12359 12699 89 0 0 
6800 12925 13306 6980 9346 12352 12668 97 0 0 
6900 12863 13320 7392 9649 12405 12713 98 0 0 
7000 13011 13315 7681 9996 12455 12728 87 0 0 
7100 13005 13330 8172 10187 12471 12768 106 0 0 
7200 13015 13270 8440 10356 12383 12651 99 0 0 
7300 12951 13367 8977 10804 12577 12787 83 0 0 
7400 12920 13350 9332 10899 12478 12747 95 0 0 
7500 12916 13386 9772 11130 12403 12760 91 0 0 
7600 12923 13289 10043 11320 12382 12700 107 0 0 
7700 12909 13371 10372 11697 12486 12800 90 0 0 
7800 12971 13376 10773 11890 12483 12801 103 0 0 
7900 12988 13336 10998 11881 12412 12761 105 0 0 
8000 13010 13409 11421 12158 12608 12854 86 0 0 
8100 12995 13310 11431 12053 12455 12749 74 0 0 
8200 12897 13317 11677 12239 12500 12789 79 0 0 
8300 13009 13338 11791 12194 12490 12814 94 0 0 
8400 12981 13371 11926 12230 12461 12756 58 0 0 
8500 12940 13315 12108 12335 12526 12788 87 0 0 
8600 12965 13289 12136 12240 12443 12678 81 0 0 
8700 13013 13291 12255 12218 12457 12708 93 0 0 
8800 13021 13336 12362 12227 12480 12760 102 0 0 
8900 13033 13392 12424 12287 12546 12878 77 0 0 
9000 13084 13398 12387 12323 12572 12867 68 0 0 
9100 13095 13378 12315 12232 12496 12880 63 0 0 
9200 13037 13392 12426 12340 12577 12823 68 0 0 
9300 13009 13330 12358 12188 12505 12840 86 0 0 
9400 13066 13359 12383 12238 12501 12864 73 0 0 
9500 13059 13367 12402 12230 12546 12836 81 0 0 
9600 13005 13352 12408 12263 12506 12834 89 0 0 
9700 13060 13410 12383 12296 12521 12813 67 0 0 
9800 13117 13362 12460 12330 12600 12861 62 0 0 
9900 13035 13362 12407 12313 12564 12887 77 0 0 
10000 12989 13333 12365 12276 12483 12838 97 0 0 
