# Avida tasks data
# Sat Apr 15 00:20:27 2023
# First column gives the current update, next columns give the number
# of organisms that have the particular task as a component of their merit
#  1: Update
#  2: Not
#  3: Nand
#  4: And
#  5: OrNot
#  6: Or
#  7: AndNot
#  8: Nor
#  9: Xor
# 10: Equals

0 0 0 0 0 0 0 0 0 0 
100 0 0 0 0 0 0 0 0 0 
200 0 0 0 0 0 0 0 0 0 
300 0 0 0 0 0 0 0 0 0 
400 0 0 0 0 0 0 0 0 0 
500 0 0 0 0 0 0 0 0 0 
600 120 12 0 0 0 0 0 0 0 
700 1129 48 0 6 0 0 0 0 0 
800 2878 195 0 6 0 0 0 0 0 
900 5514 2625 4 178 1 1211 0 0 0 
1000 8170 5093 19 2702 0 4059 2 0 0 
1100 9379 6726 60 4327 0 5726 0 0 0 
1200 10234 8157 77 5509 0 7147 0 0 0 
1300 10846 9116 116 6472 0 8140 0 0 0 
1400 11276 10053 112 7510 0 9111 0 0 0 
1500 11618 10904 148 8168 0 9905 1 0 0 
1600 12041 11570 142 8976 2 10521 0 0 0 
1700 12420 12100 110 9715 4 11072 0 0 0 
1800 12634 12334 101 10099 0 11287 0 0 0 
1900 12843 12607 89 10338 2 11614 0 0 0 
2000 12882 12895 96 10600 3 11817 0 0 0 
2100 13078 12967 109 10696 3 12025 0 0 0 
2200 13091 13081 103 10860 0 12111 0 0 0 
2300 13098 13136 133 10919 0 12122 0 0 0 
2400 13066 13064 151 10696 0 12071 1 0 0 
2500 13053 13051 145 10735 3 12089 2 0 0 
2600 13126 13086 153 10711 3 12053 0 0 0 
2700 13021 13107 189 10657 2 12142 1 0 0 
2800 13101 13087 197 10600 1 12117 3 0 0 
2900 13091 13050 229 10714 0 12093 2 0 0 
3000 13209 13067 217 10801 32 12089 1 0 0 
3100 13089 12868 194 10765 1818 11989 1 0 0 
3200 13033 12789 147 10890 3469 11995 0 0 0 
3300 13027 12609 136 10876 5007 11846 2 0 0 
3400 13072 12551 122 10948 6337 11893 6 0 0 
3500 13009 12462 111 10981 7556 11851 5 0 0 
3600 12918 12368 152 11128 8519 11897 8 0 0 
3700 13020 12297 126 11233 9690 11906 313 0 0 
3800 12893 12247 114 11399 10750 11916 1449 0 0 
3900 12877 12249 136 11633 11568 12021 2615 0 0 
4000 12899 12148 112 11784 12080 11968 3868 0 0 
4100 12853 12208 116 11901 12293 12029 4895 0 27 
4200 12918 12323 91 12112 12386 12206 5963 0 135 
4300 12860 12344 81 12348 12170 12239 6801 0 290 
4400 12468 12422 76 12431 12209 12270 7725 0 550 
4500 12190 12593 62 12123 12171 12416 8355 0 1080 
4600 12013 12510 67 11764 12198 12429 8855 0 1483 
4700 12103 12499 62 11419 12231 12457 9421 2 1938 
4800 12280 12454 74 11249 12192 12405 9732 0 2361 
4900 12384 12408 64 11064 12117 12414 9960 0 2947 
5000 12497 12401 70 11142 12141 12390 10158 1 3531 
5100 12559 12449 87 11203 12009 12432 10184 0 4067 
5200 12647 12461 68 11158 11979 12466 10307 0 4582 
5300 12719 12441 73 11199 11908 12420 10429 0 5131 
5400 12761 12443 103 11271 11905 12433 10553 0 5541 
5500 12864 12487 76 11457 11992 12463 10781 0 6066 
5600 12961 12500 66 11569 12019 12459 10946 0 6547 
5700 12959 12476 86 11703 11819 12486 10883 0 6796 
5800 12964 12476 101 11808 11781 12533 10822 0 6996 
5900 13046 12441 88 11998 11748 12505 10856 0 7306 
6000 13025 12486 113 12085 11786 12563 10987 0 7675 
6100 13011 12526 126 12154 11726 12590 11023 0 7933 
6200 13031 12356 120 12121 11658 12516 11073 0 8178 
6300 13102 12526 122 12290 11733 12578 11198 0 8573 
6400 13064 12531 114 12305 11670 12636 11194 0 8811 
6500 13184 12590 97 12534 11810 12686 11304 0 9120 
6600 13103 12508 134 12451 11655 12656 11284 0 9060 
6700 13152 12489 114 12608 11672 12612 11310 0 9216 
6800 13077 12566 137 12684 11667 12624 11247 0 9285 
6900 13204 12569 137 12849 11695 12635 11308 0 9402 
7000 13177 12462 138 12879 11599 12651 11216 0 9293 
7100 13155 12628 144 12946 11621 12600 11267 0 9455 
7200 13186 12571 123 12925 11552 12602 11230 0 9463 
7300 13171 12464 151 12918 11517 12563 11234 0 9454 
7400 13262 12573 125 13018 11691 12614 11413 4 9557 
7500 13219 12584 124 13025 11691 12667 11360 0 9681 
7600 13267 12633 124 13098 11763 12727 11445 0 9828 
7700 13205 12633 143 13058 11751 12689 11351 0 9720 
7800 13171 12590 107 13072 11754 12744 11420 0 9795 
7900 13188 12542 119 13117 11661 12639 11311 0 9548 
8000 13163 12502 112 13016 11682 12659 11356 0 9685 
8100 13234 12569 151 13007 11751 12694 11422 0 9721 
8200 13230 12510 169 13025 11642 12614 11268 0 9515 
8300 13226 12620 103 13020 11710 12737 11361 0 9688 
8400 13266 12667 120 13177 11872 12777 11527 0 9804 
8500 13251 12629 143 13049 11724 12634 11398 0 9632 
8600 13277 12707 129 13075 11783 12706 11498 0 9726 
8700 13234 12575 123 13100 11738 12785 11391 0 9764 
8800 13321 12775 136 13081 11924 12843 11523 0 9963 
8900 13263 12636 123 13053 11899 12760 11500 0 9851 
9000 13196 12527 133 13005 11700 12677 11327 0 9654 
9100 13204 12601 103 13050 11791 12767 11396 0 9772 
9200 13220 12663 115 13056 11856 12700 11506 0 9791 
9300 13226 12587 140 13030 11753 12795 11340 0 9762 
9400 13326 12615 154 13136 11840 12716 11433 0 9745 
9500 13228 12580 151 13063 11772 12746 11362 0 9684 
9600 13232 12727 114 13094 11816 12863 11450 0 9842 
9700 13225 12679 158 13039 11807 12795 11411 0 9729 
9800 13307 12730 134 13143 11846 12792 11459 0 9787 
9900 13332 12580 126 13118 11849 12722 11503 0 9794 
10000 13321 12720 134 13116 11901 12850 11512 0 9899 
