# Avida tasks data
# Fri Apr 14 22:34:21 2023
# First column gives the current update, next columns give the number
# of organisms that have the particular task as a component of their merit
#  1: Update
#  2: Not
#  3: Nand
#  4: And
#  5: OrNot
#  6: Or
#  7: AndNot
#  8: Nor
#  9: Xor
# 10: Equals

0 0 0 0 0 0 0 0 0 0 
100 0 0 0 0 0 0 0 0 0 
200 0 0 0 0 0 0 0 0 0 
300 0 0 0 0 0 0 0 0 0 
400 0 0 0 0 0 0 0 0 0 
500 0 0 0 0 0 0 0 0 0 
600 0 0 0 0 0 0 0 0 0 
700 9 0 0 0 0 0 0 0 0 
800 10 39 0 0 0 0 0 0 0 
900 99 127 0 1 0 0 0 0 0 
1000 286 115 0 241 0 0 0 0 0 
1100 589 1238 0 1761 38 2 0 0 0 
1200 1323 2492 0 3603 503 0 0 0 0 
1300 2652 2348 514 5195 1438 6 0 0 0 
1400 4046 2317 1425 6915 2310 11 0 0 0 
1500 5170 2573 2560 8151 2498 41 0 0 0 
1600 6247 3081 3890 8972 2252 30 0 0 0 
1700 7062 4020 5391 9316 1546 50 0 0 0 
1800 7801 5177 6591 9684 1018 73 0 0 0 
1900 8301 6258 7686 10161 645 68 2 0 0 
2000 8765 7242 8400 10461 468 97 0 0 0 
2100 9307 8260 9110 10771 386 93 0 0 0 
2200 9674 9124 9705 11167 318 109 0 0 0 
2300 10029 9730 10248 11365 233 86 1 0 0 
2400 10371 10252 10793 11688 177 106 4 0 0 
2500 10653 10789 11137 11874 127 125 0 0 0 
2600 11079 11348 11526 12166 91 120 0 0 0 
2700 11356 11582 11588 12253 85 136 0 0 0 
2800 11705 12040 11940 12512 61 144 0 0 0 
2900 11835 12350 12041 12565 34 133 0 0 0 
3000 12120 12607 12230 12733 33 135 0 0 0 
3100 12257 12713 12285 12781 27 179 0 0 0 
3200 12322 12921 12292 12780 21 316 0 0 0 
3300 12481 12849 12208 12772 18 606 0 0 0 
3400 12485 12906 12361 12820 21 1223 0 0 0 
3500 12529 12982 12386 12920 23 2113 0 0 0 
3600 12550 12985 12331 12835 13 3158 1 0 0 
3700 12343 12864 12186 12727 15 4547 13 0 0 
3800 12392 12825 12249 12802 21 4789 837 0 0 
3900 12534 12866 12307 12784 19 4398 2042 0 0 
4000 12782 12929 12337 12852 19 3680 3437 0 0 
4100 12989 13022 12425 12948 19 3166 4793 0 0 
4200 13074 12943 12481 12961 717 2876 5947 0 0 
4300 13138 12995 12604 13075 2072 2621 7027 0 0 
4400 13279 13096 12628 13062 3432 2278 8013 0 0 
4500 13409 13062 12646 13162 4863 1836 8840 0 0 
4600 13474 13160 12768 13227 6264 1405 9533 0 0 
4700 13607 13176 12840 13333 7504 1032 10159 0 0 
4800 13659 13213 12915 13381 8641 792 10637 0 0 
4900 13692 13213 12933 13410 9530 631 11027 0 0 
5000 13787 13307 12949 13492 10310 510 11258 0 0 
5100 13750 13294 12909 13463 10851 454 11418 0 0 
5200 13790 13311 12958 13525 11275 357 11544 0 0 
5300 13744 13326 12948 13480 11546 313 11624 0 0 
5400 13782 13361 12960 13512 11766 325 11710 0 0 
5500 13744 13296 12991 13492 11947 341 11783 0 0 
5600 13740 13336 12960 13516 12009 323 11761 0 0 
5700 13787 13316 12998 13527 11998 350 11693 0 0 
5800 13746 13264 12929 13478 11986 323 11654 0 0 
5900 13817 13397 13045 13550 12058 327 11809 0 0 
6000 13854 13311 12929 13488 12016 328 11770 0 0 
6100 13846 13350 13029 13569 12061 289 11867 0 0 
6200 13765 13345 13005 13483 11987 325 11703 0 0 
6300 13829 13448 13073 13571 12100 322 11826 0 0 
6400 13819 13323 12897 13454 12037 348 11720 0 0 
6500 13806 13357 13005 13562 12129 282 11871 0 0 
6600 13844 13329 13055 13520 12200 295 11894 0 0 
6700 13848 13307 12942 13437 11988 374 11758 0 0 
6800 13879 13376 12987 13475 12204 280 11951 0 0 
6900 13884 13407 12998 13523 12122 342 11837 0 0 
7000 13834 13326 13044 13552 12116 298 11829 0 0 
7100 13849 13328 13104 13586 12179 310 11966 0 0 
7200 13832 13372 13041 13555 12160 254 11893 0 0 
7300 13852 13463 12940 13534 12236 301 11881 0 0 
7400 13815 13314 13020 13538 12146 280 11857 0 0 
7500 13842 13395 12994 13502 12191 293 11952 0 0 
7600 13888 13460 13022 13524 12265 303 11944 0 0 
7700 13817 13413 13136 13606 12172 274 11986 0 0 
7800 13863 13380 13002 13514 12177 337 11894 0 0 
7900 13885 13433 13034 13561 12329 282 12013 0 0 
8000 13916 13443 13070 13613 12388 221 12082 0 0 
8100 13910 13401 13084 13560 12390 264 12206 0 0 
8200 13882 13436 13045 13565 12260 272 12013 0 0 
8300 13899 13390 13043 13571 12375 316 11989 0 0 
8400 13858 13461 13094 13548 12403 268 12082 0 0 
8500 13843 13426 13088 13593 12307 278 12050 0 0 
8600 13935 13465 13028 13509 12317 300 12002 0 0 
8700 13911 13391 12996 13511 12347 298 11999 0 0 
8800 13852 13487 13038 13560 12293 273 12021 0 0 
8900 13873 13441 13057 13558 12336 256 12076 0 0 
9000 13898 13439 13020 13514 12416 269 12069 0 0 
9100 13922 13490 13109 13609 12414 280 12131 0 0 
9200 13859 13372 13050 13529 12357 304 12026 0 0 
9300 13870 13460 13003 13474 12349 281 12028 0 0 
9400 13842 13437 13019 13550 12386 316 12093 0 0 
9500 13881 13519 13081 13606 12363 268 12101 0 0 
9600 13871 13530 13070 13537 12341 301 11987 0 0 
9700 13868 13500 13010 13533 12331 305 11983 0 0 
9800 13856 13545 13072 13566 12357 282 12050 0 0 
9900 13866 13443 13021 13557 12381 289 12095 0 0 
10000 13885 13215 13024 13549 12295 426 11983 0 0 
