# Avida tasks data
# Fri Apr 14 20:38:25 2023
# First column gives the current update, next columns give the number
# of organisms that have the particular task as a component of their merit
#  1: Update
#  2: Not
#  3: Nand
#  4: And
#  5: OrNot
#  6: Or
#  7: AndNot
#  8: Nor
#  9: Xor
# 10: Equals

0 0 0 0 0 0 0 0 0 0 
100 0 0 0 0 0 0 0 0 0 
200 0 0 0 0 0 0 0 0 0 
300 0 0 0 0 0 0 0 0 0 
400 0 0 0 0 0 0 0 0 0 
500 0 0 0 0 0 0 0 0 0 
600 10 0 0 0 0 0 0 0 0 
700 34 0 0 0 0 0 0 0 0 
800 104 17 0 0 0 0 0 0 0 
900 261 235 0 251 0 0 0 0 0 
1000 339 1127 0 1286 66 0 0 0 0 
1100 669 1063 1 2142 1411 509 741 0 0 
1200 624 647 10 3210 2988 2514 2466 0 0 
1300 958 1068 11 4345 4499 3970 3716 0 0 
1400 1317 1851 22 5466 5665 5011 4741 0 0 
1500 1787 2548 25 6550 6900 6074 5754 0 0 
1600 2499 3436 31 7691 8170 7261 6872 0 0 
1700 3244 4203 27 8545 9093 8136 7706 0 0 
1800 3973 4925 37 9360 9914 8905 8380 0 0 
1900 4806 5670 47 10081 10590 9640 9082 0 0 
2000 5476 6293 54 10353 10876 9894 9389 0 0 
2100 6120 6989 41 10719 11262 10265 9707 0 0 
2200 6718 7729 71 11034 11615 10574 9983 0 0 
2300 7295 8382 76 11166 11739 10820 10082 0 0 
2400 7995 9026 166 11233 11735 10872 10208 0 0 
2500 8477 9544 294 11395 11917 10996 10347 0 0 
2600 8855 10117 434 11375 11835 10907 10370 0 0 
2700 9090 10549 666 11562 11987 11063 10531 0 0 
2800 9029 10882 968 11426 11821 11004 10449 0 0 
2900 9142 11204 1250 11501 11868 11086 10563 1 0 
3000 9143 11330 1685 11593 11890 10998 10518 3 2 
3100 9029 11452 1956 11554 11780 10991 10527 2 2 
3200 8857 11756 2458 11639 11784 11038 10652 0 0 
3300 8685 11776 2888 11594 11815 11031 10619 0 0 
3400 8437 11704 3318 11751 11848 11080 10795 0 0 
3500 8175 11568 3702 11684 11669 10887 10672 4 1 
3600 7896 11424 4085 11729 11667 10985 10778 0 0 
3700 7411 11412 4796 11821 11727 11001 10910 0 154 
3800 6795 10721 5399 11850 11578 10934 10914 2 618 
3900 6162 9634 6114 11994 11550 11033 10966 1 1455 
4000 5367 8817 6805 11993 11432 10792 10909 8 2286 
4100 5126 8435 7030 12001 11447 10842 10872 4 2626 
4200 5835 8414 7017 11983 11460 10833 10861 4 2647 
4300 6344 8397 7066 11996 11510 10909 10793 5 2710 
4400 6655 8307 7028 11999 11440 10811 10733 5 2724 
4500 6791 8125 7176 12008 11505 10910 10794 10 2970 
4600 6896 8015 7241 12018 11511 10893 10765 8 3072 
4700 7036 7881 7349 12011 11485 10867 10754 8 3194 
4800 7294 7854 7324 11976 11408 10766 10076 7 3422 
4900 7400 8355 7370 11983 11416 10767 9835 7 3468 
5000 7499 8733 7415 11940 11391 10741 9390 9 3577 
5100 7652 8953 7507 11923 11357 10704 9038 8 3647 
5200 7756 8390 7044 11681 11353 10046 8730 8 3854 
5300 7806 7731 6992 11545 11327 10074 8196 7 4419 
5400 7800 7472 6967 11093 11249 10042 8417 7 4642 
5500 7934 7332 6841 10655 11214 9990 8681 7 4912 
5600 7930 7212 6691 10506 11158 9913 8739 9 5080 
5700 7783 7210 6603 10546 11172 9939 8894 7 5308 
5800 7613 7315 6470 10634 11146 9956 8922 7 5417 
5900 7595 7388 6375 10687 11112 9926 8977 7 5500 
6000 7675 7413 6263 10810 11100 9953 9090 7 5636 
6100 7703 7495 6155 10866 11052 9986 9080 7 5721 
6200 7766 7570 6063 10968 11055 10045 9132 7 5841 
6300 7834 7644 5946 11044 10973 10007 9145 7 5902 
6400 7884 7844 5822 11190 10982 10112 9297 7 5995 
6500 7756 7917 5706 11300 10918 10133 9356 7 6102 
6600 7795 8150 5579 11405 10893 10261 9478 6 6179 
6700 7763 8222 5510 11500 10812 10291 9585 6 6210 
6800 7819 8336 5413 11579 10819 10356 9750 6 6323 
6900 7815 8342 5295 11615 10790 10384 9852 6 6373 
7000 7773 8488 5188 11668 10773 10453 9963 6 6411 
7100 7829 8583 5103 11704 10811 10537 10079 6 6462 
7200 7752 8652 4994 11751 10666 10507 10138 7 6478 
7300 7749 8708 4904 11811 10691 10536 10229 7 6553 
7400 7846 8790 4823 11873 10699 10548 10244 6 6654 
7500 7930 8902 4663 11889 10620 10534 10289 6 6685 
7600 7984 8939 4537 11902 10644 10591 10383 6 6805 
7700 8074 9037 4415 11960 10630 10646 10457 5 6884 
7800 8118 9127 4266 12011 10649 10677 10570 7 7010 
7900 8164 9120 4137 11961 10569 10621 10584 5 7061 
8000 8249 9290 3914 11950 10549 10005 10562 5 7119 
8100 8333 9410 3723 11961 10499 9620 10579 4 7259 
8200 8435 9618 3507 11948 10542 9244 10590 4 7386 
8300 8490 9669 3386 11937 10455 8931 10546 3 7439 
8400 8579 9816 3226 11934 10435 8627 10543 3 7528 
8500 8605 9900 3061 11930 10411 8403 10544 3 7589 
8600 8505 9938 2955 11923 10369 8208 10512 2 7645 
8700 8596 10023 2862 11946 10396 7958 10528 2 7736 
8800 8544 10093 2709 11948 10299 7742 10511 2 7789 
8900 8059 10406 2537 11971 10355 7489 10556 2 7798 
9000 7866 10574 2427 11971 10374 7254 10588 2 7854 
9100 7630 10782 2346 11966 10360 7059 10532 2 7883 
9200 7461 10873 2311 11928 10342 6844 10526 2 7927 
9300 7376 10953 2274 11947 10371 6641 10528 2 7998 
9400 7264 10966 2243 11970 10427 6475 10575 2 8085 
9500 7247 11007 2212 11922 10390 6332 10563 2 8098 
9600 7280 10981 2151 12047 10435 6190 10633 2 8261 
9700 7316 10976 2117 12044 10448 6051 10646 2 8388 
9800 7378 10992 2076 12022 10469 5922 10702 2 8409 
9900 7560 10945 2042 11931 10373 5837 10584 2 8358 
10000 7647 11012 2016 11974 10394 5708 10622 5 8441 
