# Avida tasks data
# Fri Apr 14 23:59:48 2023
# First column gives the current update, next columns give the number
# of organisms that have the particular task as a component of their merit
#  1: Update
#  2: Not
#  3: Nand
#  4: And
#  5: OrNot
#  6: Or
#  7: AndNot
#  8: Nor
#  9: Xor
# 10: Equals

0 0 0 0 0 0 0 0 0 0 
100 0 0 0 0 0 0 0 0 0 
200 0 0 0 0 0 0 0 0 0 
300 0 0 0 0 0 0 0 0 0 
400 0 0 0 0 0 0 0 0 0 
500 0 0 0 0 0 0 0 0 0 
600 0 0 0 0 0 0 0 0 0 
700 0 2 0 0 0 0 0 0 0 
800 21 0 0 0 0 0 0 0 0 
900 38 0 0 0 0 0 0 0 0 
1000 57 0 0 0 0 0 0 0 0 
1100 90 8 0 0 0 0 0 0 0 
1200 167 32 0 11 0 52 0 0 0 
1300 778 36 68 1209 0 609 0 0 0 
1400 955 105 479 2935 823 793 0 0 0 
1500 2403 101 558 4539 924 756 0 0 0 
1600 2573 103 517 4720 920 751 0 0 0 
1700 2579 101 516 4722 919 751 0 0 0 
1800 2579 101 516 4723 919 751 0 0 0 
1900 2740 105 516 4795 917 751 0 0 0 
2000 3750 155 516 5760 1094 751 0 0 0 
2100 3944 137 516 5862 1065 750 0 0 0 
2200 3995 142 516 5914 1050 749 0 0 0 
2300 4103 148 516 5969 1040 734 2 0 0 
2400 4182 155 516 6017 1026 718 0 0 0 
2500 4182 155 516 6017 1026 718 0 0 0 
2600 4182 155 516 6017 1026 718 0 0 0 
2700 4182 155 516 6017 1026 718 0 0 0 
2800 4182 155 516 6017 1026 718 0 0 0 
2900 4233 150 514 6085 973 705 0 0 0 
3000 4230 150 514 6084 973 705 0 0 0 
3100 4230 152 514 6082 973 705 0 0 0 
3200 4311 151 514 6126 945 704 0 0 0 
3300 4324 159 514 6124 939 703 0 0 0 
3400 4527 163 514 6272 897 698 0 0 0 
3500 4674 157 514 6374 865 696 0 0 0 
3600 4831 153 514 6497 815 683 0 0 0 
3700 4830 153 514 6496 815 683 0 0 0 
3800 4955 205 514 6546 788 676 0 0 0 
3900 5081 175 514 6615 772 667 0 0 0 
4000 5184 162 514 6689 772 662 0 0 0 
4100 5397 155 514 6924 729 646 0 0 0 
4200 5395 154 514 6925 729 646 0 0 0 
4300 5508 150 513 6978 708 627 0 0 0 
4400 5569 161 513 7020 701 622 0 0 0 
4500 5722 154 512 7174 678 609 0 0 0 
4600 5726 153 512 7176 678 609 0 0 0 
4700 5727 153 512 7178 678 609 0 0 0 
4800 5897 188 507 7280 678 599 0 0 0 
4900 5897 188 507 7280 678 599 0 0 0 
5000 5894 188 507 7280 678 599 0 0 0 
5100 5893 188 507 7280 678 599 0 0 0 
5200 5950 176 506 7352 664 597 0 0 0 
5300 6057 175 505 7412 637 587 0 0 0 
5400 6373 210 490 7705 595 556 0 0 0 
5500 6387 217 490 7691 592 555 0 0 0 
5600 6554 263 482 7792 556 535 0 0 0 
5700 6556 267 482 7788 556 535 0 0 0 
5800 6638 293 467 7890 545 521 0 0 0 
5900 6686 286 460 7915 537 519 0 0 0 
6000 6690 287 460 7903 548 521 0 0 0 
6100 6677 269 460 7893 551 519 0 0 0 
6200 6654 274 460 7878 545 520 0 0 0 
6300 6669 284 460 7886 548 521 0 0 0 
6400 6675 369 460 7839 547 519 0 0 0 
6500 6693 432 460 7874 564 519 0 0 0 
6600 6689 501 460 7887 559 519 0 0 0 
6700 6667 358 461 7896 558 519 0 0 0 
6800 6558 312 460 7933 554 519 1 0 0 
6900 6185 310 460 7957 565 520 1 0 0 
7000 6103 311 460 7965 553 519 2 0 0 
7100 6048 328 460 7969 554 519 1 0 0 
7200 6014 328 460 7985 563 519 1 0 0 
7300 5951 338 460 7988 558 519 1 0 0 
