# Avida tasks data
# Fri Apr 14 20:22:47 2023
# First column gives the current update, next columns give the number
# of organisms that have the particular task as a component of their merit
#  1: Update
#  2: Not
#  3: Nand
#  4: And
#  5: OrNot
#  6: Or
#  7: AndNot
#  8: Nor
#  9: Xor
# 10: Equals

0 0 0 0 0 0 0 0 0 0 
100 0 0 0 0 0 0 0 0 0 
200 0 0 0 0 0 0 0 0 0 
300 0 0 0 0 0 0 0 0 0 
400 0 0 0 0 0 0 0 0 0 
500 0 0 0 0 0 0 0 0 0 
600 8 0 0 0 0 0 0 0 0 
700 30 0 0 0 0 0 0 0 0 
800 82 0 0 0 0 0 0 0 0 
900 218 0 0 0 0 0 0 0 0 
1000 411 14 0 134 0 0 0 0 0 
1100 816 159 26 499 0 213 0 0 0 
1200 1052 539 30 472 0 947 6 0 0 
1300 900 988 30 170 0 1369 6 0 0 
1400 822 1438 31 60 0 1721 6 0 0 
1500 1247 1485 38 26 0 2217 6 0 0 
1600 1836 1736 58 26 0 2519 6 0 0 
1700 2304 2482 83 54 0 2940 6 0 0 
1800 2745 2865 149 105 0 3263 6 0 0 
1900 3244 3128 224 170 0 3493 6 0 0 
2000 3768 3391 337 279 0 3780 6 0 0 
2100 4232 3564 406 365 0 3944 6 0 0 
2200 4685 3611 433 702 0 4329 6 0 0 
2300 5113 3344 353 1371 0 4837 6 0 0 
2400 5471 3109 291 1930 0 5228 6 0 0 
2500 5717 2863 258 2435 0 5489 6 0 0 
2600 6012 2741 252 2851 0 5787 6 0 0 
2700 6309 2681 262 3216 0 6089 6 0 0 
2800 6602 2628 259 3611 1 6411 4 0 0 
2900 6834 2592 246 3951 0 6725 1 0 0 
3000 7061 2570 247 4197 0 6927 0 0 0 
3100 7322 2543 241 4490 0 7137 0 0 0 
3200 7535 2525 258 4773 0 7388 0 0 0 
3300 7567 2519 244 4769 0 7376 0 0 0 
3400 7580 2515 237 4807 1 7422 0 0 0 
3500 7597 2520 228 4780 0 7374 0 0 0 
3600 7629 2503 222 4857 0 7437 2 0 0 
3700 7673 2488 211 4933 0 7492 0 0 0 
3800 7879 2441 200 5131 0 7661 0 0 0 
3900 7974 2393 186 5294 0 7748 0 0 0 
4000 8104 2311 175 5476 0 7859 0 0 0 
4100 8188 2207 156 5692 0 7978 0 0 0 
4200 8318 2116 143 5867 0 8023 0 0 0 
4300 8417 1987 139 6090 0 8131 0 0 0 
4400 8527 1883 119 6314 0 8242 0 0 0 
4500 8667 1765 103 6531 0 8363 0 0 0 
4600 8745 1650 91 6647 0 8399 0 0 0 
4700 8873 1539 78 6882 0 8510 0 0 0 
4800 8960 1441 63 7015 0 8526 0 0 0 
4900 9068 1341 55 7238 0 8649 0 0 0 
5000 9196 1255 41 7475 0 8832 0 0 0 
5100 9363 1158 35 7698 0 8963 2 0 0 
5200 9466 1074 39 7810 0 9015 0 0 0 
5300 9624 965 34 7994 0 9074 0 0 0 
5400 9757 888 34 8237 0 9216 0 0 0 
5500 9872 784 34 8534 0 9381 0 0 0 
5600 10095 696 27 8755 0 9505 0 0 0 
5700 10196 596 20 8981 0 9661 0 0 0 
5800 10349 510 26 9151 0 9754 0 0 0 
5900 10479 436 25 9431 0 9938 0 0 0 
6000 10578 386 28 9509 0 9977 0 0 0 
6100 10772 348 32 9753 0 10178 0 0 0 
6200 10911 318 28 9855 0 10260 0 0 0 
6300 11082 301 20 9972 0 10400 0 0 0 
6400 11324 280 18 10244 0 10646 0 0 0 
6500 11494 274 20 10410 0 10797 0 0 0 
6600 11634 274 18 10550 0 10937 0 0 0 
6700 11784 261 18 10707 0 11105 0 0 0 
6800 11920 273 21 10825 0 11226 0 0 0 
6900 11923 260 22 10816 0 11226 0 0 0 
7000 11893 265 19 10767 0 11178 0 0 0 
7100 11882 270 23 10763 0 11173 0 0 0 
7200 11885 270 20 10755 0 11163 0 0 0 
7300 11869 263 21 10752 0 11156 0 0 0 
7400 11875 270 22 10741 0 11164 0 0 0 
7500 11843 266 19 10734 0 11138 0 0 0 
7600 11836 264 20 10710 0 11133 0 0 0 
7700 11829 269 21 10697 0 11117 0 0 0 
7800 11816 266 19 10690 0 11107 0 0 0 
7900 11836 259 22 10731 0 11137 0 0 0 
8000 11827 259 23 10722 0 11121 0 0 0 
8100 11820 263 22 10720 0 11114 0 0 0 
8200 11804 262 22 10691 0 11101 0 0 0 
8300 11812 265 23 10702 0 11103 0 0 0 
8400 11799 261 23 10687 0 11091 0 0 0 
8500 11799 259 23 10693 0 11097 0 0 0 
8600 11807 260 24 10697 0 11094 0 0 0 
8700 11813 268 24 10699 0 11098 0 0 0 
8800 11823 265 22 10712 0 11106 0 0 0 
8900 11810 260 23 10689 0 11085 0 0 0 
9000 11825 260 23 10689 0 11083 0 0 0 
9100 11809 263 21 10710 0 11094 0 0 0 
9200 11823 264 20 10732 0 11115 0 0 0 
9300 11823 262 23 10722 0 11115 0 0 0 
9400 11823 257 21 10731 0 11116 0 0 0 
9500 11816 261 22 10718 0 11117 0 0 0 
9600 11796 260 22 10708 0 11097 0 0 0 
9700 11822 261 21 10730 0 11126 0 0 0 
9800 11830 263 22 10726 0 11117 0 0 0 
9900 11850 264 19 10736 0 11135 0 0 0 
10000 11871 259 23 10759 0 11153 0 0 0 
