# Avida tasks data
# Fri Apr 14 20:51:52 2023
# First column gives the current update, next columns give the number
# of organisms that have the particular task as a component of their merit
#  1: Update
#  2: Not
#  3: Nand
#  4: And
#  5: OrNot
#  6: Or
#  7: AndNot
#  8: Nor
#  9: Xor
# 10: Equals

0 0 0 0 0 0 0 0 0 0 
100 0 0 0 0 0 0 0 0 0 
200 0 0 0 0 0 0 0 0 0 
300 0 0 0 0 0 0 0 0 0 
400 0 0 0 0 0 0 0 0 0 
500 19 0 0 0 0 0 0 0 0 
600 48 3 0 0 0 0 0 0 0 
700 156 32 0 0 0 0 0 0 0 
800 266 75 0 0 0 0 0 0 0 
900 416 157 0 9 0 0 0 0 0 
1000 823 178 0 153 0 0 0 0 0 
1100 1702 526 0 544 0 0 0 0 0 
1200 2218 737 0 1207 385 9 414 0 0 
1300 2529 749 1 2508 1895 43 1736 0 0 
1400 2717 751 0 2742 2321 33 2090 0 0 
1500 3083 722 0 3241 2894 93 2498 0 0 
1600 3095 718 0 3278 2923 73 2511 0 0 
1700 3095 718 0 3278 2923 73 2512 0 0 
1800 3094 721 0 3279 2924 73 2513 0 0 
1900 3093 720 0 3278 2923 73 2513 0 0 
2000 3093 720 0 3278 2923 73 2513 0 0 
2100 3092 720 0 3278 2923 73 2513 0 0 
2200 3092 720 0 3278 2923 73 2513 0 0 
2300 3092 720 0 3278 2923 73 2513 0 0 
2400 3090 719 0 3275 2920 73 2510 0 0 
2500 3093 719 0 3278 2923 73 2513 0 0 
2600 3093 719 0 3278 2923 73 2513 0 0 
2700 3093 719 0 3278 2923 73 2513 0 0 
2800 3094 719 0 3279 2924 73 2514 0 0 
2900 3092 721 0 3279 2924 73 2515 0 0 
3000 2623 731 0 3281 2966 1069 1524 0 0 
