# Avida tasks data
# Fri Apr 14 23:44:04 2023
# First column gives the current update, next columns give the number
# of organisms that have the particular task as a component of their merit
#  1: Update
#  2: Not
#  3: Nand
#  4: And
#  5: OrNot
#  6: Or
#  7: AndNot
#  8: Nor
#  9: Xor
# 10: Equals

0 0 0 0 0 0 0 0 0 0 
100 0 0 0 0 0 0 0 0 0 
200 0 0 0 0 0 0 0 0 0 
300 0 0 0 0 0 0 0 0 0 
400 0 0 0 0 0 0 0 0 0 
500 0 0 0 0 0 0 0 0 0 
600 13 0 0 0 0 0 0 0 0 
700 45 0 0 0 0 0 0 0 0 
800 163 2 0 0 0 0 0 0 0 
900 458 25 0 0 0 0 0 0 0 
1000 879 125 0 0 0 0 0 0 0 
1100 1559 473 0 952 0 0 0 0 0 
1200 2799 693 0 2946 2106 5 0 0 0 
1300 4662 689 0 4819 4116 1 0 0 0 
1400 6759 692 0 6687 6012 4 1 0 0 
1500 8358 689 0 8194 7636 6 0 0 0 
1600 9597 728 0 9514 8974 23 1 0 0 
1700 10736 724 0 10578 10074 26 0 0 0 
1800 11488 750 0 11454 10849 49 0 0 0 
1900 11951 759 1 11878 11172 27 4 0 0 
2000 12258 773 0 12092 11471 38 3 0 0 
2100 12312 833 1 12213 11566 62 4 0 0 
2200 12417 908 1 12256 11658 39 2 0 0 
2300 12460 1007 0 12212 11675 67 3 0 0 
2400 12572 1311 1 12306 11732 28 0 0 0 
2500 12616 1728 0 12273 11631 28 3 0 0 
2600 12740 2297 0 12303 11730 21 1 0 0 
2700 12844 3118 0 12319 11772 15 0 0 0 
2800 12744 4126 1 12278 11689 15 0 0 0 
2900 12795 5342 0 12339 11816 14 0 0 0 
3000 12854 6578 5 12303 11782 335 13 0 0 
3100 12741 6989 15 12310 11801 1211 87 0 0 
3200 12789 6849 30 12262 11810 2175 115 0 0 
3300 12730 6566 45 12276 11746 3123 201 0 0 
3400 12778 5991 56 12277 11874 4176 302 0 0 
3500 12814 5373 55 12183 11788 5193 313 0 0 
3600 12865 4774 77 12280 11825 6262 322 0 0 
3700 12847 4127 98 12160 11850 7054 265 0 0 
3800 12922 3371 96 12163 11865 8127 200 0 0 
3900 12997 2726 103 12168 11907 8852 120 0 0 
4000 12952 2134 141 12091 11933 9597 32 0 0 
4100 12928 1562 154 12121 11854 10160 23 0 0 
4200 13001 1161 114 12171 11914 10639 22 0 0 
4300 12949 952 115 12077 11898 10708 17 0 0 
4400 13019 734 137 12190 12030 11024 18 0 0 
4500 12995 527 121 12113 11949 11187 15 0 0 
4600 12985 454 161 12119 11891 11263 21 0 0 
4700 13028 310 119 12148 12008 11440 23 0 0 
4800 13109 273 118 12251 12019 11627 16 0 0 
4900 13004 393 145 12157 12029 11545 20 0 0 
5000 13012 290 1711 12233 11947 11483 21 0 0 
5100 13107 530 4046 12245 12008 11597 17 0 0 
5200 12969 1263 5911 12169 11941 11580 16 0 0 
5300 13008 2001 7347 12230 12009 11666 26 0 0 
5400 12968 3121 8541 12203 12025 11606 27 0 0 
5500 13027 4149 9452 12306 12114 11738 26 0 0 
5600 13083 5059 10249 12322 12090 11744 28 0 0 
5700 13186 6249 10846 12435 12226 11884 22 0 0 
5800 13142 7210 11314 12404 12152 11806 24 0 0 
5900 13071 8212 11677 12345 12095 11795 19 0 0 
6000 13083 9341 12179 12426 12181 11916 23 0 0 
6100 13067 10551 12525 12396 12160 11925 22 0 0 
6200 13010 11265 12707 12335 12059 11830 19 0 0 
6300 13072 11972 12949 12471 12187 12002 21 0 0 
6400 13007 12397 13128 12380 12126 11805 31 0 0 
6500 13024 12747 13088 12337 12072 11800 21 0 0 
6600 13063 12887 13057 12417 12125 11949 37 0 0 
6700 13044 13052 12969 12391 12111 11862 23 0 0 
6800 13090 13100 13036 12382 12100 11860 18 0 0 
6900 13053 13267 13138 12403 12053 11880 20 0 0 
7000 13078 13191 13089 12407 12148 11957 14 0 0 
7100 13002 13146 13010 12372 12004 11859 15 0 0 
7200 13055 13146 13079 12253 11959 11809 9 0 0 
7300 13087 13119 13016 12415 12043 11949 17 0 0 
7400 12960 13216 13069 12370 12027 11823 16 0 0 
7500 13041 13200 13036 12378 12049 11829 13 0 0 
7600 13077 13246 13015 12414 12137 11883 22 0 0 
7700 13120 13100 12965 12445 12170 11950 28 0 0 
7800 13108 13198 13150 12429 12117 11850 27 0 0 
7900 13107 13165 12975 12438 12180 11957 13 0 0 
8000 13145 13220 13033 12468 12135 11867 29 0 0 
8100 13149 13234 13123 12492 12164 11889 20 0 0 
8200 13155 13203 13042 12371 12157 11869 27 0 0 
8300 13127 13221 12982 12515 12190 12001 15 0 0 
8400 13157 13178 13046 12446 12175 11915 25 0 0 
8500 13071 13128 13010 12453 12161 11915 24 0 0 
8600 13060 13201 13051 12405 12132 11848 24 0 0 
8700 13043 13248 13120 12415 12155 11902 35 0 0 
8800 13113 13180 13084 12465 12124 11898 23 0 0 
8900 13139 13253 13046 12494 12181 11938 10 0 0 
9000 13081 13257 13100 12403 12156 11899 23 0 0 
9100 13185 13211 13074 12519 12206 11993 20 0 0 
9200 13038 13220 13060 12426 12075 11857 14 0 0 
9300 13217 13215 13071 12580 12297 12043 179 0 0 
9400 12990 13308 13099 12376 12144 11898 634 2 0 
9500 13150 13230 13005 12475 12180 12028 1439 8 0 
9600 13096 13325 13012 12483 12285 12155 2301 6 0 
9700 13191 13295 12971 12547 12279 12158 3248 5 0 
9800 13099 13288 12898 12489 12216 12191 4188 6 0 
9900 13039 13314 12828 12534 12217 12204 4782 20 516 
10000 13002 13370 12818 12382 12094 12289 4365 45 2345 
