# Avida tasks data
# Sat Apr 15 04:21:05 2023
# First column gives the current update, next columns give the number
# of organisms that have the particular task as a component of their merit
#  1: Update
#  2: Not
#  3: Nand
#  4: And
#  5: OrNot
#  6: Or
#  7: AndNot
#  8: Nor
#  9: Xor
# 10: Equals

0 0 0 0 0 0 0 0 0 0 
100 0 0 0 0 0 0 0 0 0 
200 0 0 0 0 0 0 0 0 0 
300 0 0 0 0 0 0 0 0 0 
400 0 0 0 0 0 0 0 0 0 
500 0 0 0 0 0 0 0 0 0 
600 0 0 0 0 0 0 0 0 0 
700 1252 35 0 9 0 0 0 0 0 
800 2434 80 0 37 0 0 0 0 0 
900 2869 156 0 64 1 0 0 0 0 
1000 4694 263 0 114 3 0 1 0 0 
1100 6616 368 0 136 1 0 1 0 0 
1200 9856 631 0 281 6 0 0 0 0 
1300 10818 728 0 317 6 0 0 0 0 
1400 11355 767 0 343 7 0 0 0 0 
1500 11380 748 0 334 5 1 0 0 0 
1600 11364 765 0 363 5 1 0 0 0 
1700 11391 870 0 459 22 1 0 0 0 
1800 11376 1000 0 496 6 1 0 0 0 
1900 11367 1176 0 385 4 1 0 0 0 
2000 11367 1512 0 350 3 1 0 0 0 
2100 11408 1926 0 318 3 0 0 0 0 
2200 11414 2179 0 309 5 0 0 0 0 
2300 11426 2356 0 328 3 0 0 0 0 
2400 11428 2517 0 316 3 0 0 0 0 
2500 11435 2690 0 317 3 0 0 0 0 
2600 11447 2904 0 344 3 0 0 0 0 
2700 11461 3194 0 306 4 0 0 0 0 
2800 11475 3260 0 315 3 0 0 0 0 
2900 11491 3360 0 381 3 0 0 0 0 
3000 11455 3478 0 359 3 0 0 0 0 
3100 11459 3669 0 378 3 0 0 0 0 
3200 11469 4073 0 392 3 0 0 0 0 
3300 11470 4299 0 369 4 0 0 0 0 
3400 11461 4451 0 361 3 0 0 0 0 
3500 11507 4606 0 367 3 0 0 0 0 
3600 11491 4694 0 428 3 0 0 0 0 
3700 11509 4847 0 415 3 0 0 0 0 
3800 11483 4941 0 408 6 0 0 0 0 
3900 11510 4989 0 395 6 0 0 0 0 
4000 11494 5129 0 391 6 0 0 0 0 
4100 11498 5275 0 405 6 0 0 0 0 
4200 11493 5309 0 389 7 0 0 0 0 
4300 11485 5437 0 351 4 0 0 0 0 
4400 11494 5584 0 349 4 0 2 0 0 
4500 11468 5601 0 359 3 0 2 0 0 
4600 11485 5702 0 335 3 0 2 0 0 
4700 11510 5744 0 348 2 0 2 0 0 
4800 11497 5871 0 347 2 0 0 0 0 
4900 11495 5333 0 441 2 0 0 0 0 
5000 11486 4941 0 378 2 0 0 0 0 
5100 11485 4854 0 359 2 0 0 0 0 
5200 11489 4730 0 338 2 0 0 0 0 
5300 11481 4643 0 335 2 0 0 0 0 
5400 11481 4427 0 330 2 0 0 0 0 
5500 11476 4325 0 326 2 0 0 0 0 
5600 11485 4233 0 317 2 0 0 0 0 
5700 11481 4061 0 314 2 0 0 0 0 
5800 11481 3824 0 299 2 0 0 0 0 
5900 11477 3719 0 291 2 0 0 0 0 
6000 11477 3614 0 277 2 0 0 0 0 
6100 11491 3587 0 279 2 0 0 0 0 
6200 11478 3593 0 274 2 0 0 0 0 
6300 11492 3606 0 264 2 0 0 0 0 
6400 11509 3551 0 259 2 0 0 0 0 
6500 11486 3471 0 250 2 0 0 0 0 
6600 11519 3432 0 271 2 0 0 0 0 
6700 11495 3430 0 281 2 0 0 0 0 
6800 11502 3399 0 267 2 0 0 0 0 
6900 11482 3381 0 262 2 0 0 0 0 
7000 11497 3340 0 270 2 0 0 0 0 
7100 11524 3149 0 236 2 0 0 0 0 
7200 11498 3087 0 233 2 0 0 0 0 
7300 11510 3004 0 226 2 0 0 0 0 
7400 11530 2922 0 230 2 0 0 0 0 
7500 11600 2962 0 221 2 0 0 0 0 
7600 11660 2894 0 219 2 0 0 0 0 
7700 11682 2884 0 227 2 0 0 0 0 
7800 11672 2887 0 231 3 0 0 0 0 
7900 11701 2942 0 226 2 0 0 0 0 
8000 11712 2896 0 221 1 0 0 0 0 
8100 11715 2907 0 231 1 0 0 0 0 
8200 11780 2880 0 221 1 0 0 0 0 
8300 11805 2866 0 204 0 0 0 0 0 
8400 11813 2845 1 198 2 0 0 0 0 
8500 11878 2870 2 194 1 0 0 0 0 
8600 11960 2959 2 196 1 0 0 0 0 
8700 11994 2952 3 201 1 0 0 0 0 
8800 12041 3028 3 193 1 0 0 0 0 
8900 12156 3040 2 202 1 1 0 0 0 
9000 12178 2980 2 200 1 1 0 0 0 
9100 12179 2922 2 192 1 1 0 0 0 
9200 12323 2850 2 194 2 1 0 0 0 
9300 12357 2820 1 198 2 1 0 0 0 
9400 12390 2921 1 196 2 1 0 0 0 
9500 12433 2979 3 195 2 1 0 0 0 
9600 12431 3054 2 197 2 1 0 0 0 
9700 12459 3070 2 205 4 1 0 0 0 
9800 12495 3076 5 206 3 1 0 0 0 
9900 12510 3047 2 207 3 1 2 0 0 
10000 12549 3076 1 205 3 1 0 0 0 
