# Avida tasks data
# Sat Apr 15 02:31:59 2023
# First column gives the current update, next columns give the number
# of organisms that have the particular task as a component of their merit
#  1: Update
#  2: Not
#  3: Nand
#  4: And
#  5: OrNot
#  6: Or
#  7: AndNot
#  8: Nor
#  9: Xor
# 10: Equals

0 0 0 0 0 0 0 0 0 0 
100 0 0 0 0 0 0 0 0 0 
200 0 0 0 0 0 0 0 0 0 
300 0 0 0 0 0 0 0 0 0 
400 0 0 0 0 0 0 0 0 0 
500 0 0 0 0 0 0 0 0 0 
600 0 0 0 0 0 0 0 0 0 
700 2 0 0 0 0 0 0 0 0 
800 594 1282 0 416 0 0 0 0 0 
900 976 1540 0 880 0 0 0 0 0 
1000 1883 2137 0 1855 0 1 0 0 0 
1100 2738 3038 9 2774 0 0 0 0 0 
1200 3797 4022 7 3855 0 2 3 0 0 
1300 5121 5344 9 5274 0 4 0 0 0 
1400 6497 6790 11 6712 2 5 0 0 0 
1500 7391 7730 19 7640 2 6 0 0 0 
1600 7629 7984 18 7898 2 6 0 0 0 
1700 8079 8421 16 8331 2 8 0 0 0 
1800 8211 8594 17 8501 4 8 0 0 0 
1900 8212 8592 17 8499 4 8 0 0 0 
2000 8211 8591 17 8495 4 8 0 0 0 
2100 8211 8591 17 8494 4 8 0 0 0 
2200 8500 8893 15 8805 4 9 0 0 0 
2300 8882 9332 13 9249 4 10 0 0 0 
2400 9042 9465 12 9386 3 13 0 0 0 
2500 9244 9696 12 9602 4 10 0 0 0 
2600 9226 9701 12 9606 4 10 0 0 0 
2700 9227 9702 12 9607 4 10 0 0 0 
2800 9227 9702 12 9607 4 10 0 0 0 
2900 9227 9702 12 9607 4 10 0 0 0 
3000 9226 9701 12 9606 4 10 0 0 0 
3100 9227 9702 12 9607 4 10 0 0 0 
3200 9226 9701 12 9606 4 10 0 0 0 
3300 9227 9702 12 9607 4 10 0 0 0 
3400 9227 9702 12 9607 4 10 0 0 0 
3500 9227 9702 12 9607 4 10 0 0 0 
3600 9226 9701 12 9607 4 10 0 0 0 
3700 9226 9701 12 9607 4 10 0 0 0 
3800 9226 9701 12 9607 4 10 0 0 0 
3900 9226 9701 12 9606 4 10 0 0 0 
4000 9391 9901 12 9819 3 11 0 0 0 
4100 9638 10164 12 10080 4 11 0 0 0 
4200 9919 10428 11 10345 2 14 0 0 0 
4300 10153 10764 10 10711 3 12 2 0 0 
4400 10347 11011 9 10915 3 20 0 0 0 
4500 9973 11338 7 11200 5 19 0 0 0 
4600 9061 11712 7 11548 3 15 0 0 0 
4700 8216 11772 7 11598 3 13 0 0 0 
4800 7564 11795 7 11603 4 11 0 0 0 
4900 7097 11835 3 11633 5 9 0 0 0 
5000 6705 11898 1 11666 2 8 0 0 0 
5100 6271 11967 4 11742 4 7 0 0 0 
5200 5837 12018 1 11754 3 9 0 0 0 
5300 5658 12054 3 11797 6 9 0 0 0 
5400 5621 12302 1 12035 4 14 0 0 0 
5500 5548 12471 2 12182 4 10 0 0 0 
5600 5372 12577 1 12282 4 14 0 0 0 
5700 5086 12594 2 12283 4 11 0 0 0 
5800 4782 12635 1 12323 4 14 0 0 0 
5900 4498 12629 2 12322 4 11 0 0 0 
6000 4421 12644 1 12307 5 10 0 0 0 
6100 4415 12625 2 12298 5 10 0 0 0 
6200 4352 12643 45 12305 5 160 0 0 0 
6300 4190 12640 66 12274 5 255 0 0 0 
6400 4080 12623 83 12283 5 334 0 0 0 
6500 3935 12636 119 12274 5 396 0 0 0 
6600 3837 12630 131 12285 8 504 0 0 0 
6700 3756 12617 149 12232 6 550 0 0 0 
6800 3622 12608 196 12224 5 615 0 0 0 
6900 3479 12612 236 12243 5 709 0 0 0 
7000 3346 12585 241 12221 4 710 0 0 0 
7100 3201 12584 244 12190 4 741 0 0 0 
7200 3055 12585 243 12168 3 890 0 0 0 
7300 2962 12573 300 12157 3 897 0 0 0 
7400 2827 12573 319 12178 3 971 0 0 0 
7500 2739 12571 288 12175 2 918 0 0 0 
7600 2633 12543 368 12175 2 1072 0 0 0 
7700 2525 12551 365 12153 2 1137 0 0 0 
7800 2447 12567 344 12184 2 1115 0 0 0 
7900 2358 12572 369 12172 2 1256 0 0 0 
8000 2243 12519 415 12119 3 1188 0 0 0 
8100 2136 12578 450 12179 2 1246 0 0 0 
8200 2055 12568 444 12155 1 1346 0 0 0 
8300 1955 12589 444 12118 3 1380 0 0 0 
8400 1879 12563 440 12115 2 1262 0 0 0 
8500 1843 12592 478 12111 3 1161 0 0 0 
8600 1767 12581 501 12084 2 1114 0 0 0 
8700 1745 12560 480 12073 2 1071 0 0 0 
8800 1681 12577 531 12062 2 1017 0 0 0 
8900 1656 12610 548 12072 2 985 0 0 0 
9000 1629 12567 571 12024 4 944 0 0 0 
9100 1598 12665 568 12136 2 909 0 0 0 
9200 1570 12673 621 12124 2 873 0 0 0 
9300 1539 12737 626 12191 5 838 0 0 0 
9400 1540 12750 609 12179 2 792 0 0 0 
9500 1489 12800 616 12175 1 759 0 0 0 
9600 1448 12862 624 12237 1 720 0 0 0 
9700 1429 12896 665 12271 1 677 0 0 0 
9800 1383 12930 670 12287 1 651 1 0 0 
9900 1356 12945 674 12267 1 621 0 0 0 
10000 1294 13010 705 12304 2 602 0 0 0 
