# Avida tasks data
# Sat Apr 15 00:06:05 2023
# First column gives the current update, next columns give the number
# of organisms that have the particular task as a component of their merit
#  1: Update
#  2: Not
#  3: Nand
#  4: And
#  5: OrNot
#  6: Or
#  7: AndNot
#  8: Nor
#  9: Xor
# 10: Equals

0 0 0 0 0 0 0 0 0 0 
100 0 0 0 0 0 0 0 0 0 
200 0 0 0 0 0 0 0 0 0 
300 0 0 0 0 0 0 0 0 0 
400 0 0 0 0 0 0 0 0 0 
500 1 0 0 0 0 0 0 0 0 
600 0 0 0 0 0 0 0 0 0 
700 0 0 0 0 0 0 0 0 0 
800 6 621 0 5 0 0 0 0 0 
900 29 2155 0 13 0 0 0 0 0 
1000 148 3852 0 28 0 0 0 0 0 
1100 1185 5470 0 111 0 0 0 0 0 
1200 2907 7195 0 562 0 0 0 0 0 
1300 4564 8361 2 2051 5 126 0 0 0 
1400 5471 9082 9 3794 70 718 6 0 0 
1500 6079 9325 4 5092 440 1082 269 0 0 
1600 6113 8795 12 5785 1133 1046 952 0 0 
1700 6544 9011 17 5626 2074 713 1819 0 0 
1800 7360 9140 7 5068 2834 408 2551 0 0 
1900 8224 9575 11 4420 3785 187 3440 0 0 
2000 8669 10080 21 4066 4654 166 4280 0 0 
2100 9189 10255 28 3952 5449 169 5032 0 0 
2200 9746 10572 23 3672 6278 150 5741 0 0 
2300 10139 10327 34 3833 7128 488 6668 0 0 
2400 10374 9870 28 4180 7681 1066 7105 0 0 
2500 10704 9277 49 4189 8144 1731 7575 0 0 
2600 10880 8816 60 4592 8544 2359 7988 0 0 
2700 11174 8004 56 5112 9069 3196 8465 0 0 
2800 11385 7290 80 5681 9310 3852 8668 0 0 
2900 11573 7015 85 6071 9476 4484 8839 0 0 
3000 11708 7309 119 6558 9686 5112 9140 1 1 
3100 11792 7693 127 7096 9685 5807 9214 0 0 
3200 11830 8254 128 7797 9745 6488 9215 0 0 
3300 12145 8783 139 8362 9896 7145 9322 0 0 
3400 12296 9163 118 8985 10080 7814 9538 0 0 
3500 12556 9729 134 9489 10148 8328 9586 0 0 
3600 12614 10352 144 9970 10144 8726 9644 0 0 
3700 12834 10744 169 10517 10356 9311 9795 0 1 
3800 12896 11271 168 10966 10469 9830 9995 0 0 
3900 12974 11658 148 11277 10409 10068 9858 0 0 
4000 13064 12131 199 11496 10410 10300 10000 1 1 
4100 13146 12378 179 11729 10508 10573 10083 0 0 
4200 13233 12704 173 11912 10679 10818 10251 0 0 
4300 13286 12714 164 11881 10613 10786 10091 0 0 
4400 13348 12949 135 12014 10636 11049 10218 0 0 
4500 13333 12931 145 11959 10474 10959 10048 0 2 
4600 13332 12969 159 11968 10562 10981 10055 0 14 
4700 13311 13064 149 12085 10687 11169 10131 0 34 
4800 13382 13081 152 12014 10646 11235 10143 0 84 
4900 13432 13162 179 12184 10765 11344 10249 0 139 
5000 13471 13177 145 12191 10713 11300 10043 0 223 
5100 13476 13235 155 12218 10828 11453 10058 0 293 
5200 13489 13175 144 12298 10814 11445 9933 0 397 
5300 13517 13164 153 12213 10759 11413 9745 0 517 
5400 13427 13295 146 12241 10723 11363 9511 0 709 
5500 13459 13241 163 12310 10779 11452 9587 0 753 
5600 13499 13249 128 12293 10740 11475 9440 0 904 
5700 13431 13234 148 12352 10804 11516 9355 0 999 
5800 13438 13270 137 12406 10819 11500 9309 0 1060 
5900 13441 13290 136 12425 10828 11554 9131 0 1265 
6000 13468 13342 142 12481 10944 11677 9029 0 1480 
6100 13466 13340 152 12487 10866 11594 8732 0 1680 
6200 13504 13332 179 12412 10778 11535 8397 0 1880 
6300 13537 13315 135 12520 10985 11674 8367 0 2108 
6400 13407 13384 178 12415 10762 11556 7912 0 2307 
6500 13520 13308 166 12394 10881 11562 7700 0 2572 
6600 13456 13290 174 12422 10803 11547 7424 0 2801 
6700 13489 13314 158 12460 10829 11589 7288 0 3055 
6800 13469 13320 173 12433 10753 11587 6908 0 3342 
6900 13482 13337 172 12459 10656 11485 6546 0 3540 
7000 13508 13296 198 12526 10914 11631 6374 2 3921 
7100 13433 13275 204 12455 10799 11584 5983 0 4232 
7200 13484 13332 212 12448 10756 11491 5790 0 4347 
7300 13533 13299 182 12484 10752 11557 5448 0 4655 
7400 13482 13305 183 12571 10888 11641 5392 0 4908 
7500 13547 13190 197 12477 10791 11451 4937 0 5112 
7600 13553 13327 203 12533 10847 11671 4660 0 5578 
7700 13500 13306 217 12557 10698 11555 4319 0 5690 
7800 13492 13263 193 12552 10698 11503 3951 0 6089 
7900 13481 13267 216 12591 10634 11606 3881 0 6254 
8000 13494 13293 231 12602 10216 11685 3652 0 6536 
8100 13474 13257 288 12595 9733 11624 3827 0 6675 
8200 13214 13285 560 12632 9919 11514 3981 0 6867 
8300 12322 13266 426 12605 9536 11599 3715 0 6904 
8400 12121 13288 353 12654 9114 11672 3574 1 7054 
