# Avida tasks data
# Sat Apr 15 00:44:10 2023
# First column gives the current update, next columns give the number
# of organisms that have the particular task as a component of their merit
#  1: Update
#  2: Not
#  3: Nand
#  4: And
#  5: OrNot
#  6: Or
#  7: AndNot
#  8: Nor
#  9: Xor
# 10: Equals

0 0 0 0 0 0 0 0 0 0 
100 0 0 0 0 0 0 0 0 0 
200 0 0 0 0 0 0 0 0 0 
300 0 0 0 0 0 0 0 0 0 
400 0 0 0 0 0 0 0 0 0 
500 0 0 0 0 0 0 0 0 0 
600 0 0 0 0 0 0 0 0 0 
700 0 19 0 4 0 0 0 0 0 
800 284 312 0 396 0 0 0 0 0 
900 923 1678 0 1582 0 4 0 0 0 
1000 2447 4082 1 4243 4 5 0 0 0 
1100 4803 6130 246 6506 3 18 0 0 0 
1200 5944 6709 1786 7178 4 47 0 0 0 
1300 6787 7252 3419 7811 9 64 0 0 0 
1400 7819 7813 4979 8538 7 59 0 0 0 
1500 8933 8478 6497 9438 30 47 0 0 0 
1600 9805 9301 7726 10285 14 58 0 0 0 
1700 10841 9926 8814 11108 12 81 0 0 0 
1800 11612 10693 9841 11836 11 74 0 0 0 
1900 12004 11047 10445 12337 16 101 0 0 0 
2000 12412 11507 10914 12774 15 93 0 0 0 
2100 12774 11877 11294 13026 19 73 0 0 0 
2200 12939 12043 11490 13255 9 76 0 0 0 
2300 12991 12049 11493 13359 15 100 0 0 0 
2400 13018 12099 11557 13385 15 80 1 0 0 
2500 12991 12053 11562 13342 8 81 0 0 0 
2600 13060 12106 11458 13337 14 89 0 0 0 
2700 12994 11998 11468 13284 9 101 1 0 0 
2800 13088 12081 11494 13321 21 90 0 0 0 
2900 13056 12082 11508 13279 22 78 1 0 0 
3000 13102 12046 11459 13292 20 90 0 0 0 
3100 13064 12011 11521 13254 27 106 2 0 0 
3200 13096 12070 11543 13335 24 111 2 0 0 
3300 13127 12094 11517 13331 12 97 1 0 0 
3400 13057 12107 11535 13333 26 88 0 0 0 
3500 13086 12041 11442 13295 30 99 2 0 0 
3600 13041 12014 11468 13305 17 96 2 0 0 
3700 13152 12088 11516 13328 68 82 52 0 0 
3800 13200 12172 11206 13373 373 93 393 0 0 
3900 13134 12297 10694 13316 869 110 906 0 0 
4000 13104 12249 9910 13312 1557 148 1613 0 0 
4100 13139 12333 9128 13299 2175 149 2378 0 0 
4200 13213 12530 8296 13303 3116 148 3425 0 0 
4300 13183 12430 7199 13221 4165 142 4438 0 0 
4400 13201 12562 6504 13239 4920 170 5221 0 0 
4500 13193 12654 5484 13164 5666 232 6050 0 0 
4600 13239 12719 4637 13226 6307 312 6965 0 0 
4700 13130 12830 3622 13239 7302 261 7938 0 0 
4800 13126 12842 2825 13201 8116 281 8810 0 0 
4900 13234 12995 2282 13271 8714 357 9419 0 0 
5000 13279 13008 1787 13272 9198 342 9834 0 0 
5100 13249 13042 1389 13216 9466 358 10210 0 0 
5200 13253 13126 1062 13320 9786 374 10552 0 0 
5300 13165 13128 821 13286 10144 382 10826 0 0 
5400 13245 13098 705 13233 10217 411 11009 0 0 
5500 13316 13210 528 13283 10437 403 11189 0 0 
5600 13363 13236 381 13321 10634 370 11333 0 0 
5700 13310 13202 268 13250 10775 352 11439 0 0 
5800 13332 13214 172 13239 10926 349 11611 0 0 
5900 13278 13268 73 13251 11011 414 11679 0 0 
6000 13268 13189 106 13277 11081 465 11660 0 0 
6100 13271 13260 80 13307 11024 539 11650 0 0 
6200 13219 13237 64 13258 11147 670 11686 0 0 
6300 13316 13298 142 13338 11039 867 11644 0 0 
6400 13227 13254 602 13256 10914 1082 11672 0 0 
6500 13252 13221 1544 13296 11027 1525 11545 0 0 
6600 13203 13183 2403 13249 11252 2202 11573 0 0 
6700 13187 13229 3301 13284 11424 2936 11546 0 0 
6800 13235 13272 4081 13299 11445 3783 11462 0 0 
6900 13156 13121 4919 13243 11585 4788 11492 0 0 
7000 13132 13156 5800 13179 11741 5491 11524 0 0 
7100 13123 13132 6591 13204 11847 6232 11458 0 1 
7200 13126 13181 7497 13260 11982 7011 11477 0 0 
7300 13154 13178 8398 13214 11981 7723 11483 0 0 
7400 13131 13175 9003 13191 11975 8256 11443 0 0 
7500 13096 13171 9463 13225 12052 8772 11471 0 1 
7600 13107 13095 9832 13206 12075 9113 11334 0 0 
7700 13200 13186 10153 13226 12108 9548 11353 0 0 
7800 13184 13194 10506 13264 12098 9906 11410 0 2 
7900 13218 13111 10574 13225 12129 9981 11303 0 2 
8000 13229 13153 10799 13201 12078 10221 11264 0 1 
8100 13213 13207 11045 13263 12264 10394 11420 0 1 
8200 13223 13109 10988 13212 12146 10442 11333 0 0 
8300 13164 13229 11155 13243 12279 10566 11463 0 2 
8400 13268 13198 11093 13246 12176 10554 11401 0 0 
8500 13223 13253 11092 13291 12195 10612 11356 1 0 
8600 13272 13175 11202 13220 12179 10644 11430 0 0 
8700 13342 13207 11208 13292 12264 10700 11521 0 0 
8800 13389 13230 11227 13274 12284 10760 11527 0 0 
8900 13235 13139 11051 13180 12169 10609 11372 0 2 
9000 13292 13212 11172 13225 12292 10768 11503 1 0 
9100 13370 13194 11186 13283 12233 10691 11470 2 0 
9200 13371 13257 11204 13338 12242 10695 11442 2 0 
9300 13309 13181 11172 13296 12233 10853 11518 1 0 
9400 13398 13212 11165 13295 12151 10812 11486 0 0 
9500 13346 13267 11211 13300 12180 10814 11507 0 0 
9600 13343 13255 11073 13279 12142 10631 11388 0 0 
9700 13324 13240 11228 13241 12198 10830 11496 0 0 
9800 13302 13258 11164 13302 12221 10769 11499 0 0 
9900 13303 13227 11256 13326 12245 10897 11570 0 0 
10000 13291 13216 11134 13284 12230 10724 11451 1 0 
