# Avida tasks data
# Sat Apr 15 05:45:58 2023
# First column gives the current update, next columns give the number
# of organisms that have the particular task as a component of their merit
#  1: Update
#  2: Not
#  3: Nand
#  4: And
#  5: OrNot
#  6: Or
#  7: AndNot
#  8: Nor
#  9: Xor
# 10: Equals

0 0 0 0 0 0 0 0 0 0 
100 0 0 0 0 0 0 0 0 0 
200 0 0 0 0 0 0 0 0 0 
300 2 0 0 0 0 0 0 0 0 
400 0 0 0 0 0 0 0 0 0 
500 0 0 0 0 0 0 0 0 0 
600 0 0 0 0 0 0 0 0 0 
700 1 0 0 0 0 0 0 0 0 
800 0 6 0 2 0 0 0 0 0 
900 6 46 0 0 0 0 0 0 0 
1000 66 201 0 0 0 0 0 0 0 
1100 194 439 0 40 0 0 0 0 0 
1200 341 725 0 555 0 0 0 0 0 
1300 799 2305 0 2157 0 0 0 0 0 
1400 1589 4019 35 4038 0 1256 0 0 0 
1500 2082 3419 1191 4601 1164 2439 3 0 0 
1600 2935 2485 2354 4817 2435 3140 12 0 0 
1700 3742 1982 3350 5189 3388 3853 22 0 0 
1800 4711 1424 4418 5661 4526 4678 22 0 0 
1900 5917 1108 5591 6443 5673 5791 44 0 0 
2000 6855 921 6491 7009 6657 6779 298 0 0 
2100 7665 887 7191 6898 7353 7490 989 0 0 
2200 8343 860 7775 6675 8030 8161 1857 0 0 
2300 8821 1040 8161 6413 8507 8612 2592 0 0 
2400 9224 1493 8637 6089 8854 9051 3242 0 0 
2500 9741 1944 9093 5713 9299 9503 3999 0 0 
2600 10155 2810 9445 5206 9690 9850 4899 0 0 
2700 10539 3514 9876 4764 10060 10342 5738 0 0 
2800 10965 4388 10147 4562 10355 10620 6475 0 0 
2900 11144 5058 10360 4801 10615 10859 7050 0 0 
3000 11393 5740 10640 5446 10847 11116 7593 0 0 
3100 11523 6400 10814 5862 10990 11238 8023 0 0 
3200 11731 7001 10973 6442 11251 11482 8571 0 0 
3300 11883 7638 11171 6778 11340 11624 9033 0 0 
3400 11933 8187 11284 7298 11401 11774 9491 0 0 
3500 12080 8757 11366 7583 11509 11795 9926 0 0 
3600 12199 9491 11446 7985 11635 11810 10387 0 0 
3700 12087 10146 11543 8485 11563 11932 10525 0 0 
3800 12254 10656 11617 8816 11726 12036 10883 0 0 
3900 12294 11384 11734 9315 11797 12173 11201 0 0 
4000 12569 11930 11954 9739 11998 12276 11587 0 0 
4100 12769 12226 12141 10290 12124 12426 11852 0 0 
4200 12847 12403 12276 10463 12291 12586 11990 0 0 
4300 13014 12686 12349 10686 12399 12668 12089 0 0 
4400 13087 12882 12461 10983 12521 12751 12185 0 0 
4500 13065 13031 12616 11246 12540 12925 12256 0 0 
4600 13040 13140 12507 11345 12585 12857 12281 0 2 
4700 13085 13171 12720 11584 12522 12974 12242 0 0 
4800 13024 13168 12714 11774 12534 13002 12317 0 0 
4900 13131 13199 12684 11787 12662 12929 12320 0 0 
5000 13187 13204 12646 11814 12658 12924 12349 0 0 
5100 13175 13356 12650 11832 12591 12963 12314 0 0 
5200 13141 13237 12546 11910 12689 12867 12357 0 1 
5300 13076 13226 12614 11852 12563 12927 12277 0 0 
5400 13189 13269 12636 11930 12633 12959 12352 0 0 
5500 13160 13178 12657 11987 12655 12913 12377 0 0 
5600 13135 13272 12638 11927 12622 12895 12387 0 0 
5700 13100 13279 12723 12043 12600 13018 12357 0 0 
5800 13125 13185 12740 12201 12712 13001 12438 0 0 
5900 13177 13320 12743 12115 12694 13046 12393 0 0 
6000 13161 13255 12620 12034 12685 12907 12366 0 1 
6100 13136 13236 12657 12084 12626 12968 12307 0 0 
6200 13090 13245 12681 12118 12631 12958 12324 0 0 
6300 13149 13222 12663 12073 12653 12953 12331 0 0 
6400 13225 13208 12712 12110 12643 12965 12336 0 0 
6500 13204 13241 12723 12184 12742 12987 12444 0 0 
6600 13095 13215 12731 12132 12576 12993 12258 0 0 
6700 13096 13257 12703 12205 12719 12938 12451 0 0 
6800 13074 13262 12679 12148 12661 12954 12357 0 0 
6900 13211 13252 12781 12172 12707 13018 12411 0 0 
7000 13224 13108 12659 12124 12639 12956 12305 4 2 
7100 13169 13252 12820 12287 12681 13101 12423 8 1 
7200 13204 13224 12660 12255 12692 12964 12402 7 3 
7300 13161 13091 12684 12265 12728 12960 12431 3 2 
7400 13132 13152 12787 12195 12651 13050 12402 5 0 
7500 13181 13172 12818 12262 12702 13045 12382 0 0 
7600 13127 13283 12707 12194 12705 12990 12434 0 0 
7700 13270 13358 12767 12205 12694 13007 12413 0 0 
7800 13231 13317 12733 12353 12747 13042 12432 0 0 
7900 13237 13246 12758 12223 12689 13053 12423 0 1 
8000 13219 13266 12770 12270 12650 12971 12380 0 0 
8100 13185 13264 12695 12254 12708 12970 12411 0 0 
8200 13188 13268 12868 12396 12643 13107 12386 0 0 
8300 13244 13272 12801 12385 12688 13061 12411 0 0 
8400 13296 13349 12769 12383 12721 13028 12441 0 2 
8500 13260 13355 12770 12428 12717 13017 12446 0 0 
8600 13271 13246 12678 12394 12690 12960 12426 0 0 
8700 13264 13319 12746 12308 12842 12990 12528 0 0 
8800 13262 13317 12786 12414 12782 13015 12474 0 0 
8900 13210 13246 12768 12336 12733 13014 12467 0 1 
9000 13163 13170 12824 12400 12751 13045 12504 0 0 
9100 13268 13291 12802 12431 12698 13103 12458 0 0 
9200 13270 13276 12786 12424 12746 13026 12407 0 1 
9300 13285 13357 12886 12430 12711 13090 12397 0 9 
9400 13337 13254 12935 12461 12817 13140 12560 0 32 
9500 13273 13286 12832 11887 12391 13104 12160 0 477 
9600 13315 12741 12783 11718 11698 13077 11861 299 1135 
9700 13344 12370 12628 11762 11565 13096 11361 787 1639 
9800 13349 12683 12222 11897 11779 13071 11281 949 1739 
9900 13344 12368 11774 11472 11426 13019 10931 934 2056 
10000 13357 12032 11680 11118 11126 13028 10786 745 2207 
