# Avida tasks data
# Sat Apr 15 06:59:59 2023
# First column gives the current update, next columns give the number
# of organisms that have the particular task as a component of their merit
#  1: Update
#  2: Not
#  3: Nand
#  4: And
#  5: OrNot
#  6: Or
#  7: AndNot
#  8: Nor
#  9: Xor
# 10: Equals

0 0 0 0 0 0 0 0 0 0 
100 0 0 0 0 0 0 0 0 0 
200 0 0 0 0 0 0 0 0 0 
300 0 0 0 0 0 0 0 0 0 
400 8 15 0 0 0 0 0 0 0 
500 64 27 0 0 0 0 0 0 0 
600 110 49 0 41 0 0 0 0 0 
700 218 40 0 216 0 0 0 0 0 
800 309 284 0 656 0 0 0 0 0 
900 339 1151 0 1340 0 0 0 0 0 
1000 383 2268 0 2256 93 0 0 0 0 
1100 231 3433 0 3444 2283 104 0 0 0 
1200 262 2797 6 5320 4210 2705 0 0 0 
1300 648 2651 2 7096 5997 5040 0 0 0 
1400 1199 2732 16 8699 7576 7049 0 0 0 
1500 1859 3240 109 9571 8448 8196 0 0 0 
1600 2750 3953 303 10084 9002 9055 0 0 0 
1700 3518 4714 611 10819 9775 9981 0 0 0 
1800 4107 5631 846 11190 10280 10571 2 0 0 
1900 4791 6598 967 11590 10747 11201 0 0 0 
2000 5476 7741 1185 12004 11338 11774 1 0 0 
2100 5868 8860 1620 12316 11774 12286 1 0 0 
2200 6032 9525 2105 12399 11981 12546 4 0 0 
2300 5855 10195 2899 12513 12096 12605 3 0 0 
2400 5673 10693 3655 12504 12151 12686 4 0 0 
2500 5537 11029 4412 12499 12241 12845 2 0 0 
2600 5495 11427 5203 12613 12246 12811 1 0 0 
2700 5351 11736 5923 12645 12395 12899 0 0 0 
2800 5625 12001 6458 12678 12460 12933 2 0 0 
2900 6000 12168 7203 12665 12393 12989 0 0 0 
3000 6391 12420 7874 12792 12411 13036 2 0 0 
3100 6718 12417 8427 12758 12502 13074 2 0 0 
3200 7234 12522 8842 12824 12534 13068 0 0 0 
3300 7901 12660 9387 12877 12546 13085 2 0 0 
3400 8558 12781 9878 12793 12575 13019 3 0 0 
3500 9071 12725 10282 12826 12463 13066 3 421 0 
3600 8880 12835 10657 12845 12553 13136 6 1382 0 
3700 8297 12751 11168 12709 12557 13130 6 2331 0 
3800 7673 12671 11484 12603 12581 13129 10 3277 0 
3900 6988 12617 11573 12445 12565 13138 13 4107 1 
4000 6548 12455 11613 12272 12482 13157 21 4851 0 
4100 6040 12540 11706 12291 12621 13207 6 5785 0 
4200 5881 12342 11594 12179 12470 13131 12 6421 0 
4300 5769 12309 11635 12137 12564 13259 7 7135 0 
4400 5616 12244 11607 12029 12518 13198 18 7759 0 
4500 5941 12317 11665 11991 12545 13189 7 8224 0 
4600 6213 12170 11659 12011 12518 13247 2 8766 0 
4700 6397 12270 11809 11926 12566 13251 15 9269 11 
4800 6809 12226 11645 11864 12527 13323 16 9541 70 
4900 7304 12116 11621 11887 12469 13248 16 9560 211 
5000 7777 12213 11646 11797 12588 13302 18 9477 409 
5100 8188 12231 11762 11899 12614 13316 11 9494 652 
5200 8222 12246 11697 11850 12614 13302 22 9285 1042 
5300 8435 12247 11762 11861 12656 13360 26 8886 1456 
5400 8487 12275 11808 11936 12543 13332 12 8621 1808 
5500 8465 12255 11722 11781 12516 13283 34 8061 2220 
5600 8549 12336 11724 11834 12638 13315 33 7741 2625 
5700 7653 12327 11735 11828 12621 13291 20 8110 3544 
5800 6960 12285 11784 11754 12619 13268 21 8398 4478 
5900 6200 12162 11587 11571 12511 13107 17 8582 5220 
6000 5407 12271 11688 11666 12529 13155 8 8882 6026 
6100 4749 12280 11710 11686 12547 13149 10 9157 6707 
6200 3996 12255 11670 11659 12526 13089 16 9392 7340 
6300 3358 12130 11590 11445 12415 12981 17 9571 7905 
6400 2855 12200 11650 11497 12498 13045 9 9783 8426 
6500 2553 12180 11643 11453 12514 12983 21 9858 8756 
6600 2345 12363 11774 11623 12589 13068 14 10066 9092 
6700 2276 12364 11800 11598 12588 13037 11 10050 9107 
6800 2210 12434 11850 11610 12639 13059 9 10093 9188 
6900 2227 12328 11753 11573 12555 12995 10 10029 9082 
7000 2145 12327 11737 11504 12605 12997 11 10019 9105 
7100 2151 12278 11700 11422 12494 12953 11 9906 9035 
7200 2196 12271 11638 11383 12487 12988 13 9885 9054 
7300 2279 12294 11704 11441 12509 12946 13 9896 9135 
7400 2269 12305 11675 11478 12537 12964 10 9183 9161 
7500 2192 12258 11613 11448 12512 12925 12 9224 9256 
7600 1957 12291 11681 11445 12558 12963 17 9183 9441 
7700 1731 12192 11654 11448 12533 12906 13 9083 9590 
7800 1667 12123 11639 11381 12460 12933 15 8985 9607 
7900 1583 12125 11638 11395 12417 12887 19 8997 9698 
8000 1597 11971 11293 11363 11869 12498 23 8563 9616 
