# Avida tasks data
# Sat Apr 15 08:15:58 2023
# First column gives the current update, next columns give the number
# of organisms that have the particular task as a component of their merit
#  1: Update
#  2: Not
#  3: Nand
#  4: And
#  5: OrNot
#  6: Or
#  7: AndNot
#  8: Nor
#  9: Xor
# 10: Equals

0 0 0 0 0 0 0 0 0 0 
100 0 0 0 0 0 0 0 0 0 
200 0 0 0 0 0 0 0 0 0 
300 0 0 0 0 0 0 0 0 0 
400 0 0 0 0 0 0 0 0 0 
500 8 0 0 0 0 0 0 0 0 
600 45 0 0 0 0 0 0 0 0 
700 187 3 0 0 0 0 0 0 0 
800 446 5 0 265 5 0 0 0 0 
900 445 877 21 2355 12 0 48 0 0 
1000 472 2206 4 3393 11 0 48 0 0 
1100 1245 2627 343 3714 11 1 48 0 0 
1200 967 2542 599 3636 11 17 48 0 0 
1300 887 2662 1097 3704 11 20 48 0 0 
1400 877 2991 1483 3987 11 32 48 0 0 
1500 823 3239 1874 4164 11 39 48 0 0 
1600 779 3480 2241 4329 12 39 48 0 0 
1700 775 3749 2608 4544 8 58 48 0 0 
1800 726 3993 2967 4708 8 47 48 0 0 
1900 688 4180 3241 4847 7 56 46 0 0 
2000 714 4441 3531 5047 8 67 34 0 0 
2100 665 4691 3894 5253 7 59 31 0 0 
2200 649 5104 4385 5617 7 54 17 0 0 
2300 642 5531 4897 6013 7 64 12 0 0 
2400 649 5945 5386 6383 6 76 10 0 0 
2500 620 6386 5913 6780 11 82 8 0 0 
2600 667 6880 6460 7218 7 96 7 0 0 
2700 678 7270 6855 7608 6 91 2 0 0 
2800 667 7685 7312 7977 8 109 0 0 0 
2900 664 8054 7736 8360 7 104 0 0 0 
3000 696 8438 8154 8698 9 113 0 0 0 
3100 682 8752 8515 9011 8 117 0 0 0 
3200 735 9036 8800 9308 10 129 4 1 1 
3300 714 9313 9120 9592 11 127 1 0 0 
3400 670 9536 9341 9782 7 120 0 0 0 
3500 699 9885 9679 10143 8 138 1 0 0 
3600 734 9878 9867 10328 9 152 1 0 0 
3700 720 8765 9987 10413 8 136 1 0 0 
3800 711 8022 10098 10515 7 131 1 0 0 
3900 715 7615 10193 10615 7 137 1 0 0 
4000 730 7233 10363 10787 8 153 1 0 0 
4100 748 6913 10539 10963 9 141 1 0 0 
4200 714 6583 10734 11158 9 132 3 0 0 
4300 737 6298 10829 11257 7 143 1 0 0 
4400 750 6031 11026 11453 6 133 1 0 0 
4500 791 5800 11114 11555 7 155 1 0 0 
4600 754 5543 11327 11738 6 131 1 0 0 
4700 766 5264 11502 11896 1 144 1 0 0 
4800 753 5016 11635 12035 5 141 1 0 0 
4900 776 4826 11831 12242 8 161 3 0 0 
5000 787 4536 11982 12357 6 153 1 0 0 
5100 794 4287 12004 12405 7 161 4 0 0 
5200 799 3979 12133 12541 9 124 1 0 0 
5300 783 3760 12191 12599 11 140 1 0 0 
5400 757 3481 12305 12724 15 146 3 0 0 
5500 721 3198 12450 12873 10 143 4 0 0 
5600 680 2944 12493 12881 7 136 4 0 0 
5700 649 2745 12562 12971 9 133 4 0 0 
5800 617 2537 12688 13077 12 141 5 0 0 
5900 652 2303 12757 13181 9 147 2 0 0 
6000 640 2099 12789 13210 5 121 2 0 0 
6100 608 1942 12749 13182 10 127 3 0 0 
6200 582 1846 12871 13290 9 156 4 0 0 
6300 587 1697 12913 13330 10 131 5 0 0 
6400 589 1543 12920 13338 8 133 1 0 0 
6500 604 1471 12982 13406 12 158 3 0 0 
6600 545 1303 13079 13493 13 139 5 0 0 
6700 536 1183 13017 13417 9 139 4 0 0 
6800 525 1111 13082 13497 8 139 6 0 0 
6900 562 1030 13143 13555 10 125 7 0 0 
7000 580 988 13130 13560 7 145 2 0 0 
7100 553 887 13125 13579 14 143 4 0 0 
7200 515 816 13094 13557 14 135 5 0 0 
7300 491 750 13196 13621 12 139 8 0 0 
7400 523 697 13241 13657 14 133 3 0 0 
7500 548 611 13244 13676 22 148 8 0 0 
7600 544 594 13219 13657 9 150 3 0 0 
7700 562 557 13242 13691 13 145 2 0 0 
7800 537 400 13275 13724 13 129 4 0 0 
7900 591 484 13296 13763 31 147 4 0 0 
8000 625 519 13308 13755 19 171 4 0 0 
8100 654 577 13277 13721 28 171 4 0 0 
8200 667 587 13248 13709 21 186 5 0 0 
8300 675 619 13247 13710 20 200 4 0 0 
8400 685 624 13220 13693 26 191 4 0 0 
8500 653 631 13181 13678 24 168 4 0 0 
8600 640 608 13202 13690 29 155 6 0 0 
8700 630 611 13205 13688 31 158 5 0 0 
8800 684 666 13184 13687 37 161 5 0 0 
8900 687 671 13193 13694 39 173 9 0 0 
9000 680 776 13174 13681 34 147 4 0 0 
9100 688 1087 13199 13700 29 166 8 0 0 
9200 674 1622 13192 13680 35 161 11 0 0 
9300 670 2145 13218 13705 27 148 9 0 0 
9400 727 2688 13164 13700 24 153 9 0 0 
9500 696 3123 13180 13707 33 137 11 0 0 
9600 725 3438 13134 13695 28 154 7 0 0 
9700 701 3902 13109 13670 33 166 11 0 0 
9800 713 4357 13037 13627 36 156 12 0 0 
9900 727 4839 13108 13678 44 172 11 0 0 
10000 679 5136 13077 13637 38 166 8 0 0 
