# Avida tasks data
# Sat Apr 15 06:08:55 2023
# First column gives the current update, next columns give the number
# of organisms that have the particular task as a component of their merit
#  1: Update
#  2: Not
#  3: Nand
#  4: And
#  5: OrNot
#  6: Or
#  7: AndNot
#  8: Nor
#  9: Xor
# 10: Equals

0 0 0 0 0 0 0 0 0 0 
100 0 0 0 0 0 0 0 0 0 
200 0 0 0 0 0 0 0 0 0 
300 0 0 0 0 0 0 0 0 0 
400 9 0 0 0 0 0 0 0 0 
500 146 0 0 0 0 0 0 0 0 
600 456 20 0 0 0 0 0 0 0 
700 1090 53 0 14 0 0 0 0 0 
800 2116 317 0 498 4 0 0 0 0 
900 2383 1056 0 1483 999 0 0 0 0 
1000 2403 1598 0 2162 1784 2 0 0 0 
1100 2822 2197 0 2742 2398 0 1 0 0 
1200 3242 2776 0 3358 3055 4 0 0 0 
1300 3677 3453 0 3881 3580 9 1 0 0 
1400 4233 4204 0 4609 4270 12 0 0 0 
1500 4993 4913 0 5278 4962 8 0 0 0 
1600 5681 5722 0 6041 5763 9 0 0 0 
1700 6385 6687 1 6824 6641 8 14 0 0 
1800 7096 7252 0 7509 7264 8 229 0 0 
1900 7743 7313 1 7990 7760 10 738 0 0 
2000 8033 6886 0 8276 8098 18 1502 0 0 
2100 8504 6646 0 8734 8632 34 2309 0 0 
2200 9114 6304 2 9233 9002 32 3181 0 0 
2300 9568 6003 0 9701 9405 39 4084 0 0 
2400 9988 5707 0 10071 9735 39 4946 0 0 
2500 10380 5510 2 10295 9864 46 5677 0 0 
2600 10809 5433 2 10554 10142 64 6537 0 0 
2700 11299 5377 5 11081 10580 217 7364 0 0 
2800 11497 5323 18 11287 10697 961 7863 0 0 
2900 11891 5142 28 11515 10954 2008 8340 0 0 
3000 12120 4711 58 11612 10982 3153 8850 0 0 
3100 12262 4171 55 11552 11086 4114 9193 0 0 
3200 12291 3559 72 11697 11180 5260 9429 0 0 
3300 12309 3053 101 11672 11200 6214 9599 0 0 
3400 12386 2596 118 11787 11385 7216 9843 0 0 
3500 12467 2153 136 11655 11338 7839 9850 0 0 
3600 12588 1872 118 11666 11463 8652 10040 0 0 
3700 12628 1633 145 11725 11465 9277 10345 0 0 
3800 12596 1608 149 11688 11380 9706 10418 0 0 
3900 12687 1578 163 11644 11415 10221 10594 0 0 
4000 12687 1761 152 11746 11390 10653 10789 0 0 
4100 12814 2059 172 11837 11562 10936 10886 0 0 
4200 12811 2546 167 11871 11509 11127 11055 0 0 
4300 12728 3017 174 11760 11471 11151 11022 0 0 
4400 12868 3630 171 11817 11517 11272 11095 0 0 
4500 12906 4327 178 11749 11422 11240 11023 0 0 
4600 12843 4969 165 11714 11398 11214 11055 0 0 
4700 12885 5680 189 11837 11389 11329 11135 0 0 
4800 12897 6440 174 11792 11588 11353 11024 0 0 
4900 12865 6981 201 11712 11383 11187 10968 0 0 
5000 12861 7585 175 11724 11403 11235 10980 0 0 
5100 12940 8212 175 11762 11392 11303 11096 0 0 
5200 12996 8796 153 11931 11577 11381 11131 0 0 
5300 12929 9338 155 11788 11541 11260 11026 0 0 
5400 12888 9884 196 11780 11382 11278 11069 0 0 
5500 12929 10401 190 11821 11488 11249 10988 0 0 
5600 12904 10828 189 11894 11536 11294 11083 0 0 
5700 12959 11389 187 11844 11516 11319 11085 0 0 
5800 12933 11717 174 11819 11454 11241 11063 0 0 
5900 12967 11847 200 11812 11419 11228 11006 0 0 
6000 12994 12163 181 11818 11406 11342 11173 0 0 
6100 12926 12348 191 11709 11307 11175 11012 0 0 
6200 13058 12672 182 11767 11434 11248 11130 0 0 
6300 13078 12731 196 11734 11392 11215 10988 0 0 
6400 13062 12937 173 11758 11376 11145 11133 0 0 
6500 13073 12814 204 11859 11485 11309 10992 0 0 
6600 13010 12840 204 11827 11434 11173 11082 0 0 
6700 13066 12933 168 11828 11520 11270 11153 0 0 
6800 13126 12887 205 11918 11566 11384 11189 0 0 
6900 13130 12897 173 11861 11533 11290 11184 0 0 
7000 13060 12863 171 11917 11536 11394 11064 0 0 
7100 12960 12811 217 11837 11419 11216 11059 0 0 
7200 12997 12758 195 11825 11444 11239 10929 0 0 
7300 13067 12896 182 11935 11605 11401 11134 0 0 
7400 13099 12927 182 11877 11515 11290 11117 0 0 
7500 13121 12938 194 11931 11545 11385 11158 0 0 
7600 13010 12954 177 11908 11562 11334 11176 0 0 
7700 12992 12841 185 11869 11407 11286 11090 0 0 
7800 13007 12852 191 11986 11519 11376 11269 0 0 
7900 13062 12916 181 11896 11622 11392 11198 0 0 
8000 13061 12808 223 11836 11440 11181 11040 0 0 
8100 13101 12918 187 11924 11547 11366 11146 0 0 
8200 13028 12951 183 11988 11693 11478 11312 0 0 
8300 13112 12856 178 11935 11601 11440 11135 0 0 
8400 13167 12945 183 11957 11591 11365 11179 0 0 
8500 13113 12934 189 12005 11568 11511 11326 0 0 
8600 13143 12954 199 11941 11589 11394 11301 0 0 
8700 13053 12844 194 11911 11505 11344 11097 0 0 
8800 13106 12846 184 11899 11588 11409 11152 0 0 
8900 13174 12899 193 11991 11634 11501 11290 0 0 
9000 13112 13038 184 11908 11549 11462 11258 0 0 
9100 13153 12901 204 11987 11640 11478 11260 0 0 
9200 13163 12858 149 12028 11700 11511 11259 0 0 
9300 13250 12822 168 11907 11699 11470 11225 0 0 
9400 13224 12862 202 11980 11586 11459 11198 0 0 
9500 13219 12937 182 11939 11672 11496 11248 0 0 
9600 13143 12946 196 12007 11692 11432 11242 0 0 
9700 13236 12986 158 11963 11623 11481 11279 0 0 
9800 13132 12973 181 11997 11642 11485 11278 0 0 
9900 13214 12867 175 11973 11571 11497 11234 0 0 
10000 13168 12864 201 11980 11584 11496 11216 0 0 
