# Avida tasks data
# Sat Apr 15 05:00:46 2023
# First column gives the current update, next columns give the number
# of organisms that have the particular task as a component of their merit
#  1: Update
#  2: Not
#  3: Nand
#  4: And
#  5: OrNot
#  6: Or
#  7: AndNot
#  8: Nor
#  9: Xor
# 10: Equals

0 0 0 0 0 0 0 0 0 0 
100 0 0 0 0 0 0 0 0 0 
200 0 0 0 0 0 0 0 0 0 
300 0 0 0 0 0 0 0 0 0 
400 2 0 0 0 0 0 0 0 0 
500 30 0 0 0 0 0 0 0 0 
600 51 0 0 0 0 0 0 0 0 
700 76 0 0 0 0 0 0 0 0 
800 162 0 0 0 0 0 0 0 0 
900 316 12 0 0 0 0 0 0 0 
1000 641 51 0 0 0 0 0 0 0 
1100 1310 101 0 0 0 0 0 0 0 
1200 2210 297 0 65 0 0 0 0 0 
1300 2731 467 0 365 2 0 0 0 0 
1400 3135 419 0 1016 469 0 0 0 0 
1500 3025 626 0 3015 2734 3 0 0 0 
1600 3682 911 2 4852 4581 36 0 0 0 
1700 4930 1676 6 6303 6159 147 0 0 0 
1800 6407 2679 20 7535 7479 288 6 0 0 
1900 7621 3594 19 8346 8450 312 24 0 0 
2000 8272 4700 9 8982 9181 262 82 0 0 
2100 9048 5677 6 9251 9700 152 343 0 0 
2200 9611 6242 5 9350 10180 104 780 0 0 
2300 9892 6821 6 9216 10440 156 1367 0 0 
2400 9947 6999 11 9855 10965 807 2369 0 0 
2500 10286 6831 8 9812 11157 1637 3479 0 0 
2600 10793 6438 11 9503 11223 2273 4357 0 0 
2700 11470 5705 11 8862 11272 3099 5357 0 0 
2800 11825 5040 33 8079 11379 4036 6315 0 0 
2900 11961 4350 80 7533 11297 4803 6969 0 0 
3000 12186 3700 184 6939 11401 5724 7765 0 0 
3100 12241 2935 208 6174 11468 6535 8609 0 0 
3200 12404 2433 206 5527 11372 7165 9036 0 0 
3300 12430 2124 242 5021 11371 7745 9483 0 0 
3400 12594 1969 267 4780 11478 8301 10041 0 0 
3500 12703 1565 359 4717 11368 8701 10295 0 0 
3600 12764 1327 411 4678 11410 9246 10735 0 0 
3700 12847 1258 419 5032 11315 9572 10821 0 0 
3800 12865 1075 420 5590 11451 9928 11069 0 0 
3900 12889 1020 391 5968 11528 10299 11330 0 0 
4000 12894 1150 560 6581 11533 10652 11365 0 0 
4100 13081 1174 925 7201 11589 10782 11386 0 0 
4200 13092 1280 1629 7829 11621 11032 11393 0 0 
4300 13099 1375 2330 8525 11491 11180 11354 0 0 
4400 13175 1502 3217 9332 11519 11231 11351 0 0 
4500 13121 1712 4225 9997 11515 11384 11354 0 0 
4600 13134 2182 5165 10512 11565 11558 11378 0 0 
4700 13109 2486 5950 10764 11465 11501 11293 0 0 
4800 13045 2870 6630 10861 11372 11349 11132 0 0 
4900 13169 3424 7489 11180 11555 11529 11321 0 8 
5000 13108 3851 8100 11295 11608 11496 11366 0 5 
5100 13090 4303 8550 11394 11585 11595 11293 0 9 
5200 13096 4539 8988 11335 11558 11606 11319 0 8 
5300 13029 5116 9272 11436 11514 11701 11252 0 4 
5400 13104 5551 9464 11329 11491 11623 11198 0 0 
5500 13134 6092 9782 11370 11566 11698 11267 0 0 
5600 13082 6496 9729 11271 11421 11575 11143 0 1 
5700 13152 7173 10161 11352 11583 11761 11291 0 0 
5800 13211 7789 10205 11237 11547 11654 11253 0 0 
5900 13207 8403 10348 11302 11605 11788 11394 0 0 
6000 13256 8804 10196 11202 11513 11636 11272 0 1 
6100 13340 9167 10233 11197 11477 11673 11237 0 1 
6200 13349 9532 10381 11346 11528 11742 11326 0 1 
6300 13405 9740 10459 11431 11559 11798 11334 0 2 
6400 13402 10003 10424 11361 11564 11705 11316 0 6 
6500 13485 10252 10418 11399 11606 11686 11343 0 2 
6600 13422 10207 10429 11436 11572 11740 11317 0 0 
6700 13527 10562 10597 11570 11725 11851 11537 0 2 
6800 13442 10545 10342 11390 11520 11646 11298 1 3 
6900 13436 10837 10519 11474 11705 11782 11472 0 6 
7000 13519 10826 10381 11384 11550 11624 11301 0 2 
7100 13605 11038 10522 11478 11625 11667 11373 0 3 
7200 13634 10976 10492 11465 11646 11756 11435 1 0 
7300 13585 11007 10603 11508 11641 11732 11378 0 0 
7400 13571 11108 10453 11514 11573 11691 11312 0 0 
7500 13540 11060 10473 11560 11650 11731 11413 0 0 
7600 13528 11097 10641 11677 11691 11839 11456 0 0 
7700 13574 11219 10617 11578 11683 11813 11428 0 0 
7800 13600 11244 9948 11633 11733 11647 11327 0 639 
7900 13596 11185 9440 11663 11770 11726 11436 0 1224 
8000 13594 11185 9197 11725 11836 11855 11576 430 1561 
8100 13577 10804 9118 11740 11847 11858 11580 135 1657 
8200 13283 10666 9069 11770 11872 11901 11623 72 1739 
8300 13357 10719 9027 11773 11882 11895 11625 33 1796 
8400 13437 10829 8914 11790 11897 11924 11654 23 1933 
8500 13461 10893 8814 11789 11898 11920 11654 23 2037 
8600 13465 10911 8658 11799 11917 11943 11683 23 2210 
8700 13464 10914 8577 11825 11947 11972 11712 23 2334 
8800 13450 10868 8397 11831 11954 11977 11714 23 2515 
8900 13458 10883 8276 11851 11974 11993 11735 23 2657 
9000 13467 10930 8185 11878 12004 12019 11767 23 2779 
9100 13452 10934 8043 11894 12022 12034 11784 23 2947 
9200 13412 10933 7973 11883 12013 12027 11774 23 3021 
9300 13443 10889 7909 11890 12023 12031 11787 23 3096 
9400 13464 10916 7837 11905 12036 12035 11798 23 3198 
9500 13496 10972 7831 11895 12020 12029 11787 23 3187 
9600 13505 11012 7826 11900 12028 12034 11795 13 3201 
9700 13506 11020 7808 11913 12028 12038 11792 9 3225 
9800 13277 10858 7737 11943 12047 12053 11809 8 3323 
9900 13060 10701 7653 11988 12094 12082 11850 8 3463 
10000 12988 10536 7502 12010 12113 12095 11874 8 3641 
