# Avida tasks data
# Sat Apr 15 17:00:30 2023
# First column gives the current update, next columns give the number
# of organisms that have the particular task as a component of their merit
#  1: Update
#  2: Not
#  3: Nand
#  4: And
#  5: OrNot
#  6: Or
#  7: AndNot
#  8: Nor
#  9: Xor
# 10: Equals

0 0 0 0 0 0 0 0 0 0 
100 0 0 0 0 0 0 0 0 0 
200 0 0 0 0 0 0 0 0 0 
300 0 0 0 0 0 0 0 0 0 
400 51 0 0 0 0 0 0 0 0 
500 715 485 0 4 0 0 0 0 0 
600 1528 1443 0 4 0 0 0 0 0 
700 2570 2529 0 9 0 0 0 0 0 
800 4152 4108 0 5 0 0 0 0 0 
900 5949 5887 2 4 0 0 0 0 0 
1000 8066 7971 1 46 0 0 0 0 0 
1100 10345 10254 5 687 11 86 0 0 0 
1200 12054 11871 83 1784 76 504 0 0 0 
1300 12520 12429 38 2530 1321 1462 0 0 0 
1400 12628 12574 25 3177 2995 3005 2 0 0 
1500 12652 12643 171 4379 4475 4495 0 0 0 
1600 12636 12682 224 5284 5517 5500 4 0 0 
1700 12629 12691 392 6079 6678 6639 0 0 0 
1800 12698 12831 893 6955 7740 7713 5 0 0 
1900 13064 13130 1763 8118 8695 8678 2 0 0 
2000 13371 13416 2664 9091 9462 9468 6 0 0 
2100 13452 13533 3612 9768 9985 9986 8 0 0 
2200 13544 13617 4565 10370 10344 10394 7 0 0 
2300 13528 13618 5456 10889 10616 10646 6 0 0 
2400 13483 13582 6364 11295 10664 10699 17 0 0 
2500 13487 13520 7355 11712 10850 10877 10 0 0 
2600 13543 13581 8315 12150 10942 11058 5 0 0 
2700 13570 13565 9368 12575 11287 11312 4 0 0 
2800 13590 13593 9961 12888 11216 11328 3 4 0 
2900 13560 13562 10439 13017 11343 11485 3 2 0 
3000 13540 13545 10860 13212 11382 11498 2 2 0 
3100 13616 13610 11240 13318 11380 11502 1 1 0 
3200 13612 13596 11602 13419 11465 11554 0 2 0 
3300 13643 13559 11823 13429 11388 11558 0 0 0 
3400 13609 13591 11896 13448 11503 11648 0 0 0 
3500 13636 13542 11970 13429 11530 11644 0 3 0 
3600 13619 13520 11936 13410 11460 11626 1 0 0 
3700 13538 13600 11953 13487 11569 11611 1 0 0 
3800 13627 13556 11892 13451 11448 11546 0 0 0 
3900 13650 13508 11955 13408 11533 11573 1 0 0 
4000 13631 13523 11882 13366 11474 11544 0 0 0 
4100 13657 13586 12044 13494 11530 11736 0 2 0 
4200 13691 13624 12034 13461 11654 11773 0 0 0 
4300 13658 13580 12035 13432 11678 11725 0 2 0 
4400 13703 13584 12063 13475 11616 11657 1 0 0 
4500 13624 13570 12026 13433 11650 11671 0 1 0 
4600 13739 13632 12044 13546 11517 11686 2 0 0 
4700 13698 13563 12084 13484 11634 11782 1 0 0 
4800 13730 13621 12192 13485 11723 11804 0 1 0 
4900 13738 13607 12115 13479 11664 11717 0 0 0 
5000 13648 13618 12144 13542 11722 11783 1 0 0 
5100 13717 13631 12173 13574 11725 11791 0 0 0 
5200 13716 13579 12071 13438 11581 11711 0 0 0 
5300 13739 13576 12054 13503 11641 11780 1 0 0 
5400 13817 13621 12102 13498 11681 11747 1 2 0 
5500 13750 13583 12065 13466 11658 11701 3 0 0 
5600 13711 13628 12084 13503 11753 11811 0 2 0 
5700 13689 13652 12126 13492 11771 11863 0 0 0 
5800 13717 13598 12191 13491 11775 11876 0 0 0 
5900 13711 13588 12138 13462 11717 11805 3 0 0 
6000 13765 13643 12250 13519 11781 11842 0 1 0 
6100 13715 13641 12191 13526 11760 11864 0 1 0 
6200 13708 13655 12081 13541 11726 11869 0 0 0 
6300 13779 13667 12177 13509 11903 11928 0 0 0 
6400 13729 13596 12098 13472 11726 11770 0 0 0 
6500 13723 13605 12142 13509 11857 11884 2 1 0 
6600 13740 13589 12238 13546 11831 11885 1 0 0 
6700 13811 13606 12118 13481 11657 11825 1 1 0 
6800 13795 13681 12194 13518 11786 11874 1 0 0 
6900 13817 13614 12165 13502 11736 11933 1 1 0 
7000 13830 13609 12143 13493 11769 11891 0 1 0 
7100 13775 13661 12280 13551 11906 11913 0 0 0 
7200 13703 13577 12199 13491 11832 11895 0 0 0 
7300 13801 13652 12218 13479 11766 11935 0 1 0 
7400 13763 13651 12269 13508 11823 11917 0 0 0 
7500 13759 13601 12235 13476 11860 11933 1 2 0 
7600 13784 13659 12143 13508 11874 11939 0 0 0 
7700 13763 13616 12152 13485 11792 11867 1 0 0 
7800 13810 13644 12241 13479 11771 11917 0 0 0 
7900 13805 13692 12231 13546 11860 11922 0 0 0 
8000 13797 13680 12224 13515 11829 11994 0 2 0 
8100 13786 13658 12215 13514 11608 11938 2 2 156 
8200 13821 13672 12214 13500 11142 11943 5 2 637 
8300 13791 13572 12164 13447 10333 11933 4 3 1339 
8400 13812 13613 12215 13455 9537 11926 16 0 2127 
8500 13787 13660 12251 13533 8765 11947 17 1 2864 
8600 13817 13678 12164 13546 7690 11916 30 3 3778 
8700 13735 13600 12216 13506 6564 11953 34 2 4816 
8800 13735 13568 12247 13422 5424 11898 31 0 5859 
8900 13740 13647 12160 13487 4345 11920 44 1 6903 
9000 13746 13626 12187 13474 3356 11903 78 2 7834 
9100 13750 13652 12115 13448 2532 11877 59 3 8542 
9200 13739 13590 12109 13439 1884 11754 67 3 9100 
9300 13770 13617 12095 13481 1296 11819 77 0 9684 
9400 13742 13602 12226 13454 988 11893 52 1 10053 
9500 13775 13687 12287 13532 615 11946 73 0 10476 
9600 13719 13655 12116 13481 356 11766 71 1 10495 
9700 13727 13602 12175 13453 185 11940 92 2 10764 
9800 13690 13618 12129 13479 66 11922 74 2 10828 
9900 13777 13660 12195 13509 28 11884 65 1 10830 
10000 13781 13708 12225 13582 14 11830 110 3 10928 
