# Avida tasks data
# Sat Apr 15 15:29:54 2023
# First column gives the current update, next columns give the number
# of organisms that have the particular task as a component of their merit
#  1: Update
#  2: Not
#  3: Nand
#  4: And
#  5: OrNot
#  6: Or
#  7: AndNot
#  8: Nor
#  9: Xor
# 10: Equals

0 0 0 0 0 0 0 0 0 0 
100 0 0 0 0 0 0 0 0 0 
200 0 0 0 0 0 0 0 0 0 
300 0 0 0 0 0 0 0 0 0 
400 3 0 0 0 0 0 0 0 0 
500 1031 452 3 0 0 0 0 0 0 
600 2159 2362 29 15 0 0 0 0 0 
700 2208 2805 51 25 0 0 0 0 0 
800 2640 2928 18 34 0 0 0 0 0 
900 2786 3070 17 47 0 0 0 0 0 
1000 2582 3065 14 46 0 0 0 0 0 
1100 2582 3073 14 46 0 0 0 0 0 
1200 2582 3075 14 46 0 0 0 0 0 
1300 2558 3077 13 45 0 0 0 0 0 
1400 2547 3136 10 47 0 0 0 0 0 
1500 2533 3343 10 49 0 0 0 0 0 
1600 2532 3392 12 48 0 0 0 0 0 
1700 2532 3390 12 51 0 0 0 0 0 
1800 2534 3513 10 51 0 0 0 0 0 
1900 2534 3839 10 62 0 0 0 0 0 
2000 2530 3972 10 65 0 0 0 0 0 
2100 2530 3995 10 64 0 0 0 0 0 
2200 2528 4247 10 70 0 0 0 0 0 
2300 2523 4239 10 76 0 0 0 0 0 
2400 2526 4239 10 75 0 0 0 0 0 
2500 2518 4423 10 76 0 0 0 0 0 
2600 2522 4449 12 76 0 0 0 0 0 
2700 2523 4619 14 79 0 0 0 0 0 
2800 2514 4738 13 79 0 0 0 0 0 
2900 2514 4719 13 78 0 0 0 0 0 
3000 2516 4748 13 79 0 0 0 0 0 
3100 2516 4755 13 79 0 0 0 0 0 
3200 2517 4744 13 81 0 0 0 0 0 
3300 2517 4781 13 80 0 0 0 0 0 
3400 2508 4876 13 79 0 0 0 0 0 
3500 2504 5019 13 77 0 0 0 0 0 
3600 2503 5112 15 87 0 0 0 0 0 
3700 2504 5373 14 89 0 0 0 0 0 
3800 2504 5491 13 90 0 0 0 0 0 
3900 2507 5667 13 100 0 0 0 0 0 
4000 2512 5745 13 101 0 0 0 0 0 
4100 2512 5748 13 101 0 0 0 0 0 
4200 2512 5750 13 101 0 0 0 0 0 
4300 2512 5754 13 101 0 0 0 0 0 
4400 2512 5759 13 101 0 0 0 0 0 
4500 2511 5760 13 101 0 0 0 0 0 
4600 2511 5755 13 101 0 0 0 0 0 
4700 2511 5758 13 101 0 0 0 0 0 
4800 2510 5761 13 101 0 0 0 0 0 
4900 2510 5758 13 101 0 0 0 0 0 
5000 2510 5757 13 101 0 0 0 0 0 
5100 2510 5754 13 101 0 0 0 0 0 
5200 2510 5757 13 101 0 0 0 0 0 
5300 2509 5754 13 100 0 0 0 0 0 
5400 2510 5786 13 96 0 0 0 0 0 
5500 2509 5969 13 93 0 0 0 0 0 
5600 2509 5971 13 91 0 0 0 0 0 
5700 2510 5987 15 88 0 0 0 0 0 
5800 2510 5981 13 90 0 0 0 0 0 
5900 2512 6090 13 87 0 0 0 0 0 
6000 2514 6139 12 86 0 0 0 0 0 
6100 2514 6218 14 87 0 0 0 0 0 
6200 2508 6240 14 86 0 0 0 0 0 
6300 2508 6238 14 86 0 0 0 0 0 
6400 2510 6245 14 89 0 0 0 0 0 
6500 2485 6394 14 96 0 0 0 0 0 
6600 2467 6552 18 89 0 0 0 0 0 
6700 2456 6701 17 91 0 0 0 0 0 
6800 2463 6859 18 95 0 0 0 0 0 
6900 2465 7026 19 101 0 0 0 0 0 
7000 2463 7068 20 104 0 193 0 0 0 
7100 2456 7123 20 105 0 366 0 0 0 
7200 2453 7184 19 110 0 476 0 0 0 
7300 2453 7232 19 108 0 545 0 0 0 
7400 2454 7363 20 111 0 638 0 0 0 
7500 2453 7345 19 113 0 530 0 0 0 
7600 2455 7326 20 119 0 477 0 0 0 
7700 2453 7342 19 112 0 422 0 0 0 
7800 2453 7334 19 114 0 387 0 0 0 
7900 2454 7328 20 121 0 370 0 0 0 
8000 2455 7340 20 126 0 363 0 0 0 
8100 2456 7323 19 128 0 348 0 0 0 
8200 2458 7328 19 126 0 317 0 0 0 
8300 2454 7384 18 120 0 298 0 0 0 
8400 2453 7442 18 123 0 287 0 0 0 
8500 2453 7453 18 120 0 285 0 0 0 
8600 2451 7447 18 115 0 285 0 0 0 
8700 2450 7467 18 118 0 286 0 0 0 
8800 2456 7456 18 116 0 283 0 0 0 
8900 2460 7445 18 125 0 284 0 0 0 
9000 2455 7424 18 128 0 281 0 0 0 
9100 2459 7428 18 124 0 277 0 0 0 
9200 2454 7461 18 131 0 278 0 0 0 
9300 2457 7474 18 125 0 276 0 0 0 
9400 2463 7448 18 133 0 274 0 0 0 
9500 2462 7451 18 132 0 274 0 0 0 
9600 2464 7460 18 129 0 275 0 0 0 
9700 2464 7422 18 133 0 266 0 0 0 
9800 2463 7443 18 131 0 265 0 0 0 
9900 2462 7438 18 132 0 265 0 0 0 
10000 2462 7437 18 132 0 265 0 0 0 
