# Avida tasks data
# Sat Apr 15 11:20:36 2023
# First column gives the current update, next columns give the number
# of organisms that have the particular task as a component of their merit
#  1: Update
#  2: Not
#  3: Nand
#  4: And
#  5: OrNot
#  6: Or
#  7: AndNot
#  8: Nor
#  9: Xor
# 10: Equals

0 0 0 0 0 0 0 0 0 0 
100 0 0 0 0 0 0 0 0 0 
200 0 0 0 0 0 0 0 0 0 
300 0 0 0 0 0 0 0 0 0 
400 0 0 0 0 0 0 0 0 0 
500 0 0 0 0 0 0 0 0 0 
600 0 0 0 0 0 0 0 0 0 
700 0 0 0 0 0 0 0 0 0 
800 3 0 0 0 0 0 0 0 0 
900 6 2 0 8 0 0 0 0 0 
1000 9 16 0 4 0 0 0 0 0 
1100 52 71 0 81 0 0 0 0 0 
1200 264 272 0 630 1 3 5 0 0 
1300 485 221 0 1700 890 54 2 0 0 
1400 1750 199 0 2701 1870 41 0 0 0 
1500 2886 191 2 3559 2719 1053 887 0 0 
1600 3554 153 4 4033 3279 1734 1427 0 0 
1700 3582 163 6 4042 3258 1758 1430 0 0 
1800 3582 163 6 4042 3258 1758 1430 0 0 
1900 3643 162 4 4155 3381 1914 1545 0 0 
2000 4083 148 9 5018 4406 3172 2696 0 0 
2100 3570 158 6 5229 4649 3510 3063 0 0 
2200 2758 174 20 5492 4989 3751 3518 0 0 
2300 3820 183 30 6068 5625 4120 4139 0 0 
2400 4718 155 30 6260 5927 4345 4481 0 0 
2500 4960 177 30 6313 5994 4321 4558 0 0 
2600 5393 191 31 6425 6301 4270 4843 0 0 
2700 5796 191 46 6686 6545 4663 5154 0 0 
2800 5946 183 34 6760 6694 4495 5261 0 0 
2900 6088 203 34 6814 6766 4023 5246 0 0 
3000 6055 202 36 6844 6662 3823 5177 0 0 
3100 6149 207 33 6917 6712 3634 5234 0 0 
3200 6191 226 34 7222 7019 3547 5479 0 0 
3300 6191 280 32 7483 7359 3387 5776 0 0 
3400 5968 297 36 7286 7385 3134 5844 0 0 
3500 5680 323 37 7247 7383 2928 5821 0 0 
3600 5639 299 45 7362 7441 2912 5937 0 0 
3700 5569 302 40 7422 7460 2910 5936 0 1 
3800 5593 311 34 7708 7773 2883 6252 0 1 
3900 5442 379 33 7785 7910 2860 6422 0 0 
4000 5385 334 31 7781 7891 2850 6401 0 0 
4100 5313 373 29 7729 7947 2827 6495 0 0 
4200 5334 351 25 7851 7998 2802 6557 0 0 
4300 5222 322 25 8001 8078 2761 6636 0 0 
4400 5184 312 24 8161 8121 2743 6691 0 0 
4500 5150 348 23 8143 8183 2719 6733 0 0 
4600 5095 348 23 8183 8265 2724 6831 0 0 
4700 5101 353 24 8310 8329 2722 6841 0 0 
4800 4971 333 21 8416 8452 2687 6994 0 0 
4900 4952 324 21 8533 8610 2637 7122 0 0 
5000 4912 308 21 8676 8464 2576 7187 0 0 
5100 4887 323 21 8620 8059 2600 7204 0 0 
5200 4890 292 17 8689 7729 2561 7205 0 0 
5300 4835 275 16 8687 7415 2543 7274 0 0 
5400 4801 294 16 8692 7240 2502 7308 0 0 
5500 4767 298 16 8915 6908 2412 7427 0 0 
5600 4719 270 16 8880 6773 2397 7469 0 0 
5700 4716 269 15 8946 6719 2374 7520 0 0 
5800 4693 264 15 9057 6638 2349 7635 0 0 
5900 4783 262 15 9211 6608 2345 7862 0 0 
6000 4677 252 15 9231 6396 2285 7808 0 0 
6100 4598 277 15 9205 6233 2193 7849 0 0 
6200 4440 298 16 9182 6060 2051 7878 0 0 
6300 4222 326 16 9188 5760 1897 7967 0 0 
6400 4057 313 14 9162 5521 1770 7905 0 0 
6500 4001 306 14 9234 5422 1731 7961 0 0 
6600 3930 294 14 9255 5310 1661 8047 0 0 
6700 3916 286 14 9393 5245 1616 8131 0 0 
6800 3767 274 14 9612 5053 1497 8260 0 0 
6900 3711 271 12 9674 4978 1406 8235 0 0 
7000 3640 283 12 9679 4830 1338 8292 0 0 
7100 3556 285 12 9773 4624 1268 8437 0 0 
7200 3471 274 12 9686 4484 1234 8436 0 0 
7300 3393 307 12 9734 4518 1195 8439 0 0 
7400 3398 342 12 9724 4406 1178 8516 0 0 
7500 3249 341 33 9814 4303 1076 8652 0 0 
7600 3183 306 29 9931 4268 1035 8766 0 0 
7700 3198 305 26 9976 4248 1041 8787 0 0 
7800 3252 303 36 10003 4222 1046 8823 0 0 
7900 3260 311 31 10034 4180 1051 8906 0 0 
8000 3313 347 35 9978 4145 1060 8894 0 0 
8100 3331 317 35 10041 4093 1053 8917 0 0 
8200 3363 314 52 10028 4076 1010 8927 0 0 
8300 3342 311 48 10047 3994 1001 9045 0 0 
8400 3346 316 61 10050 3943 1003 9026 0 0 
8500 3379 309 60 10060 3883 1009 9039 0 0 
8600 3345 300 57 10096 3869 1008 9111 0 0 
8700 3363 368 60 9951 3803 995 9098 0 0 
8800 3345 353 62 9994 3800 1006 9103 0 0 
8900 3353 353 47 9958 3786 999 9132 0 0 
9000 3354 328 42 10094 3753 1001 9162 0 0 
9100 3359 326 47 9971 3731 992 9117 0 0 
9200 3362 317 55 9969 3706 992 9103 0 0 
9300 3379 299 57 10004 3629 989 9161 0 0 
9400 3406 308 54 10027 3630 994 9193 0 0 
9500 3405 326 54 9980 3635 1001 9222 0 0 
9600 3411 339 55 9989 3686 1003 9152 0 0 
9700 3368 323 64 10031 3648 992 9196 0 0 
9800 3367 304 55 10056 3604 990 9222 0 0 
9900 3396 308 52 10000 3497 995 9280 0 0 
10000 3405 309 51 10155 3456 1007 9436 0 0 
