# Avida tasks data
# Sat Apr 15 11:52:41 2023
# First column gives the current update, next columns give the number
# of organisms that have the particular task as a component of their merit
#  1: Update
#  2: Not
#  3: Nand
#  4: And
#  5: OrNot
#  6: Or
#  7: AndNot
#  8: Nor
#  9: Xor
# 10: Equals

0 0 0 0 0 0 0 0 0 0 
100 0 0 0 0 0 0 0 0 0 
200 0 0 0 0 0 0 0 0 0 
300 0 0 0 0 0 0 0 0 0 
400 0 0 0 0 0 0 0 0 0 
500 1 0 0 0 0 0 0 0 0 
600 0 0 0 0 0 0 0 0 0 
700 0 0 0 0 0 0 0 0 0 
800 0 0 0 0 0 0 0 0 0 
900 4 0 0 0 0 0 0 0 0 
1000 22 15 0 0 0 0 0 0 0 
1100 25 52 0 0 0 0 0 0 0 
1200 124 99 0 39 0 0 0 0 0 
1300 207 1008 2 1471 33 0 0 0 0 
1400 2127 1180 5 3543 1924 0 0 0 0 
1500 3889 1111 0 5264 3743 0 0 0 0 
1600 5518 1024 0 6782 5413 0 0 0 0 
1700 6838 1022 0 8078 6794 0 0 0 0 
1800 8063 1281 0 9357 8052 0 4 0 0 
1900 8983 1866 0 10267 8991 1 14 0 0 
2000 9647 2662 4 10868 9670 0 40 0 0 
2100 10200 3403 13 11264 10147 4 100 0 0 
2200 10398 4279 15 11675 10375 2 264 0 0 
2300 10656 4848 20 11935 10623 5 444 0 0 
2400 10898 5617 6 12209 10821 24 596 0 0 
2500 10997 6258 1 12428 11008 9 760 0 0 
2600 11110 7040 0 12624 11060 43 908 0 0 
2700 11141 7451 0 12755 11065 141 1077 0 0 
2800 11073 7820 0 12805 10982 300 1247 0 0 
2900 11045 8048 12 12954 11035 549 1390 0 0 
3000 10502 8072 39 12886 10733 476 2058 0 0 
3100 9525 7541 85 12865 10354 427 3246 0 0 
3200 8700 6827 112 12864 10191 441 4711 0 0 
3300 8342 6159 118 12873 10175 526 5877 0 0 
3400 8182 5428 95 12851 10224 649 6609 0 0 
3500 8066 5032 67 12939 10611 598 7358 0 0 
3600 8037 4800 83 12864 10907 581 7939 0 0 
3700 8076 4893 129 12896 11358 484 8436 0 0 
3800 8519 5215 129 12902 11571 501 8807 0 0 
3900 9129 5682 166 12979 11833 458 9240 0 0 
4000 9508 6137 145 12929 11910 472 9597 0 0 
4100 10054 6594 173 12917 12062 423 10094 0 0 
4200 10566 7156 224 12940 12156 371 10413 0 0 
4300 10919 7767 251 13010 12137 333 10729 0 0 
4400 11265 8442 273 12909 12043 317 11084 0 0 
4500 11639 8967 286 13020 12058 334 11289 0 0 
4600 11713 9576 310 13007 12129 567 11496 0 0 
4700 11880 10181 790 13029 12074 730 11671 0 0 
4800 11997 10860 2068 12950 11924 1000 11691 0 0 
4900 12039 11322 3379 12982 11944 1310 11830 0 0 
5000 12097 11647 4430 12953 12030 1619 11923 0 0 
5100 12134 12015 5466 12944 12008 1881 12051 0 0 
5200 12091 12207 6504 12911 11826 2077 12032 0 0 
5300 12211 12407 7497 12974 11870 2199 12068 0 0 
5400 12109 12634 8562 12820 11765 2220 12029 0 0 
5500 12296 12722 9379 12969 11872 2161 12244 0 0 
5600 12339 12967 10243 12933 11815 2085 12226 0 0 
5700 12316 13161 11105 12851 11760 1720 12250 0 0 
5800 12458 13241 11479 12949 11796 1526 12357 0 0 
5900 12506 13263 12023 12986 11900 1308 12298 0 0 
6000 12427 13199 12225 12935 11948 1032 12330 0 0 
6100 12556 13287 12434 12984 11953 906 12381 0 0 
6200 12580 13256 12457 12944 11940 822 12338 0 0 
6300 12557 13177 12390 12953 11934 736 12302 0 0 
6400 12616 13271 12591 13038 11976 688 12413 0 0 
6500 12455 13270 12575 12959 11962 714 12295 0 0 
6600 12658 13294 12632 13080 12045 699 12408 0 0 
6700 12616 13347 12757 12961 11966 834 12392 0 0 
6800 12637 13311 12787 13017 11972 1325 12417 0 0 
6900 12706 13297 12786 13048 12025 2071 12402 0 0 
7000 12726 13267 12830 12934 11960 2851 12373 0 0 
7100 12800 13273 12951 13099 12074 3937 12425 0 0 
7200 12804 13256 12974 13031 12020 5061 12466 0 0 
7300 12879 13314 12996 12976 12022 6062 12409 0 0 
7400 12982 13347 12994 13005 12123 6931 12423 0 0 
7500 12922 13356 13182 13015 11988 7843 12375 0 0 
7600 12921 13398 13117 12988 11941 8807 12357 0 0 
7700 13029 13373 13158 12978 11963 9562 12346 0 0 
7800 13077 13293 13204 13033 12033 10297 12382 0 0 
7900 13058 13279 13182 12962 11905 10898 12342 0 0 
8000 12965 13309 13216 12972 11908 11406 12292 0 0 
8100 13089 13403 13218 12969 11970 11739 12376 0 0 
8200 13058 13492 13358 12977 11971 12046 12354 0 0 
8300 13202 13409 13260 12992 12019 12310 12413 0 0 
8400 13162 13395 13188 13048 12077 12363 12470 0 0 
8500 13112 13407 13287 12995 12086 12576 12477 0 0 
8600 13196 13402 13253 13046 12085 12785 12510 0 0 
8700 13195 13536 13318 13057 12108 12810 12429 0 0 
8800 13050 13452 13292 12987 12064 12889 12417 0 0 
8900 13150 13438 13220 13047 11990 12798 12393 0 0 
9000 13168 13433 13402 12971 12020 12881 12358 0 0 
9100 13144 13384 13262 13030 12085 12831 12525 0 0 
9200 13059 13460 13365 12993 12011 12784 12416 0 0 
9300 13162 13503 13302 13048 12113 12867 12483 0 0 
9400 13163 13480 13362 13062 12120 12888 12429 0 0 
9500 13159 13482 13331 13010 12076 12810 12429 0 0 
9600 13160 13428 13290 13018 12053 12858 12427 0 0 
9700 13145 13415 13351 13004 12054 12927 12449 0 0 
9800 13152 13381 13265 13012 12174 12891 12463 0 0 
9900 13170 13360 13306 13072 12165 12905 12452 0 0 
10000 13145 13349 13212 13017 12056 12817 12440 0 0 
