# Avida tasks data
# Sat Apr 15 13:06:59 2023
# First column gives the current update, next columns give the number
# of organisms that have the particular task as a component of their merit
#  1: Update
#  2: Not
#  3: Nand
#  4: And
#  5: OrNot
#  6: Or
#  7: AndNot
#  8: Nor
#  9: Xor
# 10: Equals

0 0 0 0 0 0 0 0 0 0 
100 0 0 0 0 0 0 0 0 0 
200 0 0 0 0 0 0 0 0 0 
300 0 0 0 0 0 0 0 0 0 
400 0 0 0 0 0 0 0 0 0 
500 0 0 0 0 0 0 0 0 0 
600 232 0 0 0 0 0 0 0 0 
700 1404 0 0 3 0 0 0 0 0 
800 3548 201 0 25 0 0 0 0 0 
900 5429 558 0 63 1 0 0 0 0 
1000 6058 393 0 61 0 0 0 0 0 
1100 6552 897 1 1804 40 1 0 0 0 
1200 7157 1978 1 1134 40 0 0 0 0 
1300 8597 3542 1 1141 1467 2 1168 0 0 
1400 8854 4077 5 1181 1895 42 1583 0 0 
1500 8164 4212 3 1192 2016 48 1721 0 0 
1600 8339 4509 4 1200 2319 71 2018 0 0 
1700 8576 4890 5 1084 2692 75 2408 0 0 
1800 8818 5375 5 938 3122 97 2840 0 0 
1900 9006 5657 5 838 3366 113 3111 0 0 
2000 9159 5721 6 822 3399 127 3168 0 0 
