# Avida tasks data
# Sat Apr 15 15:14:02 2023
# First column gives the current update, next columns give the number
# of organisms that have the particular task as a component of their merit
#  1: Update
#  2: Not
#  3: Nand
#  4: And
#  5: OrNot
#  6: Or
#  7: AndNot
#  8: Nor
#  9: Xor
# 10: Equals

0 0 0 0 0 0 0 0 0 0 
100 0 0 0 0 0 0 0 0 0 
200 0 0 0 0 0 0 0 0 0 
300 0 0 0 0 0 0 0 0 0 
400 0 0 0 0 0 0 0 0 0 
500 82 0 0 0 0 0 0 0 0 
600 610 0 0 0 0 0 0 0 0 
700 1498 0 0 0 0 0 0 0 0 
800 2443 0 0 0 0 0 0 0 0 
900 3443 0 0 1 0 0 0 0 0 
1000 4710 2 0 0 0 0 0 0 0 
1100 5996 0 0 0 0 0 0 0 0 
1200 7365 3 0 0 0 0 0 0 0 
1300 8465 8 0 0 0 0 0 0 0 
1400 9469 72 0 1 0 0 0 0 0 
1500 10534 1439 0 45 0 0 0 0 0 
1600 11197 3580 12 735 2 0 0 0 0 
1700 11741 5594 13 2148 10 2 380 0 0 
1800 12090 6740 6 2306 7 1 2160 0 0 
1900 12343 7536 3 3046 9 1 3512 0 0 
2000 12475 8034 0 4401 12 1 4270 0 0 
2100 12648 8745 0 5862 12 0 5313 0 0 
2200 12772 9333 0 7057 15 4 6227 0 0 
2300 12887 9895 1 7983 9 0 7126 0 0 
2400 12925 10345 2 8760 22 0 7967 0 0 
2500 13075 10759 0 9472 17 23 8916 0 0 
2600 13087 11283 0 10103 21 102 9582 0 0 
2700 13172 11560 2 10599 49 214 10110 0 0 
2800 13296 11894 3 11014 115 346 10714 0 0 
2900 13328 12153 2 11286 199 520 11128 0 0 
3000 13381 12433 4 11508 337 716 11329 0 0 
3100 13362 12495 5 11603 477 895 11355 0 0 
3200 13390 12676 9 11695 784 1056 11579 0 0 
3300 13363 12696 6 11712 1111 1154 11512 0 0 
3400 13441 12680 10 11680 1500 1319 11563 0 0 
3500 13457 12692 2 11693 1842 1479 11553 0 0 
3600 13499 12743 9 11712 2341 1767 11652 0 0 
3700 13557 12746 16 11753 2764 1995 11644 0 0 
3800 13618 12776 2 11718 3227 2169 11663 0 0 
3900 13532 12671 14 11580 3480 2366 11576 11 0 
4000 13501 12869 18 11788 3184 2563 11747 1062 0 
4100 13590 12713 25 11668 2700 2586 11618 2404 1 
4200 13596 12786 24 11730 2367 2464 11688 3793 1 
4300 13544 12794 38 11649 2072 2275 11688 4966 0 
4400 13489 12770 39 11654 1855 1925 11701 6200 1 
4500 13484 12748 38 11661 1536 1581 11720 7376 2 
4600 13477 12759 34 11660 1200 1185 11765 8363 0 
4700 13485 12685 40 11672 882 920 11628 9100 0 
4800 13517 12798 47 11722 625 728 11680 9678 0 
4900 13487 12734 42 11630 387 533 11683 10072 0 
5000 13451 12727 43 11644 197 515 11579 10347 1 
5100 13552 12785 56 11686 82 510 11724 10673 1 
5200 13440 12776 71 11718 65 503 11676 10774 0 
5300 13504 12799 48 11777 113 583 11770 10926 5 
5400 13474 12778 59 11692 162 779 11624 10836 0 
5500 13474 12788 38 11774 309 927 11733 10988 1 
5600 13537 12812 45 11809 468 1243 11756 10995 2 
5700 13473 12706 44 11651 626 1476 11638 10821 6 
5800 13539 12721 68 11747 931 1903 11747 10942 2 
5900 13516 12764 72 11777 1118 2098 11734 10858 0 
6000 13481 12686 81 11601 1468 2271 11622 10681 12 
6100 13516 12783 92 11812 1696 2633 11696 10920 13 
6200 13541 12715 88 11736 1896 2941 11676 10873 31 
6300 13455 12672 89 11746 2023 3284 11691 10915 47 
6400 13528 12578 95 11708 2309 3434 11588 10769 19 
6500 13477 12682 91 11698 2622 3860 11692 10901 16 
6600 13520 12633 112 11690 2867 4057 11638 10792 12 
6700 13411 12549 136 11576 3183 4042 11491 10713 15 
6800 13471 12618 135 11637 3414 4390 11601 10794 8 
6900 13553 12593 124 11539 3519 4378 11545 10703 15 
7000 13577 12603 136 11627 3757 4532 11547 10749 17 
7100 13488 12653 124 11709 3857 4716 11690 10811 28 
7200 13510 12694 128 11751 3984 4776 11646 10890 33 
7300 13582 12646 130 11716 4318 4635 11594 10721 58 
7400 13603 12673 120 11755 4538 4811 11668 10800 100 
7500 13537 12630 147 11685 4671 4891 11678 10756 99 
7600 13552 12661 131 11796 4945 5044 11697 10817 109 
7700 13538 12680 134 11766 5386 5102 11648 10775 107 
7800 13492 12609 135 11734 5584 5105 11613 10643 127 
7900 13596 12605 119 11730 5900 5213 11619 10734 143 
8000 13494 12738 144 11844 6258 5339 11732 10748 136 
8100 13577 12726 155 11875 6447 5615 11623 10813 105 
8200 13544 12551 165 11716 6513 5703 11517 10609 135 
8300 13478 12701 116 11969 7045 5942 11780 10888 166 
8400 13471 12697 171 11867 7116 6083 11642 10672 154 
8500 13552 12748 164 12017 7362 6273 11729 10783 158 
8600 13511 12651 170 11830 7617 6435 11600 10713 138 
8700 13510 12712 147 12071 7961 6754 11770 10919 101 
8800 13511 12753 158 12032 8123 7019 11677 10847 113 
8900 13492 12648 167 11997 8259 7321 11600 10777 77 
9000 13546 12551 175 11945 8525 7522 11561 10723 68 
9100 13554 12741 184 12136 8812 7755 11740 10875 80 
9200 13498 12732 163 12191 9056 8145 11784 11020 69 
9300 13545 12722 163 12115 9196 8427 11772 10974 87 
9400 13576 12685 201 12041 9230 8644 11658 10883 69 
9500 13544 12688 202 12141 9487 8877 11697 10869 65 
9600 13562 12687 187 12198 9624 8814 11708 10897 70 
9700 13587 12743 184 12250 9714 9060 11791 11008 48 
9800 13515 12603 223 12125 9788 8965 11673 10891 41 
9900 13545 12719 222 12207 9905 9261 11716 10962 40 
10000 13578 12772 205 12279 10232 9535 11842 11082 8 
