# Avida tasks data
# Sat Apr 15 10:38:25 2023
# First column gives the current update, next columns give the number
# of organisms that have the particular task as a component of their merit
#  1: Update
#  2: Not
#  3: Nand
#  4: And
#  5: OrNot
#  6: Or
#  7: AndNot
#  8: Nor
#  9: Xor
# 10: Equals

0 0 0 0 0 0 0 0 0 0 
100 0 0 0 0 0 0 0 0 0 
200 0 0 0 0 0 0 0 0 0 
300 0 0 0 0 0 0 0 0 0 
400 0 0 0 0 0 0 0 0 0 
500 6 0 0 0 0 0 0 0 0 
600 31 4 0 0 0 0 0 0 0 
700 29 52 0 5 0 0 0 0 0 
800 71 117 0 186 0 0 0 0 0 
900 135 442 2 791 0 0 0 0 0 
1000 630 1752 0 1038 3 0 849 0 0 
1100 1541 3479 28 2798 164 1659 2819 0 0 
1200 3588 5368 56 4952 1669 3933 4419 0 0 
1300 5163 6489 101 6194 3228 5489 5335 0 0 
1400 6356 7471 119 7158 4648 6748 6364 0 0 
1500 7372 8475 135 8103 5989 7810 7354 0 0 
1600 8266 9320 109 8915 7183 8730 8155 0 0 
1700 9059 10251 154 9823 8232 9518 8847 0 0 
1800 9808 11064 147 10518 8968 10196 9508 0 3 
1900 10175 11545 163 11092 9520 10715 9982 0 1 
2000 10671 12071 193 11486 10005 11158 10373 0 0 
2100 11036 12383 179 11860 10368 11547 10723 0 0 
2200 11243 12700 187 12203 10564 11783 10919 0 2 
2300 11371 12813 210 12282 10735 11881 11003 0 1 
2400 11412 12892 181 12341 10839 11951 11109 0 2 
2500 11519 12915 189 12456 10987 12109 11260 0 3 
2600 11506 12939 222 12353 10808 11945 11087 0 3 
2700 11527 12894 175 12399 10915 12039 11181 0 0 
2800 11538 12999 198 12445 10948 12039 11158 0 0 
2900 11561 12941 188 12435 10981 12106 11251 0 0 
3000 11496 12917 214 12384 10890 12004 11147 0 0 
3100 11666 13055 208 12468 11070 12177 11349 0 0 
3200 11554 13005 179 12411 10928 11996 11155 0 0 
3300 11713 12940 158 12468 11006 12091 11281 0 0 
3400 11555 12992 190 12569 10913 12069 11183 0 0 
3500 11686 12989 192 12548 11026 12156 11290 1 1 
3600 11645 12972 161 12532 11101 12161 11337 0 0 
3700 11614 12955 193 12450 10995 12046 11262 0 1 
3800 11529 12827 187 12379 10877 11982 11137 0 0 
3900 11581 12963 214 12456 10907 12030 11184 0 0 
4000 11661 12977 176 12461 10993 12056 11215 0 0 
4100 11612 12991 206 12482 10992 12085 11249 0 0 
4200 11589 13004 192 12533 10964 12018 11215 0 0 
4300 11713 13086 169 12544 11143 12208 11372 0 0 
4400 11687 12991 176 12516 11098 12129 11366 0 0 
4500 11772 13058 177 12597 11196 12239 11414 0 0 
4600 11708 12955 203 12435 11058 12079 11289 0 0 
4700 11754 13106 180 12512 11145 12208 11391 1 0 
4800 11676 13030 167 12527 11132 12230 11383 1 0 
4900 11591 13027 193 12520 11135 12142 11376 0 1 
5000 11790 13038 186 12461 11154 12158 11400 0 0 
5100 11871 13173 194 12626 11210 12234 11422 0 2 
5200 11693 12969 174 12562 11091 12097 11325 0 0 
5300 11740 12989 165 12552 11121 12163 11392 1 0 
5400 11771 13009 176 12571 11170 12226 11443 2 0 
5500 11698 13081 191 12574 11151 12229 11424 0 0 
5600 11743 12968 165 12537 11083 12187 11364 0 1 
5700 11901 13084 166 12538 11288 12294 11512 0 0 
5800 11806 13049 154 12617 11228 12249 11501 3 0 
5900 11744 13026 179 12688 11250 12338 11506 2 2 
6000 11840 13128 178 12593 11249 12228 11488 0 0 
6100 11791 13016 191 12502 11159 12141 11413 0 0 
6200 11826 13154 173 12606 11167 12197 11429 2 0 
6300 11771 13092 151 12533 11213 12246 11479 1 0 
6400 11883 13106 158 12558 11327 12309 11581 0 0 
6500 11879 13169 167 12626 11214 12248 11479 0 0 
6600 11845 13097 172 12582 11234 12184 11451 0 0 
6700 11938 13106 166 12565 11269 12221 11542 0 0 
6800 11948 13174 142 12581 11334 12318 11571 0 0 
6900 12018 13176 174 12675 11293 12353 11591 0 0 
7000 12081 13109 145 12592 11400 12338 11659 1 0 
7100 11961 13140 172 12623 11310 12321 11591 0 0 
7200 11980 13064 147 12546 11283 12244 11534 1 0 
7300 12068 13194 154 12691 11363 12397 11635 0 0 
7400 11898 13140 168 12592 11251 12206 11487 0 0 
7500 11818 13156 161 12671 11317 12379 11585 0 0 
7600 11973 13178 157 12567 11299 12288 11589 3 0 
7700 11923 13118 183 12642 11277 12298 11519 1 0 
7800 11859 13140 173 12657 11236 12279 11532 4 1 
7900 12059 13122 192 12690 11365 12304 11615 0 0 
8000 12084 13178 241 12747 11451 12399 11690 0 0 
8100 12104 13253 828 12785 11432 12418 11696 2 0 
8200 12029 13243 1579 12753 11392 12346 11622 1 0 
8300 12040 13269 2620 12821 11405 12429 11676 0 0 
8400 12063 13288 3829 12804 11455 12443 11662 0 0 
8500 11971 13330 4921 12815 11343 12426 11587 0 0 
8600 11916 13323 6007 12865 11424 12494 11643 0 0 
8700 12011 13353 7031 12898 11419 12470 11622 0 0 
8800 11957 13301 8267 12815 11372 12413 11587 0 0 
8900 12001 13406 9363 12950 11487 12599 11688 0 0 
9000 11959 13457 10260 12969 11454 12572 11627 0 1 
9100 12008 13457 11180 13092 11542 12634 11757 0 0 
9200 11892 13452 11659 12987 11426 12619 11606 0 0 
9300 11906 13445 12019 13012 11396 12526 11572 0 0 
9400 11907 13428 12177 13002 11449 12573 11601 0 0 
9500 11796 13376 12410 12985 11349 12516 11531 0 0 
9600 11833 13402 12517 13049 11368 12487 11537 0 0 
9700 11935 13481 12611 13103 11524 12677 11693 0 2 
9800 11897 13487 12507 12981 11354 12556 11566 0 0 
9900 11985 13527 12594 13058 11495 12620 11661 0 0 
10000 12022 13486 12635 13119 11554 12660 11719 0 0 
