# Avida tasks data
# Sat Apr 15 13:43:25 2023
# First column gives the current update, next columns give the number
# of organisms that have the particular task as a component of their merit
#  1: Update
#  2: Not
#  3: Nand
#  4: And
#  5: OrNot
#  6: Or
#  7: AndNot
#  8: Nor
#  9: Xor
# 10: Equals

0 0 0 0 0 0 0 0 0 0 
100 0 0 0 0 0 0 0 0 0 
200 0 0 0 0 0 0 0 0 0 
300 0 0 0 0 0 0 0 0 0 
400 0 0 0 0 0 0 0 0 0 
500 0 0 0 0 0 0 0 0 0 
600 0 13 0 0 0 0 0 0 0 
700 199 603 0 18 0 0 0 0 0 
800 938 1268 0 350 12 0 0 0 0 
900 1668 1730 0 982 79 0 0 0 0 
1000 2622 2477 0 1290 540 0 0 0 0 
1100 3369 3051 3 1350 1172 0 0 0 0 
1200 4171 3114 0 1871 1969 1 0 0 0 
1300 5131 3150 2 2806 2967 0 3 0 0 
1400 5857 3447 1 3476 3688 3 2 0 0 
1500 6329 4291 2 3813 3963 4 3 0 0 
1600 7103 5137 6 4455 4576 3 3 0 0 
1700 7711 5924 6 5122 5128 4 2 0 0 
1800 8407 6704 11 5614 5473 7 1 0 0 
1900 9038 7422 62 6288 5986 17 0 0 0 
2000 9525 8023 88 6727 6352 325 4 0 0 
2100 9689 8032 21 6808 6466 1157 7 0 0 
2200 9839 8009 24 6777 6439 1948 9 0 0 
2300 9870 7922 33 6938 6657 2694 14 0 0 
2400 9951 7932 45 7001 6783 3288 18 0 0 
2500 10079 7940 48 7032 6818 3774 25 0 0 
2600 10226 7967 44 7226 7168 4353 28 0 0 
2700 10318 7976 48 7399 7438 4929 26 0 0 
2800 10449 8039 66 7518 7657 5440 44 0 0 
2900 10649 8167 63 7718 7905 5892 41 0 0 
3000 10823 8217 64 7715 8062 6188 56 0 0 
3100 11125 8550 71 7921 8302 6640 49 0 0 
3200 11379 8818 74 8099 8527 6944 46 0 0 
3300 11718 9270 106 8360 8788 7299 49 0 0 
3400 11912 9505 68 8520 8952 7597 50 0 0 
3500 12037 9700 81 8657 9102 7895 60 0 0 
3600 12200 9887 80 8901 9258 8132 45 0 0 
3700 12234 10021 97 9013 9330 8210 56 2 0 
3800 12384 10223 107 9213 9493 8381 70 0 0 
3900 12526 10399 95 9328 9610 8593 63 0 0 
4000 12558 10550 118 9363 9627 8620 74 0 0 
4100 12699 10686 103 9581 9701 8862 70 0 0 
4200 12741 10591 120 9586 9637 8766 85 0 0 
4300 12732 10709 99 9576 9644 8796 88 0 0 
4400 12806 10850 107 9761 9918 9009 91 0 0 
4500 12751 10851 120 9592 9725 8907 66 0 0 
4600 12763 10821 101 9543 9696 8812 63 0 0 
4700 12796 10763 81 9678 9764 8860 57 0 0 
4800 12759 10710 92 9553 9687 8769 64 0 0 
4900 12823 10949 100 9805 9948 9014 57 0 0 
5000 12796 10988 117 9689 9869 8876 55 0 0 
5100 12776 10912 120 9746 9889 8952 66 0 0 
5200 12866 11022 98 9835 9967 9041 58 0 0 
5300 12783 10917 132 9767 9847 8920 66 0 0 
5400 12829 10902 109 9799 9833 8952 59 0 0 
5500 12841 10950 95 9748 9774 8885 73 0 0 
5600 12780 10897 91 9726 9795 8875 65 0 0 
5700 12824 10948 85 9813 9818 8992 74 0 0 
5800 12886 11081 87 9900 9872 9092 59 0 0 
5900 12817 10879 82 9863 9875 9001 44 0 0 
6000 12838 11051 86 9804 9780 8989 44 0 0 
6100 12793 11005 115 9831 9929 9021 45 0 0 
6200 12800 11061 94 9888 9880 9008 55 0 0 
6300 12761 11002 111 9812 9880 8977 62 0 0 
6400 12893 11231 83 9976 10037 9252 58 0 0 
6500 12836 11060 94 9810 9862 9081 57 0 0 
6600 12720 10946 95 9763 9739 8902 56 0 0 
6700 12812 11026 83 9787 9842 8966 59 0 0 
6800 12776 10949 84 9820 9813 9036 68 0 0 
6900 12761 10920 101 9773 9752 8916 58 0 0 
7000 12797 11029 87 9900 9809 9052 52 0 0 
7100 12790 11027 97 9903 9780 8963 52 0 0 
7200 12711 10961 77 9913 9757 8998 58 0 0 
7300 12756 11048 119 9959 9874 9106 51 0 0 
7400 12782 11045 97 9940 9880 9063 57 0 0 
7500 12762 10957 103 9826 9733 8948 61 0 0 
7600 12747 11099 95 9950 9810 9044 52 0 0 
7700 12748 11196 94 10011 9959 9187 57 0 0 
7800 12756 11117 89 9996 9823 9071 59 0 0 
7900 12804 11073 93 9917 9795 9066 52 0 0 
8000 12864 11085 128 9997 9830 9074 40 0 0 
8100 12805 11042 236 9918 9714 9027 59 0 0 
8200 12783 11241 435 10013 9882 9180 61 0 0 
8300 12733 10991 735 9879 9804 9041 72 0 0 
8400 12757 11108 1074 9985 9913 9168 57 0 0 
8500 12770 11128 1501 10100 9990 9255 51 0 0 
8600 12743 11015 1744 9967 9835 9059 47 0 0 
8700 12711 11013 2094 9870 9822 9053 58 0 0 
8800 12716 11117 2446 9918 9829 9123 55 0 0 
8900 12670 11097 2805 9976 9908 9131 52 0 0 
9000 12666 11047 3109 10089 9884 9169 51 0 0 
9100 12631 10985 3343 10083 9896 9107 50 0 0 
9200 12599 10817 3572 9984 9802 9030 61 0 0 
9300 12604 10868 3901 10052 9892 9078 66 0 0 
9400 12551 10824 4073 9947 9865 9028 66 0 0 
9500 12570 10922 4450 9982 9931 9128 53 0 0 
9600 12571 10861 4576 9864 9731 8941 60 0 0 
9700 12582 10856 4933 9907 9795 8991 65 0 0 
9800 12444 10783 5065 9801 9689 8893 82 0 0 
9900 12546 10821 5322 9928 9882 9058 67 0 0 
10000 12440 10767 5526 9917 9802 9093 62 0 0 
