# Avida tasks data
# Sat Apr 15 12:31:21 2023
# First column gives the current update, next columns give the number
# of organisms that have the particular task as a component of their merit
#  1: Update
#  2: Not
#  3: Nand
#  4: And
#  5: OrNot
#  6: Or
#  7: AndNot
#  8: Nor
#  9: Xor
# 10: Equals

0 0 0 0 0 0 0 0 0 0 
100 0 0 0 0 0 0 0 0 0 
200 0 0 0 0 0 0 0 0 0 
300 0 0 0 0 0 0 0 0 0 
400 0 0 0 0 0 0 0 0 0 
500 14 0 0 0 0 0 0 0 0 
600 38 0 0 0 0 0 0 0 0 
700 79 4 0 0 0 0 0 0 0 
800 142 37 0 0 0 0 0 0 0 
900 203 520 0 1370 0 0 0 0 0 
1000 530 1055 2 2752 483 0 0 0 0 
1100 608 827 0 3422 1412 0 0 0 0 
1200 633 671 0 4237 2407 0 0 0 0 
1300 615 601 0 5087 3396 0 0 0 0 
1400 668 497 0 5778 4365 0 0 0 0 
1500 831 433 0 6448 5312 2 0 0 0 
1600 970 455 0 7234 6238 1 0 0 0 
1700 1218 420 0 7912 6970 2 0 0 0 
1800 1490 386 0 8532 7699 0 0 0 0 
1900 1826 384 0 9359 8551 1 0 0 0 
2000 2328 345 0 10077 9375 3 0 0 0 
2100 2678 313 0 10506 9923 7 0 0 0 
2200 3245 336 0 10934 10446 11 0 0 0 
2300 3880 435 0 11215 10757 6 0 0 0 
2400 4411 493 0 11416 10964 9 0 0 0 
2500 5016 528 0 11478 11081 19 0 0 0 
2600 5635 710 0 11726 11261 9 0 0 0 
2700 6464 891 0 11830 11405 4 0 0 0 
2800 6984 1181 0 11931 11458 4 0 0 0 
2900 7625 1492 2 12105 11579 2 3 0 0 
3000 7996 1961 0 12069 11626 8 2 0 0 
3100 8554 2408 2 12234 11731 18 2 0 0 
3200 8980 2921 56 12164 11684 22 0 0 0 
3300 8699 3649 874 12174 11691 35 1 0 0 
3400 8754 4238 1798 12263 11730 39 5 0 0 
3500 9003 4963 2841 12209 11633 84 7 0 0 
3600 9250 5288 3652 12195 11668 914 6 0 0 
3700 9549 5508 4154 12039 11594 1733 6 0 0 
3800 9737 5780 4639 12076 11583 2570 2 0 0 
3900 9886 6121 5224 12039 11594 3345 1 0 0 
4000 10246 6600 5708 12033 11559 3914 2 0 0 
4100 10403 7112 6346 12044 11571 4627 1 0 0 
4200 10584 7726 6917 12025 11581 5171 4 0 0 
4300 10646 8172 7352 12120 11672 5869 2 0 0 
4400 10863 8531 7870 12090 11647 6397 4 0 0 
4500 10944 8995 8426 12059 11613 6998 6 0 0 
4600 10948 9360 8856 12057 11728 7580 2 0 0 
4700 10976 9637 9375 12009 11619 7976 4 0 0 
4800 11227 10236 9846 12010 11603 8442 6 0 2 
4900 11331 10588 10272 12099 11620 8910 12 0 0 
5000 11405 10974 10715 12067 11688 9338 61 0 0 
5100 11523 11304 11150 12132 11653 9742 163 0 0 
5200 11683 11466 11319 12158 11589 9997 375 0 1 
5300 11792 11624 11580 12050 11628 10100 602 0 1 
5400 11922 11638 11777 12074 11621 10296 851 0 0 
5500 12114 11949 12004 12049 11553 10440 1268 0 0 
5600 12199 11923 12073 11995 11458 10543 1631 0 0 
5700 12305 12073 12117 11984 11418 10527 2017 0 0 
5800 12454 12247 12146 11955 11376 10541 2566 2 7 
5900 12484 12377 12170 11939 11317 10638 2950 0 1 
6000 12506 12314 12269 12010 11330 10782 3306 0 0 
6100 12212 11915 12257 11925 11289 10238 3238 0 434 
6200 12314 11487 12290 11965 11339 9878 3020 0 800 
6300 12322 11124 12297 11989 11369 9548 2944 0 1128 
6400 12298 10843 12310 11987 11380 9308 2907 0 1352 
6500 12333 10433 12344 12035 11414 8967 2906 0 1712 
6600 12355 10131 12360 12020 11422 8699 2906 0 1978 
6700 12369 10056 12350 12049 11442 8638 2911 0 2070 
6800 12376 9918 12370 12030 11453 8501 2910 0 2220 
6900 12357 9813 12357 12028 11437 8393 2902 0 2315 
7000 12296 10157 12350 12015 11440 8367 2968 0 2334 
7100 12080 10410 12367 12012 11428 8342 3176 0 2354 
7200 11875 10597 12369 11999 11421 8302 3373 0 2404 
7300 11563 10638 12369 11964 11398 8292 3633 0 2412 
7400 11523 10752 12353 11953 11391 8290 3676 0 2399 
7500 11433 10764 12349 11956 11405 8257 3765 0 2423 
7600 11282 10853 12376 11983 11431 8220 3955 0 2516 
7700 11144 10906 12352 11951 11409 8165 4042 0 2549 
7800 10988 10990 12355 11973 11432 8132 4221 0 2623 
7900 10836 11019 12352 11950 11438 8073 4365 1 2711 
8000 10696 10969 12367 11944 11423 8019 4476 2 2740 
8100 10570 10787 12384 11953 11430 8003 4609 0 2770 
8200 10576 10700 12390 11971 11445 7991 4743 0 2789 
8300 10635 10565 12368 11923 11422 7975 4778 1 2801 
8400 10726 10443 12393 11948 11444 7930 4925 0 2858 
8500 10753 10373 12390 11918 11438 7894 4994 0 2887 
8600 10822 10353 12417 11945 11451 7892 5063 2 2916 
8700 10649 10346 12403 11929 11436 7894 5060 2 2907 
8800 10519 10317 12390 11950 11453 7891 5089 2 2922 
8900 10461 10270 12410 11955 11447 7885 5109 2 2929 
9000 10402 10258 12428 11976 11463 7886 5125 2 2941 
9100 10346 10259 12398 11969 11429 7888 5157 2 2929 
9200 10332 10440 12374 11953 11405 7883 5157 2 2892 
9300 10250 10755 12411 12000 11443 7859 5256 2 2978 
9400 10124 10965 12412 11974 11441 7792 5371 2 3036 
9500 10036 11128 12397 11958 11420 7734 5431 2 3091 
9600 9941 11235 12426 11992 11437 7669 5530 2 3173 
9700 9838 11383 12450 12022 11464 7589 5627 2 3264 
9800 9701 11465 12459 12015 11472 7499 5692 2 3385 
9900 9620 11484 12419 11969 11412 7432 5694 2 3386 
10000 9522 11566 12437 12005 11427 7350 5784 0 3460 
