# Avida tasks data
# Sat Apr 15 15:44:43 2023
# First column gives the current update, next columns give the number
# of organisms that have the particular task as a component of their merit
#  1: Update
#  2: Not
#  3: Nand
#  4: And
#  5: OrNot
#  6: Or
#  7: AndNot
#  8: Nor
#  9: Xor
# 10: Equals

0 0 0 0 0 0 0 0 0 0 
100 0 0 0 0 0 0 0 0 0 
200 0 0 0 0 0 0 0 0 0 
300 0 0 0 0 0 0 0 0 0 
400 0 0 0 0 0 0 0 0 0 
500 0 0 0 0 0 0 0 0 0 
600 0 0 0 0 0 0 0 0 0 
700 0 0 0 0 0 0 0 0 0 
800 36 0 0 0 0 0 0 0 0 
900 1130 29 0 0 0 0 0 0 0 
1000 3362 369 0 3 2 0 0 0 0 
1100 5177 2377 2 1258 1 2 0 0 0 
1200 6894 4916 92 3812 9 2 0 0 0 
1300 8149 6730 148 5651 32 0 0 0 0 
1400 8997 7860 232 7005 280 5 0 0 0 
1500 9875 8617 223 8345 735 1120 1 0 0 
1600 10355 9592 337 9223 1030 2843 7 0 0 
1700 10665 10277 311 9744 2310 4074 7 0 0 
1800 10774 10775 335 10097 4292 5172 5 0 0 
1900 11094 11123 338 10383 5699 6261 16 0 0 
2000 11509 11430 313 10706 6932 7268 18 0 0 
2100 11865 11660 331 11156 8127 8286 24 1 0 
2200 12013 11938 304 11470 9194 9136 27 0 0 
2300 12193 12193 240 11732 10112 9756 37 0 0 
2400 12325 12364 335 11944 10642 10195 37 0 0 
2500 12489 12444 552 12069 11206 10672 34 0 0 
2600 12590 12666 874 12324 11484 10979 21 0 0 
2700 12757 12675 1336 12401 11784 11139 202 0 0 
2800 12838 12650 1964 12517 11955 11410 561 0 0 
2900 12868 12602 2682 12508 12075 11400 1373 0 1 
3000 12970 12523 3528 12530 12117 11448 2126 0 0 
3100 13030 12482 4339 12517 12250 11587 3144 0 0 
3200 13098 12440 4965 12582 12284 11634 3990 0 0 
3300 13020 12358 5632 12526 12327 11498 4780 0 0 
3400 13085 12459 6346 12613 12223 11621 5692 0 2 
3500 13031 12239 6977 12540 12190 11595 6547 0 0 
3600 13065 12225 7732 12557 12176 11554 7403 0 0 
3700 13123 12211 8579 12507 12343 11559 8403 0 0 
3800 13101 12213 9064 12506 12288 11481 9214 0 0 
3900 13185 12115 9529 12364 12427 11492 9715 0 0 
4000 13170 12074 9990 12423 12378 11524 10342 0 0 
4100 13228 12078 10183 12436 12299 11500 10522 0 0 
4200 13230 12040 10472 12451 12366 11534 10823 0 1 
4300 13234 11990 10620 12443 12325 11500 11066 0 0 
4400 13198 12007 10635 12298 12262 11298 11099 0 0 
4500 13134 12055 10816 12467 12264 11491 11379 0 0 
4600 13117 12008 10702 12457 12268 11472 11326 0 0 
4700 13247 12132 10965 12539 12434 11683 11395 0 0 
4800 13195 11995 10753 12392 12273 11559 11384 0 0 
4900 13174 11997 10726 12299 12210 11357 11216 2 0 
5000 13159 12060 10821 12379 12307 11443 11311 0 0 
5100 13101 11948 10651 12409 12246 11329 11175 0 0 
5200 13171 11999 10689 12365 12262 11351 11239 0 0 
5300 13241 12173 10910 12469 12395 11585 11403 0 2 
5400 13174 12007 10684 12404 12243 11451 11338 0 0 
5500 13192 12055 10820 12336 12300 11471 11315 0 0 
5600 13132 12119 10794 12421 12238 11455 11406 0 0 
5700 13232 12060 10959 12398 12378 11600 11392 0 1 
5800 13164 11952 10743 12384 12277 11481 11506 0 2 
5900 13232 12220 10916 12484 12360 11555 11551 0 0 
6000 13218 12084 10874 12446 12320 11537 11488 1 0 
6100 13117 12022 10810 12319 12115 11415 11281 0 0 
6200 13166 12103 10896 12314 12173 11444 11259 0 0 
6300 13229 12033 10812 12401 12277 11508 11268 0 0 
6400 13207 12028 10895 12372 12367 11475 11220 2 0 
6500 13222 12114 10892 12444 12312 11555 11394 0 0 
6600 13125 12094 10818 12395 12156 11404 11362 1 0 
6700 13228 12099 10916 12303 12331 11358 11404 0 0 
6800 13187 12095 10892 12478 12281 11575 11491 0 2 
6900 13214 12206 10981 12538 12261 11556 11536 0 0 
7000 13238 12048 10823 12388 12335 11451 11346 0 0 
7100 13194 12133 10843 12415 12307 11543 11406 0 0 
7200 13217 12107 10779 12408 12276 11479 11360 0 0 
7300 13243 12084 10936 12520 12376 11674 11574 0 0 
7400 13254 12050 10870 12428 12328 11516 11443 0 0 
7500 13200 12081 10872 12458 12281 11539 11383 0 0 
7600 13189 12090 10937 12435 12320 11528 11399 0 0 
7700 13285 12133 10999 12537 12414 11639 11563 0 0 
7800 13257 12042 10854 12456 12348 11640 11548 0 0 
7900 13262 12033 10914 12467 12401 11715 11480 0 0 
8000 13202 12104 10906 12456 12213 11623 11472 2 0 
8100 13239 12096 10940 12512 12223 11655 11430 0 0 
8200 13255 12115 10892 12494 12386 11621 11466 0 0 
8300 13292 12078 10907 12448 12372 11580 11336 0 0 
8400 13131 12077 10888 12421 12187 11475 11416 0 0 
8500 13244 12114 11010 12436 12336 11617 11403 0 0 
8600 13287 12078 10980 12499 12336 11631 11519 0 0 
8700 13313 12090 10931 12430 12349 11630 11363 0 0 
8800 13285 12104 10973 12612 12366 11724 11519 0 0 
8900 13234 12013 10845 12379 12333 11583 11348 0 0 
9000 13308 12034 10821 12501 12328 11624 11526 0 0 
9100 13342 12110 10970 12498 12350 11676 11446 0 0 
9200 13312 12078 10969 12448 12444 11694 11431 0 0 
9300 13289 12142 11070 12404 12300 11714 11420 0 0 
9400 13297 12078 10925 12450 12337 11604 11322 0 0 
9500 13378 12135 10925 12542 12390 11694 11524 1 0 
9600 13361 12100 10948 12554 12477 11799 11560 0 0 
9700 13329 12144 11050 12449 12398 11767 11472 0 0 
9800 13316 12051 10868 12485 12284 11702 11506 0 0 
9900 13278 12083 10878 12448 12397 11649 11326 1 0 
10000 13287 12161 11063 12469 12390 11700 11406 0 0 
