# Avida tasks data
# Sat Apr 15 13:08:36 2023
# First column gives the current update, next columns give the number
# of organisms that have the particular task as a component of their merit
#  1: Update
#  2: Not
#  3: Nand
#  4: And
#  5: OrNot
#  6: Or
#  7: AndNot
#  8: Nor
#  9: Xor
# 10: Equals

0 0 0 0 0 0 0 0 0 0 
100 0 0 0 0 0 0 0 0 0 
200 0 0 0 0 0 0 0 0 0 
300 0 0 0 0 0 0 0 0 0 
400 0 0 0 0 0 0 0 0 0 
500 7 0 0 0 0 0 0 0 0 
600 111 0 0 0 0 0 0 0 0 
700 364 0 0 0 0 0 0 0 0 
800 766 0 0 0 0 0 0 0 0 
900 1393 0 1 0 0 0 0 0 0 
1000 2487 2 0 0 0 0 0 0 0 
1100 3709 54 0 2 0 0 0 0 0 
1200 4304 925 2 11 0 499 0 0 0 
1300 4610 2323 10 40 1 1719 0 0 0 
1400 5364 3291 37 196 4 2561 0 0 0 
1500 5971 4178 31 202 2 3498 0 0 0 
1600 6555 5094 24 372 1 4349 0 0 0 
1700 6721 6087 37 532 1572 5293 393 0 0 
1800 7093 6678 41 508 2597 5914 1547 0 0 
1900 7653 7271 44 475 3438 6497 2624 0 0 
2000 8193 7965 45 422 4505 7312 3791 0 0 
2100 8568 8654 89 424 5455 8030 4826 0 0 
2200 9085 9333 163 493 6411 8737 5800 0 0 
2300 9681 9836 388 769 7337 9316 6727 3 0 
2400 10305 10396 628 1177 8281 9887 7500 0 1 
2500 10906 10859 971 1644 9146 10443 8310 0 0 
2600 11187 11129 1280 1910 9658 10718 8832 2 0 
2700 11684 11607 1680 2186 10281 11109 9389 3 0 
2800 11979 11840 2090 2489 10646 11277 9593 1 0 
2900 12321 12086 2338 2811 10964 11575 10006 0 1 
3000 12634 12321 2700 3147 11331 11908 10369 1 2 
3100 12870 12411 3087 3526 11573 12077 10585 0 0 
3200 12865 12473 3344 3870 11586 12031 10587 1 2 
3300 12928 12486 3648 4212 11638 12099 10629 0 2 
3400 13072 12599 3837 4494 11714 12150 10628 0 0 
3500 13076 12722 4119 4673 11907 12336 10841 1 0 
3600 13055 12576 4229 4946 11721 12103 10676 2 0 
3700 13057 12611 4484 5223 11789 12146 10658 1 0 
3800 12980 12639 4608 5371 11719 12202 10713 0 0 
3900 13050 12713 4797 5644 11883 12260 10859 0 0 
4000 13142 12600 4926 5941 11808 12205 10805 0 0 
4100 13001 12724 5114 6119 11916 12210 10854 0 0 
4200 13098 12691 5102 6297 11753 12203 10710 2 0 
4300 13106 12565 5243 6266 11771 12132 10730 0 0 
4400 13149 12623 5285 6575 11819 12158 10760 2 0 
4500 13035 12704 5425 6871 11822 12198 10736 1 0 
4600 13017 12661 5672 7023 11843 12195 10783 0 1 
4700 13030 12776 5755 7364 11901 12282 10915 0 0 
4800 13099 12679 5915 7916 11897 12221 10838 0 0 
4900 13074 12739 6203 8004 11914 12268 10900 2 4 
5000 13158 12712 6544 8280 11930 12301 10818 1 1 
5100 13159 12732 7040 8385 11905 12219 10757 1 24 
5200 13104 12755 7467 8610 11952 12313 10881 0 36 
5300 13186 12716 7834 8644 11938 12225 10742 1 105 
5400 13137 12649 8015 8739 11818 12178 10563 1 137 
5500 13016 12639 8373 8878 11884 12177 10491 0 232 
5600 13097 12764 8830 9077 11970 12286 10565 0 327 
5700 13118 12817 9139 9305 12063 12338 10515 0 473 
5800 13061 12713 9369 9530 11941 12283 10354 2 565 
5900 13059 12665 9592 9809 11886 12362 10245 0 674 
6000 13050 12686 9797 9862 11870 12316 10140 0 732 
6100 13044 12633 9958 9848 11870 12195 9954 0 847 
6200 13003 12699 10145 9769 11922 12184 9842 1 978 
6300 13053 12674 10263 10107 11955 12284 9778 0 1090 
6400 13032 12759 10322 9962 11941 12179 9729 1 1168 
6500 13006 12698 10295 9928 11926 12138 9683 0 1231 
6600 13054 12794 10296 9805 12001 12297 9624 2 1334 
6700 13051 12733 10247 9914 11982 12234 9592 0 1384 
6800 12930 12741 10248 9673 11993 12344 9585 3 1388 
6900 13054 12710 10179 9765 11922 12228 9559 1 1380 
7000 13063 12812 10183 9840 11986 12241 9518 5 1462 
7100 12989 12688 10036 9685 11935 12280 9363 0 1552 
7200 13116 12763 10151 9855 11996 12306 9502 1 1496 
7300 13083 12759 10007 9643 11909 12242 9367 1 1529 
7400 13115 12762 10001 9640 11923 12264 9366 1 1566 
7500 13139 12748 9956 9701 11996 12343 9322 4 1673 
7600 13052 12789 9705 9636 11963 12250 9127 0 1833 
7700 13060 12764 9538 9591 11940 12259 8987 0 2094 
7800 13111 12717 9341 9749 11934 12268 8804 0 2236 
7900 13222 12823 9218 9963 11995 12325 8682 1 2420 
8000 13257 12776 8918 10148 12059 12424 8404 0 2735 
8100 13122 12722 8530 10260 11899 12235 8090 1 2897 
8200 13210 12757 8352 10520 12055 12383 7857 0 3244 
8300 13153 12696 8146 10474 12093 12388 7644 2 3466 
8400 13202 12731 7820 10554 11974 12357 7281 3 3786 
8500 13183 12607 7616 10810 11885 12298 7113 2 3881 
8600 13133 12581 7268 10867 11855 12299 6745 0 4192 
8700 13189 12660 6987 11085 11912 12395 6487 0 4592 
8800 13194 12637 6651 11205 11860 12400 6125 3 4950 
8900 13007 12688 6538 11097 11804 12417 6044 2 5196 
9000 12180 12655 6072 11036 11763 12436 5609 2 5783 
9100 11540 12639 5667 10929 11694 12442 5216 2 6266 
9200 11657 12620 5399 10844 11770 12493 4975 2 6587 
9300 11779 12598 5148 10796 11767 12439 4723 4 6883 
