# Avida tasks data
# Sat Apr 15 16:42:37 2023
# First column gives the current update, next columns give the number
# of organisms that have the particular task as a component of their merit
#  1: Update
#  2: Not
#  3: Nand
#  4: And
#  5: OrNot
#  6: Or
#  7: AndNot
#  8: Nor
#  9: Xor
# 10: Equals

0 0 0 0 0 0 0 0 0 0 
100 0 0 0 0 0 0 0 0 0 
200 0 0 0 0 0 0 0 0 0 
300 0 0 0 0 0 0 0 0 0 
400 0 0 0 0 0 0 0 0 0 
500 998 0 0 0 0 0 0 0 0 
600 2669 615 0 7 0 0 0 0 0 
700 4356 2626 0 33 0 0 0 0 0 
800 6234 4689 0 47 0 0 0 0 0 
900 8249 6604 0 55 0 0 0 0 0 
1000 9885 8265 0 242 0 0 0 0 0 
1100 10833 9405 0 1094 0 1 2 0 0 
1200 11453 10177 9 2071 2 0 0 0 0 
1300 11818 10800 73 2986 1 0 0 0 0 
1400 12131 11253 189 3928 4 35 0 0 0 
1500 12181 11569 792 4710 3 110 0 0 0 
1600 12276 11841 1388 5191 12 162 0 0 0 
1700 12425 12055 2001 5603 15 242 0 0 0 
1800 12466 12165 2720 5922 25 254 0 0 0 
1900 12436 12159 3422 6282 21 237 0 0 0 
2000 12488 12311 4016 6591 26 219 0 0 0 
2100 12562 12461 4548 6981 19 197 2 0 0 
2200 12622 12555 5109 7254 17 195 0 0 0 
2300 12583 12661 5561 7540 22 217 0 0 0 
2400 12594 12727 6114 7905 33 202 0 0 0 
2500 12697 12803 6561 8176 30 247 1 0 0 
2600 12697 12908 7056 8592 26 344 0 0 0 
2700 12665 12960 7610 9003 20 447 0 0 0 
2800 12669 12978 8024 9341 33 558 3 0 0 
2900 12750 13076 8552 9746 19 654 1 0 0 
3000 12784 13147 9089 10195 29 780 3 0 0 
3100 12754 13279 9523 10657 37 940 2 0 0 
3200 12732 13292 9916 10937 35 1164 5 0 0 
3300 12765 13292 10226 11158 42 1283 8 0 0 
3400 12765 13304 10448 11459 52 1529 25 0 0 
3500 12746 13417 10742 11764 56 1911 21 0 0 
3600 12729 13366 10924 11873 78 2143 32 0 0 
3700 12825 13491 11199 12108 53 2533 14 0 0 
3800 12884 13461 11353 12317 57 2802 11 0 0 
3900 12794 13471 11469 12465 91 3181 8 0 0 
4000 12840 13491 11573 12548 124 3517 25 0 0 
4100 12805 13557 11807 12744 151 3813 23 0 0 
4200 12886 13551 11990 12923 202 4208 28 0 0 
4300 12882 13528 12044 13008 267 4557 36 0 0 
4400 12871 13598 12070 13125 368 5008 23 0 0 
4500 12864 13629 12126 13240 433 5441 36 0 0 
4600 12835 13608 12179 13288 486 5771 37 0 0 
4700 12929 13649 12226 13368 550 6157 34 0 0 
4800 12859 13610 12208 13419 624 6591 65 0 0 
4900 12823 13556 12220 13331 723 6884 57 0 0 
5000 12887 13621 12130 13427 782 7129 67 0 0 
5100 12872 13572 12082 13422 860 7610 237 0 0 
5200 12902 13626 12097 13431 1152 7858 824 0 0 
5300 12931 13599 12075 13318 1800 7595 1609 0 0 
5400 12862 13722 12023 13503 2667 7087 2425 0 0 
5500 12853 13644 11875 13385 3625 6543 3291 0 0 
5600 12861 13710 11847 13373 4584 6138 4180 0 0 
5700 12895 13722 11874 13281 5466 5898 4884 0 0 
5800 12862 13690 11912 13291 6258 5596 5605 0 0 
5900 12897 13718 11865 13320 7055 5297 6263 0 0 
6000 12879 13726 11895 13310 7835 4977 7073 0 0 
6100 12776 13726 11794 13250 8499 4688 7661 0 0 
6200 12806 13736 11897 13248 9047 4730 8306 0 0 
6300 12800 13757 11802 13272 9567 4816 8907 2 3 
6400 12734 13760 11878 13251 9994 4819 9159 0 14 
6500 12779 13755 11755 13250 10214 5011 9374 0 9 
6600 12772 13782 11874 13277 10540 5168 9630 0 23 
6700 12855 13824 11887 13315 10978 5491 10140 0 12 
6800 12803 13811 11854 13229 10976 5613 10036 0 12 
6900 12796 13741 11902 13229 11121 6048 10194 0 23 
7000 12812 13811 11814 13236 11500 6403 10454 0 2 
7100 12863 13841 11883 13274 11651 6653 10591 0 1 
7200 12832 13828 11928 13233 11719 7164 10752 0 0 
7300 12822 13828 11930 13256 11764 7448 10758 0 0 
7400 12880 13830 11946 13258 11791 8069 10829 0 1 
7500 12824 13764 11897 13161 11776 8425 10879 0 0 
7600 12863 13776 12018 13212 11681 8873 10776 0 0 
7700 12840 13847 12076 13269 11774 9189 10824 1 0 
7800 12764 13778 11921 13249 11722 9492 10757 0 0 
7900 12877 13746 12050 13272 11774 9761 10839 0 2 
8000 12876 13787 12056 13234 11795 9907 10873 0 0 
8100 12849 13798 12035 13227 11871 10081 10973 0 0 
8200 12891 13778 12040 13214 11761 10104 10854 0 0 
8300 12834 13809 12103 13261 11752 10295 10816 0 1 
8400 12847 13809 12091 13179 11646 10380 10804 0 0 
8500 12935 13825 12193 13269 11813 10520 10908 0 0 
8600 12886 13835 12148 13270 11843 10743 10985 0 1 
8700 12875 13801 12074 13265 11824 10688 10907 0 0 
8800 12949 13826 12183 13290 11900 10858 11043 0 0 
8900 12933 13820 12172 13243 11863 10754 10896 0 3 
9000 12885 13722 12188 13206 11861 10737 10910 0 0 
9100 12819 13769 12077 13190 11808 10769 10884 0 0 
9200 12804 13820 12098 13260 11934 10813 10954 0 0 
9300 12912 13770 12208 13279 12034 10982 11094 0 0 
9400 12834 13794 12110 13250 11868 10908 10971 0 0 
9500 12802 13846 11999 13240 11801 10693 10865 0 0 
9600 12852 13842 12095 13189 11908 10784 10928 0 0 
9700 12957 13795 12153 13284 11947 10826 11023 0 0 
9800 12811 13766 12064 13185 11898 10783 10929 0 0 
9900 12881 13771 12192 13244 11942 10952 11054 0 0 
10000 12886 13753 12154 13208 11850 10836 10961 2 0 
