# Avida tasks data
# Sat Apr 15 16:30:40 2023
# First column gives the current update, next columns give the number
# of organisms that have the particular task as a component of their merit
#  1: Update
#  2: Not
#  3: Nand
#  4: And
#  5: OrNot
#  6: Or
#  7: AndNot
#  8: Nor
#  9: Xor
# 10: Equals

0 0 0 0 0 0 0 0 0 0 
100 0 0 0 0 0 0 0 0 0 
200 0 0 0 0 0 0 0 0 0 
300 0 0 0 0 0 0 0 0 0 
400 0 0 0 0 0 0 0 0 0 
500 0 0 0 0 0 0 0 0 0 
600 0 0 0 0 0 0 0 0 0 
700 374 0 0 0 0 0 0 0 0 
800 801 1 0 0 0 0 0 0 0 
900 996 0 0 0 0 0 0 0 0 
1000 1258 1 0 0 0 0 0 0 0 
1100 1494 3 0 3 0 0 0 0 0 
1200 1509 1 0 0 0 16 0 0 0 
1300 1494 2 0 0 0 14 0 0 0 
1400 1492 6 0 0 0 10 0 0 0 
1500 1499 6 0 0 0 10 0 0 0 
1600 1497 5 0 0 0 10 0 0 0 
1700 1497 5 0 0 0 10 0 0 0 
1800 1497 4 0 0 0 10 0 0 0 
1900 1495 3 0 0 0 10 0 0 0 
2000 1489 3 0 0 0 10 0 0 0 
2100 1491 3 0 0 0 10 0 0 0 
2200 1489 3 0 0 0 10 0 0 0 
2300 1493 3 0 0 0 10 0 0 0 
2400 1496 3 0 0 0 10 0 0 0 
2500 1502 3 0 0 0 8 0 0 0 
2600 1509 3 0 0 0 8 0 0 0 
2700 1501 3 0 0 0 8 0 0 0 
2800 1497 3 0 0 0 8 0 0 0 
2900 1496 2 0 0 0 8 0 0 0 
3000 1495 2 0 0 0 8 0 0 0 
3100 1491 2 0 0 0 8 0 0 0 
3200 1495 2 0 0 0 8 0 0 0 
3300 1480 2 0 0 0 8 0 0 0 
3400 1489 5 0 0 0 8 0 0 0 
3500 1496 2 0 0 0 8 0 0 0 
3600 1496 2 0 0 0 8 0 0 0 
3700 1482 2 0 0 0 7 0 0 0 
3800 1496 2 0 0 0 7 0 0 0 
3900 1494 1 0 0 0 7 0 0 0 
4000 1507 4 0 0 0 7 0 0 0 
4100 1523 5 0 0 0 7 0 0 0 
4200 1516 5 0 2 0 7 0 0 0 
4300 1503 5 0 0 0 7 0 0 0 
4400 1516 5 0 0 0 7 0 0 0 
4500 1514 5 0 0 0 7 0 0 0 
4600 1515 2 0 0 0 7 0 0 0 
4700 1522 2 0 0 0 5 0 0 0 
4800 1522 2 0 0 0 5 0 0 0 
4900 1516 2 0 0 0 5 0 0 0 
5000 1505 0 0 0 0 5 0 0 0 
5100 1490 0 0 0 0 5 0 0 0 
5200 1497 0 0 0 0 5 0 0 0 
5300 1499 0 0 0 0 5 0 0 0 
5400 1512 0 0 1 0 5 0 0 0 
5500 1511 3 0 2 0 5 0 0 0 
5600 1520 0 0 10 0 5 0 0 0 
5700 1527 1 0 5 0 5 0 0 0 
5800 1522 1 0 3 0 4 0 0 0 
5900 1533 1 0 2 0 3 0 0 0 
6000 1532 1 0 1 0 3 0 0 0 
6100 1543 3 0 10 0 3 0 0 0 
6200 1532 3 0 8 0 3 0 0 0 
6300 1530 3 0 9 0 3 0 0 0 
6400 1543 3 1 9 0 3 0 0 0 
6500 1538 3 1 8 0 3 0 0 0 
6600 1518 5 1 7 0 3 0 0 0 
6700 1537 5 1 7 0 3 0 0 0 
6800 1533 5 1 7 0 3 0 0 0 
6900 1545 5 0 7 0 2 0 0 0 
7000 1531 5 0 7 0 2 0 0 0 
7100 1524 5 0 7 0 2 3 0 0 
7200 1540 5 0 7 0 2 0 0 0 
7300 1543 5 0 7 0 2 0 0 0 
7400 1559 5 0 7 0 2 1 0 0 
7500 1570 4 0 7 0 2 0 0 0 
7600 1572 4 0 7 0 2 0 0 0 
7700 1562 4 0 5 0 2 0 0 0 
7800 1606 4 0 5 2 6 0 0 0 
7900 1607 4 0 5 2 6 0 0 0 
8000 1588 2 0 5 2 6 0 0 0 
8100 1607 1 0 3 2 6 0 0 0 
8200 1621 1 0 4 2 5 0 0 0 
8300 1613 1 0 3 2 5 0 0 0 
8400 1620 1 0 3 2 5 0 0 0 
8500 1627 1 0 3 2 4 0 0 0 
8600 1603 3 0 3 2 4 0 0 0 
8700 1615 5 0 3 2 4 0 0 0 
8800 1639 7 0 3 2 4 0 0 0 
8900 1636 7 0 3 2 4 0 0 0 
9000 1639 10 0 3 2 4 0 0 0 
9100 1606 9 0 3 2 4 0 0 0 
9200 1621 11 0 3 2 4 0 0 0 
9300 1607 11 0 3 2 4 0 0 0 
9400 1623 8 0 3 2 4 0 0 0 
9500 1618 8 0 3 2 4 0 0 0 
9600 1613 8 0 3 2 4 0 0 0 
9700 1614 7 0 2 2 4 1 0 0 
9800 1610 7 1 2 2 4 0 0 0 
9900 1613 8 1 3 2 4 0 0 0 
10000 1627 10 1 1 2 4 0 0 0 
