# Avida tasks data
# Sat Apr 15 16:59:39 2023
# First column gives the current update, next columns give the number
# of organisms that have the particular task as a component of their merit
#  1: Update
#  2: Not
#  3: Nand
#  4: And
#  5: OrNot
#  6: Or
#  7: AndNot
#  8: Nor
#  9: Xor
# 10: Equals

0 0 0 0 0 0 0 0 0 0 
100 0 0 0 0 0 0 0 0 0 
200 0 0 0 0 0 0 0 0 0 
300 0 0 0 0 0 0 0 0 0 
400 0 0 0 0 0 0 0 0 0 
500 0 0 0 0 0 0 0 0 0 
600 0 2 0 0 0 0 0 0 0 
700 108 329 0 2 0 0 0 0 0 
800 625 753 0 4 0 1 0 0 0 
900 623 757 0 5 0 1 0 0 0 
1000 619 773 0 6 0 1 0 0 0 
1100 1106 1226 0 20 0 0 0 0 0 
1200 1119 1245 0 20 0 0 0 0 0 
1300 1300 1444 0 39 0 0 0 0 0 
1400 1394 1539 0 36 0 0 0 0 0 
1500 1464 1682 0 38 0 0 0 0 0 
1600 1520 1730 0 35 0 0 0 0 0 
1700 1582 1789 0 54 0 0 0 0 0 
1800 1619 1815 0 50 0 0 0 0 0 
1900 1617 1815 0 50 0 0 0 0 0 
2000 1613 1815 0 50 0 0 0 0 0 
2100 1746 1938 0 50 0 2 0 0 0 
2200 1919 2154 0 77 0 0 0 0 0 
2300 1919 2150 0 299 0 0 0 0 0 
2400 1980 2193 0 544 0 1 0 0 0 
2500 2147 2336 0 535 0 4 0 0 0 
