# Avida tasks data
# Mon Mar  6 14:00:35 2023
# First column gives the current update, next columns give the number
# of organisms that have the particular task as a component of their merit
#  1: Update
#  2: Not
#  3: Nand
#  4: And
#  5: OrNot
#  6: Or
#  7: AndNot
#  8: Nor
#  9: Xor
# 10: Equals

0 0 0 0 0 0 0 0 0 0 
100 0 0 0 0 0 0 0 0 0 
200 0 0 0 0 0 0 0 0 0 
300 0 0 0 0 0 0 0 0 0 
400 0 0 0 0 0 0 0 0 0 
500 0 0 0 0 0 0 0 0 0 
600 0 0 0 0 0 0 0 0 0 
700 0 0 0 0 0 0 0 0 0 
800 0 0 0 0 0 0 0 0 0 
900 0 0 0 0 0 0 0 0 0 
1000 0 0 0 0 0 0 0 0 0 
1100 0 0 0 0 0 0 0 0 0 
1200 0 0 0 0 0 0 0 0 0 
1300 0 0 0 0 0 0 0 0 0 
1400 0 0 0 0 0 0 0 0 0 
1500 0 0 0 0 0 0 0 0 0 
1600 0 0 0 0 0 0 0 0 0 
1700 0 0 0 0 0 0 0 0 0 
1800 0 0 0 0 0 0 0 0 0 
1900 0 0 0 0 0 0 0 0 0 
2000 0 0 0 0 0 0 0 0 0 
2100 0 0 0 0 0 0 0 0 0 
2200 0 0 0 0 0 0 0 0 0 
2300 0 0 0 0 0 0 0 0 0 
2400 0 0 0 0 0 0 0 0 0 
2500 0 0 0 0 0 0 0 0 0 
2600 0 0 0 0 0 0 0 0 0 
2700 0 0 0 0 0 0 0 0 0 
2800 0 0 0 0 0 0 0 0 0 
2900 0 0 0 0 0 0 0 0 0 
3000 0 0 0 0 0 0 0 0 0 
3100 0 0 0 0 0 0 0 0 0 
3200 0 0 0 0 0 0 0 0 0 
3300 0 0 0 0 0 0 0 0 0 
3400 0 0 0 0 0 0 0 0 0 
3500 0 0 0 0 0 0 0 0 0 
3600 0 0 0 0 0 0 0 0 0 
3700 0 0 0 0 0 0 0 0 0 
3800 0 0 0 0 0 0 0 0 0 
3900 0 0 0 0 0 0 0 0 0 
4000 0 0 0 0 0 0 0 0 0 
4100 0 0 0 0 0 0 0 0 0 
4200 0 0 0 0 0 0 0 0 0 
4300 0 0 0 0 0 0 0 0 0 
4400 0 0 0 0 0 0 0 0 0 
4500 0 0 0 0 0 0 0 0 0 
4600 0 0 0 0 0 0 0 0 0 
4700 0 0 0 0 0 0 0 0 0 
4800 0 0 0 0 0 0 0 0 0 
4900 2 0 0 0 0 0 0 0 0 
5000 0 0 0 0 0 0 0 0 0 
5100 0 0 0 0 0 0 0 0 0 
5200 0 0 0 0 0 0 0 0 0 
5300 0 0 0 0 0 0 0 0 0 
5400 0 0 0 0 0 0 0 0 0 
5500 0 0 0 0 0 0 0 0 0 
5600 0 0 0 0 0 0 0 0 0 
5700 5 0 0 0 0 0 0 0 0 
5800 7 0 0 0 0 0 0 0 0 
5900 35 0 0 0 0 0 0 0 0 
6000 78 0 0 0 0 0 0 0 0 
6100 79 0 0 0 0 0 0 0 0 
6200 76 0 0 0 0 0 0 0 0 
6300 83 0 0 0 0 0 0 0 0 
6400 91 0 0 0 0 0 0 0 0 
6500 81 0 0 0 0 0 0 0 0 
6600 81 0 0 0 0 0 0 0 0 
6700 83 0 0 6 0 0 0 0 0 
6800 72 2 0 9 0 0 0 0 0 
6900 64 0 0 23 0 0 0 0 0 
7000 61 5 0 24 0 0 0 0 0 
7100 51 9 0 42 0 0 0 0 0 
7200 23 5 0 62 0 0 0 0 0 
7300 20 2 0 75 0 0 0 0 0 
7400 61 2 0 89 0 0 0 0 0 
7500 83 0 0 90 0 0 0 0 0 
7600 84 0 0 90 2 0 0 0 0 
7700 82 1 0 80 0 0 0 0 0 
7800 78 1 0 82 0 0 0 0 0 
7900 77 0 0 78 0 0 0 0 0 
8000 70 0 0 83 0 0 0 0 0 
8100 61 0 0 84 0 0 0 0 0 
8200 74 2 0 88 0 0 0 0 0 
8300 82 0 0 86 0 0 0 0 0 
8400 75 1 0 74 0 0 0 0 0 
8500 88 0 0 80 4 0 0 0 0 
8600 84 0 0 59 22 0 0 0 0 
8700 86 0 0 19 60 0 0 0 0 
8800 76 1 0 12 65 0 0 0 0 
8900 76 0 0 15 66 0 0 0 0 
9000 82 0 0 1 83 0 0 0 0 
9100 81 0 0 6 69 0 0 0 0 
9200 82 0 0 4 82 0 0 0 0 
9300 87 0 0 6 86 0 0 0 0 
9400 80 0 0 6 87 0 0 0 0 
9500 73 0 0 4 78 0 0 0 0 
9600 84 0 0 0 89 0 0 0 0 
9700 76 0 0 2 78 0 0 0 0 
9800 77 0 0 10 93 0 0 0 0 
9900 49 0 0 35 81 0 0 0 0 
10000 40 2 0 52 78 0 0 0 0 
10100 8 0 0 83 83 0 0 0 0 
10200 39 0 0 86 89 0 0 0 0 
10300 53 3 0 77 80 0 0 0 0 
10400 84 0 0 78 84 0 0 0 0 
10500 93 0 0 86 87 0 0 0 0 
10600 96 1 0 93 86 0 0 0 0 
10700 91 0 0 77 79 0 0 0 0 
10800 90 0 0 81 83 0 0 0 0 
10900 95 0 0 88 92 0 0 0 0 
11000 90 1 0 87 79 0 0 0 0 
11100 84 3 0 79 75 0 0 0 0 
11200 94 0 0 90 89 0 0 0 0 
11300 91 1 0 88 89 0 0 0 0 
11400 89 0 0 77 79 0 0 0 0 
11500 91 0 0 91 85 0 0 0 0 
11600 87 2 0 75 73 0 0 0 0 
11700 83 3 0 83 78 0 0 0 0 
11800 91 2 0 84 85 0 0 0 0 
11900 93 0 0 78 87 0 0 0 0 
12000 94 3 0 89 90 0 0 0 0 
12100 92 2 0 81 79 0 0 0 0 
12200 94 0 0 91 92 0 0 0 0 
12300 85 2 0 76 80 0 0 0 0 
12400 94 1 0 83 89 0 0 0 0 
12500 84 0 0 83 86 0 0 0 0 
12600 90 0 0 87 88 0 0 0 0 
12700 89 0 0 84 86 0 0 0 0 
12800 96 1 0 93 92 0 0 0 0 
12900 89 2 0 84 74 0 0 0 0 
13000 81 2 0 79 80 0 0 0 0 
13100 89 2 0 86 82 0 0 0 0 
13200 91 3 0 84 88 0 0 0 0 
13300 85 1 0 85 81 0 0 0 0 
13400 87 0 0 88 83 0 0 0 0 
13500 83 0 0 84 85 0 0 0 0 
13600 91 0 0 82 87 0 0 0 0 
13700 97 2 0 89 89 0 0 0 0 
13800 90 1 0 82 86 0 0 0 0 
13900 94 0 0 84 91 0 0 0 0 
14000 94 0 0 93 90 0 0 0 0 
14100 98 0 0 87 86 0 0 0 0 
14200 97 1 0 94 89 0 0 0 0 
14300 97 0 0 85 87 0 0 0 0 
14400 90 2 0 85 82 0 0 0 0 
14500 96 0 0 91 91 0 0 0 0 
14600 79 0 0 84 78 0 0 0 0 
14700 88 0 0 85 83 0 0 0 0 
14800 91 0 0 88 86 0 0 0 0 
14900 93 0 0 94 93 0 0 0 0 
15000 88 3 0 85 66 0 19 0 0 
15100 91 3 0 80 40 0 41 0 0 
15200 84 0 0 81 13 0 63 0 0 
15300 100 0 0 72 26 19 64 0 0 
15400 87 1 0 45 34 28 43 0 0 
15500 87 0 0 54 35 29 46 0 0 
15600 90 3 0 64 20 18 59 0 0 
15700 100 0 0 81 14 15 74 0 0 
15800 93 2 0 71 16 16 68 0 0 
15900 89 0 0 78 10 8 70 0 0 
16000 89 0 0 78 17 11 72 0 0 
16100 92 0 0 49 36 37 50 0 0 
16200 97 0 0 70 22 23 67 0 0 
16300 91 0 0 73 17 18 71 0 0 
16400 88 2 0 57 25 24 53 0 0 
16500 94 0 0 75 18 17 74 0 0 
16600 89 0 0 80 10 6 69 0 0 
16700 89 0 0 77 10 7 71 0 0 
16800 97 3 0 63 26 23 55 0 0 
16900 91 0 0 48 45 40 45 0 0 
17000 90 1 0 39 43 44 38 0 0 
17100 94 3 0 11 71 72 11 0 0 
17200 84 1 0 3 82 78 3 0 0 
17300 97 2 0 5 92 84 0 0 0 
17400 92 0 0 2 93 87 0 0 0 
17500 77 0 0 1 91 85 0 0 0 
17600 88 0 0 3 88 85 0 0 0 
17700 97 0 0 0 92 90 0 0 0 
17800 94 0 0 7 87 79 0 0 0 
17900 92 0 0 3 94 87 0 0 0 
18000 86 0 0 12 81 74 3 0 0 
18100 93 0 0 25 62 68 25 0 0 
18200 90 1 0 7 83 77 4 0 0 
18300 89 0 0 3 86 80 3 0 0 
18400 94 0 0 2 79 84 0 0 0 
18500 87 0 1 3 84 79 0 0 0 
18600 88 0 0 2 83 80 0 0 0 
18700 90 0 0 2 86 86 0 0 0 
18800 93 0 0 1 89 78 0 0 0 
18900 91 2 0 1 85 79 0 0 0 
19000 93 0 2 6 87 87 0 0 0 
19100 93 0 0 2 95 91 0 0 0 
19200 93 0 0 1 91 81 0 0 0 
19300 83 0 0 3 88 79 0 0 0 
19400 91 0 0 1 92 85 0 0 0 
19500 90 0 2 2 86 88 0 0 0 
19600 85 0 1 4 80 82 0 0 0 
19700 87 0 0 2 91 88 0 0 0 
19800 91 0 0 0 86 83 0 0 0 
19900 94 0 0 9 91 86 0 0 0 
20000 86 0 0 0 89 87 0 0 0 
20100 94 0 0 6 83 83 6 0 0 
20200 94 0 0 0 86 83 0 0 0 
20300 96 0 0 1 95 89 0 0 0 
20400 98 0 0 2 91 85 0 0 0 
20500 92 0 0 1 86 82 0 0 0 
20600 93 0 2 4 84 84 0 0 0 
20700 94 0 0 0 84 82 0 0 0 
20800 97 0 0 0 91 87 0 0 0 
20900 99 1 0 33 89 84 0 0 0 
21000 96 0 0 60 84 81 0 0 0 
21100 91 2 0 79 86 86 0 0 0 
21200 93 0 0 84 90 87 0 0 0 
21300 95 2 0 73 82 76 0 0 0 
21400 93 0 0 88 92 87 0 0 0 
21500 97 0 0 85 89 89 0 0 0 
21600 97 0 0 85 86 84 0 0 0 
21700 95 0 0 87 90 85 0 0 0 
21800 99 0 0 79 86 80 0 0 0 
21900 99 2 0 81 88 83 0 0 0 
22000 91 0 0 87 91 87 0 0 0 
22100 95 0 0 82 83 80 0 0 0 
22200 99 0 0 83 88 86 0 0 0 
22300 93 2 0 79 87 80 0 0 0 
22400 94 0 0 89 93 80 0 0 0 
22500 85 1 3 91 90 86 0 0 0 
22600 97 0 0 81 90 84 0 0 0 
22700 92 0 0 87 90 87 0 0 0 
22800 95 0 0 86 88 79 0 0 0 
22900 97 1 0 84 86 84 0 0 0 
23000 95 0 0 79 83 80 0 0 0 
23100 99 3 3 83 81 81 0 0 0 
23200 91 0 0 88 94 88 2 0 0 
23300 96 2 2 77 82 79 4 0 0 
23400 98 2 1 85 92 77 0 0 0 
23500 96 0 0 79 86 84 0 0 0 
23600 93 0 0 74 79 76 0 0 0 
23700 98 0 0 76 81 75 0 0 0 
23800 100 1 1 90 96 91 0 0 0 
23900 96 2 2 81 83 82 0 0 0 
24000 98 0 0 91 93 90 0 0 0 
24100 97 0 0 85 87 86 0 0 0 
24200 94 0 0 76 87 79 1 0 0 
24300 91 1 0 79 78 80 0 0 0 
24400 94 1 0 88 88 88 0 0 0 
24500 93 5 5 87 87 86 0 0 0 
24600 87 4 2 76 79 73 0 0 0 
24700 92 7 7 88 86 75 0 0 0 
24800 98 0 0 83 86 87 0 0 0 
24900 96 3 2 92 92 85 0 0 0 
25000 97 1 1 85 90 83 0 0 0 
25100 95 0 0 86 89 82 0 0 0 
25200 93 1 0 91 95 89 0 0 0 
25300 100 2 0 83 87 82 0 0 0 
25400 97 0 0 85 87 84 0 0 0 
25500 91 2 2 89 86 83 0 0 0 
25600 99 1 1 80 82 77 0 0 0 
25700 97 1 1 82 92 89 0 0 0 
25800 93 2 2 85 89 86 0 0 0 
25900 95 0 0 84 94 86 5 0 0 
26000 95 2 2 88 87 73 6 0 0 
26100 95 3 0 89 85 25 62 0 0 
26200 99 6 0 92 88 11 80 0 0 
26300 95 17 0 84 84 20 60 0 0 
26400 99 15 0 96 90 19 69 0 0 
26500 96 36 0 95 85 34 54 0 0 
26600 96 49 2 85 83 48 32 0 0 
26700 92 50 0 75 83 52 28 0 0 
26800 93 38 0 81 80 36 42 0 0 
26900 98 40 2 78 78 41 33 0 0 
27000 94 55 0 90 86 59 29 0 0 
27100 92 66 0 88 91 67 21 0 0 
27200 91 79 0 80 84 79 1 0 0 
27300 98 80 0 78 86 80 0 0 0 
27400 96 86 4 85 91 88 0 0 0 
27500 94 83 1 80 83 84 0 0 0 
27600 98 82 3 77 85 82 0 0 0 
27700 97 69 2 76 81 80 0 0 0 
27800 97 78 4 82 86 84 0 0 0 
27900 100 79 0 85 86 87 0 0 0 
28000 94 82 1 85 89 90 0 0 0 
28100 96 82 0 86 91 84 0 0 0 
28200 96 81 2 79 86 82 0 0 0 
28300 94 71 0 84 88 86 0 0 0 
28400 96 73 2 75 81 74 0 0 0 
28500 96 80 0 89 91 90 0 0 0 
28600 90 77 0 79 81 74 0 0 0 
28700 96 85 4 93 93 84 0 0 0 
28800 93 75 1 89 86 86 0 0 0 
28900 85 82 0 81 89 84 0 0 0 
29000 88 87 0 87 89 87 0 0 0 
29100 91 77 1 82 77 78 0 0 0 
29200 96 84 0 89 90 85 0 0 0 
29300 95 88 1 89 93 83 0 0 0 
29400 90 82 0 79 85 83 0 0 0 
29500 97 82 0 87 89 87 0 0 0 
29600 99 85 0 87 89 85 0 0 0 
29700 98 85 1 91 90 86 1 0 0 
29800 98 89 2 88 88 87 0 0 0 
29900 97 88 0 91 94 90 0 0 0 
30000 95 68 0 78 85 79 0 0 0 
30100 94 86 1 86 88 85 0 0 0 
30200 98 75 1 82 87 79 0 0 0 
30300 93 72 2 80 84 79 4 0 0 
30400 97 75 3 88 90 86 0 0 0 
30500 89 76 1 76 76 77 0 0 0 
30600 90 82 0 90 92 88 0 0 0 
30700 87 82 2 84 89 81 0 0 0 
30800 95 90 1 92 95 90 0 0 0 
30900 95 81 1 92 90 86 4 0 0 
31000 97 83 1 83 92 87 0 0 0 
31100 100 81 1 74 91 80 0 0 0 
31200 90 63 1 86 89 79 2 0 0 
31300 98 73 2 92 93 88 1 0 0 
31400 93 80 5 94 81 78 0 0 0 
31500 93 79 3 90 90 91 0 0 0 
31600 92 77 0 92 88 88 0 0 0 
31700 97 90 2 86 89 84 0 0 0 
31800 97 83 1 85 86 84 0 0 0 
31900 95 82 2 90 88 84 0 0 0 
32000 95 81 1 89 92 83 0 0 0 
32100 89 84 1 85 88 85 0 0 0 
32200 91 86 2 89 92 87 2 0 0 
32300 92 73 0 86 91 84 0 0 0 
32400 93 84 1 90 89 88 0 0 0 
32500 92 81 6 92 88 79 0 0 0 
32600 96 75 2 82 84 80 0 0 0 
32700 99 80 2 82 81 75 0 0 0 
32800 98 85 5 84 86 78 3 0 0 
32900 100 84 0 92 89 84 1 0 0 
33000 100 89 1 90 91 88 0 0 0 
33100 98 76 0 84 84 84 0 0 0 
33200 96 81 4 90 86 81 0 0 0 
33300 95 76 0 90 91 86 6 0 0 
33400 93 85 0 90 91 88 3 0 0 
33500 97 76 0 86 84 83 0 0 0 
33600 98 84 0 89 89 83 0 0 0 
33700 94 85 0 82 87 83 0 0 0 
33800 96 76 1 91 91 79 8 0 0 
33900 96 86 0 87 94 89 2 0 0 
34000 96 87 1 90 92 84 0 0 0 
34100 89 88 5 86 90 83 0 0 0 
34200 99 69 0 79 82 81 0 0 0 
34300 93 76 0 85 87 82 2 0 0 
34400 90 73 1 84 83 78 0 0 0 
34500 97 87 0 84 90 87 0 0 0 
34600 97 85 0 87 88 86 0 0 0 
34700 89 81 0 87 86 85 0 0 0 
34800 99 92 0 92 91 89 0 0 0 
34900 97 85 0 90 94 88 0 0 0 
35000 97 87 1 93 94 90 0 0 0 
35100 96 71 1 81 80 70 6 0 0 
35200 96 72 0 83 89 74 9 0 0 
35300 100 63 0 78 83 63 17 0 0 
35400 98 66 2 93 86 68 21 0 0 
35500 96 67 0 87 86 71 16 0 0 
35600 97 57 1 83 84 73 12 0 0 
35700 88 78 0 87 86 80 5 0 0 
35800 97 81 0 85 89 83 5 0 0 
35900 93 77 0 86 86 77 7 0 0 
36000 97 73 2 90 88 73 9 0 0 
36100 97 58 0 91 93 62 26 0 0 
36200 100 74 0 94 91 73 13 0 0 
36300 97 81 0 86 92 84 5 0 0 
36400 96 76 0 90 92 78 14 0 0 
36500 96 77 0 89 92 76 9 0 0 
36600 86 70 0 82 90 79 3 0 0 
36700 92 76 0 84 86 84 1 0 0 
36800 89 78 4 89 79 82 0 0 0 
36900 95 92 1 95 93 90 0 0 0 
37000 90 79 3 84 79 78 0 0 0 
37100 92 91 4 89 88 85 0 0 0 
37200 97 78 0 82 84 82 0 0 0 
37300 97 76 0 85 92 89 0 0 0 
37400 93 94 2 91 96 92 0 0 0 
37500 95 77 2 84 80 77 0 0 0 
37600 95 89 2 90 91 87 0 0 0 
37700 92 74 1 79 84 79 0 0 0 
37800 97 75 0 88 87 86 0 0 0 
37900 90 74 2 86 90 78 0 0 0 
38000 89 82 0 86 87 81 0 0 0 
38100 92 82 0 84 90 86 0 0 0 
38200 93 84 0 80 88 81 0 0 0 
38300 92 85 0 84 88 85 0 0 0 
38400 93 78 0 86 87 88 0 0 0 
38500 96 89 0 87 89 87 0 0 0 
38600 96 91 3 75 91 88 1 0 17 
38700 90 77 0 53 83 75 4 0 65 
38800 95 81 0 81 87 80 3 0 73 
38900 96 84 0 87 91 87 1 0 66 
39000 95 81 0 82 82 78 6 0 68 
39100 95 84 0 86 88 84 2 0 74 
39200 94 78 1 87 90 75 2 0 69 
39300 100 90 0 96 95 90 3 0 86 
39400 95 82 3 85 88 86 3 0 72 
39500 97 66 3 79 85 85 7 0 70 
39600 93 73 0 87 87 85 6 0 81 
39700 94 80 3 88 88 81 3 0 77 
39800 92 85 3 86 92 90 3 0 76 
39900 93 82 0 81 84 81 2 0 75 
40000 93 85 1 90 84 83 3 0 77 
40100 96 86 0 90 90 89 4 0 72 
40200 90 86 1 87 89 89 1 0 73 
40300 93 84 2 87 85 88 4 0 74 
40400 87 71 5 84 80 72 5 0 66 
40500 95 86 2 93 90 89 2 0 70 
40600 96 71 0 80 80 74 7 0 70 
40700 93 85 0 91 90 90 0 0 77 
40800 95 89 1 89 90 89 3 0 79 
40900 98 89 0 85 92 88 2 0 76 
41000 93 84 0 82 88 83 3 0 78 
41100 99 84 0 88 95 92 1 0 72 
41200 97 82 0 88 87 83 1 0 77 
41300 97 87 0 86 91 89 4 0 76 
41400 92 77 1 89 86 86 1 0 75 
41500 95 88 1 91 93 86 1 0 85 
41600 97 89 0 88 88 89 1 0 75 
41700 93 82 1 84 83 80 6 0 72 
41800 96 86 0 88 85 83 1 0 70 
41900 99 88 1 89 95 93 1 0 80 
42000 95 87 1 89 87 89 1 0 76 
42100 86 83 0 82 86 81 1 0 73 
42200 94 80 0 83 83 84 5 0 68 
42300 93 82 0 87 84 87 0 0 71 
42400 95 87 0 86 95 90 0 0 73 
42500 90 87 0 90 96 91 2 0 85 
42600 85 72 0 82 86 84 0 0 62 
42700 93 88 2 90 89 88 4 0 80 
42800 99 79 0 88 88 85 7 0 73 
42900 95 78 1 86 85 82 7 0 72 
43000 92 82 0 87 87 82 2 0 74 
43100 96 82 4 83 84 83 2 0 60 
43200 97 87 0 91 92 92 0 0 79 
43300 92 88 0 93 96 91 0 0 82 
43400 92 84 0 85 81 85 2 0 81 
43500 97 76 0 81 87 75 3 0 68 
43600 96 87 0 88 91 90 4 0 86 
43700 98 84 0 86 86 86 5 0 75 
43800 92 81 1 82 82 77 6 0 70 
43900 96 88 1 87 94 83 1 0 78 
44000 96 81 0 92 92 90 1 0 77 
44100 97 90 0 90 90 85 1 0 87 
44200 94 87 0 84 92 88 0 0 74 
44300 97 83 0 83 84 79 10 0 74 
44400 83 78 3 82 79 79 3 0 72 
44500 95 89 0 90 90 86 2 0 83 
44600 93 91 3 94 88 88 1 0 79 
44700 82 80 1 79 81 75 4 0 74 
44800 90 88 2 87 91 87 0 0 79 
44900 93 80 0 85 83 77 7 0 75 
45000 93 83 1 83 86 82 4 0 65 
45100 95 83 2 84 82 77 8 0 70 
45200 92 86 0 92 90 93 0 0 81 
45300 93 86 0 86 92 90 2 0 74 
45400 98 85 0 85 87 80 6 0 79 
45500 96 81 2 84 83 77 4 0 73 
45600 95 90 0 88 94 86 2 0 77 
45700 99 86 0 93 94 90 3 0 80 
45800 96 95 2 92 93 93 0 0 79 
45900 98 97 0 94 95 92 2 0 86 
46000 96 82 0 85 88 80 0 0 72 
46100 95 88 0 85 91 87 5 0 84 
46200 94 85 0 87 95 86 0 0 84 
46300 97 76 0 92 90 89 0 0 83 
46400 96 84 4 95 90 92 1 0 83 
46500 95 85 0 91 92 85 2 0 82 
46600 93 83 1 88 88 84 1 0 75 
46700 94 86 2 89 90 86 1 0 74 
46800 99 80 0 84 87 78 3 0 81 
46900 90 83 0 90 92 89 2 0 84 
47000 95 84 1 85 86 84 4 0 79 
47100 98 88 2 91 93 87 0 0 87 
47200 90 70 2 79 86 80 2 0 71 
47300 96 77 0 89 93 90 0 0 79 
47400 93 67 2 80 81 77 4 0 71 
47500 97 85 1 84 86 84 7 0 71 
47600 94 90 0 91 92 92 3 0 86 
47700 92 86 2 89 90 87 0 0 70 
47800 91 89 1 89 91 82 0 0 81 
47900 93 89 3 92 85 87 1 0 81 
48000 96 85 0 88 88 85 1 0 78 
48100 95 93 2 93 95 89 1 0 82 
48200 94 84 3 90 87 83 5 0 81 
48300 97 90 1 91 90 89 1 0 82 
48400 94 84 0 87 89 85 0 0 76 
48500 96 90 1 87 91 82 0 0 78 
48600 93 87 2 86 87 86 2 0 79 
48700 92 85 0 83 83 83 0 0 75 
48800 96 86 1 89 91 85 1 0 76 
48900 97 85 1 92 95 88 0 0 77 
49000 97 88 0 92 93 88 0 0 86 
49100 95 84 0 87 89 84 2 0 73 
49200 97 87 0 87 90 85 2 0 77 
49300 93 77 1 81 75 74 3 0 71 
49400 94 74 0 78 83 74 2 0 67 
49500 92 81 0 84 92 83 1 0 80 
49600 92 85 2 90 89 87 0 0 77 
49700 94 76 2 88 87 80 5 0 77 
49800 98 84 0 91 90 82 0 0 76 
49900 94 83 0 88 92 85 5 0 77 
50000 92 88 0 92 90 83 0 0 84 
50100 94 85 2 85 84 72 4 0 79 
50200 99 96 0 97 97 94 0 0 91 
50300 96 80 0 90 90 81 1 0 71 
50400 95 89 0 95 94 91 2 0 84 
50500 95 81 2 84 81 81 4 0 67 
50600 94 83 0 91 88 82 0 0 79 
50700 93 85 2 86 89 81 1 0 77 
50800 97 90 0 94 95 92 2 0 87 
50900 97 77 1 88 90 78 0 0 74 
51000 91 89 0 91 95 81 1 0 80 
51100 96 85 1 83 85 80 2 0 72 
51200 93 82 0 86 86 85 1 0 78 
51300 100 88 0 90 90 86 1 0 83 
51400 98 88 1 90 92 85 2 0 84 
51500 90 90 0 91 84 86 0 0 76 
51600 92 81 0 90 91 90 0 0 81 
51700 97 87 0 89 88 84 1 0 81 
51800 97 80 0 82 87 84 5 0 72 
51900 95 88 1 91 90 89 1 0 79 
52000 97 82 2 88 89 88 2 0 81 
52100 97 85 1 90 87 88 0 0 71 
52200 95 79 1 85 87 81 3 0 71 
52300 96 89 1 94 89 88 2 0 81 
52400 95 79 0 86 89 82 2 0 75 
52500 98 88 0 90 96 88 0 0 79 
52600 93 83 2 87 84 85 3 0 81 
52700 98 82 0 87 92 82 1 0 81 
52800 97 83 0 88 89 87 3 0 78 
52900 82 77 1 81 75 74 0 0 69 
53000 94 89 3 91 85 83 3 0 83 
53100 94 81 2 91 88 85 0 0 72 
53200 92 93 4 91 86 88 1 0 79 
53300 90 78 2 89 84 84 2 0 72 
53400 92 81 1 81 85 82 0 0 74 
53500 87 81 2 84 85 81 3 0 71 
53600 96 89 2 91 90 91 2 0 79 
53700 92 86 1 88 87 87 5 0 78 
53800 87 80 0 84 81 82 1 0 74 
53900 80 75 2 83 84 80 2 0 68 
54000 95 87 2 91 94 87 1 0 76 
54100 92 87 0 86 91 87 0 0 80 
54200 88 80 3 79 84 74 2 0 66 
54300 86 77 0 77 75 73 1 0 65 
54400 93 88 2 86 86 86 1 0 72 
54500 94 83 0 81 88 83 4 0 66 
54600 94 83 1 88 89 88 0 0 77 
54700 96 95 2 93 94 88 0 0 84 
54800 92 83 2 83 84 82 0 0 74 
54900 87 82 0 84 86 83 0 0 75 
55000 91 81 0 83 86 83 3 0 77 
55100 87 72 0 84 84 87 1 0 75 
55200 90 87 1 86 90 82 1 0 68 
55300 89 82 0 87 88 82 0 0 75 
55400 93 84 0 89 88 88 2 0 78 
55500 91 76 0 87 82 85 0 0 73 
55600 93 75 0 80 81 73 6 0 69 
55700 94 79 0 79 83 76 6 0 74 
55800 86 67 0 79 86 82 1 0 64 
55900 87 79 0 79 83 77 0 0 71 
56000 91 73 0 76 76 71 5 0 67 
56100 94 82 0 85 84 85 1 0 76 
56200 84 67 1 75 74 69 4 0 61 
56300 96 92 0 93 94 83 2 0 73 
56400 92 82 6 81 83 76 6 0 61 
56500 91 85 0 88 90 79 0 0 78 
56600 88 82 0 82 85 79 0 0 74 
56700 85 83 3 88 80 79 1 0 69 
56800 91 84 0 82 87 86 1 0 69 
56900 90 85 0 88 86 83 1 0 75 
57000 94 88 2 85 88 82 0 0 77 
57100 92 83 2 89 86 83 0 0 70 
57200 91 79 1 81 88 77 1 0 73 
57300 95 84 2 89 86 85 2 0 77 
57400 91 76 1 83 81 80 2 0 71 
57500 91 71 2 86 85 80 2 0 70 
57600 96 83 0 94 91 88 0 0 78 
57700 91 84 0 88 86 87 2 0 72 
57800 96 91 0 94 87 91 1 0 80 
57900 90 80 1 81 88 80 4 0 70 
58000 92 86 1 89 86 87 3 0 78 
58100 92 88 2 89 87 85 1 0 70 
58200 98 89 0 90 92 90 0 0 73 
58300 96 87 2 88 90 87 0 0 81 
58400 95 89 0 87 92 88 2 0 77 
58500 90 85 1 87 90 89 1 0 70 
58600 98 74 0 85 88 80 2 0 71 
58700 98 91 0 95 90 90 1 0 87 
58800 94 86 4 86 90 79 2 0 76 
58900 95 89 1 92 89 87 1 0 69 
59000 93 78 1 88 88 79 2 0 74 
59100 91 83 0 88 85 84 3 0 71 
59200 95 88 0 90 91 84 0 0 79 
59300 95 87 0 87 94 86 0 0 80 
59400 95 78 0 93 93 91 2 0 79 
59500 96 76 2 90 90 87 0 0 82 
59600 93 83 1 91 91 91 0 0 86 
59700 86 79 0 81 86 80 0 0 73 
59800 96 86 0 92 93 86 1 0 80 
59900 88 77 2 81 88 78 1 0 74 
60000 94 72 0 81 86 83 2 0 71 
60100 94 78 0 84 79 82 4 0 73 
60200 95 85 1 86 86 88 2 0 77 
60300 92 78 1 83 82 82 3 0 69 
60400 90 78 2 84 85 72 2 0 63 
60500 89 76 0 84 85 82 4 0 70 
60600 95 84 1 89 93 85 3 0 79 
60700 85 80 2 88 84 79 0 0 67 
60800 95 80 1 84 90 88 2 0 74 
60900 92 80 1 81 88 85 2 0 76 
61000 99 85 0 92 96 93 1 0 87 
61100 92 86 2 84 86 85 3 0 69 
61200 98 92 0 93 95 93 0 0 83 
61300 92 87 1 84 89 88 2 0 78 
61400 91 79 0 86 84 81 2 0 82 
61500 88 79 1 77 83 82 5 0 67 
61600 97 82 1 86 91 86 0 0 74 
61700 92 77 0 85 88 88 1 0 72 
61800 96 85 0 86 88 82 3 0 77 
61900 94 90 0 82 90 88 3 0 72 
62000 94 86 4 89 91 87 3 0 80 
62100 93 85 0 88 89 90 0 0 76 
62200 93 87 0 83 87 87 2 0 78 
62300 91 80 0 87 87 84 0 0 73 
62400 90 84 5 85 83 78 0 0 65 
62500 96 77 0 91 96 83 0 0 75 
62600 92 79 0 82 85 80 4 0 68 
62700 86 74 5 85 82 73 2 0 66 
62800 96 80 0 85 94 88 1 0 79 
62900 92 80 0 83 89 76 2 0 71 
63000 89 85 2 85 87 81 1 0 74 
63100 87 85 0 82 87 82 2 0 69 
63200 92 90 0 87 91 89 1 0 82 
63300 86 68 0 69 78 74 0 0 54 
63400 88 69 2 74 81 79 4 0 57 
63500 91 78 1 82 87 82 3 0 72 
63600 87 81 1 83 89 78 0 0 72 
63700 90 81 1 82 86 82 2 0 71 
63800 98 86 0 88 92 88 2 0 83 
63900 91 86 0 88 89 84 0 0 72 
64000 92 81 0 83 90 83 0 0 76 
64100 91 79 2 89 86 87 1 0 70 
64200 94 80 0 85 87 83 0 0 71 
64300 89 71 0 79 80 78 0 0 69 
64400 91 67 0 81 87 77 4 0 67 
64500 90 80 2 81 83 78 3 0 72 
64600 94 84 0 88 85 86 3 0 74 
64700 92 85 2 90 91 79 2 0 79 
64800 92 85 1 79 88 82 2 0 72 
64900 88 73 2 76 80 71 0 0 68 
65000 92 94 0 93 96 94 0 0 84 
65100 93 86 1 89 85 89 0 0 80 
65200 94 92 1 91 92 88 0 0 78 
65300 91 88 1 86 90 88 0 0 79 
65400 99 85 0 86 89 84 3 0 78 
65500 94 88 1 86 87 87 2 0 68 
65600 93 81 0 84 90 88 4 0 73 
65700 93 90 2 91 91 91 0 0 79 
65800 86 78 5 81 81 76 3 0 61 
65900 94 87 1 91 89 89 2 0 79 
66000 93 82 0 86 90 80 3 0 69 
66100 94 87 2 88 89 84 1 0 77 
66200 96 84 0 86 90 86 3 0 68 
66300 95 73 0 86 94 87 0 0 76 
66400 99 92 2 94 95 94 0 0 88 
66500 94 75 1 81 84 78 2 0 73 
66600 98 84 0 90 88 87 1 0 71 
66700 90 84 0 83 87 79 0 0 77 
66800 89 76 0 87 84 81 0 0 74 
66900 98 83 1 88 96 88 1 0 78 
67000 86 75 5 84 79 77 0 0 64 
67100 91 82 0 87 90 85 0 0 80 
67200 88 74 2 71 72 71 1 0 65 
67300 92 85 4 87 88 80 0 0 77 
67400 94 78 0 80 84 81 6 0 77 
67500 94 84 0 91 88 86 1 0 89 
67600 95 85 0 88 95 87 1 0 76 
67700 95 85 0 95 96 96 0 0 91 
67800 79 77 2 79 75 77 3 0 72 
67900 89 80 3 83 82 76 2 0 79 
68000 92 78 0 82 85 82 2 0 78 
68100 97 92 0 90 94 91 2 0 88 
68200 93 89 0 92 92 85 1 0 85 
68300 86 84 0 85 84 81 0 0 79 
68400 96 86 2 85 91 83 0 0 76 
68500 94 88 0 91 93 86 2 0 79 
68600 95 83 2 81 90 78 0 0 74 
68700 96 89 0 90 91 87 2 0 76 
68800 95 81 0 87 88 80 2 0 72 
68900 89 74 1 81 82 75 0 0 69 
69000 94 80 1 90 88 86 0 0 75 
69100 93 78 1 83 89 83 2 0 78 
69200 96 87 0 88 91 89 1 0 80 
69300 96 84 0 89 90 86 0 0 79 
69400 95 84 0 88 86 85 2 0 68 
69500 91 88 0 93 84 85 1 0 79 
69600 98 92 1 96 93 89 0 0 87 
69700 97 83 0 87 88 86 6 0 78 
69800 94 92 0 91 94 90 0 0 79 
69900 92 88 0 90 89 88 3 0 75 
70000 92 83 2 85 86 84 4 0 77 
70100 95 78 0 86 89 86 0 0 74 
70200 85 76 2 91 91 79 0 0 72 
70300 90 87 4 91 90 89 1 0 77 
70400 90 92 0 93 92 85 1 0 83 
70500 92 80 0 85 89 82 0 0 74 
70600 97 86 0 91 93 93 1 0 85 
70700 100 92 0 94 94 93 0 0 78 
70800 97 85 1 86 85 80 1 0 65 
70900 98 85 2 95 98 96 0 0 82 
71000 90 74 2 89 86 82 0 0 72 
71100 95 78 0 82 86 77 4 0 74 
71200 92 84 0 89 88 84 1 0 77 
71300 93 82 0 88 91 84 1 0 77 
71400 91 79 3 80 82 81 2 0 70 
71500 94 89 1 92 92 84 1 0 84 
71600 94 83 0 90 91 82 3 0 82 
71700 96 87 0 95 97 91 0 0 81 
71800 96 93 3 92 90 91 0 0 89 
71900 95 89 2 89 91 86 2 0 77 
72000 95 88 0 88 89 88 0 0 79 
72100 95 82 0 83 83 82 2 0 74 
72200 95 82 1 92 94 90 0 0 81 
72300 99 87 1 87 88 85 4 0 77 
72400 93 89 0 87 95 93 0 0 82 
72500 92 81 1 88 90 83 0 0 79 
72600 93 89 0 93 94 93 0 0 78 
72700 99 88 0 90 92 85 1 0 79 
72800 100 90 0 92 93 90 2 0 87 
72900 92 80 0 86 88 84 0 0 79 
73000 96 82 0 85 84 85 0 0 71 
73100 96 86 0 87 88 85 1 0 80 
73200 96 74 0 80 87 79 1 0 64 
73300 93 77 0 85 91 79 0 0 68 
73400 93 94 0 91 96 92 0 0 85 
73500 93 86 0 88 92 91 3 0 84 
73600 94 76 0 80 87 84 2 0 71 
73700 95 85 0 84 86 86 2 0 73 
73800 92 75 3 82 82 76 2 1 64 
73900 90 75 0 75 84 74 3 0 67 
74000 95 85 1 81 86 88 0 0 74 
74100 92 76 2 82 81 78 0 0 73 
74200 100 92 0 93 95 92 1 0 77 
74300 94 86 0 89 86 82 3 0 81 
74400 98 86 1 88 94 88 1 0 78 
74500 90 82 0 93 90 87 3 0 77 
74600 95 82 2 86 84 79 2 0 73 
74700 94 82 1 82 89 81 2 0 71 
74800 89 81 5 88 83 82 2 0 67 
74900 88 78 0 84 89 84 1 0 76 
75000 91 66 0 88 90 85 2 0 77 
75100 91 65 2 86 90 87 0 0 77 
75200 93 86 0 86 89 84 1 0 77 
75300 96 73 3 80 83 74 2 0 69 
75400 93 81 0 85 86 82 3 0 72 
75500 92 76 0 76 86 82 5 0 74 
75600 93 86 1 88 88 88 0 0 75 
75700 91 78 2 80 81 74 3 0 71 
75800 95 69 0 83 84 80 2 0 68 
75900 93 81 0 82 85 80 0 0 73 
76000 92 78 2 85 81 76 1 0 70 
76100 98 88 0 87 92 87 0 0 74 
76200 93 78 1 88 83 81 2 0 73 
76300 86 78 0 86 83 74 6 0 73 
76400 92 79 1 88 84 82 0 0 64 
76500 94 94 0 91 92 94 1 0 84 
76600 88 76 0 81 82 78 1 0 67 
76700 91 87 0 86 89 88 4 0 82 
76800 94 85 1 88 87 85 0 0 79 
76900 93 80 0 88 88 83 0 0 76 
77000 95 85 1 87 83 76 0 0 79 
77100 98 79 0 86 88 86 2 0 75 
77200 92 75 0 80 87 78 2 0 70 
77300 93 85 0 90 93 85 0 0 79 
77400 89 75 0 82 85 78 1 0 71 
77500 97 80 0 90 90 83 1 0 86 
77600 94 79 0 87 89 87 0 0 68 
77700 86 74 0 73 78 76 3 0 71 
77800 89 89 2 88 88 84 5 0 81 
77900 92 76 3 85 84 80 3 0 73 
78000 85 83 0 81 87 82 2 0 72 
78100 98 72 0 85 80 75 8 0 72 
78200 94 73 4 81 92 87 1 0 66 
78300 91 73 2 83 88 79 0 0 70 
78400 91 84 2 86 89 84 2 0 74 
78500 96 86 0 87 83 87 2 0 80 
78600 89 81 1 80 83 81 2 0 75 
78700 90 79 0 80 81 78 3 0 68 
78800 91 79 2 86 86 80 1 0 75 
78900 92 88 3 90 91 86 0 0 84 
79000 90 83 1 86 85 79 5 0 72 
79100 89 77 1 87 85 77 0 0 69 
79200 93 83 3 85 89 83 0 0 71 
79300 93 86 1 90 89 86 0 0 66 
79400 91 66 0 71 77 74 5 0 63 
79500 97 71 0 85 85 81 2 0 67 
79600 89 87 1 92 93 87 2 0 82 
79700 94 82 0 84 79 81 3 0 73 
79800 94 78 0 85 87 78 3 0 65 
79900 97 80 0 87 91 84 5 0 76 
80000 100 93 0 92 94 95 0 0 86 
80100 95 82 0 85 93 77 2 0 69 
80200 93 86 0 89 88 88 1 0 79 
80300 91 83 3 84 87 83 2 0 73 
80400 79 81 1 85 89 82 1 0 69 
80500 87 82 1 90 89 88 3 0 79 
80600 90 78 1 86 81 75 3 0 70 
80700 96 84 1 90 91 83 1 0 76 
80800 96 80 0 86 87 78 2 0 72 
80900 98 85 0 89 90 88 3 0 81 
81000 92 82 0 86 86 85 1 0 77 
81100 93 78 0 85 85 76 4 0 70 
81200 83 76 1 83 79 74 1 0 68 
81300 97 86 1 84 90 85 3 0 74 
81400 97 86 0 83 88 85 0 0 80 
81500 99 82 3 88 80 77 1 0 71 
81600 93 87 4 92 83 81 1 0 67 
81700 96 87 0 91 96 90 0 0 84 
81800 94 75 2 86 83 78 1 0 66 
81900 98 91 2 83 91 84 0 0 74 
82000 95 91 1 90 92 86 0 0 82 
82100 94 87 0 87 87 83 2 0 81 
82200 96 85 2 85 87 84 3 0 80 
82300 99 79 0 90 92 90 1 0 79 
82400 95 73 0 81 82 77 2 0 68 
82500 94 87 2 90 88 85 1 0 76 
82600 99 84 0 93 89 84 1 0 83 
82700 93 84 1 85 85 81 1 0 78 
82800 98 83 0 84 96 88 0 0 72 
82900 96 88 1 84 91 84 1 0 80 
83000 99 89 0 90 93 85 0 0 80 
83100 98 87 1 90 90 90 0 0 80 
83200 94 78 2 81 85 78 3 0 65 
83300 96 79 0 84 86 82 0 0 74 
83400 95 83 0 86 86 86 0 0 68 
83500 82 77 2 77 82 80 1 0 70 
83600 94 86 0 85 91 87 2 0 77 
83700 97 83 2 88 87 89 1 0 80 
83800 88 78 0 82 87 86 2 0 70 
83900 94 85 0 89 88 91 3 0 81 
84000 95 75 4 86 84 78 0 0 73 
