# Avida tasks data
# Mon Apr 10 12:09:48 2023
# First column gives the current update, next columns give the number
# of organisms that have the particular task as a component of their merit
#  1: Update
#  2: Not
#  3: Nand
#  4: And
#  5: OrNot
#  6: Or
#  7: AndNot
#  8: Nor
#  9: Xor
# 10: Equals

0 0 0 0 0 0 0 0 0 0 
100 0 0 0 0 0 0 0 0 0 
200 0 0 0 0 0 0 0 0 0 
300 0 0 0 0 0 0 0 0 0 
400 0 0 0 0 0 0 0 0 0 
500 0 0 0 0 0 0 0 0 0 
600 0 0 0 0 0 0 0 0 0 
700 0 0 0 0 0 0 0 0 0 
800 0 0 0 0 0 0 0 0 0 
900 0 0 0 0 0 0 0 0 0 
1000 0 0 0 0 0 0 0 0 0 
1100 0 0 0 0 0 0 0 0 0 
1200 0 0 0 0 0 0 0 0 0 
1300 0 0 0 0 0 0 0 0 0 
1400 0 0 0 0 0 0 0 0 0 
1500 0 0 0 0 0 0 0 0 0 
1600 0 0 0 0 0 0 0 0 0 
1700 0 0 0 0 0 0 0 0 0 
1800 0 0 0 0 0 0 0 0 0 
1900 0 0 0 0 0 0 0 0 0 
2000 0 0 0 0 0 0 0 0 0 
2100 0 0 0 0 0 0 0 0 0 
2200 0 0 0 0 0 0 0 0 0 
2300 0 42 0 0 0 0 0 0 0 
2400 0 91 0 0 0 0 0 0 0 
2500 0 94 0 0 0 0 0 0 0 
2600 0 93 0 0 0 0 0 0 0 
2700 0 87 0 0 0 0 0 0 0 
2800 0 98 0 0 0 0 0 0 0 
2900 0 91 0 0 0 0 0 0 0 
3000 0 91 0 0 0 0 0 0 0 
3100 4 84 0 0 0 0 0 0 0 
3200 6 89 0 0 0 0 0 0 0 
3300 14 81 0 0 0 0 0 0 0 
3400 3 92 0 0 0 0 0 0 0 
3500 0 94 0 0 0 0 0 0 0 
3600 0 93 0 0 0 0 0 0 0 
3700 0 89 0 0 0 0 0 0 0 
3800 1 93 0 0 0 0 0 0 0 
3900 1 95 0 0 0 0 0 0 0 
4000 7 89 0 0 0 0 0 0 0 
4100 0 87 0 0 0 0 0 0 0 
4200 0 97 0 0 0 0 0 0 0 
4300 0 91 0 0 0 0 0 0 0 
4400 2 96 0 0 0 0 0 0 0 
4500 2 97 0 0 0 0 0 0 0 
4600 3 96 0 26 0 0 0 0 0 
4700 1 92 0 85 0 0 0 0 0 
4800 0 93 0 93 0 0 0 0 0 
4900 1 98 0 98 0 0 0 0 0 
5000 1 92 0 97 0 0 0 0 0 
5100 0 96 0 91 0 0 0 0 0 
5200 2 92 0 94 0 0 0 0 0 
5300 0 91 0 91 0 0 0 0 0 
5400 0 95 0 93 0 0 0 0 0 
5500 0 95 0 95 0 0 0 0 0 
5600 0 98 0 98 0 0 0 0 0 
5700 4 92 0 89 0 0 0 0 0 
5800 0 97 0 92 0 0 0 0 0 
5900 0 96 0 97 0 0 0 0 0 
6000 7 91 0 92 0 0 0 0 0 
6100 7 87 0 87 0 0 0 0 0 
6200 3 88 0 91 0 0 0 0 0 
6300 1 92 0 95 0 0 0 0 0 
6400 0 95 0 94 0 0 0 0 0 
6500 3 91 0 95 0 0 0 0 0 
6600 0 96 0 95 0 0 0 0 0 
6700 5 91 0 89 0 0 0 0 0 
6800 3 89 0 92 0 0 0 0 0 
6900 4 94 0 93 0 0 0 0 0 
7000 4 93 0 91 0 61 0 0 0 
7100 2 91 1 93 0 92 0 0 0 
7200 0 96 0 97 0 93 0 0 0 
7300 4 95 0 95 0 88 0 0 0 
7400 0 99 0 95 0 96 0 0 0 
7500 0 94 0 96 0 89 0 0 0 
7600 0 93 0 97 0 94 0 0 0 
7700 1 92 0 93 0 94 0 0 0 
7800 2 95 0 95 0 89 0 0 0 
7900 2 93 0 91 0 91 0 0 0 
8000 1 96 0 93 0 89 0 0 0 
8100 0 95 0 95 0 97 0 0 0 
8200 0 95 0 95 0 95 0 0 0 
8300 0 96 0 92 0 92 0 0 0 
8400 0 94 3 93 0 90 0 0 0 
8500 2 96 0 96 0 89 0 0 0 
8600 0 95 2 96 0 92 0 0 0 
8700 0 99 0 97 0 94 0 0 0 
8800 0 96 0 98 0 93 0 0 0 
8900 0 92 0 90 0 94 0 0 0 
9000 4 93 0 92 0 91 0 0 0 
9100 1 98 4 96 0 91 0 0 0 
9200 1 95 0 94 0 93 0 0 0 
9300 2 92 0 93 0 91 0 0 0 
9400 5 92 2 87 0 89 0 0 0 
9500 0 95 0 97 0 88 0 0 0 
9600 2 91 0 92 0 94 1 0 0 
9700 4 89 0 86 0 90 0 0 0 
9800 0 98 0 94 0 91 0 0 0 
9900 1 92 1 92 0 93 0 0 0 
10000 2 96 0 95 0 92 0 0 0 
10100 0 98 0 97 0 96 0 0 0 
10200 0 99 0 98 0 92 0 0 0 
10300 1 95 0 97 0 84 0 0 0 
10400 0 98 0 100 0 90 0 0 0 
10500 0 95 0 96 0 91 0 0 0 
10600 0 95 0 92 0 91 0 0 0 
10700 0 95 0 91 0 97 0 0 0 
10800 5 95 3 93 0 91 0 0 0 
10900 1 95 0 88 0 89 0 0 0 
11000 3 91 0 88 0 95 0 0 0 
11100 2 93 0 97 0 88 0 0 0 
11200 0 95 0 91 0 88 0 0 0 
11300 2 94 0 93 0 95 0 0 0 
11400 1 95 0 93 0 89 0 0 0 
11500 2 94 4 95 0 91 0 0 0 
11600 0 94 0 90 0 87 0 0 0 
11700 5 90 0 88 0 96 0 0 0 
11800 2 92 0 91 0 83 0 0 0 
11900 40 91 0 95 0 87 0 0 0 
12000 90 97 0 98 0 97 0 0 0 
12100 91 99 0 96 0 93 0 0 0 
12200 93 94 0 91 1 93 0 0 0 
12300 92 99 0 95 0 94 0 0 0 
12400 92 90 0 87 0 93 0 0 0 
12500 95 95 0 94 1 89 0 0 0 
12600 99 98 3 93 0 91 0 0 0 
12700 99 95 4 95 0 90 0 0 0 
12800 99 93 0 95 0 94 0 0 0 
12900 94 96 3 95 0 92 0 0 0 
13000 98 99 0 93 0 92 1 0 0 
13100 96 95 0 97 0 94 0 0 0 
13200 93 96 0 94 0 89 2 0 0 
13300 95 100 0 91 0 96 0 0 0 
13400 93 95 0 95 1 99 0 0 0 
13500 97 94 0 90 0 86 0 0 0 
13600 98 96 0 93 0 96 0 0 0 
13700 96 98 0 98 0 94 0 0 0 
13800 88 96 0 98 2 87 0 0 0 
13900 98 96 0 95 0 93 1 0 0 
14000 100 97 2 97 0 92 0 0 0 
14100 96 99 0 96 0 93 0 0 0 
14200 97 99 0 98 0 96 0 0 0 
14300 96 99 0 96 0 88 0 0 0 
14400 92 97 0 99 2 89 0 0 0 
14500 98 98 0 90 0 89 0 0 0 
14600 96 96 0 95 2 93 0 0 0 
14700 96 99 0 94 0 94 0 0 0 
14800 93 98 0 95 0 96 0 0 0 
14900 98 98 0 96 2 95 0 0 0 
15000 88 93 0 84 1 90 1 0 0 
15100 94 96 0 93 0 95 0 0 0 
15200 95 93 0 94 0 92 0 0 0 
15300 100 96 0 92 0 91 0 0 0 
15400 95 96 0 93 0 89 0 0 0 
15500 99 96 4 87 0 92 0 0 0 
15600 93 91 0 85 0 88 0 0 0 
15700 100 97 0 97 0 93 0 0 0 
15800 95 90 0 87 0 90 0 0 0 
15900 96 97 0 93 0 95 0 0 0 
16000 99 97 0 95 0 89 0 0 0 
16100 99 98 0 93 0 91 0 0 0 
16200 99 96 0 98 0 91 0 0 0 
16300 98 93 0 91 0 95 0 0 0 
16400 99 99 0 99 0 90 0 0 0 
16500 98 97 0 97 0 94 0 0 0 
16600 97 91 0 91 2 96 0 0 0 
16700 97 93 2 87 0 89 0 0 0 
16800 96 94 0 93 0 96 0 0 0 
16900 92 96 0 93 0 91 0 0 0 
17000 100 98 0 98 0 87 0 0 0 
17100 92 97 0 90 0 91 0 0 0 
17200 98 95 0 94 0 91 0 0 0 
17300 98 97 0 92 0 89 1 0 0 
17400 98 98 0 90 0 90 2 0 0 
17500 100 97 1 94 0 94 0 0 0 
17600 98 93 2 89 0 85 0 0 0 
17700 97 95 0 94 0 89 2 0 0 
17800 98 93 0 90 0 88 0 0 0 
17900 94 95 2 88 0 85 0 0 0 
18000 93 95 0 91 0 97 0 0 0 
18100 96 95 0 94 0 97 0 0 0 
18200 100 95 0 89 0 93 0 0 0 
18300 93 98 0 97 0 88 0 0 0 
18400 97 93 0 92 0 88 0 0 0 
18500 94 96 0 93 0 93 0 0 0 
18600 95 89 0 86 0 88 2 0 0 
18700 97 97 0 96 0 100 0 0 0 
18800 96 93 0 92 0 85 0 0 0 
18900 96 95 0 97 0 94 0 0 0 
19000 100 95 1 92 0 87 2 0 0 
19100 96 91 0 85 2 83 3 0 0 
19200 95 96 0 87 0 90 2 0 0 
19300 96 97 0 97 0 91 0 0 0 
19400 86 95 0 91 0 87 0 0 0 
19500 89 88 0 86 0 91 0 0 0 
19600 92 96 0 91 0 96 0 0 0 
19700 97 95 0 92 0 100 0 0 0 
19800 94 96 0 92 0 89 0 0 0 
19900 95 93 2 90 0 87 1 0 0 
20000 94 91 0 88 0 95 0 0 0 
20100 91 93 0 94 0 95 0 0 0 
20200 97 96 0 92 0 95 2 0 0 
20300 96 95 0 95 0 96 0 0 0 
20400 94 100 2 100 0 92 0 0 0 
20500 98 96 2 95 0 90 0 0 0 
20600 97 96 0 96 0 93 0 0 0 
20700 93 91 0 94 0 92 0 0 0 
20800 96 92 0 87 0 90 2 0 0 
20900 96 100 0 96 0 99 0 0 0 
21000 97 96 0 97 0 91 0 0 0 
21100 99 97 0 91 0 84 3 0 0 
21200 96 96 0 88 0 94 4 0 0 
21300 97 96 0 95 0 78 0 0 0 
21400 92 97 0 92 0 90 0 0 0 
21500 100 96 1 94 0 83 0 0 0 
21600 95 91 0 92 0 90 0 0 0 
21700 98 90 1 96 0 88 0 0 0 
21800 96 97 0 95 0 97 0 0 0 
21900 97 94 0 94 0 96 0 0 0 
22000 98 96 0 96 0 97 0 0 0 
22100 96 96 0 95 0 89 1 0 0 
22200 97 98 0 94 0 96 0 0 0 
22300 96 99 0 97 0 90 0 0 0 
22400 97 86 0 89 0 95 0 0 0 
22500 98 93 0 95 0 93 0 0 0 
22600 98 96 0 93 0 95 0 0 0 
22700 97 90 0 91 0 95 0 0 0 
22800 99 96 0 98 0 99 0 0 0 
22900 96 93 1 95 0 95 0 0 0 
23000 96 95 0 91 0 92 0 0 0 
23100 95 99 1 95 0 95 0 0 0 
23200 96 90 0 89 1 92 0 0 0 
23300 94 91 0 88 0 95 0 0 0 
23400 89 91 0 92 0 84 0 0 0 
23500 99 91 0 94 0 93 0 0 0 
23600 95 91 0 93 0 94 0 0 0 
23700 94 91 2 90 0 94 1 0 0 
23800 96 93 0 94 0 93 0 0 0 
23900 94 88 0 89 0 95 0 0 0 
24000 98 96 2 90 0 89 0 0 0 
24100 94 95 0 95 0 97 0 0 0 
24200 97 90 0 94 0 90 0 0 0 
24300 98 89 4 94 0 92 0 0 0 
24400 98 95 2 97 0 94 0 0 0 
24500 99 89 2 90 0 90 0 0 0 
24600 93 95 2 96 0 95 0 0 0 
24700 92 93 0 91 0 90 0 0 0 
24800 95 92 0 94 0 89 0 0 0 
24900 100 99 2 96 0 93 0 0 0 
25000 97 93 3 94 0 93 0 0 0 
25100 97 93 0 93 0 94 0 0 0 
25200 97 97 2 100 0 95 0 0 0 
25300 93 94 0 88 0 90 0 0 0 
25400 95 99 2 95 0 96 0 0 0 
25500 96 95 0 96 0 94 0 0 0 
25600 94 100 0 95 0 95 0 0 0 
25700 92 94 2 91 0 85 0 0 0 
25800 95 96 2 94 0 89 0 0 0 
25900 95 95 0 95 0 92 0 0 0 
26000 96 95 50 92 0 91 0 0 0 
26100 90 87 76 89 0 86 0 0 0 
26200 97 92 88 92 0 87 0 0 0 
26300 95 92 79 92 0 87 0 0 0 
26400 96 96 92 96 0 97 0 0 0 
26500 97 97 87 97 0 93 0 0 0 
26600 97 92 87 96 0 84 0 0 0 
26700 98 93 82 92 0 93 0 0 0 
26800 94 95 80 93 0 82 0 0 0 
26900 95 94 85 96 0 90 0 0 0 
27000 91 95 77 89 0 84 0 0 0 
27100 96 96 90 95 0 91 0 0 0 
27200 96 98 83 93 0 85 0 0 0 
27300 98 96 84 97 0 93 0 0 0 
27400 97 91 78 95 0 85 0 0 0 
27500 97 98 91 97 0 87 0 0 0 
27600 96 96 87 95 0 88 0 0 0 
27700 97 96 85 92 0 88 0 0 0 
27800 95 98 76 93 1 84 0 0 0 
27900 91 86 79 95 4 87 0 0 0 
28000 93 98 89 98 1 96 1 0 0 
28100 97 95 84 94 0 82 0 0 0 
28200 99 99 88 96 0 93 0 0 0 
28300 98 97 92 99 0 92 0 0 0 
28400 95 94 91 92 0 92 0 0 0 
28500 94 94 81 93 0 83 0 0 0 
28600 91 91 81 90 0 85 0 0 0 
28700 96 94 84 96 0 85 0 0 0 
28800 96 97 95 96 0 96 0 0 0 
28900 92 96 80 95 0 84 0 0 0 
29000 97 93 80 89 0 79 2 0 0 
29100 93 93 84 94 0 89 1 0 0 
29200 97 93 91 96 0 91 0 0 0 
29300 98 97 93 100 0 94 0 0 0 
29400 96 96 90 87 0 92 0 0 0 
29500 96 95 86 98 2 91 0 0 0 
29600 98 90 86 96 0 94 0 0 0 
29700 97 90 87 95 0 93 0 0 0 
29800 88 93 81 93 0 89 0 0 0 
29900 100 100 82 98 0 89 0 0 0 
30000 93 93 84 94 0 89 0 0 0 
30100 97 97 81 95 0 90 0 0 0 
30200 98 97 84 98 0 91 0 0 0 
30300 99 97 84 97 0 88 0 0 0 
30400 99 97 83 96 0 95 0 0 0 
30500 89 94 83 93 0 88 0 0 0 
30600 94 91 73 93 0 86 0 0 0 
30700 99 95 70 94 0 83 0 0 0 
30800 93 93 87 86 0 86 0 0 0 
30900 97 89 75 82 0 82 0 0 0 
31000 98 99 92 98 0 99 0 0 0 
31100 98 97 93 97 0 95 0 0 0 
31200 95 93 89 97 0 91 0 0 0 
31300 96 98 90 95 0 92 0 0 0 
31400 96 92 87 91 0 89 0 0 0 
31500 94 97 83 91 0 88 0 0 0 
31600 92 94 87 92 0 90 0 0 0 
31700 96 94 81 96 0 89 2 0 0 
31800 96 98 94 96 0 96 0 0 0 
31900 95 95 82 94 0 92 0 0 0 
32000 86 90 77 90 0 81 0 0 0 
32100 98 91 79 92 0 88 0 0 0 
32200 97 98 92 99 0 93 0 0 0 
32300 96 99 89 95 0 93 0 0 0 
32400 96 96 87 97 0 94 0 0 0 
32500 96 96 76 95 0 88 0 0 0 
32600 92 93 87 94 0 90 0 0 0 
32700 92 91 81 92 0 82 0 0 0 
32800 93 86 82 88 0 84 0 0 0 
32900 98 95 84 98 0 92 0 0 0 
33000 96 92 81 91 0 83 0 0 0 
33100 97 95 85 97 0 91 0 0 0 
33200 97 87 87 95 0 84 0 0 0 
33300 100 100 88 100 0 96 0 0 0 
33400 97 94 86 91 0 92 0 0 0 
33500 88 93 82 93 0 89 0 0 0 
33600 95 99 85 94 0 89 0 0 0 
33700 93 96 90 89 0 92 0 0 0 
33800 95 98 85 97 0 90 0 0 0 
33900 97 94 80 96 0 86 0 0 0 
34000 98 97 82 93 0 90 0 0 0 
34100 97 96 91 93 0 91 0 0 0 
34200 93 93 85 93 0 90 0 0 0 
34300 87 91 76 92 0 84 0 0 0 
34400 95 93 79 96 0 91 0 0 0 
34500 92 91 82 93 0 86 0 0 0 
34600 95 93 84 95 0 88 0 0 0 
34700 93 97 87 98 0 92 0 0 0 
34800 99 96 82 98 0 91 0 0 0 
34900 90 93 84 91 0 90 0 0 0 
35000 95 99 89 99 0 90 0 0 0 
35100 98 95 84 93 0 85 0 0 0 
35200 98 89 84 93 0 88 0 0 0 
35300 97 94 77 97 0 94 0 0 0 
35400 92 95 80 88 0 78 0 0 0 
35500 99 94 84 96 0 83 0 0 0 
35600 96 99 87 96 0 94 0 0 0 
35700 99 99 96 97 0 95 0 0 0 
35800 100 96 85 97 0 92 0 0 0 
35900 96 95 91 94 0 95 0 0 0 
36000 90 90 86 96 0 91 0 0 0 
36100 96 94 87 97 0 91 0 0 0 
36200 97 94 83 98 0 95 0 0 0 
36300 96 92 80 91 0 91 0 0 0 
36400 95 91 83 85 0 87 0 0 0 
36500 96 95 80 93 0 93 0 0 0 
36600 99 98 88 99 0 96 0 0 0 
36700 96 96 84 95 0 92 0 0 0 
36800 95 93 92 95 0 92 0 0 0 
36900 92 93 85 96 0 85 0 0 0 
37000 95 97 89 95 0 94 0 0 0 
37100 99 95 82 97 0 88 0 0 0 
37200 99 96 87 96 0 90 0 0 0 
37300 100 97 93 97 0 96 0 0 0 
37400 91 96 89 94 0 98 0 0 0 
37500 99 100 94 94 0 98 0 0 0 
37600 100 93 92 98 0 98 0 0 0 
37700 95 93 88 94 0 91 0 0 0 
37800 93 91 94 91 0 93 0 0 0 
37900 95 96 90 96 0 94 0 0 0 
38000 92 90 91 90 0 93 0 0 0 
38100 97 93 96 94 0 92 0 0 0 
38200 95 93 88 96 0 90 0 0 0 
38300 94 92 89 97 0 95 0 0 0 
38400 96 91 80 92 0 92 0 0 0 
38500 90 95 84 94 0 97 0 0 0 
38600 94 93 79 99 0 91 0 0 0 
38700 98 96 92 98 0 89 0 0 0 
38800 96 95 89 94 0 95 0 0 0 
38900 97 96 89 99 0 97 0 0 0 
39000 95 95 92 91 0 92 0 0 0 
39100 99 91 89 98 0 95 0 0 0 
39200 96 94 89 93 0 92 0 0 0 
39300 96 94 92 89 0 98 0 0 0 
39400 97 88 88 95 0 90 0 0 0 
39500 95 97 95 97 0 96 0 0 0 
39600 95 93 91 97 0 91 0 0 0 
39700 97 97 95 94 0 90 0 0 0 
39800 95 95 88 97 0 91 0 0 0 
39900 95 89 87 96 0 83 0 0 0 
40000 95 96 89 97 0 97 0 0 0 
40100 92 96 96 98 0 93 0 0 0 
40200 99 99 92 95 0 96 0 0 0 
40300 94 95 85 91 0 98 0 0 0 
40400 94 96 94 96 0 94 0 0 0 
40500 95 91 88 93 0 90 0 0 0 
40600 94 97 89 98 0 93 0 0 0 
40700 94 89 87 98 0 91 0 0 0 
40800 91 92 92 86 0 94 0 0 0 
40900 96 95 89 94 0 90 0 0 0 
41000 92 95 87 92 0 98 0 0 0 
41100 96 94 89 87 0 95 0 0 0 
41200 97 95 94 98 0 96 0 0 0 
41300 98 92 89 94 0 96 0 0 0 
41400 95 88 90 93 0 91 0 0 0 
41500 94 95 87 98 0 96 0 0 0 
41600 96 88 91 93 0 94 0 0 0 
41700 96 95 87 93 0 94 0 0 0 
41800 94 90 87 95 0 93 0 0 0 
41900 91 90 85 95 0 95 0 0 0 
42000 95 91 75 98 0 91 0 0 0 
42100 95 96 89 95 0 95 0 0 0 
42200 96 95 95 98 0 87 0 0 0 
42300 95 94 93 96 0 96 0 0 0 
42400 93 96 90 97 0 93 0 0 0 
42500 87 90 79 89 0 90 0 0 0 
42600 95 88 86 96 0 96 0 0 0 
42700 92 92 91 96 0 93 0 0 0 
42800 95 94 91 95 0 92 0 0 0 
42900 93 96 92 89 0 95 0 0 0 
43000 96 92 90 94 0 90 0 0 0 
43100 94 97 91 94 0 93 0 0 0 
43200 97 93 92 98 0 93 0 0 0 
43300 95 90 91 93 0 94 0 0 0 
43400 97 94 89 92 0 90 0 0 0 
43500 91 95 94 94 0 94 0 0 0 
43600 96 93 94 91 0 96 0 0 0 
43700 88 93 85 92 0 94 0 0 0 
43800 95 90 91 99 0 90 0 0 0 
43900 96 88 86 94 0 88 0 0 0 
44000 94 94 91 92 0 90 0 0 0 
44100 97 88 87 99 0 93 0 0 0 
44200 95 94 82 93 0 96 0 0 0 
44300 95 88 87 88 0 95 0 0 0 
44400 94 95 89 92 0 91 0 0 0 
44500 98 88 85 100 0 94 0 0 0 
44600 91 93 90 92 0 96 0 0 0 
44700 90 89 94 93 0 95 0 0 0 
44800 88 91 90 90 0 88 0 0 0 
44900 93 97 90 97 0 91 0 0 0 
45000 92 89 89 92 0 85 0 0 0 
45100 94 97 94 98 0 97 0 0 0 
45200 97 96 89 97 0 94 0 0 0 
45300 93 94 90 94 0 89 0 0 0 
45400 92 92 91 93 0 94 0 0 0 
45500 91 89 90 91 0 93 0 0 0 
45600 91 93 88 94 0 90 0 0 0 
45700 93 94 86 94 0 97 0 0 0 
45800 93 95 91 90 0 96 0 0 0 
45900 93 98 91 97 0 94 0 0 0 
46000 95 91 85 98 0 91 0 0 0 
46100 99 95 89 89 0 96 0 0 0 
46200 97 93 92 96 0 95 0 0 0 
46300 94 90 86 98 0 89 0 0 0 
46400 91 88 88 88 0 92 0 0 0 
46500 95 86 83 94 0 89 0 0 0 
46600 94 90 85 97 0 90 0 0 0 
46700 86 97 95 88 0 92 0 0 0 
46800 92 92 93 95 0 94 0 0 0 
46900 97 91 88 97 0 90 0 0 0 
47000 90 95 92 93 0 95 0 0 0 
47100 90 91 80 91 0 91 0 0 0 
47200 92 92 85 98 0 89 0 0 0 
47300 92 95 92 97 0 92 0 0 0 
47400 92 88 90 95 0 91 0 0 0 
47500 93 96 96 92 0 93 0 0 0 
47600 92 92 87 93 0 95 0 0 0 
47700 91 87 85 94 0 92 0 0 0 
47800 97 86 80 95 0 91 0 0 0 
47900 93 92 86 88 0 97 0 0 0 
48000 94 95 90 92 0 91 0 0 0 
48100 91 92 84 94 0 87 0 0 0 
48200 89 95 92 94 0 93 0 0 0 
48300 97 91 90 95 0 94 0 0 0 
48400 99 92 90 97 0 95 0 0 0 
48500 94 95 91 94 0 92 0 0 0 
48600 94 81 78 97 0 80 0 0 0 
48700 86 94 93 95 0 95 0 0 0 
48800 96 97 92 95 0 97 0 0 0 
48900 91 98 93 94 0 97 0 0 0 
49000 94 95 91 92 0 96 0 0 0 
49100 98 95 88 97 0 96 0 0 0 
49200 93 94 79 95 0 91 0 0 0 
49300 95 95 84 93 0 95 0 0 0 
49400 98 89 80 92 0 90 0 0 0 
49500 91 93 87 92 0 98 0 0 0 
49600 93 96 85 99 0 93 0 0 0 
49700 92 91 86 93 0 87 0 0 0 
49800 99 96 90 97 0 93 0 0 0 
49900 89 93 87 89 0 93 0 0 0 
50000 94 92 86 98 0 94 0 0 0 
50100 89 94 91 87 0 89 0 0 0 
50200 94 95 90 93 0 96 0 0 0 
50300 97 99 94 96 0 98 0 0 0 
50400 96 93 93 95 0 93 0 0 0 
50500 95 87 85 94 0 94 0 0 0 
50600 96 97 93 96 0 98 0 0 0 
50700 97 91 90 91 0 91 0 0 0 
50800 91 94 91 91 0 92 0 0 0 
50900 96 94 88 93 0 94 0 0 0 
51000 97 89 84 99 0 91 0 0 0 
51100 93 98 91 91 0 96 0 0 0 
51200 93 95 91 93 0 93 0 0 0 
51300 95 91 83 96 0 91 0 0 0 
51400 96 94 91 94 0 97 0 0 0 
51500 91 94 92 94 0 88 0 0 0 
51600 95 98 89 92 0 95 0 0 0 
51700 85 93 87 88 0 92 0 0 0 
51800 95 86 87 97 0 92 0 0 0 
51900 96 89 89 92 0 90 0 0 0 
52000 93 94 90 96 0 93 0 0 0 
52100 97 95 91 97 0 96 0 0 0 
52200 90 91 86 92 0 91 0 0 0 
52300 92 95 89 94 0 93 0 0 0 
52400 97 93 85 96 0 93 0 0 0 
52500 98 89 76 94 0 92 0 0 0 
52600 94 94 92 91 0 98 0 0 0 
52700 92 97 97 96 0 92 0 0 0 
52800 94 96 91 93 0 92 0 0 0 
52900 93 96 84 95 0 97 0 0 0 
53000 89 99 94 95 0 94 0 0 0 
53100 91 94 89 89 0 95 0 0 0 
53200 93 93 90 94 0 94 0 0 0 
53300 96 94 87 98 0 90 0 0 0 
53400 95 94 84 91 0 93 0 0 0 
53500 94 95 85 94 0 93 0 0 0 
53600 100 93 86 95 0 92 0 0 0 
53700 96 99 91 100 0 97 0 0 0 
53800 94 96 89 97 0 91 0 0 0 
53900 95 92 86 96 0 92 0 0 0 
54000 94 96 93 94 0 99 0 0 0 
54100 90 92 90 94 0 93 0 0 0 
54200 95 97 96 97 0 90 0 0 0 
54300 97 96 94 99 0 94 0 0 0 
54400 92 94 88 94 0 93 0 0 0 
54500 97 94 91 96 0 94 0 0 0 
54600 95 94 91 94 0 95 0 0 0 
54700 97 96 87 97 0 95 0 0 0 
54800 96 98 83 96 0 94 0 0 0 
54900 99 97 96 99 0 93 0 0 0 
55000 91 88 82 95 0 85 0 0 0 
55100 93 97 88 97 0 95 0 0 0 
55200 97 93 93 93 0 96 0 0 0 
55300 94 99 95 93 0 96 0 0 0 
55400 94 95 87 92 0 91 0 0 0 
55500 93 92 94 96 0 94 0 0 0 
55600 95 94 92 97 0 89 0 0 0 
55700 96 93 82 96 0 89 0 0 0 
55800 97 95 88 93 0 94 0 0 0 
55900 93 95 94 95 0 94 0 0 0 
56000 98 93 81 98 0 87 0 0 0 
56100 92 92 84 96 0 94 0 0 0 
56200 85 91 87 87 0 97 0 0 0 
56300 93 92 81 98 0 91 0 0 0 
56400 95 96 90 100 0 95 0 0 0 
56500 92 86 82 96 0 92 0 0 0 
56600 98 96 92 97 0 95 0 0 0 
56700 94 94 93 98 0 95 0 0 0 
56800 91 98 91 91 0 95 0 0 0 
56900 95 91 82 95 0 92 0 0 0 
57000 99 93 84 98 0 94 1 0 0 
57100 95 94 90 97 0 95 0 0 0 
57200 90 98 89 90 0 97 0 0 0 
57300 93 87 77 94 0 85 0 0 0 
57400 90 91 93 90 0 93 0 0 0 
57500 87 97 92 92 0 96 0 0 0 
57600 95 92 89 98 0 94 0 0 0 
57700 89 94 86 86 0 94 0 0 0 
57800 95 91 86 91 0 88 0 0 0 
57900 93 96 89 90 0 90 0 0 0 
58000 97 96 84 93 0 92 0 0 0 
58100 92 92 79 94 0 90 0 0 0 
58200 98 99 94 95 0 100 0 0 0 
58300 94 89 89 92 0 96 0 0 0 
58400 97 93 90 95 0 89 0 0 0 
58500 97 94 90 97 0 93 0 0 0 
58600 93 90 87 90 0 90 0 0 0 
58700 97 94 92 94 0 94 0 0 0 
58800 95 95 91 92 0 89 0 0 0 
58900 91 96 90 90 0 99 0 0 0 
59000 94 98 84 94 0 96 0 0 0 
59100 95 96 89 94 0 92 0 0 0 
59200 89 91 90 97 0 93 0 0 0 
59300 97 90 83 92 0 94 0 0 0 
59400 94 95 94 81 11 97 0 0 0 
59500 94 98 94 39 54 95 0 0 0 
59600 97 93 89 19 78 86 0 0 0 
59700 88 95 94 10 78 94 0 0 0 
59800 89 98 91 3 85 98 0 0 0 
59900 96 99 96 2 90 95 0 0 0 
60000 98 88 83 13 84 95 0 0 0 
60100 97 95 96 11 85 96 0 0 0 
60200 94 94 21 11 85 95 0 0 60 
60300 94 92 7 6 82 89 0 0 72 
60400 95 94 6 12 84 90 0 0 78 
60500 97 93 3 6 94 93 0 0 79 
60600 99 94 2 1 97 94 0 0 87 
60700 96 90 9 3 89 84 0 0 74 
60800 96 95 5 69 95 94 0 0 83 
60900 91 95 6 89 88 93 0 0 71 
61000 94 97 4 95 92 96 0 0 83 
61100 95 91 11 94 93 91 0 0 73 
61200 93 95 6 94 95 92 0 0 80 
61300 95 96 5 95 90 93 0 0 81 
61400 99 89 1 96 90 90 0 0 73 
61500 89 93 4 96 90 91 0 0 71 
61600 97 93 3 97 87 93 0 0 79 
61700 93 90 3 87 95 89 0 0 73 
61800 94 96 10 90 95 91 0 0 74 
61900 92 95 5 93 89 88 0 0 81 
62000 94 95 1 97 92 89 0 0 85 
62100 97 94 4 92 94 91 0 0 81 
62200 97 95 7 97 96 92 0 0 84 
62300 96 94 4 94 94 96 0 0 78 
62400 97 90 1 93 96 92 0 0 85 
62500 97 98 1 96 89 97 0 0 86 
62600 95 94 7 88 90 94 0 0 66 
62700 91 96 5 95 89 86 0 0 79 
62800 86 90 10 94 84 88 0 0 65 
62900 95 95 3 98 92 88 0 0 76 
63000 95 93 2 95 93 95 0 0 85 
63100 94 95 5 91 94 96 0 0 80 
63200 95 95 5 93 96 93 0 0 78 
63300 92 92 3 95 86 86 0 0 68 
63400 94 93 2 95 91 94 0 0 82 
63500 93 95 3 94 92 93 0 0 83 
63600 92 95 0 89 87 94 0 0 80 
63700 94 100 4 87 90 98 0 0 81 
63800 98 97 2 97 92 93 0 0 86 
63900 94 95 0 94 93 94 0 0 86 
64000 98 92 2 97 93 91 0 0 84 
64100 95 98 1 93 94 91 1 0 88 
64200 94 90 1 90 93 88 0 0 74 
64300 97 94 3 95 93 92 0 0 86 
64400 94 97 5 90 88 98 0 0 79 
64500 91 91 1 90 92 88 0 0 79 
64600 96 95 4 94 97 87 0 0 85 
64700 94 93 2 98 96 93 1 0 89 
64800 91 92 6 93 88 89 0 0 78 
64900 96 91 3 93 97 90 0 0 81 
65000 94 86 2 93 90 86 0 0 80 
65100 90 89 2 94 95 93 0 0 79 
65200 92 92 2 95 96 83 0 0 81 
65300 93 88 3 89 94 88 0 0 74 
65400 93 88 7 91 90 89 0 0 73 
65500 94 91 2 92 91 95 0 0 81 
65600 91 96 0 94 92 97 0 0 86 
65700 98 98 4 93 95 94 0 0 84 
65800 94 91 8 90 93 90 0 0 73 
65900 98 93 1 96 95 89 0 0 84 
66000 93 89 1 96 95 89 0 0 69 
66100 89 94 0 92 92 95 0 0 86 
66200 95 90 0 93 92 95 0 0 78 
66300 95 90 2 95 95 89 0 0 81 
66400 96 96 1 95 93 95 0 0 82 
66500 95 92 7 92 96 80 0 0 80 
66600 93 97 5 92 95 98 0 0 83 
66700 95 96 2 93 95 91 0 0 84 
66800 97 93 2 95 92 92 0 0 85 
66900 98 93 3 96 98 100 0 0 84 
67000 95 90 7 89 89 94 0 0 79 
67100 92 86 1 94 93 92 2 0 84 
67200 94 98 2 88 85 94 0 0 83 
67300 96 95 5 92 92 91 0 0 74 
67400 97 91 1 91 97 92 0 0 81 
67500 86 90 4 90 87 87 0 0 68 
67600 93 93 0 95 97 95 0 0 84 
67700 95 97 3 93 90 91 0 0 79 
67800 92 98 3 91 84 91 0 0 72 
67900 96 95 2 94 92 95 0 0 89 
68000 94 96 1 96 92 95 0 0 82 
68100 96 98 3 91 91 93 0 0 82 
68200 95 94 1 90 94 92 0 0 82 
68300 97 91 4 91 89 95 0 0 80 
68400 95 92 1 93 94 89 0 0 80 
68500 93 92 2 90 96 93 0 0 78 
68600 97 95 4 95 97 95 0 0 81 
68700 93 89 4 91 90 89 0 0 70 
68800 93 83 0 95 97 91 0 0 69 
68900 95 95 1 93 94 97 0 0 87 
69000 94 93 2 93 97 86 1 0 81 
69100 97 99 2 97 99 92 0 0 85 
69200 96 91 2 96 93 92 0 0 77 
69300 97 93 3 96 95 90 0 0 86 
69400 98 94 0 97 95 97 0 0 92 
69500 96 96 2 97 93 95 0 0 85 
69600 95 89 5 97 93 93 0 0 82 
69700 95 91 1 90 92 91 0 0 77 
69800 94 89 2 90 91 91 0 0 83 
69900 99 94 0 99 98 95 0 0 88 
70000 91 94 4 90 93 94 0 0 78 
70100 92 93 7 90 88 91 0 0 75 
70200 98 96 2 95 94 98 0 0 85 
70300 94 90 0 97 95 95 0 0 90 
70400 94 98 0 96 91 98 0 0 84 
70500 90 87 0 94 90 86 0 0 70 
70600 97 94 3 90 91 91 0 0 81 
70700 94 91 0 90 90 91 0 0 75 
70800 93 87 5 85 88 88 0 0 73 
70900 98 92 2 95 92 91 0 0 78 
71000 93 87 2 92 90 88 0 0 78 
71100 95 94 4 93 87 92 0 0 75 
71200 96 86 1 93 96 94 0 0 71 
71300 96 94 4 90 94 92 0 0 80 
71400 94 88 1 95 87 95 0 0 75 
71500 91 95 3 87 90 91 0 48 75 
71600 94 90 0 89 95 95 0 65 79 
71700 98 94 4 95 96 91 2 75 76 
71800 97 91 3 96 95 93 2 77 81 
71900 97 94 5 98 94 90 0 73 80 
72000 98 88 7 97 95 89 0 67 73 
72100 95 95 1 96 91 94 0 83 83 
72200 94 90 1 91 90 90 0 76 76 
72300 100 95 6 92 97 88 0 77 79 
72400 94 93 2 93 87 86 0 79 80 
72500 97 92 1 82 95 88 0 85 84 
72600 99 93 1 92 94 91 0 71 79 
72700 97 94 0 88 91 95 2 77 77 
72800 89 88 0 87 89 94 2 68 71 
72900 93 87 3 90 85 88 0 72 71 
73000 95 89 0 85 89 93 0 65 65 
73100 96 96 2 96 96 91 1 73 75 
73200 95 91 2 87 95 88 0 78 76 
73300 98 95 2 89 92 94 0 74 75 
73400 96 90 6 91 89 89 0 72 78 
73500 94 96 2 89 86 87 0 67 73 
73600 98 96 5 94 96 93 0 81 76 
73700 91 95 0 90 94 94 0 78 83 
73800 96 97 3 97 93 95 0 80 83 
73900 95 92 1 91 86 93 0 76 75 
74000 96 88 2 89 94 95 1 73 72 
74100 94 93 0 88 93 94 2 69 70 
74200 92 93 2 91 95 90 0 78 80 
74300 97 93 0 98 90 92 1 81 85 
74400 97 95 1 92 95 92 0 77 82 
74500 98 95 1 89 86 94 4 64 77 
74600 99 91 2 96 99 91 0 82 85 
74700 95 95 2 88 89 92 0 71 76 
74800 93 91 3 94 89 91 1 67 72 
74900 97 93 4 91 90 92 0 75 79 
75000 88 97 2 91 84 93 0 78 79 
75100 99 98 1 89 89 96 0 76 77 
75200 92 94 2 91 93 89 0 76 76 
75300 99 97 1 86 90 96 0 83 80 
75400 99 95 2 91 93 94 0 81 84 
75500 96 92 1 87 93 89 0 74 75 
75600 93 94 0 94 92 90 0 74 77 
75700 93 95 2 90 90 93 0 81 83 
75800 99 94 1 95 95 93 0 79 83 
75900 94 99 1 91 87 94 1 80 84 
76000 94 95 0 91 88 89 0 81 83 
76100 95 96 4 93 94 96 0 83 81 
76200 98 94 7 93 97 95 0 83 82 
76300 95 95 9 90 95 93 1 63 73 
76400 94 91 1 89 92 93 0 71 77 
76500 95 97 1 89 92 97 1 74 81 
76600 89 93 1 90 90 93 0 71 71 
76700 95 93 2 94 96 92 0 68 69 
76800 95 90 5 90 97 91 0 73 79 
76900 97 99 0 94 99 93 2 84 82 
77000 99 98 1 99 99 96 1 91 93 
77100 94 91 2 91 90 96 0 75 80 
77200 95 92 3 92 92 91 2 69 71 
77300 89 90 2 83 84 93 0 67 70 
77400 92 89 0 94 95 91 0 74 79 
77500 88 84 0 87 86 84 2 67 68 
77600 92 90 2 88 91 90 0 72 76 
77700 91 83 9 86 86 88 1 63 64 
77800 98 94 4 94 93 89 0 73 77 
77900 96 97 2 92 92 94 1 82 80 
78000 89 93 1 87 83 92 1 75 72 
78100 94 94 4 98 99 92 0 85 89 
78200 97 92 0 88 90 91 0 75 77 
78300 97 92 1 96 96 93 1 81 84 
78400 95 91 3 92 95 89 0 76 76 
78500 91 90 1 88 93 93 0 72 77 
78600 97 96 1 88 93 94 1 84 88 
78700 94 91 3 89 96 88 0 77 74 
78800 98 98 0 95 94 96 0 88 89 
78900 93 84 4 90 96 84 0 69 71 
79000 89 93 3 83 94 90 0 79 81 
79100 92 94 5 90 90 94 0 72 70 
79200 92 88 2 92 96 90 0 71 77 
79300 93 96 5 93 95 97 1 81 89 
79400 90 87 8 85 97 89 0 67 73 
79500 90 97 4 91 91 96 2 78 79 
79600 95 92 4 95 95 95 0 80 82 
79700 95 91 1 93 95 92 0 78 77 
79800 91 94 3 85 95 87 2 73 76 
79900 87 91 7 86 88 85 0 65 66 
80000 88 90 2 90 86 95 0 69 74 
80100 88 91 6 92 93 94 0 72 71 
80200 96 98 3 90 90 96 0 76 78 
80300 93 94 4 90 94 95 1 72 77 
80400 85 94 4 85 88 97 2 67 76 
80500 93 94 1 89 94 92 0 74 79 
80600 87 85 6 84 91 87 0 65 66 
80700 95 95 4 93 96 92 0 73 78 
80800 91 97 9 91 95 93 0 78 81 
80900 91 90 6 89 85 89 0 71 71 
81000 94 91 7 91 89 91 0 73 73 
81100 95 93 0 89 91 94 3 73 74 
81200 94 92 5 94 91 86 0 73 72 
81300 94 94 3 90 91 93 0 77 81 
81400 95 96 0 88 89 92 0 70 73 
81500 90 89 1 91 93 88 0 76 74 
81600 86 92 6 92 91 89 0 72 73 
81700 91 94 0 90 95 93 0 74 78 
81800 95 94 3 96 95 96 0 73 77 
81900 94 96 0 90 94 96 0 77 85 
82000 93 92 3 91 87 93 0 77 77 
82100 98 94 1 93 97 100 0 77 80 
82200 88 97 5 80 89 97 0 75 73 
82300 95 98 1 85 88 97 0 77 80 
82400 97 95 0 97 96 96 0 90 89 
82500 97 94 4 90 92 97 2 69 79 
82600 97 93 3 92 95 95 0 84 88 
82700 95 94 2 93 95 97 0 79 84 
82800 95 88 7 93 96 93 0 70 78 
82900 92 89 3 87 91 91 0 70 74 
83000 85 93 5 80 92 92 1 65 65 
83100 93 92 1 91 94 92 0 79 77 
83200 90 92 2 88 82 95 0 70 72 
83300 90 92 4 93 89 95 1 74 77 
83400 94 95 5 91 93 92 0 70 79 
83500 93 93 1 91 92 95 0 72 76 
83600 92 91 0 97 96 89 0 78 80 
83700 96 95 2 92 96 93 1 75 77 
83800 87 98 0 84 88 95 0 77 78 
83900 91 99 1 91 90 95 0 79 79 
84000 93 92 2 93 96 93 2 75 80 
84100 98 95 0 93 97 96 0 84 85 
84200 90 93 5 88 85 91 1 69 67 
84300 93 91 0 87 91 92 0 72 77 
84400 90 97 8 88 95 97 0 70 79 
84500 90 83 1 95 98 89 0 79 83 
84600 96 93 3 93 91 95 1 76 79 
84700 95 94 4 92 96 94 0 77 83 
84800 90 90 1 90 90 96 0 71 74 
84900 96 98 3 96 96 95 1 85 83 
85000 95 94 8 92 96 93 0 71 78 
85100 92 86 7 92 91 88 1 66 71 
85200 95 94 1 95 95 90 0 84 82 
85300 90 93 6 94 90 92 2 74 78 
85400 94 91 6 94 96 86 0 68 74 
85500 90 93 2 86 95 94 0 81 83 
85600 96 97 7 99 96 94 0 80 83 
85700 87 91 12 92 93 90 1 74 77 
85800 92 93 3 94 92 96 0 75 81 
85900 93 90 3 90 93 93 0 68 74 
86000 92 96 4 93 94 96 0 79 80 
86100 93 90 7 96 96 89 0 80 84 
86200 79 82 17 91 94 80 0 66 66 
86300 91 90 5 82 90 89 1 67 69 
86400 95 98 2 90 91 95 0 75 78 
86500 94 96 8 93 94 94 1 72 77 
86600 91 97 5 85 88 92 3 71 75 
86700 93 93 6 96 96 86 0 69 72 
86800 94 93 4 90 88 88 0 68 73 
86900 87 96 3 93 91 95 1 70 75 
87000 97 97 11 97 97 95 0 76 82 
87100 84 90 9 94 93 91 0 76 73 
87200 91 93 8 92 94 93 0 76 80 
87300 92 92 6 94 90 90 1 71 74 
87400 84 88 10 96 91 88 1 63 71 
87500 77 82 11 88 86 84 0 52 60 
87600 92 88 4 93 94 88 2 72 79 
87700 94 93 8 96 92 91 1 77 80 
87800 91 92 4 95 92 91 0 81 81 
87900 89 91 11 94 93 93 0 74 79 
88000 93 84 10 94 94 83 0 68 73 
88100 88 92 7 90 91 90 0 68 74 
88200 88 90 9 93 92 90 0 74 76 
88300 82 87 14 98 90 87 0 66 71 
88400 83 82 11 97 94 83 0 65 67 
88500 90 88 8 93 97 89 0 70 77 
88600 88 85 7 94 95 84 1 73 70 
88700 92 89 8 96 95 88 2 77 83 
88800 91 94 6 97 94 93 0 76 81 
88900 87 93 9 96 88 92 1 76 76 
89000 84 89 6 90 84 90 0 64 74 
89100 90 88 13 95 92 83 0 71 71 
89200 90 91 8 92 95 91 0 73 79 
89300 87 87 2 93 87 93 0 68 72 
89400 89 92 10 91 90 88 0 65 71 
89500 91 91 7 98 90 90 0 79 78 
89600 86 94 12 95 89 96 0 68 73 
89700 98 95 3 96 89 95 0 82 82 
89800 89 87 6 98 98 90 3 68 73 
89900 88 86 5 90 92 89 0 75 78 
90000 96 95 4 93 95 96 2 78 81 
90100 98 90 3 97 96 91 1 72 80 
90200 94 93 4 96 90 97 0 69 76 
90300 87 91 2 88 89 93 0 75 75 
90400 96 94 0 93 95 96 0 79 84 
90500 95 93 7 98 92 90 0 74 84 
90600 93 90 6 94 94 92 0 69 76 
90700 95 98 4 92 89 95 0 77 80 
90800 87 99 0 93 83 92 1 65 67 
90900 97 91 2 93 95 90 0 67 68 
91000 95 93 3 93 91 90 0 77 78 
91100 95 93 2 92 94 92 0 76 82 
91200 94 93 4 93 92 97 0 76 80 
91300 93 94 5 92 96 92 0 75 83 
91400 92 93 1 93 93 93 0 74 74 
91500 93 96 5 96 91 97 1 77 82 
91600 96 92 3 91 94 97 0 68 75 
91700 97 96 0 93 93 96 0 73 81 
91800 94 93 8 88 89 90 0 65 69 
91900 90 92 2 88 84 90 0 66 75 
92000 91 92 3 89 83 90 0 60 67 
92100 91 90 1 94 91 92 0 74 80 
92200 91 89 8 93 91 90 0 70 75 
92300 95 91 4 83 93 93 1 63 69 
92400 93 93 3 90 87 94 0 65 66 
92500 84 88 7 81 89 86 0 57 57 
92600 90 91 4 87 90 93 0 61 69 
92700 88 95 7 84 87 94 0 70 69 
92800 95 96 3 90 95 94 0 74 81 
92900 96 95 0 96 97 93 0 79 86 
93000 98 93 1 97 96 94 0 89 90 
93100 96 90 4 90 91 91 0 77 75 
93200 90 93 7 84 89 95 3 50 60 
93300 100 96 0 93 96 96 0 76 81 
93400 93 93 1 88 92 93 0 70 78 
93500 94 89 7 90 96 89 2 72 72 
93600 96 91 4 94 90 92 1 73 75 
93700 93 88 3 90 87 95 0 75 77 
93800 98 99 2 96 95 92 1 81 85 
93900 88 88 2 91 86 90 3 63 70 
94000 92 100 2 94 93 100 0 82 88 
94100 97 98 2 94 87 98 0 69 78 
94200 95 94 4 89 93 94 0 85 87 
94300 94 93 2 93 94 95 0 77 79 
94400 97 91 5 98 94 91 2 71 75 
94500 92 91 5 92 89 89 4 60 69 
94600 89 88 9 93 91 91 0 69 73 
94700 92 93 4 87 88 92 0 63 66 
94800 93 93 1 86 93 94 0 73 75 
94900 97 94 8 93 93 93 2 72 77 
95000 91 98 4 88 83 97 0 70 72 
95100 93 90 2 90 93 92 0 72 76 
95200 88 89 1 91 91 90 0 71 74 
95300 92 92 5 91 93 93 0 75 77 
95400 95 90 1 91 94 93 0 79 79 
95500 93 94 4 95 97 93 1 74 80 
95600 92 94 5 86 92 93 0 77 74 
95700 92 96 3 91 88 96 0 75 73 
95800 95 94 2 86 95 90 0 76 76 
95900 90 94 2 92 90 95 1 79 79 
96000 92 96 5 89 96 97 0 75 78 
96100 94 95 3 92 94 96 0 70 77 
96200 89 93 6 95 90 95 0 66 74 
96300 93 94 2 96 92 93 0 70 77 
96400 88 92 0 93 89 90 0 77 79 
96500 96 94 2 98 96 97 2 75 83 
96600 90 91 2 89 84 91 0 66 72 
96700 99 93 4 87 94 94 0 79 81 
96800 98 93 5 98 94 94 0 71 73 
96900 96 93 0 92 89 92 0 69 75 
97000 95 96 0 86 93 99 0 71 77 
97100 94 94 4 92 97 94 0 75 81 
97200 93 93 5 87 88 95 0 59 72 
97300 97 92 4 93 95 95 0 74 81 
97400 99 93 1 99 97 94 2 81 85 
97500 94 92 1 92 88 93 0 70 80 
97600 95 92 0 93 93 94 1 70 75 
97700 94 99 6 93 92 96 0 74 78 
97800 96 97 2 94 92 97 0 79 83 
97900 97 97 2 98 99 98 0 84 90 
98000 96 95 2 95 91 98 0 70 78 
98100 87 86 6 90 90 90 0 70 76 
98200 93 90 0 89 96 88 2 73 76 
98300 90 95 3 92 91 93 0 64 67 
98400 93 89 0 91 92 91 0 73 78 
98500 94 92 4 96 98 92 0 86 89 
98600 93 91 2 90 95 93 0 78 81 
98700 97 90 2 88 96 85 0 70 77 
98800 91 86 5 89 91 90 2 65 72 
98900 90 92 5 85 85 94 0 56 65 
99000 90 90 7 91 90 89 0 70 72 
99100 94 96 2 96 88 96 1 76 79 
99200 96 97 5 96 94 93 0 69 73 
99300 92 91 5 87 87 95 2 58 67 
99400 89 90 1 91 87 94 0 71 75 
99500 93 94 3 92 92 93 1 76 78 
99600 97 93 7 92 92 96 0 74 80 
99700 91 93 2 90 89 91 1 71 73 
99800 92 89 3 94 89 92 0 77 79 
99900 92 95 4 90 90 90 0 82 82 
100000 96 93 3 89 93 91 0 77 79 
