# Avida tasks data
# Thu Apr 13 15:01:31 2023
# First column gives the current update, next columns give the number
# of organisms that have the particular task as a component of their merit
#  1: Update
#  2: Not
#  3: Nand
#  4: And
#  5: OrNot
#  6: Or
#  7: AndNot
#  8: Nor
#  9: Xor
# 10: Equals

0 0 0 0 0 0 0 0 0 0 
100 0 0 0 0 0 0 0 0 0 
200 0 0 0 0 0 0 0 0 0 
300 0 0 0 0 0 0 0 0 0 
400 7 0 0 0 0 0 0 0 0 
500 28 6 0 0 0 0 0 0 0 
600 57 24 0 0 0 0 0 0 0 
700 133 28 0 0 0 0 0 0 0 
800 350 51 0 0 0 0 0 0 0 
900 746 79 0 0 0 0 0 0 0 
1000 1301 151 0 3 0 0 0 0 0 
1100 2069 215 0 94 0 0 0 0 0 
1200 2818 257 0 306 122 0 0 0 0 
1300 4151 304 0 2021 2035 11 100 0 0 
1400 5055 342 14 1949 2630 12 1179 0 0 
1500 5396 335 24 2176 2789 21 1770 0 0 
1600 5736 327 9 2522 3042 21 2264 0 9 
1700 5743 324 5 2326 3230 17 2115 1 367 
1800 5908 332 2 1956 3228 14 1735 10 736 
1900 5970 335 1 1712 3296 14 1497 21 1022 
2000 6069 344 0 1515 3398 12 1291 24 1310 
2100 6164 328 0 1378 3579 11 1147 23 1641 
2200 6434 331 0 1371 3853 10 1102 26 1922 
2300 6609 355 0 1380 4019 10 1070 36 2080 
2400 6631 364 0 1358 4137 11 1046 34 2169 
2500 6561 364 0 1324 4199 10 1025 28 2265 
2600 6647 359 0 1324 4329 12 1013 36 2391 
2700 6555 366 2 1308 4384 10 1001 30 2442 
2800 6296 367 3 1327 4344 10 999 44 2400 
2900 6233 368 1 1323 4374 10 998 39 2407 
3000 6100 370 1 1333 4336 10 996 45 2372 
3100 6002 372 1 1320 4354 10 994 40 2380 
3200 5950 364 1 1317 4371 10 988 51 2429 
3300 5896 364 1 1289 4389 10 976 44 2447 
3400 5828 363 1 1262 4381 10 956 58 2460 
3500 5767 362 1 1236 4402 11 949 52 2506 
3600 5702 357 1 1211 4414 11 932 52 2550 
3700 5618 357 1 1175 4457 11 898 50 2578 
3800 5567 358 1 1168 4441 11 891 55 2587 
3900 5510 352 1 1152 4428 10 879 52 2581 
4000 5435 355 1 1123 4415 10 860 51 2603 
4100 5373 356 3 1086 4459 10 848 50 2649 
4200 5344 356 1 1095 4508 10 839 59 2701 
4300 5316 351 2 1107 4544 10 834 73 2746 
4400 5275 356 1 1113 4596 10 833 71 2756 
4500 5279 358 1 1105 4645 10 832 77 2808 
4600 5263 357 4 1116 4648 10 832 89 2790 
4700 5233 353 1 1120 4646 10 832 85 2810 
4800 5223 354 1 1119 4631 10 826 86 2784 
4900 5187 353 1 1095 4647 10 823 76 2806 
5000 5148 354 1 1089 4628 10 818 69 2792 
5100 5122 352 2 1065 4648 10 805 67 2823 
5200 5091 359 2 1068 4622 10 805 57 2810 
5300 5040 352 2 1062 4631 10 805 49 2802 
5400 5001 354 2 1056 4656 10 805 45 2826 
5500 4984 353 2 1060 4631 10 807 47 2795 
5600 4951 343 1 1040 4646 10 806 42 2809 
5700 4919 349 1 1044 4649 10 806 42 2851 
5800 4889 363 1 1038 4628 10 788 38 2836 
5900 4863 355 2 1029 4631 10 781 38 2844 
6000 4826 350 1 999 4643 10 761 39 2863 
6100 4795 356 1 985 4650 10 754 33 2854 
6200 4742 359 1 966 4645 10 752 30 2865 
6300 4718 363 1 988 4625 10 747 27 2801 
6400 4679 356 1 964 4659 10 746 30 2846 
6500 4658 358 1 967 4641 10 739 31 2861 
6600 4577 355 1 954 4660 10 731 29 2887 
6700 4547 355 2 950 4656 9 721 28 2904 
6800 4506 356 2 939 4654 9 709 26 2938 
6900 4436 353 2 933 4703 9 701 27 2955 
7000 4408 350 3 936 4718 8 691 29 2989 
7100 4364 360 1 916 4670 8 679 25 2951 
7200 4338 367 3 919 4673 8 676 25 2979 
7300 4269 352 1 908 4698 8 669 25 3006 
7400 4225 353 1 923 4709 8 667 27 3018 
7500 4191 362 1 912 4708 8 663 27 3033 
7600 4121 356 3 894 4724 10 657 24 3040 
7700 4063 351 2 875 4772 9 655 24 3044 
7800 4023 357 2 890 4753 8 653 23 3013 
7900 3974 347 1 886 4785 8 648 21 3047 
8000 3919 350 4 883 4810 8 643 20 3104 
8100 3866 350 5 853 4810 8 635 19 3122 
8200 3815 342 4 859 4786 7 632 22 3061 
8300 3790 347 2 860 4813 7 629 21 3095 
8400 3744 335 1 874 4817 7 627 20 3099 
8500 3695 334 1 861 4830 7 609 20 3126 
8600 3632 343 1 823 4835 7 590 19 3150 
8700 3602 348 1 824 4843 7 581 16 3151 
8800 3558 344 3 809 4882 7 574 17 3181 
8900 3530 339 3 788 4925 8 566 18 3255 
9000 3485 343 2 817 4888 7 563 18 3200 
9100 3445 340 1 802 4968 7 555 15 3318 
9200 3390 343 1 788 4987 7 539 16 3315 
9300 3368 332 2 764 5045 6 527 14 3378 
9400 3345 331 1 755 5068 6 516 15 3393 
9500 3306 336 2 745 5114 6 508 15 3462 
9600 3270 332 1 766 5167 5 490 14 3519 
9700 3246 333 3 762 5176 5 479 16 3548 
9800 3223 328 3 758 5233 5 469 15 3604 
9900 3204 326 3 753 5282 5 466 21 3636 
10000 3195 318 1 735 5378 5 458 22 3722 
