# Avida tasks data
# Thu Apr 13 17:01:37 2023
# First column gives the current update, next columns give the number
# of organisms that have the particular task as a component of their merit
#  1: Update
#  2: Not
#  3: Nand
#  4: And
#  5: OrNot
#  6: Or
#  7: AndNot
#  8: Nor
#  9: Xor
# 10: Equals

0 0 0 0 0 0 0 0 0 0 
100 0 0 0 0 0 0 0 0 0 
200 0 0 0 0 0 0 0 0 0 
300 0 0 0 0 0 0 0 0 0 
400 0 0 0 0 0 0 0 0 0 
500 0 0 0 0 0 0 0 0 0 
600 4 0 0 0 0 0 0 0 0 
700 19 0 0 0 0 0 0 0 0 
800 67 0 0 0 0 0 0 0 0 
900 183 2 0 9 0 0 0 0 0 
1000 398 11 0 151 0 0 0 0 0 
1100 688 63 0 1244 1199 0 27 0 0 
1200 777 2815 0 2709 2646 2468 55 0 0 
1300 988 4501 0 4595 4418 4186 146 0 0 
1400 1517 6263 0 6342 6221 5821 157 0 0 
1500 2148 7493 0 7669 7417 6968 178 0 0 
1600 3064 8611 1 8869 8597 8100 219 0 0 
1700 3982 9439 161 9744 9331 8904 313 0 0 
1800 4865 9920 934 10114 9756 9169 334 0 0 
1900 5534 10314 1813 10412 10084 9515 302 0 0 
2000 6429 10609 2867 10561 10227 9650 275 0 0 
2100 7174 10980 3861 10695 10312 9758 323 0 0 
2200 7733 11203 4780 10994 10533 10016 302 0 0 
2300 8310 11349 5713 10866 10488 9871 339 0 0 
2400 8950 11553 6749 11133 10713 10145 300 0 0 
2500 9636 11713 7794 11227 10797 10265 310 0 0 
2600 10177 12120 8935 11345 11018 10474 324 0 0 
2700 10551 12150 9600 11464 11082 10528 355 0 0 
2800 10897 12231 10320 11658 11209 10718 380 0 0 
2900 11110 12493 10922 11774 11343 10816 459 0 0 
3000 11338 12648 11096 11871 11502 10929 556 0 0 
3100 11379 12783 11264 11967 11618 11102 514 0 0 
3200 11549 12884 11543 11998 11563 11029 594 0 0 
3300 11747 12785 11549 12067 11763 11076 915 0 0 
3400 11678 12746 11341 11966 11561 11089 1690 0 0 
3500 11919 12923 11368 11985 11630 11189 2596 1 0 
3600 11846 12940 11616 11933 11562 11197 3675 0 0 
3700 12034 13000 11607 11945 11634 11443 4867 0 0 
3800 12123 13096 11687 11851 11631 11472 5832 0 1 
3900 12258 13181 11713 11895 11742 11627 7005 0 0 
4000 12382 13206 11704 11825 11682 11621 7828 0 0 
4100 12353 13356 11941 11810 11655 11824 8656 0 0 
4200 12381 13436 12037 11816 11754 11850 9417 0 0 
4300 12457 13516 12012 11836 11795 11833 9884 0 0 
4400 12331 13587 12122 11862 11821 11951 10239 0 0 
4500 12502 13588 12184 11869 11855 11947 10613 0 0 
4600 12471 13663 12153 11764 11709 11961 10659 0 0 
4700 12564 13673 12152 11770 11803 11942 10961 0 1 
4800 12565 13637 12095 11904 11897 11911 11168 0 0 
4900 12493 13635 12067 11927 11857 11948 11198 0 8 
5000 12564 13711 12134 11932 11879 11984 11275 0 0 
5100 12471 13597 12155 11899 11867 11953 11213 0 1 
5200 12621 13664 12237 12030 12003 12047 11312 0 0 
5300 12535 13686 12267 11898 11894 12130 11236 0 0 
5400 12594 13596 12167 11899 11852 11974 11254 0 0 
5500 12604 13638 12304 11972 12028 12103 11312 0 0 
5600 12671 13710 12248 12104 12067 12109 11425 0 0 
5700 12587 13654 12187 11929 11851 12047 11269 0 0 
5800 12546 13654 12181 12047 11972 12021 11307 0 0 
5900 12484 13613 12194 11870 11898 12028 11176 0 0 
6000 12529 13643 12265 11921 11909 12112 11292 0 0 
6100 12588 13714 12353 11911 11999 12180 11358 1 0 
6200 12480 13591 12188 11908 11929 11986 11263 0 0 
6300 12518 13703 12270 11980 11994 12116 11333 3 2 
6400 12584 13753 12412 12033 11955 12210 11355 0 3 
6500 12667 13690 12377 12057 12043 12154 11478 0 3 
6600 12584 13669 12179 12032 12001 12085 11311 2 0 
6700 12484 13717 12310 11948 11930 12155 11325 0 0 
6800 12676 13704 12369 12001 12031 12188 11448 1 0 
6900 12632 13688 12395 12079 12019 12253 11434 0 0 
7000 12649 13755 12338 12147 12068 12257 11467 1 0 
7100 12608 13778 12298 12059 12061 12235 11478 0 3 
7200 12600 13748 12309 12025 12039 12208 11424 0 0 
7300 12746 13761 12380 12128 12074 12248 11527 0 2 
7400 12708 13693 12341 12090 12107 12260 11403 1 0 
7500 12814 13688 12406 12195 12151 12314 11493 0 0 
7600 12795 13756 12425 12207 12228 12271 11614 0 0 
7700 12636 13751 12404 12145 12144 12288 11535 0 0 
7800 12780 13745 12425 12179 12201 12295 11526 0 0 
7900 12635 13734 12493 12254 12182 12322 11589 1 2 
8000 12669 13743 12515 12334 12289 12353 11709 0 0 
8100 12747 13758 12479 12215 12200 12360 11610 0 1 
8200 12655 13732 12260 12231 12125 12137 11569 0 0 
8300 12746 13778 12403 12114 12127 12304 11535 0 0 
8400 12784 13687 12390 12312 12271 12265 11628 2 1 
8500 12676 13743 12528 12338 12274 12370 11713 0 0 
8600 12657 13780 12473 12238 12170 12403 11548 0 2 
8700 12750 13731 12280 12314 12272 12180 11649 1 1 
8800 12711 13734 12462 12172 12226 12325 11523 1 2 
8900 12791 13740 12383 12185 12194 12181 11587 0 0 
9000 12865 13726 12421 12175 12204 12303 11579 0 0 
9100 12816 13724 12492 12269 12263 12289 11668 0 0 
9200 12790 13733 12546 12313 12273 12368 11714 0 0 
9300 12812 13726 12424 12304 12260 12349 11707 0 0 
9400 12879 13742 12458 12330 12328 12319 11782 0 0 
9500 12781 13746 12393 12282 12283 12273 11714 0 0 
9600 12821 13730 12443 12254 12270 12316 11627 0 0 
9700 12735 13770 12427 12302 12290 12296 11699 0 0 
9800 12641 13754 12371 12219 12142 12297 11553 1 4 
9900 12833 13748 12444 12277 12248 12279 11631 0 0 
10000 12734 13708 12408 12320 12277 12310 11666 0 0 
