# Avida tasks data
# Thu Apr 13 23:01:43 2023
# First column gives the current update, next columns give the number
# of organisms that have the particular task as a component of their merit
#  1: Update
#  2: Not
#  3: Nand
#  4: And
#  5: OrNot
#  6: Or
#  7: AndNot
#  8: Nor
#  9: Xor
# 10: Equals

0 0 0 0 0 0 0 0 0 0 
100 0 0 0 0 0 0 0 0 0 
200 0 0 0 0 0 0 0 0 0 
300 0 0 0 0 0 0 0 0 0 
400 0 0 0 0 0 0 0 0 0 
500 0 0 0 0 0 0 0 0 0 
600 0 0 0 0 0 3 0 0 0 
700 144 0 0 0 0 99 0 0 0 
800 1831 0 133 0 0 118 0 0 0 
900 4230 693 229 1157 5 94 0 0 0 
1000 4966 2105 228 2436 24 94 0 0 0 
1100 5470 3462 228 3799 38 94 0 0 0 
1200 7116 5590 219 5891 64 94 0 0 0 
1300 8715 7449 206 7790 74 96 0 0 0 
1400 10189 8981 205 9200 91 80 0 0 0 
1500 10478 9355 166 9433 82 72 0 0 0 
1600 10476 9345 166 9434 85 72 0 0 0 
1700 10452 9268 167 9425 300 72 2 0 0 
1800 10442 9359 168 9446 146 72 0 0 0 
