# Avida tasks data
# Thu Apr 13 20:22:29 2023
# First column gives the current update, next columns give the number
# of organisms that have the particular task as a component of their merit
#  1: Update
#  2: Not
#  3: Nand
#  4: And
#  5: OrNot
#  6: Or
#  7: AndNot
#  8: Nor
#  9: Xor
# 10: Equals

0 0 0 0 0 0 0 0 0 0 
100 0 0 0 0 0 0 0 0 0 
200 0 0 0 0 0 0 0 0 0 
300 0 0 0 0 0 0 0 0 0 
400 0 0 0 0 0 0 0 0 0 
500 0 0 0 0 0 0 0 0 0 
600 55 0 0 0 0 0 0 0 0 
700 1113 0 0 0 0 0 0 0 0 
800 3157 2 0 0 0 0 0 0 0 
900 4732 1070 0 31 0 0 0 0 0 
1000 4808 1717 0 187 166 104 0 0 0 
1100 4899 1847 6 156 120 896 1 0 0 
1200 5271 2601 9 191 120 1651 9 0 0 
1300 5367 2759 8 171 117 1829 5 0 0 
1400 5403 2990 14 160 84 2151 5 0 0 
1500 5562 3396 10 100 27 2606 5 0 0 
1600 5747 3714 6 92 10 2968 9 0 0 
1700 5884 3997 33 102 1 3283 8 0 0 
1800 6065 4273 33 114 0 3566 12 0 0 
1900 6116 4383 40 119 0 3673 11 0 0 
2000 6267 4575 46 120 0 3846 14 0 0 
2100 6410 4753 48 129 0 4027 11 0 0 
2200 6527 4927 53 134 0 4212 11 0 0 
2300 6644 5034 48 117 0 4277 14 0 0 
2400 6764 5180 54 120 0 4456 13 0 0 
2500 6870 5305 55 134 0 4618 11 0 0 
2600 7027 5471 48 127 0 4857 8 0 0 
2700 7122 5583 49 159 0 4956 12 0 0 
2800 7277 5745 70 184 1 5139 8 0 0 
2900 7432 5931 66 178 0 5314 13 0 0 
3000 7672 6208 56 170 2 5610 13 0 0 
3100 7953 6562 64 162 0 5972 8 0 0 
3200 8261 6889 75 222 0 6307 7 0 0 
3300 8611 7273 84 219 0 6625 10 0 0 
3400 8946 7644 88 210 0 6959 8 0 0 
3500 9316 8037 96 267 0 7367 12 0 0 
3600 9692 8465 99 256 0 7781 17 0 0 
3700 10013 8851 86 224 1 8167 12 0 0 
3800 10278 9149 97 246 0 8437 14 0 0 
3900 10548 9445 125 274 0 8687 15 0 0 
4000 10782 9723 114 284 0 8954 16 0 0 
4100 10970 9976 82 261 0 9232 13 0 0 
4200 11128 10189 92 265 0 9493 12 0 0 
4300 11331 10438 97 297 2 9746 19 0 0 
4400 11521 10700 99 314 1 9935 24 0 0 
4500 11701 10924 101 290 0 10162 26 0 0 
4600 11853 11108 134 287 0 10305 20 0 0 
4700 12037 11323 131 314 1 10488 22 0 0 
4800 12212 11590 118 288 2 10699 14 0 0 
4900 12408 11847 134 350 2 10940 22 0 0 
5000 12592 12066 120 316 0 11146 16 0 0 
5100 12729 12264 131 315 0 11345 11 0 0 
5200 12853 12460 116 332 0 11572 9 0 0 
5300 12939 12574 133 328 0 11696 14 0 0 
5400 13077 12772 138 340 0 11906 12 0 0 
5500 13189 12894 135 318 0 11965 17 0 0 
5600 13257 12982 124 325 0 12088 23 0 0 
5700 13324 13032 110 339 0 12107 21 0 0 
5800 13378 13123 85 325 0 12184 25 0 0 
5900 13461 13240 114 343 0 12251 16 0 0 
6000 13524 13291 114 326 0 12309 17 0 0 
6100 13566 13309 117 341 0 12363 21 0 0 
6200 13653 13392 118 339 0 12471 18 0 0 
6300 13813 13512 116 353 0 12565 19 0 0 
6400 13875 13591 113 357 0 12632 19 0 0 
6500 13895 13621 120 370 0 12633 14 0 0 
6600 13887 13624 127 370 0 12619 12 0 0 
6700 13906 13657 134 400 0 12684 13 0 0 
6800 13911 13670 131 387 0 12767 17 0 0 
6900 13915 13680 133 396 0 12792 11 0 0 
7000 13914 13682 145 406 0 12821 14 0 0 
7100 13938 13709 147 418 0 12850 14 0 0 
7200 13934 13715 140 424 0 12892 16 0 0 
7300 13935 13734 148 423 0 12942 10 0 0 
7400 13956 13754 150 439 0 12989 11 0 0 
7500 13970 13777 157 442 0 13017 14 0 0 
7600 13975 13786 175 447 0 13041 14 0 0 
7700 13989 13805 165 432 0 13094 11 0 0 
