# Avida tasks data
# Thu Apr 13 15:39:28 2023
# First column gives the current update, next columns give the number
# of organisms that have the particular task as a component of their merit
#  1: Update
#  2: Not
#  3: Nand
#  4: And
#  5: OrNot
#  6: Or
#  7: AndNot
#  8: Nor
#  9: Xor
# 10: Equals

0 0 0 0 0 0 0 0 0 0 
100 0 0 0 0 0 0 0 0 0 
200 0 0 0 0 0 0 0 0 0 
300 0 0 0 0 0 0 0 0 0 
400 0 0 0 0 0 0 0 0 0 
500 4 0 0 0 0 0 0 0 0 
600 6 6 0 17 0 0 0 0 0 
700 34 114 0 89 0 0 0 0 0 
800 63 539 0 889 0 0 0 0 0 
900 132 2631 0 3130 0 266 0 0 0 
1000 457 4278 105 4804 23 3061 0 0 0 
1100 547 5531 432 6209 60 4872 0 0 0 
1200 736 6471 960 7527 84 6341 0 0 0 
1300 1168 6967 1545 8480 61 7476 0 0 0 
1400 1609 7240 2054 9117 392 7971 301 0 0 
1500 3291 6057 2647 7856 2520 7476 2456 0 0 
1600 4684 5084 4177 6245 3921 8285 3816 0 0 
1700 6075 5025 5105 5371 5297 8866 5143 0 0 
1800 7248 5316 5845 4788 6236 9214 6096 0 0 
1900 8278 5622 6708 4486 7305 9711 7081 0 0 
2000 9201 5749 7367 4557 8125 10102 7967 0 0 
2100 10017 5698 8071 4667 8969 10415 8752 0 0 
2200 10776 5557 8793 4752 9549 10622 9308 0 0 
2300 11396 5455 9447 5106 10150 10859 9906 0 0 
2400 11941 5208 10121 5460 10620 10987 10450 0 0 
2500 12352 5060 10494 6395 10965 11263 10793 0 0 
2600 12619 5316 10819 7266 11325 11476 11100 0 0 
2700 12847 5739 11142 8327 11455 11535 11282 0 0 
2800 12993 6333 11497 9096 11616 11654 11441 0 0 
2900 13174 6909 11962 9743 11806 11770 11547 0 0 
3000 13257 7474 12304 10310 11949 11902 11636 0 0 
3100 13286 8019 12322 10798 12016 11951 11669 0 2 
3200 13304 8889 12527 11080 12057 11962 11742 0 0 
3300 13355 9505 12672 11497 12037 11953 11775 0 9 
3400 13398 10113 12659 11944 12043 11956 11721 0 32 
3500 13470 10623 12862 12006 12142 12011 11858 0 68 
3600 13469 11060 12858 12210 12135 12070 11798 0 98 
3700 13474 11427 12902 12238 12068 12039 11781 0 186 
3800 13503 11615 12732 12224 12112 12034 11780 0 307 
3900 13439 11864 12946 12071 12162 12126 11839 77 487 
4000 13568 12114 12873 11922 12162 12054 11882 200 553 
4100 13540 12241 12930 11512 12108 11965 11773 454 622 
4200 13510 12154 12853 11259 12130 12045 11791 914 694 
4300 13478 11527 12795 11278 12076 11992 11770 1498 753 
4400 13439 10471 12709 11516 12107 12099 11737 2229 835 
4500 13510 9555 12443 11770 12138 12049 11787 3003 889 
4600 13417 8547 12052 12048 12148 12138 11825 3580 1156 
4700 13352 7651 11775 12075 12176 12072 11816 4261 1304 
4800 13265 6667 11467 12145 12086 12012 11668 4974 1578 
4900 13294 5811 11208 12100 12105 12021 11723 5943 1815 
5000 13303 4950 10785 12189 12145 12052 11783 7043 1980 
5100 13267 4268 10508 12325 12056 12062 11710 8080 2310 
5200 13339 3610 9955 12345 12092 12039 11696 8847 2629 
5300 13243 3479 9946 12359 12068 11924 11662 8963 2660 
5400 13293 3131 9532 12459 12026 12008 11610 9449 2902 
5500 13362 2892 9223 12383 12101 12102 11649 9882 3233 
5600 13363 2839 9059 12466 12112 12115 11732 10019 3393 
5700 13354 2858 8738 12509 12030 12023 11679 10435 3578 
5800 13254 2982 8148 12588 12080 12014 11653 10781 4146 
5900 13314 3187 7611 12661 11985 12029 11669 10980 4623 
6000 13291 3246 7589 12709 11966 11970 11623 11032 4664 
6100 13312 3529 7209 12620 11974 12014 11644 11043 5011 
6200 13349 3908 6865 12603 12147 12094 11728 11143 5294 
6300 13349 3914 6863 12585 12134 12081 11717 11134 5279 
6400 13297 4215 6498 12517 11947 11985 11626 11212 5475 
6500 13343 4580 6243 12667 12020 12163 11652 11449 5778 
6600 13342 5197 5810 12639 11975 12027 11568 11583 6029 
6700 13249 5344 5681 12634 11965 12000 11664 11604 6214 
6800 13250 5345 5681 12634 11966 12001 11665 11604 6215 
6900 13249 5344 5681 12634 11965 12000 11664 11604 6214 
7000 13249 5346 5681 12632 11963 11998 11662 11602 6212 
7100 13249 5346 5681 12632 11963 11998 11662 11602 6212 
7200 13249 5346 5681 12632 11963 11998 11662 11602 6212 
7300 13249 5346 5681 12631 11961 11996 11660 11601 6210 
7400 13249 5346 5681 12631 11961 11996 11660 11601 6210 
7500 13250 5347 5681 12631 11962 11997 11661 11601 6211 
7600 13249 5346 5681 12631 11961 11996 11660 11601 6210 
7700 13249 5346 5681 12631 11961 11996 11660 11601 6210 
7800 13249 5346 5681 12631 11961 11996 11660 11601 6210 
7900 13249 5346 5681 12631 11961 11996 11660 11601 6210 
8000 13249 5346 5681 12631 11961 11996 11660 11601 6210 
8100 13279 5639 5590 12690 12038 12093 11694 11702 6372 
8200 13433 6110 5104 12679 11995 12010 11689 11654 6713 
8300 13363 6681 4671 12677 12051 12120 11738 11704 7197 
8400 13300 7263 4206 12756 12017 12060 11668 11838 7520 
8500 13316 7858 3834 12693 11957 11987 11625 11792 7792 
8600 13332 8369 3495 12789 11996 11913 11698 11855 8163 
8700 13309 9004 3257 12684 11998 12130 11662 11741 8275 
8800 13262 9506 2883 12699 11827 11964 11516 11848 8513 
8900 13246 9731 2653 12683 12002 12042 11634 11818 8810 
9000 13234 9903 2550 12751 12001 12022 11644 11849 9124 
9100 13249 10044 2393 12844 12030 11994 11703 12063 9464 
9200 13252 10482 2307 12860 12099 11969 11775 11950 9623 
9300 13230 10962 2302 12826 12020 11981 11674 11909 9624 
9400 13163 11227 2315 12836 11999 11912 11617 11908 9853 
9500 13173 11269 2294 12829 11981 11915 11622 11873 9880 
9600 13163 11458 2240 12849 12041 11908 11662 11967 10079 
9700 13072 11527 2190 12782 11987 11918 11594 11898 10136 
9800 13122 11686 2066 12855 11989 11915 11684 11910 10420 
9900 13121 11687 2066 12856 11988 11914 11683 11911 10419 
10000 13121 11687 2066 12856 11988 11914 11683 11911 10419 
