# Avida tasks data
# Thu Apr 13 21:14:02 2023
# First column gives the current update, next columns give the number
# of organisms that have the particular task as a component of their merit
#  1: Update
#  2: Not
#  3: Nand
#  4: And
#  5: OrNot
#  6: Or
#  7: AndNot
#  8: Nor
#  9: Xor
# 10: Equals

0 0 0 0 0 0 0 0 0 0 
100 0 0 0 0 0 0 0 0 0 
200 0 0 0 0 0 0 0 0 0 
300 0 0 0 0 0 0 0 0 0 
400 0 0 0 0 0 0 0 0 0 
500 0 0 0 0 0 0 0 0 0 
600 0 0 0 0 0 0 0 0 0 
700 0 0 0 0 0 0 0 0 0 
800 48 29 0 0 0 0 0 0 0 
900 295 340 0 0 0 0 0 0 0 
1000 487 1359 63 1063 0 0 0 0 0 
1100 2185 2850 1796 2504 0 4 2 0 0 
1200 3084 3756 2886 3401 0 5 95 0 0 
1300 3542 4241 3325 3842 0 12 117 0 0 
1400 3915 4680 3789 4245 0 17 135 0 0 
1500 4470 5274 4470 4848 0 15 76 0 0 
1600 5105 5726 4894 5240 0 22 138 0 0 
1700 5542 6227 5397 5770 2 24 148 0 0 
1800 6139 6752 5905 6295 0 22 130 0 0 
1900 6788 7370 6492 6887 0 14 109 0 0 
2000 7516 8036 7207 7584 0 23 87 0 0 
2100 8110 8713 7739 8212 0 31 75 0 0 
2200 8997 9727 8692 9158 0 31 65 0 0 
2300 10120 10748 9594 10163 5 34 28 0 0 
2400 11152 11742 10496 11086 0 35 17 0 0 
2500 11824 12427 11087 11778 1 34 29 0 0 
2600 12230 12866 11455 12183 1 46 18 0 0 
2700 12518 13152 11698 12400 1 39 27 0 0 
2800 12658 13232 11686 12539 5 47 18 0 0 
2900 12576 13303 11774 12509 1 38 23 0 0 
3000 12587 13281 11817 12516 0 35 35 0 0 
3100 12634 13334 11817 12511 0 25 31 0 0 
3200 12632 13285 11861 12520 1 54 27 0 0 
3300 12714 13273 11861 12590 2 51 29 0 0 
3400 12688 13249 11775 12503 0 80 14 0 0 
3500 12672 13324 11851 12593 0 77 27 0 0 
3600 12622 13236 11806 12570 1 46 20 0 0 
3700 12573 13288 11870 12605 3 76 16 0 0 
3800 12562 13229 11892 12538 0 92 20 0 0 
3900 12604 13274 11839 12589 0 84 16 0 0 
4000 12683 13246 11882 12550 1 95 17 0 0 
4100 12631 13312 11838 12521 0 121 17 0 0 
4200 12607 13314 11897 12566 2 148 18 0 0 
4300 12653 13269 11899 12534 1 179 10 0 0 
4400 12588 13322 11862 12530 3 307 14 0 0 
4500 12659 13344 12007 12610 0 421 13 0 3 
4600 12586 13233 11946 12585 2 612 18 0 0 
4700 12721 13257 11899 12541 2 801 6 0 0 
4800 12650 13257 11811 12556 1 1088 9 0 0 
4900 12728 13275 11889 12623 6 1319 14 0 0 
5000 12749 13218 11813 12521 2 1514 15 0 8 
5100 12733 13198 11715 12522 5 1735 14 0 24 
5200 12817 13344 11751 12717 9 2114 19 0 105 
5300 12892 13275 11643 12637 10 2447 15 0 153 
5400 12799 13254 11647 12541 50 2805 47 0 173 
5500 12902 13233 11622 12573 121 2973 298 0 192 
5600 12820 13276 11611 12681 139 2748 903 0 254 
5700 12911 13200 11499 12584 168 2494 1645 0 226 
5800 12809 13246 11542 12603 206 2272 2442 0 216 
5900 12832 13195 11541 12535 323 1980 3186 0 195 
6000 12858 13301 11603 12583 641 1590 3931 0 161 
6100 12847 13214 11713 12497 1048 1255 4781 0 133 
6200 12976 13290 11859 12576 1658 1027 5765 0 88 
6300 13022 13221 11863 12476 2206 828 6490 0 42 
6400 13009 13175 11810 12420 2618 763 7133 0 8 
6500 13022 13265 11833 12475 3016 673 7918 0 7 
6600 13083 13317 11971 12468 3608 640 8642 0 1 
6700 13132 13298 11926 12504 3871 619 9341 0 1 
6800 13093 13309 12023 12642 4205 632 9778 0 2 
6900 13252 13305 12073 12627 4633 620 10305 0 0 
7000 13140 13312 12068 12558 4977 666 10601 0 2 
7100 13057 13347 12017 12522 5528 651 10879 1 2 
7200 13158 13302 12094 12595 6019 589 11147 0 0 
7300 13216 13264 12098 12596 6574 556 11500 0 0 
7400 13182 13279 11956 12563 7004 580 11708 0 2 
7500 13159 13277 11912 12498 7245 659 11785 0 0 
7600 13127 13269 11925 12510 7596 720 11957 0 2 
7700 13075 13263 11919 12482 7828 743 11971 0 1 
7800 13228 13269 12095 12606 8235 673 12089 0 2 
7900 13189 13281 11886 12591 8509 703 12116 2 0 
8000 13144 13328 12014 12687 8804 762 12113 0 1 
8100 13105 13310 12010 12621 9000 725 12089 0 4 
8200 13049 13309 11998 12615 9382 709 12146 0 2 
8300 13207 13211 11960 12647 9700 724 12216 0 4 
8400 13152 13193 11937 12487 10034 688 12152 0 1 
8500 13182 13290 12055 12715 10212 668 12172 0 1 
8600 13147 13290 12062 12663 10234 729 12153 0 2 
8700 13218 13300 12028 12626 10493 719 12325 0 19 
8800 13191 13290 12002 12609 10456 743 12162 0 35 
8900 13176 13225 11900 12517 10495 678 12113 2 70 
9000 13102 13311 12047 12655 10567 661 11957 2 195 
9100 13086 13169 11820 12504 10630 697 11769 3 386 
9200 13187 13285 11626 12586 10765 671 11293 0 856 
9300 13171 13274 10856 12613 10742 661 10720 0 1388 
9400 13053 13278 10506 12600 10722 651 10458 2 1612 
9500 13019 13266 10249 12597 10742 620 10242 0 1755 
9600 12983 13256 10092 12593 10716 618 10105 0 1900 
9700 13064 13243 9762 12639 10735 593 9830 0 2141 
9800 13000 13236 9501 12602 10800 576 9555 0 2351 
9900 12959 13149 9138 12603 10816 568 9190 0 2591 
10000 12933 13185 8859 12605 10725 562 9079 3 2893 
