# Avida tasks data
# Fri Apr 14 00:21:26 2023
# First column gives the current update, next columns give the number
# of organisms that have the particular task as a component of their merit
#  1: Update
#  2: Not
#  3: Nand
#  4: And
#  5: OrNot
#  6: Or
#  7: AndNot
#  8: Nor
#  9: Xor
# 10: Equals

0 0 0 0 0 0 0 0 0 0 
100 0 0 0 0 0 0 0 0 0 
200 0 0 0 0 0 0 0 0 0 
300 0 0 0 0 0 0 0 0 0 
400 0 0 0 0 0 0 0 0 0 
500 0 0 0 0 0 0 0 0 0 
600 0 0 0 0 0 0 0 0 0 
700 0 0 0 0 0 0 0 0 0 
800 0 0 0 0 0 0 0 0 0 
900 1029 173 0 2 0 0 0 0 0 
1000 3389 3295 0 50 2 0 0 0 0 
1100 5298 5130 328 1263 0 14 0 0 0 
1200 6151 5831 2408 2802 2 97 0 0 0 
1300 7398 6991 3967 4258 0 503 0 2 0 
1400 8376 7947 5047 5251 0 1835 0 0 0 
1500 9074 8634 5699 6035 0 2784 0 3 0 
1600 9693 9166 6341 6642 4 3656 1 1 0 
1700 10058 9547 6887 7216 1 4342 1 0 0 
1800 10492 9881 7446 7759 8 5264 1 0 0 
1900 10835 10259 8013 8262 7 6096 1 0 0 
2000 11145 10497 8335 8582 7 6692 0 2 0 
2100 11510 10973 8764 9083 10 7323 1 0 0 
2200 11905 11285 9099 9396 6 7886 2 2 0 
2300 12255 11566 9469 9821 5 8422 2 0 0 
2400 12638 11992 9899 10172 6 8883 4 3 0 
2500 12966 12372 10282 10664 17 9472 4 3 0 
2600 13332 12584 10520 10903 10 9901 1 4 0 
2700 13389 12748 10790 11194 17 10351 1 4 0 
2800 13349 12667 10754 11163 10 10436 0 8 0 
2900 13430 12746 10718 11118 5 10585 2 1 0 
3000 13458 12774 10881 11251 14 10836 1 6 0 
3100 13407 12801 10803 11201 15 10765 4 4 0 
3200 13382 12761 10716 11028 24 10697 5 5 0 
3300 13452 12820 10838 11181 44 10772 2 3 0 
3400 13372 12881 10876 11225 40 10751 1 4 0 
3500 13340 12828 10901 11306 37 10840 0 4 0 
3600 13473 12939 11018 11364 20 10989 1 6 0 
3700 13458 12917 11066 11401 25 11016 1 3 0 
3800 13452 12885 10938 11357 47 10953 0 2 0 
3900 13432 12771 10894 11344 250 10914 2 1 0 
4000 13396 12686 10876 11448 868 10937 1 1 0 
4100 13369 12548 10943 11695 1716 11014 3 3 0 
4200 13374 12353 10887 11713 2653 10875 4 1 0 
4300 13442 12240 10765 11862 3655 10957 9 3 0 
4400 13454 12078 10711 11901 4545 10919 3 8 0 
4500 13364 11937 10709 12079 5417 10898 10 5 0 
4600 13444 11861 10732 12143 6273 10904 35 1 0 
4700 13357 11851 10810 12330 7123 11007 97 6 0 
4800 13372 11600 10676 12365 7681 10974 197 0 0 
4900 13405 11624 10655 12310 8389 10955 379 9 0 
5000 13475 11620 10790 12496 8875 11120 563 4 0 
5100 13357 11579 10823 12489 9315 11079 764 2 0 
5200 13379 11587 10803 12499 9651 11055 1072 5 0 
5300 13423 11536 10808 12529 9932 11113 1392 1 0 
5400 13384 11771 11087 12538 10511 11359 1862 6 0 
5500 13364 11673 11072 12425 10600 11312 2260 4 0 
5600 13395 11725 11072 12561 10797 11321 2778 5 0 
5700 13389 11759 11141 12581 10967 11380 3165 5 0 
5800 13448 11926 11279 12547 11138 11605 3799 5 0 
5900 13465 12025 11404 12609 11270 11612 4217 3 0 
6000 13452 12094 11475 12607 11321 11728 4508 6 0 
6100 13354 12154 11456 12393 11390 11791 4860 1 0 
6200 13435 12283 11607 12559 11542 11919 5462 4 0 
6300 13411 12478 11853 12589 11778 12123 6056 3 0 
6400 13447 12478 11797 12494 11794 12123 6393 4 0 
6500 13382 12524 11830 12465 11812 12155 6866 1 0 
6600 13378 12618 11993 12523 11978 12241 7531 5 0 
6700 13380 12776 11986 12486 12047 12275 7676 2 0 
6800 13438 12745 12077 12467 12092 12300 7991 6 0 
6900 13416 12727 12057 12613 12066 12301 8504 3 0 
7000 13369 12944 12253 12520 12267 12535 8967 2 0 
7100 13368 12800 12098 12487 12204 12416 9117 7 0 
7200 13445 12821 12045 12559 12153 12391 9437 4 0 
7300 13462 12998 12335 12605 12366 12559 9819 6 0 
7400 13465 12965 12312 12571 12288 12548 10133 0 0 
7500 13431 12962 12303 12506 12339 12573 10176 9 0 
7600 13480 13024 12338 12531 12378 12627 10306 1 0 
7700 13471 12994 12280 12506 12306 12553 10359 5 0 
7800 13432 13007 12292 12506 12338 12525 10364 6 0 
7900 13445 13035 12332 12576 12329 12605 10404 4 0 
8000 13503 13044 12324 12593 12393 12571 10540 3 0 
8100 13482 12988 12289 12617 12380 12557 10670 8 0 
8200 13423 13053 12401 12566 12425 12711 10616 7 0 
8300 13499 12965 12275 12625 12346 12634 10724 1 0 
8400 13519 13051 12318 12615 12398 12630 10750 3 0 
8500 13504 13043 12387 12702 12455 12650 10826 13 0 
8600 13505 13060 12358 12624 12411 12627 10875 6 0 
8700 13565 13064 12334 12700 12403 12629 11000 5 0 
8800 13463 13036 12341 12679 12426 12622 10757 6 0 
8900 13489 13043 12396 12535 12480 12661 10785 4 0 
9000 13597 13096 12384 12737 12448 12646 10883 3 0 
9100 13544 13114 12455 12618 12509 12720 10740 3 0 
9200 13582 13110 12372 12756 12448 12666 10987 5 0 
9300 13602 13174 12443 12840 12530 12720 11040 10 0 
9400 13542 13129 12432 12692 12478 12678 10929 4 0 
9500 13533 13132 12406 12752 12485 12742 10938 6 0 
9600 13510 13174 12447 12692 12551 12739 10947 5 0 
9700 13628 13191 12504 12860 12584 12777 11133 2 0 
9800 13498 13242 12593 12708 12618 12873 11051 3 0 
9900 13560 13206 12509 12809 12587 12835 11026 0 1 
10000 13570 13238 12554 12785 12661 12842 11080 4 2 
