# Avida tasks data
# Thu Apr 13 15:19:26 2023
# First column gives the current update, next columns give the number
# of organisms that have the particular task as a component of their merit
#  1: Update
#  2: Not
#  3: Nand
#  4: And
#  5: OrNot
#  6: Or
#  7: AndNot
#  8: Nor
#  9: Xor
# 10: Equals

0 0 0 0 0 0 0 0 0 0 
100 0 0 0 0 0 0 0 0 0 
200 0 0 0 0 0 0 0 0 0 
300 0 0 0 0 0 0 0 0 0 
400 0 0 0 0 0 0 0 0 0 
500 4 0 0 0 0 0 0 0 0 
600 55 0 0 0 0 0 0 0 0 
700 113 0 0 0 0 0 0 0 0 
800 243 2 0 0 0 0 0 0 0 
900 568 20 0 4 0 0 0 0 0 
1000 949 84 0 30 4 0 0 0 0 
1100 2010 100 0 806 0 0 0 0 0 
1200 2184 365 0 2397 62 1407 1278 0 0 
1300 3724 1964 63 2746 2041 3588 3310 0 0 
1400 4099 2786 359 4235 3311 4688 4293 0 0 
1500 3993 3296 1782 5624 4513 5744 5284 0 0 
1600 3308 4205 3392 6639 5422 6621 6140 0 0 
1700 3008 5218 4884 7531 6395 7557 7006 0 0 
1800 3019 6006 6208 8377 7179 8407 7753 0 0 
1900 3300 6936 7357 9007 7895 9064 8421 0 0 
2000 3592 7835 8450 9682 8519 9726 8996 0 0 
2100 4190 8708 9460 10234 9277 10411 9599 0 0 
2200 5057 9584 10631 10848 10009 11073 10246 1 0 
2300 6043 10263 11534 11481 10667 11717 10861 0 0 
2400 6981 10939 12156 11996 11133 12205 11312 0 0 
2500 7721 11470 12434 12288 11416 12451 11576 0 0 
2600 8516 12009 12793 12635 11787 12862 11954 0 0 
2700 9138 12326 12949 12769 11828 12921 11992 0 0 
2800 9507 12580 13082 12896 12015 13080 12185 0 0 
2900 9971 12777 13150 13079 11890 13096 12156 0 0 
3000 10541 12866 13131 13069 11962 13145 12181 0 0 
3100 10861 12987 13159 13055 12010 13136 12213 0 0 
3200 11351 12940 13062 13070 11998 13102 12193 0 0 
3300 11686 13004 13117 13118 11991 13113 12166 0 0 
3400 11950 13009 13097 13061 11988 13075 12201 0 2 
3500 12138 13044 13045 13011 11953 13086 12175 0 0 
3600 12182 13048 13124 13113 12065 13141 12292 0 0 
3700 12267 13099 13141 13096 12078 13135 12312 0 0 
3800 12391 13049 13165 13082 12046 13145 12266 0 0 
3900 12503 13083 13163 13140 12067 13136 12203 0 0 
4000 12544 13020 13154 13139 12016 13131 12208 0 0 
4100 12562 13065 13225 13061 12116 13178 12267 0 0 
4200 12571 13061 13131 13109 11941 13079 12153 0 0 
4300 12648 13056 13125 13162 12014 13078 12180 0 0 
4400 12687 13013 13149 13249 11976 13085 12141 0 0 
4500 12591 13022 13182 13139 12100 13122 12275 0 0 
4600 12736 13079 13160 13252 12135 13147 12278 0 0 
4700 12657 13113 13135 13111 11985 13116 12177 0 0 
4800 12668 13041 13106 13265 12039 13113 12216 0 0 
4900 12693 13049 13168 13254 12025 13106 12221 0 0 
5000 12646 13026 13228 13255 12055 13186 12245 0 0 
5100 12803 13050 13193 13223 12167 13153 12305 0 0 
5200 12728 12997 13252 13337 12193 13251 12340 0 0 
5300 12755 13115 13187 13329 12123 13180 12244 0 0 
5400 12687 13130 13247 13373 12171 13208 12289 0 0 
5500 12729 13023 13177 13305 12103 13150 12281 0 0 
5600 12720 13122 13215 13321 12175 13191 12339 0 0 
5700 12721 13101 13160 13333 12057 13121 12208 0 0 
5800 12774 13088 13223 13281 12172 13216 12246 0 0 
5900 12669 13088 13197 13396 12103 13152 12270 0 0 
6000 12616 13104 13240 13459 12148 13207 12279 0 0 
6100 12687 13153 13202 13432 12114 13177 12218 0 0 
6200 12738 13189 13158 13427 12106 13117 12222 0 0 
6300 12813 13211 13227 13481 12107 13155 12277 0 0 
6400 12768 13236 13294 13590 12302 13222 12376 0 0 
6500 12727 13221 13159 13533 12061 13133 12216 0 0 
6600 12754 13227 13246 13480 12204 13209 12305 0 0 
6700 12766 13186 13185 13525 12250 13155 12360 0 0 
6800 12700 13192 13256 13542 12240 13204 12352 0 0 
6900 12860 13205 13227 13560 12158 13184 12224 0 0 
7000 12777 13259 13227 13491 12191 13175 12299 0 0 
7100 12629 13350 13300 13535 12314 13232 12397 0 0 
7200 12845 13344 13305 13542 12235 13241 12376 0 0 
7300 12842 13329 13258 13582 12287 13249 12424 0 0 
7400 12833 13358 13302 13601 12233 13258 12370 0 0 
7500 12831 13247 13189 13608 12218 13191 12351 0 0 
7600 12804 13282 13296 13532 12321 13252 12393 0 0 
7700 12709 13378 13271 13611 12277 13230 12425 0 0 
7800 12804 13336 13246 13575 12263 13205 12415 0 3 
7900 12907 13381 13261 13569 12200 13210 12298 0 6 
8000 12758 13244 13356 13566 12349 13302 12453 0 0 
8100 12845 13407 13309 13630 12326 13284 12453 0 3 
8200 12813 13359 13283 13519 12271 13260 12402 0 1 
8300 12730 13223 13334 13510 12348 13274 12411 0 0 
8400 12679 13365 13242 13518 12263 13186 12354 2 0 
8500 12818 13286 13258 13579 12281 13211 12397 7 0 
8600 12800 13354 13213 13538 12177 13167 12328 40 0 
8700 12739 13333 13277 13564 12189 13259 12403 116 0 
8800 12812 13365 13194 13498 11978 13151 12273 212 0 
8900 12817 13385 13254 13489 11799 13206 12318 362 0 
9000 12895 13463 13332 13543 11722 13289 12500 682 0 
9100 12820 13405 13311 13574 11139 13253 12415 1131 0 
9200 12886 13361 13279 13571 10652 13248 12385 1583 1 
9300 12757 13374 13252 13553 10239 13194 12409 2033 0 
9400 12733 13391 13290 13585 9700 13243 12395 2593 0 
9500 12699 13413 13316 13546 9367 13324 12514 3075 0 
9600 12794 13364 13292 13589 8801 13239 12392 3525 0 
9700 12716 13507 13339 13561 8199 13287 12469 4176 0 
9800 12725 13493 13321 13585 7511 13279 12423 4783 0 
9900 12687 13486 13247 13586 6787 13237 12413 5533 0 
10000 12655 13346 13262 13631 6168 13266 12404 6063 0 
