# Avida tasks data
# Thu Apr 13 21:28:23 2023
# First column gives the current update, next columns give the number
# of organisms that have the particular task as a component of their merit
#  1: Update
#  2: Not
#  3: Nand
#  4: And
#  5: OrNot
#  6: Or
#  7: AndNot
#  8: Nor
#  9: Xor
# 10: Equals

0 0 0 0 0 0 0 0 0 0 
100 0 0 0 0 0 0 0 0 0 
200 0 0 0 0 0 0 0 0 0 
300 0 0 0 0 0 0 0 0 0 
400 0 0 0 0 0 0 0 0 0 
500 0 0 0 0 0 0 0 0 0 
600 2 0 0 0 0 0 0 0 0 
700 33 0 0 0 0 0 0 0 0 
800 222 0 0 9 0 0 0 0 0 
900 770 29 0 618 0 0 0 0 0 
1000 2541 2338 0 2448 984 0 0 0 0 
1100 3986 4090 0 3950 2955 0 0 0 0 
1200 6093 6398 0 6072 5319 0 0 0 0 
1300 8141 8756 0 8096 7504 0 0 0 0 
1400 9735 10693 0 9776 9274 0 0 0 0 
1500 10839 11958 2 10882 10457 0 0 0 0 
1600 11728 12926 0 11675 11301 0 0 0 0 
1700 12312 13510 0 12236 11830 3 0 0 0 
1800 12579 13762 0 12470 12102 1 0 0 0 
1900 12574 13761 0 12567 12138 1 0 0 0 
2000 12492 13726 2 12424 12013 2 0 0 0 
2100 12630 13795 0 12594 12168 0 0 0 0 
2200 12656 13702 2 12492 12112 1 0 0 0 
2300 12584 13777 0 12480 12104 1 1 0 0 
2400 12703 13675 3 12550 12176 2 0 0 0 
2500 12695 13738 0 12498 12131 1 2 0 0 
2600 12594 13734 1 12480 12047 0 0 0 0 
2700 12630 13739 0 12561 12164 2 5 0 0 
2800 12675 13725 3 12506 12095 4 42 0 0 
2900 12581 13752 3 12459 12068 1 82 0 0 
3000 12721 13760 0 12624 12201 27 142 0 0 
3100 12741 13683 8 12479 12058 883 68 0 0 
3200 12904 13703 31 12555 12153 2480 45 0 0 
3300 12969 13780 32 12493 12009 3981 55 0 0 
3400 13024 13788 455 12462 11677 5322 78 0 0 
3500 13138 13805 1104 12434 11136 6353 75 0 0 
3600 13186 13832 2140 12243 10177 7292 87 0 0 
3700 13320 13837 3167 12324 9655 8073 78 0 0 
3800 13261 13794 4819 12270 9333 8675 92 0 0 
3900 13201 13665 5889 12209 9542 9268 103 0 0 
4000 13196 13575 6806 12305 9720 9703 114 0 0 
4100 13150 13383 7345 12199 9668 9737 157 0 104 
4200 13134 13329 6921 12229 9047 9233 169 0 579 
4300 13123 13446 6743 12264 8827 9203 170 0 872 
4400 13153 13450 6559 12330 8632 9552 173 0 1247 
4500 13160 13460 6495 12370 8453 9716 183 0 1525 
4600 13180 13446 6535 12396 8289 9708 191 0 1817 
4700 13186 13449 6704 12426 8161 9535 187 0 2014 
4800 13167 13474 6861 12441 8061 9368 189 0 2180 
4900 13182 13474 6997 12486 7957 9149 193 3 2373 
5000 13177 13485 7185 12513 7855 8940 188 2 2497 
5100 13188 13524 7465 12538 7747 8700 182 1 2689 
5200 13174 13469 7247 12556 7455 8835 196 1 2954 
5300 13186 13473 7203 12594 7320 8869 197 1 3122 
5400 13182 13494 7302 12611 7131 8681 175 2 3302 
5500 13163 13499 7401 12617 6994 8491 168 2 3410 
5600 13153 13522 7507 12652 6855 8372 159 1 3562 
5700 13172 13536 7376 12679 6776 8444 162 2 3619 
5800 13159 13520 7194 12686 6723 8707 179 2 3639 
5900 13175 13525 7246 12746 6515 8867 169 5 3843 
6000 13181 13553 7346 12782 6382 9076 183 3 4003 
6100 13170 13558 7397 12811 6217 9191 185 5 4151 
6200 13153 13580 7548 12832 6067 9436 169 2 4345 
6300 13180 13593 7566 12853 5930 9505 178 5 4501 
6400 13164 13598 7696 12862 5818 9592 180 7 4609 
6500 13209 13651 7849 12902 5681 9694 170 11 4779 
6600 13170 13617 7907 12885 5586 9795 179 6 4877 
6700 13149 13650 8040 12927 5482 9836 177 4 5007 
6800 13095 13610 8081 12916 5368 9859 168 8 5119 
6900 13156 13659 8206 12965 5216 9890 184 11 5247 
7000 13133 13644 8354 12971 5076 9970 184 13 5317 
7100 13164 13673 8480 13006 4961 10058 191 15 5452 
7200 13170 13667 8576 13044 4786 10074 191 12 5597 
7300 13197 13675 8628 13045 4656 10053 190 8 5716 
7400 13224 13713 8759 13087 4541 10167 177 14 5874 
7500 13245 13711 8870 13078 4411 10216 209 12 6029 
7600 13241 13701 8933 13093 4291 10168 217 20 6054 
7700 13245 13715 9027 13124 4219 10194 206 11 6126 
7800 13259 13698 9077 13106 4108 10170 203 18 6205 
7900 13248 13699 9181 13125 3886 10249 208 16 6423 
8000 13257 13734 9273 13169 3751 10290 203 15 6514 
8100 13260 13719 9341 13187 3623 10301 206 16 6665 
8200 13246 13724 9419 13195 3498 10330 206 16 6783 
8300 13216 13693 9477 13188 3393 10360 200 15 6855 
8400 13221 13697 9524 13247 3104 10388 203 16 7024 
8500 13208 13688 9723 13297 2843 10477 212 16 7262 
8600 13228 13664 9907 13348 2634 10532 216 29 7518 
8700 13246 13673 10007 13393 2546 10596 216 35 7702 
8800 13223 13617 10079 13429 2435 10576 225 27 7878 
8900 13245 13631 10199 13453 2277 10729 215 31 8100 
9000 13242 13642 10344 13443 2158 10783 225 31 8298 
9100 13181 13609 10342 13458 2122 10761 224 32 8290 
9200 13188 13627 10336 13467 2102 10771 214 40 8340 
9300 13207 13608 10360 13494 2050 10793 223 43 8438 
9400 13173 13626 10394 13505 1974 10821 223 39 8535 
9500 13180 13619 10442 13500 1891 10853 214 48 8577 
9600 13211 13640 10493 13534 1793 10870 215 60 8696 
9700 13192 13620 10523 13534 1662 10861 218 48 8780 
9800 13160 13604 10552 13540 1627 10921 213 52 8825 
9900 13159 13617 10265 13594 1442 11002 224 53 8981 
10000 13156 13609 9973 13581 1351 11046 221 57 9077 
