# Avida tasks data
# Fri Apr 14 02:12:04 2023
# First column gives the current update, next columns give the number
# of organisms that have the particular task as a component of their merit
#  1: Update
#  2: Not
#  3: Nand
#  4: And
#  5: OrNot
#  6: Or
#  7: AndNot
#  8: Nor
#  9: Xor
# 10: Equals

0 0 0 0 0 0 0 0 0 0 
100 0 0 0 0 0 0 0 0 0 
200 0 0 0 0 0 0 0 0 0 
300 0 0 0 0 0 0 0 0 0 
400 0 0 0 0 0 0 0 0 0 
500 0 0 0 0 0 0 0 0 0 
600 0 0 0 0 0 0 0 0 0 
700 0 0 0 0 0 0 0 0 0 
800 2 0 0 0 0 0 0 0 0 
900 2 0 0 0 0 0 0 0 0 
1000 41 12 0 0 0 0 0 0 0 
1100 156 53 0 62 0 0 0 0 0 
1200 409 419 0 765 348 0 0 0 0 
1300 1377 338 0 1777 1500 4 83 0 0 
1400 1446 377 2 2595 2277 24 1646 0 0 
1500 1153 367 6 3411 2707 39 2929 0 0 
1600 1153 367 6 3411 2707 39 2929 0 0 
1700 1112 254 4 3957 3077 88 3595 0 0 
1800 1053 339 82 4247 3454 219 3958 0 0 
1900 1421 1636 189 4837 3978 1456 4526 0 0 
2000 2458 2770 212 5648 4693 2494 5330 1 0 
2100 2544 3218 248 6083 5081 2900 5751 0 0 
2200 3587 3927 216 6269 5748 2085 6372 3 0 
2300 4330 3044 157 7012 6168 1752 6780 3 0 
2400 4807 2421 94 7495 6411 1501 7006 3 0 
2500 4955 1842 76 7595 6398 1029 6985 737 0 
2600 5233 1709 71 7624 6592 856 7040 1675 3 
2700 5490 1558 32 7686 6725 703 7054 2414 2 
2800 5716 1371 18 7808 6781 614 7077 3084 3 
2900 6255 1329 19 8281 7244 526 7516 3689 5 
