# Avida tasks data
# Fri Apr 14 05:21:21 2023
# First column gives the current update, next columns give the number
# of organisms that have the particular task as a component of their merit
#  1: Update
#  2: Not
#  3: Nand
#  4: And
#  5: OrNot
#  6: Or
#  7: AndNot
#  8: Nor
#  9: Xor
# 10: Equals

0 0 0 0 0 0 0 0 0 0 
100 0 0 0 0 0 0 0 0 0 
200 0 0 0 0 0 0 0 0 0 
300 0 0 0 0 0 0 0 0 0 
400 0 0 0 0 0 0 0 0 0 
500 0 0 0 0 0 0 0 0 0 
600 0 0 0 0 0 0 0 0 0 
700 0 0 0 0 0 0 0 0 0 
800 0 0 0 0 0 0 0 0 0 
900 0 0 0 0 0 0 0 0 0 
1000 277 371 0 2 0 0 0 0 0 
1100 3310 3139 12 30 0 3 0 0 0 
1200 6044 5597 244 58 0 0 0 0 0 
1300 7970 7373 1061 237 0 122 0 0 0 
1400 9097 8252 1754 401 0 511 0 0 0 
1500 10019 9176 2142 522 0 952 0 0 0 
1600 10735 9787 2219 729 1 1592 0 0 0 
1700 11268 10278 2136 1422 86 2393 0 0 0 
1800 11696 10738 1775 2302 682 3992 4 0 0 
1900 12198 11255 1522 3008 1321 5401 1 0 0 
2000 12627 11718 1165 4024 2084 6719 2 2 0 
2100 12963 12070 852 5010 2740 7509 180 0 0 
2200 13121 12191 765 4897 3888 6944 1361 0 0 
2300 13159 12213 682 4264 4738 6272 2686 417 669 
2400 13211 12220 625 4042 5122 6099 3198 422 1265 
2500 13165 12178 708 4016 5292 6052 3371 387 1421 
2600 13189 12215 688 3997 5374 6015 3444 373 1538 
2700 13191 12236 667 3949 5295 5943 3565 427 1780 
2800 13174 12257 658 3924 5037 5880 3659 718 2011 
2900 13179 12252 654 3926 4893 5821 3721 903 2112 
3000 13194 12247 651 3908 4805 5759 3827 1076 2243 
3100 13179 12304 662 3872 4706 5677 3949 1325 2422 
3200 13177 12308 662 3838 4599 5635 3996 1464 2508 
3300 13143 12299 660 3821 4468 5589 4075 1676 2648 
3400 13172 12337 656 3763 4409 5528 4227 1848 2811 
3500 13124 12259 664 3744 4314 5503 4159 1831 2763 
3600 13119 12327 682 3757 4231 5501 4285 2025 2918 
3700 13121 12290 779 3910 4174 5641 4203 1996 2876 
3800 13151 12338 865 4102 4145 5833 4256 2050 2980 
3900 13126 12337 842 4160 4147 5885 4249 2031 2991 
4000 13141 12351 883 4305 4136 6031 4270 2082 3065 
4100 13129 12325 935 4444 4119 6122 4222 2059 3083 
4200 13118 12316 930 4522 4121 6195 4215 2118 3146 
4300 13143 12367 927 4462 4116 6103 4139 2251 3307 
4400 13060 12358 918 4404 4115 6047 4083 2265 3330 
4500 13076 12354 882 4329 4114 5974 4011 2240 3317 
4600 13000 12261 876 4342 4117 5977 4024 2179 3261 
4700 12919 12216 881 4368 4121 6001 4037 2074 3217 
4800 13016 12300 863 4316 4102 5933 3969 2189 3303 
4900 13162 12435 871 4307 4098 5926 3966 2377 3477 
5000 13158 12412 871 4325 4066 5906 3942 2406 3507 
5100 13171 12428 866 4290 4049 5852 3921 2465 3576 
5200 13127 12368 867 4286 4029 5821 3914 2418 3545 
5300 13138 12391 869 4265 4001 5786 3895 2490 3607 
