# Avida tasks data
# Fri Apr 14 02:14:54 2023
# First column gives the current update, next columns give the number
# of organisms that have the particular task as a component of their merit
#  1: Update
#  2: Not
#  3: Nand
#  4: And
#  5: OrNot
#  6: Or
#  7: AndNot
#  8: Nor
#  9: Xor
# 10: Equals

0 0 0 0 0 0 0 0 0 0 
100 0 0 0 0 0 0 0 0 0 
200 0 0 0 0 0 0 0 0 0 
300 0 0 0 0 0 0 0 0 0 
400 0 0 0 0 0 0 0 0 0 
500 0 0 0 0 0 0 0 0 0 
600 0 0 0 0 0 0 0 0 0 
700 3 0 0 0 0 0 0 0 0 
800 58 10 0 0 0 0 0 0 0 
900 285 80 0 0 0 0 0 0 0 
1000 578 129 0 6 0 0 0 0 0 
1100 982 215 0 84 3 0 0 0 0 
1200 1314 327 0 750 447 0 0 0 0 
1300 1121 519 0 2844 2334 0 0 0 0 
1400 1235 986 0 4315 3725 4 0 0 0 
1500 1515 1754 5 5358 4973 23 153 0 0 
1600 1818 2484 9 5735 6049 14 809 0 0 
1700 2182 2831 8 6066 7147 65 1523 0 0 
1800 3846 2380 13 6528 7350 1726 3362 0 0 
1900 5272 1469 20 6936 7444 3973 4675 0 0 
2000 6497 1127 22 7396 7588 5692 5748 0 0 
2100 7975 1115 32 8163 8104 7366 6877 0 0 
2200 9201 1407 34 8761 8479 8758 7687 0 0 
2300 10315 2097 38 9609 9086 9858 8638 0 0 
2400 11134 2684 48 10143 9764 10794 9357 0 0 
2500 11868 3546 28 10613 10227 11580 9998 0 0 
2600 12202 4291 36 10853 10452 11784 10244 0 119 
2700 12507 5206 43 11180 10808 10952 10600 0 1040 
2800 12655 6171 44 11289 10920 9787 10677 0 2065 
2900 12873 7220 68 11413 11048 8520 10851 0 3239 
3000 13047 8318 43 11668 11327 7204 11057 0 4424 
3100 13227 9322 56 11851 11574 6062 11276 0 5559 
3200 13429 10276 44 12125 11747 5013 11514 0 6642 
3300 13533 11056 43 12242 11933 3797 11658 0 7699 
3400 13603 11911 63 12333 12019 2640 11742 0 8792 
3500 13623 12593 52 12285 11944 1669 11681 0 9511 
3600 13676 12920 37 12461 12104 1044 11811 0 10118 
3700 13694 13182 49 12465 12132 688 11905 0 10491 
3800 13682 13374 54 12482 12079 407 11863 0 10673 
3900 13707 13549 38 12431 12077 201 11826 0 10885 
4000 13772 13654 56 12550 12188 147 11918 0 10922 
4100 13702 13640 44 12475 12053 135 11832 0 11009 
4200 13705 13499 47 12493 12072 137 11851 0 11025 
4300 13708 13149 47 12473 12060 125 11825 0 11018 
4400 13695 12923 48 12467 12064 130 11845 0 11035 
4500 13678 12586 55 12456 12039 683 11821 0 10998 
4600 13694 12882 45 12470 12041 608 11822 0 11012 
4700 13700 12511 47 12488 11777 557 11840 0 11035 
