# Avida tasks data
# Fri Apr 14 06:57:17 2023
# First column gives the current update, next columns give the number
# of organisms that have the particular task as a component of their merit
#  1: Update
#  2: Not
#  3: Nand
#  4: And
#  5: OrNot
#  6: Or
#  7: AndNot
#  8: Nor
#  9: Xor
# 10: Equals

0 0 0 0 0 0 0 0 0 0 
100 0 0 0 0 0 0 0 0 0 
200 0 0 0 0 0 0 0 0 0 
300 0 0 0 0 0 0 0 0 0 
400 0 0 0 0 0 0 0 0 0 
500 0 0 0 0 0 0 0 0 0 
600 0 0 0 0 0 0 0 0 0 
700 1 0 0 0 0 0 0 0 0 
800 1096 0 0 0 0 0 0 0 0 
900 1942 856 0 7 0 0 0 0 0 
1000 1942 856 0 7 0 0 0 0 0 
1100 1967 901 0 9 0 2 0 0 0 
1200 2958 2433 1 34 0 9 0 0 0 
1300 2958 2432 1 34 0 9 0 0 0 
1400 2955 2434 1 34 0 9 0 0 0 
1500 2954 2434 1 34 0 9 0 0 0 
1600 2951 2429 1 36 0 9 0 0 0 
1700 2948 2430 1 34 0 9 0 0 0 
1800 2950 2435 1 34 0 9 0 0 0 
1900 2952 2436 1 34 0 9 0 0 0 
2000 2953 2433 1 36 0 9 0 0 0 
2100 2952 2431 1 36 0 9 0 0 0 
2200 2954 2434 1 36 0 9 0 0 0 
2300 2952 2435 1 35 0 9 0 0 0 
2400 2950 2438 1 35 0 9 0 0 0 
2500 2951 2439 1 35 0 9 0 0 0 
2600 2950 2438 1 35 0 9 0 0 0 
2700 2953 2440 1 34 0 9 0 0 0 
2800 2957 2443 1 34 0 9 0 0 0 
2900 2957 2443 1 34 0 9 0 0 0 
3000 2958 2444 1 34 0 9 0 0 0 
3100 2962 2446 1 34 0 9 0 0 0 
3200 4442 4088 0 39 2 5 0 0 0 
3300 5149 4793 0 60 2 6 0 0 0 
3400 6036 5709 0 75 2 4 0 0 0 
3500 6390 6177 0 111 3 2 0 0 0 
3600 6485 6327 0 93 3 2 0 0 0 
3700 6498 6326 0 106 5 2 0 0 0 
3800 6851 6676 0 105 5 2 0 0 0 
3900 6900 6705 1 94 5 5 0 0 0 
4000 6900 6705 1 94 5 5 0 0 0 
4100 6900 6705 1 94 5 5 0 0 0 
4200 6898 6703 1 93 5 5 0 0 0 
4300 6898 6703 1 93 5 5 0 0 0 
4400 6900 6705 1 93 5 5 0 0 0 
4500 6899 6704 1 93 5 5 0 0 0 
4600 6900 6705 1 93 5 5 0 0 0 
4700 6899 6704 1 93 5 5 0 0 0 
4800 6899 6704 1 93 5 5 0 0 0 
4900 6899 6704 1 93 5 5 0 0 0 
5000 6899 6704 1 93 5 5 0 0 0 
5100 6900 6705 1 93 5 5 0 0 0 
5200 6899 6704 1 93 5 5 0 0 0 
5300 6899 6704 1 93 5 5 0 0 0 
5400 6899 6704 1 93 5 5 0 0 0 
5500 6899 6704 1 93 5 5 0 0 0 
