# Avida tasks data
# Fri Apr 14 05:19:28 2023
# First column gives the current update, next columns give the number
# of organisms that have the particular task as a component of their merit
#  1: Update
#  2: Not
#  3: Nand
#  4: And
#  5: OrNot
#  6: Or
#  7: AndNot
#  8: Nor
#  9: Xor
# 10: Equals

0 0 0 0 0 0 0 0 0 0 
100 0 0 0 0 0 0 0 0 0 
200 0 0 0 0 0 0 0 0 0 
300 0 0 0 0 0 0 0 0 0 
400 173 0 0 0 0 0 0 0 0 
500 1207 0 0 0 0 0 0 0 0 
600 2653 15 0 7 0 0 0 0 0 
700 3132 66 0 1007 33 0 2 0 0 
800 3771 146 0 2541 56 0 1 0 0 
900 4153 211 0 3127 61 0 2 0 0 
1000 4283 220 0 3342 58 0 0 0 0 
1100 4485 204 0 3555 99 4 0 0 0 
1200 4985 218 0 4026 111 1 2 0 0 
1300 6011 314 0 5045 171 3 3 0 0 
1400 7396 383 0 6427 186 2 1 0 0 
1500 7886 417 0 6919 200 1 1 0 0 
1600 8232 448 0 7259 183 2 4 0 0 
1700 9095 518 0 8157 212 0 4 0 0 
1800 9564 489 0 8638 218 5 4 0 0 
1900 10668 597 0 9795 204 2 5 0 0 
2000 11574 636 0 10830 259 0 9 0 0 
2100 12220 722 0 11583 273 1 7 0 0 
2200 12711 774 2 11960 266 2 4 0 0 
2300 13075 705 2 12472 1191 3 9 0 0 
2400 12661 728 2 12549 1565 6 6 0 0 
2500 12909 725 2 12601 2023 10 8 0 0 
2600 13004 770 2 12653 2433 6 10 0 0 
2700 12988 807 0 12743 2326 15 11 0 0 
