# Avida tasks data
# Fri Apr 14 03:32:51 2023
# First column gives the current update, next columns give the number
# of organisms that have the particular task as a component of their merit
#  1: Update
#  2: Not
#  3: Nand
#  4: And
#  5: OrNot
#  6: Or
#  7: AndNot
#  8: Nor
#  9: Xor
# 10: Equals

0 0 0 0 0 0 0 0 0 0 
100 0 0 0 0 0 0 0 0 0 
200 0 0 0 0 0 0 0 0 0 
300 0 0 0 0 0 0 0 0 0 
400 0 0 0 0 0 0 0 0 0 
500 1 2 0 0 0 0 0 0 0 
600 0 15 0 0 0 0 0 0 0 
700 1 51 0 0 0 0 0 0 0 
800 13 119 0 0 0 0 0 0 0 
900 149 20 0 819 0 0 0 0 0 
1000 737 60 0 1786 4 0 0 0 0 
1100 659 79 0 2337 1039 0 0 0 0 
1200 652 88 0 3225 2478 0 0 0 0 
1300 1097 122 0 4552 4065 1 0 0 0 
1400 1727 137 0 5649 5287 0 0 0 0 
1500 2564 177 0 6860 6580 0 0 0 0 
1600 3233 181 0 7930 7708 0 0 0 0 
1700 4105 325 2 9109 8842 0 0 0 0 
1800 4977 521 0 10009 9678 0 0 0 0 
1900 5814 830 0 10579 10250 18 0 0 0 
2000 6474 1174 1 11079 10650 47 1 0 0 
2100 7222 1366 2 11504 11000 265 0 0 0 
2200 7794 1491 10 11702 11260 1237 1 2 0 
2300 7948 3402 1728 11817 11349 2826 2 4 1 
2400 7998 4714 3244 11863 11338 4144 0 8 5 
2500 8248 5853 4522 11938 11368 5308 2 18 6 
2600 8510 6777 5507 12102 11446 6181 2 22 5 
2700 8867 7776 6495 12228 11516 7190 3 28 2 
2800 9222 8156 6920 12392 11642 7870 306 311 281 
2900 9635 7889 6338 12648 11969 8478 1439 1478 1541 
3000 9782 8573 5869 12674 11823 8584 1832 2038 2083 
3100 9817 8595 5348 12667 11739 8654 2297 2628 2719 
3200 9609 8003 5249 12647 11824 8574 2279 2632 2720 
3300 9596 8006 5054 12673 11900 8559 2495 2833 2921 
3400 9471 8117 4798 12635 11921 8469 2628 3003 3096 
3500 8752 7973 4422 12672 11965 8620 2363 3487 3632 
3600 8818 7808 4259 12648 11980 8655 2637 3737 3897 
3700 8869 7729 4192 12678 12014 8719 2791 3879 4046 
3800 8901 7707 4102 12667 12036 8834 2956 4057 4223 
3900 8957 7716 4062 12686 12049 8901 3085 4182 4346 
4000 9032 7828 4067 12687 12057 8968 3157 4253 4418 
4100 9039 7920 4030 12694 12069 8969 3201 4282 4454 
4200 9072 7957 3897 12697 12089 9005 3426 4513 4679 
4300 9102 7869 3883 12679 12088 9039 3549 4634 4807 
4400 9160 7846 3838 12670 12089 9105 3704 4795 4967 
4500 9238 7698 3769 12692 12110 9222 3857 4955 5138 
4600 9454 7601 3623 12715 12144 9436 4265 5318 5501 
4700 9504 7531 3581 12702 12172 9468 4393 5434 5611 
4800 9714 7563 3589 12699 12174 9478 4627 5464 5627 
4900 9822 7660 3587 12711 12199 9477 4761 5478 5633 
5000 9912 7727 3585 12717 12205 9505 4888 5528 5672 
5100 9990 7824 3581 12724 12212 9515 5010 5578 5723 
5200 10071 7749 3586 12733 12228 9545 5092 5599 5751 
5300 10060 7616 3546 12733 12239 9553 5137 5645 5792 
5400 10047 7658 3537 12712 12212 9527 5132 5633 5781 
5500 10056 7603 3517 12713 12224 9548 5170 5665 5820 
5600 10052 7625 3476 12714 12225 9545 5221 5716 5873 
5700 10046 7617 3452 12701 12185 9524 5192 5687 5836 
5800 10042 7513 3455 12695 12167 9495 5180 5678 5825 
5900 10069 7541 3437 12693 12154 9499 5221 5718 5862 
6000 10074 7506 3423 12691 12152 9498 5228 5719 5865 
6100 10095 7530 3411 12718 12161 9486 5239 5736 5870 
6200 10086 7540 3423 12692 12147 9487 5240 5724 5858 
6300 10139 7539 3407 12696 12152 9523 5280 5787 5901 
6400 10191 7608 3407 12695 12138 9583 5343 5838 5964 
6500 10230 7565 3388 12701 12163 9618 5387 5878 6020 
6600 10236 7536 3382 12683 12172 9623 5401 5888 6032 
6700 10242 7530 3387 12690 12179 9628 5407 5893 6039 
6800 10291 7599 3404 12705 12179 9697 5463 5974 6100 
6900 10464 7652 3406 12717 12199 9876 5632 6133 6265 
7000 10523 7678 3388 12713 12219 9959 5702 6223 6357 
7100 10601 7684 3393 12728 12238 10039 5797 6306 6443 
7200 10641 7700 3361 12711 12215 10086 5875 6406 6528 
7300 10672 7645 3284 12701 12213 10119 5991 6518 6633 
7400 10739 7622 3274 12715 12223 10207 6072 6640 6746 
7500 10797 7609 3244 12716 12239 10260 6176 6724 6838 
7600 10818 7461 3165 12715 12262 10313 6306 6829 6929 
7700 10830 7439 3150 12713 12271 10362 6330 6871 6986 
7800 10877 7428 3109 12695 12273 10441 6407 6989 7100 
7900 10937 7425 3097 12690 12281 10493 6512 7088 7204 
8000 10943 7435 3053 12689 12287 10522 6582 7155 7272 
8100 10939 7451 3022 12678 12275 10543 6609 7204 7344 
8200 10970 7525 2983 12721 12306 10591 6679 7274 7411 
8300 10995 7544 2968 12709 12291 10608 6732 7319 7462 
8400 10987 7519 2931 12711 12298 10618 6755 7365 7510 
8500 10997 7540 2890 12699 12281 10631 6811 7404 7575 
8600 11009 7525 2842 12697 12302 10658 6888 7509 7660 
8700 11014 7475 2840 12691 12304 10638 6882 7519 7656 
8800 11036 7496 2783 12701 12309 10679 7020 7650 7764 
8900 11032 7485 2737 12698 12299 10708 7083 7708 7846 
9000 11061 7444 2679 12716 12328 10769 7223 7845 7981 
9100 11039 7467 2623 12680 12303 10759 7266 7879 8021 
9200 11040 7437 2593 12685 12299 10776 7324 7943 8078 
9300 11087 7462 2582 12686 12323 10850 7401 8046 8184 
9400 11087 7485 2505 12701 12304 10840 7483 8128 8270 
9500 11073 7532 2460 12682 12303 10840 7510 8133 8285 
9600 11062 7549 2456 12666 12281 10827 7509 8138 8294 
9700 11077 7623 2431 12656 12277 10837 7548 8164 8310 
9800 11068 7657 2430 12659 12283 10812 7546 8169 8311 
9900 11100 7676 2411 12662 12270 10828 7592 8193 8315 
10000 11106 7670 2410 12661 12286 10847 7642 8244 8365 
