# Avida tasks data
# Fri Apr 14 04:49:08 2023
# First column gives the current update, next columns give the number
# of organisms that have the particular task as a component of their merit
#  1: Update
#  2: Not
#  3: Nand
#  4: And
#  5: OrNot
#  6: Or
#  7: AndNot
#  8: Nor
#  9: Xor
# 10: Equals

0 0 0 0 0 0 0 0 0 0 
100 0 0 0 0 0 0 0 0 0 
200 0 0 0 0 0 0 0 0 0 
300 0 0 0 0 0 0 0 0 0 
400 0 0 0 0 0 0 0 0 0 
500 0 0 0 0 0 0 0 0 0 
600 0 0 0 0 0 0 0 0 0 
700 0 0 0 0 0 0 0 0 0 
800 0 0 0 0 0 0 0 0 0 
900 0 0 0 0 0 0 0 0 0 
1000 1 0 0 0 0 0 0 0 0 
1100 1 0 0 0 0 0 0 0 0 
1200 18 0 0 0 0 0 0 0 0 
1300 347 0 0 0 0 0 0 0 0 
1400 1113 0 0 0 0 0 0 0 0 
1500 2062 112 1 29 0 0 0 0 0 
1600 3546 481 3 1889 0 24 0 0 0 
1700 4060 2333 549 3124 2 38 0 0 0 
1800 5320 3709 2144 4189 2 2177 1 0 0 
1900 6469 4898 3453 5293 0 3842 0 0 0 
2000 7747 6188 4752 6436 3 5510 1 0 0 
2100 8660 7272 5957 7519 1 6733 2 0 0 
2200 9459 8330 6958 8496 1 7843 0 0 0 
2300 10045 9251 7702 9258 0 8837 1 0 0 
2400 10533 10164 8544 10203 5 9746 0 0 0 
2500 11049 10972 9270 10986 7 10574 0 0 0 
2600 11404 11586 9852 11613 3 11108 0 0 0 
2700 11699 12108 10283 12110 5 11681 2 0 0 
2800 11922 12511 10577 12424 6 12067 0 0 0 
2900 12284 12808 10895 12831 1 12328 1 0 0 
3000 12328 13112 10988 13009 4 12716 3 0 0 
3100 12504 13257 11274 13219 4 12774 1 0 0 
3200 12623 13359 11356 13322 4 12865 1 0 0 
3300 12649 13490 11453 13367 4 12998 0 0 0 
3400 12586 13481 11364 13408 2 12949 2 0 0 
3500 12585 13411 11412 13349 3 12943 1 0 0 
3600 12695 13455 11337 13344 5 12927 1 0 0 
3700 12621 13452 11269 13375 3 12900 0 0 0 
3800 12568 13434 11359 13375 0 12872 1 0 0 
3900 12550 13427 11349 13351 9 12875 1 0 0 
4000 12625 13491 11319 13364 1 12936 0 0 0 
4100 12550 13370 11317 13385 1 12892 4 0 0 
4200 12501 13467 11299 13326 3 12938 3 0 0 
4300 12700 13420 11472 13360 6 12882 1 0 0 
4400 12651 13455 11456 13413 4 12840 0 0 0 
4500 12581 13382 11435 13410 2 12883 2 0 0 
4600 12603 13363 11345 13405 1 12800 2 0 0 
4700 12663 13415 11283 13333 0 12884 0 0 0 
4800 12605 13406 11237 13307 4 12859 2 0 0 
4900 12684 13443 11390 13303 4 12918 2 0 0 
5000 12635 13348 11364 13430 4 12933 0 0 0 
5100 12645 13410 11435 13388 5 12979 0 0 0 
5200 12651 13332 11327 13351 0 12904 2 0 0 
5300 12616 13328 11355 13415 2 12845 9 0 0 
5400 12611 13385 11315 13364 6 12886 2 0 0 
5500 12691 13438 11560 13434 5 12886 2 0 0 
5600 12752 13424 11500 13381 3 12941 6 0 0 
5700 12698 13381 11267 13362 5 12866 1 0 0 
5800 12653 13405 11362 13389 1 12955 0 0 2 
5900 12666 13463 11400 13395 4 12930 0 0 0 
6000 12744 13391 11471 13388 1 12879 1 0 0 
6100 12650 13471 11443 13402 5 12960 2 0 0 
6200 12699 13377 11394 13345 3 12847 3 0 0 
6300 12609 13387 11380 13285 1 12838 2 0 0 
6400 12713 13413 11407 13385 0 12974 3 0 0 
6500 12710 13456 11605 13431 0 12953 2 0 0 
6600 12725 13473 11355 13359 6 12909 2 0 0 
6700 12718 13345 11421 13394 5 12879 2 0 0 
6800 12832 13430 11568 13371 12 12890 6 0 0 
6900 12640 13437 11439 13421 21 12855 2 0 0 
7000 12850 13403 11562 13438 31 12898 11 0 0 
7100 12724 13477 11578 13421 36 12937 24 0 0 
7200 12782 13410 11643 13387 10 12943 69 0 0 
7300 12727 13415 11478 13365 1 12945 79 0 0 
7400 12605 13460 11565 13364 1 13051 163 0 0 
7500 12555 13392 11490 13424 8 12780 243 0 0 
7600 12675 13362 11486 13429 10 12390 568 0 0 
7700 12724 13366 11499 13443 9 11671 975 0 130 
7800 12821 13428 11506 13398 8 10854 431 0 1323 
7900 12859 13420 11434 13418 36 9311 172 0 2789 
8000 12862 13473 11437 13436 38 7676 84 0 4361 
8100 12972 13519 11356 13420 45 6282 68 0 5546 
8200 13059 13626 11419 13443 51 4911 94 0 6771 
8300 12993 13593 11298 13460 66 3640 65 0 7666 
8400 12851 13527 11405 13450 88 2545 86 3 8721 
8500 13004 13605 11467 13433 83 1794 118 2 9335 
8600 13043 13624 11451 13462 70 1268 100 0 9830 
8700 12993 13622 11387 13499 65 933 130 0 10085 
8800 13071 13574 11344 13386 77 628 97 0 10265 
8900 13116 13598 11261 13430 86 416 92 0 10359 
9000 13144 13604 11476 13501 74 315 125 0 10547 
9100 13067 13542 11412 13430 62 324 108 0 10623 
9200 13061 13556 11403 13491 66 304 132 0 10473 
9300 13015 13550 11427 13525 69 292 223 0 10557 
9400 12993 13497 11458 13550 67 290 626 0 10555 
9500 13113 13536 11326 13463 73 340 1332 0 10407 
9600 13107 13351 11374 13457 71 414 2017 0 10535 
9700 13099 13149 11409 13493 72 368 2081 0 10576 
9800 13014 13002 11329 13528 69 378 1968 0 10517 
9900 13018 12953 11202 13466 56 385 1653 0 10417 
10000 13019 12951 11274 13464 51 418 1443 1 10528 
