# Avida tasks data
# Fri Apr 14 06:37:23 2023
# First column gives the current update, next columns give the number
# of organisms that have the particular task as a component of their merit
#  1: Update
#  2: Not
#  3: Nand
#  4: And
#  5: OrNot
#  6: Or
#  7: AndNot
#  8: Nor
#  9: Xor
# 10: Equals

0 0 0 0 0 0 0 0 0 0 
100 0 0 0 0 0 0 0 0 0 
200 0 0 0 0 0 0 0 0 0 
300 0 0 0 0 0 0 0 0 0 
400 0 0 0 0 0 0 0 0 0 
500 59 0 0 0 0 0 0 0 0 
600 540 25 0 0 0 0 0 0 0 
700 2022 1957 0 1931 16 0 0 0 0 
800 4028 4059 0 3947 13 5 0 0 0 
900 6026 6015 2 5942 25 0 0 0 0 
1000 8232 8121 0 8019 34 0 0 0 0 
1100 10006 9951 7 9739 27 0 0 0 0 
1200 11635 11533 3 11376 44 0 0 0 0 
1300 12258 12109 2 11969 46 0 0 0 0 
1400 12443 12254 5 12012 30 0 0 0 0 
1500 12448 12205 21 12004 47 0 0 0 0 
1600 12472 12282 29 12113 38 0 0 0 0 
1700 12400 12295 117 12170 52 0 0 0 0 
1800 12320 12285 230 12104 47 0 0 0 0 
1900 12068 12380 388 12215 47 7 0 0 0 
2000 11909 12419 681 12280 44 2 0 0 0 
2100 11560 12473 1024 12311 37 3 0 0 0 
2200 11243 12440 1532 12325 36 10 1 0 0 
2300 11969 12590 3406 12436 26 22 0 0 0 
2400 12322 12525 5121 12471 36 22 0 0 0 
2500 12662 12669 6674 12607 30 32 0 0 0 
2600 12936 12768 7838 12692 31 50 0 0 0 
2700 13043 12896 8967 12749 30 29 0 0 0 
2800 12988 12854 9792 12737 29 144 6 0 0 
2900 13132 12734 10535 12733 24 735 2 0 0 
3000 13192 12677 11053 12784 9 1590 6 0 0 
3100 13190 12739 11478 12826 24 2520 11 0 0 
3200 13186 12698 11518 12880 15 3636 15 0 0 
3300 13102 12681 11634 12945 8 4730 9 0 0 
3400 13235 12499 11606 12832 8 5704 29 0 0 
3500 13180 12488 11647 12882 4 6684 34 1 0 
3600 13241 12404 11662 12832 3 7787 34 1 0 
3700 13204 12456 11725 12871 5 8955 57 0 0 
3800 13201 12375 11642 12842 7 9740 56 0 0 
3900 13211 12393 11786 12782 12 10548 52 0 0 
4000 13167 12474 11793 13027 12 11249 51 0 0 
4100 13269 12391 11755 12967 2 11849 59 0 0 
4200 13346 12349 11807 12932 9 12264 82 0 0 
4300 13297 12355 11772 12927 4 12620 73 0 0 
4400 13311 12375 11887 13060 3 12768 82 0 0 
4500 13234 12419 11809 12995 4 12922 106 0 0 
4600 13315 12287 11767 12988 6 12932 99 0 0 
4700 13362 12333 11875 13012 5 13046 111 0 0 
4800 13402 12363 11823 12998 6 12983 216 0 0 
4900 13371 12383 11883 13119 7 13080 325 0 0 
5000 13369 12455 11864 13035 10 13148 454 0 0 
5100 13322 12400 11870 13119 19 13060 613 0 0 
5200 13435 12471 11930 13135 28 13035 888 0 0 
5300 13406 12502 11944 13208 53 13070 1138 0 0 
5400 13385 12443 11837 13116 34 13030 1364 0 0 
5500 13475 12525 11974 13144 85 13076 1718 0 0 
5600 13414 12501 11904 13075 181 13024 2099 0 0 
5700 13508 12528 12011 13151 452 13121 2395 0 0 
5800 13377 12554 11940 13182 958 12983 2742 0 0 
5900 13411 12589 11940 13212 1473 13017 3134 0 0 
6000 13414 12518 11872 13183 2009 12925 3474 0 0 
6100 13444 12496 11836 13168 2778 12770 3694 0 0 
6200 13421 12571 11870 13183 3502 12855 4084 0 0 
6300 13405 12473 11788 13255 4196 12789 4287 0 0 
6400 13383 12497 11707 13231 5038 12639 4393 0 57 
6500 13365 12509 11585 13250 5693 12641 4492 0 148 
6600 13355 12476 11282 13227 6335 12596 4450 0 405 
6700 13405 12445 10717 13227 7128 12460 4290 0 856 
6800 13378 12379 10512 13280 7919 11964 3964 0 1389 
6900 13494 12322 10607 13381 8539 11041 3843 0 2012 
7000 13407 11959 10268 13280 8774 9792 3772 2 2838 
7100 13432 12775 10569 13336 8776 8682 3761 5 3747 
7200 13418 13019 10720 13302 8834 7670 3755 5 4313 
7300 13475 13191 10662 13273 9062 6553 3644 3 5178 
7400 13488 13343 10310 13295 9420 5544 3345 4 6173 
7500 13456 13397 9914 13330 9743 4959 2988 8 6892 
7600 13470 13479 10330 13325 9994 4332 2775 5 7307 
7700 13481 13513 10508 13322 10131 3985 2639 7 7484 
7800 13479 13525 10543 13293 10580 3494 2353 5 7837 
7900 13496 13527 10549 13372 10715 3270 2200 4 7906 
