# Avida tasks data
# Fri Apr 14 09:51:23 2023
# First column gives the current update, next columns give the number
# of organisms that have the particular task as a component of their merit
#  1: Update
#  2: Not
#  3: Nand
#  4: And
#  5: OrNot
#  6: Or
#  7: AndNot
#  8: Nor
#  9: Xor
# 10: Equals

0 0 0 0 0 0 0 0 0 0 
100 0 0 0 0 0 0 0 0 0 
200 0 0 0 0 0 0 0 0 0 
300 0 0 0 0 0 0 0 0 0 
400 0 0 0 0 0 0 0 0 0 
500 0 0 0 0 0 0 0 0 0 
600 0 1 0 0 0 0 0 0 0 
700 0 0 0 0 0 0 0 0 0 
800 5 10 0 0 0 0 0 0 0 
900 26 49 0 0 0 0 0 0 0 
1000 76 160 0 19 0 0 0 0 0 
1100 170 204 0 435 0 0 0 0 0 
1200 306 897 0 1518 0 0 0 0 0 
1300 541 2542 0 3270 101 0 0 0 0 
1400 2189 2262 0 4575 2077 0 0 0 0 
1500 3848 2907 0 5899 3669 2 25 0 0 
1600 4789 3182 1294 6717 4571 1520 1145 0 0 
1700 5716 2251 3226 7331 5326 3594 3109 0 0 
1800 6978 1492 5025 8101 6459 5509 4916 0 0 
1900 8043 1114 6456 8810 7400 7076 6212 0 0 
2000 9007 836 7790 9456 8347 8519 7411 0 0 
2100 9909 534 8931 10159 9355 9728 8551 0 0 
2200 10780 319 9866 10734 10201 10772 9505 0 0 
2300 11557 252 10582 11215 10887 11508 10077 0 0 
2400 11882 186 10961 11498 11220 11952 10416 0 0 
2500 12319 135 11222 11822 11519 12258 10709 0 0 
2600 12642 102 11673 12142 11927 12616 11194 0 0 
2700 12647 127 11733 12233 12019 12717 11167 0 0 
2800 12928 112 11731 12401 12235 12859 11354 0 0 
2900 13014 146 11843 12393 12145 12896 11247 0 0 
3000 13060 153 11878 12538 12285 12953 11344 0 0 
3100 13031 138 11848 12551 12239 12943 11431 0 0 
3200 13010 140 11919 12441 12200 12967 11387 0 0 
3300 13080 172 12022 12479 12253 12980 11442 0 0 
3400 13027 134 12030 12598 12376 13018 11489 0 0 
3500 13031 142 11886 12546 12300 12962 11450 0 0 
3600 13129 113 11945 12578 12347 12961 11436 0 0 
3700 13177 118 11919 12598 12358 12866 11486 0 0 
3800 13036 158 12004 12604 12333 12931 11514 0 0 
3900 13044 145 11927 12604 12375 12927 11578 0 0 
4000 13096 110 11912 12660 12511 12950 11622 0 0 
4100 13011 135 12006 12539 12220 12952 11487 0 0 
4200 13068 124 11991 12630 12379 12947 11526 0 0 
4300 13180 115 12065 12630 12425 12967 11587 0 0 
4400 13210 154 11997 12666 12454 12929 11576 0 0 
4500 13089 135 12042 12612 12371 12930 11477 0 0 
4600 13174 128 12154 12628 12350 13092 11626 0 0 
4700 13124 119 12170 12645 12413 13109 11660 0 0 
4800 13156 163 12070 12732 12455 13038 11687 0 0 
4900 13188 111 12037 12561 12396 13012 11548 0 0 
5000 13106 133 12105 12601 12407 13027 11462 0 0 
5100 13199 133 12194 12625 12418 13076 11576 0 0 
5200 13031 133 12043 12571 12331 12999 11534 0 0 
5300 13162 166 12140 12777 12491 13029 11705 0 0 
5400 13214 129 12068 12663 12479 13016 11649 0 0 
5500 13111 167 12153 12679 12476 13031 11638 0 0 
5600 13126 184 12148 12702 12430 13048 11617 0 0 
5700 13186 133 12193 12648 12498 13021 11672 0 0 
5800 13195 160 12036 12656 12437 12952 11566 0 0 
5900 13209 127 12235 12678 12463 13078 11712 0 0 
