# Avida tasks data
# Wed Apr 12 19:47:13 2023
# First column gives the current update, next columns give the number
# of organisms that have the particular task as a component of their merit
#  1: Update
#  2: Not
#  3: Nand
#  4: And
#  5: OrNot
#  6: Or
#  7: AndNot
#  8: Nor
#  9: Xor
# 10: Equals

0 0 0 0 0 0 0 0 0 0 
100 0 0 0 0 0 0 0 0 0 
200 0 0 0 0 0 0 0 0 0 
300 0 0 0 0 0 0 0 0 0 
400 0 0 0 0 0 0 0 0 0 
500 0 0 0 0 0 0 0 0 0 
600 0 0 0 0 0 0 0 0 0 
700 2 32 0 0 0 0 0 0 0 
800 4 98 0 0 0 0 0 0 0 
900 2 231 0 51 0 0 0 0 0 
1000 16 814 0 876 0 0 0 0 0 
1100 33 1808 0 1575 0 0 354 0 0 
1200 87 3168 0 1361 1716 21 2464 0 0 
1300 309 4988 1 2125 3461 16 4269 0 0 
1400 715 6502 5 3799 4928 277 5680 0 0 
1500 1096 7061 25 4397 5499 2319 6145 0 0 
1600 1642 7685 44 5351 6066 4130 6630 0 0 
1700 2305 8660 56 6566 7017 5522 7525 0 0 
1800 3291 9822 71 7860 8146 7043 8548 0 0 
1900 4517 10966 90 9157 9222 8408 9545 0 0 
2000 5432 11585 127 9834 9808 9170 10138 0 0 
2100 6438 12179 184 10451 10387 9709 10622 0 0 
2200 7327 12544 293 10867 10796 10263 10958 0 0 
2300 8072 12832 410 11268 11116 10701 11223 0 0 
