# Avida tasks data
# Thu Apr 13 21:41:21 2023
# First column gives the current update, next columns give the number
# of organisms that have the particular task as a component of their merit
#  1: Update
#  2: Not
#  3: Nand
#  4: And
#  5: OrNot
#  6: Or
#  7: AndNot
#  8: Nor
#  9: Xor
# 10: Equals

0 0 0 0 0 0 0 0 0 0 
100 0 0 0 0 0 0 0 0 0 
200 0 0 0 0 0 0 0 0 0 
300 0 0 0 0 0 0 0 0 0 
400 0 0 0 0 0 0 0 0 0 
500 0 0 0 0 0 0 0 0 0 
600 539 0 0 0 0 0 0 0 0 
700 1445 3 0 0 0 0 0 0 0 
800 2561 75 0 5 0 0 0 0 0 
900 3983 1225 0 19 0 0 0 0 0 
1000 5359 3247 3 96 0 0 0 0 0 
1100 7027 5593 14 808 0 4 0 0 0 
1200 8612 7625 23 1908 7 50 0 0 0 
1300 9643 9015 26 3247 83 98 0 0 0 
1400 10641 10188 27 4699 197 156 0 0 0 
1500 11066 10987 32 5781 418 225 0 1 0 
1600 11645 11790 40 6760 554 483 0 0 0 
1700 12070 12230 97 7234 771 842 0 0 0 
1800 12285 12740 170 7635 1208 1115 4 0 0 
1900 12362 12823 169 8065 1835 1336 0 0 0 
2000 12487 12811 196 8179 2271 1509 0 0 0 
2100 12528 12742 206 7087 3098 1743 0 1568 0 
2200 12645 12797 445 5963 4250 1823 2 3467 0 
2300 12763 12811 906 5782 4608 1845 1 4761 728 
2400 12802 12775 764 6994 3501 1703 14 5618 2758 
2500 12874 12714 543 8369 2530 1666 23 6052 4194 
2600 12947 12837 385 9273 1915 1614 25 6614 5327 
2700 13090 12784 213 10098 1323 1498 21 7204 6525 
2800 13175 12743 181 10623 999 1355 57 7739 7419 
2900 13265 12843 144 11438 667 1043 30 8748 8764 
3000 13358 12740 131 12247 494 527 43 9657 9803 
3100 13371 12825 120 12524 339 460 43 10238 10432 
3200 13377 12796 117 12652 222 393 42 10411 10666 
3300 13408 12816 103 12719 125 394 41 10604 10946 
3400 13443 12843 54 12716 68 377 40 10839 11230 
3500 13319 12906 74 12734 36 386 32 10788 11209 
3600 13314 12872 53 12815 38 388 35 10924 11329 
3700 13445 12894 55 12817 23 374 26 10884 11247 
3800 13333 12891 53 12876 40 368 40 10902 11250 
3900 13339 12874 53 12934 40 371 37 10874 11305 
4000 12621 12923 66 12904 40 381 36 10871 11307 
