# Avida tasks data
# Thu Apr 13 15:37:12 2023
# First column gives the current update, next columns give the number
# of organisms that have the particular task as a component of their merit
#  1: Update
#  2: Not
#  3: Nand
#  4: And
#  5: OrNot
#  6: Or
#  7: AndNot
#  8: Nor
#  9: Xor
# 10: Equals

0 0 0 0 0 0 0 0 0 0 
100 0 0 0 0 0 0 0 0 0 
200 0 0 0 0 0 0 0 0 0 
300 0 0 0 0 0 0 0 0 0 
400 0 0 0 0 0 0 0 0 0 
500 0 0 0 0 0 0 0 0 0 
600 0 0 0 0 0 0 0 0 0 
700 8 14 0 2 0 0 0 0 0 
800 8 142 0 70 0 0 0 0 0 
900 51 524 0 1119 0 0 0 0 0 
1000 74 1920 144 2963 0 106 2 0 0 
1100 108 1683 554 3879 21 1315 0 0 0 
1200 107 1683 554 3881 21 1317 0 0 0 
1300 107 1683 554 3883 21 1317 0 0 0 
1400 107 1685 554 3883 21 1316 0 0 0 
1500 107 1685 554 3881 21 1312 0 0 0 
1600 107 1685 554 3882 21 1313 0 0 0 
1700 107 1685 554 3881 21 1312 0 0 0 
1800 107 1685 554 3882 21 1314 0 0 0 
1900 107 1684 553 3882 21 1314 0 0 0 
2000 107 1684 553 3883 21 1315 0 0 0 
2100 107 1684 553 3883 21 1315 0 0 0 
2200 107 1683 553 3884 21 1314 0 0 0 
2300 107 1683 553 3883 21 1317 0 0 0 
2400 107 1683 553 3884 21 1318 0 0 0 
2500 109 1683 553 3882 21 1317 0 0 0 
2600 108 1683 553 3883 21 1318 0 0 0 
2700 411 1584 452 3785 604 811 559 0 0 
2800 1258 1173 430 3393 1275 633 1231 0 0 
2900 2140 865 447 3093 2031 614 2028 0 808 
