# Avida tasks data
# Thu Apr 13 23:15:42 2023
# First column gives the current update, next columns give the number
# of organisms that have the particular task as a component of their merit
#  1: Update
#  2: Not
#  3: Nand
#  4: And
#  5: OrNot
#  6: Or
#  7: AndNot
#  8: Nor
#  9: Xor
# 10: Equals

0 0 0 0 0 0 0 0 0 0 
100 0 0 0 0 0 0 0 0 0 
200 0 0 0 0 0 0 0 0 0 
300 0 0 0 0 0 0 0 0 0 
400 0 0 0 0 0 0 0 0 0 
500 0 0 0 0 0 0 0 0 0 
600 0 0 0 0 0 0 0 0 0 
700 951 941 0 9 0 0 0 0 0 
800 2521 2348 0 27 0 0 0 0 0 
900 4099 3908 0 98 0 0 0 0 0 
1000 5903 5503 0 207 1 29 0 0 0 
1100 7213 6787 1 299 1 389 1 0 0 
1200 8010 7562 7 328 1 820 3 0 0 
1300 8602 8128 9 319 5 1254 1 0 0 
1400 9105 8585 26 251 3 1745 9 0 0 
1500 9617 9116 33 217 3 2198 22 0 0 
1600 9998 9547 30 228 0 2616 21 0 0 
1700 10289 9860 46 234 2 3065 21 0 0 
1800 10725 10323 35 195 0 3716 15 0 0 
1900 11023 10735 45 228 5 4264 24 0 0 
2000 11403 11167 55 247 7 4975 35 0 0 
2100 11795 11576 76 316 4 5615 31 0 0 
2200 12264 12041 68 337 4 6431 29 0 0 
2300 12741 12613 77 400 3 7295 33 0 0 
2400 12860 12742 79 433 2 7863 37 0 0 
2500 12820 12816 69 541 9 8299 44 0 0 
2600 12785 12799 75 732 9 8641 54 0 0 
2700 12798 12791 70 917 25 8968 55 0 0 
2800 12828 12907 89 1131 18 9481 42 0 0 
2900 12858 12970 84 1486 157 9851 41 0 0 
3000 12931 13001 88 1716 904 10191 52 0 0 
3100 12872 13019 110 2532 2022 10451 57 0 0 
3200 12988 13047 109 3818 3408 10691 63 0 0 
3300 12946 13075 166 5135 4707 10922 84 0 0 
3400 13045 13113 550 6188 5998 11270 117 0 0 
3500 13062 13138 1134 7156 7115 11522 101 0 0 
3600 13135 13177 1793 8081 8096 11902 73 0 0 
3700 13197 13217 2606 9131 9147 12094 138 0 0 
3800 13248 13289 3493 10171 10204 12397 164 0 0 
3900 13310 13239 4181 10960 10887 12550 361 0 0 
4000 13302 13331 4494 11459 11478 12706 786 0 0 
4100 13357 13379 4816 12020 11922 12774 1219 0 0 
4200 13389 13372 4905 12278 12119 12721 1747 0 0 
4300 13352 13349 4869 12479 12313 12647 2324 0 0 
4400 13337 13454 4755 12582 12426 12628 3020 0 0 
4500 13320 13441 4498 12605 12404 12341 3607 0 0 
4600 13318 13340 4338 12732 12462 12380 4343 0 0 
4700 13328 13358 4054 12782 12513 12326 5057 0 0 
4800 13284 13439 3579 12726 12525 12256 5805 0 0 
4900 13345 13417 3276 12709 12513 12134 6427 0 0 
5000 13273 13452 3038 12841 12546 12083 7077 0 0 
5100 13285 13435 2698 12782 12511 12028 7773 0 0 
5200 13225 13452 2393 12868 12615 12119 8436 0 0 
5300 13306 13489 2062 12835 12493 11872 8828 0 0 
5400 13296 13475 1667 12878 12585 11808 9472 0 0 
5500 13287 13530 1281 12897 12528 11892 10104 0 0 
5600 13295 13489 854 12884 12558 11800 10649 0 0 
5700 13245 13485 660 12866 12580 11705 10879 0 0 
5800 13271 13558 405 12952 12604 11873 11330 0 0 
5900 13296 13499 313 13041 12672 11852 11476 0 0 
6000 13351 13542 259 12908 12635 11826 11590 0 0 
6100 13298 13526 204 12984 12581 11754 11580 0 2 
6200 13224 13461 229 12953 12580 11687 11499 0 0 
6300 13305 13534 222 13011 12661 11826 11650 0 0 
6400 13310 13558 218 12954 12589 11814 11641 0 0 
6500 13327 13532 172 12960 12670 11843 11662 0 0 
6600 13258 13542 218 12843 12572 11705 11546 0 0 
6700 13301 13531 219 12972 12584 11779 11565 0 0 
6800 13316 13581 226 12931 12573 11742 11520 0 0 
6900 13427 13584 185 12950 12654 11885 11704 0 0 
7000 13301 13550 224 12990 12653 11795 11588 0 0 
7100 13362 13575 202 12966 12708 11917 11746 0 0 
7200 13368 13633 191 12964 12600 11812 11652 0 0 
7300 13349 13572 212 12981 12729 11965 11752 0 0 
7400 13283 13547 212 12951 12682 11880 11628 0 0 
7500 13372 13558 199 13082 12755 11953 11784 0 0 
7600 13460 13618 178 13051 12764 11967 11811 0 0 
7700 13316 13547 205 12988 12684 11850 11696 0 0 
7800 13419 13628 217 13043 12728 11946 11787 0 0 
7900 13356 13604 186 13003 12717 11882 11742 0 0 
8000 13460 13611 179 13076 12769 11972 11838 0 0 
8100 13394 13586 222 13055 12772 11981 11768 0 0 
8200 13450 13563 177 13059 12763 12015 11811 0 0 
8300 13479 13595 214 13157 12792 12032 11818 0 0 
8400 13434 13545 228 13071 12764 11933 11742 0 0 
8500 13488 13533 226 13014 12731 11820 11671 0 0 
8600 13520 13642 258 13071 12781 11988 11832 0 0 
8700 13460 13572 337 13082 12736 11865 11710 0 0 
8800 13476 13560 515 13174 12852 12041 11865 0 0 
8900 13388 13598 716 13112 12761 11973 11770 0 0 
9000 13488 13594 882 13192 12821 12060 11817 0 0 
9100 13517 13599 1060 13200 12884 12103 11926 0 0 
9200 13508 13621 1260 13136 12771 11957 11759 0 0 
9300 13491 13520 1575 13044 12776 11966 11820 0 0 
9400 13544 13637 1972 13117 12821 12066 11858 0 0 
9500 13553 13605 2324 13192 12876 12087 11862 0 0 
9600 13586 13598 2661 13137 12845 12122 11951 0 0 
9700 13550 13654 2946 13021 12698 11980 11721 0 0 
9800 13543 13597 3337 13111 12761 11943 11742 0 0 
9900 13508 13589 3775 13090 12748 12044 11812 0 0 
10000 13561 13619 4132 13137 12815 11964 11785 0 0 
