# Avida tasks data
# Thu Apr 13 23:02:54 2023
# First column gives the current update, next columns give the number
# of organisms that have the particular task as a component of their merit
#  1: Update
#  2: Not
#  3: Nand
#  4: And
#  5: OrNot
#  6: Or
#  7: AndNot
#  8: Nor
#  9: Xor
# 10: Equals

0 0 0 0 0 0 0 0 0 0 
100 0 0 0 0 0 0 0 0 0 
200 0 0 0 0 0 0 0 0 0 
300 0 0 0 0 0 0 0 0 0 
400 0 0 0 0 0 0 0 0 0 
500 41 0 0 0 0 0 0 0 0 
600 2108 1928 0 2 0 0 0 0 0 
700 4290 4135 0 2 0 142 0 0 0 
800 6218 6058 0 5 0 847 0 0 0 
900 7770 7519 1 4 0 1670 0 0 0 
1000 9087 8864 1 9 0 2621 0 0 0 
1100 10187 9894 3 34 0 3645 4 0 0 
1200 11067 10716 2 13 0 4548 102 0 0 
1300 11639 11216 6 27 0 5623 319 0 0 
1400 12185 11791 4 756 425 6560 655 0 0 
1500 12866 12524 4 2837 2307 8195 948 0 0 
1600 13279 12787 2 4318 3668 9140 1177 0 0 
1700 13610 13140 3 5631 5020 9872 1328 0 0 
1800 13724 13226 13 6910 6158 10377 1488 0 0 
1900 13796 13405 14 7963 7284 10656 1599 0 0 
2000 13870 13454 9 8768 8124 10973 1637 0 0 
2100 13844 13409 10 9508 8987 11033 1528 0 0 
2200 13854 13433 23 9804 9345 11041 1560 0 0 
2300 13917 13484 37 10206 9845 11355 1454 0 0 
2400 13864 13460 25 10435 10060 11451 1395 0 0 
2500 13888 13490 21 10812 10311 11751 1374 0 0 
2600 13880 13441 20 10752 10333 11908 1361 0 0 
2700 13900 13486 25 10889 10382 12221 1307 0 0 
2800 13865 13383 24 10873 10037 12387 1520 0 0 
2900 13863 13395 30 11173 9885 12630 1805 0 0 
3000 13871 13337 33 11243 9514 12670 2118 0 0 
3100 13936 13311 32 11350 9069 12752 2535 0 0 
3200 13868 13122 44 11540 8684 12671 2937 0 0 
3300 13872 13138 26 11712 8252 12603 3429 0 0 
3400 13920 13088 47 11826 8058 12589 3978 0 0 
3500 13882 13008 59 12006 8385 12559 4578 0 0 
3600 13829 12822 50 12227 8733 12521 5346 0 0 
3700 13913 12826 52 12290 9111 12517 6338 0 0 
3800 13857 12526 54 12552 9159 12407 7099 0 0 
3900 13922 12529 65 12679 9481 12429 8134 0 0 
4000 13829 12287 59 12790 9570 12312 8899 0 0 
4100 13901 12260 70 12921 9910 12190 9681 0 1 
4200 13868 12250 64 13069 10343 12266 10129 0 0 
4300 13873 12130 60 13089 10623 12149 10469 0 0 
4400 13875 12134 72 13108 10849 12215 10795 0 0 
4500 13916 12101 73 13211 11045 12242 10991 0 0 
4600 13829 12112 72 13186 11189 12160 11175 0 0 
4700 13922 12138 74 13329 11411 12188 11370 0 0 
4800 13878 12135 79 13287 11451 12256 11375 0 0 
4900 13876 12233 83 13305 11533 12224 11492 0 1 
5000 13903 12177 81 13233 11647 12252 11536 0 0 
5100 13951 12165 60 13196 11473 12188 11495 0 0 
5200 13915 12287 76 13248 11543 12264 11579 0 0 
5300 13895 12229 77 13271 11599 12188 11555 0 0 
5400 13926 12286 93 13311 11582 12231 11633 0 0 
5500 13941 12159 75 13304 11522 12253 11522 0 0 
5600 13912 12169 79 13209 11624 12225 11513 0 0 
5700 13925 12118 46 13157 11463 12177 11485 0 0 
5800 13918 12182 71 13264 11532 12257 11502 0 0 
5900 13914 12171 79 13249 11515 12262 11499 0 0 
6000 13895 12205 69 13282 11577 12291 11553 0 0 
6100 13901 12372 64 13306 11731 12325 11640 0 1 
6200 13931 12251 67 13369 11628 12362 11577 0 0 
6300 13918 12180 80 13199 11537 12261 11452 0 0 
6400 13934 12259 80 13177 11574 12304 11590 0 0 
6500 13889 12116 86 13167 11572 12209 11395 0 0 
6600 13886 12372 72 13144 11665 12255 11628 0 0 
6700 13932 12256 88 13251 11713 12396 11610 0 0 
6800 13884 12078 98 13222 11502 12227 11399 0 0 
6900 13898 12210 69 13136 11703 12292 11513 0 0 
7000 13960 12260 90 13166 11638 12269 11613 0 0 
7100 13918 12175 95 13061 11627 11832 11490 0 404 
7200 13979 12349 76 12998 11685 11104 11624 0 1111 
7300 13928 12359 83 12854 11639 10464 11638 0 1664 
7400 13916 12193 84 12951 11121 10423 11003 84 1789 
7500 13870 11586 87 12936 11424 10751 10718 621 1992 
7600 13850 11237 88 12934 11529 10917 10466 973 2154 
7700 13879 11653 91 12944 11586 11029 10322 1167 2228 
7800 13857 11803 93 12964 11609 11074 10133 1337 2335 
7900 13827 11864 101 12966 11570 11157 9898 1513 2398 
8000 13861 11968 87 12960 11623 11310 9622 1825 2541 
8100 13846 11973 76 12959 11616 11344 9438 2000 2676 
8200 13839 11994 80 12980 11638 11314 9269 2168 2848 
8300 13832 11992 85 12959 11649 11288 9053 2378 3100 
8400 13811 11956 81 12941 11599 11242 8962 2428 3140 
8500 13801 11937 92 12934 11598 11235 8790 2576 3285 
8600 13828 11942 89 12928 11572 11198 8625 2740 3474 
