# Avida tasks data
# Fri Apr 14 05:04:16 2023
# First column gives the current update, next columns give the number
# of organisms that have the particular task as a component of their merit
#  1: Update
#  2: Not
#  3: Nand
#  4: And
#  5: OrNot
#  6: Or
#  7: AndNot
#  8: Nor
#  9: Xor
# 10: Equals

0 0 0 0 0 0 0 0 0 0 
100 0 0 0 0 0 0 0 0 0 
200 0 0 0 0 0 0 0 0 0 
300 0 0 0 0 0 0 0 0 0 
400 0 0 0 0 0 0 0 0 0 
500 0 0 0 0 0 0 0 0 0 
600 0 0 0 0 0 0 0 0 0 
700 314 0 0 0 0 0 0 0 0 
800 1583 0 0 0 0 0 0 0 0 
900 2877 5 0 0 0 0 0 0 0 
1000 4411 71 0 0 0 0 0 0 0 
1100 5521 303 0 49 0 0 0 0 0 
1200 5805 673 62 609 2 0 0 0 0 
1300 7847 3161 102 2603 1 147 0 0 0 
1400 8859 4680 1221 4037 2 1358 0 0 0 
1500 9592 6123 3018 5399 10 1223 5 0 0 
1600 10183 7288 4547 6622 122 1105 3 0 0 
1700 10651 8368 6022 7740 572 992 0 0 0 
1800 11074 8784 6788 8161 2345 1294 423 0 0 
1900 11248 8883 6783 8221 3782 2973 668 0 0 
2000 11429 9049 6906 8256 4916 4325 642 0 0 
2100 11734 9369 7415 8648 6213 5633 642 0 0 
2200 12066 9814 8095 9138 7242 6790 604 0 0 
2300 12471 10337 8706 9820 8292 7977 495 0 0 
2400 12782 10892 9127 10399 9169 8977 313 0 0 
2500 13018 11463 9499 10910 9953 10010 184 0 0 
2600 13104 11810 9728 11335 10600 10589 147 0 0 
2700 13252 12321 10155 11766 11090 11278 64 0 1 
2800 13373 12674 10417 12189 11570 11767 59 0 1 
2900 13474 12970 10756 12519 11856 12074 55 0 1 
3000 13547 13286 11014 12776 12132 12333 61 0 0 
3100 13522 13400 11196 12915 12232 12495 76 0 0 
3200 13513 13429 11280 12967 12281 12589 54 0 0 
3300 13542 13415 11214 12888 12339 12615 52 0 1 
3400 13513 13406 11169 12907 12248 12532 46 0 3 
3500 13499 13435 11191 12877 12240 12570 49 0 2 
3600 13505 13500 11309 12896 12305 12631 47 0 0 
3700 13588 13417 11232 13025 12276 12603 58 0 1 
3800 13580 13441 11295 13076 12457 12665 45 0 0 
3900 13627 13389 11232 13036 12459 12634 41 0 0 
4000 13579 13488 11381 12929 12364 12701 46 0 0 
4100 13555 13525 11245 12960 12335 12622 45 0 0 
4200 13606 13415 11286 13033 12441 12653 53 0 2 
4300 13573 13456 11181 13022 12374 12548 41 0 0 
4400 13493 13482 11237 12984 12313 12573 53 0 0 
4500 13582 13457 11319 12961 12369 12641 38 0 0 
4600 13567 13504 11430 12935 12329 12713 41 0 1 
4700 13579 13510 11336 12973 12333 12683 43 0 1 
4800 13548 13451 11283 13000 12333 12715 30 0 1 
4900 13628 13436 11360 13096 12494 12701 27 0 0 
5000 13605 13421 11440 12992 12352 12797 41 0 0 
5100 13627 13386 11262 13042 12384 12695 40 0 0 
5200 13586 13388 11359 13005 12427 12729 40 0 0 
5300 13560 13261 11304 13020 12381 12688 26 0 0 
5400 13533 13395 11474 12912 12326 12766 34 0 0 
5500 13589 13394 11392 13034 12389 12737 26 0 0 
5600 13617 13428 11485 13015 12409 12808 25 0 0 
5700 13550 13366 11340 13042 12456 12637 33 0 0 
5800 13576 13382 11476 13039 12432 12778 16 0 2 
5900 13617 13379 11391 13097 12515 12757 37 0 0 
6000 13567 13385 11435 13020 12349 12757 29 0 0 
6100 13590 13456 11492 13057 12434 12825 29 0 0 
6200 13565 13270 11380 13033 12421 12662 36 0 0 
6300 13538 13365 11478 12953 12296 12729 23 0 0 
6400 13619 13388 11461 13003 12448 12806 32 0 0 
6500 13645 13352 11508 13019 12475 12775 27 0 0 
6600 13605 13324 11471 13028 12408 12749 17 1 0 
6700 13615 13361 11568 13112 12519 12801 24 3 0 
6800 13540 13330 11590 13018 12365 12772 18 3 0 
6900 13616 13348 11492 13073 12507 12725 36 10 0 
7000 13665 13353 11523 13116 12549 12780 23 49 0 
7100 13638 13336 11488 13022 12418 12781 16 85 0 
7200 13588 13413 11608 13027 12447 12810 27 175 0 
7300 13639 13365 11524 13106 12448 12768 21 313 0 
7400 13567 13400 11491 13097 12516 12886 36 460 0 
7500 13632 13388 11558 13138 12489 12796 25 635 1 
7600 13634 13361 11548 13138 12565 12780 26 870 0 
7700 13609 13381 11549 13023 12428 12756 21 1020 0 
7800 13633 13363 11478 13132 12562 12842 18 1253 0 
7900 13647 13427 11549 13073 12432 12880 16 1585 0 
8000 13629 13340 11525 13057 12532 12815 13 1877 0 
8100 13619 13404 11468 13031 12477 12829 22 2316 0 
8200 13550 13394 11563 13036 12404 12868 14 2592 0 
8300 13594 13323 11531 13087 12426 12755 12 2924 0 
8400 13597 13351 11481 13103 12447 12814 5 3376 0 
8500 13601 13313 11475 13031 12433 12765 8 3688 0 
8600 13612 13435 11549 13154 12545 12874 13 4334 0 
8700 13578 13346 11446 12995 12410 12823 15 4741 0 
8800 13577 13316 11429 13028 12441 12780 13 5163 0 
8900 13561 13335 11437 12981 12458 12830 15 5837 0 
9000 13554 13329 11420 13038 12411 12719 18 6436 0 
9100 13572 13368 11448 13038 12375 12833 22 6809 0 
9200 13558 13285 11447 13005 12456 12782 9 7334 0 
9300 13561 13241 11261 13039 12425 12716 19 7582 6 
9400 13547 13234 11298 12968 12388 12698 10 8166 2 
9500 13512 13300 11335 12925 12340 12789 13 8523 0 
9600 13579 13348 11530 12949 12352 12848 13 9264 0 
9700 13562 13333 11460 13012 12498 12818 17 9473 0 
9800 13576 13287 11453 12934 12400 12839 11 9685 0 
9900 13528 13280 11322 13002 12468 12774 9 9835 2 
10000 13531 13261 11306 12894 12395 12767 11 9983 0 
