# Avida tasks data
# Fri Apr 14 00:38:55 2023
# First column gives the current update, next columns give the number
# of organisms that have the particular task as a component of their merit
#  1: Update
#  2: Not
#  3: Nand
#  4: And
#  5: OrNot
#  6: Or
#  7: AndNot
#  8: Nor
#  9: Xor
# 10: Equals

0 0 0 0 0 0 0 0 0 0 
100 0 0 0 0 0 0 0 0 0 
200 0 0 0 0 0 0 0 0 0 
300 0 0 0 0 0 0 0 0 0 
400 0 0 0 0 0 0 0 0 0 
500 13 0 0 0 0 0 0 0 0 
600 27 1 0 0 0 0 0 0 0 
700 85 2 0 0 0 0 0 0 0 
800 135 42 0 0 0 0 0 0 0 
900 332 161 0 43 0 0 0 0 0 
1000 672 557 0 724 0 0 0 0 0 
1100 799 1159 206 2560 0 1406 0 0 0 
1200 760 1754 95 4140 213 2938 0 0 0 
1300 701 2699 31 5114 276 4160 0 0 0 
1400 664 3203 26 5542 256 4642 0 0 0 
1500 639 4382 35 6645 229 5706 0 0 1 
1600 631 4670 46 7021 215 6127 0 0 0 
1700 631 4666 47 7016 216 6121 0 0 0 
1800 630 4671 47 7015 216 6120 0 0 0 
1900 613 4931 42 7308 184 6365 0 0 0 
2000 595 5366 37 7701 150 6845 2 0 0 
2100 595 5366 37 7700 150 6844 2 0 0 
2200 601 5406 37 7748 163 6905 1 0 0 
2300 580 6155 55 8458 134 7637 0 0 0 
2400 564 6873 57 9142 138 8347 0 0 0 
2500 556 7045 72 9255 131 8459 0 0 0 
2600 573 7065 75 9163 135 8454 0 3 0 
2700 599 7335 70 9143 138 8463 2 3 0 
2800 602 7549 72 9168 122 8494 0 4 0 
2900 602 7588 74 9171 121 8507 0 2 0 
3000 594 7707 73 9216 102 8580 0 2 0 
3100 600 8139 73 9345 181 8842 0 4 0 
3200 625 8535 76 9570 195 9149 0 1 0 
3300 598 8662 81 9592 205 9289 0 545 0 
3400 592 8648 84 9524 223 9352 0 1183 0 
3500 589 8655 87 9506 221 9366 0 1474 0 
3600 597 8659 93 9399 238 9441 0 1866 0 
3700 595 8689 78 9423 243 9523 0 2243 0 
3800 590 8700 73 9407 237 9543 0 2266 0 
3900 580 8674 84 9405 248 9564 0 2491 0 
4000 603 8776 88 9383 272 9704 0 2746 0 
4100 600 8971 103 9524 266 9895 0 3055 0 
4200 608 9405 107 9997 290 10446 0 3371 0 
4300 631 9765 107 10383 284 10877 0 3680 0 
4400 596 10226 129 10825 291 11393 0 4065 0 
4500 584 10567 110 11079 294 11723 0 4361 0 
4600 601 10738 117 11112 314 11832 0 4486 0 
4700 610 10813 140 11123 309 11938 0 4578 0 
4800 586 10840 120 11210 300 11970 0 4740 0 
4900 592 10856 126 11178 309 11979 0 4698 0 
5000 608 10858 116 11226 308 11995 0 4719 0 
5100 594 10878 119 11251 293 11998 0 4732 0 
5200 589 10975 113 11267 296 12036 0 4759 0 
5300 567 10953 121 11241 307 12069 0 4804 0 
5400 556 10982 98 11253 310 12102 0 4820 0 
5500 568 10995 123 11247 305 12103 0 4824 0 
5600 573 10998 120 11216 298 12095 0 4824 0 
5700 574 10990 119 11295 285 12108 0 4897 0 
5800 575 11024 131 11252 295 12147 0 4922 0 
5900 558 11029 143 11241 285 12157 0 4924 0 
6000 564 11069 150 11299 293 12187 0 5014 0 
6100 523 11093 164 11300 293 12224 0 5040 0 
6200 515 11097 164 11317 289 12265 0 5098 0 
6300 514 11137 171 11309 286 12317 0 5188 0 
6400 481 11282 194 11324 304 12405 0 5326 0 
6500 461 11347 192 11418 312 12498 0 5477 0 
6600 435 11452 224 11450 296 12582 0 5615 0 
6700 425 11557 225 11542 306 12700 0 5654 0 
6800 368 11572 228 11565 307 12738 0 5725 0 
6900 368 11580 237 11521 308 12738 0 5688 0 
7000 358 11618 230 11566 276 12747 0 5731 0 
7100 352 11638 251 11564 288 12768 0 5826 0 
7200 359 11638 275 11541 295 12784 0 5899 0 
7300 364 11722 296 11581 308 12820 0 6068 0 
7400 377 11671 310 11533 314 12826 0 6009 0 
7500 364 11664 289 11555 320 12844 0 5968 0 
7600 364 11705 285 11540 304 12837 0 6005 0 
7700 386 11670 306 11579 307 12858 0 6044 0 
7800 372 11724 299 11550 335 12893 2 6070 0 
7900 365 11710 313 11530 329 12890 0 6059 0 
8000 364 11900 307 11589 336 13006 0 6248 0 
8100 363 12056 334 11602 335 13076 0 6449 0 
8200 375 12187 335 11603 332 13181 0 6617 0 
8300 378 12304 303 11681 318 13252 0 6866 0 
8400 368 12406 320 11664 327 13304 0 7033 0 
8500 333 12472 315 11679 326 13332 0 7360 0 
8600 333 12534 311 11692 332 13371 0 7555 0 
8700 318 12597 298 11713 332 13399 0 7715 0 
8800 295 12614 266 11774 336 13432 0 7824 0 
8900 292 12614 256 11709 348 13450 0 7942 0 
9000 300 12614 303 11671 350 13493 0 8211 0 
9100 294 12644 319 11667 309 13518 0 8434 0 
9200 289 12654 333 11686 277 13570 0 8614 0 
9300 288 12728 330 11696 247 13609 2 8832 0 
9400 297 12702 321 11688 252 13606 0 8827 0 
9500 282 12777 330 11753 264 13649 0 8975 0 
9600 299 12822 350 11817 250 13719 0 9031 0 
9700 287 12892 343 11817 227 13756 0 9179 0 
9800 325 12871 361 11842 255 13774 2 9071 0 
9900 324 12929 375 11811 247 13823 0 9047 1 
10000 310 12969 419 11798 249 13855 0 9117 1 
