# Avida tasks data
# Fri Apr 14 04:48:17 2023
# First column gives the current update, next columns give the number
# of organisms that have the particular task as a component of their merit
#  1: Update
#  2: Not
#  3: Nand
#  4: And
#  5: OrNot
#  6: Or
#  7: AndNot
#  8: Nor
#  9: Xor
# 10: Equals

0 0 0 0 0 0 0 0 0 0 
100 0 0 0 0 0 0 0 0 0 
200 0 0 0 0 0 0 0 0 0 
300 0 0 0 0 0 0 0 0 0 
400 0 0 0 0 0 0 0 0 0 
500 0 0 0 0 0 0 0 0 0 
600 21 8 0 0 0 0 0 0 0 
700 104 952 4 90 0 1120 0 0 0 
800 144 1503 13 198 0 1638 0 0 0 
900 402 1650 65 327 0 1736 0 0 0 
1000 777 1804 527 843 2 1392 0 0 0 
1100 1748 2102 1419 1823 21 1409 1 0 0 
1200 2609 3061 2240 2676 43 1375 5 0 0 
1300 3356 3867 2870 3372 71 1365 4 0 0 
1400 4144 4681 3624 4203 79 1366 6 0 0 
1500 4185 4962 3384 4477 516 1830 6 0 0 
1600 3726 5400 3076 4876 1150 2514 5 0 0 
1700 3493 5977 2934 5442 1808 3220 5 0 0 
1800 3379 6701 2818 6093 2488 3919 5 0 0 
