# Avida tasks data
# Fri Apr 14 05:43:36 2023
# First column gives the current update, next columns give the number
# of organisms that have the particular task as a component of their merit
#  1: Update
#  2: Not
#  3: Nand
#  4: And
#  5: OrNot
#  6: Or
#  7: AndNot
#  8: Nor
#  9: Xor
# 10: Equals

0 0 0 0 0 0 0 0 0 0 
100 0 0 0 0 0 0 0 0 0 
200 0 0 0 0 0 0 0 0 0 
300 0 0 0 0 0 0 0 0 0 
400 0 0 0 0 0 0 0 0 0 
500 0 0 0 0 0 0 0 0 0 
600 453 0 0 0 0 0 0 0 0 
700 1689 1 0 0 0 0 0 0 0 
800 2280 2 0 5 0 0 0 0 0 
900 3409 2 0 1 0 0 0 0 0 
1000 3450 1 0 2 0 0 0 0 0 
1100 3447 1 0 2 0 0 0 0 0 
1200 3448 1 0 2 0 0 0 0 0 
1300 3448 1 0 2 0 0 0 0 0 
1400 3447 1 0 2 0 0 0 0 0 
1500 3448 1 0 2 0 0 0 0 0 
1600 3447 1 0 2 0 0 0 0 0 
1700 3446 1 0 2 0 0 0 0 0 
1800 3447 1 0 2 0 0 0 0 0 
1900 3622 5 0 4 0 0 0 0 0 
2000 3778 5 0 3 0 0 0 0 0 
2100 4726 26 0 23 0 0 0 0 0 
2200 5487 63 0 44 1 0 0 0 0 
2300 5487 63 0 45 1 0 0 0 0 
2400 5486 63 0 45 1 0 0 0 0 
2500 5487 63 0 45 1 0 0 0 0 
2600 5488 65 0 44 1 0 0 0 0 
2700 7236 1763 0 86 2 0 0 0 0 
2800 8197 2833 0 102 3 0 0 0 0 
2900 8944 3750 0 132 2 0 0 0 0 
3000 9590 4614 0 145 3 0 0 0 0 
3100 9854 5523 3 205 2 0 0 0 0 
