# Avida tasks data
# Fri Apr 14 07:28:11 2023
# First column gives the current update, next columns give the number
# of organisms that have the particular task as a component of their merit
#  1: Update
#  2: Not
#  3: Nand
#  4: And
#  5: OrNot
#  6: Or
#  7: AndNot
#  8: Nor
#  9: Xor
# 10: Equals

0 0 0 0 0 0 0 0 0 0 
100 0 0 0 0 0 0 0 0 0 
200 0 0 0 0 0 0 0 0 0 
300 0 0 0 0 0 0 0 0 0 
400 0 0 0 0 0 0 0 0 0 
500 16 999 0 1 0 0 0 0 0 
600 16 1956 0 217 0 0 0 0 0 
700 13 2590 1 683 0 160 0 0 0 
800 16 3197 0 1107 0 397 0 0 0 
900 250 3717 3 1457 1 593 0 0 0 
1000 998 3887 1 2032 5 468 0 0 0 
1100 1855 4322 3 2809 3 300 0 0 0 
1200 2985 5043 1 3843 17 162 0 0 0 
1300 3875 5761 5 4729 15 440 0 0 0 
1400 4651 6255 3 5341 24 939 0 0 0 
1500 5263 6677 12 5839 32 1569 0 0 0 
1600 6308 7434 39 6791 29 2446 0 0 0 
1700 7353 8335 46 7838 37 3512 0 0 0 
1800 8240 9192 52 8770 42 4597 0 0 0 
1900 8922 9874 52 9546 30 5562 0 0 0 
2000 9619 10489 68 10339 26 6573 0 0 0 
2100 10252 11030 74 11001 21 7646 2 0 0 
2200 10979 11551 69 11701 22 8675 0 0 0 
2300 11483 12000 98 12254 19 9629 0 0 0 
2400 11915 12374 122 12623 9 10427 0 0 0 
2500 12098 12549 106 12916 12 11038 0 0 0 
2600 12138 12659 195 12994 3 11364 0 0 0 
2700 12311 12695 369 13086 5 11669 0 0 0 
2800 12336 12809 656 13181 7 11941 0 0 0 
2900 12301 12799 1084 13189 2 12066 0 0 0 
3000 12322 12909 1529 13293 3 12219 0 0 0 
3100 12353 12848 2171 13265 3 12144 0 0 0 
3200 12487 12798 2749 13325 6 12212 0 0 0 
3300 12521 12826 3378 13422 7 12310 0 0 0 
3400 12665 12786 3904 13363 12 12211 0 0 0 
3500 12708 12800 4516 13407 16 12301 0 0 0 
3600 12760 12841 5302 13423 12 12452 0 0 0 
3700 12787 12797 6096 13453 19 12365 0 0 0 
3800 12858 12807 6776 13438 22 12351 0 0 0 
3900 12954 12730 7495 13431 18 12385 0 0 0 
4000 12945 12659 8046 13368 51 12263 1 0 0 
4100 12960 12703 8772 13441 57 12267 1 0 0 
4200 13052 12642 9218 13401 78 12213 2 0 0 
4300 13053 12657 9843 13393 125 12204 0 0 0 
4400 13171 12661 10205 13423 123 12219 0 0 0 
4500 13186 12510 10516 13437 112 12255 2 0 0 
4600 13117 12519 10534 13412 79 12244 2 0 0 
4700 13171 12570 10802 13448 128 12245 1 0 0 
4800 13202 12569 11100 13387 443 12380 7 0 0 
4900 13258 12714 11156 13288 1418 12282 0 1 0 
5000 13208 12767 11171 12366 2203 12228 3 2 1070 
5100 13084 12808 10607 11877 2602 12120 3 2 1451 
