# Avida tasks data
# Fri Apr 14 07:54:10 2023
# First column gives the current update, next columns give the number
# of organisms that have the particular task as a component of their merit
#  1: Update
#  2: Not
#  3: Nand
#  4: And
#  5: OrNot
#  6: Or
#  7: AndNot
#  8: Nor
#  9: Xor
# 10: Equals

0 0 0 0 0 0 0 0 0 0 
100 0 0 0 0 0 0 0 0 0 
200 0 0 0 0 0 0 0 0 0 
300 0 0 0 0 0 0 0 0 0 
400 0 0 0 0 0 0 0 0 0 
500 0 0 0 0 0 0 0 0 0 
600 430 609 0 12 0 0 0 0 0 
700 1605 1826 0 42 0 0 0 0 0 
800 2311 2511 0 82 0 0 0 0 0 
900 2310 2510 0 81 0 0 0 0 0 
1000 2311 2512 0 81 0 0 0 0 0 
1100 2309 2510 0 80 0 0 0 0 0 
1200 2309 2510 0 80 0 0 0 0 0 
1300 2308 2509 0 81 0 0 0 0 0 
1400 5017 5319 9 185 0 0 2 0 0 
1500 5369 5611 7 192 2 0 10 0 0 
1600 5767 6004 11 222 1 0 11 0 0 
1700 5767 6004 11 222 1 0 11 0 0 
1800 5766 6003 11 222 1 0 11 0 0 
1900 5766 6003 11 222 1 0 11 0 0 
2000 5766 6003 11 222 1 0 11 0 0 
2100 5767 6004 11 222 1 0 11 0 0 
2200 5767 6004 11 222 1 0 11 0 0 
