# Avida tasks data
# Fri Apr 14 02:47:35 2023
# First column gives the current update, next columns give the number
# of organisms that have the particular task as a component of their merit
#  1: Update
#  2: Not
#  3: Nand
#  4: And
#  5: OrNot
#  6: Or
#  7: AndNot
#  8: Nor
#  9: Xor
# 10: Equals

0 0 0 0 0 0 0 0 0 0 
100 0 0 0 0 0 0 0 0 0 
200 0 0 0 0 0 0 0 0 0 
300 0 0 0 0 0 0 0 0 0 
400 0 0 0 0 0 0 0 0 0 
500 0 0 0 0 0 0 0 0 0 
600 0 0 0 0 0 0 0 0 0 
700 1 0 0 0 0 0 0 0 0 
800 0 0 0 0 0 0 0 0 0 
900 18 0 0 0 0 0 0 0 0 
1000 91 13 0 15 0 0 0 0 0 
1100 593 191 213 830 0 2 0 0 0 
1200 1529 1129 1324 1646 10 49 0 0 0 
1300 2174 1807 2073 2468 11 48 6 0 0 
1400 2765 2367 2549 3064 18 70 8 0 0 
1500 3331 2941 3145 3681 22 64 14 0 0 
1600 3840 3419 3657 4267 31 70 15 0 0 
1700 4270 3812 4034 4704 34 195 26 0 0 
1800 4624 4348 4435 5203 35 600 30 0 0 
1900 4956 4785 4810 5595 28 1110 15 0 0 
2000 5371 5121 5213 6065 53 1791 15 0 0 
2100 5689 5461 5611 6468 146 2383 12 0 0 
2200 5991 5711 5869 6890 237 2885 5 0 0 
2300 6309 6210 6311 7331 265 3590 2 0 0 
2400 6652 6517 6758 7755 433 4131 2 0 0 
2500 7044 6856 7140 8154 645 4760 15 0 0 
2600 7257 7068 7411 8452 1042 5242 22 0 2 
2700 7564 7287 7680 8790 1509 5659 23 0 0 
2800 7671 7308 8028 9009 2296 6118 455 0 1 
2900 7089 6469 8149 9200 3408 6425 1869 0 4 
3000 6832 5969 8745 9688 4344 7163 3190 0 3 
3100 7638 5259 9066 9959 5312 7867 4499 0 2 
3200 9148 4730 9575 10453 6312 8621 5589 0 0 
3300 10462 4172 10065 10881 7380 9315 6826 0 0 
3400 11209 3520 10265 11049 8447 9713 7969 0 6 
3500 11527 2859 10533 11327 9306 10259 8871 0 1 
3600 11930 2388 10511 11337 9996 10432 9548 0 4 
3700 12174 2015 10438 11218 10537 10461 10173 0 2 
3800 12483 1733 10519 11361 11003 10711 10593 0 2 
3900 12701 1454 10320 11144 11280 10540 10880 0 10 
4000 12826 1299 10451 11085 11626 10737 11248 0 4 
4100 13032 1171 10475 11209 11912 10895 11566 0 4 
4200 13154 1184 10444 11117 12003 10860 11682 0 2 
4300 13257 1199 10508 11168 12155 10883 11801 0 3 
4400 13312 1326 10345 11044 12221 10800 11736 0 2 
4500 13282 1675 10233 11088 12120 10712 11734 0 1 
4600 13243 2000 10421 11228 12327 10779 11900 0 1 
4700 13236 2315 10343 11093 12289 10695 11891 0 6 
4800 13188 2610 10291 11026 12244 10709 11817 0 7 
4900 13163 3031 10324 11168 12227 10781 11783 0 5 
5000 13132 3351 10377 11137 12195 10795 11845 0 1 
5100 13058 3814 10259 11075 12170 10649 11800 0 4 
5200 13174 4163 10415 11231 12239 10777 11873 0 1 
5300 13216 4483 10279 11057 12163 10655 11795 0 4 
5400 13077 4901 10416 11175 12179 10837 11863 0 2 
5500 13187 5356 10315 11169 12170 10764 11726 0 1 
5600 13115 5710 10384 11139 12255 10786 11865 0 1 
5700 13105 6096 10354 11233 12229 10746 11873 0 2 
5800 13176 6409 10380 11256 12156 10716 11747 0 0 
5900 13095 6696 10411 11214 12251 10799 11875 0 4 
6000 13015 7229 10387 11232 12309 10782 11893 0 1 
6100 13057 7555 10301 11146 12119 10636 11842 0 2 
6200 13051 8192 10311 11210 12178 10692 11807 0 1 
6300 13045 8547 10301 11269 12156 10736 11799 0 1 
6400 13002 8854 10334 11282 12251 10782 11812 0 2 
6500 12989 9382 10360 11336 12175 10750 11872 0 1 
6600 12932 9670 10287 11193 12167 10625 11763 0 0 
6700 12997 10118 10364 11377 12205 10723 11848 0 2 
6800 13055 10557 10410 11405 12252 10789 11837 0 2 
6900 12957 10940 10402 11322 12203 10757 11848 0 2 
7000 12971 11206 10496 11354 12103 10826 11734 0 5 
7100 12942 11411 10482 11359 12152 10848 11791 0 0 
7200 12813 11490 10282 11234 12071 10701 11646 0 3 
7300 12829 11788 10252 11206 12097 10627 11661 0 3 
7400 12810 11982 10376 11289 12151 10774 11719 0 1 
7500 12948 11989 10349 11271 12170 10719 11779 0 0 
7600 13009 12389 10465 11406 12170 10754 11871 0 0 
7700 12992 12563 10399 11285 12175 10740 11783 0 4 
7800 13051 12663 10443 11484 12173 10864 11766 0 0 
7900 12999 12808 10486 11437 12087 10821 11726 0 0 
8000 13083 12810 10351 11341 12134 10702 11760 0 0 
8100 13107 12784 10335 11303 12134 10723 11787 0 0 
8200 12987 12833 10512 11453 12156 10902 11794 0 1 
8300 13032 12898 10387 11405 12232 10752 11805 0 4 
8400 13040 12852 10480 11387 12214 10844 11843 0 3 
8500 13036 12924 10471 11425 12188 10786 11817 0 0 
8600 13054 12852 10414 11437 12134 10753 11729 0 2 
8700 13070 12766 10427 11439 12225 10771 11859 0 0 
8800 13012 12783 10604 11561 12176 10979 11902 0 1 
8900 13101 12846 10552 11514 12248 10918 11860 0 2 
9000 13033 12842 10461 11358 12094 10769 11732 0 0 
9100 13022 12880 10513 11464 12090 10826 11758 0 1 
9200 13039 12956 10488 11447 12118 10811 11825 0 1 
9300 13033 13046 10471 11446 12204 10847 11824 0 0 
9400 13114 12943 10585 11513 12194 10912 11837 0 0 
9500 13145 13031 10621 11561 12281 11004 11917 0 0 
9600 13034 12863 10585 11596 12129 10929 11771 0 0 
9700 13069 12833 10702 11584 12255 11004 11868 0 1 
9800 13061 12927 10620 11622 12277 10984 11922 0 1 
9900 13050 12990 10657 11585 12215 11040 11838 0 0 
10000 13077 12925 10614 11566 12257 10986 11911 0 0 
