# Avida tasks data
# Fri Apr 14 06:14:08 2023
# First column gives the current update, next columns give the number
# of organisms that have the particular task as a component of their merit
#  1: Update
#  2: Not
#  3: Nand
#  4: And
#  5: OrNot
#  6: Or
#  7: AndNot
#  8: Nor
#  9: Xor
# 10: Equals

0 0 0 0 0 0 0 0 0 0 
100 0 0 0 0 0 0 0 0 0 
200 0 0 0 0 0 0 0 0 0 
300 0 0 0 0 0 0 0 0 0 
400 0 0 0 0 0 0 0 0 0 
500 0 0 0 0 0 0 0 0 0 
600 0 0 0 0 0 0 0 0 0 
700 0 0 0 0 0 0 0 0 0 
800 6 0 0 0 0 0 0 0 0 
900 1067 107 0 6 0 0 0 0 0 
1000 4623 206 0 2378 2469 7 0 0 0 
1100 4695 166 0 2126 3361 13 4 0 0 
1200 4734 139 0 2044 3577 8 22 0 0 
1300 4731 139 0 2047 3572 8 22 0 0 
1400 4749 141 0 2032 3577 9 22 0 0 
1500 4744 140 0 1955 3590 10 21 0 0 
1600 4744 140 0 1955 3590 10 21 0 0 
1700 4744 140 0 1955 3590 10 21 0 0 
1800 4744 140 0 1955 3590 10 21 0 0 
1900 4744 140 0 1955 3590 10 21 0 0 
2000 4744 140 0 1955 3590 10 21 0 0 
2100 4744 140 0 1955 3590 10 21 0 0 
2200 4744 140 0 1955 3590 10 21 0 0 
2300 4744 140 0 1955 3590 10 21 0 0 
2400 4744 140 0 1955 3590 10 21 0 0 
2500 4744 140 0 1955 3590 10 21 0 0 
2600 4744 140 0 1955 3590 10 21 0 0 
2700 4744 140 0 1955 3590 10 21 0 0 
2800 4744 140 0 1955 3590 10 21 0 0 
2900 4744 140 0 1955 3590 10 21 0 0 
3000 4744 140 0 1955 3590 10 21 0 0 
3100 4744 140 0 1955 3590 10 21 0 0 
3200 4744 140 0 1955 3590 10 21 0 0 
3300 4744 140 0 1955 3590 10 21 0 0 
3400 4742 140 0 1957 3589 10 21 0 0 
3500 4742 140 0 1957 3589 10 21 0 0 
3600 4742 140 0 1957 3589 10 21 0 0 
3700 4742 140 0 1957 3589 10 21 0 0 
3800 4742 140 0 1957 3589 10 21 0 0 
3900 4742 140 0 1957 3589 10 21 0 0 
4000 4742 140 0 1957 3589 10 21 0 0 
4100 4742 140 0 1957 3589 10 21 0 0 
4200 4742 140 0 1957 3589 10 21 0 0 
4300 4742 140 0 1957 3589 10 21 0 0 
4400 4742 140 0 1957 3589 10 21 0 0 
4500 4742 140 0 1957 3589 10 21 0 0 
4600 4742 140 0 1957 3589 10 21 0 0 
4700 4742 140 0 1957 3589 10 21 0 0 
4800 4742 140 0 1957 3589 10 21 0 0 
4900 4742 140 0 1957 3589 10 21 0 0 
5000 4742 140 0 1957 3589 10 21 0 0 
5100 4742 140 0 1957 3589 10 21 0 0 
5200 4742 140 0 1957 3589 10 21 0 0 
5300 4742 140 0 1957 3589 10 21 0 0 
5400 4742 140 0 1957 3589 10 21 0 0 
5500 4742 140 0 1957 3589 10 21 0 0 
5600 4742 140 0 1957 3589 10 21 0 0 
5700 4742 140 0 1957 3589 10 21 0 0 
5800 4742 140 0 1957 3589 10 21 0 0 
5900 4742 140 0 1957 3589 10 21 0 0 
6000 4742 140 0 1957 3589 10 21 0 0 
6100 4743 140 0 1957 3590 10 21 0 0 
6200 4741 140 0 1957 3588 10 21 0 0 
6300 4742 140 0 1957 3589 10 21 0 0 
6400 4742 140 0 1957 3589 10 21 0 0 
6500 4742 140 0 1957 3589 10 21 0 0 
6600 4742 140 0 1957 3589 10 21 0 0 
6700 4742 140 0 1957 3589 10 21 0 0 
6800 4742 140 0 1957 3589 10 21 0 0 
6900 4742 140 0 1957 3589 10 21 0 0 
7000 4742 140 0 1957 3589 10 21 0 0 
7100 4742 140 0 1957 3589 10 21 0 0 
7200 4742 140 0 1957 3589 10 21 0 0 
7300 4742 140 0 1957 3589 10 21 0 0 
7400 4742 140 0 1957 3589 10 21 0 0 
7500 4742 140 0 1957 3589 10 21 0 0 
7600 4742 140 0 1957 3589 10 21 0 0 
7700 4742 140 0 1957 3589 10 21 0 0 
7800 4742 140 0 1957 3589 10 21 0 0 
7900 4742 141 0 1957 3589 10 21 0 0 
8000 4742 141 0 1957 3589 10 21 0 0 
8100 4742 141 0 1957 3589 10 21 0 0 
8200 4741 140 0 1956 3589 10 21 0 0 
8300 4741 140 0 1956 3589 10 21 0 0 
8400 4741 140 0 1956 3589 10 21 0 0 
8500 4741 140 0 1956 3589 10 21 0 0 
8600 4741 140 0 1956 3589 10 21 0 0 
8700 4741 140 0 1956 3589 10 21 0 0 
8800 4741 140 0 1956 3589 10 21 0 0 
8900 4741 140 0 1956 3589 10 21 0 0 
9000 4741 140 0 1956 3589 10 21 0 0 
9100 4741 140 0 1956 3589 10 21 0 0 
9200 4741 140 0 1956 3589 10 21 0 0 
9300 4741 140 0 1956 3589 10 21 0 0 
9400 4741 140 0 1956 3589 10 21 0 0 
9500 4741 140 0 1956 3589 10 21 0 0 
9600 4741 140 0 1956 3589 10 21 0 0 
9700 4741 140 0 1956 3589 10 21 0 0 
9800 4741 140 0 1956 3589 10 21 0 0 
9900 4741 140 0 1956 3589 10 21 0 0 
10000 4741 140 0 1956 3589 10 21 0 0 
