# Avida tasks data
# Fri Apr 14 01:37:42 2023
# First column gives the current update, next columns give the number
# of organisms that have the particular task as a component of their merit
#  1: Update
#  2: Not
#  3: Nand
#  4: And
#  5: OrNot
#  6: Or
#  7: AndNot
#  8: Nor
#  9: Xor
# 10: Equals

0 0 0 0 0 0 0 0 0 0 
100 0 0 0 0 0 0 0 0 0 
200 0 0 0 0 0 0 0 0 0 
300 0 0 0 0 0 0 0 0 0 
400 0 0 0 0 0 0 0 0 0 
500 0 0 0 0 0 0 0 0 0 
600 0 0 0 0 0 0 0 0 0 
700 8 0 0 5 0 0 0 0 0 
800 32 33 0 420 0 0 0 0 0 
900 134 212 14 1198 34 0 0 0 0 
1000 565 637 1 2002 715 69 0 0 0 
1100 1242 536 12 3434 2308 175 0 0 0 
1200 3400 691 14 5411 4334 330 1439 0 0 
1300 4910 1384 10 6814 5903 362 3311 0 0 
1400 6062 2238 12 7677 6766 386 4673 0 0 
1500 7264 3143 13 8614 7556 488 5911 0 0 
1600 8093 3931 12 9119 8044 626 6885 0 0 
1700 8933 4659 10 9726 8589 735 7827 0 0 
1800 9533 5347 14 10042 8773 899 8370 0 0 
1900 10138 5733 98 10386 9045 1429 9017 0 0 
2000 10573 5308 545 10564 9394 2333 9358 0 0 
2100 11043 4954 1090 10639 9619 3230 9516 0 0 
2200 11148 4718 1456 10841 9808 4120 9669 0 0 
2300 11417 4700 1858 11077 10311 4999 9969 0 0 
2400 11670 4698 2291 11327 10542 5723 10198 0 0 
2500 11919 4630 2656 11359 10735 6450 10314 0 0 
2600 12211 4611 2867 11665 11020 6985 10607 0 0 
2700 12447 4524 3032 11842 11161 7680 10773 0 0 
2800 12587 4443 3064 11961 11414 8277 10930 0 0 
2900 12580 4407 3134 11919 11390 8728 10896 0 1 
3000 12544 4575 3210 11960 11379 9079 10914 0 0 
3100 12665 4717 3205 11975 11457 9425 10975 0 0 
3200 12550 4890 3106 12040 11368 9763 10919 0 0 
3300 12601 5088 2993 12071 11517 10140 11030 0 0 
3400 12587 5361 2978 11974 11470 10257 10886 0 0 
3500 12482 5668 2862 11965 11413 10382 10911 0 0 
3600 12562 5934 2599 11920 11498 10723 10938 0 0 
3700 12433 6446 2343 12041 11515 10888 11020 0 0 
3800 12486 6944 2319 12061 11566 10998 10976 0 0 
3900 12428 7324 2109 11981 11522 11159 10898 0 0 
4000 12386 7992 2032 12093 11657 11236 11042 0 0 
4100 12292 8589 1891 11979 11557 11422 11003 0 0 
4200 12248 9270 1917 12019 11657 11347 10985 0 0 
4300 12227 10026 1800 12018 11659 11488 11042 0 0 
4400 12100 10617 1659 12000 11574 11588 11037 0 0 
4500 12100 11316 1499 11931 11582 11757 10959 0 0 
4600 12092 11854 1284 11984 11578 12003 11007 0 0 
4700 12068 12286 1195 12038 11699 12125 10969 0 0 
4800 11992 12740 1023 11904 11523 12239 10878 0 0 
4900 11925 13180 904 11964 11616 12386 11025 0 0 
5000 11877 13445 666 11954 11587 12665 10978 0 0 
5100 11993 13535 446 12019 11690 12961 11091 0 0 
5200 12017 13516 345 11991 11596 12983 10960 0 0 
5300 12124 13449 262 12056 11664 13073 11032 0 0 
5400 12028 13436 187 11902 11568 13173 10872 0 0 
5500 12060 13466 121 11950 11579 13165 10986 0 0 
5600 12088 13433 81 11934 11527 13188 10893 0 0 
5700 12174 13538 78 11960 11662 13294 10984 0 0 
5800 12372 13429 70 11901 11575 13264 10887 0 0 
5900 12411 13401 92 11943 11564 13195 10902 0 0 
6000 12323 13409 77 12004 11664 13216 11022 0 0 
6100 12407 13425 98 12092 11622 13246 11060 0 0 
6200 12481 13465 89 12081 11785 13317 11149 0 0 
6300 12447 13449 65 11924 11612 13243 10897 0 0 
6400 12623 13393 97 11977 11668 13229 10967 0 0 
6500 12563 13430 89 12109 11739 13231 11125 0 0 
6600 12656 13458 102 12101 11739 13223 11082 0 0 
6700 12725 13453 83 12207 11721 13252 11183 0 0 
6800 12667 13407 89 12010 11686 13264 10985 0 0 
6900 12576 13442 80 12114 11763 13289 11119 0 0 
7000 12821 13484 76 12199 11814 13267 11223 0 0 
7100 12808 13472 68 12149 11847 13248 11187 0 0 
7200 12807 13429 79 12125 11778 13208 11154 0 0 
7300 12842 13538 70 12126 11807 13309 11166 0 0 
7400 12963 13427 90 12183 11816 13237 11205 0 0 
7500 12925 13463 71 12253 11855 13253 11284 0 0 
7600 12884 13457 87 12071 11785 13333 11098 0 0 
7700 12966 13533 89 12155 11799 13297 11227 0 0 
7800 12905 13509 64 12175 11822 13315 11209 0 0 
7900 12979 13410 84 12193 11878 13342 11291 0 0 
8000 12914 13507 89 12232 11903 13351 11289 0 0 
8100 12921 13502 470 12300 12021 13310 11453 0 0 
8200 12984 13629 1125 12360 12019 13428 11424 0 0 
8300 12951 13598 1981 12241 11938 13433 11369 0 0 
8400 13085 13642 2941 12363 12157 13389 11465 0 1 
8500 12975 13533 3801 12381 12172 13344 11491 0 0 
8600 13005 13588 4815 12416 12193 13466 11575 0 0 
8700 13070 13629 5839 12503 12264 13388 11627 0 0 
8800 13065 13610 6586 12478 12292 13422 11634 0 0 
8900 13073 13573 7691 12466 12322 13394 11651 0 2 
9000 13075 13606 8938 12548 12302 13359 11686 0 1 
9100 13115 13623 9540 12564 12376 13359 11696 0 1 
9200 13144 13650 10064 12541 12311 13481 11727 0 0 
9300 13037 13550 10248 12495 12332 13340 11622 0 0 
9400 13126 13630 10349 12495 12343 13343 11644 0 0 
9500 13091 13633 10725 12576 12426 13418 11809 2 0 
9600 13052 13621 10818 12467 12399 13444 11698 0 0 
9700 13072 13628 10775 12552 12350 13336 11721 0 0 
9800 13106 13582 10686 12445 12306 13364 11634 0 0 
9900 13079 13512 10866 12584 12375 13316 11732 0 0 
10000 13106 13635 10828 12510 12374 13384 11739 0 2 
