# Avida tasks data
# Fri Apr 14 13:19:30 2023
# First column gives the current update, next columns give the number
# of organisms that have the particular task as a component of their merit
#  1: Update
#  2: Not
#  3: Nand
#  4: And
#  5: OrNot
#  6: Or
#  7: AndNot
#  8: Nor
#  9: Xor
# 10: Equals

0 0 0 0 0 0 0 0 0 0 
100 0 0 0 0 0 0 0 0 0 
200 0 0 0 0 0 0 0 0 0 
300 0 0 0 0 0 0 0 0 0 
400 0 0 0 0 0 0 0 0 0 
500 0 0 0 0 0 0 0 0 0 
600 0 0 0 0 0 0 0 0 0 
700 0 0 0 0 0 0 0 0 0 
800 0 273 0 0 0 0 0 0 0 
900 2105 2501 0 2075 0 7 0 0 0 
1000 4723 5024 0 4569 0 25 0 0 0 
1100 6808 7101 0 6648 0 20 0 0 0 
1200 8535 8781 0 8213 0 24 0 0 0 
1300 9690 10008 2 9353 0 84 0 0 0 
1400 10528 10873 8 10026 0 211 0 0 0 
1500 11204 11549 7 10034 0 367 548 0 0 
1600 11579 11951 17 8753 0 428 2227 0 0 
1700 11849 12238 9 7929 0 1092 3932 0 0 
1800 12012 12415 4 6910 0 2232 5513 0 1 
1900 12116 12587 4 6078 0 3235 6744 0 0 
2000 12400 12738 3 5573 1 4367 7766 0 0 
2100 12589 13037 2 5562 6 5455 8624 0 0 
2200 12668 13075 3 5642 7 6372 9182 0 0 
2300 12852 13263 4 6230 16 7119 9797 0 0 
2400 12837 13340 6 6787 14 7891 10188 0 9 
2500 12887 13339 11 7271 18 8720 10570 0 0 
2600 13015 13399 18 7863 22 9513 10991 0 0 
2700 13071 13524 16 8458 18 10361 11475 0 0 
2800 13213 13486 23 8885 13 11104 11687 0 0 
2900 13164 13508 11 9227 25 11517 11858 0 0 
3000 13117 13538 26 9734 28 11831 11976 0 0 
3100 13158 13474 11 10341 38 12260 12138 0 0 
3200 13144 13547 10 10792 22 12448 12235 0 0 
3300 13144 13510 16 11046 36 12647 12279 0 0 
3400 13148 13498 17 11489 35 12744 12387 0 0 
3500 13198 13528 48 11806 29 12849 12517 0 0 
3600 13215 13483 101 12128 39 13088 12504 0 0 
3700 13142 13489 174 12548 43 13176 12515 0 0 
3800 13138 13496 226 12703 46 13193 12655 0 0 
3900 13152 13484 381 12801 36 13245 12550 0 0 
4000 13243 13455 524 12848 33 13199 12438 0 0 
4100 13175 13436 629 12861 57 13213 12459 0 0 
4200 13144 13419 788 12799 33 13272 12447 0 0 
4300 13153 13486 1014 12845 46 13205 12471 0 0 
4400 13211 13517 1282 12949 47 13255 12542 0 0 
4500 13152 13452 1468 12831 41 13241 12511 0 0 
4600 13176 13474 1791 12868 38 13181 12459 0 0 
4700 13210 13493 2176 12895 26 13310 12496 0 0 
4800 13170 13488 2508 12869 36 13197 12515 0 0 
4900 13230 13497 2843 12779 44 13239 12445 0 0 
5000 13194 13448 3301 12734 94 13254 12447 0 0 
5100 13286 13513 3731 12802 105 13342 12512 0 0 
5200 13161 13489 4008 12656 182 13275 12471 0 0 
5300 13254 13493 4377 12667 279 13346 12530 0 0 
5400 13236 13488 4873 12651 415 13302 12402 0 0 
5500 13194 13509 5086 12663 802 13366 12472 0 0 
5600 13223 13473 5256 12715 1163 13348 12436 0 0 
5700 13196 13511 5578 12719 1595 13302 12472 0 0 
5800 13271 13493 5633 12712 2034 13364 12522 0 0 
5900 13186 13475 5729 12782 2461 13289 12466 0 0 
6000 13242 13445 5728 12669 3025 13383 12363 0 0 
6100 13210 13544 5499 12803 3658 13303 12422 0 0 
6200 13140 13477 5247 12851 4323 13349 12390 0 0 
6300 13185 13526 5013 12802 4893 13369 12346 0 0 
6400 13147 13470 4885 12807 5504 13320 12328 1 0 
6500 13158 13445 4715 12857 5990 13369 12361 0 17 
6600 13237 13502 4466 12907 6589 13324 12301 0 106 
6700 13224 13497 4358 12943 7288 13385 12116 0 263 
6800 13164 13490 4098 12960 7744 13336 11957 0 477 
6900 13144 13496 3840 12982 8356 13313 11699 0 712 
7000 13119 13515 3605 12980 8964 13321 11425 0 986 
7100 13113 13475 3569 12995 9364 13348 11060 0 1232 
7200 13133 13449 3339 12996 9808 13355 10732 2 1594 
7300 13059 13505 3068 12900 10103 13275 10490 5 1926 
7400 13063 13476 2918 12818 10483 13193 10321 6 2227 
7500 12926 13426 2793 12728 10547 13156 9986 3 2576 
