# Avida tasks data
# Fri Apr 14 08:13:03 2023
# First column gives the current update, next columns give the number
# of organisms that have the particular task as a component of their merit
#  1: Update
#  2: Not
#  3: Nand
#  4: And
#  5: OrNot
#  6: Or
#  7: AndNot
#  8: Nor
#  9: Xor
# 10: Equals

0 0 0 0 0 0 0 0 0 0 
100 0 0 0 0 0 0 0 0 0 
200 0 0 0 0 0 0 0 0 0 
300 0 0 0 0 0 0 0 0 0 
400 0 0 0 0 0 0 0 0 0 
500 0 0 0 0 0 0 0 0 0 
600 18 0 0 0 0 0 0 0 0 
700 148 0 0 0 0 0 0 0 0 
800 466 0 0 0 0 0 0 0 0 
900 1060 2 0 0 0 0 0 0 0 
1000 1632 15 0 0 0 0 0 0 0 
1100 2329 7 0 3 0 0 0 0 0 
1200 2960 29 0 0 0 0 0 0 0 
1300 3661 30 0 2 0 0 0 0 0 
1400 4363 83 0 30 0 0 0 0 0 
1500 4962 217 76 270 7 1 0 0 0 
1600 4870 808 492 807 282 11 13 0 0 
1700 4567 584 262 2180 592 574 770 0 0 
1800 4423 1246 172 3353 1624 874 1945 0 0 
1900 3532 2526 126 4572 3201 845 3082 0 0 
2000 3149 3581 113 5697 4642 557 4379 1 0 
2100 3095 4404 87 6578 5878 355 5458 0 0 
2200 3119 5041 64 7471 6913 183 6457 0 0 
2300 3363 5674 42 8190 7843 49 7235 0 0 
2400 3524 6406 27 8923 8729 19 7994 0 0 
2500 3755 7089 26 9783 9531 27 8874 0 0 
2600 4014 7644 17 10219 9946 28 9208 0 0 
2700 4349 7909 27 10557 10364 27 9530 0 0 
2800 4687 8389 30 10976 10731 15 9875 0 0 
2900 5106 8682 53 11120 10931 33 10071 0 0 
3000 5429 9067 52 11408 11063 41 10210 0 0 
3100 5850 9450 42 11481 11159 221 10233 0 0 
3200 5848 10054 45 11511 11278 1172 10358 0 0 
3300 5625 10599 48 11456 11151 2304 10316 0 0 
3400 5517 11004 51 11570 11343 3205 10493 0 0 
3500 5451 11260 55 11441 11238 4157 10304 0 0 
3600 5382 11499 76 11443 11301 5064 10402 0 0 
3700 5558 11884 85 11415 11335 5891 10458 0 0 
3800 5866 11991 64 11322 11328 6659 10436 0 0 
3900 6083 12160 93 11402 11415 7319 10542 0 0 
4000 6391 12386 75 11287 11310 8010 10488 0 0 
4100 6633 12529 104 11275 11307 8591 10538 0 0 
4200 6985 12602 100 11157 11233 9144 10367 0 0 
4300 7244 12782 110 11409 11400 9761 10518 0 0 
4400 7504 12938 111 11258 11329 10300 10394 0 0 
4500 7820 13188 115 11237 11304 10905 10496 0 0 
4600 8398 13229 125 11265 11410 11350 10522 0 0 
4700 8885 13339 141 11215 11362 11764 10546 0 0 
4800 9473 13386 137 11239 11364 11956 10491 0 0 
4900 9917 13478 142 11296 11286 12241 10486 0 0 
5000 10374 13530 111 11245 11231 12465 10420 0 0 
5100 10795 13446 116 11291 11404 12528 10509 0 0 
5200 11074 13465 109 11261 11324 12623 10537 0 0 
5300 11422 13496 140 11319 11401 12781 10573 0 0 
5400 11642 13567 141 11423 11445 12936 10643 0 0 
5500 11812 13565 124 11367 11408 12983 10624 0 0 
5600 12034 13582 123 11504 11518 13140 10711 0 0 
5700 12284 13661 129 11384 11387 13245 10656 0 0 
5800 12394 13630 132 11395 11455 13064 10667 0 0 
5900 12486 13584 153 11386 11501 13160 10647 0 0 
6000 12695 13643 116 11429 11487 13263 10745 0 0 
6100 12702 13680 117 11472 11539 13286 10730 0 0 
6200 12809 13672 104 11456 11485 13307 10753 0 0 
6300 12825 13653 101 11436 11441 13279 10696 0 0 
6400 12770 13696 116 11585 11568 13237 10858 0 0 
6500 12875 13726 101 11547 11604 13275 10741 0 0 
6600 12762 13648 112 11538 11604 13253 10756 0 0 
6700 12947 13740 107 11650 11687 13225 10909 0 0 
6800 12884 13732 111 11621 11638 13234 10853 0 0 
6900 12832 13816 138 11774 11827 13249 11059 0 0 
7000 12875 13718 142 11824 11871 13242 11148 0 0 
7100 12941 13731 121 11897 11900 13245 11201 0 0 
7200 13009 13772 92 11822 11847 13256 11085 0 0 
7300 12937 13747 94 11894 11982 13294 11259 0 0 
7400 12940 13686 119 11840 11921 13255 11206 0 0 
7500 12953 13681 90 11934 11974 13289 11134 0 0 
7600 13012 13742 95 12007 12081 13310 11334 0 0 
7700 13007 13788 93 11871 11929 13375 11218 0 0 
7800 12985 13801 69 12025 12104 13363 11362 0 0 
7900 13024 13729 116 12023 12073 13267 11359 0 0 
8000 12984 13759 108 12109 12121 13328 11385 0 0 
8100 12940 13806 86 12144 12278 13390 11595 0 0 
8200 12965 13762 69 12095 12168 13305 11476 0 1 
8300 13021 13738 93 12176 12233 13349 11527 0 0 
8400 12944 13748 106 12048 12171 13305 11451 0 0 
8500 13042 13806 105 12243 12338 13323 11615 0 0 
8600 13028 13700 107 12202 12253 13314 11552 0 0 
8700 13002 13796 91 12251 12315 13422 11622 0 0 
8800 13002 13776 84 12265 12311 13393 11724 0 0 
8900 12984 13784 94 12281 12314 13328 11610 0 0 
9000 12955 13736 69 12283 12311 13391 11653 0 0 
9100 12889 13781 88 12316 12318 13333 11713 0 0 
9200 12932 13813 114 12290 12392 13407 11726 0 0 
9300 12939 13788 91 12269 12342 13356 11597 0 0 
9400 12903 13774 96 12328 12425 13376 11706 0 0 
9500 12921 13747 86 12413 12463 13365 11801 0 0 
9600 12963 13746 103 12330 12368 13385 11643 0 0 
9700 13016 13778 89 12422 12462 13432 11767 0 0 
9800 12944 13785 76 12446 12564 13346 11866 0 0 
9900 12900 13782 76 12425 12481 13413 11796 0 0 
10000 12876 13762 90 12448 12540 13354 11878 0 0 
