# Avida tasks data
# Fri Apr 14 08:57:52 2023
# First column gives the current update, next columns give the number
# of organisms that have the particular task as a component of their merit
#  1: Update
#  2: Not
#  3: Nand
#  4: And
#  5: OrNot
#  6: Or
#  7: AndNot
#  8: Nor
#  9: Xor
# 10: Equals

0 0 0 0 0 0 0 0 0 0 
100 0 0 0 0 0 0 0 0 0 
200 0 0 0 0 0 0 0 0 0 
300 0 0 0 0 0 0 0 0 0 
400 0 0 0 0 0 0 0 0 0 
500 0 0 0 0 0 0 0 0 0 
600 1 2 0 0 0 0 0 0 0 
700 9 23 0 0 0 0 0 0 0 
800 74 35 16 3 0 0 0 0 0 
900 240 134 272 159 0 0 0 0 0 
1000 405 827 1108 798 0 94 0 0 0 
1100 372 652 488 928 31 2076 0 0 0 
1200 374 687 291 997 84 2610 0 0 0 
1300 401 713 154 1344 105 3426 0 0 0 
1400 441 2262 822 3034 249 3806 0 0 0 
1500 619 2786 1395 3567 393 3806 0 0 0 
1600 669 3544 1957 4342 449 4112 0 0 0 
1700 698 4923 1165 3221 2727 3075 2245 0 0 
1800 578 5682 903 2866 3608 2698 3170 0 0 
1900 523 6495 640 2533 4505 2315 4157 0 0 
2000 494 7036 504 2368 5005 2094 4772 0 0 
2100 456 7700 351 2070 5757 1767 5669 0 0 
2200 513 8203 253 1849 6245 1534 6276 0 0 
2300 499 8883 181 1681 6835 1296 7019 0 0 
2400 477 9374 144 1473 7266 1049 7533 0 2 
2500 533 9680 107 1420 7607 861 8014 0 0 
2600 568 9865 95 1448 7889 767 8426 0 0 
2700 614 9965 72 1437 8115 616 8804 0 0 
2800 615 9961 72 1436 8115 616 8801 0 0 
2900 610 9965 72 1433 8117 616 8806 0 0 
3000 622 10011 66 1414 8384 580 8964 0 2 
3100 705 10095 52 1562 8626 486 9421 0 2 
3200 1101 9989 55 1950 8894 413 9714 0 0 
3300 1623 9441 32 2562 8956 357 9921 0 0 
3400 2075 9225 32 2792 8975 1121 9916 0 0 
