# Avida tasks data
# Fri Apr 14 07:55:02 2023
# First column gives the current update, next columns give the number
# of organisms that have the particular task as a component of their merit
#  1: Update
#  2: Not
#  3: Nand
#  4: And
#  5: OrNot
#  6: Or
#  7: AndNot
#  8: Nor
#  9: Xor
# 10: Equals

0 0 0 0 0 0 0 0 0 0 
100 0 0 0 0 0 0 0 0 0 
200 0 0 0 0 0 0 0 0 0 
300 0 0 0 0 0 0 0 0 0 
400 0 0 0 0 0 0 0 0 0 
500 0 0 0 0 0 0 0 0 0 
600 0 0 0 0 0 0 0 0 0 
700 8 0 0 0 0 0 0 0 0 
800 65 0 0 0 0 0 0 0 0 
900 257 25 0 15 0 0 0 0 0 
1000 853 114 0 576 3 0 0 0 0 
1100 1908 720 8 2006 386 39 0 0 0 
1200 2583 1273 12 3080 1155 185 0 0 0 
1300 2676 1152 1093 3316 2101 1287 6 0 0 
1400 4004 2584 2475 3936 2904 2499 2 0 0 
1500 4803 3576 3476 4526 3618 3390 6 0 0 
1600 5570 4431 4262 5090 4215 4081 4 0 0 
1700 6264 5277 5078 5766 4798 4780 6 0 2 
1800 6877 5982 5711 6261 5308 5344 13 0 0 
1900 7526 6678 6413 6876 5956 6009 20 0 0 
2000 8127 7304 6987 7442 6504 6526 8 0 0 
2100 8720 7873 7486 7924 6965 6990 12 0 0 
2200 9382 8594 8163 8621 7591 7594 18 0 3 
2300 9940 9037 8552 9090 8065 8015 22 0 8 
2400 10334 9488 8710 9520 8473 8369 34 3 305 
2500 10456 9528 8142 9693 8673 8380 36 11 1023 
2600 10502 9656 7861 9779 8722 8470 36 16 1291 
2700 10617 9809 7674 9920 8874 8648 39 17 1601 
2800 10723 9960 7477 10106 9045 8837 30 14 1945 
2900 10822 9933 7580 10187 9132 8797 458 12 2128 
3000 10864 10018 8092 10252 9163 8773 390 15 2163 
3100 11069 10289 8577 10503 9400 8996 230 21 2423 
3200 11232 10428 8920 10693 9570 9092 201 20 2616 
3300 11365 10540 9202 10846 9706 9215 189 18 2823 
3400 11504 10671 9506 10967 9818 9284 203 28 3007 
3500 11567 10755 9609 11046 9835 9299 245 34 3163 
3600 11628 10817 9814 11134 9949 9373 250 35 3420 
3700 11746 10943 9979 11268 10085 9436 261 39 3624 
3800 11833 11106 10220 11378 10207 9533 303 34 3986 
3900 11850 11029 10210 11448 10239 9475 318 38 4142 
4000 11955 11131 10298 11541 10340 9509 342 48 4430 
4100 11921 11152 10298 11576 10415 9564 418 34 4706 
4200 11994 11192 10366 11669 10495 9652 416 44 5029 
4300 12021 11168 10319 11686 10426 9151 375 32 5334 
4400 12041 11184 10350 11739 10299 8841 352 29 5614 
4500 12118 11247 10406 11810 10229 8633 344 30 5843 
4600 12119 11233 10412 11809 10206 8665 332 33 5964 
4700 12147 11259 10426 11831 10261 8951 303 38 6006 
4800 12174 11242 10421 11814 10265 9051 291 29 6031 
4900 12171 11239 10418 11811 10262 9049 291 29 6029 
5000 12134 11214 10387 11775 10247 9093 287 29 6006 
5100 12130 11211 10383 11773 10242 9089 287 29 6001 
5200 12146 10755 9904 11763 10245 9177 307 28 5997 
5300 12136 10313 9519 11702 10273 9346 345 26 6041 
5400 12150 9952 9093 11691 10330 9438 370 25 6186 
5500 12189 10094 9312 11613 10372 9487 932 25 6412 
5600 12226 10315 9525 11621 10365 9516 1382 26 6664 
5700 12283 10479 9701 11682 10439 9592 1797 27 6884 
5800 12350 10624 9822 11701 10453 9599 2099 29 6995 
5900 12326 10673 9887 11633 10386 9579 2344 25 7066 
6000 12363 10737 9952 11625 10362 9607 2598 29 7164 
6100 12388 10819 10040 11630 10410 9644 2849 31 7288 
6200 12404 10879 10095 11637 10386 9660 3042 29 7372 
6300 12429 10905 10198 11671 10151 9720 3305 28 7490 
6400 12537 11028 10280 11733 9859 9808 3575 28 7663 
6500 12608 11108 10364 11802 9825 9891 3819 28 7816 
6600 12634 11159 10424 11817 10279 9946 3894 32 7886 
6700 12685 11209 10454 11871 10513 9980 3986 30 7918 
6800 12742 11252 10505 11948 10686 10032 4107 34 8020 
