# Avida tasks data
# Fri Apr 14 15:33:46 2023
# First column gives the current update, next columns give the number
# of organisms that have the particular task as a component of their merit
#  1: Update
#  2: Not
#  3: Nand
#  4: And
#  5: OrNot
#  6: Or
#  7: AndNot
#  8: Nor
#  9: Xor
# 10: Equals

0 0 0 0 0 0 0 0 0 0 
100 0 0 0 0 0 0 0 0 0 
200 0 0 0 0 0 0 0 0 0 
300 0 0 0 0 0 0 0 0 0 
400 0 0 0 0 0 0 0 0 0 
500 0 0 0 0 0 0 0 0 0 
600 0 0 0 0 0 0 0 0 0 
700 257 331 0 1 0 0 0 0 0 
800 326 1812 0 14 0 0 0 0 0 
900 330 1821 0 17 0 0 0 0 0 
1000 330 1847 5 15 0 0 0 0 0 
1100 336 1907 3 13 0 0 0 0 0 
1200 333 1941 2 17 0 0 0 0 0 
1300 330 2009 2 23 0 195 0 0 0 
1400 338 2076 1 34 0 113 0 0 0 
1500 336 2489 0 52 0 66 0 0 0 
1600 330 2908 1 42 0 44 0 0 0 
1700 335 3122 2 58 0 29 0 0 0 
1800 342 3303 7 68 0 15 0 0 0 
1900 341 3501 7 70 0 8 0 0 0 
2000 350 3810 2 83 1 3 0 0 0 
2100 330 4016 7 84 0 1 0 0 0 
2200 331 4052 5 91 0 1 0 0 0 
2300 338 4300 5 100 0 0 0 0 0 
2400 348 4672 3 98 0 0 0 0 0 
2500 338 4969 7 92 1 0 0 0 0 
2600 1028 5125 11 94 3 0 0 0 0 
2700 1383 5196 15 106 2 0 0 0 0 
2800 1279 5321 12 99 1 0 0 0 0 
2900 972 5317 7 103 1 0 0 0 0 
3000 760 5578 7 111 1 0 0 0 0 
3100 580 5988 7 125 1 0 0 0 0 
3200 479 6502 7 120 1 0 0 0 0 
3300 427 6866 6 139 1 0 0 0 0 
3400 431 7597 6 178 1 1 0 0 0 
3500 439 8089 6 199 1 1 0 0 0 
3600 422 8555 8 202 1 0 0 0 0 
3700 422 8786 12 214 1 0 0 0 0 
3800 404 8967 7 191 1 0 0 0 0 
3900 400 8950 7 199 1 0 0 0 0 
4000 392 9006 6 198 1 0 0 0 0 
4100 386 9099 6 194 1 2 0 0 0 
4200 401 9166 6 207 2 0 0 0 0 
4300 400 9216 6 218 3 2 0 0 0 
4400 398 9283 6 210 3 1 0 0 0 
4500 393 9392 6 214 4 0 0 0 0 
4600 398 9467 10 223 1 0 0 0 0 
4700 398 9554 9 225 2 0 0 0 0 
4800 397 9621 12 213 1 0 0 0 0 
4900 394 9652 9 209 5 0 0 0 0 
5000 401 9766 8 227 6 0 0 0 0 
5100 395 9824 9 218 1 0 0 0 0 
5200 387 9860 14 215 1 0 0 0 0 
5300 391 9931 11 226 1 0 0 0 0 
5400 385 9982 9 235 1 0 0 0 0 
5500 389 10060 9 236 1 2 0 0 0 
5600 385 10056 6 245 1 2 0 0 0 
5700 388 10088 6 239 1 2 0 0 0 
5800 385 10096 6 236 1 1 0 0 0 
5900 387 10085 8 226 1 1 0 0 0 
6000 382 10090 6 221 1 1 0 0 0 
6100 383 10095 7 232 1 1 0 0 0 
6200 376 10147 5 231 0 1 0 0 0 
6300 369 10164 5 224 0 1 0 0 0 
6400 370 10207 7 219 0 1 0 0 0 
6500 367 10258 7 203 0 1 0 0 0 
6600 371 10302 6 209 0 1 0 0 0 
6700 372 10409 5 222 0 1 0 0 0 
6800 367 10487 9 224 0 1 0 0 0 
6900 381 10587 7 216 2 1 0 0 0 
7000 385 10648 11 227 1 2 0 0 0 
7100 385 10794 6 209 1 3 0 0 0 
7200 369 10840 6 197 1 2 0 0 0 
7300 370 10843 8 200 0 1 0 0 0 
7400 351 10889 6 198 0 1 0 0 0 
7500 363 10995 8 197 0 1 0 0 0 
7600 372 11045 11 231 0 1 0 0 0 
7700 353 11161 9 226 0 1 0 0 0 
7800 344 11212 10 231 0 1 0 0 0 
7900 334 11304 6 211 0 1 0 0 0 
8000 341 11361 6 234 0 1 0 0 0 
8100 319 11366 4 232 0 1 0 0 0 
8200 309 11415 3 231 0 1 0 0 0 
8300 308 11454 3 236 0 1 0 0 0 
8400 296 11548 3 245 0 1 0 0 0 
8500 271 11623 5 233 2 1 0 0 0 
8600 251 11729 7 233 1 1 0 0 0 
8700 235 11757 5 244 0 1 0 0 0 
8800 228 11811 5 232 0 3 0 0 0 
8900 217 11879 4 228 2 1 0 0 0 
9000 205 11919 16 220 0 2 0 0 0 
9100 185 12019 12 219 2 1 0 0 0 
9200 170 11992 7 246 1 1 0 0 0 
9300 159 12064 8 239 1 1 0 0 0 
9400 159 12070 9 252 0 0 0 0 0 
9500 145 12084 8 227 0 0 0 0 0 
9600 130 12209 10 220 0 0 0 0 0 
9700 123 12208 3 229 0 0 0 0 0 
9800 133 12300 13 226 0 1 0 0 0 
9900 132 12271 15 225 0 1 0 0 0 
10000 118 12367 20 206 3 1 0 0 0 
