# Avida tasks data
# Fri Apr 14 08:42:30 2023
# First column gives the current update, next columns give the number
# of organisms that have the particular task as a component of their merit
#  1: Update
#  2: Not
#  3: Nand
#  4: And
#  5: OrNot
#  6: Or
#  7: AndNot
#  8: Nor
#  9: Xor
# 10: Equals

0 0 0 0 0 0 0 0 0 0 
100 0 0 0 0 0 0 0 0 0 
200 0 0 0 0 0 0 0 0 0 
300 0 0 0 0 0 0 0 0 0 
400 0 0 0 0 0 0 0 0 0 
500 0 0 0 0 0 0 0 0 0 
600 0 0 0 0 0 0 0 0 0 
700 0 0 0 0 0 0 0 0 0 
800 0 0 0 0 0 0 0 0 0 
900 8 0 0 0 0 0 0 0 0 
1000 18 0 0 0 0 0 0 0 0 
1100 38 441 2 4 0 664 0 0 0 
1200 736 1888 137 840 46 1864 248 0 0 
1300 1761 3562 106 3338 1564 3305 487 0 0 
1400 3506 5294 107 4892 3304 4923 410 0 0 
1500 4964 6669 92 5739 4719 6237 833 0 0 
1600 5825 7495 90 6701 5458 7034 2787 2 0 
1700 6703 8331 90 7540 6287 7900 4260 0 0 
1800 7445 9104 95 8293 7023 8690 5583 0 0 
1900 8230 9780 108 8867 7612 9292 6715 0 0 
2000 9076 10654 88 9465 8411 10018 7832 0 0 
2100 9901 11210 52 10190 9127 10585 8822 2 0 
2200 10673 11837 41 10611 9734 11144 9542 0 0 
2300 11288 12324 47 11145 10288 11681 10312 0 0 
2400 11836 12660 48 11438 10660 11952 10762 0 0 
2500 12163 12980 83 11815 11113 12272 11137 0 0 
2600 12362 13170 122 11906 11357 12431 11410 0 0 
2700 12487 13355 306 11984 11673 12592 11488 1 0 
2800 12479 13296 604 12114 11810 12573 11692 0 0 
2900 12579 13369 1020 12108 11849 12581 11783 0 0 
3000 12513 13370 1817 12168 11782 12570 11820 0 0 
3100 12566 13359 2718 12275 11870 12586 11904 0 0 
3200 12579 13252 3601 12222 11713 12425 11873 0 2 
3300 12567 13295 4556 12318 11768 12548 12021 0 0 
3400 12639 13402 5611 12468 12014 12650 12094 2 0 
3500 12609 13387 6486 12439 11907 12646 12071 1 0 
3600 12673 13469 7447 12627 12034 12612 12248 0 0 
3700 12587 13411 8170 12629 11967 12624 12220 0 1 
3800 12797 13441 8891 12573 12039 12643 12206 6 2 
3900 12633 13394 9456 12722 11930 12607 12266 3 4 
4000 12607 13377 10024 12676 11952 12651 12275 7 6 
4100 12527 13320 10382 12706 11925 12570 12381 2 0 
4200 12573 13320 10780 12701 11918 12523 12356 1 0 
4300 12575 13390 11272 12790 12092 12627 12399 1 0 
4400 12647 13390 11463 12760 12122 12683 12383 0 1 
4500 12588 13326 11588 12850 12102 12598 12348 0 1 
4600 12587 13356 11665 12816 11972 12512 12444 0 0 
4700 12683 13347 11742 12804 12039 12584 12380 0 0 
4800 12668 13483 11923 12689 12101 12622 12285 0 0 
4900 12635 13378 11925 12768 12074 12620 12360 0 0 
5000 12586 13385 11982 12753 12087 12623 12358 0 0 
5100 12641 13426 11951 12879 12105 12615 12473 0 4 
5200 12719 13438 11926 12810 12086 12656 12380 0 0 
5300 12592 13381 11939 12886 12103 12621 12387 0 0 
5400 12633 13474 12097 12868 12163 12671 12440 0 0 
5500 12699 13392 11961 12850 12036 12628 12396 0 0 
5600 12645 13472 11968 12887 12113 12668 12508 0 0 
5700 12561 13395 11954 12823 12086 12576 12463 0 0 
5800 12588 13433 12049 12896 12172 12654 12422 0 0 
5900 12567 13398 11885 12812 12009 12564 12409 0 0 
6000 12667 13461 12019 12925 12093 12635 12418 0 1 
6100 12605 13396 11930 12868 12019 12514 12466 0 0 
6200 12618 13402 12033 12814 12074 12642 12440 0 0 
6300 12675 13477 12169 12865 12257 12765 12458 0 0 
6400 12649 13466 12027 12890 12128 12674 12526 0 0 
6500 12659 13413 12107 12945 12198 12660 12576 0 1 
6600 12503 13449 12045 12884 12164 12706 12447 0 0 
6700 12532 13389 12076 13012 12160 12645 12614 0 0 
6800 12580 13445 12102 12954 12160 12684 12584 0 0 
6900 12610 13493 12181 13010 12261 12777 12586 2 0 
7000 12595 13506 12100 12905 12246 12680 12479 0 2 
7100 12675 13446 12073 13005 12138 12626 12616 0 0 
7200 12568 13504 12143 12988 12242 12703 12604 1 1 
7300 12593 13486 12197 13010 12282 12731 12563 0 0 
7400 12566 13571 12245 13060 12335 12779 12622 0 0 
7500 12559 13507 12123 13005 12257 12719 12588 0 0 
7600 12621 13409 12154 13071 12232 12719 12736 0 2 
7700 12510 13497 12226 13027 12307 12762 12619 0 0 
7800 12605 13478 12124 13007 12272 12749 12648 0 0 
7900 12601 13548 12216 13034 12353 12774 12688 0 0 
8000 12582 13463 12120 13000 12189 12709 12670 0 0 
8100 12581 13451 12095 13003 12268 12688 12562 0 0 
8200 12654 13531 12163 13035 12297 12715 12611 0 0 
8300 12643 13489 12279 13082 12373 12839 12741 0 0 
8400 12555 13497 12309 12994 12398 12834 12628 0 0 
8500 12618 13545 12286 13052 12453 12883 12671 0 0 
8600 12529 13522 12230 13104 12463 12847 12753 0 0 
8700 12488 13473 12198 12971 12333 12775 12706 0 0 
8800 12694 13553 12255 13050 12396 12800 12723 0 0 
8900 12613 13510 12270 13106 12375 12821 12739 0 0 
9000 12524 13515 12238 13099 12323 12837 12698 0 0 
9100 12671 13563 12261 13078 12368 12778 12745 0 1 
9200 12645 13538 12233 13066 12344 12836 12731 0 2 
9300 12645 13517 12257 13128 12396 12862 12777 0 0 
9400 12587 13437 12268 13108 12359 12790 12774 1 0 
9500 12610 13511 12290 13153 12397 12775 12779 0 2 
9600 12730 13530 12222 13015 12361 12754 12731 0 0 
9700 12692 13554 12338 13075 12513 12889 12700 0 0 
9800 12803 13563 12373 13121 12493 12887 12809 0 0 
9900 12757 13520 12242 13075 12418 12777 12719 0 0 
10000 12664 13529 12324 13203 12404 12857 12857 0 0 
