# Avida tasks data
# Fri Apr 14 15:42:47 2023
# First column gives the current update, next columns give the number
# of organisms that have the particular task as a component of their merit
#  1: Update
#  2: Not
#  3: Nand
#  4: And
#  5: OrNot
#  6: Or
#  7: AndNot
#  8: Nor
#  9: Xor
# 10: Equals

0 0 0 0 0 0 0 0 0 0 
100 0 0 0 0 0 0 0 0 0 
200 0 0 0 0 0 0 0 0 0 
300 0 0 0 0 0 0 0 0 0 
400 0 0 0 0 0 0 0 0 0 
500 0 0 0 0 0 0 0 0 0 
600 0 0 0 0 0 0 0 0 0 
700 551 81 0 0 0 0 0 0 0 
800 2726 417 0 10 0 0 0 0 0 
900 4816 2248 4 40 0 1413 0 0 0 
1000 6377 4102 16 557 2 3228 2 0 0 
1100 8437 6183 19 2404 3 5305 0 0 0 
1200 10221 8203 12 4289 21 7332 0 0 0 
1300 11385 9511 21 5636 22 8642 5 0 0 
1400 11844 10254 18 6821 38 9373 3 0 0 
1500 12147 10777 23 7863 72 9924 5 0 0 
1600 12334 11296 18 8731 258 10339 6 0 0 
1700 12600 11620 17 9716 1721 10628 1 0 0 
1800 12681 11727 23 10229 3511 10742 4 0 0 
1900 12808 12043 24 10699 5165 10991 1 1 0 
2000 12830 12168 32 10825 6399 11074 1 0 0 
2100 12792 12304 47 11175 7415 11109 0 0 0 
2200 12810 12405 118 11492 8157 11110 2 0 0 
2300 12886 12570 265 11746 9051 11301 2 1 0 
2400 12981 12721 427 11980 9826 11479 2 6 0 
2500 12951 12824 645 12221 10573 11532 1 7 0 
2600 13019 12840 929 12470 10963 11547 0 3 0 
2700 13086 12911 1226 12559 11291 11649 0 1 0 
2800 13141 12960 1433 12649 11405 11738 6 3 0 
2900 13116 12972 1684 12604 11434 11682 46 2 0 
3000 13178 12977 2011 12642 11475 11687 78 6 0 
3100 13196 12985 2265 12478 11447 11712 182 8 0 
3200 13121 13022 2605 12482 11549 11840 311 2 0 
3300 13176 12981 2820 12459 11532 11744 498 1 0 
3400 13113 12978 3040 12543 11463 11702 791 1 0 
3500 13252 12980 3231 12487 11481 11734 1199 0 0 
3600 13253 13022 3355 12607 11548 11798 1747 4 0 
3700 13287 12983 3537 12562 11488 11722 2224 6 0 
3800 13286 12913 3600 12535 11497 11807 2810 0 0 
3900 13255 12976 3558 12565 11423 11666 3394 0 0 
4000 13265 13016 3537 12633 11478 11698 4063 2 0 
4100 13186 12980 3501 12693 11575 11839 4623 3 0 
4200 13183 13062 3258 12590 11712 11945 5492 0 0 
4300 13244 13091 3168 12755 11765 11949 6083 0 0 
4400 13108 13082 2787 12658 11691 11912 6749 1 0 
4500 13267 13065 2456 12691 11781 12045 7472 2 0 
4600 13264 13056 2094 12552 11645 11880 8012 3 0 
4700 13236 13002 1692 12593 11639 11859 8596 0 0 
4800 13246 12957 1426 12575 11679 11824 9119 0 0 
4900 13254 13102 1266 12735 11868 12032 9623 1 0 
5000 13265 13127 1098 12666 11977 12176 10099 1 0 
5100 13258 13129 965 12584 11946 12138 10322 0 0 
5200 13273 13065 732 12668 11862 12080 10483 0 0 
5300 13132 13119 662 12606 11917 12084 10592 0 0 
5400 13268 13052 516 12579 11904 12160 10773 0 0 
5500 13219 13142 435 12445 11926 12133 10911 0 0 
5600 13276 13053 345 12530 11879 12078 10945 0 0 
5700 13205 13164 287 12530 11997 12107 11075 0 0 
5800 13290 13158 158 12595 11925 12133 11058 0 0 
5900 13214 13105 168 12559 11933 12145 11000 0 0 
6000 13259 13191 171 12601 12026 12195 11127 0 0 
6100 13261 13101 181 12554 11928 12147 11073 0 0 
6200 13190 13131 230 12562 11886 12176 11126 0 0 
6300 13244 13140 289 12613 11924 12163 11056 0 0 
6400 13231 13159 347 12693 11998 12251 11195 0 0 
6500 13287 13179 440 12546 12032 12242 11171 0 0 
6600 13302 13196 612 12558 11987 12229 11246 2 0 
6700 13250 13236 764 12665 12029 12261 11270 1 0 
6800 13377 13117 939 12515 11963 12144 11065 0 0 
6900 13325 13222 1078 12516 11982 12151 11203 0 0 
7000 13342 13229 1301 12443 11956 12149 11125 0 0 
7100 13307 13249 1616 12505 11982 12213 11190 0 0 
7200 13393 13277 1901 12483 11963 12225 11100 0 0 
7300 13365 13224 2174 12275 11933 12150 11128 0 0 
7400 13402 13261 2490 12353 11927 12125 11133 0 0 
7500 13396 13277 2819 12416 11938 12135 11102 1 0 
7600 13363 13199 3135 12243 11735 12006 10918 4 0 
7700 13434 13290 3508 12178 11971 12174 11143 2 0 
7800 13497 13301 3898 12205 11966 12195 11092 1 0 
7900 13398 13295 4165 12243 11894 12129 11136 4 2 
8000 13412 13350 4538 12149 11998 12215 11172 1 0 
8100 13409 13344 4789 12114 12000 12193 11118 4 91 
8200 13445 13423 5835 12400 12029 12263 10015 1 1304 
8300 13477 13387 6300 12407 11988 12242 9499 3 1810 
8400 13473 13293 7801 12401 11954 11127 7519 5 3716 
8500 13606 13241 8702 12531 11935 8889 6214 4 5094 
8600 13624 13196 9408 12580 11925 7125 5039 4 6310 
8700 13649 13180 10007 12655 11968 5589 4030 4 7416 
8800 13738 13154 10707 12718 11940 3985 2908 1 8499 
8900 13708 12999 11176 12763 11913 2709 1967 0 9443 
9000 13713 12984 11255 12793 11886 1697 1219 0 10149 
9100 13747 12987 11328 12848 11892 1137 786 0 10666 
9200 13750 12930 11345 12894 11865 742 467 0 10947 
9300 13746 13036 11494 12956 11976 453 215 1 11301 
9400 13765 12982 11443 12923 11912 346 154 2 11344 
9500 13764 12981 11442 12922 11911 346 154 2 11343 
9600 13764 12981 11442 12922 11911 346 154 2 11343 
9700 13764 12981 11442 12922 11911 346 154 2 11343 
9800 13764 12981 11442 12922 11911 346 154 2 11343 
9900 13764 12981 11442 12922 11911 346 154 2 11343 
10000 13764 12981 11442 12922 11911 346 154 2 11343 
