# Avida tasks data
# Fri Apr 14 15:15:07 2023
# First column gives the current update, next columns give the number
# of organisms that have the particular task as a component of their merit
#  1: Update
#  2: Not
#  3: Nand
#  4: And
#  5: OrNot
#  6: Or
#  7: AndNot
#  8: Nor
#  9: Xor
# 10: Equals

0 0 0 0 0 0 0 0 0 0 
100 0 0 0 0 0 0 0 0 0 
200 0 0 0 0 0 0 0 0 0 
300 0 0 0 0 0 0 0 0 0 
400 0 0 0 0 0 0 0 0 0 
500 0 0 0 0 0 0 0 0 0 
600 178 0 0 0 0 0 0 0 0 
700 1369 331 0 2 0 0 0 0 0 
800 1973 1364 0 1064 1042 0 0 0 0 
900 2967 2521 1 2373 2313 0 0 0 0 
1000 3990 3707 1 3635 3555 0 0 0 0 
1100 5045 4826 2 4833 4662 0 0 0 0 
1200 6248 6086 7 6100 5919 1 0 0 0 
1300 7414 7282 2 7357 7113 0 0 0 0 
1400 8654 8521 5 8640 8384 0 0 0 0 
1500 9890 9804 0 9881 9597 0 0 0 0 
1600 10935 10894 1 10969 10679 0 0 0 0 
1700 11783 11754 0 11819 11468 1 0 0 0 
1800 12409 12379 0 12461 12179 0 0 0 0 
1900 12678 12646 468 12735 12402 1099 1075 8 0 
2000 12723 12665 937 12749 12421 2528 1846 3 1023 
2100 12718 12666 540 12747 12418 2684 3167 4 2358 
2200 12733 12665 467 12735 12404 1570 3928 12 3319 
2300 12780 12678 368 12774 12435 1198 3967 1089 4651 
2400 12991 12872 290 12984 12620 1042 3171 2725 5605 
2500 13155 13001 224 13132 12759 876 2629 4009 6391 
2600 13421 13283 184 13378 13006 786 2237 5196 7180 
2700 13560 13389 173 13514 13149 684 1887 6242 7922 
2800 13622 13477 189 13577 13210 698 1851 7117 8764 
2900 13633 13445 207 13567 13172 723 1859 8158 9817 
3000 13649 13445 216 13570 13150 722 1721 8823 10362 
3100 13638 13412 220 13557 13135 718 1524 9397 10768 
3200 13636 13396 201 13551 13125 713 1369 9960 11186 
3300 13676 13433 184 13579 13157 613 1126 10404 11495 
3400 13665 13399 202 13559 13081 530 912 10692 11697 
3500 13671 13464 214 13569 13189 492 594 11233 11904 
3600 13682 13451 219 13613 13168 518 585 11274 11894 
3700 13658 13417 265 13545 13086 504 530 11252 11831 
3800 13719 13455 248 13625 13142 514 487 11452 11958 
3900 13670 13413 292 13569 13101 469 412 11498 11986 
4000 13630 13338 340 13531 13037 475 416 11517 11989 
4100 13613 13337 339 13527 13033 495 440 11493 12008 
4200 13621 13368 378 13528 13014 479 402 11648 12108 
4300 13617 13344 320 13540 13046 478 381 11809 12212 
4400 13670 13392 290 13569 13098 456 372 11893 12334 
4500 13637 13367 348 13565 13051 442 357 11843 12281 
4600 13718 13424 356 13598 13124 383 330 11966 12394 
4700 13666 13398 379 13553 13079 335 310 12019 12427 
4800 13687 13417 353 13596 13118 283 273 12130 12495 
4900 13655 13368 397 13565 13071 248 218 12048 12495 
5000 13633 13332 364 13535 13025 212 206 12093 12495 
5100 13658 13400 372 13569 13105 256 206 12123 12530 
5200 13646 13387 339 13544 13067 191 180 12200 12603 
5300 13655 13411 357 13589 13077 188 194 12151 12540 
5400 13655 13407 373 13584 13165 201 212 12147 12574 
5500 13703 13439 378 13603 13137 209 207 12156 12554 
5600 13600 13339 395 13493 12960 199 174 12017 12448 
5700 13631 13359 414 13538 13042 236 184 12100 12507 
5800 13685 13419 341 13596 13103 214 197 12152 12547 
5900 13694 13472 354 13598 13176 193 192 12230 12639 
6000 13664 13409 362 13563 13099 217 189 12123 12577 
6100 13649 13364 390 13588 13046 221 198 12071 12471 
6200 13674 13427 387 13589 13100 227 220 12140 12524 
6300 13700 13411 348 13592 13099 208 212 12144 12560 
6400 13662 13410 342 13582 13083 175 259 12210 12613 
6500 13636 13358 409 13554 13055 200 817 12154 12491 
6600 13650 13375 399 13574 13110 199 1855 12240 12561 
6700 13637 13355 419 13565 13086 224 2680 12262 12567 
6800 13629 13363 423 13566 13099 227 3355 12293 12594 
6900 13623 13371 390 13564 13132 236 3959 12353 12635 
7000 13619 13370 449 13537 13098 229 4462 12310 12594 
7100 13583 13334 436 13512 13109 231 5054 12328 12627 
7200 13575 13323 490 13510 13077 253 5534 12285 12598 
7300 13591 13344 477 13520 13125 237 6079 12350 12675 
7400 13572 13361 470 13497 13105 211 6575 12375 12667 
7500 13617 13366 493 13545 13122 230 7036 12376 12700 
7600 13626 13395 521 13566 13181 242 7546 12446 12766 
7700 13629 13389 481 13554 13171 213 7897 12447 12759 
7800 13570 13334 535 13491 13103 238 8232 12365 12659 
7900 13568 13349 533 13486 13146 224 8693 12441 12746 
8000 13611 13433 525 13548 13213 269 9168 12495 12820 
8100 13623 13430 534 13562 13213 445 9530 12547 12873 
8200 13622 13397 548 13561 13202 617 9760 12513 12834 
8300 13600 13358 590 13528 13181 910 10102 12448 12776 
8400 13520 13298 591 13440 13076 1273 10292 12370 12722 
8500 13547 13347 595 13492 13125 1550 10523 12457 12778 
8600 13615 13389 593 13531 13164 1823 10709 12516 12819 
8700 13560 13357 567 13494 13144 2146 10891 12470 12798 
8800 13517 13309 560 13465 13100 2495 10950 12383 12718 
8900 13545 13372 608 13495 13164 2856 11123 12499 12801 
9000 13604 13399 611 13540 13152 3137 11245 12527 12820 
9100 13530 13319 621 13439 13054 3429 11250 12396 12705 
9200 13563 13364 613 13470 13095 3801 11344 12460 12783 
9300 13590 13334 650 13492 13089 4052 11341 12399 12742 
9400 13546 13331 645 13472 13077 4413 11378 12348 12699 
9500 13602 13389 624 13521 13179 4784 11540 12465 12807 
9600 13555 13347 639 13489 13129 5173 11617 12474 12782 
9700 13528 13317 650 13463 13119 5325 11627 12434 12738 
9800 13531 13318 633 13467 13122 5348 11625 12441 12737 
9900 13526 13286 627 13455 13101 5415 11609 12439 12717 
10000 13532 13302 649 13460 13100 5681 11592 12445 12723 
