# Avida tasks data
# Fri Apr 14 13:16:20 2023
# First column gives the current update, next columns give the number
# of organisms that have the particular task as a component of their merit
#  1: Update
#  2: Not
#  3: Nand
#  4: And
#  5: OrNot
#  6: Or
#  7: AndNot
#  8: Nor
#  9: Xor
# 10: Equals

0 0 0 0 0 0 0 0 0 0 
100 0 0 0 0 0 0 0 0 0 
200 0 0 0 0 0 0 0 0 0 
300 0 0 0 0 0 0 0 0 0 
400 0 0 0 0 0 0 0 0 0 
500 0 0 0 0 0 0 0 0 0 
600 7 0 0 0 0 0 0 0 0 
700 112 6 0 0 0 0 0 0 0 
800 279 202 5 449 0 0 0 0 0 
900 2408 3914 5 4180 15 9 0 0 0 
1000 3123 4831 8 5171 40 8 0 0 0 
1100 3100 4872 8 5210 42 8 0 0 0 
1200 3100 4873 8 5211 42 8 0 0 0 
1300 3100 4873 8 5211 42 8 0 0 0 
1400 3100 4873 8 5211 42 8 0 0 0 
1500 3102 4873 8 5209 42 8 0 0 0 
1600 3102 4873 8 5209 42 8 0 0 0 
1700 3102 4873 8 5209 42 8 0 0 0 
1800 3102 4873 8 5209 42 8 0 0 0 
1900 3102 4874 8 5210 42 8 0 0 0 
2000 3105 4871 8 5210 46 8 0 0 0 
2100 3105 4871 8 5210 46 8 0 0 0 
2200 3105 4872 8 5211 46 8 0 0 0 
2300 3105 4869 8 5208 46 8 0 0 0 
2400 3105 4869 8 5208 46 8 0 0 0 
2500 3105 4870 8 5209 46 8 0 0 0 
2600 3105 4870 8 5209 46 8 0 0 0 
2700 3105 4870 8 5209 46 8 0 0 0 
2800 3105 4870 8 5209 46 8 0 0 0 
2900 3105 4870 8 5209 46 8 0 0 0 
3000 3105 4870 8 5209 46 8 0 0 0 
3100 3105 4870 8 5209 46 8 0 0 0 
3200 3105 4870 8 5209 46 8 0 0 0 
3300 3105 4870 8 5209 46 8 0 0 0 
3400 3105 4870 8 5209 46 8 0 0 0 
3500 3105 4870 8 5209 46 8 0 0 0 
3600 3105 4870 8 5209 46 8 0 0 0 
3700 3105 4870 8 5209 46 8 0 0 0 
3800 3105 4870 8 5209 46 8 0 0 0 
3900 3105 4868 8 5207 46 8 0 0 0 
4000 3105 4868 8 5207 46 8 0 0 0 
4100 3104 4869 8 5207 46 8 0 0 0 
